   3.8452588e-02
   2.8940655e-02
   5.9983335e-02
   1.5817013e-02
   5.8603231e-02
   3.7566736e-02
   3.2828592e-02
   1.0936970e-01
   1.3759348e-01
   7.7678785e-02
   3.0803777e-02
   1.1267396e-02
   1.2051134e-02
   1.9330228e-02
   5.9551053e-02
   6.0729347e-02
   7.2332583e-02
   7.5027831e-02
   7.8198500e-02
   7.7317066e-02
   8.8617548e-02
   8.1855863e-02
   6.9220826e-02
   6.0941044e-02
   1.0326677e-01
   1.0079475e-01
   6.8808287e-02
   8.9691840e-02
   6.4500600e-02
   1.2190191e-01
   1.8856506e-01
   1.5011343e-01
   7.0213638e-02
   6.6536635e-02
   5.8158197e-02
   4.0594570e-02
   7.3566645e-02
   9.2059553e-02
   8.5202642e-02
   7.8814976e-02
   8.5858993e-02
   1.0221559e-01
   7.2110370e-02
   7.6721437e-02
   3.9838929e-02
   1.1779618e-01
   1.2238717e-01
   2.9839784e-02
   7.8981951e-02
   1.1728417e-01
   6.5735452e-02
   4.9665280e-02
   1.2565706e-02
   6.0830038e-02
   7.1901895e-02
   3.8814817e-02
   5.8814425e-02
   5.0129097e-02
   4.4932719e-02
   7.4298576e-02
   4.1335367e-02
   7.1143754e-02
   1.5145980e-02
   2.5418140e-03
   3.7945777e-02
   5.9783317e-02
   4.8347697e-02
   7.5169601e-02
   8.3633356e-02
   7.6096579e-02
   1.7614016e-01
   9.6120857e-02
   1.1735287e-01
   7.0235841e-02
   4.4047877e-02
   5.6581918e-02
   9.3428433e-02
   9.2740715e-02
   6.3294396e-02
   5.6887813e-02
   3.9401174e-02
   5.6557655e-02
   9.8581284e-02
   1.1433173e-01
   1.2598474e-01
   5.6810409e-02
   9.3885660e-02
   5.7354726e-02
   8.2012676e-02
   5.2245826e-02
   5.3826191e-02
   5.5907369e-03
   1.3646936e-02
   5.8802385e-02
   7.3518440e-02
   1.1028498e-01
   7.3417805e-02
   6.6183053e-02
   6.2063176e-02
   4.8046898e-02
   5.4866135e-02
   9.9432088e-02
   6.9531895e-02
   6.4951174e-02
   6.1629910e-02
   6.8288840e-02
   1.1792865e-01
   1.2538420e-01
   1.0340360e-01
   1.5423930e-01
   7.4955173e-02
   7.4085727e-02
   8.7889217e-02
   9.3775921e-02
   1.4387286e-01
   9.5944144e-02
   1.1720702e-01
   9.2787154e-02
   7.1504757e-02
   1.2904477e-01
   1.0248525e-01
   4.5845274e-02
   2.0007381e-02
   2.1150419e-02
   1.9472282e-02
   7.1955472e-02
   1.0038498e-01
   8.5898280e-02
   9.2766747e-02
   6.1072547e-02
   5.9000932e-02
   5.0326187e-02
   4.7204278e-02
   6.1281145e-02
   5.1660433e-02
   3.5902079e-02
   5.7687670e-02
   6.3937113e-02
   3.1111693e-02
   3.4215082e-03
   3.5152480e-02
   5.2782640e-02
   3.9621703e-02
   2.3263812e-02
   6.5479100e-02
   1.0311445e-01
   3.7299186e-02
   4.5052156e-02
   9.8968960e-02
   6.1685439e-02
   8.3477609e-02
   7.7744842e-02
   5.1225085e-02
   2.2652378e-02
   2.3154682e-02
   4.7844656e-02
   1.0852010e-01
   9.5116235e-02
   3.9692890e-02
   3.3227842e-02
   7.8316294e-02
   8.3454587e-02
   6.6399015e-02
   2.3668526e-02
   7.8326941e-02
   8.6077169e-02
   6.0970567e-02
   1.0345677e-01
   6.5186024e-02
   9.2476204e-02
   5.2117504e-02
   7.8346387e-02
   1.1075636e-01
   1.3038819e-01
   8.6329460e-02
   3.8585305e-02
   4.1689925e-02
   4.2668927e-02
   6.6092089e-02
   5.5519592e-02
   7.0168406e-02
   6.6940069e-02
   7.6790318e-02
   8.4224634e-02
   5.2807048e-02
   9.3562789e-02
   6.0572378e-02
   4.6462454e-02
   7.7348448e-02
   8.6868249e-02
   5.7326429e-02
  -5.1067502e-04
   2.5175050e-02
   4.1753057e-02
   5.0660573e-02
   5.8006570e-02
   4.7228832e-02
   4.8856050e-02
   2.7358556e-02
   5.1079880e-02
   1.9325044e-02
   2.5810137e-02
   2.9120747e-02
   4.7066364e-02
   2.5905725e-02
   4.0516511e-02
   3.9973516e-02
   5.8725052e-02
   8.9907989e-02
   8.3510861e-02
   5.5331312e-02
   5.3970143e-02
   2.8825229e-02
   9.9050507e-02
   7.0939347e-02
   2.1198684e-02
   4.0621713e-02
   1.1629693e-02
   1.5215342e-03
   3.4387600e-02
   5.3810447e-02
   3.7881091e-02
   6.9722213e-02
   1.2268971e-01
   2.1504104e-02
   3.6363262e-03
   7.9167761e-02
   8.9629374e-02
   1.0765010e-01
   9.0447612e-02
   9.0494432e-02
   7.4089430e-02
   5.2807231e-02
   5.5902679e-02
   7.2277330e-02
   1.2436910e-01
   1.8899086e-01
   1.0497420e-01
   3.9022341e-02
   3.9047830e-02
   8.4004417e-02
   1.7007288e-01
   2.0217034e-01
   1.6022947e-01
   8.9760251e-02
   1.0885812e-01
   1.0929020e-01
   9.7190365e-02
   6.1468974e-02
   8.1139550e-02
   1.2202104e-01
   7.8921810e-02
   9.5670596e-02
   5.9581321e-02
   9.0404995e-02
   6.2797546e-02
   1.0506526e-02
   7.1155630e-02
   6.5929316e-02
   7.3516816e-02
   6.0719691e-02
   3.8485393e-02
   4.5354649e-02
   7.1621485e-02
   6.7158714e-02
   4.8853204e-02
   9.5973924e-02
   1.0407528e-01
   7.1101561e-02
   6.2085930e-02
   7.0986889e-02
   5.2877627e-02
   8.1626393e-02
   2.3292290e-02
   9.1363475e-02
   7.1230009e-02
   4.8480857e-02
   7.0250548e-02
   1.9487472e-02
   1.8351834e-02
   3.4388211e-02
   4.4482086e-02
   1.1429379e-01
   6.9028087e-02
   5.7272106e-02
   5.2813932e-02
   5.8197748e-02
   5.3753670e-02
   9.9168137e-02
   2.4341770e-02
   1.9526854e-02
   5.3597540e-02
   6.5331943e-02
   5.0224844e-02
   9.5677547e-02
   5.5170953e-02
   1.0302886e-01
   1.0581425e-01
   7.2443247e-02
   4.2891312e-02
   2.3459515e-01
   4.2447725e-01
   2.6411793e-01
   9.1887273e-02
   3.2455400e-02
   1.0491624e-01
   1.1372713e-01
   1.0962575e-01
   9.2268072e-02
   9.4661944e-02
   6.8337508e-02
   9.7484320e-02
   1.4429399e-01
   6.7947976e-02
   6.6414051e-02
   4.6513569e-02
   6.3116521e-02
   6.7032240e-02
   4.8009202e-02
   8.1600763e-02
   5.6213945e-02
   6.0975216e-02
   2.7360640e-02
   9.3561914e-03
   9.8703764e-03
   8.5041054e-02
   9.1200985e-02
   8.1195027e-02
   1.1161012e-01
   9.4290160e-02
   4.1748006e-02
   7.1584955e-03
   1.4502924e-02
   3.7094425e-02
   7.8298822e-02
   1.0183000e-01
   6.0546689e-02
   1.0840171e-01
   9.4025731e-02
   6.5660246e-02
   9.4274744e-02
   6.1293054e-02
   3.6688134e-02
   7.0653036e-02
   7.1112536e-02
   9.2493214e-02
   8.5636042e-02
   5.3516053e-02
   5.1033210e-02
   9.2441216e-02
   6.1732136e-02
   3.5544369e-02
   7.9006925e-02
   8.7530203e-02
   8.7491512e-02
   6.9977917e-02
   5.8052331e-02
   7.9973251e-02
   1.3203277e-01
   1.2286016e-01
   8.7821439e-02
   5.9370935e-02
   8.0664024e-02
   6.4328037e-02
   1.3745007e-01
   8.9366004e-02
   5.2259069e-02
   6.5838277e-02
   4.9403671e-02
   7.1198620e-02
   6.3148379e-02
   8.1996001e-02
   1.1758318e-01
   6.7158438e-02
   7.1830049e-02
   8.2841970e-02
   8.1871971e-02
   1.1038744e-01
   9.6289098e-02
   5.6245729e-02
   7.2267398e-02
   7.5947247e-02
   5.2168131e-02
   1.7381396e-02
   2.1637166e-02
   3.2204952e-02
   3.5104543e-02
   3.9766490e-02
  -6.7552780e-03
  -5.2447891e-04
   3.8170673e-02
   7.3696360e-02
   1.5431651e-01
   1.3338324e-01
   6.1483081e-02
   4.5843195e-02
   4.0895503e-02
   1.0206740e-01
   1.1096612e-01
   1.0560858e-01
   1.2639852e-01
   7.6163329e-02
   7.7326536e-02
   9.1338962e-02
   9.8196365e-02
   9.7769871e-02
   7.6604113e-02
   6.9891848e-02
   1.0734136e-01
   8.3424367e-02
   3.6811840e-02
   4.9018383e-02
   8.7367415e-02
   4.8057605e-02
   8.5280791e-02
   1.0680343e-01
   1.0252199e-01
   6.9509581e-02
   9.2894040e-02
   1.5740958e-01
   8.9402653e-02
   7.3263295e-02
   7.4057825e-02
   9.3668431e-02
   1.1558487e-01
   7.4628443e-02
   5.2771024e-02
   9.0977319e-02
   4.9264409e-02
   2.1137407e-02
   8.8285677e-02
   6.6651285e-02
   6.7288242e-02
   9.4769299e-02
   7.0713438e-02
   3.0660618e-02
   2.9400758e-02
   5.3299293e-02
   4.7629468e-02
   5.4549079e-02
   7.0715047e-02
   1.0134011e-01
   7.2487049e-02
   9.0025235e-03
   5.5579141e-02
   2.3564640e-02
   6.4111888e-02
   5.0631221e-02
   4.3186568e-02
   2.3797279e-02
   1.0877006e-01
   5.8884028e-02
   6.0360275e-02
   5.6161799e-02
   1.9700088e-02
   8.0836281e-02
   1.2494836e-01
   8.5250385e-02
   6.7279018e-02
   5.0028350e-02
   9.5601648e-02
   1.0259070e-01
   1.2402763e-01
   1.3373606e-01
   6.4303301e-02
   6.1279394e-02
   7.4428283e-02
   6.4431079e-02
   2.2917911e-02
   4.0481292e-02
   5.7459835e-02
   4.7278471e-02
   7.0348755e-02
   9.0825036e-02
   2.2389311e-02
   7.6730639e-02
   7.4482724e-02
   3.5491582e-02
   5.2351575e-02
   1.8651232e-02
   4.6415366e-02
   2.8217470e-02
   6.9962636e-02
   1.2160289e-01
   6.1089545e-02
   8.2452968e-02
   1.1562735e-01
   8.9120865e-02
   5.3205572e-02
   5.2083634e-02
   8.1676193e-02
   6.9391966e-02
   6.0054395e-02
   4.1419569e-02
   7.4649043e-02
   1.4138038e-01
   9.9539503e-02
   6.1289310e-02
   7.7231139e-02
   1.0648160e-01
   2.7850876e-02
   6.4420231e-02
   9.0464458e-02
   9.0130687e-02
   9.6763991e-02
   8.5129075e-02
   9.7075090e-02
   5.5395648e-02
   5.5407915e-02
   6.2328164e-02
   8.6247683e-02
   5.8891438e-02
   2.0217832e-02
   5.4973111e-02
   6.1478131e-02
   9.6867539e-02
   4.8806597e-02
   1.2077003e-01
   7.5429857e-02
   2.5113501e-02
   3.5938598e-02
   7.3654734e-02
   9.0501718e-02
   5.8219928e-02
   5.1296763e-02
   3.8262554e-02
   5.6991920e-02
   5.4177210e-02
   6.4011425e-02
   5.1189162e-02
   3.8256906e-02
   5.7523888e-02
   8.4573410e-02
   8.5117556e-02
   5.2779511e-02
   7.2644457e-02
   8.9587711e-02
   1.6977079e-01
   1.6541459e-01
   1.1919222e-01
   4.4720888e-02
   1.0436625e-01
   1.1731919e-01
   1.0232936e-01
   6.5873064e-02
   8.0307052e-02
   5.3107977e-02
   7.7738643e-02
   6.5809920e-02
   7.3844336e-02
   1.1577614e-01
   2.2429930e-02
   2.1278154e-02
   6.1759513e-02
   8.9791328e-02
   9.8291196e-02
   9.8072208e-02
   9.7542480e-02
   1.0659190e-01
   3.8108543e-02
   4.5211788e-02
   1.9232106e-01
   1.0967302e-01
   3.1539716e-02
  -3.2680905e-03
   1.4941292e-02
   3.1978648e-02
   1.1739143e-01
   1.2256083e-01
   1.0922554e-01
   1.1399010e-01
   9.6172452e-02
   7.9212777e-02
   1.2741943e-01
   1.0254911e-01
   6.2243301e-02
   6.2231138e-02
   1.0071509e-01
   8.2023606e-02
   4.0854596e-02
   8.3543155e-03
  -1.2346451e-02
   6.0764395e-02
   7.8126945e-02
   4.3073498e-02
   6.1261665e-02
   6.2374976e-02
   6.7467764e-02
   1.8768400e-01
   1.4419311e-01
   7.0946693e-02
   2.5303008e-02
   4.7777224e-02
   4.7558323e-02
   1.0104725e-01
   1.8097629e-01
   5.3534365e-01
   5.7080913e-01
   2.7356967e-01
   1.3018611e-01
   1.2628153e-01
   1.4264141e+00
   5.1334901e+00
   4.7996616e+00
   1.8902897e+00
   5.1051390e-01
   1.3426042e-01
   1.9010578e-01
   3.0449855e-01
   8.2838672e-01
   9.4725865e-01
   4.9224380e-01
   2.2622964e-01
   1.8815231e-01
   1.9171236e-01
   2.0683263e-01
   2.7579525e-01
   2.4047329e-01
   2.1487474e-01
   1.5339047e-01
   1.1384895e-01
   1.5354535e-01
   1.3860406e-01
   1.9380668e-01
   2.1102284e-01
   2.6114044e-01
   1.8072401e-01
   9.9248953e-02
   8.5200816e-02
   1.4226341e-01
   1.1143720e-01
   9.8999582e-02
   6.9658242e-02
   8.8007189e-02
   1.3817279e-01
   1.4737760e-01
   5.9058145e-02
   7.7407710e-02
   1.7920374e-04
   1.8696479e-02
   6.1944161e-02
   7.8890808e-02
   7.1148537e-02
   1.0590227e-01
   5.9390329e-02
   4.3763872e-02
   8.1047691e-02
   1.7474850e-01
   2.6839033e-01
   1.6781397e-01
   1.7781724e-01
   9.4793826e-02
   2.3287809e-01
   3.5434833e-01
   1.8915527e-01
   1.1169326e-01
   2.3833090e-01
   2.9037398e-01
   1.6151081e-01
   1.4240725e-01
   2.1291965e-01
   2.1406209e-01
   8.9827299e-01
   1.1614174e+00
   5.6079650e-01
   1.7660633e-01
   6.7144811e-02
   9.8457895e-02
   1.2125878e-01
   1.4562862e-01
   1.8520159e-01
   1.5815721e-01
   4.3217339e-02
   8.3844420e-03
   9.1274701e-02
   6.2469825e-02
   6.9695495e-02
   5.5180129e-02
   5.9146237e-02
   8.8320971e-02
   1.2466255e-01
   3.4972131e-02
   7.8576274e-02
   1.0406184e-01
   7.4398942e-02
   1.5755147e-01
   1.3197735e-01
   8.4944703e-02
   7.9282947e-02
   9.1545343e-02
   6.7789920e-02
   8.0851726e-02
   7.6874867e-02
   1.3061787e-02
   3.4398701e-02
   3.8579006e-02
   2.0881431e-02
   8.4881835e-02
   5.5065844e-02
   1.1235033e-02
   5.3105704e-02
   7.9590626e-02
   1.0358162e-01
   8.3460763e-02
   4.6697259e-02
   1.0061599e-01
   7.5544454e-02
   1.3729665e-01
   1.9291519e-01
   1.2191828e-01
   8.6746037e-02
   8.9732535e-02
   1.1993627e-01
   1.2787420e-01
   8.6229526e-02
   4.5162313e-02
   3.4912759e-01
   3.7450647e-01
   1.9456919e-01
   8.6276345e-02
   2.3889531e-01
   1.1056795e+00
   1.6153916e+00
   9.8127729e-01
   3.4097952e-01
   2.4319176e-01
   1.7788029e-01
   1.3694762e-01
   1.9999312e-01
   2.4327213e-01
   1.7576440e-01
   8.7123558e-02
   5.1197369e-02
   7.0627995e-02
   5.3606123e-02
   8.3486483e-02
   8.4581204e-02
   6.6032290e-02
   9.0568163e-02
   5.7445548e-02
   3.9475046e-02
   1.1874105e-02
   3.8460858e-02
   8.4557988e-02
   8.3296299e-02
   5.3966582e-02
   6.7450650e-02
   8.1713900e-02
   1.3905723e-01
   1.0597216e-01
   7.9377525e-02
   5.9179567e-02
   1.0371526e-01
   7.5781070e-02
   6.9983929e-02
   2.7947301e-02
   1.3508724e-02
   3.2460064e-02
   1.5251791e-02
   8.1199229e-02
   6.8052359e-02
   1.1075058e-01
   6.3967444e-02
   1.7816087e-02
   4.8168924e-02
   1.3001117e-01
   1.4763299e-01
   1.4345880e-01
   1.0969398e-01
   9.6233174e-02
   9.9774234e-02
   1.7091794e-01
   1.6159213e-01
   9.9038556e-02
   1.1916071e-01
   2.2650248e-01
   1.8215640e-01
   1.4807490e-01
   1.2558576e-01
   6.3000791e-02
   2.4612568e-01
   3.4934720e-01
   1.6871899e-01
   1.8710276e-02
   2.9529141e-02
   9.4597355e-02
   8.5582674e-02
   9.6569411e-02
   9.8643452e-02
   9.1938533e-02
   8.5537419e-02
   7.9988725e-02
   9.3185961e-02
   4.6778698e-02
   3.5229541e-02
   1.0360797e-01
   1.0670031e-01
   5.6672577e-02
   2.7240233e-02
  -1.9371392e-02
   2.8309802e-02
   1.0763991e-01
   5.9641022e-02
   6.9667615e-02
   5.7672676e-02
   8.7959468e-02
   7.9628885e-02
   7.2970837e-02
   4.3641578e-02
   4.5721013e-02
   3.6943950e-02
   7.1376622e-02
   7.3290072e-02
   8.8815600e-02
   9.3876667e-02
   1.0280588e-01
   1.2462086e-01
   5.7618845e-02
   1.0746022e-02
   2.5480097e-02
   6.1186347e-02
   4.2175155e-02
   1.1210252e-01
   8.7906741e-02
   6.6910550e-02
   1.2755269e-01
   1.3486680e-01
   8.0782935e-02
   9.3934663e-02
   4.9369421e-02
   2.6616300e-02
   3.4693390e-02
   4.3322004e-02
   8.2627274e-02
   1.1698474e-01
   7.0269853e-02
   5.4975025e-02
   1.9888632e-02
   1.2765855e-01
   1.9647658e-01
   1.4999966e-01
   1.1426108e-01
   6.1188318e-02
   9.2302784e-02
   1.1854571e-01
   7.8805298e-02
   8.2366221e-02
   3.8416818e-02
   8.0612577e-02
   1.0042571e-01
   7.7658646e-02
   4.0738389e-02
   5.3790212e-02
   3.9355237e-02
   7.8579612e-02
   9.7155720e-02
   1.0718358e-01
   7.1238644e-02
   1.6317572e-01
   7.0675075e-02
   1.1168376e-01
   3.9974749e-02
   1.7272705e-01
   5.8333236e-01
   5.4854023e-01
   2.0955758e-01
   8.4704459e-02
   9.2441961e-02
   2.5125852e-01
   2.5353318e-01
   2.2149618e-01
   1.8943208e-01
   2.0716122e-01
   1.7003047e-01
   1.6092812e-01
   1.0102511e-01
   6.0689703e-02
   9.2640772e-02
   1.0644186e-01
   3.2039821e-02
   5.6796633e-02
   4.9520206e-02
   3.7596516e-02
   7.1605118e-03
   5.7893701e-02
   5.3752460e-02
   7.3244004e-03
   2.6431167e-02
   3.6887296e-02
   4.8217285e-02
   9.0655789e-02
   6.4809717e-02
   5.5359654e-02
   7.6029591e-02
   3.6381491e-02
   1.6792266e-02
   3.9728899e-02
   5.9266452e-02
   1.5626378e-01
   5.0588917e-02
   2.8515818e-02
   5.1181536e-02
   4.7136482e-02
   2.7812898e-02
   4.5010429e-02
   3.6202606e-02
   7.3212735e-02
   1.0997141e-01
   7.5099081e-02
   7.1545698e-02
   7.6005705e-02
   4.1001216e-02
   6.7328140e-02
   8.0825917e-02
   4.6302453e-02
   3.2860417e-02
   4.6252780e-02
   8.0601737e-02
   8.1078619e-02
   8.4854797e-02
   1.8895717e-01
   1.5025140e-01
   9.9748068e-02
   2.2407470e-02
   2.7200475e-02
   1.2385853e-01
   1.1172224e-01
   1.1882463e-01
   7.2047800e-02
  -2.6324296e-02
   3.1733461e-02
   1.1865975e-01
   1.7141570e-01
   8.2928628e-02
   1.2507179e-01
   1.1614027e-01
   4.1212834e-02
   1.0355230e-01
   9.9637337e-02
   1.0880069e-01
   1.3378879e-01
   8.0082625e-02
   1.1628709e-01
   2.0740116e-01
   2.6471344e-01
   8.8641256e-02
   1.0825208e-01
   9.4872326e-02
   1.7279147e-01
   2.7760747e-01
   3.2670671e-01
   1.6002946e-01
   1.1928038e-01
   2.2624242e-01
   2.3007782e-01
   6.9015563e-02
   5.8612484e-02
   2.9038379e-01
   5.5391806e-01
   2.7424249e-01
   3.5438336e-02
   8.6089060e-02
   1.3173870e+00
   2.8758137e+00
   2.2373464e+00
   7.6968855e-01
   2.7992573e-01
   1.4032555e+00
   2.2807012e+00
   1.7333344e+00
   1.0052935e+00
   6.1747044e-01
   7.1421701e-01
   7.0958626e-01
   3.9324483e-01
   1.9955400e-01
   2.3157965e-01
   5.4168326e-01
   5.9329468e-01
   2.9233432e-01
   2.1497333e-01
   1.5992588e-01
   2.0993309e-01
   1.6335414e-01
   6.1802674e-02
   8.4234715e-02
   1.0637907e-01
   6.3799456e-02
   2.6388586e-02
  -1.0748489e-02
  -4.8099943e-03
   1.0626756e-01
   7.3955342e-02
   3.3801358e-02
   3.2980103e-02
   3.0345602e-02
   1.3718246e-01
   9.4551094e-02
   2.6911232e-05
   6.4927906e-02
   1.9017969e-01
   2.6873633e-01
   1.6338590e-01
   1.2270866e-01
   1.0932741e-01
   1.7905289e-01
   2.6615062e-01
   1.8597114e-01
   9.5931448e-02
   3.2692514e-02
   1.2887754e-01
   1.1684487e-01
   6.1024938e-02
   7.6065391e-02
   1.1794466e-01
   6.6424452e-02
   2.4027510e-02
   1.2297217e-01
   2.8739724e-01
   7.5086445e-01
   7.3466223e-01
   2.7886325e-01
   9.3098700e-02
   2.1831982e-01
   3.0467492e-01
   2.6560935e-01
   2.4378945e-01
   1.0712895e-01
   2.1381107e-01
   2.8683648e-01
   1.1788342e-01
   8.9343928e-02
   1.1034240e-01
   2.2208446e-01
   1.8764772e-01
   1.0626113e-01
   1.3405691e-01
   8.9808039e-02
   3.8775004e-02
   3.7640907e-02
   8.6575322e-02
   1.2005585e-01
   3.5501689e-01
   2.7706924e-01
   1.0099711e-01
   4.8149563e-02
  -3.3746053e-02
  -6.4029107e-03
   1.2540178e-02
   8.9935802e-02
   1.4095350e-01
   2.1148467e-01
   2.3328869e-01
   1.0781264e-01
   9.2283629e-02
   6.5491490e-02
   8.6128607e-02
   5.2809410e-02
   8.0368750e-02
   8.0221139e-02
   1.2847756e-01
   5.5122703e-02
   5.4335844e-02
   8.6390860e-02
   8.1494138e-02
   6.1964720e-02
   1.1331017e-01
   4.1770598e-01
   9.5562744e-01
   8.3659929e-01
   4.1132382e-01
   1.6274627e-01
   2.4210106e-01
   4.5803729e-01
   4.4558400e-01
   5.8865583e-01
   3.6061841e-01
   1.3818094e-01
   1.6608810e-01
   4.4647884e-01
   5.6864846e-01
   3.6021137e-01
   1.8881901e-01
   1.5881352e-01
   1.5323706e-01
   1.4733307e-01
   1.2471113e-01
   2.4832984e-02
   2.5842557e-02
   6.0049258e-02
   8.3555609e-02
   2.0733297e-02
   5.1951025e-02
   1.2946992e-01
   6.6542469e-02
   3.5722435e-02
   5.0346283e-03
   5.7221200e-02
   8.3635427e-02
   7.3944531e-02
   2.3385471e-02
   1.3513002e-02
   2.7423825e-03
   2.9464826e-02
   1.1387503e-01
   1.9573137e-01
   1.2069488e-01
   5.1028017e-02
   1.4019386e-01
   8.5404083e-02
   1.4344755e-01
   1.7095780e-01
   1.1397204e-01
   5.0175432e-02
   1.0240837e-01
   1.1448950e-01
   4.6781287e-02
   6.2185451e-02
   5.7956338e-02
   4.7919545e-02
   1.1987528e-02
   4.2771280e-02
   5.9621170e-02
   1.4353468e-01
   1.5824145e-01
   1.4075148e-01
   1.3034643e-01
   1.6167694e-01
   1.2693512e-01
   1.0004658e-01
   1.9685625e-01
   1.2432598e-01
   5.4879490e-02
   5.4849222e-02
   7.2006501e-02
   1.0990737e-01
   1.5661912e-01
   6.7999423e-02
   6.2978052e-02
   9.8349057e-02
   1.1063854e-01
   6.4262450e-02
   8.1387602e-02
   9.2678808e-02
   1.2233068e-01
   9.0851247e-02
   6.9809526e-02
   1.7816206e-02
   3.6904130e-02
   5.7965446e-02
   2.7179690e-02
   7.3542766e-02
   5.2245703e-02
   5.8343261e-02
   5.1390346e-02
   7.7988617e-02
   8.3994351e-02
   6.6960700e-02
   4.7779065e-02
   6.3523471e-02
   9.3105890e-02
   8.0620527e-02
   8.2070626e-02
   3.5686351e-02
   2.1103676e-02
   1.1194684e-01
   7.6653585e-02
   6.1802872e-02
   2.8991686e-02
   5.1361758e-02
   1.2211523e-02
   4.6457656e-02
   7.9905063e-02
   1.4114493e-01
   1.1373662e-01
   7.3941365e-02
   1.1134542e-01
   9.0875916e-02
   1.4765507e-01
   1.3233586e-01
   1.0247616e-01
   1.0702086e-01
   1.0348404e-01
   2.4126898e-02
   1.1420330e-01
   6.5541364e-02
   7.6748535e-02
   7.0340484e-02
   1.6231675e-01
   1.5915063e-01
   1.1157016e-01
   5.8092959e-02
   7.1118198e-02
   8.1971578e-02
   8.0771901e-02
   1.1915019e-01
   1.1066724e-01
   7.7157468e-02
   9.2681974e-02
   6.5214708e-02
   6.7558147e-02
   5.6216180e-02
   7.8601204e-02
   7.7755079e-02
   5.1431801e-02
  -9.6682430e-04
   1.8704064e-02
   6.3747130e-02
   4.0755946e-02
   3.7444450e-02
   4.4326030e-02
   3.3051953e-02
   4.4140168e-02
   4.1455604e-02
   4.1670717e-02
   8.5486628e-02
   8.9367099e-02
   5.3431496e-02
   1.0339933e-01
   8.7195903e-02
   8.7756753e-02
   6.0186215e-02
   9.0889856e-02
   9.7353309e-02
   5.5369206e-02
   6.9502600e-02
   8.3627075e-02
   1.8763524e-02
   3.1442352e-02
   3.3163249e-03
   4.6397749e-02
   9.0002142e-02
   7.8621224e-02
   1.0439731e-01
   1.0947280e-01
   1.0020562e-01
   1.1429405e-01
   8.8773377e-02
   8.9743704e-02
   7.4004553e-02
   3.3089947e-02
   3.9423168e-02
   1.0367738e-01
   1.0956366e-01
   7.9336293e-02
   8.1091039e-02
   5.9752703e-02
   7.8349307e-02
   7.2556630e-02
   9.6566848e-02
   7.1840875e-02
   7.0926353e-02
   7.2806194e-02
   6.8240270e-02
   5.7579681e-02
   9.7725771e-02
   1.8810540e-02
   3.3706199e-02
   5.0984479e-02
   7.9390451e-02
   5.0925836e-02
   5.7956077e-02
   7.9948634e-02
   7.0311055e-02
   3.4073446e-02
   5.1148430e-02
   6.0428813e-02
   8.3184920e-02
   7.2316445e-02
   7.2448350e-02
   4.5892827e-02
   6.8329871e-02
   1.2567128e-01
   7.7009596e-02
   3.4174398e-02
   5.8081731e-02
   6.5836258e-02
   4.6476401e-02
   5.4731980e-02
   2.2352217e-02
   4.5697331e-02
   6.2773228e-02
   1.1389745e-02
   3.2382298e-02
   3.4548108e-02
   5.8849443e-02
   6.5110445e-02
   7.1131535e-02
   6.8335474e-02
   1.0835092e-01
   4.9059957e-02
   4.0189210e-02
   9.5179811e-02
   5.1934794e-02
   5.2898780e-02
   3.3985231e-02
   4.4648755e-02
   8.8973999e-02
   1.2887338e-01
   7.1462296e-02
   3.1208042e-02
   5.9235949e-02
   4.4324569e-02
   4.8162188e-02
   4.0890709e-02
   5.1404584e-02
   2.9144231e-02
   8.2376719e-02
   7.5530119e-02
   9.1451779e-02
   9.6013561e-02
   8.8912420e-02
   3.1711552e-02
   5.4721609e-02
   7.5075425e-02
   7.1066879e-02
   2.5885819e-02
   2.2038300e-02
   1.1867718e-02
   7.1068570e-02
   4.4372052e-02
   4.8660740e-02
   4.2665243e-02
   1.3765496e-02
   4.8806895e-02
   5.3463496e-02
   7.8155197e-02
   4.0881101e-02
   8.2472749e-02
   1.1597570e-01
   9.0490185e-02
   3.5212997e-03
  -5.3081452e-04
   6.1822433e-02
   7.2055601e-02
   2.2368368e-02
   9.8802792e-03
   3.4614775e-02
   6.8269670e-02
   7.7649154e-02
   1.1116309e-01
   1.5026738e-01
   1.0672554e-01
   7.4475594e-02
   8.0162764e-02
   3.3644056e-01
   1.0467570e+00
   9.2922056e-01
   3.8448396e-01
   1.7286931e-01
   2.7779990e-01
   4.5719618e-01
   3.8174519e-01
   2.5721553e-01
   1.9081198e-01
   9.5385157e-02
   1.3511567e-01
   1.4247142e-01
   1.2225475e-01
   9.7771265e-02
   9.1329329e-02
   1.1172949e-01
   1.0206202e-01
   5.3709965e-02
   6.0437459e-02
   9.5252953e-02
   1.2798847e-01
   8.6962827e-02
   3.6299244e-02
   5.4587260e-02
   5.4601580e-02
   7.2732382e-02
   5.4867458e-02
   7.0857987e-02
   8.7153308e-02
   2.9069107e-02
   3.4502003e-02
   7.1065031e-02
   2.6868379e-02
   5.4428138e-02
   6.9982886e-02
   2.6418785e-02
   1.8704349e-02
   6.6414237e-02
   1.6645901e-02
   3.6832653e-02
   8.0068558e-02
   3.0188192e-02
   2.4136988e-02
   5.6825910e-02
   3.3913974e-02
   5.4456830e-02
   7.3550433e-02
   6.4712100e-02
   1.0686089e-01
   1.4147626e-01
   6.8369597e-02
   3.8158134e-02
   1.4847983e-01
   2.5362521e-01
   2.1644343e-01
   8.0889955e-02
   4.7739975e-02
   9.7505093e-02
   1.2269723e-01
   7.0997700e-02
   1.0597324e-01
   7.1545079e-02
   1.1643764e-01
   1.0628118e-01
   5.5480838e-02
   3.5109889e-02
   4.1945152e-02
   2.4138454e-02
  -1.0954401e-03
   5.2134726e-02
   6.5549187e-02
   5.6403819e-02
   7.4892603e-02
   5.1167712e-02
   3.5783228e-02
   5.9013024e-02
   4.7673978e-02
   5.1893294e-02
   7.1385533e-02
   8.1226163e-02
   8.1457913e-02
   7.6704778e-02
   7.7292591e-02
   7.9505578e-02
   3.5409771e-02
   6.7204408e-02
   7.9035655e-02
   9.6182711e-02
   9.4964862e-02
   6.3490987e-02
   6.0559094e-02
   5.2343924e-02
   1.0867256e-01
   5.3092219e-02
   1.0860773e-01
   1.0110398e-01
   5.8707714e-02
   3.2329705e-02
  -2.3473049e-02
   1.4212982e-02
   7.1994118e-02
   6.2699005e-02
   6.2656052e-02
   6.2187817e-02
   1.2261147e-01
   1.7392528e-01
   1.1549196e-01
   1.2251716e-01
   8.9545295e-02
   9.4101414e-02
   1.0353143e-01
   9.9969007e-02
   1.0865803e-01
   7.1979940e-02
   8.1191584e-02
   8.0668896e-02
   3.4299199e-02
   3.1408742e-02
   6.6072546e-02
   6.3188769e-02
   3.3416256e-02
   4.3558162e-02
   6.0270164e-02
   9.4658963e-02
   6.9086812e-02
   7.1312793e-02
   6.2949814e-02
   9.2202216e-02
   6.5006092e-02
   1.0212481e-01
   1.2324720e-01
   1.2810315e-01
   9.9467322e-02
   1.1201917e-01
   7.6417223e-02
   1.3764521e-01
   4.6507031e-02
   1.5930766e-02
   2.7843276e-02
   9.7609637e-03
   9.1634378e-02
   6.7738250e-02
   5.0402354e-02
   1.0092431e-01
   8.1860818e-02
   4.5599256e-02
   7.3669851e-02
   1.0489291e-01
   1.1675345e-01
   9.6018746e-02
   1.0535847e-01
   5.5012465e-02
   6.6407040e-02
   1.1351831e-01
   1.1577743e-01
   8.8131830e-02
   4.0929049e-02
   1.0493002e-01
   7.4174590e-02
   5.9982367e-02
   2.7924730e-02
   3.6680065e-02
   4.1922741e-02
   4.4402063e-02
   1.2747427e-02
   8.4509023e-02
   2.2249695e-02
   4.4270221e-02
   7.3446937e-02
   7.7211358e-02
   6.3267983e-02
   7.2310336e-02
   6.4820401e-02
   6.5662973e-02
   1.0982095e-01
   5.8621000e-02
   2.1945365e-02
   7.2364889e-02
   8.0404818e-02
   7.0905924e-02
   9.5918901e-02
   1.0123394e-01
   5.8751069e-02
   6.3049190e-02
   7.9394542e-02
   8.3539426e-02
   8.2492776e-02
   1.7070238e-02
   7.5502127e-02
   1.0753581e-01
   1.0299634e-01
   1.3560291e-01
   7.3331304e-02
   1.2013737e-01
   6.4250253e-02
   7.7066667e-02
   1.3136610e-01
   8.3759308e-02
   8.5216358e-02
   9.2530444e-02
   6.2261578e-02
   1.2972239e-01
   1.2018906e-01
   1.0260823e-01
   1.0515090e-01
   7.8429155e-02
   1.1864423e-01
   1.2212058e-01
   8.8795111e-02
   3.8231943e-02
   8.0099098e-02
   1.4750949e-01
   1.6993727e-01
   9.5268436e-02
   8.3445519e-02
   1.1507651e-01
   8.5962541e-02
   1.2611789e-01
   1.0606558e-01
   1.1726152e-01
   3.1402290e-02
   4.5372896e-02
   3.7314773e-02
   5.7418710e-03
   3.9285600e-02
   2.6449902e-02
   1.0391770e-01
   6.0219139e-02
   5.1880047e-02
   1.0403950e-01
   2.7957115e-02
   7.6241113e-02
   7.8579538e-02
   5.6414504e-02
   6.0753245e-02
   1.0851122e-01
   1.0034359e-01
   9.9523500e-02
   9.3717329e-02
   1.3566646e-01
   3.5487350e-02
   2.9182581e-02
   6.7667708e-02
   8.8184647e-02
   5.9941560e-02
   9.7449973e-02
   9.2825182e-02
   6.5152213e-02
   7.8608111e-02
   8.6894415e-02
   2.3372384e-02
   5.8057558e-02
   4.6588141e-02
   5.2416120e-02
   6.5163687e-02
   3.1970613e-02
   5.1114295e-02
   8.2146637e-02
   5.4163117e-02
   6.2106743e-02
   1.4285034e-01
   1.1354102e-01
   5.6361642e-02
   3.5967674e-02
   7.6231323e-02
   5.9123993e-02
   8.1495777e-02
   9.2998929e-02
   3.5138134e-02
   4.8162911e-02
   4.8776291e-02
   2.8783610e-02
   6.7809768e-02
   8.7297499e-02
   7.5582549e-02
   4.7689747e-02
   6.0189877e-02
   9.7006768e-02
   1.1245601e-01
   3.0172329e-02
   4.3695141e-02
   4.6843328e-02
   2.4770441e-02
   7.1387239e-02
   6.4246029e-02
   4.6025641e-02
   2.1216767e-02
   2.9351231e-02
   8.6315997e-02
   1.2325775e-01
   9.5392771e-02
   8.1099436e-02
   8.5684150e-02
   4.9810704e-02
   4.1093681e-02
   2.2867186e-02
   3.4204748e-02
   7.0458099e-02
   5.7646498e-02
   1.0902598e-01
   1.1218829e-01
   6.5288566e-02
   6.0108442e-02
   5.3171005e-02
   1.1050638e-01
   8.7699175e-02
   2.9619696e-02
   5.6148551e-02
   7.3899299e-02
   6.5718554e-02
   8.2648866e-02
   6.9873638e-02
   8.1487685e-02
   7.4079879e-02
   1.0667623e-01
   7.9169214e-02
   7.7343486e-02
   6.0404092e-02
   1.0143001e-01
   6.4143158e-02
   8.4825851e-02
   5.7365477e-02
   2.0059180e-02
   3.7695765e-02
   9.1645159e-02
   1.1236279e-01
   7.5632721e-02
   6.2942617e-02
   5.0242804e-02
   9.1897391e-02
   2.2088312e-02
   7.2894809e-03
   1.6000999e-02
   8.1617631e-02
   5.8514323e-02
   8.3446309e-02
   8.0058359e-02
   6.2876724e-02
   3.1364676e-02
   2.3865102e-02
   7.3340639e-02
   6.0736842e-02
   1.0448284e-01
   4.7303610e-02
   3.0940358e-02
   6.2672243e-02
   3.9806265e-02
   2.7740959e-02
   4.3599352e-02
   2.5758361e-02
   4.2208366e-02
   3.6565579e-02
   4.6429779e-02
   6.2214825e-02
   4.8557915e-02
   1.8437797e-02
   2.5423380e-02
   2.3416365e-02
   3.4975879e-02
   6.4555347e-02
   6.8997011e-02
   1.7286804e-01
   2.7160287e-01
   1.7326374e-01
   1.0898469e-01
   1.0501923e-01
   2.7930712e-02
   8.1163729e-03
   2.6079599e-02
   3.5746314e-03
   1.5782405e-02
   5.7614297e-02
   3.7583880e-02
   3.4025550e-02
   7.2948575e-02
   5.6903988e-02
   1.8394547e-02
   2.8836651e-02
   4.1083269e-02
   3.8492348e-02
   2.2453405e-02
   5.0080571e-02
   7.1654975e-02
   6.4215675e-02
   7.9049319e-02
   7.2191693e-02
   5.4886464e-02
   4.7677573e-02
   6.3624874e-02
   6.3066900e-02
   4.2740364e-02
   8.4648021e-02
   5.9269805e-02
   6.4523302e-02
   3.8266454e-02
   7.7869974e-02
   6.6839479e-02
   9.1303587e-02
   1.0212584e-01
   9.1936134e-02
   4.3878235e-02
   5.3754553e-02
   7.3893785e-02
   1.0897870e-01
   1.4968269e-01
   1.1062590e-01
   5.4835632e-02
   9.4069317e-02
   7.8901619e-02
   3.6662642e-02
   6.5801591e-02
   5.8897816e-02
   5.0627470e-02
   8.5968278e-02
   1.0596623e-01
   7.0321023e-02
   6.3719608e-02
   7.5033106e-02
   5.4508291e-02
   3.6218986e-02
   3.2899115e-02
   7.0806861e-02
   8.0353104e-02
   7.7266693e-02
   1.3627081e-01
   1.5724164e-01
   9.1680624e-02
   5.4449402e-02
   1.3317207e-01
   1.1117586e-01
   5.7251371e-02
   4.4867910e-02
   6.2885419e-02
   5.0912242e-02
   2.1887720e-02
   4.5375977e-02
   2.2307446e-02
   6.0557809e-02
   8.6164266e-02
   7.3358916e-02
   7.1300805e-02
   8.6290538e-02
   5.3676561e-02
   4.4102762e-02
   7.9070479e-02
   6.4068273e-02
   6.8593606e-02
   9.4057865e-02
   3.2923985e-02
   4.3550208e-02
   3.0315414e-02
   1.5826678e-02
   4.4805277e-02
   5.3861581e-02
   7.1880616e-02
   4.2117484e-02
   3.5487577e-02
   3.7150186e-02
   9.3430959e-02
   9.6312605e-02
   7.5084068e-02
   7.9269752e-02
   1.2939419e-01
   8.6642362e-02
   2.9834719e-02
   4.2629048e-02
   4.6311270e-02
   4.6285212e-02
   2.9569829e-02
   4.4580165e-02
   9.2857465e-02
   1.2424584e-01
   1.2716509e-01
   7.2301939e-02
   3.3354834e-02
   6.3183673e-02
   8.4625781e-02
   9.0645947e-02
   7.7288307e-02
   5.5261109e-02
   2.5725814e-02
   5.3891152e-02
   5.6550000e-03
   5.4047503e-02
   1.0567942e-01
   5.9078835e-02
   3.8049947e-02
  -9.2473058e-03
   2.2525009e-02
   7.4354783e-02
   5.1860504e-02
   7.4813455e-02
   5.8731340e-02
   7.1081668e-02
   6.7266770e-02
   7.6722719e-02
   1.9575832e-02
   7.4748367e-02
   7.1346402e-02
   5.9052683e-02
   8.4340177e-02
   5.8538336e-02
   3.7904210e-02
   5.3171698e-02
   3.0295400e-02
   2.6080310e-02
   4.7296096e-02
   4.3977913e-02
   6.4899199e-02
   6.9153808e-02
   3.9501667e-02
   5.9450008e-02
   8.8686988e-02
   6.4840369e-02
   3.8088940e-02
   3.2055311e-02
   1.5280036e-02
   6.8282261e-02
   5.2367937e-02
   8.4483363e-02
   3.0978333e-02
   1.9563580e-02
   3.1210875e-02
   5.3342041e-02
   5.3674847e-02
   5.9853923e-02
   8.8512547e-02
   6.7977473e-02
   8.0843411e-02
   9.3017168e-02
   9.2583850e-02
   8.3902143e-02
   6.1839268e-02
   2.2758743e-02
   3.5502277e-02
   8.6560465e-02
   5.0812460e-02
   3.2815340e-03
   6.5577686e-02
   8.0558717e-02
   3.8023151e-02
   2.2308398e-03
   4.6921186e-02
   9.0480350e-02
   8.8560119e-02
   4.1561861e-02
   4.7048360e-02
   8.8547572e-02
   1.0010815e-01
   7.2136551e-02
   4.1119795e-02
   3.8285371e-02
   3.7913799e-02
   2.6355492e-02
   3.3240445e-02
   3.1559832e-02
   7.2507868e-03
   5.0613999e-02
   5.0626162e-02
   6.3711725e-02
   3.4012463e-02
   3.1060925e-02
   9.0962216e-02
   6.2402945e-02
   4.3447629e-02
   2.4209052e-02
   3.9215058e-02
   5.4902110e-02
   2.0479338e-02
   7.5242281e-02
   7.2805904e-02
   7.2084665e-02
   6.8987221e-02
   8.8901140e-02
   9.9484928e-02
   4.8215888e-02
   3.3552807e-02
   8.9520939e-02
   8.6940326e-02
   1.1919505e-01
   8.3590262e-02
   7.7119276e-02
   1.3641568e-01
   8.6442500e-02
   1.2603239e-02
   2.5626311e-02
   5.4196760e-02
   6.9178723e-02
   6.3469857e-02
   4.4354245e-02
   1.8597109e-02
   3.0015117e-02
   6.2429018e-02
   3.3513438e-02
   4.9438689e-02
   6.9489002e-02
   6.0322434e-02
   8.2463637e-02
   6.1284706e-02
   5.4568209e-02
   5.0868805e-02
   6.9287121e-02
   2.8945837e-02
   2.3230519e-02
   6.8830267e-02
   5.1422067e-02
   4.6597946e-02
   1.0883399e-02
   4.6252795e-02
   7.1676150e-02
   8.7884933e-02
   7.9523772e-02
   4.9244680e-02
   5.8276549e-02
   6.5416262e-02
   5.9314124e-02
   8.2133450e-03
   5.3565543e-02
   4.6800528e-02
   4.1509185e-02
   2.0873744e-02
   4.6104193e-02
   6.4678527e-02
   5.4886401e-02
   6.0679439e-02
   7.9542026e-02
   3.6372617e-02
   6.5411441e-02
   1.0934107e-01
   2.9465731e-02
   5.0488658e-02
   6.7317925e-02
   5.3512517e-02
   5.0740547e-02
   7.6738045e-02
   6.6625006e-02
   4.1215491e-02
   3.7014890e-02
   6.1548326e-02
   6.2316433e-02
  -7.0355288e-03
   3.3057984e-02
   4.4237208e-02
   4.0134504e-02
   4.2975109e-02
   6.4253360e-02
   8.0732554e-02
   5.1630098e-02
   7.1651518e-02
   6.3800775e-02
   1.8748468e-02
   3.1778604e-02
   7.6710895e-02
   5.3884182e-02
  -6.2614782e-03
   3.5493668e-02
   6.2620148e-02
   4.1083276e-02
   4.7306616e-02
   4.1002970e-02
   6.1100822e-02
   2.9281400e-02
   2.1358825e-02
   3.0937066e-02
   1.8082336e-02
   8.1798270e-02
   6.5324001e-02
   7.3353402e-02
   3.9307881e-02
   2.9042307e-02
   5.3194452e-02
   2.7802136e-02
   4.5481272e-02
   6.2800460e-02
   6.1328504e-02
   5.4517735e-02
   2.1291574e-02
  -1.9656178e-02
  -3.3061507e-03
   6.5569825e-02
   8.0369674e-02
   5.0877091e-02
   4.6643231e-02
   3.7420578e-02
   4.6353687e-02
   9.2607960e-02
   8.6500041e-02
   5.0006583e-02
   5.2940682e-02
   3.6816731e-02
   4.6210419e-02
   6.2790349e-02
   6.1188783e-02
   6.3873507e-02
   7.9148322e-02
   3.7348840e-02
   6.4637244e-02
   6.2632672e-02
   2.8215811e-02
   6.3757293e-02
   1.0165962e-01
   1.0917414e-01
   7.3774435e-02
   8.7902926e-02
   5.8049358e-02
   4.4449605e-02
   1.0939031e-01
   1.3300781e-01
   1.1507778e-01
   8.6333454e-02
   7.8881666e-02
   6.6441745e-02
   5.3971238e-02
   4.8490617e-02
   2.3814838e-02
   2.4166532e-02
   3.9944217e-02
   6.5831684e-02
   8.1676744e-02
   1.0786282e-01
   6.5716714e-02
   8.2619198e-02
   6.6203043e-02
   5.4175127e-02
   3.7768040e-02
   8.5806236e-02
   5.7061620e-02
   2.1899888e-02
   5.5800669e-02
   4.0235098e-02
   3.0197924e-02
   5.6849506e-02
   2.1992400e-02
   3.5469476e-02
   5.8533866e-02
   7.2064839e-02
   6.1384514e-02
   4.8045732e-02
   3.8103927e-02
   5.4156620e-02
   6.2119316e-02
   2.2663435e-02
   1.7421771e-02
  -1.2068895e-03
   3.2449998e-02
   4.5357209e-02
   4.5167219e-02
   4.1698869e-02
   4.6578251e-02
   2.2581149e-02
   3.7140358e-02
   4.4335462e-02
   6.4602062e-02
   3.2420974e-02
   2.6802586e-02
   3.6855765e-02
   3.7264362e-02
   9.0570964e-02
   1.3472931e-01
   9.3978643e-02
   6.4638987e-02
   4.4388369e-02
   4.4441022e-02
   7.8707114e-02
   6.0581993e-02
   9.1136120e-02
   6.8729252e-02
   4.0677849e-02
   2.8839581e-02
   4.5260269e-02
   8.5750744e-02
   8.6601608e-02
   4.4288389e-02
   5.8305532e-02
   9.3292259e-02
   8.3250649e-02
   1.0021498e-01
   4.5375414e-02
   7.1278876e-03
   3.6897618e-02
   9.6908711e-02
   1.0836598e-01
   8.9789584e-02
   1.7409107e-01
   1.3317639e-01
   9.5055602e-02
   6.7690782e-02
   3.5563774e-02
   3.9009824e-02
   6.0272343e-02
   3.3995923e-02
  -3.7719957e-03
   2.8551936e-02
   5.7682011e-02
   4.0504429e-02
   3.8345739e-02
   4.2906102e-02
   1.6783571e-01
   1.9794057e-01
   1.6256978e-01
   1.0332863e-01
   5.4724932e-02
  -5.3110630e-03
   3.2953329e-02
   9.9156156e-02
   2.7525967e-01
   3.1566206e-01
   2.7093732e-01
   1.5580185e-01
   9.0542756e-02
   5.9306696e-02
   5.2188676e-02
   5.0192658e-02
   6.7790419e-02
   4.5223307e-02
   3.7228800e-02
   4.4964485e-02
   9.6700154e-02
   7.3456563e-02
   6.1685342e-02
   5.4024089e-02
   6.0696404e-02
   6.0968217e-02
   9.2864959e-03
  -5.0717974e-03
   7.0047408e-02
   9.4100222e-02
   1.1653602e-01
   3.8258716e-02
   4.4340979e-02
   5.1267624e-02
   4.1840799e-02
   4.9117301e-02
   3.6509365e-02
   3.1548001e-02
   4.2254705e-02
   5.1345680e-02
   7.5717643e-02
   1.2599921e-01
   1.3932422e-01
   1.0789625e-01
   1.0704085e-01
   5.3667940e-02
   7.3122986e-02
   5.9996884e-02
   5.1914617e-02
   6.3087523e-02
   8.3519004e-02
   1.3181470e-01
   9.1748454e-02
   7.2238423e-02
   1.8813843e-02
   8.2466304e-02
   5.8487263e-02
   7.4499547e-02
   4.1817855e-02
   2.8568869e-02
   4.8202377e-02
   7.4690968e-02
   8.0436729e-02
   7.2658740e-02
   8.4796935e-02
   4.1692548e-02
   4.7615547e-02
   5.4286364e-02
   7.7586062e-02
   6.6401899e-02
   1.3850062e-01
   1.6487475e-01
   1.0218956e-01
   7.6107442e-02
   6.1408900e-02
   6.0379382e-02
   5.0993852e-02
   1.0576554e-01
   7.6643884e-02
   2.3033381e-02
   2.7235053e-02
   5.1825199e-02
   9.6928980e-03
   4.0328253e-02
   1.0708079e-01
   1.0368164e-01
   2.9537167e-02
   3.8787514e-02
   4.1692317e-02
   2.2345901e-02
   4.3623533e-02
   2.3197137e-01
   7.1790302e-01
   9.4308615e-01
   5.7238925e-01
   2.5343928e-01
   1.5832257e-01
   4.7630154e-02
  -3.1042911e-02
   6.7750782e-02
   1.1364872e-01
   1.1842477e-01
   1.0371003e-01
   7.8119397e-02
   1.2367675e-01
   1.0246346e-01
   1.2241276e-01
   1.7718412e-01
   2.6974592e-01
   2.9182100e-01
   1.4238261e-01
   2.1938942e-02
   4.2770691e-02
   8.2950771e-02
   6.6368155e-02
   9.6118361e-02
   1.1029225e-01
   7.6236017e-02
   7.3711276e-02
   4.5584682e-02
   9.4941154e-02
   5.5151790e-02
   4.4060424e-02
   2.9936388e-02
   8.5091233e-02
   4.8725303e-02
   3.7989330e-02
   9.0789445e-02
   1.2334139e-02
   2.9960446e-02
   7.7181675e-02
   8.9929305e-02
   1.3582826e-01
   8.4679201e-02
   4.5800481e-02
   3.5415631e-02
   5.1748205e-02
   1.8559646e-02
   2.2170920e-02
   9.5754750e-02
   1.6325711e-01
   1.3013302e-01
   7.5799704e-02
   1.1049178e-01
   4.0417146e-02
   9.3993898e-03
   5.0475638e-02
   5.4095529e-02
   7.4439257e-02
   1.5898641e-02
   8.2853168e-02
   6.1635505e-02
   4.4068608e-02
   6.0714845e-02
   5.9249863e-02
   7.0379950e-02
   6.6926137e-02
   5.7012957e-02
   3.9698690e-02
   7.7862232e-03
   1.7683053e-03
   1.0967436e-01
   1.3243744e-01
   5.6696836e-02
   3.0077700e-02
  -3.9506028e-03
   2.8982278e-02
   5.3131100e-02
   1.0577517e-01
   1.4560845e-01
   6.5944910e-02
   4.3246906e-02
   5.9203144e-02
   1.1827634e-01
   1.5978305e-01
   1.3549893e-01
   1.0349350e-01
   1.1196198e-01
   6.1846744e-02
   3.2217730e-02
   4.2674731e-02
   3.7725676e-02
   1.9024953e-01
   2.8713122e-01
   2.8877380e-01
   1.8105996e-01
   1.0176937e-01
   5.0964911e-02
   1.4435408e-01
   2.0676981e-01
   1.6345605e-01
   2.2762160e-01
   6.1031014e-01
   5.8361304e-01
   2.5936532e-01
   2.2767559e-01
   2.8125226e-01
   2.8246802e-01
   2.4272446e-01
   1.9267884e-01
   1.1316905e-01
   9.3198113e-02
   6.2692694e-02
   7.3463030e-02
   1.5466534e-01
   9.2035368e-02
   9.3302228e-02
   1.1796494e-02
   6.4407960e-02
   8.6545087e-02
   2.8305933e-02
  -1.8191386e-02
   3.9693069e-02
   3.3556290e-02
   5.3240317e-03
   1.4272809e-02
   1.6414374e-02
   7.5047180e-02
   9.6765555e-02
   1.5045005e-01
   9.5520899e-02
   4.9009077e-02
   9.9165618e-02
   8.4678635e-02
   3.0965824e-02
   9.1074379e-03
   5.7762958e-02
   1.7355664e-01
   1.5342866e-01
   1.3368674e-01
   5.9744693e-02
   1.2956260e-02
   3.7144810e-02
   1.2743004e-01
   1.5152946e-01
   8.0381654e-02
   9.2309527e-02
   2.9593018e-01
   2.1773884e-01
   6.6125453e-02
   1.2208868e-01
   9.6114278e-02
   6.8409763e-02
   7.2467931e-02
   1.0869798e-01
   1.3617232e-01
   8.4739111e-02
   5.4919988e-02
   1.1095906e-02
   4.4493452e-02
   6.9299392e-02
   2.9476952e-02
   4.3280341e-02
   1.7370827e-01
   2.3160253e-01
   1.6585952e-01
   1.1653847e-01
   1.0894311e-01
   7.4687712e-02
   4.2153444e-02
   4.9484171e-02
   7.7312373e-02
   8.8114468e-03
   4.0537857e-02
   9.0954155e-02
   1.4204830e-01
   1.8252116e-01
   8.7017715e-02
   2.5589423e-02
   3.5149353e-03
   5.6251034e-02
   4.7894146e-02
   7.2526991e-02
   1.4960971e-01
   6.7397140e-02
   5.0780475e-02
   6.6539802e-02
   1.6673602e-02
   6.1430540e-02
   6.5018944e-02
   9.4589233e-02
   1.5112403e-01
   1.6556902e-01
   1.3007420e-01
   8.9573182e-02
   1.3607147e-01
   6.0776647e-02
   1.1439751e-01
   9.8537914e-02
   1.0735986e-01
   6.4396456e-02
   5.5303283e-02
   8.2011908e-02
   1.0998989e-01
   9.0828001e-02
   6.6483542e-02
   7.2561182e-02
   5.5759624e-02
   4.7650643e-02
   7.4922934e-02
   7.0560448e-02
   9.3900442e-02
   8.5117415e-02
   8.6961143e-02
   7.9575311e-03
   5.1212154e-02
   1.0127561e-01
   2.8992033e-02
   6.4071193e-02
   1.1555764e-01
   1.4204960e-01
   9.7276539e-02
   5.6661978e-02
   7.1951978e-02
   4.8408519e-02
   1.7562008e-02
   5.1843911e-02
   7.5006716e-02
   1.0366794e-01
   7.4704751e-02
   8.4594436e-02
   2.6447238e-02
   7.6497346e-02
   1.3665248e-01
   8.4299251e-02
   6.7867570e-02
   1.4094189e-01
   3.0552188e-01
   2.3351623e-01
   1.3088226e-01
   1.3259980e-01
   7.4676514e-02
   5.4633524e-02
   8.5277840e-02
   4.8244044e-02
   6.0094174e-02
   1.1330365e-01
   7.6588884e-02
   6.0295023e-02
   8.5439766e-03
   6.8069249e-02
   6.2181830e-02
   8.5355140e-02
   1.0335531e-01
   1.0196007e-01
   3.6445335e-02
   6.0109857e-02
   7.4762665e-02
   9.8618090e-02
   1.3479687e-01
   1.1298241e-01
   1.3234882e-01
   7.0237502e-02
   1.2167744e-01
   9.0130135e-02
   4.6207856e-02
   8.3260678e-02
   8.4117904e-02
   2.1177199e-02
   7.4397668e-02
   1.3884783e-01
   2.0161544e-01
   1.5865457e-01
   1.4439091e-01
   6.7601331e-02
   5.7532273e-02
   6.5046251e-02
   9.3174912e-02
   1.7989761e-01
   3.2124344e-01
   2.2159295e-01
   1.7013699e-01
   1.4004521e-01
   9.1796219e-02
   3.9695520e-02
   6.4364105e-02
   1.1091851e-01
   1.1349213e-01
   8.1041306e-02
   1.1172247e-01
   8.1982695e-02
   2.4176622e-02
   4.8456106e-02
   6.1679814e-02
   8.0549605e-02
   3.1465881e-02
   5.4432236e-02
   5.4897193e-02
   8.5966438e-02
   1.4635949e-01
   5.5715170e-02
   1.3094503e-01
   7.6456390e-02
   1.0704875e-01
   1.6976890e-01
   2.8432265e-02
   1.0398905e-02
   8.1532262e-02
   1.1326765e-01
   9.8617472e-02
   1.0560147e-01
   8.1991136e-02
   5.0770089e-02
   3.8782503e-02
   8.8457912e-02
   8.6073086e-02
   1.7930191e-02
   1.1700623e-02
   1.0639280e-01
   7.5307712e-02
   5.2070964e-02
   9.2869639e-02
   9.7297408e-02
   6.7245424e-02
   6.0235977e-02
   9.6227542e-02
   3.8276888e-02
   7.4897544e-03
   6.1271776e-02
   1.3246825e-01
   1.5496580e-01
   1.1985384e-01
   5.6606576e-02
   7.3303096e-02
   4.6530284e-02
   3.0504887e-03
   6.1656047e-02
   2.6453432e-01
   5.0315124e-01
   4.0813977e-01
   2.7044067e-01
   1.1334238e-01
   5.2072607e-02
   4.9772531e-02
   5.4723799e-02
   2.5037108e-02
   5.8557332e-02
   4.4172842e-02
   6.6874325e-02
   1.4517124e-01
   1.0279009e-01
   7.7179380e-02
   8.1008092e-02
   8.2718901e-02
   7.7435471e-02
   9.3923442e-02
   8.5912518e-02
   6.8809338e-02
   1.4001470e-02
   1.0539618e-02
   4.3713473e-02
   5.4391041e-02
   1.0103384e-01
   1.2099039e-01
   1.1253462e-01
   3.4663323e-02
   8.4713981e-02
   1.3911122e-01
   1.0473746e-01
   1.2376405e-01
   3.2558772e-01
   4.5155102e-01
   3.1948915e-01
   1.6362724e-01
   1.4151295e-01
   1.7210293e-01
   1.5312523e-01
   1.2535746e-01
   7.1454585e-02
   4.1285601e-02
   1.1436553e-01
   1.7095947e-01
   1.9211037e-01
   1.0532241e-01
   1.2743540e-01
   4.2697188e-02
   8.0006778e-02
   7.2138235e-02
   1.1226206e-01
   2.5166616e-01
   2.3120609e-01
   1.5736350e-01
   7.1766309e-02
   7.1878299e-02
   5.5990849e-02
   5.4975640e-02
   4.4855677e-02
   8.8058881e-02
   2.8613111e-02
   1.2443602e-01
   1.6215430e-01
   2.3240933e-01
   3.0392668e-01
   1.8653591e-01
   6.4487897e-02
   1.6826238e-02
  -3.1980500e-03
   1.0058156e-01
   3.2699651e-01
   7.1772915e-01
   8.4595925e-01
   5.8787137e-01
   2.9481226e-01
   2.8205621e-01
   3.4269887e-01
   2.9837769e-01
   1.9397603e-01
   6.0253814e-02
   2.7848480e-02
   2.5038207e-01
   1.4991120e+00
   2.7947409e+00
   2.5126357e+00
   1.4651809e+00
   6.8290293e-01
   3.6292878e-01
   2.2560582e-01
   1.4897958e+00
   8.6858854e+00
   1.7853889e+01
   1.7693733e+01
   1.0240090e+01
   4.1954794e+00
   1.2720865e+00
   3.2432589e-01
   4.4923142e-02
   9.4190665e-02
   1.9673193e-01
   8.3772051e-01
   2.1240368e+00
   2.8239746e+00
   2.1748085e+00
   1.2065309e+00
   4.4209731e-01
   2.0330319e-04
  -5.4021239e-02
   1.0888445e-01
   2.3601027e-01
   3.3739436e-01
   4.8493725e-01
   5.9235853e-01
   4.2611805e-01
   2.4459262e-01
   1.9723307e-01
   8.1796221e-02
   6.2353674e-02
   1.4003605e-01
   1.0838871e-01
   1.5311334e-01
   1.9193704e-01
   4.3201667e-01
   8.1005257e-01
   8.2976031e-01
   4.5405033e-01
   1.7138845e-01
   6.8345524e-02
   6.9182530e-02
   1.6381298e-01
   2.0564058e-01
   1.3929337e-01
   1.0085595e-01
   1.7739375e-01
   2.2148535e-01
   2.1048351e-01
   1.4596716e-01
   2.7992281e-01
   2.1483859e-01
   1.1052035e-01
   4.3692492e-02
   9.1939546e-02
   1.2102836e-01
   9.1859072e-02
   1.0442483e-01
   3.8587932e-02
  -9.3446542e-03
   1.0079189e-01
   1.4167134e-01
   7.6741122e-02
   8.4091626e-02
  -1.1420999e-02
  -5.6464374e-02
   1.4490349e-02
   6.7119360e-02
   2.4775526e-01
   5.4816210e-01
   5.0675905e-01
   2.9328060e-01
   1.5272030e-01
   7.9197496e-02
   3.0659544e-01
   1.0593994e+00
   1.2509918e+00
   8.0377978e-01
   3.7543854e-01
   1.1571527e-01
   4.0821859e-01
   8.6766875e-01
   9.0486848e-01
   5.0477415e-01
   1.1649328e-01
   1.7479494e-01
   1.8493286e-01
   4.0612286e-01
   1.8431137e+00
   4.4797931e+00
   4.9347262e+00
   2.9991865e+00
   1.2982980e+00
   3.9837456e-01
   1.3571790e-01
   8.3388761e-02
   1.2566268e-01
   1.5456334e-01
   2.6091948e-01
   6.4123827e-01
   8.0316490e-01
   5.5839711e-01
   2.5740620e-01
   1.1335430e-01
  -3.4484484e-03
   1.4343088e-02
   1.2995127e-01
   1.1213332e-01
   1.1419642e-01
   1.6952416e-01
   1.2274113e-01
   1.7589787e-01
   8.3373986e-02
   8.3462022e-02
   7.3538952e-02
   1.1030428e-01
   6.7232251e-02
   6.0602330e-02
   7.1659312e-02
   4.3032058e-02
   1.6226770e-01
   2.3872785e-01
   2.3778071e-01
   8.7774068e-02
   5.2203178e-02
   7.1085192e-02
   9.4153605e-02
   9.8666310e-02
   1.5494791e-01
   1.1302815e-01
   3.5795804e-02
   4.2818025e-02
   1.5060925e-01
   1.3870764e-01
   8.6356685e-02
   1.4381902e-01
   5.4461274e-02
   3.3406269e-02
   4.0369622e-02
   8.3391622e-02
   1.1137671e-01
   1.0778884e-01
   6.1012667e-02
   1.1417171e-01
   6.3492015e-02
   1.4282461e-01
   1.8152206e-01
   1.5626232e-01
   7.2091520e-02
   4.9091596e-02
   2.0520849e-02
   8.0997229e-02
   1.4388491e-01
   2.6160648e-01
   3.1525257e-01
   1.5597421e-01
   3.9974306e-02
   1.3653725e-01
   2.6626873e-01
   2.7711877e-01
   2.8645721e-01
   1.9211996e-01
   8.7794550e-02
   9.0676859e-02
   4.0774357e-01
   1.0684479e+00
   1.3162822e+00
   1.0119475e+00
   5.3877228e-01
   1.5020740e-01
   8.1327580e-02
   9.0253848e-01
   3.1722801e+00
   4.8152514e+00
   4.2575965e+00
   2.6707497e+00
   1.2653556e+00
   5.3997552e-01
   3.0392998e-01
   2.7840963e-01
   2.7280352e-01
   3.3798486e-01
   5.9659600e-01
   7.9616004e-01
   6.8011308e-01
   5.2662593e-01
   3.2545999e-01
   2.6475531e-01
   2.0779832e-01
   1.5524885e-01
   9.4861671e-02
   1.5851893e-01
   1.7925227e-01
   1.5975507e-01
   1.2510180e-01
   1.4542454e-01
   6.0191136e-02
   6.4340509e-02
   7.3165074e-02
   8.2889102e-02
   4.4722646e-02
   9.5416427e-02
   1.6957769e-01
   1.5892029e-01
   1.6662318e-01
   1.2737089e-01
   9.6415192e-02
   8.0109961e-02
   8.0819823e-02
   9.5092699e-02
   5.1811576e-02
   7.4923806e-02
   1.3148353e-01
   3.9336286e-02
   5.3628162e-02
   7.0345901e-02
   7.7625215e-02
   1.2018748e-01
   3.4882877e-02
   1.4471062e-02
   3.0004986e-02
   8.7202847e-02
   1.5721479e-01
   6.5300383e-02
   4.9885046e-02
  -2.5960696e-03
   5.0387833e-02
   1.2605786e-01
   1.3010526e-01
   1.4727196e-01
   1.5536273e-01
   1.3288355e-01
   3.8867898e-02
   5.0941043e-02
   8.8035263e-02
   7.1375996e-02
   1.6175637e-01
   2.7888525e-01
   2.0210035e-01
   1.0194781e-01
   6.3258320e-02
   1.4473166e-01
   2.0565145e-01
   1.7325617e-01
   6.4524561e-02
   5.2524791e-03
   2.1124247e-02
   5.5878498e-02
   3.4048522e-01
   4.5209771e-01
   3.2816690e-01
   2.1827286e-01
   4.4595450e-02
   3.3961095e-02
   1.8577237e-01
   7.1440083e-01
   1.1452695e+00
   1.1939664e+00
   8.1577671e-01
   4.7841391e-01
   2.6160112e-01
   2.4557966e-01
   2.0182234e-01
   2.7049825e-01
   4.5696232e-01
   5.0530130e-01
   3.8198626e-01
   3.5168865e-01
   2.7837926e-01
   2.9340243e-01
   2.8607941e-01
   1.8949011e-01
   1.7763300e-01
   1.8245101e-01
   1.5471613e-01
   1.6724353e-01
   1.8587820e-01
   1.7709501e-01
   1.0152625e-01
   6.5501049e-02
   8.3050109e-02
   9.0363696e-02
   2.0757230e-02
  -1.0837726e-02
   4.1697407e-03
   3.3153731e-02
   3.3283260e-02
   3.8527686e-02
   1.0680524e-01
   9.3963780e-02
   9.2520304e-02
   5.0165385e-02
   5.2018017e-02
   7.6461904e-02
   1.0152284e-01
   1.2296877e-01
   1.2919508e-01
   1.1536501e-01
   6.8514690e-02
   4.6090044e-02
   3.7797239e-02
   1.1105110e-01
   1.1765003e-01
   6.8644673e-02
   7.2241247e-02
   1.0222860e-01
   1.6339774e-01
   5.1607434e-02
   8.2163870e-02
   2.4863737e-02
   9.0433240e-02
   1.8503545e-01
   1.2303719e-01
   1.6565444e-02
   2.7401837e-02
   4.6921473e-02
   7.5059816e-02
   1.4215308e-01
   7.1877971e-02
   8.3975583e-02
   5.8005579e-02
   7.2321042e-02
   1.5863004e-01
   1.4300703e-01
   1.1446379e-01
   5.0109424e-02
   1.7914917e-02
   6.5474875e-02
   6.6901155e-02
   7.4167639e-02
   1.4717759e-01
   2.2578621e-01
   2.7804801e-01
   1.9859041e-01
   3.4564599e-02
   3.5231940e-02
   2.9888002e-02
   1.5093827e-01
   3.8688457e-01
   4.3019849e-01
   2.3085046e-01
   1.7472394e-01
   1.4378045e-01
   8.7807655e-02
   2.4766812e-02
   7.6665312e-02
   1.2922099e-01
   1.0601878e-01
   1.3573597e-01
   5.4972731e-02
   7.5727336e-02
   9.4440795e-02
   1.1700638e-01
   1.0658319e-01
   5.4471903e-02
   8.9692242e-02
   1.5431137e-01
   1.0605334e-01
   1.9621691e-01
   2.0847692e-01
   2.5471663e-01
   2.0209277e-01
   1.0146151e-01
   8.3356000e-02
   5.7712551e-02
   1.5504070e-01
   2.3546435e-01
   2.4770932e-01
   1.4057870e-01
   7.6809675e-02
   6.8217181e-03
   1.2774536e-01
   6.5918392e-01
   1.3356497e+00
   1.5563704e+00
   1.1644191e+00
   4.3115854e-01
   1.4183554e-01
   1.0690715e-01
   2.7406213e-01
   5.8230853e-01
   5.5861396e-01
   4.5068958e-01
   3.6616144e-01
   2.4927534e-01
   1.5270139e-01
   2.0017011e-01
   2.6561132e-01
   3.4874132e-01
   2.5319934e-01
   1.8865016e-01
   5.5981405e-02
   6.9152028e-03
   5.4852266e-02
   5.8953822e-02
  -1.5479171e-02
   1.9504009e-02
   3.2647196e-02
   2.2392813e-02
   5.6331523e-02
   8.0887944e-02
   1.0264553e-01
   7.0902906e-02
   1.4329386e-02
   5.3994600e-02
   1.4448698e-01
   9.2429414e-02
   4.2041603e-02
   9.6031524e-02
   3.3207435e-02
   6.1515275e-02
   7.2849721e-02
   5.6657385e-02
   7.8184918e-02
   1.2004335e-01
   6.7249306e-02
   8.0304839e-02
   7.0893809e-02
   6.1094053e-02
   1.0637655e-01
   1.3835672e-01
   7.9047449e-02
   8.5214280e-02
   1.0891671e-01
   8.6289063e-02
   1.0787299e-01
   1.0482769e-01
   5.1812176e-02
   5.9463944e-02
   2.5244135e-02
  -1.6530624e-02
   5.9447516e-02
   8.2872435e-02
   9.1333829e-02
   4.5788001e-02
   7.0629895e-02
   1.0708169e-01
   7.6272234e-02
   6.2859237e-02
   6.5871723e-02
   4.6820350e-02
   7.7379249e-02
   8.0498382e-02
   9.2943139e-02
   6.3759387e-02
   4.8858117e-02
   7.7671424e-02
   7.0649661e-02
   1.5067479e-01
   4.2397320e-02
   3.1836085e-02
   7.3885910e-02
   9.6213527e-02
   2.1948399e-01
   4.3538553e-01
   5.1502281e-01
   2.9945964e-01
   1.0812676e-01
   7.4721038e-02
   1.1743404e-01
   1.1093926e-01
   1.9816346e-01
   1.2184259e-01
   7.9321526e-02
   1.2513591e-01
   9.8692477e-02
   1.5867757e-02
   3.4814116e-02
   7.3612154e-02
   1.4759310e-01
   2.0788288e-01
   1.8445750e-01
   1.2169943e-01
   8.8351324e-02
   2.4988819e-02
   8.3263829e-02
   1.4151354e-01
   8.5497342e-02
   1.6652201e-01
   1.2431066e-01
   1.6066290e-01
   1.6096534e-01
   1.6738434e-01
   5.1871188e-02
   4.1593682e-02
   1.7293561e-01
   3.4315011e-01
   4.7126988e-01
   3.7123075e-01
   2.3372293e-01
   9.5034316e-02
   1.1471514e-01
   2.2487451e-01
   4.1268858e-01
   4.5645225e-01
   4.1573688e-01
   4.8363164e-01
   3.8143867e-01
   1.7839423e-01
   3.3762443e-01
   7.1437818e-01
   7.4680531e-01
   5.3000307e-01
   2.6876274e-01
   3.0262187e-02
   1.7790411e-01
   7.5296664e-01
   1.2114565e+00
   1.0373638e+00
   4.8776504e-01
   1.6472933e-01
  -8.6528584e-03
   3.8502449e-01
   2.3853028e+00
   4.7153263e+00
   5.0512986e+00
   3.3543916e+00
   1.5430489e+00
   4.9073461e-01
   4.1752768e-01
   1.3269178e+00
   2.1806362e+00
   2.1978309e+00
   1.6068753e+00
   1.3126907e+00
   1.0023873e+00
   7.8907442e-01
   1.1557837e+00
   1.4298966e+00
   1.1618735e+00
   7.7257890e-01
   4.4697341e-01
   4.1861778e-01
   5.6340122e-01
   9.6551710e-01
   1.0824918e+00
   8.0811638e-01
   4.9004453e-01
   3.6325532e-01
   1.8584701e-01
   1.0044911e-01
   1.0692553e-01
   1.0286462e-01
   1.1754053e-01
   1.4260447e-01
   1.8702583e-01
   1.6205001e-01
   9.0339869e-02
   1.2953040e-01
   1.8837953e-01
   1.4038724e-01
   4.9522202e-02
   4.7991689e-02
   1.2670535e-01
   1.0675061e-01
   1.5605098e-01
   2.2237366e-02
   9.3832307e-02
   1.5690486e-01
   1.2921219e-01
   9.0379059e-02
   7.6004267e-02
   2.7596559e-02
   6.0418785e-02
  -7.8500230e-03
   4.0428653e-02
   8.5191146e-02
   3.2584479e-01
   6.3761073e-01
   6.2924874e-01
   3.4138176e-01
   1.1346546e-01
   3.1427812e-02
   1.6120577e-01
   3.3589533e-01
   4.6892586e-01
   4.8206690e-01
   3.5602507e-01
   2.4555098e-01
   3.5042194e-01
   3.4327137e-01
   2.1889608e-01
   1.2831531e-01
   1.2903123e-01
   4.5019709e-02
   1.4229596e-01
   4.4464096e-01
   4.7487828e-01
   4.0595913e-01
   2.9205224e-01
   9.1185287e-02
   3.0416047e-02
   3.8125363e-01
   1.4589150e+00
   2.1200109e+00
   1.6958333e+00
   9.2262572e-01
   1.8688336e-01
  -2.4626812e-02
   2.6287419e-01
   6.9591045e-01
   7.8871477e-01
   5.1562881e-01
   4.4882900e-01
   3.6025083e-01
   2.5266334e-01
   3.1343389e-01
   4.9419412e-01
   3.9567512e-01
   3.0119681e-01
   2.4164718e-01
   7.3153578e-02
   6.5326795e-02
   2.1705192e-01
   2.8833964e-01
   2.4440390e-01
   2.1416380e-01
   1.1740641e-01
   1.2058972e-01
   1.5592343e-01
   1.0756987e-01
   6.4049579e-02
   3.1674214e-02
   9.1347314e-02
   7.1073778e-02
   1.8793648e-01
   5.4908186e-01
   6.2619859e-01
   4.9490643e-01
   2.3095684e-01
   1.0869402e-01
   1.0695051e-01
  -5.0766636e-02
   1.9325491e-02
   8.1578128e-02
   1.3252510e-01
   1.6469422e-01
   1.8179746e-01
   1.3799301e-01
   1.4710546e-01
   2.4700436e-01
   1.4074193e-01
   6.1218012e-02
   5.3275144e-03
  -7.1518053e-03
   1.3289338e-01
   2.5685003e-01
   2.4766777e-01
   1.2006419e-01
   1.0114217e-01
   8.7771133e-02
  -2.8019806e-02
  -7.9676293e-02
   4.6049967e-02
   2.6318553e-01
   3.8718545e-01
   3.7649947e-01
   2.6121828e-01
   1.4544092e-01
   1.8897311e-01
   8.8777460e-02
   3.4955183e-01
   1.4645009e+00
   2.3074558e+00
   2.0670965e+00
   1.3059133e+00
   5.5135339e-01
   3.4754321e-01
   4.0025261e-01
   6.2127620e-01
   7.9736757e-01
   9.3353796e-01
   1.2249571e+00
   1.3144078e+00
   8.0588681e-01
   3.5751453e-01
   1.1642848e-01
   8.9565754e-02
   2.2515309e-01
   4.2758369e-01
   4.7362781e-01
   3.2994232e-01
   2.5805989e-01
   2.6483127e-01
   9.3469597e-02
   9.9190287e-02
   1.1712512e-01
   6.9956817e-02
   8.7294959e-02
   1.8835354e-01
   1.1456164e-01
   1.4852446e-01
   1.5211132e-01
   1.5530521e-01
   6.6582836e-02
   9.5926926e-02
   7.9811178e-02
   9.5396191e-02
   7.3131315e-02
   8.0789298e-02
   5.5703912e-02
   4.2442836e-02
  -2.0295989e-02
   6.3619658e-02
   1.9484876e-01
   2.0105985e-01
   1.8739451e-01
   1.1612060e-01
   3.9754689e-02
   5.3183492e-02
   1.1130829e-02
   1.7577088e-02
   6.0836323e-02
   3.2032788e-02
   5.2507631e-02
   1.2899172e-01
   8.8292293e-02
   6.5808669e-02
   1.0045447e-01
   6.7941807e-02
   4.9885672e-02
   1.2167127e-01
   1.3882670e-01
   1.6946463e-01
   1.3462614e-01
   1.1346591e-01
   1.0700642e-01
   7.4344471e-02
   5.9016559e-02
   8.5629724e-02
   6.0991216e-02
   4.4102147e-02
   9.6634991e-02
   1.0676650e-01
   1.8090095e-01
   1.4355430e-01
   3.6827557e-02
   2.1514626e-02
   2.9324351e-02
   1.0742946e-01
   2.5130960e-01
   4.5646885e-01
   4.2255411e-01
   2.3080233e-01
   1.2317345e-01
   4.8179302e-02
   8.2800880e-02
   1.6180818e-01
   1.9283913e-01
   3.0274111e-01
   3.7071177e-01
   4.6983120e-01
   3.2937300e-01
   1.3319501e-01
   5.5944532e-02
   5.4121114e-02
   1.2275475e-01
   1.2840188e-01
   1.3266708e-01
   1.3456228e-01
   1.0012648e-01
   6.0008127e-02
   7.9420365e-02
   1.3412502e-01
   9.2717305e-02
   8.4749043e-02
   6.5892607e-02
   3.9455082e-02
   2.4257775e-02
   5.4913711e-02
   1.0918010e-01
   5.1098306e-02
   2.2873454e-02
   2.7831927e-02
   2.0305427e-02
   8.4532261e-02
   1.1670801e-01
   8.4202468e-02
   5.6139179e-02
   5.2330822e-02
   8.0505051e-02
   6.9791555e-02
   1.5566906e-01
   1.5866397e-01
   8.2305543e-02
   5.1469650e-02
   8.9272380e-02
   6.0433831e-02
   3.4769572e-02
   8.0701791e-02
   1.1743504e-01
   1.0994542e-01
   1.0454929e-01
   5.1911958e-02
   8.2944140e-02
   6.5301560e-02
   3.7986565e-02
   7.7719055e-02
   6.3508049e-02
   4.4559069e-02
   1.2655060e-02
   6.5089658e-02
   8.0619343e-02
   1.0591208e-01
   1.0892739e-01
   1.1019789e-01
   1.1622015e-01
   5.6918465e-02
   4.7175396e-02
   1.9837016e-02
   1.0496957e-01
   9.1552287e-02
   5.8139220e-02
   5.1953651e-02
   8.4310837e-02
   4.3120123e-02
   2.8264131e-02
   1.1210506e-01
   1.1854520e-01
   1.4099470e-01
   9.3168125e-02
   5.3596128e-02
   7.9473019e-02
   5.6220926e-02
   7.6422617e-02
   5.1418118e-02
   1.3700552e-01
   2.3475917e-01
   1.4452136e-01
   1.0154827e-01
   6.9554739e-02
   1.0757640e-01
   5.8703452e-02
   6.9492944e-02
   6.8608075e-02
   6.4054899e-02
   4.3027122e-02
   8.3629847e-02
   3.7910640e-02
   5.3006187e-02
   5.6117497e-02
   9.8881617e-02
   6.6034198e-02
   3.1191509e-02
   7.4198350e-02
   4.0394075e-02
   6.6369615e-02
   1.1245313e-01
   7.2532773e-02
   9.4356813e-02
   1.0343063e-01
   8.0457866e-02
   1.0318125e-01
   2.2206662e-02
   1.6453506e-02
   3.4654796e-02
   7.4723000e-03
   4.3023191e-02
   1.1480779e-01
   1.1574955e-01
   1.1612134e-01
   1.2361313e-01
   9.2237554e-02
   1.3189007e-01
   1.1070813e-01
   6.0539704e-02
   5.7026085e-02
   5.3661056e-02
   4.8068389e-02
   4.8626836e-02
   5.0332043e-02
   3.7419096e-02
   9.4315223e-02
   6.6723578e-02
   5.1170986e-02
   3.2640718e-02
   2.6775738e-02
   1.8759714e-02
   1.7787442e-02
   4.1818418e-02
   2.9078087e-02
   4.8493329e-02
   6.3666418e-02
   6.6809803e-02
   6.8810947e-02
   5.1784284e-02
   1.9020554e-02
   2.3068585e-02
   6.2483143e-02
   6.1396357e-02
   7.8712903e-02
   7.0013858e-02
   8.1390254e-02
   2.5645766e-02
   3.8534865e-02
   5.4616395e-02
   4.7719285e-02
   4.5325030e-02
   4.9482994e-02
   4.3648548e-02
   6.2222678e-02
   4.0301114e-02
   4.4929106e-02
   7.3158368e-02
   5.0025173e-02
   6.7772433e-02
   4.8742276e-02
   5.8324218e-02
   5.6041636e-02
   3.0561680e-02
   3.3765133e-02
   5.0664086e-02
   6.2100533e-02
   2.7884854e-02
   8.1541583e-02
   6.8902634e-02
   8.1901684e-02
   8.2528986e-02
   6.2939852e-02
   6.7729793e-02
   3.2810245e-02
   1.1209946e-01
   7.7137694e-02
   5.8075499e-02
   6.5766886e-02
   1.0445486e-01
   7.6627925e-02
   7.1332432e-02
   5.8930960e-02
   3.5835557e-02
   5.3804286e-02
   5.6775339e-02
   3.4983974e-02
   7.5588159e-02
   4.5800880e-02
   1.8908828e-02
   9.2628479e-02
   1.0062694e-01
   1.6283389e-02
   3.1784266e-02
   4.5463309e-02
   4.2437151e-02
   6.4413056e-02
   7.6835915e-02
   7.2984070e-02
   4.0969223e-02
   3.0141862e-02
   6.0823977e-02
   5.4794181e-02
   7.2709322e-02
   6.9182262e-02
   5.7968464e-02
   4.3257207e-02
   5.2593075e-02
   1.6634336e-02
   5.9586861e-03
   5.8528554e-02
   4.3907963e-02
   1.2310033e-02
   4.6225209e-02
   8.0358431e-02
   5.1400263e-02
   2.2945825e-02
   7.3971398e-02
   4.9587868e-02
   1.1072415e-01
   7.7813469e-02
   2.6785728e-02
   5.9038524e-02
   3.9696127e-02
   1.9400751e-02
   4.7274582e-02
   4.4592392e-02
   3.7613120e-02
   5.6107994e-02
   6.0169965e-02
   4.6799194e-02
   7.0716277e-02
   2.5703441e-02
   4.7246169e-02
   3.7550192e-02
   5.7162181e-02
   8.8423997e-02
   8.6750999e-02
   7.7789322e-02
   1.9619226e-02
   8.5101798e-02
   1.4900617e-01
   1.8232659e-01
   1.2475669e-01
   9.7915277e-02
   8.6241707e-02
   3.2674704e-02
   4.8118174e-02
   8.8294275e-02
   7.9576768e-02
   9.1139086e-02
   1.1943332e-01
   9.3278013e-02
   9.9151887e-02
   6.1068285e-02
   9.9894263e-02
   4.8076775e-02
   5.6629829e-02
   8.5390620e-02
   2.5924522e-02
   6.7791522e-02
   4.5830235e-02
   2.2219384e-02
   7.3178485e-02
   2.8265897e-02
   1.3248654e-01
   1.2199020e-01
   7.1619630e-02
   6.2487874e-02
   9.6901514e-02
   3.7000269e-02
   9.0976544e-02
   1.2939353e-01
   1.2412584e-01
   8.2447462e-02
   2.8145390e-02
   7.1566731e-02
   1.0658122e-01
   7.5251788e-02
   7.5279161e-02
   6.1567590e-02
   2.1258809e-02
   4.3202527e-02
   4.2249035e-04
   4.5054134e-02
   7.1212471e-02
   7.3494211e-02
   5.3354923e-02
   4.7849782e-02
   5.1831469e-02
   8.4449716e-02
   7.2708547e-02
   6.5097257e-02
   1.3961175e-01
   1.5110536e-01
   1.7108814e-01
   1.3904835e-01
   8.6231209e-02
   6.5363728e-02
   1.4081915e-01
   7.9677969e-02
   9.5658302e-02
   2.4368231e-01
   3.5085621e-01
   4.3587095e-01
   2.7229753e-01
   1.2633038e-01
  -1.4682084e-02
   1.7964743e-01
   1.1193800e+00
   2.3484983e+00
   2.3572416e+00
   1.4151657e+00
   6.3600022e-01
   1.3512585e-01
   2.1871008e-01
   7.1651363e-01
   9.1065186e-01
   9.0160584e-01
   7.4620724e-01
   6.0441351e-01
   3.2753772e-01
   2.5431034e-01
   1.9883160e-01
   1.0753532e-01
   1.3840306e-01
   1.5610196e-01
   2.5340307e-01
   2.9058814e-01
   1.6801314e-01
   1.1001649e-01
   2.5682557e-02
   1.8034760e-02
   9.2062354e-02
   1.2183422e-01
   1.2816857e-01
   1.1869412e-01
   9.5583498e-02
   1.0945770e-01
   8.2360119e-02
   5.6107420e-02
   8.9339741e-02
   1.3717311e-02
   8.6838253e-02
   1.3812663e-01
   1.3027924e-01
   4.3879911e-02
   3.8919136e-02
   2.9031459e-02
   5.9913639e-02
   9.8964475e-02
   6.5844692e-02
   4.1571081e-02
   4.5212153e-02
   5.6207608e-02
   1.4831432e-03
  -1.2078233e-02
   1.8712930e-02
   5.5510089e-02
   8.0617115e-02
   1.0383456e-01
   1.0309181e-01
   1.1141063e-01
   6.0552049e-02
   1.6700896e-02
   3.7152581e-02
   6.3813515e-02
   8.2403816e-02
   1.3485278e-01
   9.3960039e-02
  -2.6093805e-03
   8.0806136e-02
   8.2871407e-02
   4.5362152e-03
   2.6069924e-02
   1.6894590e-02
   6.3652381e-02
   1.5726398e-01
   1.2924397e-01
   6.9737315e-02
   6.4987697e-02
   2.9011238e-02
   4.2086124e-02
   1.9751035e-01
   5.4571092e-01
   6.1653048e-01
   3.9208132e-01
   1.1993758e-01
   5.0467614e-02
   7.3350541e-02
   2.0491575e-01
   3.4388652e-01
   2.4531516e-01
   1.6004628e-01
   8.1176944e-02
   8.9957684e-02
   8.3965398e-02
   4.9055084e-03
   1.4995689e-02
   6.0128715e-02
   1.2458093e-01
   1.4278032e-01
   1.1755179e-01
   2.4921510e-02
   2.4623897e-02
   5.5588737e-02
   2.9792184e-02
   4.7420599e-02
   1.1892828e-01
   3.0924035e-02
   8.1245914e-02
   5.8134995e-02
   9.8345041e-02
   4.5318931e-02
   2.1685274e-02
   6.1718155e-02
   7.4365795e-02
   4.1123770e-02
   2.1271786e-02
   1.7986501e-02
   2.4663087e-02
   7.1273364e-02
   6.2034532e-02
   7.1773432e-02
   6.3864648e-02
   4.0479451e-02
   2.9028004e-02
   5.9547219e-02
   8.3423518e-02
   6.1151013e-02
   8.1875309e-02
   3.5847884e-02
   2.8445583e-02
   3.3659510e-02
   7.8863345e-02
   2.9562119e-02
   1.5901847e-02
   5.2980788e-02
   8.8843904e-02
   1.2001172e-01
   8.1925020e-02
   3.6277495e-02
   2.3959316e-02
   3.7697129e-02
   3.5612792e-02
   7.2088562e-02
   7.8620449e-02
   5.0751206e-02
   7.0052072e-02
   5.8229789e-02
   3.0258132e-02
   2.6116947e-02
   6.4214133e-02
   6.4566538e-02
   7.6064125e-02
   5.9443127e-02
  -8.0382098e-03
   8.8383712e-02
   1.4819947e-01
   1.0802647e-01
   8.6942442e-02
   4.6225894e-02
   5.9106335e-02
   9.4183117e-02
   1.1235805e-01
   1.1433666e-01
   5.7324208e-02
   1.6871167e-02
   2.9948385e-02
   2.7808327e-02
   4.4558391e-02
   6.9950178e-02
   1.3878366e-02
   1.3849529e-02
   2.6218906e-02
   9.2156440e-02
   8.1237972e-02
   2.2182012e-02
   3.6547653e-02
   5.3314839e-02
   8.5569546e-02
   5.0118882e-02
   4.6131525e-02
   6.9340743e-02
   4.8122402e-02
   3.4798246e-02
   1.6695494e-02
   1.2061645e-02
   1.4931365e-02
   6.6223770e-02
   5.6159284e-02
   9.6084565e-02
   7.7320293e-02
   6.5533042e-02
   3.5169806e-02
   8.2135037e-02
   5.2762162e-02
   3.4202822e-02
   3.8521763e-02
   6.5255716e-02
   7.2936632e-02
   7.0185676e-02
   5.7841253e-02
   5.8587585e-02
   6.5139756e-02
   9.3403481e-02
   1.1056037e-01
   3.2884751e-02
  -1.2241720e-02
   1.4587739e-02
   4.9781393e-02
   2.9398998e-02
   5.7384666e-02
   6.3557893e-02
   3.1462636e-02
   4.9840748e-02
   8.0283724e-02
   3.1923361e-02
   4.6295289e-02
   1.7734719e-02
   2.6394611e-02
   4.6959005e-02
   8.2082473e-02
   5.7059068e-02
   7.3752947e-02
   5.9932068e-02
   6.2027790e-02
   3.5329971e-02
   2.9847065e-02
   4.1575637e-02
   9.0607196e-02
   1.4225429e-01
   6.4443283e-02
   8.8867031e-02
   4.3610819e-02
   4.4377027e-03
   6.3016258e-02
   5.4226775e-02
   5.4881863e-02
   6.2296718e-02
   3.5911590e-02
   4.5741357e-02
   4.0130198e-02
   1.9628987e-02
   1.4192707e-02
   5.2469768e-02
   2.2048891e-02
   3.2159097e-02
   6.0902577e-02
   6.0843758e-02
   5.7884332e-02
   7.3805220e-02
   8.5314378e-02
   6.4200662e-02
   5.7402413e-02
   8.8323861e-02
   5.6409817e-02
   6.8946220e-03
   5.8587931e-02
   7.0677228e-02
   3.9360687e-02
   2.8527260e-02
   5.8011100e-02
   3.9188787e-02
   7.4494652e-02
   8.9403540e-02
   6.0095213e-02
   4.5983568e-02
   2.0586669e-02
   2.7498819e-02
   7.0350111e-02
   5.5372458e-02
   6.9504760e-02
   7.7363960e-02
   5.2251872e-02
   5.4011606e-02
   3.6461212e-02
   4.1227173e-02
   2.2500273e-02
   5.9256565e-02
   8.7390646e-02
   6.2011555e-02
   6.0083866e-02
   2.4480132e-02
   5.1857613e-02
   5.9961967e-02
   5.0340738e-02
   6.3280560e-02
   5.5305913e-02
   3.3958092e-02
   1.6315825e-02
   4.9491379e-02
   6.3166969e-02
   6.5264769e-02
   2.9815413e-02
   1.5562742e-02
