   3.4771662e-02
   1.4157289e-02
   2.9994451e-02
   2.3449542e-02
   4.5371056e-03
   2.6030436e-02
   5.3854305e-02
   6.1313838e-02
   5.5005014e-02
   3.8779218e-02
   2.6152030e-02
   3.0587437e-03
   3.4714416e-02
   5.9385184e-02
   3.0856980e-02
   3.1676617e-02
   4.6699286e-02
   5.0120562e-02
   7.8013740e-02
   8.5988499e-02
   5.4209590e-02
   9.6068298e-03
   3.0652285e-03
   1.6043678e-02
   2.9917484e-02
   5.9903853e-02
   2.7233545e-02
   2.6014164e-02
   6.3557550e-02
   1.1129788e-01
   1.2808163e-01
   7.7914797e-02
   4.2318434e-02
   5.8982521e-02
   6.6408105e-02
   3.7487723e-02
   6.4234667e-02
   5.0784327e-02
   4.2680059e-02
   6.3580625e-02
   3.8658679e-02
   4.5959208e-02
   4.5789339e-02
   4.1868001e-02
   5.8877282e-02
   3.9549328e-02
   2.3599770e-02
   2.6737558e-02
   2.7012596e-02
   7.7856533e-02
   8.0167055e-02
   4.2996351e-02
   6.5057002e-02
   7.2089508e-02
   2.3186378e-02
   2.1413203e-02
   4.4082373e-02
   2.9672632e-02
   8.9943595e-03
   1.6977407e-02
   1.4057542e-02
   3.3011906e-02
   3.0846456e-02
   2.1731243e-02
   3.2492392e-02
   6.2116835e-02
   5.5715531e-02
   3.2228071e-02
   3.6653917e-02
   2.2390908e-02
   9.8158106e-02
   5.8283284e-02
   3.3956233e-02
   4.5142591e-02
   5.2627962e-02
   5.1559746e-02
   2.8182598e-02
   3.5606179e-02
   5.0938688e-02
   7.1672775e-02
   4.7551688e-02
   2.5827911e-02
   3.1812623e-02
   2.5310664e-02
   2.0182142e-02
   2.5022108e-02
   3.0155936e-02
   5.1089767e-02
   5.1696647e-02
   4.9944930e-02
   1.9005785e-02
   9.2875091e-03
   4.0054586e-02
   3.1006301e-02
   3.4876171e-02
   5.3987108e-02
   2.7486283e-02
   4.8382338e-02
   9.1413267e-02
   9.4872944e-02
   6.7482859e-02
   6.3825533e-02
   4.6741467e-02
   6.3971549e-02
   3.6192045e-02
   1.5701549e-02
   4.5008771e-02
   4.9061377e-02
   6.0020674e-02
   4.8590075e-02
   7.3744647e-02
   6.2273003e-02
   1.0785806e-01
   4.1816926e-01
   5.9063971e-01
   4.4701946e-01
   2.0917009e-01
   1.0233803e-01
   9.2970267e-02
   6.0927719e-02
   5.9753880e-02
   5.5403985e-02
   2.2455065e-02
   1.2509851e-02
   2.7590657e-02
   6.0494158e-02
   4.9645141e-02
   5.3961091e-02
   3.9380610e-02
   8.6133920e-02
   1.0557687e-01
   6.3170455e-02
   3.6189679e-02
   3.9000142e-02
  -5.9613097e-04
   2.6702641e-03
   1.8743139e-02
   2.5141418e-02
   5.0283186e-02
   1.1460490e-02
   1.1962365e-02
   4.5928057e-02
   3.6588460e-02
   3.4808706e-02
   3.3776067e-02
   1.6673965e-02
   1.0386111e-03
   2.2508206e-02
   6.3981771e-02
   6.0845666e-02
   3.0906519e-02
   1.2703993e-02
   3.4996670e-02
   1.0979235e-02
   4.4762317e-02
   7.9975046e-02
   6.0847946e-02
   3.8331211e-02
   3.9519604e-02
   4.2953372e-02
   3.6980819e-02
   6.2658541e-02
   5.1095240e-02
   3.7137557e-02
   3.4845777e-02
   4.2425010e-02
   5.4345783e-02
   9.9804044e-02
   9.1726497e-02
   3.6958635e-02
   2.1856293e-02
   5.7601415e-02
   1.0097975e-01
   1.0286389e-01
   4.8206154e-02
   3.1367548e-02
   2.3931103e-02
   4.3618292e-02
   4.1110769e-02
   5.0264120e-02
   2.9402485e-02
   4.1473266e-02
   2.1500139e-02
   2.0949079e-02
   3.2648474e-02
   2.4278969e-02
   2.1445222e-02
   5.4630596e-02
   6.7868769e-02
   7.2291799e-02
   5.7955284e-02
   3.5223663e-02
   1.2618572e-02
  -1.4851949e-02
   2.1292167e-02
   1.3982186e-02
   2.8404171e-02
   3.5724498e-02
   4.7173269e-02
   1.8529527e-02
   7.9205045e-03
   2.0377891e-02
   4.4012584e-02
   1.7692601e-02
   1.7307464e-03
   4.6944138e-02
   3.5685327e-02
   4.8671827e-02
   4.4105794e-02
   8.1715032e-02
   7.6338612e-02
   5.1487587e-02
   3.4817133e-02
   4.1492485e-02
   3.3572398e-02
   1.8922264e-02
   1.4337514e-02
   3.3447254e-02
   4.2535931e-02
   6.6109821e-02
   3.1490497e-02
   3.5111319e-02
   1.5914120e-02
   1.6963869e-02
   1.2281433e-01
   1.8479945e-01
   1.6308479e-01
   7.7792920e-02
   5.2006923e-02
   7.0310608e-02
   1.0713318e-01
   6.5405011e-02
   3.5941746e-02
   2.4806326e-02
   8.7241732e-02
   1.5646921e-01
   2.0517881e-01
   1.4667769e-01
   9.6711889e-02
   4.7416992e-02
   1.5184389e-01
   3.4158820e-01
   2.6247266e-01
   7.8629889e-02
   4.3165561e-02
   1.1307353e-01
   2.1194528e-01
   1.7711443e-01
   1.1733510e-01
   1.1187077e-01
   6.3174315e-02
   1.2868768e-02
   3.0177703e-02
   3.7142493e-02
   3.0415673e-02
   5.0880615e-02
   5.9375167e-02
   3.3749517e-02
   3.7637517e-02
   3.7138149e-02
   4.4100378e-02
   5.3844508e-02
   7.2070725e-02
   6.1559957e-02
   1.1856809e-01
   1.0090414e-01
   3.4512274e-02
  -8.8655213e-03
   1.5378362e-02
   6.3001136e-03
   2.6444672e-02
   5.8250520e-02
   5.1041007e-02
   4.4609938e-02
   6.5268002e-02
   4.9522858e-02
   6.4585693e-02
   5.3036664e-02
   2.0212177e-02
   8.8885073e-03
   4.2552404e-02
   4.5283429e-02
   5.8180466e-02
   1.8843707e-02
   5.9137782e-03
   6.8842759e-03
   4.9423885e-02
   4.0223558e-02
   2.0749915e-02
   2.2456434e-02
   1.3290687e-02
   2.3888726e-02
   1.2904507e-02
   1.9904656e-02
   5.9425566e-02
   6.4712644e-02
   1.2630874e-01
   1.4483085e-01
   7.8446381e-02
   6.4773500e-02
   1.9420481e-01
   3.3417767e-01
   2.5475794e-01
   1.0368691e-01
   9.6453443e-02
   1.6137923e-01
   1.6484855e-01
   1.1609492e-01
   8.5217029e-02
   9.9397227e-02
   7.5208880e-02
   1.4328080e-01
   1.8617131e-01
   1.0811196e-01
   7.8796424e-02
   7.2522804e-02
   5.3759251e-02
   3.7485886e-02
   2.8609097e-02
   6.1704747e-02
   5.0314557e-02
   4.6945386e-02
   3.8833905e-02
   3.4749560e-02
   6.7681886e-02
   6.1551843e-02
   3.2262288e-02
   3.4454681e-02
   6.0719687e-02
   7.1158685e-02
   8.2340926e-02
   4.8306830e-02
   1.3209689e-02
   3.1780746e-02
   4.3416016e-02
   4.9312472e-02
   7.7887088e-02
   2.9030424e-02
   2.6145335e-02
   6.9782697e-03
   1.6235448e-02
   3.9439775e-02
   4.6048474e-02
   9.9129118e-02
   7.3356189e-02
   5.1882859e-02
   3.2528564e-02
   2.8745297e-02
   3.9550737e-02
   3.2852314e-02
   1.9759303e-02
   3.1173512e-02
   4.4679854e-02
   7.0824958e-02
   4.2882010e-02
   3.1833589e-02
   3.9271921e-02
   3.8404431e-02
   3.9234921e-02
   6.8657994e-02
  -7.3893974e-03
   1.7198240e-02
   3.2578278e-02
   3.7717551e-02
   5.3255316e-02
   5.2645959e-02
   7.8280851e-02
   4.9021531e-02
   1.6488846e-02
   7.1787331e-03
  -6.2271650e-03
   3.1719893e-02
   5.2838236e-02
   5.8187161e-02
   7.1752809e-02
   7.9124980e-02
   9.3915589e-02
   2.3271549e-01
   2.7999145e-01
   1.6606335e-01
   8.4553629e-02
   5.4946907e-02
   5.8336914e-02
   5.4038282e-02
   1.7023792e-02
   8.5741691e-03
   3.0763173e-02
   3.3532016e-02
   2.6793413e-02
   3.1482968e-02
   4.8332624e-02
   5.6332432e-02
   4.1741066e-02
   6.3346177e-02
   7.9153880e-02
   6.0873382e-02
   2.1497242e-02
   4.0000826e-02
   6.1421126e-02
   3.8016394e-02
   2.3879904e-02
   4.7947504e-02
   8.2718261e-02
   6.3226640e-02
   4.3625135e-02
   4.9935769e-02
   2.4116701e-02
   3.4995653e-02
   4.5503281e-02
   3.7524030e-02
   5.4705869e-02
   5.4290906e-02
   5.1924784e-02
   6.4864211e-02
   7.4410558e-02
   8.9816235e-02
   4.6127118e-02
   4.4382643e-02
   2.2839352e-02
   3.2201890e-02
   7.9196185e-02
   7.8156538e-02
   5.9929706e-02
   3.0094834e-02
   4.3594647e-02
   1.4449496e-02
  -3.1871728e-03
   6.9571002e-03
   4.4540334e-02
   5.4760043e-02
   2.8664060e-02
   1.8620767e-02
   6.3485421e-02
   8.5121036e-02
   9.5239535e-02
   4.4222225e-02
   7.4552614e-03
   2.6825681e-02
   5.6469064e-02
   5.0825130e-02
   5.0014593e-02
   4.3570586e-02
   3.8599409e-02
   3.6226958e-02
   3.8268790e-02
   6.0618609e-02
   7.4952766e-02
   3.5601441e-02
   2.9468285e-02
   1.3499314e-02
   1.7511735e-02
   2.6733158e-02
   2.0242311e-02
   5.5583235e-02
   3.7418179e-02
   3.6570974e-02
   3.7704125e-02
   6.0808033e-02
   1.7252536e-02
   1.7732615e-02
   3.0301699e-02
   3.5938405e-02
   5.8865853e-02
   4.3608092e-02
   3.1211570e-02
   3.1289101e-02
   4.3367855e-02
   2.6460968e-02
   3.6338467e-02
   2.7009623e-02
   4.7628220e-02
   7.9104029e-02
   1.1283135e-01
   9.4029091e-02
   9.9427134e-02
   4.9954977e-02
   7.8710578e-02
   4.5158975e-02
   3.9693557e-02
   3.1283949e-02
   5.8219797e-04
   3.6225405e-02
   3.1242009e-02
   4.7541395e-02
   6.1722782e-02
   9.5681548e-02
   4.5711711e-02
   2.7477536e-02
   3.0827681e-02
   4.9909737e-02
   4.4203840e-02
   4.7925666e-02
   2.5192672e-02
   3.9562967e-02
   1.0022140e-01
   9.7613044e-02
   5.8777820e-02
   2.8384639e-02
  -5.2543152e-03
   3.2976221e-02
   4.2753886e-02
   2.2209428e-02
   5.9518009e-02
   1.3366935e-01
   1.1805739e-01
   6.0216010e-02
   6.6555947e-02
   6.1115388e-02
   6.0200926e-02
   9.8496936e-02
   7.6152220e-02
   3.7987862e-02
   5.4362621e-03
   3.6825620e-02
   4.9001787e-02
   2.5369380e-02
   3.7416376e-02
   6.5152608e-02
   7.9038128e-02
   2.5578199e-02
   1.5373007e-02
   1.8981351e-02
   5.1089458e-02
   7.6403625e-02
   2.4158176e-02
   3.0423257e-02
   3.0898964e-02
   2.9422095e-02
   4.2017736e-02
   5.7568546e-02
   2.2562815e-02
   4.4502255e-02
   8.5057065e-02
   7.0793435e-02
   2.2419764e-02
   2.2426421e-02
   3.3313487e-02
   1.1377472e-01
   2.0337702e-01
   1.0525472e-01
   7.0830949e-02
   7.3735751e-02
   4.6177529e-02
   3.1212837e-02
   2.4494724e-02
   1.0443610e-02
   3.7657265e-02
   2.0496339e-02
   1.8119926e-02
   2.8306449e-02
   3.0749975e-02
   7.6468438e-03
  -1.5016953e-02
   1.6431669e-02
   5.2921247e-02
   7.0355758e-02
   9.1971450e-02
   6.5099232e-02
   8.5125133e-02
   1.1772989e-01
   1.1042014e-01
   1.3325779e-01
   7.0269771e-02
   2.8713599e-02
   3.8932938e-02
   3.8706578e-02
   7.5789290e-03
   4.1334763e-02
   6.5706983e-02
   5.1632002e-02
   9.8556146e-02
   8.2659103e-02
   1.0761278e-02
   2.5085548e-02
   3.3965662e-02
   4.2494699e-02
   5.0454646e-02
   2.5542952e-02
   2.6268043e-02
   2.5027907e-02
  -4.3976142e-05
  -1.0304147e-03
   2.5613574e-02
   4.5263302e-02
   4.5062523e-02
   7.2632092e-03
   2.8153043e-02
   7.6314792e-02
   1.4460818e-01
   1.6526285e-01
   9.1508135e-02
   3.4137338e-02
   3.7781492e-02
   9.8885737e-02
   6.1026160e-02
   1.6691674e-01
   5.5817455e-01
   6.4111173e-01
   3.7622344e-01
   7.3598228e-02
   5.9239831e-02
   1.4211681e+00
   4.6379004e+00
   4.3405581e+00
   1.7113183e+00
   4.2833877e-01
   1.7902833e-01
   2.0420960e-01
   2.7192482e-01
   6.1635351e-01
   7.0317888e-01
   4.1389543e-01
   9.8593004e-02
   5.6183558e-02
   1.3000616e-01
   1.6686700e-01
   1.8036608e-01
   2.2698294e-01
   1.5285940e-01
   8.6687893e-02
   7.9341665e-02
   9.6116975e-02
   9.6023925e-02
   1.1422023e-01
   1.1406095e-01
   1.6787669e-01
   9.4219796e-02
   2.7938846e-02
   3.4829766e-02
   4.1084308e-02
   2.8356388e-02
   5.0408989e-02
   1.8183438e-02
   4.5773867e-03
   5.0021283e-02
   6.5425806e-02
   4.0476609e-02
   5.3351644e-02
   5.6554802e-02
   4.8837005e-03
   4.2868016e-04
   2.0727074e-02
   2.2793297e-02
   5.8557279e-02
   2.8533140e-02
  -4.7985804e-03
   4.4241238e-02
   1.4127336e-01
   1.8329811e-01
   1.5414493e-01
   1.1135709e-01
   6.3636236e-02
   2.9732534e-01
   4.2076805e-01
   2.0518044e-01
   3.2503244e-02
   1.0929242e-01
   1.9296256e-01
   1.5582308e-01
   9.8306872e-02
   6.9229439e-02
   2.2577690e-01
   9.1480547e-01
   1.0321096e+00
   5.0709784e-01
   1.7893097e-01
   7.2000720e-02
   5.3512707e-02
   5.4335747e-02
   1.1670681e-01
   1.3180020e-01
   6.2433362e-02
   4.1965649e-02
   9.0465918e-03
   1.6692594e-02
   8.8972554e-02
   1.3780259e-01
   9.0883680e-02
   2.2630800e-02
   7.7394977e-02
   8.9356042e-02
   3.5018235e-02
   3.0698348e-02
   5.8349721e-02
   6.0096532e-02
   7.8160249e-02
   5.8117080e-02
   1.0528872e-01
   8.6417645e-02
   5.2176513e-02
   3.9474200e-02
   8.2294963e-02
   1.0269748e-01
   1.1163045e-01
   1.4231224e-01
   1.0877685e-01
   1.0326497e-01
   5.9180740e-02
   6.2383756e-02
   3.3851776e-02
   8.5089281e-02
   8.2360767e-02
   1.0747814e-01
   1.9616248e-01
   1.0340120e-01
   9.6311435e-02
   1.5745449e-01
   2.0600878e-01
   1.5380926e-01
   1.1689784e-01
   1.4326183e-01
   1.4611359e-01
   2.2811019e-01
   1.5518065e-01
   1.4025570e-01
   1.6316792e-01
   4.0621519e-01
   4.8564324e-01
   2.7579081e-01
   8.4503710e-02
   3.1326294e-01
   1.1948138e+00
   1.5698441e+00
   8.7688118e-01
   3.0818820e-01
   1.3387878e-01
   5.9769791e-02
   1.4797834e-01
   2.4202061e-01
   2.4310198e-01
   2.0095566e-01
   8.1480488e-02
   5.0085522e-02
   6.2636688e-02
   4.4051595e-02
   3.9465483e-02
   1.0389856e-01
   1.0762559e-01
   6.4364679e-02
   8.0149092e-02
   5.6679539e-02
   4.9591202e-02
   4.8129942e-02
   3.1911392e-02
   1.7123764e-02
   4.4007026e-02
   3.9379191e-02
   3.4118142e-02
   1.9977290e-02
   5.9773169e-02
   6.8995632e-02
   3.5665307e-02
   1.2308572e-02
   4.0522791e-02
   4.0330093e-02
   3.1418428e-02
   4.5475896e-02
   5.1836170e-02
   4.6502084e-02
   8.6638287e-02
   6.5800376e-02
   8.1174456e-02
   7.0414752e-02
   5.4523524e-02
   2.3681613e-02
   4.2989127e-02
   9.9142812e-02
   1.1388441e-01
   7.9578258e-02
   5.3919166e-02
   5.8941673e-02
   7.0520751e-02
   1.0513110e-01
   1.0301265e-01
   9.9711403e-02
   1.4495163e-01
   1.3102162e-01
   5.8975626e-02
   4.7482055e-02
   1.2187627e-01
   3.6749551e-01
   3.7565890e-01
   1.9051908e-01
   9.1039419e-02
   5.8686633e-02
   2.3972180e-02
   5.4436848e-02
   2.6528396e-02
   4.7523752e-02
   5.9448581e-02
   7.1260042e-02
   5.0227426e-02
   2.4756540e-02
   9.8852785e-03
   3.3350907e-02
   4.7230624e-02
   3.8385790e-02
   1.9696821e-02
   1.1451603e-02
   2.2642292e-02
   8.9351654e-02
   1.5951864e-01
   1.3494080e-01
   1.1458646e-01
   5.7134580e-02
   2.3495655e-03
   4.5627739e-02
   8.2856923e-02
   7.5153701e-02
   4.3049421e-02
   6.4818665e-02
   5.4692168e-02
   7.7396855e-02
   6.0825299e-02
   4.6375193e-02
   7.4917763e-02
   6.7200705e-02
   4.0050194e-02
   2.6159696e-02
   1.2200003e-02
  -6.1533968e-03
   1.2723585e-02
   5.3721104e-02
   5.8860313e-02
   4.7844596e-02
   5.4724388e-02
   1.8000714e-02
   4.9429134e-02
   5.2008949e-02
   2.6675887e-02
   2.2581510e-02
   6.2950701e-02
   8.2419217e-02
   1.1276990e-01
   7.9165854e-02
   5.2447710e-02
   3.3790413e-02
   3.8632441e-02
   1.7240830e-01
   1.9970734e-01
   1.4577729e-01
   6.8389691e-02
   5.4551072e-02
   6.0102314e-02
   1.1504525e-01
   9.6807465e-02
   4.3777707e-03
   1.7313283e-02
  -4.7323178e-03
   1.1289507e-02
   9.6528545e-02
   8.3925910e-02
   9.7775862e-02
   1.7860420e-01
   1.2299852e-01
   3.4944877e-02
   2.3392573e-02
   7.8671478e-02
   1.0227937e-01
   8.1957735e-02
   5.2895959e-02
   4.1186053e-02
   2.1474466e-01
   4.5121175e-01
   4.0498301e-01
   1.7911841e-01
   7.3824219e-02
   9.1202602e-02
   2.1630195e-01
   2.2371338e-01
   1.6086386e-01
   1.1850351e-01
   1.2050120e-01
   1.3365239e-01
   1.3737042e-01
   9.7952895e-02
   8.5731260e-02
   6.2337652e-02
   6.0578909e-02
   6.2218916e-02
   6.3443288e-02
   3.5570607e-02
   4.4386148e-02
   6.6891365e-02
   6.4844504e-02
   2.0437190e-02
   2.7836051e-02
   2.5369686e-03
  -7.5506128e-04
   4.7535752e-03
   3.0648315e-02
   5.8071934e-02
   6.7630827e-02
   2.7676584e-02
   3.1856630e-02
   7.7973403e-02
   7.3623776e-02
   5.2982926e-02
   6.8673111e-02
  -1.4661009e-02
  -1.5394554e-02
   2.1740919e-02
   7.7738278e-02
   7.4876785e-02
   3.4557264e-02
   4.0788252e-02
   3.2188494e-02
   3.2625236e-02
   1.6953930e-02
   1.2657389e-02
   3.1501230e-02
   5.4727230e-02
   9.3776733e-02
   8.6617269e-02
   6.7506030e-02
   1.0639495e-01
   7.3656365e-02
   8.7666400e-02
   6.2772281e-02
   1.3300871e-02
   1.1476600e-01
   1.9784105e-01
   1.6258791e-01
   6.1682418e-02
   5.8362015e-02
   3.9142374e-02
   7.9344220e-02
   7.0217296e-02
   7.7180810e-02
   6.7871049e-02
   7.2199263e-02
   7.7717893e-02
   6.7201212e-02
   5.9282083e-02
   6.4305365e-02
   3.9439481e-02
   2.9920416e-02
   2.9214157e-02
   4.1478608e-02
   8.6526707e-02
   1.2287460e-01
   9.2424490e-02
   1.1186232e-01
   1.8223955e-01
   1.7372099e-01
   1.1617623e-01
   3.3179108e-02
   6.0146812e-02
   1.9345282e-01
   2.3962374e-01
   2.4877694e-01
   1.3646284e-01
   2.5432721e-01
   4.2722064e-01
   2.9252633e-01
   9.4348699e-02
   8.4937893e-02
   4.6468917e-01
   7.1809465e-01
   4.3859625e-01
   8.2466811e-02
   1.2019037e-01
   1.1971675e+00
   2.4535246e+00
   1.7265316e+00
   6.1131132e-01
   3.0170780e-01
   1.5279343e+00
   2.5053043e+00
   1.7904626e+00
   8.8352841e-01
   4.0176052e-01
   5.1082158e-01
   4.7879666e-01
   1.9911087e-01
   1.2631325e-01
   1.3100180e-01
   3.6406365e-01
   2.8355497e-01
   1.3140120e-01
   6.5280057e-02
   1.1441743e-01
   1.5028806e-01
   1.2862457e-01
   6.4557143e-02
  -9.3957661e-03
  -4.5233756e-02
  -2.2621557e-02
  -1.3121121e-02
  -3.1298622e-02
  -1.0322790e-02
  -4.0746513e-03
   1.1072727e-02
   1.0003709e-02
   1.2359073e-02
  -5.0173835e-03
   4.7618270e-02
   5.1719610e-02
   1.9595655e-02
   4.9239051e-02
   1.0263047e-01
   1.3992910e-01
   6.6287465e-02
   2.1762740e-02
   8.6351320e-02
   1.1493534e-01
   1.7397660e-01
   1.1674766e-01
   7.6030888e-02
   9.0628296e-02
   1.0935623e-01
   9.9227779e-02
   8.1781723e-02
   1.4644620e-01
   2.4100922e-01
   2.0836721e-01
   4.4811171e-02
   2.4332952e-02
   3.3652624e-01
   8.0964512e-01
   6.4914501e-01
   2.5979003e-01
   1.0287802e-01
   2.2444649e-01
   3.4166628e-01
   1.4688441e-01
   1.2573306e-01
   1.4062653e-01
   1.9289038e-01
   2.1132278e-01
   1.0369372e-01
   7.6601654e-02
   5.8038600e-02
   1.5421674e-01
   1.2397569e-01
   4.1280076e-02
   2.3284096e-03
   2.5047719e-02
   5.9823602e-02
   2.6482534e-02
   4.0300630e-02
   1.0808655e-01
   2.8163320e-01
   2.4827658e-01
   8.9962512e-02
  -5.2477056e-03
  -1.4180519e-02
   4.5728572e-03
   2.7047675e-02
   5.5070501e-02
   1.7143434e-01
   2.4069418e-01
   2.3515458e-01
   1.2888144e-01
   1.1039680e-01
   8.4565893e-02
   7.8426868e-02
   6.6141635e-02
   2.7647985e-02
   5.5617895e-02
   8.5680997e-03
   4.3094173e-02
   1.0144392e-01
   1.0380659e-01
   9.5597208e-02
   1.2552316e-01
   1.8313386e-01
   4.0220797e-01
   6.5832394e-01
   5.7713109e-01
   2.9557738e-01
   1.8004391e-01
   2.0230821e-01
   2.0653528e-01
   4.1070333e-01
   5.2585524e-01
   3.2676226e-01
   1.2049063e-01
   1.3100018e-01
   4.9715063e-01
   5.9894663e-01
   3.9559880e-01
   2.3502262e-01
   8.9017771e-02
   8.0449201e-02
   6.5376788e-02
   3.1154834e-02
   1.4788974e-02
   4.4798471e-02
   3.8778163e-02
   7.5389543e-03
  -7.0484625e-03
   4.7033105e-02
   5.4901883e-02
   7.1713291e-02
   5.1451251e-02
   4.1524932e-02
   7.7863187e-02
   4.1720226e-02
   3.0301888e-02
   2.2747770e-02
   6.5792897e-03
   1.1867790e-02
  -6.5509728e-03
   2.3416962e-02
   6.5090999e-02
   3.3013619e-02
   5.2637577e-02
   4.7797415e-02
   8.7464541e-02
   1.1728317e-01
   9.6901804e-02
   5.8802031e-02
   3.8321193e-02
   6.7420937e-02
   3.2639071e-02
   2.3327947e-02
   3.0498441e-02
   1.2065471e-02
   1.7722715e-02
   2.7789548e-02
   3.7830383e-02
   4.7696967e-02
   1.0013900e-01
   1.2648511e-01
   1.3555884e-01
   1.0169286e-01
   8.6557649e-02
   7.1129918e-02
   1.0605854e-01
   2.3806135e-01
   1.5438351e-01
   5.4156147e-02
   4.7260419e-02
   9.8077305e-02
   7.9134271e-02
   8.6594008e-02
   5.1899560e-02
   4.4617783e-02
   9.5581762e-02
   9.3235888e-02
   1.0771032e-01
   7.4005872e-02
   5.6598730e-02
   9.6371703e-02
   6.2541910e-02
   4.1938245e-02
   6.2568896e-02
   3.4237757e-02
   3.5210813e-03
   4.2613001e-06
  -3.8175704e-03
   1.4939123e-02
   4.6692055e-02
   7.5164348e-02
   4.9964257e-02
   8.1344610e-03
   3.9274372e-02
   6.0794495e-02
   2.9237172e-02
   6.0817987e-02
   5.9447952e-02
   5.1948145e-02
   2.8173376e-02
   3.8814168e-02
   1.3464857e-02
   2.8174696e-02
   2.6109517e-02
   4.0618800e-02
   4.4212509e-02
   3.5890888e-02
   3.4486417e-02
   2.4022153e-02
   3.7441555e-02
   1.0440162e-02
   6.7743286e-02
   1.3815266e-01
   1.6160794e-01
   1.2378594e-01
   8.7241158e-02
   5.8742158e-02
   1.8908063e-02
   4.9265567e-02
   4.2444751e-02
   4.7671694e-02
   8.3421230e-02
   7.2587296e-02
   7.2860166e-02
   1.3478726e-01
   1.8894915e-01
   2.0633589e-01
   1.1324511e-01
   3.7243478e-02
   9.9867312e-03
   6.2597767e-02
   3.8985424e-02
   6.7520356e-03
   3.3437561e-02
   4.3980908e-02
   2.9643159e-02
   1.6683081e-02
   1.3507805e-02
   4.6359234e-02
   7.9954140e-02
   6.2483054e-02
   3.5251494e-02
   4.3798301e-02
   4.9294185e-02
   3.7436143e-02
   9.6100923e-03
  -5.4261023e-03
   3.7379228e-04
   2.9077692e-02
   6.1487768e-02
   6.1214209e-02
   4.2350598e-02
   4.0414616e-02
   4.6861440e-02
   3.8471360e-02
   3.1892069e-02
   6.6555828e-02
   2.4431763e-02
   1.0854327e-02
   4.4415850e-02
   6.4082310e-02
   4.2016201e-02
   2.5946243e-02
   1.4539870e-02
   4.3455318e-02
   3.6837600e-02
   6.4108334e-02
   3.3093579e-02
   5.5223033e-02
   6.0116820e-02
   4.6782434e-02
   3.1422641e-02
   1.6225804e-02
   4.3735925e-02
   8.5222483e-02
   3.6894400e-02
   6.5307587e-02
   9.3764521e-02
   7.4948505e-02
   4.3571651e-02
   6.6478297e-02
   2.6199738e-02
   1.8294718e-02
   2.0202415e-02
   1.3397243e-02
   2.4722405e-03
   5.0221976e-02
   3.7132472e-02
   5.1360652e-02
   3.7919875e-02
   4.2302337e-02
   2.4722090e-02
   5.9972849e-02
   6.2103774e-02
   3.3221997e-02
   3.6632538e-02
   4.6929005e-03
   2.0974506e-02
   1.5445464e-02
   3.3087403e-02
   4.4364788e-02
   5.0934818e-02
   6.5290838e-02
   5.0555613e-02
   4.7246948e-02
   4.7321752e-02
   4.5851901e-02
   2.3570048e-02
   4.1939899e-02
   2.2039559e-02
   1.0026743e-02
   3.2425273e-02
   5.9101533e-02
   3.4939859e-02
   2.3657322e-02
   5.1356450e-02
   3.9210103e-02
   2.6684724e-02
   2.5706997e-02
   5.8703396e-02
   5.7734054e-02
   9.3091212e-02
   9.8268166e-02
   3.4540936e-02
   1.7360488e-02
   1.1240815e-02
   2.1344336e-02
   4.5212034e-02
   6.9334708e-02
   3.9351132e-02
   2.9368345e-02
   4.1339710e-02
   4.5232832e-02
   1.2799525e-01
   1.4294679e-01
   7.2660998e-02
   3.8618192e-02
   3.9565600e-02
   4.3831822e-02
   1.1075162e-02
   2.3617368e-02
   6.6285923e-02
   5.0570089e-02
   1.1541896e-02
   1.4124430e-02
   4.9382385e-02
   4.4811692e-02
   3.9562583e-02
   5.3150468e-03
   2.8301103e-02
   5.2105635e-02
   4.3586001e-02
   2.5199832e-02
   4.1571662e-02
   4.9561370e-02
   3.2086093e-02
   9.8815290e-03
   3.1745940e-02
   1.8355364e-02
   1.3817556e-02
   7.1196491e-04
   2.5924877e-03
   3.1215591e-02
   4.2657088e-02
   3.7773501e-02
   1.2045187e-02
  -1.7729647e-02
   1.0882810e-02
   2.2942370e-02
   9.2660926e-02
   1.1463299e-01
   1.0304618e-01
   3.3615693e-02
   3.2065306e-02
   5.3580228e-02
   7.3765680e-02
   9.8948352e-02
   1.9814245e-01
   1.9137928e-01
   1.0016745e-01
   4.6638057e-02
   4.3575624e-01
   1.2624435e+00
   1.0948393e+00
   4.0935054e-01
   1.4938241e-01
   3.4660307e-01
   5.0539982e-01
   4.1866130e-01
   2.9019693e-01
   1.7190006e-01
   1.2846030e-01
   9.5727727e-02
   1.0966798e-01
   9.9081866e-02
   9.3572192e-02
   6.3661501e-02
   5.8513172e-02
   6.6175148e-02
   9.1425240e-02
   8.6968198e-02
   4.9122937e-02
  -5.0577200e-03
  -4.5155277e-03
   2.2387059e-02
   2.1759203e-02
   3.9048724e-02
   1.0119374e-02
   3.3003185e-02
   6.9960363e-02
   5.9551734e-02
   5.2953064e-02
   3.1827055e-02
   4.8951283e-02
   2.9957881e-02
   3.3218242e-02
   5.0555967e-02
   3.0739367e-02
   3.9103419e-02
   2.3863435e-02
   4.1127358e-02
   3.0372856e-02
   7.7001229e-02
   9.5853500e-02
   1.8585708e-02
   1.9450609e-02
   2.3252886e-02
   3.7918355e-02
   3.8563788e-02
   7.5759210e-02
   5.2964877e-02
   5.3403515e-02
   4.2609293e-03
   3.4818009e-02
   1.9721474e-01
   2.4946378e-01
   8.4056258e-02
   6.5492421e-02
   6.3088968e-02
   6.7215018e-02
   5.7298012e-02
   5.6484934e-02
   5.3477604e-02
   3.9099567e-02
   4.2072479e-02
   3.6670115e-02
   6.9104150e-02
   4.1130789e-02
   3.2617707e-02
   3.5207234e-02
   3.5288971e-02
   4.2371202e-02
   1.4856609e-02
   1.1808570e-02
   1.7104639e-02
   1.8502392e-02
   4.5996312e-02
   7.0047662e-02
   5.4014198e-02
   3.9668739e-02
   1.6522549e-02
   3.3653282e-02
   4.0662728e-02
   5.0412849e-02
   5.5958387e-02
   4.9696364e-02
   5.5853590e-02
   1.7222369e-02
   3.2251757e-02
   2.1894857e-02
   3.9518956e-02
   2.5077717e-02
   4.5567110e-02
   2.9587915e-02
   2.8478473e-02
   2.3414645e-02
   1.0353590e-02
   3.7192643e-02
   5.3877395e-02
   2.9134247e-02
   1.7296018e-02
   1.3723986e-02
   2.7045771e-02
   6.0896721e-02
   4.4543780e-02
   5.5429224e-02
   7.7739283e-02
   1.0370665e-01
   6.4361513e-02
   4.9773920e-02
   6.0696285e-02
   5.8272500e-02
   4.2055693e-02
   4.7717251e-02
   4.0875882e-02
   2.8076598e-02
   2.0189635e-02
   2.2788707e-02
   3.9399914e-02
   1.6519474e-02
   2.5559546e-02
   5.3032737e-02
   9.8696537e-03
  -4.0277080e-03
   3.8297482e-02
   3.7661977e-02
   2.7355913e-02
   4.2142868e-02
   4.9619414e-02
   3.3459786e-02
   2.8524412e-02
   2.6267109e-02
   3.5962131e-02
   1.2060422e-02
   2.9542981e-02
  -1.8032757e-03
   2.0073134e-02
   4.8563320e-02
   5.9869934e-02
   3.9418425e-02
   1.7780246e-02
   2.9022871e-02
   5.5313259e-02
   2.8616704e-02
   2.7356163e-02
   4.3304544e-02
   4.0361639e-02
   3.3856224e-02
   3.0900905e-02
   4.1084129e-02
   6.7990385e-02
   5.0596595e-02
   3.5747100e-02
   5.4903924e-02
   3.3912864e-02
   1.0037210e-02
   2.3672283e-02
   1.6621774e-02
   4.5217458e-02
   5.8376852e-02
   5.3317387e-02
   2.8888144e-02
   4.4565719e-02
   4.7532052e-02
   4.0327616e-02
   1.5399663e-02
   1.6433217e-03
  -2.3835497e-03
   2.2730622e-02
   3.5315782e-02
   3.9376568e-02
   3.5839878e-02
   4.0821534e-02
   4.3159798e-02
   2.5010932e-02
   4.0206593e-02
   2.4234643e-02
  -6.5561952e-03
   5.7946142e-02
   5.5503007e-02
   1.3442845e-02
   1.6381936e-02
   1.4445891e-02
   2.9077971e-02
   3.7788834e-02
   1.8022468e-02
   3.5842177e-02
   3.9372254e-02
   1.8989297e-02
   1.4502693e-02
   3.6577813e-02
   3.2524850e-02
   1.7586360e-02
   4.2328671e-02
   3.2045823e-02
   3.6593478e-02
   4.2110868e-02
   2.4489947e-02
   1.7077586e-02
   2.6630785e-02
   1.6487788e-02
   5.9830371e-02
   5.7730030e-02
   4.4172533e-02
   6.1735209e-02
   4.4793427e-02
   3.7622649e-02
   4.2091671e-02
   3.5391215e-02
   7.3093422e-02
   5.9991650e-02
   5.8917958e-02
   3.9400056e-02
   3.0269898e-02
   4.6842933e-02
   1.3374791e-02
   1.8025449e-02
   6.9475244e-03
   4.8200469e-03
   1.5162182e-02
   4.6479929e-02
   4.0669087e-02
   3.9580747e-02
   8.6994888e-03
   3.1159284e-02
   2.3887422e-02
   1.9538892e-02
   3.6318593e-02
   3.0443436e-02
   1.6041882e-02
   3.1918000e-02
   3.5042860e-02
   4.0225752e-02
   4.4023599e-02
   3.1957358e-02
   3.5774395e-02
   1.2879875e-02
   3.2315489e-02
   5.1826432e-02
   5.3164534e-02
   7.5260133e-02
   2.7545113e-02
   3.2415863e-02
   5.1967479e-02
   2.8695185e-02
   3.1697355e-02
   5.0976548e-02
   3.6339380e-02
   6.7650899e-02
   3.6990128e-02
   2.3443246e-02
   3.7130848e-02
   5.7845820e-02
   5.4978576e-02
   3.4103349e-02
   2.4021842e-02
   1.8258872e-02
   7.0817716e-02
   2.8227074e-02
   2.7912226e-02
   1.4323081e-02
   2.0871071e-02
   5.8020853e-02
   5.6221571e-02
   5.3566307e-02
   8.2337663e-02
   8.7409049e-02
   5.3853944e-02
   2.1422975e-02
   1.2901306e-02
   2.5108119e-02
   3.5928652e-02
   6.4015768e-02
   6.4380892e-02
   4.7943708e-03
   2.8425772e-02
   2.6753495e-02
   3.4998983e-02
   3.5944119e-02
   3.7559636e-02
   1.3247578e-02
   8.2270633e-03
   1.6857982e-02
   4.0073607e-02
   5.7410784e-02
   5.0189901e-02
   3.5417322e-02
   6.7307815e-02
   4.7679968e-02
   2.4738204e-02
   3.1121189e-02
   4.1454393e-02
   5.8499705e-02
   4.5997772e-02
   3.8355388e-02
   5.2930348e-02
   3.9216965e-02
   2.3902010e-02
   3.2381721e-02
   5.6044381e-02
   2.8389050e-02
   1.7865477e-02
   3.4343120e-02
   3.7504431e-02
   2.8511886e-02
   4.5897353e-02
   7.8041768e-03
   1.2112613e-02
   2.2531314e-02
   4.9747653e-02
   3.1942442e-02
   3.7853461e-02
   3.9183877e-02
   2.7156636e-02
   2.1118397e-02
   1.4232436e-02
   2.3684133e-02
   2.0954134e-02
   1.9767897e-02
   3.9416965e-02
   2.1835988e-02
   2.5690107e-02
   2.1570204e-02
   1.4710294e-02
   1.8193066e-02
   1.9302413e-02
   5.2929930e-03
   5.3713635e-02
   2.9098433e-02
   2.6868178e-02
   4.4187319e-02
   4.6355404e-02
   2.4936678e-02
   2.2948211e-02
   3.4736689e-02
   5.8011808e-02
   3.9215013e-02
   4.4656072e-02
   4.0981017e-02
   4.3718409e-02
   3.5643529e-02
   1.4970232e-02
   1.3151102e-02
   1.1281471e-02
   2.5612650e-02
   6.6682853e-02
   2.8219914e-02
   1.7143745e-02
   3.1494860e-02
   2.1675989e-02
   2.9521110e-02
   2.5511958e-02
   5.2784085e-02
   4.3456800e-02
   5.8652118e-02
   3.0509790e-02
   2.8556995e-02
   4.3042198e-02
   4.3944053e-02
   2.3843372e-02
   3.4559533e-02
   4.9973525e-02
   8.5174546e-02
   1.8640791e-01
   2.1228138e-01
   1.6324764e-01
   1.0278323e-01
   7.0304677e-02
   6.6076130e-02
   3.8747273e-02
   2.6612714e-02
   3.1453203e-02
   1.5239007e-02
   1.5184914e-02
   2.7131356e-02
   2.4945723e-02
   4.9864743e-02
   4.8049513e-02
   4.1798655e-02
   1.8708512e-02
   2.9376393e-02
   2.4251299e-02
   3.8434897e-02
   3.4090903e-02
   2.9173002e-02
   2.8877405e-02
   5.3758565e-02
   4.9964771e-02
   2.3076465e-02
   1.1562026e-02
   1.7999349e-02
   3.6024615e-02
   3.0566445e-02
   6.1041720e-02
   5.2558314e-02
   7.1436413e-02
   5.0082810e-02
   4.3718338e-02
   2.0767553e-02
   1.5154161e-02
   1.8056858e-02
   2.2085607e-02
   2.2447241e-02
   4.7895834e-02
   6.9919318e-02
   1.1850628e-01
   8.1416838e-02
   3.3768363e-02
   6.1259832e-02
   3.0096639e-02
   3.2862891e-02
   1.2155082e-02
   1.5430052e-03
   2.5570208e-02
   4.2184707e-02
   3.2912232e-02
   5.0556164e-02
   5.6033913e-02
   7.4397646e-02
   6.6117018e-02
   6.5047726e-02
   3.9599765e-02
   2.3431912e-02
   1.8617893e-02
   1.9484939e-02
   2.5234360e-02
   5.4348990e-02
   5.0106682e-02
   2.6610864e-02
   1.4487812e-02
   3.2492358e-02
   2.6665781e-02
   1.2652053e-02
   2.7874706e-02
   3.8766392e-02
   3.5510920e-02
   2.0182669e-02
   1.1597053e-02
   9.0339510e-03
   2.1637915e-02
   1.1500505e-02
   2.7266951e-02
   4.9910471e-02
   4.7823075e-02
   1.1380220e-02
   1.2071346e-03
   9.5930295e-03
   4.7033012e-02
   3.5880409e-02
   2.7709626e-02
   2.7295614e-02
   1.9607890e-02
   3.6313456e-02
   2.5848500e-02
   2.3302393e-02
   2.2750890e-02
   2.6406424e-02
   1.2153932e-02
   3.3835337e-02
   3.9689917e-02
   4.2487342e-02
   4.8323929e-02
   6.0117792e-02
   4.7424227e-02
   2.4123300e-02
   2.7508046e-02
   5.6527648e-02
   2.8212937e-02
   2.6014645e-02
   2.2454631e-02
   1.7420013e-02
   2.0914484e-02
   3.4289081e-02
   7.4138753e-02
   3.0297447e-02
   1.7359830e-02
   2.0634538e-02
   3.1660512e-02
   4.1408148e-02
   2.8514678e-02
   3.3824783e-02
   1.2639378e-02
   1.7649723e-02
   4.5836817e-02
   4.5775268e-02
   4.5283824e-02
   3.6200989e-02
   2.6119309e-02
   1.9127054e-02
   4.0015306e-02
   4.4909488e-02
   2.4546083e-02
   7.4237874e-03
   1.5684964e-02
   1.6877130e-02
   4.7371857e-02
   5.0339501e-02
   2.7550753e-02
   3.2304466e-02
   1.6920792e-02
   2.3648933e-02
   3.2973818e-02
   2.1120965e-02
   3.4622908e-02
   4.1371424e-02
   1.3450393e-02
  -1.4648814e-02
   1.3303890e-02
   4.0368862e-02
   1.8779429e-02
   4.6664476e-02
   5.4323774e-02
   4.8796825e-02
   4.4536777e-02
   4.0584441e-02
   7.1373440e-02
   4.1220285e-02
   2.8186982e-02
   3.0360604e-02
   2.7820744e-02
   3.5851628e-02
   2.7516223e-02
  -2.1529803e-03
   2.6530387e-02
   3.0837527e-02
   3.3377726e-02
   4.0782608e-02
   2.3347737e-02
   2.6389277e-02
   4.3850474e-02
   6.0038723e-02
   3.5144523e-02
   1.6153071e-02
   1.9370658e-02
   3.4411546e-02
   5.3905856e-02
   2.7574141e-02
   4.9504980e-02
   4.0241618e-02
   4.5852881e-02
   1.0622692e-02
   2.7523695e-02
   3.9502323e-02
   9.6602961e-03
   1.1955353e-02
   1.8760370e-02
   4.6881542e-02
   4.1357227e-02
   3.0644357e-02
   3.6421720e-02
   4.7854919e-02
   3.8587611e-02
   4.1172158e-02
   3.5068590e-02
   7.6141311e-03
   1.4372254e-02
   2.1580810e-02
   3.4005143e-02
   3.6503796e-02
   4.7615655e-02
   3.9887346e-02
   7.2020781e-03
   1.6232889e-02
   4.5535002e-02
   3.9601784e-02
   3.0744867e-02
   4.7475740e-02
   4.6067353e-02
   4.3895017e-02
   4.1969147e-02
   4.5005556e-02
   3.7449475e-02
   3.6432277e-02
   2.2809869e-02
   3.2505557e-02
   3.6023915e-02
   3.1182822e-02
   4.2993542e-02
   4.6881840e-02
   3.7350673e-02
   3.4559689e-02
   4.0371489e-02
   4.3775149e-02
   4.4932883e-02
   5.5288609e-02
   1.8550253e-02
   1.4375936e-02
   2.1117855e-02
   3.0273778e-02
   3.2775544e-02
   3.1273991e-02
   1.4461052e-02
   2.7514907e-02
   2.4542648e-02
   2.2301879e-02
   2.0494757e-02
   3.9960478e-02
   5.7818875e-02
   6.8935588e-02
   3.1429399e-02
   3.2177646e-02
   3.4983858e-02
   2.1385379e-02
   2.8597243e-02
   5.8892362e-02
   3.6916118e-02
   4.5096174e-02
   2.5998708e-02
   3.7948817e-02
   3.9496612e-02
   2.6793810e-02
   8.3971415e-03
   1.1421633e-02
   2.9321037e-02
   1.5370710e-02
   1.8825075e-02
   1.0861883e-02
   2.4564324e-02
   1.8710934e-02
   9.5624812e-03
   3.4669973e-02
   3.7268870e-02
   2.6928982e-02
   4.9009211e-03
   1.3176413e-02
   1.3806383e-02
   2.7012795e-02
   1.6844055e-02
   1.5176726e-02
   4.0106270e-02
   4.5937903e-02
   3.2169726e-02
   2.8495589e-02
   4.3180458e-02
   2.8194090e-02
   1.1277047e-02
   5.1042926e-03
   3.1159628e-02
   4.0098585e-02
   3.9944131e-02
   3.9214469e-02
   3.9711144e-02
   2.7825607e-02
   4.7326520e-02
   1.5500848e-02
   2.3925031e-02
   3.1406391e-02
   2.1296330e-02
   2.6437925e-02
   3.0222161e-02
   3.7027158e-02
   1.9165816e-02
   2.6467463e-02
   4.7565300e-02
   4.2920232e-02
   4.0859099e-02
   4.2357266e-02
   3.9751943e-02
   3.0686377e-02
   4.4775344e-02
   2.7043549e-02
  -1.0839431e-03
   3.6627147e-02
   3.9127395e-02
   5.7758413e-02
   4.1654322e-02
   2.0164326e-02
   1.8727174e-02
   5.0867919e-02
   5.9126254e-02
   4.8418101e-02
   5.0477061e-02
   4.3623250e-02
   4.0909808e-02
   1.4441174e-02
  -4.5104874e-03
   1.6583947e-02
   7.5971812e-02
   9.1308281e-02
   9.1039278e-02
   6.7131728e-02
   2.9644726e-02
   4.2827155e-02
   5.0181922e-02
   8.1904069e-02
   9.1131985e-02
   1.7480858e-01
   1.9273642e-01
   1.4382970e-01
   4.3930423e-02
   2.7116669e-02
   2.0858185e-02
   3.5966428e-03
   2.4864430e-02
   5.6795541e-02
   4.6413440e-02
   2.7410261e-02
   6.5664396e-02
   6.5263137e-02
   2.3788193e-02
   6.0250543e-02
   1.2857480e-01
   1.6503227e-01
   1.3469112e-01
   8.9095600e-02
   2.2795394e-02
   1.1814831e-02
   2.3316327e-02
   6.8860315e-02
   2.1815622e-01
   2.8879413e-01
   2.3216452e-01
   1.0751468e-01
   4.6640866e-02
   6.0483761e-02
   7.5663149e-02
   5.2942034e-02
   2.0364435e-02
   2.1613143e-02
   3.8521752e-02
   5.0585721e-02
   5.4278113e-02
   4.6007350e-02
   3.7924994e-02
   6.0193770e-02
   4.5378894e-02
   4.1502237e-02
   3.6105901e-02
   5.9191931e-02
   3.7989594e-02
   2.9840916e-02
   3.2762356e-02
   2.7780198e-02
   4.2985406e-02
   1.0705192e-01
   6.2478587e-02
   6.4109631e-02
   7.5705387e-02
   3.2658853e-02
   3.5907332e-02
   3.7638295e-02
   4.3342985e-02
   4.8422702e-02
   4.8765566e-02
   7.5146601e-02
   1.0571053e-02
   3.8095351e-02
   4.0049706e-02
   5.3576607e-02
   6.3131817e-02
   3.8057964e-02
   2.6114468e-02
   2.9164251e-02
   2.8615108e-02
   3.3967752e-02
   3.0931469e-02
   2.6792433e-02
   3.2847967e-02
   2.7757721e-02
   1.5296693e-02
   3.5238523e-02
   6.2055964e-02
   6.2173955e-02
   6.6714443e-02
   4.1617308e-02
   5.6901529e-02
   4.6327334e-02
   6.5609768e-02
   7.9768226e-03
   3.3897035e-02
   4.9947076e-02
   3.9239660e-02
   3.1227574e-02
   4.5657851e-02
   6.6352665e-02
   1.0045775e-01
   9.8920003e-02
   9.4181687e-02
   5.5605035e-02
   6.5679722e-02
   8.2046509e-02
   2.1995455e-02
   3.8396332e-02
   2.9706466e-01
   5.2313834e-01
   4.4483277e-01
   2.9013759e-01
   1.3710667e-01
   5.3596769e-02
  -6.0898182e-03
   5.7089911e-03
   5.1360812e-02
   8.1732698e-02
   1.1625388e-01
   1.0817687e-01
   1.2624335e-01
   1.0981853e-01
   5.7659842e-02
   1.8387227e-01
   3.2459676e-01
   4.0086645e-01
   3.1214273e-01
   1.5792170e-01
   1.1213962e-01
   6.1633255e-02
   6.3036688e-02
   2.5045466e-01
   6.6426218e-01
   7.4155915e-01
   5.0683117e-01
   1.7200743e-01
   4.5316655e-02
   1.6802166e-02
  -4.0560071e-03
   4.4257600e-02
   5.3228643e-02
   4.7471147e-02
   6.6450983e-02
   6.5630488e-02
   3.5437301e-02
   4.9488846e-02
   6.7351639e-02
   3.8591404e-02
   4.9449220e-02
   4.7857668e-02
   2.7671056e-02
   4.3529890e-02
   2.0009179e-02
   1.6819315e-02
   2.7091786e-02
   7.3548689e-02
   5.2346669e-02
   3.2814477e-02
   4.4597983e-02
   3.7030328e-02
   3.1509940e-02
   1.7307170e-02
   1.8445030e-02
   4.9127914e-02
   1.1897922e-01
   1.3827565e-01
   7.7743642e-02
   2.4939055e-02
   6.3377758e-03
   3.2347571e-02
   2.0515027e-02
   1.0592958e-02
   5.8005776e-02
   7.1014069e-02
   4.6859358e-02
   4.5997586e-02
   2.8313166e-02
   3.5129033e-02
   5.0475545e-02
   2.8980827e-02
   6.9848157e-02
   7.7945918e-02
   5.6618750e-02
   6.3849926e-02
   3.4794804e-02
   3.2692280e-02
   3.5398915e-02
   1.7531082e-02
   2.4707304e-02
   3.3911727e-02
   1.9492216e-02
   2.5849314e-02
   3.1475864e-02
   3.9684445e-02
   7.7682368e-02
   1.1504893e-01
   8.9910373e-02
   3.9457928e-02
   5.8978640e-02
   2.5940642e-02
   1.8498747e-02
   1.2026291e-01
   1.1052975e-01
   4.8412267e-02
   5.0533701e-02
   2.1417061e-02
   3.1394828e-02
   4.2778239e-02
   1.2914921e-01
   1.4592591e-01
   8.5094206e-02
   7.9049967e-02
   5.3668089e-02
   2.7428899e-02
   1.6730621e-02
   2.4600643e-01
   7.5276572e-01
   1.0231813e+00
   7.5418818e-01
   3.9337683e-01
   1.7789084e-01
   4.6729531e-02
   3.3444766e-02
   1.2894332e-01
   2.5222182e-01
   2.0017163e-01
   1.2138700e-01
   1.3352451e-01
   1.5378447e-01
   1.1488697e-01
   1.1749440e-01
   2.2613084e-01
   3.5075140e-01
   2.9768971e-01
   1.6470295e-01
   8.9128628e-02
   5.0336342e-02
   3.2542754e-02
   2.5195959e-03
   1.5982090e-02
   3.0039540e-02
  -4.0474194e-03
   5.1556963e-02
   6.9126673e-02
   8.0986917e-02
   5.7975046e-02
   4.4004399e-02
   2.9999347e-02
   2.7824687e-02
   3.4110732e-02
   5.2523408e-02
   5.0178668e-03
  -1.2754348e-02
   1.9301279e-02
   4.3085944e-02
   4.6885893e-02
   9.2581630e-02
   6.3337110e-02
   5.3674091e-02
   3.1481069e-02
   1.0915871e-02
   2.8237730e-02
   5.2322172e-02
   7.1285523e-02
   1.1529739e-01
   1.7420857e-01
   1.2011088e-01
   7.4416712e-02
   5.8627062e-02
   4.9376890e-02
   1.0450504e-02
   1.0472542e-02
   3.3022191e-02
   3.9398152e-02
   4.9127731e-02
   1.8275311e-02
   3.6119331e-02
   5.3543739e-02
   7.3855646e-02
   5.2339908e-02
   5.0479572e-02
   4.6250068e-02
   1.8704204e-02
   5.7782214e-03
   4.7312707e-02
   8.0880411e-02
   8.7411597e-02
   2.0284547e-02
   3.2709785e-02
   1.8470241e-02
   2.3245277e-02
   8.1297107e-02
   1.2312029e-01
   1.1133265e-01
   5.6867819e-02
   6.7551387e-04
   5.2924667e-02
   1.7582478e-01
   1.5532629e-01
   1.3264044e-01
   9.2863858e-02
   1.1219517e-01
   1.0291819e-01
   5.3707764e-02
   5.1144738e-02
   1.2705491e-01
   2.9297140e-01
   4.0202790e-01
   3.9293209e-01
   2.9180700e-01
   2.1746023e-01
   1.8316638e-01
   2.3421384e-01
   2.5193414e-01
   1.8365505e-01
   2.9923704e-01
   6.3606876e-01
   7.0431763e-01
   3.4602436e-01
   2.2800003e-01
   2.9317355e-01
   3.0508888e-01
   2.7932489e-01
   2.3150563e-01
   1.4217545e-01
   8.8874288e-02
   5.2358214e-02
   1.0252512e-01
   1.2292360e-01
   7.7492945e-02
   1.1196439e-02
   1.4013879e-02
   3.1563871e-02
   5.9900515e-02
   3.8433000e-02
   1.0398373e-02
   2.0223705e-02
   8.5693114e-03
   1.7143641e-02
   3.2971181e-02
   2.7631318e-02
   3.8776391e-03
   2.9886656e-03
   5.3036537e-02
   1.0194213e-01
   8.4283836e-02
   7.9004928e-02
   5.9391182e-02
   4.6343490e-02
   2.7798189e-02
   6.1876722e-02
   7.1049832e-02
   8.1191897e-02
   6.9560803e-02
   6.2355366e-02
   3.8681634e-02
   7.0342332e-02
   8.4129825e-02
   7.7654205e-02
   5.3114496e-02
   9.3122728e-02
   2.1604063e-01
   1.4848270e-01
   5.6539074e-02
   5.0073985e-02
   4.9513012e-02
   7.7467248e-02
   6.8697765e-02
   2.3103209e-02
   9.6047059e-02
   1.0403954e-01
   5.8360159e-02
   6.3375033e-02
   1.3076832e-02
  -1.4879608e-02
   8.2778055e-03
   3.9711773e-02
   7.2767332e-02
   2.4900548e-01
   2.7061385e-01
   1.9172990e-01
   1.2569655e-01
   4.4396482e-02
  -1.5698031e-02
  -1.3155503e-05
   2.8985085e-02
   3.3679739e-02
   4.7720872e-02
   3.4152720e-02
   1.0431951e-01
   9.5667392e-02
   6.5894298e-02
   7.7524573e-02
   7.0169427e-02
   8.4735245e-02
   8.1019081e-02
   1.1613881e-01
   1.5030406e-01
   1.4745484e-01
   8.6373903e-02
   2.9170504e-02
   2.5918650e-02
   2.5663948e-02
   4.2985119e-02
   6.9836624e-02
   1.1507331e-01
   1.4615111e-01
   9.8575808e-02
   3.3897810e-02
   6.4912833e-02
   8.7819330e-02
   8.5190944e-02
   5.1362205e-02
   4.6919718e-02
   6.8913609e-02
   1.4317002e-02
   3.2147966e-02
   2.8486695e-02
   3.0547773e-02
  -3.2071557e-04
   5.1575812e-04
   6.8923108e-02
   1.0114694e-01
   6.9846943e-02
   8.2376093e-02
   6.0118143e-02
   7.5437702e-02
   3.4133982e-02
   5.9593651e-02
   4.6982273e-02
   4.4320971e-02
   6.2848143e-02
   1.6831978e-01
   1.8215397e-01
   1.1450823e-01
   1.1876380e-02
   5.3221956e-02
   3.5620235e-02
   3.0045882e-02
   3.5886284e-02
   2.5964487e-02
   4.5032382e-02
   4.9025867e-02
   5.5452362e-02
   9.2366934e-02
   4.3751504e-02
   9.9237457e-02
   8.5974552e-02
   7.1544915e-02
   6.8857990e-02
   1.8940686e-01
   2.9165021e-01
   1.6591035e-01
   9.1682456e-02
   3.8547952e-02
   6.5702133e-02
   9.9958874e-02
   1.1898594e-01
   9.5981389e-02
   7.0836052e-02
   3.7777003e-02
   1.8378135e-02
   4.2449374e-02
   2.1868158e-02
   2.8545130e-02
   4.6694968e-02
   9.9875771e-02
   1.3669038e-01
   9.9215589e-02
   6.9645993e-02
   1.0593224e-01
   8.1176095e-02
   6.7014560e-02
   7.0912637e-02
   9.8009348e-02
   8.6160101e-02
   6.5412045e-02
   8.5969053e-02
   7.4422717e-02
   2.7447462e-02
   1.9231902e-02
   4.7398195e-02
   4.0990457e-02
   4.3897133e-02
   7.5752169e-02
   1.0587835e-01
   7.7325299e-02
   1.7891841e-02
   2.7909655e-02
   3.0732037e-02
   1.9274836e-02
   5.5587746e-02
   1.1600202e-01
   1.0830692e-01
   1.2933934e-01
   1.1840565e-01
   8.7793805e-02
   2.4089931e-02
   1.8772464e-02
   7.0583299e-02
   4.4097487e-02
   3.3921316e-02
   6.7845486e-02
   6.4621150e-02
   5.0617442e-02
   2.8337598e-02
   7.3643685e-03
   3.5820551e-02
   6.2983252e-02
   2.9278446e-02
   5.9542708e-02
   1.0355300e-01
   9.5565476e-02
   8.3663091e-02
   6.3449889e-02
   3.8456183e-02
  -1.2208084e-02
   1.3405617e-02
   2.3267156e-02
   2.7396411e-02
   5.0362047e-02
   5.2861892e-02
   5.9204370e-02
   7.9243287e-02
   6.2551767e-02
   1.2298761e-02
   2.0232633e-02
   1.1348023e-02
   8.8093020e-03
   2.7216306e-02
   3.9545074e-02
   3.4248669e-02
   4.1039556e-02
   2.3270458e-02
   4.6158552e-02
   6.8355307e-02
   7.4853756e-02
   2.9974705e-02
   5.0517563e-02
   5.8734469e-02
   7.7990808e-02
   3.0424334e-02
   5.7592776e-02
   1.5194981e-01
   1.8148234e-01
   1.4772432e-01
   7.6068573e-02
   4.4204809e-02
   6.1637517e-03
   1.4653636e-02
   1.3444474e-01
   4.2080283e-01
   7.0583820e-01
   6.3078606e-01
   3.4089100e-01
   1.6143413e-01
   7.0118718e-02
   2.3293780e-02
  -1.4287898e-04
   1.6250581e-02
   1.2329421e-02
   1.0111206e-02
   6.6478759e-02
   1.0080406e-01
   7.0166185e-02
   3.2494176e-02
   4.5492787e-02
   2.5948381e-02
   9.5956055e-03
  -1.1299729e-02
   5.0340470e-02
   9.3857162e-02
   8.5292652e-02
   4.2378921e-02
   2.1228503e-02
   3.6702491e-02
   7.9566866e-02
   6.3873038e-02
   5.7307087e-02
   4.0964879e-02
   1.5387313e-02
   3.2667484e-02
   6.9464460e-02
   1.2058164e-01
   2.7866659e-01
   3.5756820e-01
   2.8278917e-01
   1.2872256e-01
   7.4031211e-02
   3.8444340e-02
   4.4070810e-02
   4.7287110e-02
   2.6036752e-02
   5.1742338e-02
   5.7528235e-02
   1.7468186e-01
   2.6136702e-01
   2.2119980e-01
   1.2892309e-01
   7.4065782e-02
   2.8177768e-02
  -9.9096457e-03
   8.9246266e-02
   2.4042732e-01
   2.9884487e-01
   2.1531115e-01
   1.5953970e-01
   1.3724768e-01
   7.2450757e-02
   5.4945897e-02
   3.3499829e-02
   3.6753535e-02
   1.0738945e-02
   2.4427030e-02
   1.5638559e-01
   3.1849638e-01
   3.6051303e-01
   1.9985217e-01
   7.9276450e-02
   3.9580360e-02
   1.9607412e-02
   7.5997718e-02
   4.2231727e-01
   9.3325323e-01
   1.1002576e+00
   7.7398074e-01
   5.2268565e-01
   5.2818334e-01
   5.3470778e-01
   3.6886200e-01
   2.4863306e-01
   5.1151637e-02
  -2.2862211e-02
   4.0962490e-01
   1.9226835e+00
   3.7643285e+00
   3.6741896e+00
   2.0021298e+00
   8.2740474e-01
   3.9455444e-01
   2.0926626e-01
   1.6665199e+00
   1.0650012e+01
   2.2181519e+01
   2.1825598e+01
   1.2859390e+01
   4.9666934e+00
   1.3910130e+00
   3.1026918e-01
   6.2814489e-02
  -5.1429839e-04
   1.4564274e-01
   8.8284767e-01
   2.3703880e+00
   2.8817928e+00
   2.0259144e+00
   1.0094230e+00
   3.2136571e-01
  -1.0440531e-01
  -1.2326998e-01
   1.0215083e-01
   3.7687907e-01
   5.2138305e-01
   5.8324206e-01
   3.9864245e-01
   2.5418988e-01
   7.4267283e-02
  -4.9805939e-03
   3.6669545e-02
   3.3303678e-02
   5.7928804e-02
   1.5302749e-01
   1.9358620e-01
   1.4968237e-01
   3.3509770e-01
   5.5081904e-01
   4.3116412e-01
   2.2118846e-01
   4.1768536e-02
   6.0463749e-02
   1.2715514e-01
   1.7659308e-01
   1.6439873e-01
   1.0336711e-01
   6.9570549e-02
   2.3718175e-02
   1.0073495e-01
   1.7168088e-01
   2.1506853e-01
   2.1848409e-01
   1.5753518e-01
   9.5044404e-02
   6.0083665e-02
   1.8543732e-01
   2.1030776e-01
   2.0588905e-01
   1.5100056e-01
   6.3477799e-02
  -3.5591885e-02
   4.1996364e-02
   1.3660136e-01
   2.6184064e-01
   1.2316827e-01
  -1.6038761e-02
  -4.7339894e-02
   2.7045012e-02
   2.0270784e-01
   3.8323036e-01
   5.8971941e-01
   5.8739012e-01
   3.4034094e-01
   1.2918022e-01
   9.2772685e-02
   5.9787267e-01
   1.6095080e+00
   1.8834080e+00
   1.1338717e+00
   4.6487346e-01
   1.1588915e-01
   3.5510415e-01
   8.9117348e-01
   9.0046477e-01
   5.1891178e-01
   2.4913546e-01
   2.7486736e-01
   2.5913379e-01
   4.3700472e-01
   2.1983283e+00
   5.1796455e+00
   5.6804271e+00
   3.5536592e+00
   1.5186586e+00
   5.2089286e-01
   2.3502745e-01
   1.0224693e-01
   4.8940774e-02
   3.2663181e-02
   2.8876945e-01
   6.9095355e-01
   8.3139360e-01
   6.2370682e-01
   3.4748125e-01
   1.6499379e-01
   2.1929314e-02
   1.0628353e-02
   8.1520446e-02
   1.8382330e-01
   2.0454648e-01
   1.8176238e-01
   1.5281264e-01
   9.0222150e-02
   2.3862483e-02
   5.3345743e-03
   4.3318816e-03
   6.9106203e-03
   1.9737963e-02
   4.5684490e-02
   6.6962585e-02
   1.6441338e-02
   5.2498601e-02
   1.5722731e-01
   1.2323026e-01
   1.8830279e-02
   2.8580155e-02
   5.3683288e-02
   8.2418047e-02
   1.0983995e-01
   1.0040598e-01
   2.7622778e-02
   3.1931709e-02
   3.8326994e-02
   4.7446355e-02
   1.0759141e-01
   1.1693290e-01
   8.9740194e-02
   1.1595145e-01
   6.0693447e-02
   7.8831546e-02
   1.0912394e-01
   3.9022479e-02
   1.9739350e-02
   2.0768538e-02
   2.5827365e-02
   2.1672323e-02
   1.3334268e-01
   1.8262140e-01
   1.2510061e-01
   1.7152201e-02
  -1.0265574e-03
   5.2002694e-02
   5.8530029e-02
   2.1249282e-01
   3.6423874e-01
   3.8903135e-01
   2.1256213e-01
   1.0067254e-01
   8.3405033e-02
   2.8296015e-01
   4.1377059e-01
   4.3565938e-01
   2.7704319e-01
   2.0152960e-02
   1.3437675e-02
   5.5908275e-01
   1.3665311e+00
   1.6402740e+00
   1.1294073e+00
   5.0791788e-01
   7.8118905e-02
   7.9179585e-02
   9.8679620e-01
   3.8431532e+00
   6.0867710e+00
   5.3788109e+00
   3.0583894e+00
   1.3627540e+00
   4.6214956e-01
   1.0939451e-01
   9.6089520e-02
   1.5938422e-01
   2.9425392e-01
   5.4997939e-01
   8.6797565e-01
   7.8733170e-01
   4.8990947e-01
   2.9525930e-01
   1.4438264e-01
   9.3855634e-02
   9.0685837e-02
   6.5377653e-02
   7.4586533e-02
   1.4730757e-01
   1.4339080e-01
   1.2689175e-01
   6.5218806e-02
   5.4150701e-02
   7.4651435e-02
   5.9126001e-02
   2.7692825e-02
   3.2958087e-02
   4.9200181e-02
   6.1374512e-02
   1.9247724e-02
   4.9496431e-02
   4.0451780e-02
   2.8595585e-02
   5.3636003e-02
  -8.6302770e-04
   3.2876581e-02
   7.1059033e-02
   5.3810038e-02
   7.5268090e-02
   6.7010388e-02
   5.8273729e-02
   2.7980728e-02
   1.7096654e-02
   8.6420393e-03
   5.5560920e-02
   7.1596853e-02
   6.5996967e-02
   7.5385630e-02
   3.9328486e-02
   5.0018191e-02
   3.5395164e-02
   1.0201958e-03
   1.0019561e-01
   9.5546037e-02
   1.4613695e-01
   1.3161692e-01
   1.1139308e-01
   1.1563104e-01
   5.7431366e-02
   6.3773463e-03
   2.8139366e-02
   1.2830926e-01
   2.3083815e-01
   2.1769366e-01
   1.2309849e-01
   6.6414021e-02
   1.0983805e-01
   1.6654472e-01
   1.8236330e-01
   1.8340707e-01
   1.0484668e-01
   6.2984593e-02
   2.1530151e-02
   9.8187134e-02
   2.8144911e-01
   4.7127190e-01
   3.6296287e-01
   1.9328445e-01
   4.5576714e-02
  -4.8207156e-03
   1.5072317e-01
   8.2774132e-01
   1.5771987e+00
   1.4895767e+00
   8.9297736e-01
   4.1596317e-01
   2.5088623e-01
   1.1647635e-01
   2.6894834e-02
   1.0758334e-01
   3.0014402e-01
   2.9998064e-01
   3.1811705e-01
   2.4550444e-01
   2.2433193e-01
   1.7734024e-01
   1.0674337e-01
   7.8538097e-02
   9.3050510e-02
   7.9305045e-02
   8.9754775e-02
   6.4123385e-02
   4.9906377e-02
   4.2463474e-02
   5.4206669e-02
   1.0702033e-02
   4.7033881e-03
   2.3234388e-02
   1.6440514e-02
   2.2505628e-02
   4.2600222e-02
   6.1622117e-02
   2.1952925e-02
   1.3787379e-02
   2.3838699e-02
   4.1227778e-03
   1.5373695e-02
   2.7075019e-02
   4.0900081e-02
   7.5702355e-03
   2.3352660e-02
   6.0703773e-02
   3.9587338e-02
   2.9301632e-02
   6.4930551e-02
   6.9468431e-02
   4.2587847e-02
   6.7885183e-02
   5.5484045e-02
   9.0034567e-02
   1.2273410e-01
   9.2496663e-02
   1.0165905e-01
   6.5274782e-02
   4.3257844e-02
   7.4877925e-02
   1.1584257e-01
   8.7369233e-02
   6.1584979e-02
   7.0259154e-02
   1.0456575e-02
   4.8822942e-03
   3.1456977e-02
   3.5637822e-02
   8.3910495e-02
   9.4625644e-02
   6.5078117e-02
   7.1447127e-02
   8.3067559e-02
   6.7064598e-02
   1.3357255e-01
   9.6016228e-02
   7.1150489e-02
   6.0542192e-02
   6.4888201e-03
  -9.1132512e-03
   1.1220413e-01
   2.4734567e-01
   2.1821788e-01
   1.2163466e-01
   8.6369589e-02
   4.0473234e-02
  -1.4981885e-02
   1.7951052e-01
   4.4263831e-01
   5.1032597e-01
   3.5268036e-01
   2.4368389e-01
   1.6848086e-01
   6.1756182e-02
   4.8748802e-02
   1.6355921e-01
   1.9658488e-01
   1.4231898e-01
   1.1977839e-01
   1.1510058e-01
   1.0206574e-01
   1.0814798e-01
   1.2456139e-01
   8.9589372e-02
   1.0449512e-01
   1.0902906e-01
   7.4678995e-02
   6.4371243e-02
   1.4226112e-01
   1.9471586e-01
   2.0854251e-01
   1.5598726e-01
   8.8918634e-02
   2.8843983e-04
   3.2731302e-02
   2.0119499e-01
   2.8907979e-01
   2.7875996e-01
   1.0829158e-01
   5.0945275e-02
  -9.5179388e-03
   3.0237285e-02
   4.1584587e-01
   1.0505298e+00
   1.2193191e+00
   8.3267194e-01
   3.7620831e-01
   7.8381233e-02
  -1.3000966e-02
   1.0686602e-01
   3.6877793e-01
   4.0656066e-01
   2.4437736e-01
   2.4425206e-01
   1.9687793e-01
   1.5710822e-01
   1.7908055e-01
   2.3300393e-01
   2.0770915e-01
   1.5868846e-01
   8.0666460e-02
   8.4778689e-02
   7.7595025e-02
   4.4196863e-02
   3.1201828e-02
  -2.3297051e-03
   2.8327810e-02
   1.8702811e-02
   3.9116698e-03
   1.8876633e-02
   9.9255502e-02
   5.7964910e-02
   3.0397039e-02
   9.0543330e-03
   2.9462624e-02
   5.4919168e-02
   6.9147207e-02
   5.4954074e-02
   2.4566198e-02
   9.9505903e-04
   8.4954230e-03
   6.3358642e-02
   6.2169775e-02
   1.0293478e-01
   1.0694294e-01
   6.7343831e-02
   1.7000368e-02
   2.9701917e-02
   4.8337914e-02
   1.3387676e-01
   1.3604341e-01
   1.1674670e-01
   7.7683173e-02
   3.5375822e-02
   3.9997589e-02
   8.6969271e-02
   5.4704599e-02
   6.2311757e-02
   3.7439365e-02
   3.9688271e-02
   1.2821765e-02
   3.6570281e-02
   4.9407762e-02
   2.8918285e-02
   5.7725463e-02
   1.3156496e-01
   3.3187103e-02
  -4.9770270e-03
   3.9574031e-02
   1.0223164e-01
   8.3337985e-02
   6.5808833e-02
   9.1888972e-02
   7.5927243e-02
   6.5416761e-02
   2.0563232e-02
   9.1210946e-02
   1.1404736e-01
   9.0140171e-02
   2.9212706e-02
   3.6273874e-02
   4.4666316e-02
   6.7743845e-02
   2.1303536e-01
   4.0186086e-01
   4.6784776e-01
   3.4208566e-01
   1.7818896e-01
   8.2553320e-02
   1.0265641e-01
   1.4618808e-01
   1.6413161e-01
   1.2104430e-01
   1.1574917e-01
   7.6356784e-02
   1.1396740e-01
   9.7125210e-02
   1.2935930e-01
   1.4001924e-01
   1.4520308e-01
   1.6924019e-01
   1.3999765e-01
   1.6861160e-01
   1.0842780e-01
   4.7303360e-02
  -2.6602882e-03
  -4.4888582e-02
  -1.4304816e-02
   8.1008576e-02
   1.7499502e-01
   1.7628051e-01
   1.8035661e-01
   1.6125199e-01
   1.1817855e-01
   7.6412238e-02
   2.0676860e-01
   4.6315575e-01
   6.6400981e-01
   6.4695162e-01
   3.2834864e-01
   1.1630703e-01
   2.9559249e-02
   2.0261073e-01
   4.5004290e-01
   5.2003688e-01
   5.5863750e-01
   5.8056122e-01
   4.7361821e-01
   3.9465168e-01
   7.4589854e-01
   1.0962318e+00
   9.9837452e-01
   6.7326164e-01
   2.7831092e-01
  -2.5288142e-02
   1.9213769e-01
   1.1571561e+00
   1.8319167e+00
   1.4649141e+00
   8.7954515e-01
   3.7851182e-01
   7.2900869e-02
   3.9306137e-01
   2.5177853e+00
   5.4512534e+00
   5.7166481e+00
   3.6786149e+00
   1.7108883e+00
   4.6794173e-01
   3.1145212e-01
   1.2157893e+00
   2.0698447e+00
   1.8998485e+00
   1.4358888e+00
   1.1210228e+00
   8.1132901e-01
   6.8503094e-01
   9.8554921e-01
   1.0789996e+00
   8.7906361e-01
   5.7830018e-01
   4.1544437e-01
   2.6406449e-01
   4.1373947e-01
   7.6331407e-01
   8.7132984e-01
   6.3748628e-01
   3.2430395e-01
   1.6737849e-01
   1.0043773e-01
   1.5022063e-01
   1.6977321e-01
   7.4769765e-02
   7.5204901e-02
   1.0521094e-01
   1.1323526e-01
   1.2119856e-01
   7.3957250e-02
   1.7160745e-01
   2.1351331e-01
   9.0921558e-02
   2.9957205e-02
   3.4999575e-02
   5.2631281e-02
   8.3128460e-02
   3.9380997e-02
   2.3171546e-02
   4.6201948e-02
   7.6842215e-03
   2.5726531e-02
   9.3167134e-02
   1.7711613e-01
   8.0018491e-02
   4.4108547e-02
  -6.7419675e-04
   3.9955884e-02
   1.3263407e-01
   3.4560061e-01
   4.9556020e-01
   4.0864724e-01
   1.6939504e-01
   3.4921724e-02
   9.0599455e-02
   1.3452694e-01
   2.8321496e-01
   4.6811822e-01
   4.5434675e-01
   2.9554120e-01
   2.4889426e-01
   3.3269963e-01
   3.7074795e-01
   3.2564545e-01
   2.2870998e-01
   1.0092198e-01
   7.3200120e-03
   2.2408482e-01
   5.1324457e-01
   5.9786385e-01
   4.5098352e-01
   1.7858668e-01
   7.1146446e-03
  -3.6378894e-02
   3.9414164e-01
   1.5062987e+00
   2.1477177e+00
   1.7386090e+00
   8.5440379e-01
   2.4364990e-01
   3.7315492e-02
   2.0851150e-01
   5.9084743e-01
   7.1384758e-01
   6.1324936e-01
   5.0855833e-01
   3.7024370e-01
   2.3272903e-01
   2.2023369e-01
   4.0282750e-01
   3.4606296e-01
   2.6108906e-01
   1.5135963e-01
   6.2272746e-02
   5.2329093e-02
   2.0985790e-01
   2.6954928e-01
   2.8014216e-01
   2.0360558e-01
   1.1533033e-01
   7.4228421e-02
   5.5661581e-02
   5.7801109e-02
   7.6066896e-02
   4.9997188e-02
   4.5867697e-03
   3.8733386e-02
   1.9983606e-01
   5.4043156e-01
   5.8126831e-01
   3.5901538e-01
   1.7988929e-01
   5.3854238e-02
   9.0268571e-03
   2.3492018e-02
   2.0428028e-02
  -3.0657841e-02
   2.2827661e-02
   9.6437268e-02
   1.1708976e-01
   1.1923094e-01
   1.3851054e-01
   1.4035128e-01
   1.0538726e-01
   1.7191945e-02
   4.1835375e-02
   8.3501279e-02
   1.2466324e-01
   1.5733433e-01
   1.3450286e-01
   9.8317444e-02
   7.2090472e-03
   5.2721407e-03
   7.8077288e-03
   5.3635761e-03
   5.5630155e-02
   2.0664100e-01
   3.4352902e-01
   3.2480428e-01
   1.7520826e-01
   1.1761840e-01
   7.8166395e-02
   6.5138310e-02
   3.3709279e-01
   1.1828194e+00
   1.9101367e+00
   1.6492553e+00
   1.0211539e+00
   4.6075302e-01
   1.9380677e-01
   1.6453785e-01
   4.6421716e-01
   5.2284884e-01
   7.5200582e-01
   1.2455997e+00
   1.2480606e+00
   7.9131490e-01
   3.8084957e-01
   9.7426392e-02
   4.8345574e-03
   2.0437460e-01
   4.0460277e-01
   4.5923227e-01
   3.9339393e-01
   2.5838697e-01
   1.4587508e-01
   7.2636761e-02
   9.5754288e-02
   1.7105050e-01
   1.4718041e-01
   9.5863946e-02
   9.6182868e-02
   8.8912457e-02
   7.8578882e-02
   1.4934213e-01
   1.7961766e-01
   1.3898143e-01
   6.7250207e-02
   1.0282707e-02
   7.4067399e-02
   1.1143725e-01
   5.8598321e-02
   6.8337142e-02
   7.1018144e-02
   3.0424055e-02
   2.6579907e-02
   1.2420040e-01
   2.1812055e-01
   1.6920827e-01
   5.2276228e-02
   6.3162129e-03
   3.5286039e-02
   6.0774428e-03
   1.0786194e-02
   5.1450055e-02
   5.2006643e-02
   4.8536029e-02
   4.6751529e-02
   6.6796705e-02
   6.8167105e-02
   6.3674405e-02
   5.8814023e-02
   2.9363351e-02
   1.0084865e-02
   6.9869176e-02
   7.2656915e-02
   8.0385938e-02
   9.9635839e-02
   1.3274816e-01
   1.6648145e-01
   7.0625432e-02
   2.0997368e-02
   3.0082474e-02
   1.1603010e-01
   1.0364497e-01
   1.5047731e-01
   9.8534822e-02
   4.4078756e-02
   2.8826483e-02
   3.7709936e-02
   3.4082785e-02
   5.7219792e-02
   2.7754176e-01
   4.2051750e-01
   3.4882033e-01
   2.2521876e-01
   1.0612070e-01
   4.3194335e-02
   6.8372548e-02
   1.0118774e-01
   1.3331546e-01
   2.5347248e-01
   4.0215623e-01
   3.9900818e-01
   2.4885300e-01
   1.0604065e-01
   2.6111906e-02
   8.8555310e-03
   1.4915554e-01
   1.7197552e-01
   1.4796273e-01
   1.2334544e-01
   1.1756374e-01
   7.6367080e-02
   1.5611864e-02
   6.0447574e-02
   8.6532183e-02
   7.0066541e-02
   4.2205963e-02
   6.4602748e-02
   2.5112610e-02
   8.5498720e-02
   1.2576364e-01
   6.9860078e-02
   2.6418461e-02
   2.1688681e-02
   1.8566767e-02
   9.4769532e-03
   3.5608541e-02
   2.6503649e-02
   1.0527458e-02
   3.4106873e-02
   3.5072442e-02
   8.5698307e-02
   1.1244056e-01
   1.1150970e-01
   5.0295264e-02
   4.5162503e-02
   4.2156752e-02
   5.8226250e-02
   1.7494351e-02
   2.4135329e-02
   7.4289627e-02
   4.2957902e-02
   5.1798113e-02
   8.6539283e-02
   5.0896138e-02
   5.0941229e-02
   4.0065710e-02
   2.7915591e-02
   1.6126169e-02
   3.2687414e-02
   4.1526470e-02
   3.3170857e-02
   3.7979614e-02
   4.4415005e-02
   2.4731813e-02
   5.7896819e-02
   4.0588770e-02
   3.0439427e-02
   1.3671219e-02
  -3.5717711e-03
   5.0088260e-02
   7.8165047e-02
   5.2795541e-02
   2.2371538e-02
   1.8727979e-02
   1.9262651e-02
   6.7530863e-02
   9.8088168e-02
   1.2117828e-01
   1.6882062e-01
   9.5950864e-02
   5.6681506e-02
   4.1210234e-02
   1.0820757e-02
   2.0301018e-02
   2.9332791e-02
   6.4412825e-02
   8.3693184e-02
   1.1079036e-01
   7.9052314e-02
   3.4840569e-02
   1.4485803e-02
   5.7851225e-02
   3.2476250e-02
   6.0914557e-02
   5.1421851e-02
   8.5617369e-03
   3.3810727e-02
   2.8821902e-02
   5.1290160e-03
   3.4921404e-02
   6.1493251e-02
   6.6556640e-02
   4.5559395e-02
   4.1300155e-02
   3.3405188e-02
   2.1594049e-02
   5.6216735e-02
   6.9965400e-02
   5.2979220e-02
   3.3990804e-02
   7.0008384e-03
   2.5849730e-02
   3.2733623e-02
   2.3440823e-02
   2.8441917e-02
   3.6681987e-02
   2.0792397e-02
   5.2468617e-02
   7.1575686e-02
   6.7347243e-02
   3.4859207e-02
   4.7247834e-03
   3.0837514e-02
   4.8602864e-02
   8.1442855e-02
   8.1356026e-02
   3.8148001e-02
   3.0818189e-02
   1.3071688e-02
   1.2876121e-02
   3.9471488e-02
   2.8271148e-02
   4.2532813e-02
   5.1142137e-02
   3.0200584e-02
   3.4685034e-02
   4.1036930e-02
   1.1859075e-02
   3.8399383e-02
   4.3252122e-02
   1.9178960e-02
   3.5856307e-02
   2.3318108e-02
   8.9976778e-03
   2.2697974e-02
   5.8897762e-03
   2.7307926e-02
   4.8370402e-02
   4.4661704e-02
   3.0732360e-02
   2.0276230e-02
   2.0661697e-02
   3.8646903e-02
   6.1510492e-02
   7.4520610e-02
   9.1974840e-02
   8.1651799e-02
   6.2157102e-02
   1.5086340e-02
   6.5876095e-04
   1.5303646e-02
   1.4888662e-02
   5.9160218e-02
   6.5301180e-02
   6.6943951e-02
   4.1423231e-02
   2.1805746e-02
   3.4577198e-02
   3.3550180e-02
   4.6868496e-02
   4.1901208e-02
   5.4189000e-02
   4.5841414e-02
   3.2263331e-02
   1.1950298e-02
   1.5575614e-02
   2.3175305e-02
   1.0222849e-02
   4.8043400e-02
   1.3092698e-02
   3.6409769e-02
   5.3711277e-02
   4.8525438e-02
   4.4348978e-02
   3.7345219e-02
   3.2826662e-02
   2.8498048e-02
   2.6243746e-02
   1.5102359e-02
   2.0164480e-02
   1.7067408e-02
   1.4608497e-02
   2.2632351e-02
   4.3543085e-02
   5.3641509e-02
   4.0407870e-02
   1.8706560e-02
   1.3208649e-02
   7.5051035e-03
   4.0022716e-02
   3.8697474e-02
   4.4734988e-02
   3.7837584e-02
   2.7319198e-02
   2.3417687e-02
   2.0574443e-02
   5.5823587e-03
   1.8765483e-02
   2.9740473e-02
   3.7808198e-02
   2.7191436e-02
   5.2526865e-02
   2.5219582e-02
   1.3005720e-02
   1.2921194e-02
   3.0703971e-02
   2.8502801e-02
   1.8412743e-02
   1.2932001e-02
   2.5751263e-02
   2.9906174e-02
   2.3924030e-02
   4.1090515e-02
   5.3847092e-03
   1.1230554e-02
   1.4298002e-02
  -3.6414058e-04
   4.1754887e-02
   4.0955465e-02
   4.0541675e-02
   3.9473452e-02
   4.6673264e-02
   3.2256790e-02
   1.7088983e-02
   3.9563652e-02
   3.1532321e-02
   5.1033910e-02
   3.9944071e-02
   3.7689045e-02
   8.9939788e-02
   9.8066047e-02
   6.0522269e-02
   4.0719695e-02
   9.5353452e-03
   5.5325977e-03
   1.2369654e-01
   3.1029233e-01
   3.1267112e-01
   1.8600003e-01
   9.2114694e-02
   1.9920021e-02
   5.0255246e-02
   8.6006023e-02
   9.9261701e-02
   5.7208225e-02
   4.7344606e-02
   3.0185262e-02
   3.4152828e-02
   7.6075043e-03
   1.2537543e-02
   1.6732108e-02
   2.6706913e-02
   4.3249909e-02
   7.1357489e-02
   2.5235940e-02
   1.4286030e-02
   3.1156646e-02
   1.5698906e-02
   3.5128284e-02
   1.0211515e-01
   1.4606169e-01
   1.0668472e-01
   7.1520679e-02
   8.4909908e-02
   2.6175095e-02
   3.5109293e-02
   7.1301349e-02
   6.4502783e-02
   7.7447958e-02
   6.4499609e-02
   4.5344185e-02
   4.2300206e-02
   3.8436193e-02
   3.1191450e-02
   2.3131788e-02
   4.1488302e-03
   3.7318066e-02
   2.0160196e-02
   2.9658074e-03
   2.3449395e-02
   4.5194741e-02
   8.3969593e-02
   8.9601569e-02
   2.6935102e-02
   1.4356444e-02
   3.8697444e-02
   1.0409733e-01
   2.0401151e-01
   2.5375658e-01
   1.8979311e-01
   1.5244825e-01
   1.5436541e-01
   1.7108186e-01
   1.4915812e-01
   1.1834435e-01
   9.8233260e-02
   1.0945831e-01
   3.8531715e-01
   8.1761277e-01
   8.2441419e-01
   4.1429046e-01
   1.4029969e-01
   6.3683957e-02
   2.9948899e-01
   1.7097126e+00
   3.6948745e+00
   3.8109846e+00
   2.3355575e+00
   8.8486958e-01
   2.4438496e-01
   2.6163784e-01
   7.7313513e-01
   1.2299671e+00
   1.0820904e+00
   9.5707166e-01
   7.4864858e-01
   4.5033336e-01
   1.5168530e-01
   6.0431480e-02
   1.0023528e-01
   1.7958350e-01
   1.9552757e-01
   2.3305734e-01
   1.6192621e-01
   1.1778897e-01
   4.0752221e-02
   5.3067066e-02
   3.5092063e-02
   2.2751570e-02
   3.6218803e-02
   4.1057773e-02
   4.8064820e-02
   4.4386223e-02
   4.1624859e-02
   4.5712851e-02
   2.5345623e-02
   3.2915562e-02
   4.2963829e-02
   4.0349949e-02
   6.7631520e-02
   7.2631210e-02
   3.7719555e-02
   2.5992991e-02
   3.0317638e-02
   5.5139210e-02
   4.2608626e-02
   7.4213833e-02
   6.2223982e-02
   5.4865003e-02
   4.6691023e-02
   5.2251175e-02
   4.7824152e-02
   5.7892534e-03
   1.8168047e-02
   6.1883010e-02
   8.0216035e-02
   3.0222580e-02
   4.2088065e-02
   8.1254216e-03
  -7.0276093e-03
   3.3700123e-02
   7.7877209e-02
   1.4950828e-01
   1.8012261e-01
   1.1770672e-01
   3.3818468e-02
   3.6864623e-02
   6.4979725e-02
   4.6462659e-02
   2.7441833e-02
   5.5034321e-02
   1.0302128e-01
   2.2667144e-01
   1.9272338e-01
   1.5028755e-01
   4.3553885e-02
   1.4432394e-03
   5.1639695e-02
   3.6862522e-01
   8.5951418e-01
   9.5311481e-01
   6.6905338e-01
   2.2887848e-01
   6.8113320e-02
   1.2939633e-01
   2.4802184e-01
   3.4861884e-01
   3.0989164e-01
   2.7804652e-01
   2.2385228e-01
   1.4144048e-01
   3.4575097e-02
   1.7855292e-02
   3.2899771e-02
   1.8942988e-02
   3.4217060e-02
   5.3031430e-02
   9.1761790e-02
   5.1754933e-02
   4.7684420e-02
   7.9922928e-03
   1.0406454e-02
   1.6147785e-02
   1.1886608e-02
   4.8138883e-02
   4.8134416e-02
   3.9814729e-02
   2.1519259e-02
   1.0086671e-02
   3.7708472e-02
   7.6365178e-03
   3.8031187e-02
   6.7621782e-02
   4.7641829e-02
   2.6372043e-02
   1.8156083e-02
   2.2577738e-02
   3.9258048e-02
   2.2780471e-02
   4.2425957e-02
   7.2940022e-02
   3.9115824e-02
  -1.3640021e-04
   1.4122539e-02
   3.0740807e-02
   4.2643055e-02
   2.7937807e-02
   2.2643989e-02
   3.6388882e-02
   4.0072311e-02
   5.8070112e-02
   3.9825484e-02
   1.3413279e-02
   1.9143943e-02
   1.5537884e-02
   4.9953919e-02
   7.2186328e-02
   8.1662044e-02
   6.0415547e-02
   1.8090414e-02
   3.5512697e-02
   2.8105585e-02
   5.3303830e-02
   2.1302976e-02
   1.7902287e-02
   5.3385861e-02
   5.7300739e-02
   4.2832166e-02
   5.3757761e-02
   2.3517875e-02
   2.5389975e-02
   3.4814823e-02
   1.8962935e-01
   3.3857083e-01
   2.8682458e-01
   1.8170764e-01
   5.6715932e-02
   4.4159893e-02
   7.1620129e-02
   1.3244233e-01
   1.4891782e-01
   9.6254244e-02
   7.8823090e-02
   5.8819529e-02
   4.1007247e-02
   5.6378588e-02
   3.9112043e-02
   1.7047768e-02
   5.9397932e-02
   2.0535316e-02
   3.0996377e-02
   4.0994674e-02
   1.5708223e-02
   1.2609273e-02
   3.0132283e-02
   2.7886353e-02
   2.1157838e-02
   1.6755544e-02
   7.5508347e-03
   1.7173536e-02
   1.7296230e-02
   5.2718399e-03
   8.5224016e-03
   8.3616590e-03
   2.0314915e-02
   3.0672282e-02
   2.7635768e-02
   2.5254890e-02
   1.1773339e-02
   4.2834975e-02
   3.7120771e-02
   3.3450257e-02
   4.1598476e-02
   4.5404173e-02
   3.5681166e-02
   3.5524026e-02
   1.3470714e-02
   3.3706736e-02
   3.8877845e-02
   1.2063186e-02
   1.0701273e-02
   4.6850737e-02
   7.1506791e-02
   7.6612279e-02
   8.8495933e-02
   5.8911417e-02
   2.0268247e-02
   1.3085743e-02
   4.5494836e-02
   4.2563081e-02
   4.0112443e-02
   7.1883321e-02
   4.3602478e-02
   2.4614058e-02
   1.7065089e-02
   4.5911673e-02
   7.1792677e-02
   4.8333794e-02
   1.5980510e-02
   1.6306413e-02
   1.4597837e-02
   3.2464426e-02
   2.3682961e-02
   1.9113315e-02
   3.0412437e-02
   6.4681992e-02
   8.6496830e-02
   7.1883932e-02
   4.5410343e-02
   3.3517253e-02
   3.5156332e-02
   1.5066071e-02
   2.0171802e-02
  -3.5910000e-04
   3.3106968e-02
   5.7387583e-02
   4.1260660e-02
   2.7886117e-02
   2.5377411e-02
   3.1581346e-02
   3.7009988e-02
   5.0026320e-02
   3.1710789e-02
   1.0665232e-02
   2.0248491e-02
   1.1225101e-02
   2.5374314e-02
   2.8477542e-02
   7.1510784e-03
  -2.3463648e-04
   2.5987586e-02
   3.5904717e-02
   2.5128650e-02
   2.7559131e-02
   2.4159653e-02
   7.3225466e-03
   4.0632606e-02
   6.3013472e-02
   6.2282391e-02
   2.0280413e-02
   2.7587427e-02
   3.1385884e-02
   3.3539224e-02
   5.0834797e-02
   2.5406979e-02
   1.3949703e-02
   1.0114056e-02
   1.2128388e-03
   3.3375479e-02
   5.6427587e-02
   4.6572741e-02
   4.0586360e-02
   1.2893800e-02
   1.1142352e-02
   2.2533836e-02
   3.1427436e-02
   2.4262056e-02
   3.8993917e-02
   2.1344656e-02
   3.1978149e-02
   2.9701354e-02
   2.4519257e-02
   1.0521631e-02
   3.4357468e-03
   2.4875542e-02
   2.5296379e-02
   3.7133563e-02
   4.0293500e-02
   9.4676483e-03
   1.7299715e-02
   8.5543431e-03
