   1.0194218e-02
   1.6465202e-02
   6.7492272e-03
   2.3801053e-02
   2.0167461e-02
   4.4968240e-02
   3.5122525e-02
   3.8102914e-02
   4.0994283e-02
   2.9586488e-02
   4.3954556e-03
   2.0466272e-02
   3.7158571e-02
   4.0741995e-02
   5.0174344e-02
   2.2564061e-02
   2.7019642e-02
   4.6211220e-02
   4.7119744e-02
   5.2272908e-02
   4.3901104e-02
   3.4442488e-02
   2.6742933e-02
   1.4637022e-02
   3.6709294e-02
   4.9416102e-02
   3.8763735e-02
   3.6525525e-02
   3.7420101e-02
   4.8083238e-02
   6.2976368e-02
   3.5694540e-02
   2.3991535e-03
   7.1486533e-03
   2.9843178e-02
   3.9538696e-02
   3.6171924e-02
   4.3423671e-02
   3.4974486e-02
   3.7226789e-02
   5.5899601e-02
   3.0926982e-02
   3.7789363e-03
   3.7076769e-03
   1.3122690e-02
   2.9878626e-02
   2.8419528e-02
   1.8536603e-02
   3.6274154e-02
   3.4782115e-02
   4.4795617e-02
   3.5109103e-02
   2.8009659e-02
   1.2607868e-02
   2.5647061e-02
   1.9222040e-02
   1.5391688e-02
   3.3277892e-02
   2.6499696e-02
   1.3256785e-02
   2.5638195e-02
   2.5472065e-02
   3.6280721e-02
   2.9199407e-02
   3.4020107e-02
   4.8839059e-02
   1.4862971e-02
   3.8635630e-02
   3.2638073e-02
   9.2236772e-03
   3.4375530e-02
   3.0989451e-02
   1.1176334e-02
   8.3347941e-03
   2.1451587e-02
   1.8083049e-02
   1.3853076e-02
   2.8141579e-02
   2.9614154e-02
   2.6119968e-02
   1.7503349e-02
   2.6911832e-02
   2.9496040e-02
   2.4766494e-02
   2.1241045e-02
   3.1674068e-02
   3.3792686e-02
   3.7376776e-02
   3.0792680e-02
   4.5930844e-02
   3.6563117e-02
   2.2600623e-02
   2.5848443e-02
   2.9899959e-02
   4.4136707e-02
   4.8383690e-02
   3.5766888e-02
   6.3630044e-02
   4.9054895e-02
   7.0967913e-02
   4.9808376e-02
   2.4938196e-02
   1.9567275e-02
   1.0471304e-02
   2.8096080e-02
   3.4853391e-02
   2.7541986e-02
   3.8908940e-02
   6.4427257e-02
   2.1506004e-02
   2.3462381e-02
   3.3269651e-02
   5.3441226e-02
   6.2201448e-02
   5.4310121e-02
   5.3835493e-02
   5.7057682e-02
   3.5820507e-02
   4.7331583e-02
   3.5189345e-02
   4.0019032e-02
   4.3605905e-02
   9.0215504e-03
   1.8995771e-02
   2.0591695e-02
   3.4733109e-02
   1.0765253e-02
   6.4234445e-03
   3.3483159e-02
   4.8115816e-02
   2.9685626e-02
   2.6513873e-02
   4.4077475e-02
   3.7642073e-02
   3.4871843e-02
   2.6655432e-02
   4.4963233e-02
   2.6338927e-02
   5.4645082e-03
   2.4402026e-02
   1.7180068e-02
   5.1933598e-02
   4.2197246e-02
   3.2117736e-02
   2.9255016e-02
   2.5317984e-02
   3.3390135e-02
   3.0636292e-02
   4.6879552e-02
   3.7667088e-02
   3.5182063e-02
   4.0401682e-02
   2.6986526e-02
   2.3175526e-02
   6.5586856e-03
   3.2355931e-02
   1.3116900e-02
  -3.8484822e-03
   1.9497790e-03
   7.7751298e-03
   2.3711139e-02
   2.9371414e-02
   5.6353569e-02
   5.9293382e-02
   2.3231084e-02
   1.6069710e-02
   2.7013127e-02
   8.8854879e-03
   8.0912868e-03
   4.5500170e-02
   3.7864417e-02
   4.0908091e-02
   5.4535106e-02
   3.9888773e-02
   2.6768595e-02
   4.1302606e-02
   5.0706260e-02
   2.2822594e-02
   4.2694639e-02
   2.5852671e-02
   3.5710625e-02
   3.4014452e-02
   2.0765886e-02
   3.3410877e-02
   1.3371857e-02
  -4.3828022e-03
   2.2100901e-02
   4.0502023e-02
   4.8405811e-02
   3.6183812e-02
   6.2887467e-02
   2.6811602e-02
   2.7031569e-02
   4.4096321e-02
   4.8584983e-02
   4.1118339e-02
   4.3482624e-02
   1.3676727e-02
   3.6806885e-02
   6.0963742e-02
   4.5936137e-02
   4.2767677e-02
   3.6352288e-02
   1.9401232e-02
   5.6881767e-02
   5.6237996e-02
   5.3136375e-02
   4.0634897e-02
   2.0603981e-02
   3.2862954e-02
   3.5911601e-02
   1.1831396e-02
   2.5320148e-02
   2.4435595e-02
   1.4628629e-02
   2.3241051e-02
   2.3972668e-02
   2.3813954e-02
   3.1526249e-02
   4.0175371e-02
   2.8842097e-02
   3.8676064e-02
   4.4214483e-02
   5.2995220e-02
   2.6379555e-02
   2.2429632e-02
   3.3477802e-02
   2.6401993e-02
   2.0719863e-02
   2.6700186e-02
   5.7923291e-02
   5.9231512e-02
   2.9824359e-02
   2.5043115e-02
   4.1269474e-02
   2.9649293e-02
   4.4524565e-02
   4.4495694e-02
   4.5669086e-02
   3.4725100e-02
   4.0165078e-02
   7.3590830e-02
   5.4998063e-02
   1.5123215e-02
   3.9984700e-03
   1.3136098e-02
   5.7757024e-02
   3.8768496e-02
   3.1914089e-02
   2.2248477e-02
   4.3817073e-02
   3.9807726e-02
   2.1615362e-02
   9.7867539e-03
   3.0168725e-02
   8.1371572e-03
   7.8095449e-03
   3.7491571e-02
   3.3084672e-02
   3.4514710e-02
   1.8719252e-02
   4.0244784e-02
   2.2973634e-02
   3.2843459e-02
   4.0213894e-02
   5.3635292e-02
   4.5317046e-02
   2.8818438e-02
   2.1913910e-02
   2.7955623e-02
   1.2194843e-02
   1.6860716e-02
   2.6989659e-02
   3.8075216e-02
   3.1441119e-02
   3.2399289e-02
   4.6161059e-02
   3.3144265e-02
   9.3513960e-03
   1.9501820e-02
   4.1638970e-02
   2.3334956e-02
   4.7071096e-02
   3.4467589e-02
   3.6832478e-02
   7.3323794e-02
   2.8868547e-02
   3.3335272e-02
   1.9683830e-02
  -3.8127366e-03
   3.5410821e-02
   2.8389741e-02
   3.2996766e-02
   3.9426923e-02
   7.0103444e-02
   6.1091058e-02
   4.4542052e-02
   4.3780636e-02
   2.7078899e-02
   1.7273163e-02
   4.1139018e-02
   4.7785461e-02
   5.2921921e-02
   1.8587012e-02
   4.2804532e-02
   3.7102789e-02
   6.3090518e-02
   3.7066858e-02
   1.7400227e-02
   3.7864879e-02
   3.6639877e-02
   2.4997240e-02
   3.5475083e-02
   3.0599520e-02
   3.8254276e-02
   2.5328616e-02
   3.2388523e-02
   2.2035019e-02
  -7.0579897e-04
   1.4705729e-02
   2.9690867e-02
   2.0799130e-02
   1.4602730e-02
   2.7152896e-02
   3.0214574e-02
   5.0940979e-02
   5.6955837e-02
   3.0536404e-02
   4.2912707e-02
   2.6517065e-02
   1.0855651e-02
   3.4741480e-02
   3.7387118e-02
   1.8512020e-02
   5.8465108e-02
   4.1876957e-02
   2.8488927e-02
   2.9342268e-02
   2.7696246e-02
   1.3707651e-02
   1.7090987e-02
   1.8049197e-02
   3.0678662e-02
   8.5832663e-03
   1.2929561e-02
   1.9466421e-02
   2.3973631e-02
   1.8926639e-02
   1.4978659e-02
  -5.6008226e-03
   1.0904850e-02
   3.3474039e-02
   1.9739727e-02
   1.0461472e-02
   2.0270415e-02
   2.1151779e-02
   3.2163687e-02
   7.9691358e-02
   9.2535093e-02
   5.6042228e-02
   2.1912366e-02
   1.3592836e-02
   3.5129305e-02
   3.4449015e-02
   4.7243815e-02
   2.1144431e-02
   3.7215684e-02
   2.9881731e-02
   1.7519642e-02
   2.4833634e-02
   3.1944767e-02
   1.4573868e-02
   1.4295992e-02
   1.8334985e-02
   2.8959701e-02
   2.9279523e-02
   3.6097534e-02
   4.0672626e-02
   3.9995354e-02
   3.9647415e-02
   2.1932259e-02
   1.8864363e-02
   1.5310574e-02
   2.4203999e-02
   4.5617767e-02
   4.3753859e-02
   3.0570684e-03
   1.5559826e-02
   3.7381936e-02
   5.0486089e-03
   2.7806822e-02
   5.7876538e-02
   5.3835835e-02
   3.1088999e-02
   1.5327590e-02
   3.4476791e-03
   1.5445688e-02
   5.1563788e-02
   4.5473587e-02
   5.9079938e-02
   3.9488278e-02
   5.0468449e-02
   4.1971989e-02
   2.0388851e-02
   4.1314173e-02
   3.8423557e-02
   2.7724516e-02
   3.6411140e-02
   3.4650590e-02
   5.4720458e-02
   5.7959385e-02
   6.4559333e-02
   5.6864344e-02
   3.6039505e-02
   7.5680286e-02
   1.7780749e-01
   1.5453415e-01
   6.4550459e-02
   3.8036358e-02
   4.7583908e-02
   5.6422066e-02
   5.8120627e-02
   4.8114575e-02
   3.7342750e-02
   1.5497485e-02
   1.7293220e-02
   2.4944656e-02
   2.5486186e-02
   4.1567419e-02
   4.1863136e-02
   4.0269010e-02
   2.3458812e-02
   2.0073639e-02
   3.3212211e-02
   4.5035675e-02
   1.7194921e-02
   3.2106951e-02
   2.1622721e-02
   3.7348323e-02
   5.7086378e-02
   3.8360775e-02
   3.0627707e-02
   1.6267495e-02
   1.5288235e-02
   7.0646359e-03
   2.1883097e-02
   1.6723117e-02
   1.3691447e-02
   2.9888263e-02
   3.8977265e-02
   2.6314724e-02
   1.9387202e-02
   4.7865119e-02
   4.5227889e-02
   4.3803670e-02
   1.5029117e-02
   1.1268694e-02
   3.0057201e-02
   2.6763067e-02
   2.7835596e-02
   2.9903620e-02
   3.8115408e-02
   2.6558377e-02
   2.8380629e-02
   1.9486366e-02
   1.1705670e-02
   3.8969427e-02
   4.3240830e-02
   3.6884002e-02
   3.6512259e-02
   3.1495046e-02
   2.7964434e-02
   2.0841779e-02
   4.2601123e-02
   1.5464698e-02
   1.4096051e-02
   2.6807990e-02
   3.1507138e-02
   2.2250196e-02
   3.2302290e-02
   9.0098763e-03
   1.0667534e-02
   4.5919158e-02
   5.1439390e-02
   3.6696792e-02
   3.0928707e-02
   2.9732645e-02
   3.7551023e-02
   1.9641714e-02
   2.0615416e-02
   2.4232714e-02
   3.5468280e-02
   3.7288669e-02
   2.0282226e-02
   2.2841662e-02
   5.9291068e-02
   8.3515659e-02
   5.3102918e-02
   4.9962882e-02
   2.5128523e-02
   2.7312744e-02
   3.6665861e-02
   2.3372551e-02
   4.7082204e-02
   7.5006165e-02
   4.1098692e-02
   4.6338481e-03
  -5.2698655e-03
   1.1789691e-02
   1.2910481e-02
   2.7909093e-02
   3.6625382e-02
   1.6494041e-02
   1.6105087e-02
   1.1534999e-02
   1.0820587e-02
   1.3789737e-02
   6.8073664e-03
   1.2690814e-02
   2.0004556e-02
   2.4111527e-03
   3.1397284e-03
   1.4598053e-02
   3.4130473e-02
   4.5374390e-02
   4.6851691e-02
   4.8438009e-02
   3.7764385e-02
   3.3632461e-02
   2.6805913e-02
   1.0016643e-02
   5.2295912e-02
   6.8871297e-02
   3.3572353e-02
   9.0149082e-03
   3.0329738e-02
   3.4817945e-02
   1.1527848e-01
   1.9351536e-01
   1.1854739e-01
   5.5543952e-02
   3.1756312e-02
   4.3384366e-02
   4.0631007e-02
   3.8715679e-02
   5.0389271e-02
   5.8375746e-02
   3.8178429e-02
   1.4528304e-02
   9.4962586e-03
   2.9439854e-02
   3.6451727e-02
   3.7547674e-02
   4.0396910e-02
   4.1107651e-02
   3.4953061e-02
   4.3359131e-02
   4.7635693e-02
   3.2639287e-02
   2.2743952e-02
   7.8996830e-02
   1.2294977e-01
   8.7887309e-02
   6.0049653e-02
   4.5590512e-02
   3.4051351e-02
   3.4377221e-02
   1.5902486e-02
   6.0892105e-02
   8.6999796e-02
   6.1298247e-02
   2.9500503e-02
  -1.5501649e-03
  -5.3258422e-03
   4.8809763e-02
   5.1038057e-02
   2.2694444e-02
   1.8395316e-02
   1.1496434e-02
   2.0204909e-02
   6.5887766e-03
   1.8049641e-02
   6.6128358e-02
   8.0292985e-02
   4.0905848e-02
  -6.3824467e-03
  -3.8256394e-03
   1.0172495e-01
   2.8181744e-01
   2.8479898e-01
   1.7707525e-01
   1.4627834e-01
   1.3364682e-01
   5.1363509e-02
   4.1151851e-02
   2.0059237e-01
   7.7492785e-01
   9.8355973e-01
   5.1818055e-01
   1.5236695e-01
   1.5024109e-01
   1.4650482e+00
   4.9122243e+00
   4.6486311e+00
   1.8400835e+00
   4.4582915e-01
   1.6493651e-01
   1.2678371e-01
   2.2400673e-01
   5.7337737e-01
   6.2254721e-01
   3.2482785e-01
   1.0168222e-01
   4.5556188e-02
   5.5350658e-02
   1.3007408e-01
   2.0690656e-01
   1.6480771e-01
   8.9679599e-02
   8.0604479e-02
   8.7680034e-02
   9.8474994e-02
   8.1963949e-02
   7.3050976e-02
   1.6530658e-01
   3.2980916e-01
   2.3288459e-01
   5.4990590e-02
   2.8260253e-02
   2.8685693e-02
   4.8273422e-02
   2.5433375e-02
   1.9948853e-02
   2.8256901e-02
   5.2435089e-02
   5.6464404e-02
   2.3453927e-02
   4.3202373e-03
   4.1469593e-02
   3.9929759e-02
   2.1601321e-02
   3.1653855e-02
   5.6119457e-02
   7.0326842e-02
   3.4710094e-02
   1.3773036e-02
   5.2961260e-03
   6.3213378e-02
   1.4021790e-01
   1.7323458e-01
   6.3310876e-02
   4.5292575e-02
   2.5800857e-01
   3.3353895e-01
   2.0092304e-01
   8.9567743e-02
   1.3107602e-01
   1.9258010e-01
   1.1595836e-01
   5.9479166e-02
   4.0874030e-02
   1.6080198e-01
   6.8236423e-01
   8.4204888e-01
   3.8320458e-01
   8.2230687e-02
   2.3933800e-02
  -1.0409993e-03
   1.0558424e-02
   7.6581657e-02
   8.0580503e-02
   5.2513141e-02
   1.1610718e-02
   1.1863147e-02
   1.2604496e-02
   3.8349934e-02
   3.7053570e-02
   1.9747237e-02
   3.5078246e-02
   4.3494850e-02
   2.2904489e-02
   2.9127698e-02
   1.2646397e-02
   1.5596114e-02
   3.8261537e-02
   6.2983535e-02
   4.3921832e-02
   2.5690958e-02
   3.2308608e-02
   6.4521241e-03
   3.0775174e-02
   1.1533133e-02
   1.6085784e-03
   3.6858715e-02
   6.0291126e-02
   6.5871343e-02
   5.2950412e-02
   6.0471147e-02
   6.5109819e-02
   3.0372666e-02
   1.8271795e-02
   2.7452530e-02
   6.3885547e-02
   5.5173710e-02
   3.9696552e-02
   3.8011476e-02
   4.6796978e-02
   8.1856929e-02
   1.0637513e-01
   6.0256489e-02
   2.6647231e-02
   6.8744145e-02
   1.1105953e-01
   8.8398881e-02
   4.4915192e-02
   1.5487459e-01
   3.0866522e-01
   2.5268400e-01
   8.4209122e-02
   3.2340083e-02
   2.8041664e-01
   1.1205026e+00
   1.4072701e+00
   7.7026552e-01
   2.1384354e-01
   2.5472110e-02
   5.0324779e-02
   6.7635551e-02
   1.3742089e-01
   1.1816932e-01
   7.7300899e-02
   9.5355920e-03
   5.3473376e-04
   3.6393423e-02
   2.8599704e-02
   3.8919721e-02
   6.0006801e-02
   3.7831053e-02
   2.7369644e-02
   1.4208527e-02
   8.9324946e-03
   1.7727556e-02
   9.1851875e-03
  -3.9024076e-03
   2.4181979e-02
   2.3604674e-02
   2.0996898e-02
   1.3434885e-02
   1.6939778e-02
   2.3241391e-02
  -1.8951006e-03
  -4.6979957e-03
   9.9261152e-03
   5.2741662e-02
   3.9527927e-02
   1.7303212e-02
   2.9728172e-02
   2.4696117e-02
   1.1610248e-02
   3.9720889e-02
   2.9864527e-02
   3.8144849e-02
   4.7194749e-02
   1.2338477e-02
   2.7687969e-02
   3.5038233e-02
   6.5415949e-02
   6.9224581e-02
   5.3813182e-02
   3.8705487e-02
   3.5360631e-02
   4.4606026e-02
   2.5221914e-02
   2.4993809e-02
   5.4416981e-02
   7.8487270e-02
   7.5752482e-02
   2.9990006e-02
   1.1119346e-02
   8.1538163e-02
   2.6344448e-01
   2.9672068e-01
   1.6003691e-01
   6.1563950e-02
   4.1770309e-02
   2.1319708e-02
   1.3345551e-02
   4.5602571e-02
   5.1931124e-02
   1.9101014e-02
   2.3054615e-02
   9.3123773e-03
   2.2827823e-02
   2.0495322e-02
   3.9438687e-02
   3.5155043e-02
   2.3900542e-02
   3.8685385e-02
   1.3921732e-02
   2.2967558e-02
   1.3018346e-02
   2.8870717e-02
   3.2823492e-02
   4.1500062e-02
   3.7743870e-02
   1.2778977e-02
   8.6887507e-03
   2.7771696e-02
   3.8033344e-02
   6.7400248e-03
   1.3419633e-02
   1.8587632e-02
   1.5416926e-02
   1.1314115e-02
   3.1496316e-02
   3.9085090e-02
   2.3901323e-02
   1.9714257e-02
   1.2164811e-02
   1.7088801e-02
   2.0929329e-02
   1.1922961e-02
   2.7821647e-02
   3.9002620e-02
   3.7434984e-02
   3.3092044e-02
   2.4686953e-02
   2.6612455e-02
   2.7636524e-02
   3.2948591e-02
   2.8261509e-02
   3.0001899e-02
   3.2884777e-02
   5.6965824e-02
   6.1575864e-02
   5.5555947e-02
   1.7492807e-02
   2.8918087e-02
   9.3872279e-02
   1.1827227e-01
   7.6704040e-02
   3.7913579e-02
   3.4700379e-02
   3.2309692e-02
   5.2828718e-02
   6.3314192e-02
   5.9086844e-02
   3.3688091e-02
   7.7586677e-03
   8.8458052e-03
   5.6311078e-03
   2.8494805e-02
   7.2342232e-03
   2.6900049e-02
   1.4094708e-02
   3.3050198e-02
   3.6870059e-02
   3.2483224e-02
   1.6897079e-02
   1.8786918e-02
   1.2428605e-02
   2.3840040e-02
   3.1542931e-02
   4.4948753e-02
   6.0523421e-02
   4.0596019e-02
   2.6120950e-02
   2.9307205e-02
   2.2438725e-02
   3.3792764e-02
   3.6325529e-02
   3.7826192e-02
   3.7801519e-02
   1.2271848e-02
   1.3745981e-02
   1.1796835e-02
   1.7267480e-02
   2.0801201e-02
   1.9056581e-02
   2.4226194e-02
   3.0699166e-02
   1.5936978e-02
   2.4213055e-02
   1.1533489e-02
   2.1677084e-02
   1.4668616e-02
   2.7515793e-02
   2.0936798e-02
   2.1050019e-02
   2.2915663e-02
   3.5163287e-02
   3.6948912e-02
   3.4680434e-02
   1.4149290e-02
   2.2809569e-02
   4.3612070e-02
   6.1102085e-02
   5.4675691e-02
   3.1554028e-02
   3.9164531e-03
   5.9816451e-03
   1.9228209e-02
   2.6501061e-02
   3.8080618e-02
   2.7643682e-02
   3.0798476e-02
   1.3711978e-02
   3.4528237e-02
   5.2745905e-02
   2.0294074e-02
   1.8011220e-02
   1.0463204e-03
   1.4888978e-02
   3.5848048e-02
   4.7894042e-02
   4.1622922e-02
   2.2127939e-02
   2.3467015e-02
   1.9173345e-02
   3.9335292e-02
   2.5296587e-02
   3.4075905e-02
   6.2287088e-02
   5.0661705e-02
   4.9289878e-02
   4.1033324e-02
   3.5353333e-02
   3.0418018e-02
   2.6015546e-02
   3.4519318e-02
   4.4746961e-02
   4.7806166e-02
   4.8219617e-02
   5.4095503e-02
   4.8968345e-02
   2.2288345e-02
   2.6474809e-02
   5.6118194e-02
   8.1050910e-02
   7.4750997e-02
   6.3305557e-02
   4.0853065e-02
   5.1897984e-02
   1.2824468e-01
   1.4957285e-01
   1.0309669e-01
   4.2200446e-02
   9.8683894e-02
   1.4372954e-01
   1.3005151e-01
   9.3898647e-02
   6.3506752e-02
   1.6398667e-01
   1.9756433e-01
   1.3984936e-01
   6.1143808e-02
   5.1441405e-02
   2.2324102e-01
   3.4400025e-01
   2.2242887e-01
   8.5115679e-02
   2.5465067e-02
   2.7429986e-01
   5.3266770e-01
   3.7650320e-01
   1.1269420e-01
   7.4101068e-02
   3.6035186e-01
   5.9840339e-01
   3.9473051e-01
   1.9683000e-01
   8.0916896e-02
   7.8266628e-02
   8.8630199e-02
   4.7539897e-02
   1.1203284e-02
   1.4489371e-02
   4.8171420e-02
   6.3270748e-02
   1.9523541e-02
   3.4173481e-02
   7.6250263e-02
   5.2309465e-02
   3.3642437e-02
   1.8767133e-02
   1.4849543e-02
   5.3758523e-03
   1.2485085e-02
   1.5320878e-02
   2.0937966e-02
  -1.1964059e-02
   1.2223986e-02
   1.7676204e-02
   1.9271696e-02
   4.2809568e-02
   1.8188901e-02
   9.0133073e-03
   1.7021729e-02
   2.1411758e-02
   3.2881472e-02
   2.4553983e-02
   4.7823891e-02
   4.4188138e-02
   4.7332369e-02
   4.9206939e-02
   3.5357472e-02
   5.3184390e-02
   6.8219118e-02
   5.0550479e-02
   5.8387946e-02
   4.6966240e-02
   1.8429879e-02
   4.1609772e-02
   6.0138650e-02
   8.1208281e-02
   7.4853197e-02
   2.1375999e-02
   2.1918351e-03
   8.1806876e-02
   1.7834282e-01
   1.8346262e-01
   9.9275582e-02
   5.0552066e-02
   6.5899715e-02
   1.0529158e-01
   7.6572612e-02
   4.9420599e-02
   2.4709430e-02
   3.6452010e-02
   6.1831158e-02
   6.7961499e-02
   4.5143612e-02
   6.3102683e-03
   2.5449514e-02
   3.6219712e-02
   3.7613072e-02
   2.2768911e-02
   1.6484270e-02
   1.1208621e-02
   2.0287801e-02
   2.1363119e-02
   1.8148240e-02
   3.7913743e-02
   4.4519857e-02
   3.2680880e-02
   4.3250183e-03
   3.1223914e-02
   2.8493542e-02
   1.8134942e-02
   3.3936076e-02
   5.2328877e-02
   6.8523131e-02
   6.7391321e-02
   2.5856752e-02
   2.1570312e-02
   3.3921231e-02
   4.8222270e-02
   2.5620548e-02
   4.0674340e-02
   2.0241089e-02
   1.0224752e-02
   3.7490897e-02
   3.9761506e-02
   2.6806647e-02
   3.7342172e-02
   3.3643730e-02
   5.5890851e-02
   6.0458068e-02
   3.3558562e-02
   7.0096448e-02
   5.4873522e-02
   4.7058053e-02
   2.5187522e-02
   3.9139993e-02
   6.8898380e-02
   1.2058023e-01
   8.9015558e-02
   5.3339522e-02
   5.3680088e-02
   1.1897725e-01
   1.2622872e-01
   8.4100060e-02
   3.7462968e-02
   3.7639208e-02
   4.5090523e-02
   3.2252531e-02
   1.5070646e-02
   3.3191595e-02
   3.0221790e-02
   5.3666558e-02
   2.2093562e-02
   7.5698681e-03
   2.5013961e-02
   2.7672887e-02
   4.5329690e-02
   3.0814985e-02
  -5.0008325e-03
   2.3058739e-02
   3.0442147e-02
   1.5949612e-02
   2.7056664e-02
   3.1516355e-02
   2.1526320e-02
   3.7231084e-02
   3.1532828e-02
   3.3801332e-02
   2.7193390e-02
   2.1004548e-02
   4.2492386e-02
   4.4813976e-02
   2.4113782e-02
   1.4789554e-02
   1.0556306e-02
   2.7752621e-02
   2.1224212e-02
   1.3442453e-02
   1.5085557e-02
   2.2549458e-02
   2.9771218e-02
   2.2428729e-02
   2.0410940e-03
   6.6174548e-03
   2.0027608e-02
   2.3044635e-02
   2.7857387e-02
   6.2668532e-02
   3.9626930e-02
   2.9666089e-02
   7.9133110e-03
   3.4407195e-02
   6.3084066e-02
   5.6390684e-02
   2.6878361e-02
   3.2661267e-02
   4.1573737e-02
   3.8388725e-02
   2.1496512e-02
   1.8475594e-02
   2.3108635e-02
   4.4374205e-02
   3.1648636e-02
   2.8141461e-02
   4.9988665e-03
   2.4621850e-02
   6.1262395e-02
   5.9171308e-02
   2.8895032e-02
   2.1062719e-02
   2.4634315e-02
   9.9686841e-03
   1.3510570e-02
   1.8121246e-02
   2.3883276e-02
   2.8912256e-02
   1.1798196e-02
   5.3161159e-03
   2.8564245e-02
   2.1989960e-02
   1.8353216e-02
   5.4148375e-03
   9.7112395e-03
  -9.5458720e-03
   4.5898077e-03
   1.8456439e-02
   2.8373269e-02
   2.9343950e-02
   3.9214980e-02
   3.3351231e-02
   4.6696391e-02
   2.8973226e-02
   1.6910087e-02
   2.7155347e-02
   3.2174375e-02
   2.0252187e-02
   3.1393010e-02
   4.1773949e-02
   2.4194991e-02
   3.9462775e-02
   3.9250139e-02
   5.9422858e-02
   4.7081009e-02
   3.4946594e-02
   1.8689150e-02
   1.4139753e-02
   2.8134542e-02
   2.2702107e-02
   6.2978906e-03
   1.9333525e-02
   4.5410383e-02
   8.2071371e-02
   6.9452189e-02
   3.6305085e-02
   4.5503702e-02
   2.2865891e-02
   1.1772466e-02
   1.7278532e-02
   1.8595561e-02
   2.8807864e-02
   3.6354493e-02
   4.6986777e-02
   2.8882869e-02
   2.4757383e-02
   2.5924912e-02
   3.3013068e-02
   3.6297910e-02
   9.4686355e-03
   1.6439432e-02
   2.2210050e-02
   1.9326320e-02
   1.8612370e-02
   9.2427321e-03
   6.2177354e-03
   2.1969080e-02
   2.7147166e-02
   4.8122205e-02
   3.2862891e-02
   3.5958827e-02
   4.2229921e-02
   4.9061283e-02
   4.2171184e-02
   4.0081702e-02
   2.7463179e-02
   2.1267021e-02
   2.6841862e-02
   1.5856637e-02
   3.2471094e-02
   3.6481954e-02
   3.1497620e-02
   3.6776945e-02
   1.7966487e-02
   2.7455360e-02
   4.1688185e-02
   2.2736641e-02
   4.3339022e-02
   3.9020948e-02
   3.0316362e-02
   3.2093454e-02
   1.7871076e-02
   2.4629733e-02
   3.4871541e-02
   2.7731216e-02
   2.5454719e-02
   2.9669801e-02
   6.0292399e-03
   2.2386733e-02
   3.0536987e-02
   2.7694631e-02
   1.4759685e-02
   4.1922059e-02
   4.6871904e-02
   2.3944126e-02
   3.9065558e-02
   5.8249537e-02
   4.5642793e-02
   1.8339012e-02
   7.2458931e-03
   1.2560478e-02
   1.2943956e-02
   1.9385263e-02
   3.8556449e-02
   3.5770938e-02
   1.2788445e-02
   1.8788962e-02
   2.3867609e-02
   3.7175413e-02
   1.7201725e-02
   2.6374944e-02
   2.5646491e-02
   2.2384189e-02
   3.0158158e-02
   2.0458024e-02
   2.0228034e-02
   3.3934023e-02
   3.2260135e-02
   2.0695459e-02
   2.4010861e-02
   2.9525302e-02
   2.3709608e-02
   1.9553736e-02
   4.4386918e-03
   1.6933205e-02
   1.4276187e-02
   3.0339162e-03
   2.7791105e-02
   4.3247893e-02
   2.3529746e-02
   3.5148367e-02
   4.8837785e-02
   1.7641416e-02
   1.0240242e-02
   2.7346510e-02
   2.2028163e-02
   3.2093026e-02
   3.7024044e-02
   1.7224960e-02
   2.3494620e-02
   1.9444687e-02
   2.4872178e-02
   3.6286276e-02
   2.3040878e-02
   1.7966030e-02
   1.9992022e-02
   1.6189059e-02
   1.4113775e-02
   1.9281225e-02
   3.3094164e-02
   3.6330059e-02
   2.4149463e-02
   2.5507767e-02
   2.4947757e-02
   3.7512373e-02
   6.1255421e-02
   3.7986327e-02
   2.5028745e-02
   8.0505908e-03
   2.5101298e-02
   2.5084879e-02
   2.6306322e-02
   2.1555517e-02
   1.5092085e-02
   8.6469809e-03
   2.4751885e-02
   1.6251815e-02
   2.9494449e-02
   1.4699607e-02
   2.7118050e-02
   3.0745247e-02
   4.4621881e-02
   2.6430836e-02
   1.8794971e-02
   2.3846976e-02
   2.3079477e-02
   2.1275351e-02
   4.4902001e-02
   5.2109249e-02
   3.9525252e-02
   3.3895548e-02
   3.1931434e-02
   3.3498749e-02
   9.8170154e-03
   2.3010710e-02
   3.0689653e-02
   2.9720448e-02
   2.6938038e-02
   1.9262118e-02
   4.0436368e-02
   1.2593469e-01
   1.2356818e-01
   6.4469516e-02
   4.4920381e-02
   7.9160780e-02
   1.0173913e-01
   6.3776582e-02
   5.2668590e-02
   3.6498010e-02
   4.4703059e-02
   2.6208792e-02
   3.4067146e-02
   6.3165709e-02
   4.8574615e-02
   3.1965930e-02
   2.3477526e-02
   1.9918362e-02
   2.5517941e-02
   3.8805608e-02
   2.3372620e-02
   1.1367948e-02
   2.8290419e-02
   4.0388331e-02
   2.4219085e-02
   1.1860487e-02
   2.2511519e-02
   4.0832173e-02
   2.9633585e-02
   1.6228149e-02
   2.7657688e-02
   2.2541605e-02
   2.6023282e-02
   3.0688338e-02
   4.0342160e-02
   3.1216579e-02
   1.1603793e-02
   1.3923826e-02
   2.0743603e-02
   3.0178916e-02
   2.2479158e-02
   1.8748863e-02
   2.3635324e-02
   1.9861206e-02
   3.1891190e-02
   3.3353835e-02
   1.9114653e-02
   2.2898907e-02
   1.5136850e-02
   1.0058853e-02
   1.8978829e-02
   3.9985571e-02
   2.8147874e-02
   4.1098788e-02
   4.2122271e-02
   2.3312094e-02
   4.0487431e-02
   4.8999067e-02
   5.1855851e-02
   2.6074670e-02
   1.8967457e-02
   1.6429493e-02
   1.2939018e-02
   1.9081589e-02
   2.7963672e-02
   4.1538026e-02
   2.5900520e-02
   2.7432846e-02
   3.0399306e-02
   3.2379065e-02
   3.9195497e-02
   3.0441964e-02
   2.0890269e-02
   3.1278741e-02
   5.0226934e-02
   3.4863893e-02
   1.0752985e-02
   1.4994048e-02
   1.2718434e-02
   8.0556944e-03
   7.0531871e-03
   1.8143989e-02
   4.5967162e-02
   3.4377292e-02
   3.1927709e-02
   2.8300244e-02
   2.3076072e-02
   2.2034638e-02
   2.4728967e-02
   1.7101102e-02
  -1.5905794e-03
   1.6446637e-02
   1.7603373e-02
   1.7558672e-02
   2.7454758e-02
   2.4432695e-02
   1.4035644e-02
   4.0324252e-02
   4.8829954e-02
   3.2209639e-02
   2.8967433e-02
   1.4068964e-02
   2.0091552e-02
   2.4435055e-02
   2.7950522e-02
   1.8548327e-02
   2.3675404e-02
   3.1155515e-02
   2.6380809e-02
   1.3675265e-02
   2.1528557e-02
   1.2271693e-02
   3.0345311e-02
   1.1075745e-02
   6.6930670e-03
   2.1757144e-02
   2.0900613e-02
   1.9903164e-02
   1.0844739e-02
   7.4057020e-03
   6.5266956e-03
   2.2625593e-02
   4.3849692e-02
   4.0527612e-02
   3.4182619e-02
   2.3968862e-02
   3.7697076e-03
   1.9936021e-02
   2.9149640e-02
   1.2864569e-02
   2.9584026e-04
   1.2239379e-02
   2.0179052e-02
   1.8128697e-02
   1.5629686e-02
   4.1460503e-02
   8.4273433e-03
   2.3403818e-04
   1.1039340e-02
   2.7546084e-02
   4.3747798e-02
   5.0110355e-02
   4.0117837e-02
   2.1857934e-02
   1.6528480e-02
   1.6981434e-02
   2.6319720e-02
   1.5688023e-02
   1.5683079e-02
   1.8736860e-02
   2.4429223e-02
   2.2362003e-02
   3.9199118e-02
   2.7310656e-02
   3.3455286e-02
   3.2137763e-02
   3.0664433e-02
   4.4009142e-02
   4.3880980e-02
   2.4539130e-02
   3.2374509e-02
   1.5070628e-02
   9.6093249e-03
   1.5571108e-02
   2.3255304e-02
   1.2771862e-02
   1.7551327e-02
   1.9891558e-02
   1.8267972e-02
   3.4834724e-02
   5.8348645e-02
   2.4226602e-02
   1.0378825e-02
   2.2671593e-02
   2.8535420e-02
   3.3388913e-02
   3.0064266e-02
   3.0677168e-02
   1.0471054e-02
   1.9730102e-02
   1.9041510e-02
   1.4779083e-02
   2.3696477e-02
   2.0090235e-02
   1.6767617e-02
   2.3063509e-02
   2.2938794e-02
   2.0319361e-02
   2.5435826e-02
   2.0586066e-02
   1.4025489e-02
   7.8277411e-03
   2.6487952e-02
   1.9711314e-02
   2.6164962e-02
   2.3050550e-02
   3.0938886e-02
   2.6273038e-02
   1.1251399e-02
   4.1029723e-03
   1.5942166e-02
   1.8108359e-02
   2.5915379e-02
   4.0698662e-02
   1.6195195e-02
   2.0927239e-02
   9.3361093e-03
   8.1306472e-03
   2.8216889e-02
   2.4174767e-02
   2.6919685e-02
   2.7718434e-02
   3.2271113e-02
   3.1846669e-02
   4.0112182e-02
   3.4999698e-02
   1.2078553e-02
   6.9016386e-03
   2.6333461e-02
   1.7130673e-02
   1.6084243e-02
   1.3533095e-02
   2.1865470e-02
   1.9874396e-02
   3.1761378e-02
   3.3456627e-02
   3.6991701e-02
   3.0267850e-02
   3.7140738e-02
   1.4933913e-02
   2.1288600e-02
   2.6688432e-02
   2.0593697e-02
   2.6339401e-02
   1.2281353e-02
   2.1406487e-02
   2.2093212e-02
   3.5715457e-02
   2.5136618e-02
   3.3426102e-02
   1.7623862e-02
   1.7376658e-02
   3.5808291e-02
   3.3628635e-02
   3.4994192e-02
   2.5400899e-02
   1.5805656e-02
   1.4923854e-02
   1.8212020e-03
   2.4369568e-02
   3.8171735e-02
   3.5830133e-02
   1.3459183e-02
   2.8161010e-02
   3.7100393e-02
   1.9038148e-02
   7.7500874e-03
   1.0412174e-02
   1.7226608e-02
   2.1688454e-02
   3.6232669e-02
   4.6208598e-02
   4.8326652e-02
   3.4628559e-02
   4.8609644e-02
   6.7769758e-02
   5.4546785e-02
   4.5133114e-02
   3.7419036e-02
   3.2337539e-02
   3.9023932e-02
   3.5389390e-02
   3.5242189e-02
   3.9856303e-02
   3.8469817e-02
   2.9156912e-02
   3.4009811e-02
   1.1740020e-02
   2.0752724e-02
   1.6141715e-02
   2.4083802e-03
   3.3273329e-03
   8.6861886e-03
   5.1242735e-02
   5.9579160e-02
   2.9293194e-02
   2.6438782e-02
   8.6572990e-03
   1.0601179e-02
   6.6466187e-03
   7.9936599e-03
   2.4932170e-02
   3.5852168e-02
   3.9413206e-02
   3.6181837e-02
   3.2941531e-02
   4.1872337e-02
   2.0682888e-02
   3.8161423e-02
   2.7019763e-02
   1.3498497e-02
   2.5074124e-02
   2.6936136e-02
   2.7980011e-02
   2.7484467e-02
   3.4256373e-02
   4.0709574e-02
   2.4572993e-02
   3.3078153e-02
   1.5604757e-02
   4.5884661e-02
   3.7442297e-02
   4.7253758e-02
   4.3572154e-02
   2.2135666e-02
   5.1938524e-03
   1.6367935e-02
   2.7806120e-02
   3.4888454e-02
   3.8542073e-02
   3.4009930e-02
   5.2052774e-02
   2.8896540e-02
   1.3762931e-02
   2.7766589e-02
   2.1646656e-02
   4.2357258e-02
   3.3259746e-02
   1.8618595e-02
   5.2110177e-02
   6.0890336e-02
   2.7365694e-02
   2.1813398e-02
   7.5054392e-03
   4.4809882e-02
   2.3266954e-02
   2.7619146e-02
   3.6002707e-02
   2.5051681e-02
   2.9943483e-02
   2.6468821e-02
   1.3353608e-02
   3.0956857e-02
   6.7679539e-02
   6.4956181e-02
   4.3445420e-02
   1.1658893e-02
   1.6833941e-02
   2.9060211e-02
   2.7958792e-02
   1.1442685e-02
   1.7341880e-02
   7.0508122e-02
   1.1393198e-01
   7.5103395e-02
   5.6735355e-02
   1.8022807e-02
   1.2489008e-02
   3.1716228e-02
   1.4924821e-02
   2.5468988e-02
   3.1165920e-02
   2.9255845e-02
   3.6855899e-02
   4.4372238e-02
   3.6203101e-02
   2.3786770e-02
   3.4079868e-02
   4.0640630e-02
   1.2110794e-02
   2.3116523e-02
   4.4931971e-02
   2.0507229e-02
   1.5693353e-02
   2.4237420e-02
   2.8074404e-02
   2.2050599e-02
   1.7319664e-02
  -1.2991752e-02
  -5.5281557e-03
   1.8041298e-02
   3.7015259e-02
   3.8062796e-02
   3.5782583e-02
   1.6155228e-02
   9.2190532e-03
   1.6317554e-02
   3.2365438e-02
   2.3372296e-02
  -1.7048350e-04
   3.6029302e-02
   4.1732959e-02
   3.2217298e-02
   2.9043270e-02
   6.0383137e-02
   1.0556315e-01
   7.1149684e-02
   4.2455427e-02
   2.6371175e-02
   1.7140495e-02
   2.1303773e-02
   3.7916554e-03
   5.5657301e-02
   1.9791350e-01
   3.5338193e-01
   3.0601341e-01
   1.7459068e-01
   7.0868388e-02
   3.0498620e-02
   1.9425621e-02
   8.3294157e-03
   1.4078121e-02
   2.5510373e-02
   2.4130868e-02
   2.4596198e-02
   3.2348149e-02
   4.0278733e-02
   3.1768862e-02
   1.8450085e-02
   3.3195868e-02
   5.1462252e-02
   1.6887898e-02
   1.9328285e-02
   7.0949947e-03
   5.1039648e-03
   1.7696964e-02
   3.8343899e-02
   2.6510438e-02
   3.1316768e-02
   3.4362897e-02
   2.2816276e-02
   2.5664104e-02
   3.6288928e-02
   4.4503201e-02
   4.0210120e-02
   4.0999245e-02
   2.4266645e-02
   1.0491922e-02
   1.1612953e-02
   1.1467319e-02
   1.2162429e-02
   4.5731146e-02
   4.7576979e-02
   4.9472347e-02
   2.4850959e-02
   2.9063016e-02
   2.1853408e-02
   8.6704008e-03
   6.7074052e-03
   1.5312835e-02
   2.9543441e-02
   1.8212570e-02
   2.2923142e-02
   2.2730479e-02
   2.0595392e-02
   1.9848133e-02
   9.1061695e-03
   2.8050883e-02
   2.7225710e-02
   1.6808892e-02
   2.5415920e-02
   1.9291947e-02
   3.8435541e-02
   3.3436231e-02
   2.5387863e-02
   2.3776321e-02
   7.4004498e-03
   8.4676631e-03
   2.7846929e-02
   1.8684383e-02
   2.1519210e-02
   3.5136718e-02
   3.0313721e-02
   1.8086059e-02
   1.8263958e-02
   3.2418061e-02
   3.5962578e-02
   1.9907253e-02
   1.4069404e-02
   2.0556133e-02
   9.7604161e-03
   3.4986865e-02
   3.9222181e-02
   3.5589971e-02
   4.3927141e-02
   3.4346160e-02
   3.6377832e-02
   2.8262017e-02
   2.8679572e-02
   3.7856191e-02
   1.2092043e-02
   3.3792772e-03
   1.5018323e-02
   2.6778528e-02
   5.9372846e-02
   1.1501417e-02
   1.1345329e-02
   1.8065307e-02
   8.1251618e-03
   2.0463899e-02
   3.3052079e-02
   3.4680028e-02
   5.7050012e-02
   5.9212457e-02
   2.1126838e-02
   1.0105494e-02
   1.9918721e-02
   3.0872913e-02
   2.0309899e-02
   2.8321205e-02
   2.7700793e-02
   6.9530802e-03
   1.4347378e-02
   3.0242058e-02
   4.6824582e-02
   4.8559792e-02
   3.3785820e-02
   1.5430102e-02
   3.2426946e-02
   2.5707608e-02
   2.6104182e-02
   2.7894495e-02
   2.9617198e-02
   1.3461937e-02
   2.9831804e-02
   2.8891182e-02
   2.1095999e-02
   3.9046906e-02
   4.5052595e-02
   4.4929784e-02
   2.7648767e-02
   1.5326731e-02
   2.1728141e-02
   4.1756205e-02
   2.4236187e-02
   1.7754657e-02
   2.9408611e-02
   3.2062415e-02
   3.4255538e-02
   4.3256018e-02
   2.6874481e-02
   1.6115569e-02
   9.3581257e-03
   3.5664921e-03
   1.0619530e-02
   1.0063430e-02
   2.4190165e-02
   3.0822642e-02
   2.5500705e-02
   4.2777650e-02
   3.0654589e-02
   1.1434075e-02
   1.3003253e-02
   1.7660443e-02
   2.1234689e-02
   2.7697220e-02
   3.1622883e-02
   3.4248482e-02
   3.5057984e-02
   2.6838429e-02
   6.3600279e-03
   8.5968152e-03
   1.3324138e-02
   2.9231574e-02
   3.9067026e-02
   2.9034134e-02
   5.4725379e-02
   3.5649475e-02
   1.8691240e-02
   1.0587840e-02
   1.5833689e-02
   1.5906129e-02
   2.8388903e-02
   3.3585925e-02
   1.8667866e-02
   1.4227673e-02
   2.2389013e-02
   3.9701194e-02
   2.8493525e-02
   3.2618981e-02
   4.7468156e-02
   3.6682039e-02
   3.0672140e-02
   2.3174824e-02
   3.2082345e-02
   2.7127312e-02
   2.9669404e-02
   2.8629636e-02
   5.7976868e-02
   6.8856589e-02
   3.2139692e-02
   2.1422878e-02
   1.5753049e-02
   1.2193481e-02
   3.3320338e-02
   2.6775941e-02
   4.7795091e-02
   8.1716076e-02
   7.6829322e-02
   6.1798908e-02
   4.1580979e-02
   2.0759212e-02
   2.4077656e-02
   3.6130056e-02
   1.8282453e-02
   2.8038286e-02
   2.3581591e-02
   1.2863251e-02
   1.3311929e-02
   4.0147889e-02
   4.0038090e-02
   3.0357718e-02
   1.9733617e-02
   1.1694800e-02
   1.0470784e-02
  -3.5083303e-04
  -2.8677657e-03
   1.2239358e-02
   1.8323570e-02
   2.0433955e-02
   2.7070593e-02
   1.4096069e-02
   3.2734279e-02
   4.2087208e-02
   4.7530655e-02
   4.6963345e-02
   2.6465420e-02
   2.8168185e-02
   1.7006561e-02
   2.0688372e-02
   1.9978652e-02
   8.1207007e-03
   1.9612875e-02
   3.8013022e-02
   3.8727272e-02
   1.8293982e-02
   1.3523506e-02
   2.1990782e-02
   3.2401439e-02
   3.1098783e-02
   1.7479049e-02
   2.0322120e-02
   2.1085231e-02
   2.7423257e-02
   2.5466591e-02
   2.2798270e-02
   2.9674551e-02
   1.6247841e-02
   2.2153279e-02
   1.9001499e-02
   2.8547190e-02
   1.8240847e-02
   1.2768848e-02
   1.2464902e-02
   1.9912692e-02
   4.4528272e-02
   5.8504563e-02
   4.6240106e-02
   1.5383616e-02
   3.6461614e-02
   2.7357249e-02
   3.4429882e-02
   3.4402572e-02
   1.6350422e-02
   9.9705802e-03
   2.4447137e-02
   2.8248947e-02
   1.2303664e-02
   2.1943472e-02
   1.8455325e-02
   1.8948814e-02
   4.0108867e-02
   1.2172246e-02
   1.4451373e-02
   1.1860898e-02
   2.8997650e-02
   5.1702164e-02
   5.4260451e-02
   2.3157984e-02
   2.9219070e-02
   2.0898955e-02
   1.3823840e-02
   1.5152054e-02
   1.3946423e-02
   2.8200274e-02
   5.0230697e-02
   4.0826663e-02
   3.9519046e-02
   4.3308448e-02
   1.8705005e-02
   2.2480465e-02
   3.2054830e-02
   4.1408129e-02
   5.3825669e-02
   5.9540361e-02
   4.8997968e-02
   3.2445915e-02
   3.9170809e-02
   3.2385018e-02
   2.2937521e-02
   6.4813748e-02
   3.8626794e-02
   1.6132943e-02
   4.7451374e-03
   3.0593059e-03
   1.6889127e-02
   2.2571281e-02
   2.3016993e-02
   5.6779779e-02
   8.0289692e-02
   7.9415321e-02
   4.0025838e-02
   2.3040041e-02
   2.6211046e-02
   1.2225584e-02
   2.0433862e-02
   2.6100185e-02
   3.4350004e-02
   2.3935048e-02
  -2.3380171e-03
   1.8135494e-02
   4.0477958e-02
   3.6333598e-02
   4.2172093e-02
   4.9476452e-02
   3.1340022e-02
   3.0309135e-02
   3.3552874e-02
   3.2531239e-02
   3.9262090e-02
   3.3951417e-02
   5.2880339e-02
   1.3464783e-02
   1.9174617e-02
   1.9047398e-02
   3.2746021e-02
   3.1654656e-02
   4.3037999e-02
   1.7205570e-02
   2.2148304e-02
   2.9490918e-02
   2.6132533e-02
   5.9598915e-02
   5.0309110e-02
   2.9940849e-02
   2.8966315e-02
   3.4775957e-02
   1.7439084e-02
   2.3933250e-02
   4.4362877e-02
   3.7379567e-02
   4.2602647e-02
   3.0327234e-02
   4.8093904e-02
   5.6115195e-02
   2.2760490e-02
   9.0971058e-03
   1.4151496e-02
   3.1728603e-02
   4.4911470e-02
   4.0869895e-02
   2.4344748e-02
   1.5245024e-02
   3.9428655e-02
   5.7926714e-02
   5.2266035e-02
   2.1149110e-02
   3.4500856e-02
   2.6559100e-02
   1.6810998e-02
   1.9586144e-02
   1.2313871e-02
   2.6894348e-02
   4.1252963e-02
   3.3527877e-02
   6.2553898e-02
   5.4037571e-02
   4.4534098e-02
   2.7647654e-02
   1.8128000e-02
   1.4900105e-02
   2.1230601e-02
   4.7697451e-02
   6.3992545e-02
   8.4296413e-02
   6.2132355e-02
   6.3644819e-02
   3.2311823e-02
   1.2950643e-02
   2.7475120e-02
   7.5734980e-02
   9.2331067e-02
   7.7536054e-02
   7.0458829e-02
   2.9840456e-02
   3.1480987e-03
   1.3902675e-02
   6.1735321e-02
   6.6961996e-02
   8.6573265e-02
   6.4732075e-02
   4.4362869e-02
   2.2835756e-02
   9.0734167e-03
   2.8545717e-02
   9.0942182e-02
   1.5856799e-01
   1.6618963e-01
   9.1021672e-02
   4.4730484e-02
   7.1720211e-03
   1.2978430e-02
   1.7754490e-02
   3.6282349e-02
   4.5193262e-02
   4.5680009e-02
   4.4262893e-02
   4.0075611e-02
   3.8751431e-02
   4.6737544e-02
   7.4496724e-02
   7.4784406e-02
   7.4547693e-02
   6.7298241e-02
   4.5890480e-02
   4.2547606e-02
   1.3378715e-02
  -3.2018146e-03
   8.9788865e-03
   2.1607896e-02
   3.8054056e-02
   4.3538976e-02
   3.6582347e-02
   2.1767655e-02
   3.4414914e-02
   2.1678628e-02
   1.2145773e-02
   2.9868994e-02
   6.1390635e-02
   5.3554423e-02
   3.7994489e-02
   4.3288603e-02
   2.7653472e-02
   5.4191523e-03
   2.4637524e-02
   3.9854113e-02
   7.2528414e-02
   1.0270192e-01
   9.1245718e-02
   4.8173033e-02
   1.1513676e-02
   1.2610547e-02
   3.7622783e-02
   3.3857863e-02
   5.0721724e-02
   7.1326993e-02
   5.8711901e-02
   5.1457811e-02
   5.0829846e-02
   4.2662717e-02
   4.5105357e-02
   3.6871042e-02
   3.4146022e-02
   2.8473940e-02
   2.2779470e-02
   1.1200639e-02
   2.8911652e-02
   2.4531728e-02
   2.2166640e-02
   4.8940122e-02
   1.9140817e-02
   2.3098761e-02
   3.6055110e-02
   2.8160239e-02
   4.3760393e-02
   2.8202755e-02
   3.5578318e-02
   4.1073218e-02
   4.5323905e-02
   1.9922500e-02
   2.6211601e-02
   4.3840040e-02
   3.9145786e-02
   4.9557541e-02
   4.0570263e-02
   3.9344184e-02
   1.8819924e-02
   5.6924839e-03
   1.3161305e-02
   2.5227623e-02
   6.1669871e-02
   1.0329089e-01
   8.2956679e-02
   4.6421487e-02
   3.8468935e-02
   2.8251531e-02
   3.9037328e-02
   4.9376015e-02
   7.0302799e-02
   4.9625862e-02
   6.0694303e-02
   2.9139897e-02
   2.0557744e-02
   2.7106242e-02
   1.8477015e-02
   6.8671457e-02
   1.2024429e-01
   1.2870492e-01
   7.0767164e-02
   5.4860644e-02
   4.2124014e-02
   2.1812737e-02
   3.9639175e-02
   1.5367588e-02
   2.1639610e-02
   2.6521124e-02
   5.3077191e-02
   7.5163744e-02
   7.2450429e-02
   5.7758935e-02
   4.1652653e-02
   3.9158195e-02
   1.9837484e-02
   2.2830889e-03
  -6.3932231e-03
   7.2136289e-03
   3.1089658e-02
   2.7197842e-02
   2.5696214e-02
   8.5153533e-03
   2.6662426e-02
   4.8596948e-02
   4.2945694e-02
   2.4772951e-02
   4.7330973e-03
   1.9152120e-02
   2.7822955e-02
   2.7381834e-02
   1.8511038e-02
   3.9877005e-02
   3.0883569e-02
   3.6967013e-02
   4.8767123e-02
   4.4038426e-02
   6.5551265e-03
   1.7670548e-02
   2.2976352e-02
   4.0013347e-02
   3.2501116e-02
   5.0246920e-02
   7.7676468e-02
   6.3834816e-02
   5.1191699e-02
   4.0233258e-02
   5.6938522e-02
   5.7362743e-02
   2.0808969e-02
   3.5078693e-02
   3.0461507e-02
   3.8804095e-02
   3.3497490e-02
   2.3027297e-02
   6.2320739e-02
   9.9027433e-02
   6.0234003e-02
   3.1157397e-02
   3.2045580e-03
   1.7337339e-02
   3.6868010e-02
   6.1878178e-02
   2.8080162e-01
   4.5789349e-01
   4.0651816e-01
   2.1076591e-01
   8.0460899e-02
   6.1947390e-02
   4.5119189e-02
   1.7232452e-02
   2.2874147e-02
   1.4459594e-02
   6.4038165e-02
   9.2812806e-02
   9.6393444e-02
   8.6205073e-02
   6.7097925e-02
   4.8449207e-02
   7.5053684e-02
   7.4021310e-02
   6.5988138e-02
   7.6166049e-02
   1.9667444e-01
   1.6285709e-01
   6.9634818e-02
   3.6051646e-02
   1.7086674e-02
   3.7490569e-02
   4.2789426e-02
   3.7112519e-02
   2.3273872e-02
   3.5290945e-02
   3.3249386e-02
   2.9105151e-03
   1.9014206e-02
   1.8311061e-02
   2.6129339e-02
   2.1138761e-02
   3.6158215e-02
   9.8645575e-03
   1.5397872e-02
   5.6946002e-02
   5.2262042e-02
   3.8334813e-02
   2.1769669e-02
   9.8402323e-03
  -2.1669921e-03
  -9.7989934e-03
   8.0558926e-02
   1.9943947e-01
   2.3810512e-01
   1.4631061e-01
   8.4749565e-02
   3.2748088e-02
   2.1668810e-02
   2.0481061e-02
   7.0373692e-02
   1.1826631e-01
   1.0129640e-01
   1.0964976e-01
   6.4024031e-02
   3.4818593e-02
   2.7848970e-02
   8.6757861e-02
   1.0689987e-01
   1.0249390e-01
   8.3021678e-02
   1.1960325e-01
   1.1785921e-01
   8.7809257e-02
   5.3608328e-02
   6.7962162e-02
   2.2102483e-02
   1.3582703e-02
   4.3435689e-02
   1.3893355e-01
   1.8749008e-01
   1.6461270e-01
   1.2283555e-01
   5.4428115e-02
   8.1396401e-03
  -2.0080974e-02
   8.9712283e-03
   3.6578989e-01
   1.0506743e+00
   1.2991000e+00
   8.5039616e-01
   3.6040616e-01
   1.0565419e-01
   3.2907937e-02
   4.4591207e-02
   4.8153434e-02
   7.0788987e-02
   8.9643367e-02
   1.0625767e-01
   1.4755364e-01
   1.3987558e-01
   9.1792144e-02
   5.4144528e-02
   1.6580775e-02
   1.9316109e-02
   2.4066171e-02
   2.6199197e-02
   1.3786266e-02
   4.9579237e-02
   3.9376900e-02
   2.6573339e-02
   1.8751103e-02
   1.1526036e-02
   3.1354739e-03
   1.7456237e-02
   1.7619824e-02
   6.1705429e-02
   3.8855344e-02
   1.6240548e-02
   9.7223362e-03
   1.6449245e-02
   4.8902143e-02
   6.8994366e-02
   3.3209104e-02
   3.3135720e-02
   3.3356801e-02
   3.2106992e-02
   3.9292965e-02
   3.4627896e-02
   1.9225322e-02
   1.5369671e-02
   1.5286256e-02
   3.3517610e-02
   7.9157561e-02
   1.7975184e-01
   2.0352262e-01
   1.4381462e-01
   6.1925422e-02
   1.7153259e-02
   8.0001773e-03
   1.0028300e-02
   1.1740562e-01
   3.4556690e-01
   4.1594812e-01
   3.1118199e-01
   1.4439732e-01
   6.9967888e-02
   1.6446622e-02
   2.3047879e-02
   2.7744675e-02
   5.7250012e-02
   6.0436763e-02
   6.6371351e-02
   8.6589202e-02
   9.3210913e-02
   7.5360335e-02
   7.1716055e-02
   1.1098083e-01
   9.0425268e-02
   1.9622725e-02
   3.4407567e-02
   1.4312366e-01
   1.2570025e-01
   6.2409047e-02
   5.3879511e-02
   4.7306292e-02
   2.5768705e-02
  -2.6846637e-03
   1.8515963e-02
   3.1596422e-02
   2.9505087e-02
   1.3539379e-02
   6.5834220e-03
   1.6816912e-02
   2.4669847e-02
   7.2277203e-02
   1.3370322e-01
   2.1207620e-01
   1.5694560e-01
   7.2779119e-02
   4.1132536e-02
   3.3871930e-02
   5.4886904e-02
   4.9119640e-02
   9.8641098e-02
   1.0645829e-01
   1.1119911e-01
   8.5961215e-02
   5.6869298e-02
   4.2540327e-02
   3.7918698e-02
   3.9576823e-04
   1.0782810e-02
   1.1956024e-01
   2.5770858e-01
   2.5980020e-01
   1.7190376e-01
   1.2724981e-01
   3.8545977e-02
   2.4915928e-02
   8.8782080e-02
   2.5038138e-01
   5.0328171e-01
   5.2350354e-01
   4.0466407e-01
   2.5013307e-01
   9.7874492e-02
   1.3964032e-02
   7.3710601e-03
   4.8263323e-02
   6.4153470e-02
   4.9453370e-02
   7.9062499e-02
   1.3154571e-01
   1.3785031e-01
   6.8613149e-02
   3.6887620e-02
   3.8816605e-02
   9.6742790e-03
  -8.3670700e-03
   8.4718885e-03
   5.9375368e-02
   8.3101228e-02
   8.8039562e-02
   5.4041781e-02
   1.4681756e-02
   2.6525749e-02
   2.8862892e-02
   3.4477364e-02
   5.8763061e-02
   9.2482768e-02
   7.9640865e-02
   4.0443745e-02
   4.8059106e-02
   5.8541812e-02
   4.2465258e-02
   4.7492832e-02
   3.1956490e-02
   2.9680027e-02
   2.2947293e-02
   3.2455646e-02
   8.7314874e-02
   9.7403355e-02
   8.8207319e-02
   6.4728320e-02
   4.8823025e-02
   6.9554858e-02
   6.8820789e-02
   8.1947722e-02
   5.5480402e-02
   1.7448103e-02
  -1.9200906e-02
   5.5059213e-02
   2.3431265e-01
   3.5085180e-01
   2.6758280e-01
   1.1709955e-01
   1.8293340e-02
  -8.4901927e-04
   1.3898438e-03
   1.5168726e-01
   7.1172357e-01
   1.2901239e+00
   1.1071702e+00
   6.3181943e-01
   2.9733071e-01
   9.8823398e-02
   4.7564790e-02
   2.9204357e-02
   3.3951530e-03
   9.6305106e-03
   6.3359551e-02
   1.2841947e-01
   1.6234349e-01
   1.5055600e-01
   1.2322386e-01
   5.3677678e-02
   7.5412937e-03
   1.1330829e-02
   4.1259654e-02
   7.5515717e-02
   7.4920870e-02
   5.1173769e-02
   2.0344829e-02
   4.0638201e-02
   1.4944944e-01
   2.6834562e-01
   2.4745238e-01
   2.2064605e-01
   1.5748307e-01
   1.1235786e-01
   6.0241032e-02
   8.8155150e-02
   3.5442618e-01
   8.9437056e-01
   1.0121261e+00
   7.0072538e-01
   3.6683235e-01
   2.6832318e-01
   1.3899103e-01
   7.7346131e-02
   6.3030638e-02
   2.3832290e-02
   5.1542841e-02
   2.9606673e-01
   7.0158017e-01
   7.7369076e-01
   5.7172638e-01
   2.9897341e-01
   1.5550725e-01
   6.2284652e-02
   5.9827086e-02
   1.4236535e-01
   4.2708781e-01
   5.9187728e-01
   5.5971593e-01
   4.1414031e-01
   3.9687151e-01
   3.2908058e-01
   2.3468536e-01
   1.1883247e-01
   1.6863428e-02
  -2.7631439e-02
   1.2276524e-01
   5.6495184e-01
   1.1899925e+00
   1.3083063e+00
   8.1806225e-01
   3.3457434e-01
   1.4326724e-01
   7.3501520e-02
   2.6306918e-01
   1.2371776e+00
   2.9447691e+00
   3.6310563e+00
   2.6682701e+00
   1.8655800e+00
   2.0189583e+00
   2.0690494e+00
   1.4892508e+00
   8.6445248e-01
   3.4445530e-01
   1.2770095e-01
   1.1198658e+00
   5.4256768e+00
   1.0647645e+01
   1.0247563e+01
   5.9443855e+00
   2.5544662e+00
   9.9559009e-01
   5.9930980e-01
   3.3185146e+00
   1.9620131e+01
   4.0231365e+01
   3.9895054e+01
   2.3630621e+01
   9.5498934e+00
   3.0320964e+00
   9.1445404e-01
   2.2418733e-01
   3.0231481e-02
   2.7134913e-01
   1.8228590e+00
   4.0416846e+00
   4.2758489e+00
   2.8575523e+00
   1.4478408e+00
   4.1960901e-01
  -1.5861326e-01
  -1.3804477e-01
   1.1896975e-01
   3.0872297e-01
   6.0880250e-01
   9.9929678e-01
   9.0989095e-01
   3.7848017e-01
   1.6794509e-01
   4.2516112e-01
   4.5469740e-01
   2.5694841e-01
   2.5013533e-01
   1.9990723e-01
   2.5520387e-01
   4.2441285e-01
   1.0969670e+00
   2.0996649e+00
   2.1713653e+00
   1.1914002e+00
   2.5579262e-01
  -2.2045068e-02
   1.0828213e-01
   1.5202935e-01
   1.3054109e-01
   1.9072910e-01
   1.3196172e-01
   1.1516546e-01
   1.6078933e-01
   1.6052395e-01
   2.5402829e-01
   2.8931478e-01
   3.4192964e-01
   2.2694682e-01
   3.9428048e-02
   8.5215859e-02
   2.6758495e-01
   3.2709715e-01
   1.5035620e-01
  -6.1116342e-02
  -8.9262284e-02
   5.6030530e-02
   3.4211117e-01
   4.2691094e-01
   2.7545851e-01
   3.6048900e-02
  -1.3315625e-01
  -7.1777388e-02
   2.1219182e-01
   6.5547276e-01
   1.2212516e+00
   1.2922170e+00
   8.1850868e-01
   2.8047806e-01
   1.3182375e-01
   7.3495013e-01
   1.9750239e+00
   2.2387354e+00
   1.4569678e+00
   5.8971399e-01
   1.9088323e-01
   5.9394360e-01
   1.4577522e+00
   1.7164115e+00
   1.0272095e+00
   3.9403215e-01
   2.4645008e-01
   1.7494868e-01
   4.5872527e-01
   2.9805591e+00
   7.0940070e+00
   7.7188015e+00
   4.8931298e+00
   2.1758630e+00
   7.1037990e-01
   2.6582500e-01
   1.4411189e-01
   9.8700963e-02
   6.9342531e-02
   3.9394501e-01
   8.5896599e-01
   9.9866205e-01
   6.6519618e-01
   3.4633368e-01
   9.4980970e-02
  -1.0148440e-02
  -2.9020790e-02
   6.1780315e-02
   1.5823558e-01
   2.7100623e-01
   3.2147393e-01
   2.3579320e-01
   9.3617998e-02
   9.6432716e-03
   5.6705210e-02
   8.3724804e-02
   5.6503564e-02
   4.1820459e-02
   7.3590435e-02
   6.7530900e-02
   1.6408767e-01
   3.2042786e-01
   4.4517702e-01
   3.6843109e-01
   1.0977748e-01
  -6.9355606e-03
   4.2934217e-02
   1.4903755e-01
   1.5858430e-01
   1.2944685e-01
   3.3624202e-02
  -1.6235584e-02
   3.2309551e-02
   7.6675816e-03
   5.9293721e-02
   1.1876443e-01
   1.2939939e-01
   1.2998092e-01
   8.8039555e-02
   1.2256838e-01
   7.0842065e-02
   6.7555785e-02
   3.9452303e-02
  -1.7635053e-02
   3.0887904e-02
   1.0891776e-01
   2.5233036e-01
   3.4480685e-01
   2.7932954e-01
   1.2177608e-01
  -3.8902255e-04
   4.8004922e-02
   8.7925568e-02
   3.4573770e-01
   7.2879964e-01
   8.5357362e-01
   5.4289073e-01
   3.0109397e-01
   2.9950070e-01
   3.7915936e-01
   5.0157326e-01
   4.9612981e-01
   2.6570711e-01
   3.3275574e-02
   1.6609071e-01
   1.1981655e+00
   2.2370465e+00
   2.1510744e+00
   1.1392255e+00
   4.3517557e-01
   2.3119522e-02
   4.5024257e-02
   1.5465530e+00
   6.1010737e+00
   9.8240795e+00
   8.4983625e+00
   4.6920557e+00
   1.8744577e+00
   5.7848454e-01
   2.2232509e-01
   4.9423613e-02
   3.1456888e-02
   2.7102485e-01
   8.8823140e-01
   1.1175765e+00
   9.8503983e-01
   6.4663583e-01
   2.9651651e-01
   9.5498130e-02
   5.1825471e-02
   9.6943289e-02
   1.2332303e-01
   1.8313573e-01
   2.9159078e-01
   2.9701558e-01
   1.9610757e-01
   7.6510914e-02
   4.6286214e-02
   6.0939047e-02
   5.8041554e-02
   7.6260000e-02
   9.9408604e-02
   1.1276816e-01
   1.3715078e-01
   1.0126677e-01
   1.1445443e-01
   1.4912266e-01
   9.9560134e-02
   4.8820570e-02
   2.6733529e-02
   6.6178553e-02
   8.7418921e-02
   9.2880845e-02
   1.0597702e-01
   4.3780282e-02
   1.1052939e-02
  -2.1288278e-02
   1.3282716e-02
   5.6542583e-02
   1.0026595e-01
   1.2196372e-01
   7.0770182e-02
   5.1236346e-02
   8.0037683e-02
   3.3657774e-02
   2.6892109e-02
   1.7144093e-02
  -3.9611952e-03
   4.6015747e-02
   1.0698121e-01
   1.7014068e-01
   1.5011391e-01
   7.6371022e-02
   8.7501574e-03
  -2.1099383e-03
   4.6148736e-02
   1.0590914e-01
   2.5717252e-01
   3.3836249e-01
   2.3314306e-01
   1.1314188e-01
   6.7628980e-02
   1.3084126e-01
   1.9585271e-01
   1.8373643e-01
   1.5378448e-01
   7.9199523e-02
   5.3408455e-02
   1.9721469e-01
   4.6940416e-01
   5.0958943e-01
   3.8358709e-01
   2.0991164e-01
   3.7237700e-02
   2.9244872e-02
   2.3008549e-01
   1.0470537e+00
   2.0462005e+00
   2.1579766e+00
   1.3573722e+00
   6.2011302e-01
   1.9504617e-01
   4.1476827e-02
   2.6817115e-02
   2.5319627e-02
   9.6836090e-02
   1.9417489e-01
   2.5803158e-01
   2.3892140e-01
   1.3714251e-01
   5.4792501e-02
   3.8360546e-03
   1.2737367e-02
   1.8633099e-02
   2.6809338e-02
   4.3799140e-02
   8.7291352e-02
   8.1102625e-02
   4.2155262e-02
   4.1454449e-02
   5.3724043e-02
   3.3481635e-02
   2.5228962e-02
   2.3080770e-02
   3.7582781e-02
   3.3242129e-02
   4.7550857e-02
   7.5074241e-02
   5.9517119e-02
   4.4331878e-02
   5.6717087e-02
   2.4516864e-03
   2.1995148e-02
   4.9546774e-02
   1.7013805e-02
   3.0572139e-02
   3.8371947e-02
   3.0353803e-02
   1.4118377e-02
   3.4188058e-02
   6.5463431e-02
   3.9029613e-02
   5.0645199e-02
   8.3549209e-02
   7.0265532e-02
   8.2019448e-02
   7.9244584e-02
   8.8890277e-02
   7.1557127e-02
   4.2860176e-02
   3.2420523e-02
   7.7801801e-02
   6.5994747e-02
   5.9812292e-02
   5.7373032e-02
   2.1187743e-02
  -8.2805622e-03
   3.2502268e-03
   2.7429961e-02
   2.3988936e-02
   1.1274952e-01
   7.4807666e-02
   4.8754811e-02
   2.9891225e-02
   3.4896243e-02
   6.5753885e-02
   6.0183011e-02
   5.5707701e-02
   3.7629995e-02
   2.6301572e-02
   5.9831005e-02
   1.6807497e-01
   2.2803558e-01
   2.0322968e-01
   1.3924733e-01
   3.5761297e-02
   1.7853657e-02
   3.3531778e-02
   2.7308425e-01
   6.0992569e-01
   7.3185325e-01
   5.0911927e-01
   2.2627933e-01
   8.5888140e-02
   6.3191615e-02
   4.1860640e-02
   1.0507434e-02
   3.0734112e-02
   8.7687001e-02
   8.6725309e-02
   9.1758132e-02
   7.3602505e-02
   3.3594396e-02
   4.0681005e-02
   4.8869547e-02
   2.9796457e-02
   5.5546828e-02
   5.7020131e-02
   4.5830328e-02
   3.2263711e-02
   5.6864537e-02
   5.0332818e-02
   8.8580716e-03
   1.0829105e-02
   1.5606001e-02
   2.9752951e-02
   6.4265862e-02
   6.9159545e-02
   5.2002411e-02
   6.8953969e-02
   4.1046523e-02
   3.4243524e-02
   5.0983578e-02
   7.6810397e-02
   9.5280178e-02
   9.5883735e-02
   9.1463581e-02
   4.6914440e-02
   3.8631771e-02
  -2.1690663e-03
   4.0250231e-02
   7.2130516e-02
   8.3652377e-02
   5.5571534e-02
   4.4540565e-02
   1.5418098e-02
   3.9103311e-02
   4.5063511e-02
   8.6161278e-02
   9.3747087e-02
   4.8146460e-02
   4.9861252e-02
   6.1356243e-02
   3.9100345e-02
   6.5474361e-02
   4.9389187e-02
   4.2851698e-02
   3.8594481e-02
   5.0921865e-02
   4.6641435e-02
   3.5233110e-02
   4.5020115e-02
   4.9948588e-02
   3.7906583e-02
   2.5758184e-02
   4.3799292e-02
   4.6853106e-02
   9.3101867e-02
   3.6099643e-02
   1.6485490e-02
  -5.7609268e-03
   3.7081204e-02
   8.9036427e-02
   1.0594557e-01
   7.3007762e-02
   6.8177305e-02
   6.7269765e-02
   2.1332456e-02
   3.2468598e-02
   7.1983516e-02
   1.6270410e-01
   2.3788606e-01
   2.0257562e-01
   1.2304839e-01
   2.3494337e-02
   2.7416693e-02
   3.5758398e-02
   3.5359915e-02
   4.7073767e-02
   4.6942942e-02
   2.9112643e-02
   4.5838684e-02
   2.8745962e-02
   3.2879025e-02
   3.4032702e-02
   4.1545041e-02
   6.2297154e-02
   5.7158548e-02
   3.2710332e-02
   2.7006058e-02
   6.3011073e-02
   7.5576246e-02
   8.3026417e-02
   4.6727490e-02
   5.5082761e-02
   5.1764134e-02
   8.6800717e-02
   1.4554246e-01
   9.4905011e-02
   6.9803648e-02
   5.0463840e-02
   8.4575258e-02
   8.6445592e-02
   7.6255217e-02
   1.1002485e-01
   1.4853570e-01
   1.3542518e-01
   8.3639592e-02
   9.0196773e-02
   1.1103628e-01
   1.2001377e-01
   8.8279948e-02
   9.5540740e-02
   9.5396601e-02
   7.5654075e-02
   5.3476065e-02
   1.1817380e-01
   1.9460207e-01
   1.7174675e-01
   1.4257704e-01
   1.0688247e-01
   8.4140681e-02
   1.0885628e-01
   2.2094773e-01
   2.7058998e-01
   2.0032683e-01
   1.5136658e-01
   1.0048854e-01
   2.1056749e-02
   1.6268982e-01
   2.3886450e-01
   2.4739809e-01
   2.3007824e-01
   1.0429998e-01
   2.0786619e-02
   2.8045585e-02
   1.8918529e-01
   3.3699688e-01
   4.4745553e-01
   3.9996791e-01
   2.9315731e-01
   1.1649803e-01
   3.5727303e-02
   2.2271340e-01
   3.7650493e-01
   3.3593133e-01
   2.9174760e-01
   3.0071247e-01
   1.6586162e-01
   1.5039203e-01
   5.1480186e-01
   7.5828302e-01
   6.4247996e-01
   3.7163925e-01
   1.3504764e-01
   3.1581219e-02
   9.1594718e-02
   5.6152046e-01
   8.0588007e-01
   6.4772588e-01
   3.8191178e-01
   8.4374875e-02
  -2.6622539e-02
   1.1556330e-01
   6.5882248e-01
   1.4449809e+00
   1.6135241e+00
   1.0077534e+00
   4.1144827e-01
   8.4521718e-02
   5.3099792e-02
   4.0801525e-01
   6.4633560e-01
   6.1252731e-01
   4.0888742e-01
   2.3108168e-01
   1.0164098e-01
   6.6486351e-02
   1.7677371e-01
   2.6626855e-01
   2.1756102e-01
   1.2201542e-01
   7.9638146e-02
   7.0660971e-02
   9.4916739e-02
   1.7368938e-01
   1.7308675e-01
   8.5453704e-02
   5.7714600e-02
   3.7227582e-02
   6.6759638e-02
   7.7641182e-02
   6.6216521e-02
   2.3072109e-02
  -2.2007247e-02
   2.6540121e-02
   8.2001917e-02
   7.6681599e-02
   8.5256666e-02
   7.2380595e-02
   4.5948297e-02
   4.1540857e-02
   6.2080365e-02
   5.3043116e-02
   5.4106630e-02
   5.0639305e-02
   3.9873350e-02
   5.6959331e-02
   5.2980691e-02
   5.3504296e-02
   6.1016884e-02
   6.3434549e-02
   8.5602634e-02
   4.6483584e-02
   1.1182478e-02
   3.9436328e-03
  -1.2277676e-04
   4.8687994e-02
   8.5396975e-02
   1.1532215e-01
   7.2796836e-02
   1.7040676e-02
   5.8165253e-03
   4.5022778e-02
   1.0026421e-01
   1.6658506e-01
   1.5849237e-01
   1.3992995e-01
   1.0726672e-01
   6.8028539e-02
   1.3115112e-01
   2.3109737e-01
   1.8033545e-01
   1.2741934e-01
   2.3801249e-02
   3.2267324e-03
   8.7954633e-02
   1.9491547e-01
   2.4143682e-01
   1.7691275e-01
   4.9374409e-02
  -9.2024158e-04
  -5.4465542e-03
   1.4669782e-01
   4.4608214e-01
   6.4291358e-01
   5.2533442e-01
   2.2901966e-01
   4.8074085e-02
   1.7394064e-02
   5.8851879e-02
   1.8218888e-01
   2.5244230e-01
   1.9285841e-01
   9.2274293e-02
   6.1330240e-02
   7.0019871e-02
   9.3239076e-02
   8.6974032e-02
   1.0688745e-01
   1.0792077e-01
   5.8160026e-02
   2.9003778e-02
   4.2155560e-02
   1.1604133e-01
   1.2813647e-01
   1.1456528e-01
   4.6107084e-02
   4.0285874e-02
   2.6771298e-02
   1.3322093e-02
   3.9640401e-02
   4.5821153e-02
   3.1183438e-02
   1.1996753e-02
   6.3094669e-03
   3.7083466e-02
   8.2448706e-02
   1.0571007e-01
   7.0989162e-02
   4.2618029e-02
   4.9736798e-02
   2.8264010e-02
   4.4307273e-02
   3.8837448e-02
   1.6920822e-02
   1.5267116e-02
   3.7140831e-02
   3.1607226e-02
   6.4662322e-02
   1.0563643e-01
   7.5358115e-02
   5.0183468e-02
   4.2728540e-02
   1.6672622e-02
   5.7855826e-02
   6.6487879e-02
   3.3558551e-02
   5.0161503e-02
   3.4484800e-02
   1.2884678e-02
  -1.1463261e-02
   1.1346912e-02
   5.7652384e-02
   5.5577606e-02
   5.8331586e-02
   6.3815139e-02
   3.4914128e-02
   4.2411495e-02
   7.3239543e-02
   6.3148320e-02
   4.7563940e-02
   4.4750139e-02
   6.3604817e-02
   5.9137024e-02
   1.0276158e-01
   1.2365848e-01
   1.4352527e-01
   8.6595096e-02
   4.5409705e-02
   3.4768738e-02
   6.1544590e-02
   1.2720658e-01
   2.7686808e-01
   3.1773868e-01
   2.6553828e-01
   1.2696795e-01
   3.1777300e-02
   2.4739515e-02
   6.5216318e-02
   1.3674679e-01
   1.2564696e-01
   9.5954053e-02
   3.9818626e-02
   1.1996690e-02
   3.5068475e-02
   3.5883095e-02
   6.5494731e-02
   3.2346208e-02
   2.1301748e-02
   2.8199859e-02
   2.8156167e-02
   4.4042826e-02
   6.5556236e-02
   6.0195077e-02
   5.6878559e-02
   5.3929124e-02
   3.8830850e-02
   4.3202974e-02
   4.1313089e-02
   4.6874221e-02
   3.9244704e-02
   3.1054361e-02
   2.2438800e-02
   2.7218007e-02
   3.4201436e-02
   1.7665692e-02
   1.2784168e-02
   6.1699455e-03
   2.4755036e-02
   1.6344238e-02
   2.7386971e-02
   2.5156388e-02
   2.1396438e-02
   3.6189988e-02
   2.0861911e-02
   3.9530739e-02
   3.6078263e-02
   4.1484099e-02
   7.0042364e-02
   3.9606173e-02
   1.4922293e-02
   2.9201165e-02
   4.9956501e-02
   3.6066692e-02
   3.3786576e-02
   3.3570964e-02
   2.1795349e-02
   5.9388322e-03
   3.3822507e-02
   1.5471113e-02
   1.2252969e-02
   2.1109810e-02
   4.0044539e-02
   4.6604332e-02
   2.7878406e-02
   4.2525556e-02
   4.3085542e-02
   2.9641334e-02
   3.2925334e-02
   2.5610616e-02
   1.9897474e-02
   3.8873635e-02
   4.2643558e-02
   1.8130302e-02
   2.7021289e-02
   4.1698251e-02
   7.7475584e-03
   2.9634517e-03
   1.1641003e-02
   5.4804146e-02
   8.7261133e-02
   1.0236220e-01
   9.3033493e-02
   3.7572045e-02
   3.0240288e-02
   5.6422162e-03
   2.3120189e-02
   4.9842536e-02
   8.3080754e-02
   5.5842530e-02
   2.3320366e-02
   1.5453249e-02
   4.4172071e-02
   4.6621677e-02
   3.9883677e-02
   3.8202804e-02
   2.7872199e-02
   1.9229328e-02
   2.5794310e-02
   3.6354013e-02
   2.5961749e-02
   2.7888931e-02
   4.3770038e-02
   3.9739631e-02
   1.3311452e-02
   1.3246298e-02
   2.5929898e-02
   3.3825893e-02
   1.2715118e-02
   1.1933463e-02
   2.7461277e-02
   3.0402327e-02
   3.1249026e-02
   4.5576964e-02
   3.7709396e-02
   4.8646934e-02
   2.5418220e-02
   1.1672769e-02
   3.0610612e-02
   3.4794010e-02
   6.1083876e-02
   2.3671664e-02
   3.1818230e-02
   3.8108114e-02
   3.0482357e-02
   3.6021762e-02
   2.7900672e-02
   4.7704197e-02
   2.9226951e-02
   3.9555978e-02
   3.3203702e-02
   2.9538991e-02
   2.5711849e-02
   3.2886695e-02
   1.9524192e-02
   2.6932560e-02
   2.7268840e-02
   3.8130783e-02
   5.3593673e-02
   4.6079591e-02
   4.7676336e-02
   2.9897615e-02
   2.2501156e-02
   3.1689536e-02
   2.1519572e-02
   1.8715562e-02
   3.3017740e-02
   3.7443668e-02
   5.4007638e-02
   2.2610512e-02
   1.8725490e-02
   2.2561325e-02
   2.2139736e-02
   2.4446348e-02
   2.0498959e-02
   1.3931677e-02
   2.8871452e-02
   4.7913447e-02
   6.8115607e-02
   6.1704397e-02
   3.2419421e-02
   5.9693148e-03
   1.0722975e-02
   3.0110603e-02
   1.9106949e-02
   4.4159882e-02
   3.0732609e-02
   2.2831475e-02
   2.3886623e-02
   2.0496735e-02
   3.5598945e-02
   2.5608398e-02
   3.8727958e-02
   2.9622594e-02
   2.3857241e-02
   4.0528014e-02
   2.6767496e-02
   2.0133333e-02
   2.6477346e-02
   3.5270851e-02
   2.5650317e-02
   1.2553610e-02
   4.8600924e-03
   9.8163774e-03
   4.0859366e-03
   2.4296135e-02
   2.6274364e-02
   3.2624166e-02
   1.6894292e-02
   1.2562853e-02
   2.4931608e-02
   2.7406853e-02
   1.8574050e-02
   1.6768919e-02
   1.6148025e-02
   2.5307434e-02
   7.3171379e-03
   1.6531965e-02
   2.6631491e-02
   1.0969441e-02
   2.5853550e-02
   3.2338068e-02
   2.2998165e-02
   3.0562090e-02
   3.1628668e-02
   1.7590955e-02
   2.5130413e-02
   1.9446157e-02
   2.6730344e-02
   1.0535934e-02
   1.5822185e-02
   2.6517471e-02
   2.2902200e-02
   2.7636968e-02
   2.1297285e-02
   2.4809076e-02
   2.7869392e-02
   1.9043960e-02
   2.7695859e-02
   1.2112359e-02
   1.7051369e-02
   3.1430606e-02
   1.0351669e-02
   9.7268345e-03
   1.6120162e-02
   1.4177792e-02
   2.3326853e-02
   4.1472539e-02
   2.0647516e-02
   1.3410276e-02
   1.9655456e-03
   1.8301450e-02
   1.1987309e-02
   4.4870164e-02
   4.2400014e-02
   2.2160484e-02
   2.6705911e-02
   1.5568173e-02
   1.3737737e-02
   2.7553204e-02
   3.1189421e-02
   3.2791652e-02
   2.0952042e-02
   9.8913601e-03
   1.0360062e-02
   1.6707681e-02
   2.0503545e-02
   1.8297087e-02
   2.5850587e-02
   1.1199453e-02
   1.0332883e-02
   1.6588578e-02
   2.7357200e-02
   2.8137080e-02
   3.2895021e-02
   2.9522069e-02
   4.0773962e-02
   3.5185099e-02
   1.5283890e-02
   2.9897853e-03
   1.5907478e-02
   1.1555315e-02
   2.1150097e-02
   2.4976855e-02
   1.9215513e-02
   3.9278362e-02
   4.0512789e-02
   1.9766167e-02
   8.6719319e-03
   2.0662140e-02
   1.9087959e-02
   1.7915744e-02
   1.9422729e-02
   4.0177684e-02
   2.1212837e-02
   1.4243975e-02
   1.3948329e-02
   1.3726178e-02
   8.3607789e-03
   8.4029455e-03
   3.4851834e-02
   4.9649063e-02
   2.7713668e-02
   2.0649420e-02
   1.7888797e-02
   1.5354167e-02
   1.0613267e-02
   1.2898746e-02
   2.1915536e-02
   2.1416279e-02
   2.0681245e-02
   1.9802354e-02
   2.2618871e-02
   3.2696798e-02
   3.0251924e-02
   1.6766509e-02
   1.5449257e-02
   1.5582679e-02
   1.6027438e-02
   3.0261615e-02
   1.2070379e-02
   3.2575559e-02
   2.5413843e-02
   3.1644955e-02
   2.7373394e-02
   3.4534149e-02
   2.4461877e-02
   2.7334644e-02
   2.0431470e-02
   2.7363783e-02
   3.6565207e-02
   3.1933285e-02
   3.2604937e-02
   2.5327923e-02
   6.1483392e-03
  -1.3703509e-03
   2.4115559e-02
   1.9395197e-02
   2.2147754e-02
   2.1946933e-02
   1.4788682e-02
   1.1451048e-02
   1.5313410e-02
   8.9021521e-03
   1.5835889e-02
   3.5220712e-02
   3.7486181e-02
   1.6497597e-02
   2.1429779e-03
   2.1816218e-02
   2.1018162e-02
   1.8058959e-02
   8.0508031e-03
   1.3152954e-02
   2.6393551e-02
   2.5140041e-02
   2.9995637e-02
   1.8535381e-02
   2.4371045e-02
   3.0098530e-02
   3.4889169e-02
   3.4412988e-02
   4.3353748e-02
   1.8827736e-02
   8.6118393e-03
   1.2779390e-02
   1.5655307e-02
   1.1919812e-02
   2.6489090e-02
   3.8716286e-02
   1.9165901e-02
   3.1888194e-02
   3.7352405e-02
   2.2199783e-02
  -1.2674131e-03
   2.7808743e-02
   3.1347830e-02
   3.7133224e-02
   1.7519880e-02
   1.1113540e-02
   3.5095762e-02
   4.2035524e-02
   2.5958136e-02
   2.4425033e-02
   4.5261502e-02
   3.1102233e-02
   3.4782022e-02
   6.5580972e-02
   5.6534547e-02
   6.5045454e-02
   3.6928162e-02
   1.3553128e-02
   4.0500309e-02
   6.4174965e-02
   3.7941508e-02
   1.8814821e-02
   1.3767014e-02
   3.2052614e-02
   7.3543511e-02
   1.6209836e-01
   1.6675438e-01
   6.0524561e-02
   1.3149636e-02
  -8.9813694e-03
   2.7969284e-02
   2.2626232e-01
   4.4724807e-01
   4.9594986e-01
   2.8028837e-01
   1.0233485e-01
   4.9830224e-02
   7.5515032e-02
   1.9166060e-01
   2.4114698e-01
   1.7603680e-01
   1.1087232e-01
   8.7851763e-02
   8.0504283e-02
   3.2038081e-02
   1.0860749e-02
   2.1846829e-02
   3.8632128e-02
   6.9253325e-02
   7.2703831e-02
   6.4818427e-02
   4.6776302e-02
   4.3499079e-02
   3.7573632e-02
   3.0345358e-02
   2.8396774e-02
   2.8044466e-02
   2.1274051e-02
   1.8481724e-02
   2.7737524e-02
   2.3309402e-02
   3.1823419e-02
   3.5353459e-02
   1.7620590e-02
   2.1872276e-02
   3.5513971e-02
   8.7613119e-03
   2.5591310e-02
   3.6250964e-02
   3.3080366e-02
   2.0664882e-02
   2.0895516e-02
   4.3326240e-02
   4.3082409e-02
   3.2575935e-02
   2.3270734e-02
   1.3574405e-02
   1.5004982e-02
   2.6372617e-02
   1.8677361e-02
   2.6823264e-02
   3.7792530e-02
   2.9979624e-02
   1.4953732e-02
   8.7361587e-03
   1.4227003e-02
   2.8834084e-02
   3.2848578e-02
   2.9924965e-02
   1.8847244e-02
   2.1621810e-02
   2.0754009e-02
   2.1002850e-02
   2.3631009e-03
   7.0940843e-03
   1.7093128e-02
   2.2399606e-02
   2.7295513e-02
   1.4519098e-02
   1.7402675e-02
   2.6486272e-02
   2.1005223e-02
   1.5195116e-02
   1.2836831e-02
   2.6981762e-02
   4.3135338e-02
   7.5719021e-02
   7.4768379e-02
   5.2157789e-02
   3.5695162e-02
   1.2455954e-02
   2.0234494e-02
   2.5544398e-02
   4.4285551e-02
   2.9721336e-02
   4.3841947e-02
   2.3240982e-02
   1.1677099e-02
   2.0475784e-02
   2.3419552e-02
   2.4419876e-02
   6.8039950e-03
   8.3016576e-03
   3.2740559e-02
   4.4019666e-02
   2.7663397e-02
  -4.4062310e-03
   5.7465886e-04
   7.0419135e-03
   3.4674275e-04
   2.3007771e-02
   2.5453407e-02
   2.3626488e-02
   2.5958117e-02
   1.4698183e-02
   7.8397039e-03
   1.7484078e-02
   2.0161398e-02
   3.3538602e-02
   2.5863545e-02
   1.8315418e-02
   2.7880622e-02
   2.4847860e-02
   2.7030034e-02
   2.8770179e-02
   1.9167814e-02
   2.4522299e-02
   1.4107741e-02
   3.0294068e-02
   3.1472765e-02
   3.1546339e-02
   1.9716457e-02
   6.9107865e-03
   2.5840778e-02
   2.6236396e-02
   1.4516947e-02
   1.9838687e-02
   1.2495982e-02
   1.9252077e-02
   1.8651271e-02
   1.7435500e-02
   2.3434294e-02
   1.9787233e-02
   1.8226635e-02
   1.4503343e-02
   2.0720258e-02
   1.7960250e-02
   1.1592441e-02
   8.3443401e-03
   7.6363320e-03
   1.7817495e-02
   2.2648977e-02
   1.6387112e-02
   1.0678255e-02
   1.5900796e-02
   2.1282019e-02
   2.6014114e-02
   9.4958274e-03
   1.8415330e-02
   2.8100029e-02
   3.0889461e-02
   3.2607865e-02
   1.7160522e-02
   1.1385170e-02
   1.6331630e-02
   1.8977592e-02
   2.5719089e-02
   3.7489206e-02
   2.3077121e-02
   2.0545643e-02
   8.3979275e-03
   6.7763622e-03
   1.2413564e-02
   1.4221315e-02
   1.0009037e-02
   1.0883266e-02
   1.5801072e-02
   2.8883591e-02
   1.6537160e-02
   1.6433273e-02
   1.9925162e-02
   1.3919785e-02
   2.0356460e-02
   2.3837563e-02
   1.8609434e-02
   2.5461070e-02
   3.0984379e-02
   1.9366095e-02
   1.7174317e-02
   2.3655549e-02
   3.5572600e-02
   2.9841129e-02
   1.7920464e-02
   1.4260275e-02
   1.1881796e-02
   9.3115997e-03
   8.8698920e-03
   6.3245539e-03
   1.2554836e-02
   1.2841636e-02
   1.9622020e-02
   1.4974331e-02
   1.5908876e-02
   2.0968445e-02
   8.0494601e-03
   1.1796263e-02
   2.2007924e-02
   1.6505955e-02
   6.6741905e-03
   1.3656247e-02
   1.7253323e-02
   1.5477845e-02
   2.3500182e-02
   1.2821666e-02
   1.7422162e-02
   3.4485910e-02
   3.9928406e-02
   1.6393563e-02
   1.3677227e-02
   1.2939913e-02
   1.9304063e-02
   2.0075995e-02
   2.1446021e-02
   1.2377899e-02
   1.2768373e-02
   8.2637062e-03
   1.4902056e-02
   2.9360263e-02
   2.7161902e-02
   2.2136008e-02
   1.1773207e-02
   1.9279299e-02
   2.3597686e-02
   2.5040194e-02
   1.4205829e-02
   3.2200629e-03
   1.6334429e-02
   2.1714106e-02
   1.4217897e-02
   2.3034669e-02
   2.9478917e-02
   3.2539725e-02
   3.3412024e-02
   2.6977852e-02
   2.0743102e-02
   1.3146819e-02
   1.3452850e-02
   9.5243519e-03
   2.3437468e-02
   1.5558351e-02
   2.2021985e-02
   2.6562449e-02
   1.2685585e-02
   1.4919041e-02
   1.4822844e-02
   1.3993142e-02
   1.7148815e-02
   8.6814845e-03
   2.6323419e-02
   2.2786358e-02
   2.7551842e-03
   2.0335825e-02
   2.1748567e-02
   3.6190902e-03
   2.6069940e-03
   8.4394710e-03
   1.6901139e-02
   1.8904002e-02
   2.5662383e-02
   3.0466620e-02
   1.6367212e-02
   7.5426712e-03
   1.2431573e-02
   2.1694480e-02
   1.3825533e-02
   2.0668114e-02
   8.5696541e-03
   1.5068936e-02
   2.5813527e-02
   1.5986711e-02
   3.4918599e-02
   3.1016512e-02
   1.6526567e-02
   1.0299798e-02
   1.4664824e-02
   1.1940057e-02
   2.0476943e-02
   3.1394422e-02
   2.1050462e-02
   2.7175581e-02
   8.1106033e-03
   2.0006981e-03
   2.3046413e-02
   1.7552942e-02
   2.2717208e-02
   2.8628340e-02
   5.8427351e-03
   2.0223059e-02
