   3.9322022e-02
   3.0200835e-02
   4.6971373e-02
   4.7786959e-02
   3.2459065e-02
   3.4437574e-02
   7.4408926e-02
   1.0028497e-01
   3.3168908e-02
   3.4400996e-02
   2.4673594e-02
   2.1129537e-02
   5.5670012e-02
   4.1578475e-02
   3.0479500e-02
   1.1993325e-02
   2.1093357e-02
   3.6812339e-02
   5.4390039e-02
   3.6195591e-02
   3.1107247e-02
   3.5120830e-02
   4.5238223e-02
   5.7281066e-02
   7.3572397e-02
   8.0959447e-02
   7.3807217e-02
   7.9960302e-02
   8.0994308e-02
   5.6804404e-02
   6.7929097e-02
   6.0034331e-02
   3.6162842e-02
   1.4488228e-02
   4.5528807e-02
   5.8677424e-02
   4.4313014e-02
   3.5652097e-02
   4.9168248e-02
   6.0030285e-02
   7.4492805e-02
   8.0539800e-02
   5.3314310e-02
   2.5041005e-02
   2.0436177e-02
   3.0465189e-02
   4.4652928e-02
   5.2704562e-02
   4.9624987e-02
   5.0125070e-02
   2.8221766e-02
   5.6477401e-02
   5.2142717e-02
   5.3842045e-02
   2.7683353e-02
   6.4966609e-03
   2.8285991e-02
   3.3706654e-02
   3.7556186e-02
   4.8268519e-02
   3.2679074e-02
   2.6838593e-02
   2.3846647e-02
   3.1246655e-02
   8.6014224e-03
   1.4163976e-02
   5.3787794e-02
   4.9573135e-02
   3.6442336e-02
   6.0554754e-02
   4.8711717e-02
   1.5670830e-02
   1.1719215e-02
   1.1675804e-02
   1.3816676e-02
   3.5168987e-02
   4.3220233e-02
   3.2404296e-02
   3.6320023e-02
   6.9663644e-02
   4.0855210e-02
   5.3418864e-02
   2.7728798e-02
   2.0703461e-02
   7.4047267e-02
   6.9240376e-02
   3.7497692e-02
   4.4341918e-02
   6.2211361e-03
   4.0729861e-03
   5.4829467e-02
   6.0602963e-02
   4.4411790e-02
   2.9384706e-02
   3.5510242e-02
   4.5375627e-02
   5.0214209e-02
   6.0924195e-02
   7.0427969e-02
   3.2267801e-02
   2.7152367e-02
   3.2744810e-02
   3.1599940e-03
   3.2413572e-02
   2.3805654e-02
   4.2690266e-02
   4.8295427e-02
   8.3449692e-02
   8.9359142e-02
   7.7721268e-02
   2.5100153e-02
   1.8578975e-02
   6.1482981e-02
   1.1527293e-01
   1.3722765e-01
   9.2417672e-02
   6.6445231e-02
   3.9102234e-02
   6.7529581e-02
   8.9764826e-02
   7.4390598e-02
   7.1217142e-02
   4.9275391e-02
   5.5059299e-02
   4.1373678e-02
   2.4740849e-02
   3.2597248e-02
   3.5678536e-02
   8.2265899e-02
   8.5351646e-02
   7.0517883e-02
   8.3300121e-02
   2.9525179e-02
   3.9753590e-02
   1.1704260e-02
   1.9364756e-02
   4.8124138e-02
   7.9777658e-02
   5.0525658e-02
   4.2484775e-02
   5.1207218e-02
   3.1987224e-02
   8.3106682e-03
   1.6870905e-02
   1.8561410e-02
   4.0264696e-02
   4.5463085e-02
   2.0826312e-02
   5.7487022e-02
   8.3410524e-02
   9.9731147e-02
   5.4581817e-02
   6.8703890e-03
   3.4550022e-02
   2.3823678e-02
   4.2240035e-02
   7.1090542e-02
   4.6869513e-02
   3.9916724e-02
   9.8267598e-03
   2.4205087e-02
   6.7709729e-02
   4.4206828e-02
   4.5335010e-02
   4.8654374e-02
   3.5880703e-02
   4.5204725e-02
   4.3225590e-02
   5.2134745e-02
   9.0488240e-02
   6.4322121e-02
   7.6025389e-02
   1.1303280e-01
   6.2684745e-02
   1.4971307e-02
   4.2872954e-02
   1.8981380e-02
   4.4842623e-02
   1.0296852e-01
   6.6186383e-02
   4.5273852e-02
   3.8718697e-02
   5.2059144e-02
   5.3179346e-02
   2.9996593e-02
   6.7926846e-02
   4.3896530e-02
   4.5508705e-02
   8.2839467e-02
   7.0351534e-02
   4.4287793e-02
   5.9186995e-02
   6.8190195e-02
   3.3992633e-02
  -2.1700766e-03
   3.1144941e-02
   3.5977460e-02
   4.2940315e-02
   5.6039546e-02
   5.8833767e-02
   4.7775552e-02
   3.2427195e-02
   2.0140039e-02
   2.4687601e-02
   2.5996482e-02
   3.5646573e-02
   5.3048511e-03
   3.2987274e-02
   8.1943102e-02
   5.5553235e-02
   1.2385239e-02
   2.9720392e-02
   2.1802178e-02
   5.7936322e-02
   3.4192409e-02
   4.2052355e-02
   2.9159525e-02
   1.5372362e-02
   7.1083158e-02
   5.9902072e-02
   5.4071397e-02
   4.1188102e-02
   4.1455697e-02
   3.7027147e-02
   1.1108307e-01
   1.5482795e-01
   1.3362680e-01
   8.6850077e-02
   7.6744229e-02
   8.3922774e-02
   6.9904588e-02
   5.6891467e-02
   8.2732074e-02
   5.2077491e-02
   1.8987535e-02
   8.1236735e-02
   1.3630855e-01
   9.6852079e-02
   8.5435353e-02
   5.3084511e-02
   1.0089428e-01
   2.3770122e-01
   2.0801072e-01
   8.9533865e-02
   2.3645010e-02
   1.8473741e-02
   7.2534479e-02
   8.3767101e-02
   7.8627139e-02
   3.9832793e-02
   2.8043864e-02
   7.4968733e-02
   4.4176254e-02
   3.3560488e-02
   5.1409289e-02
   3.0666618e-02
   3.8610771e-02
   3.8621780e-02
   2.1011340e-02
   4.0557828e-02
   7.4354999e-02
   5.2985363e-02
   9.1909431e-02
   4.7143646e-02
   5.5963993e-02
   7.0491955e-02
   4.4266440e-02
   2.9616712e-02
   1.8183589e-02
   3.1234570e-02
   3.7140723e-02
   2.4872415e-02
   8.9508221e-03
   7.2375978e-03
   4.3340415e-02
   5.0795536e-02
   6.7779911e-04
  -1.0127730e-02
   4.1661523e-02
   5.4128800e-02
   5.7501752e-02
   3.6293849e-02
   5.3679287e-02
   6.3392878e-02
   3.1030638e-02
   7.6150694e-03
   2.6974086e-02
  -9.7683270e-04
   1.6580541e-02
   4.4583332e-02
   5.0831579e-02
   2.4960043e-02
   4.7030106e-02
   4.3204200e-02
   5.9215277e-02
   7.6988705e-02
   7.4397966e-02
   8.0815956e-02
   4.9216613e-02
   4.8272058e-02
   3.7080988e-02
   9.7912505e-02
   1.1981229e-01
   7.6114856e-02
   8.4079377e-02
   1.2424323e-01
   1.3729037e-01
   7.4951664e-02
   5.6156632e-02
   5.9556726e-02
   6.2596887e-02
   1.7180454e-02
   1.1672415e-02
   4.8276253e-02
   6.1598592e-02
   6.9286399e-02
   7.6055869e-02
   2.5053294e-02
   3.5433788e-02
   1.5991822e-02
   2.0635510e-02
   2.2424145e-02
   3.7348073e-02
   2.9098710e-02
   7.0812680e-02
   8.2469456e-02
   1.1507013e-01
   6.3733913e-02
   3.5568256e-02
   4.6362489e-02
   4.6256650e-02
   4.4733185e-02
   1.2778608e-02
   2.4573425e-02
   6.2538810e-02
   8.2647689e-02
   7.2838314e-02
   6.1800297e-02
   3.7930600e-02
   2.0313105e-02
   2.6202492e-02
   3.4762023e-03
   1.3082133e-02
   4.0434994e-02
   5.3122520e-02
   4.2331744e-02
   4.0253453e-02
   1.5272162e-02
   2.3947377e-02
   4.3342657e-02
   3.6336262e-02
   3.8514774e-02
   2.5609540e-02
   3.5263393e-02
   7.1446218e-02
   3.2691076e-02
   2.2932906e-02
   3.9182179e-02
   4.8944008e-02
   5.4336414e-02
   5.8735065e-02
   2.7404193e-02
   3.9950021e-02
   3.8098402e-02
   5.7369981e-02
   6.8668678e-02
   5.2689549e-02
   6.2851161e-02
   5.5755626e-02
   6.2811926e-02
   3.6750440e-02
   1.6183529e-02
   7.6518193e-02
   8.9792863e-02
   8.1480309e-02
   7.7230521e-02
   5.6482550e-02
   5.4497294e-02
   5.0024327e-02
   1.2688989e-02
   3.3015054e-02
   4.3009929e-02
   4.8151538e-02
   2.6336767e-02
   3.2953281e-02
   6.2066417e-02
   2.9532535e-02
   1.7223300e-02
  -1.4219807e-02
   1.4694536e-02
   5.2069914e-02
   6.4315774e-02
   7.1920685e-02
   1.0822055e-01
   7.9467319e-02
   3.2714549e-02
   6.2044159e-02
   3.6101658e-02
   5.5250145e-02
   4.7493812e-02
   4.9007278e-02
   6.3138284e-02
   5.7426572e-02
   4.1787341e-02
   6.0850326e-02
   4.2460173e-02
   3.6995985e-02
   4.3172646e-02
   6.4954348e-02
   8.0435812e-02
   3.1531841e-02
   5.6358673e-02
   4.5209423e-02
   3.7929077e-02
   9.3534961e-02
   1.3726540e-01
   9.9446960e-02
   7.1248136e-02
   2.4383903e-02
   4.9761273e-02
   5.4530103e-02
   7.4557193e-02
   8.6750090e-02
   8.3009847e-02
   6.9801651e-02
   2.5690995e-02
   1.6182810e-02
   1.8524408e-02
   4.9329970e-02
   5.8245551e-02
   5.9775323e-02
   6.6917837e-02
   3.6333602e-02
   2.1162162e-02
   3.7595436e-02
   6.8220712e-02
   4.0907755e-02
   2.5365844e-02
   3.7491310e-02
   8.3349319e-03
   5.9871390e-03
   1.1886924e-02
   2.0884426e-02
   4.5680229e-02
   3.5476141e-02
   3.8748574e-02
   4.8529770e-02
   4.1687280e-02
   6.2470909e-02
   5.1487699e-02
   3.1730961e-02
   3.6075450e-02
   5.1991325e-02
   7.4342512e-02
   8.0425590e-02
   4.0089786e-02
   4.8393201e-02
   7.7881165e-02
   3.5968885e-02
   4.1272718e-02
   6.6308223e-02
   2.0140514e-02
   1.1916919e-02
   3.1395536e-02
   4.2843204e-02
   6.3505724e-02
   6.8155661e-02
   7.2603591e-02
   1.5276055e-02
  -3.4337898e-03
   2.5687171e-02
   6.7173645e-02
   1.0409808e-01
   8.7199718e-02
   7.0486352e-02
   4.4707812e-02
   6.1887652e-02
   6.1626844e-02
   3.0873310e-02
   4.8525818e-02
   3.8761109e-02
   4.2886432e-02
   4.5224674e-02
   5.3723611e-02
   6.1716232e-02
   8.2797796e-02
   5.2055892e-02
   4.8739683e-02
  -9.2032424e-05
   4.7206827e-02
   4.1788969e-02
   5.5049043e-02
   4.7701605e-02
   5.3874679e-02
   8.7404124e-02
   1.0103078e-01
   9.2650101e-02
   5.6833699e-02
   4.2964876e-02
   5.0063659e-02
  -3.4762048e-03
   1.2126251e-02
   6.1082039e-02
   6.3420802e-02
   3.9451193e-02
   8.0509558e-02
   5.3893253e-02
   6.6198952e-02
   4.9470436e-02
   4.9207281e-02
   2.1220323e-02
   2.8538695e-02
   6.2530793e-02
   4.2596191e-02
   3.9345663e-02
   7.7067256e-02
   6.7110792e-02
   5.7047896e-02
   7.9533411e-03
   1.7753458e-02
   4.1994367e-02
   3.0701147e-02
   4.2904995e-02
   6.4316191e-02
   7.2680809e-02
   5.9978519e-02
   1.1587014e-02
   1.7952198e-02
   5.6382641e-02
   2.1078246e-02
   7.6372484e-03
   5.1922269e-02
   7.7665895e-02
   8.4041372e-02
   7.1656868e-02
   6.5402582e-02
   3.1577200e-02
   9.8291419e-02
   1.7703034e-01
   8.3004899e-02
   6.2234361e-02
   4.7479589e-02
   4.5161050e-02
   6.9622427e-02
   6.6113070e-02
   5.2131332e-02
   5.2866913e-02
   3.3875346e-02
   3.4369051e-02
   5.2673627e-02
   4.8153613e-02
   5.2023862e-02
   6.1307944e-02
   2.8516585e-02
   3.3070579e-02
   6.0027886e-02
   3.3833347e-02
   4.2178679e-02
   1.0234114e-01
   1.0123967e-01
   1.1162328e-01
   1.4055732e-01
   8.6180180e-02
   3.9155230e-02
   4.1781224e-02
   3.2203961e-02
   3.5337180e-02
   6.7818612e-02
   1.3305031e-01
   1.4210038e-01
   1.0059730e-01
   2.7830115e-02
   1.9929290e-02
   7.4883722e-02
   3.4770440e-02
   6.9961496e-02
   5.9230950e-02
   2.5470017e-02
   1.3583809e-02
   4.5656711e-02
   3.1850144e-02
   1.7893117e-02
   5.5566136e-02
   6.7978591e-02
   4.7428176e-02
   2.9556393e-03
   2.6874077e-02
   6.6949822e-02
   1.3570890e-01
   1.6072650e-01
   1.1499884e-01
   9.0085141e-02
   8.6564995e-02
   6.6478796e-02
   4.2828660e-02
   2.2540340e-01
   6.0109466e-01
   7.2275239e-01
   3.6419141e-01
   1.3060111e-01
   1.1817512e-01
   1.3398753e+00
   4.1297526e+00
   3.9291275e+00
   1.6368561e+00
   4.7203365e-01
   2.9599306e-01
   4.4973075e-01
   6.6074419e-01
   1.1439776e+00
   1.0891957e+00
   4.7769538e-01
   1.4129768e-01
   4.1400865e-02
   1.7102587e-01
   2.9278430e-01
   4.3275481e-01
   4.6822035e-01
   3.2112041e-01
   1.2054861e-01
   9.3662597e-02
   1.6935015e-01
   1.5318473e-01
   1.5754229e-01
   2.7362037e-01
   2.7776623e-01
   1.1797432e-01
   5.4507259e-02
   7.0893124e-02
   7.5263485e-02
   8.6224161e-02
   7.6244220e-02
   1.1660464e-01
   6.1855298e-02
   8.0629095e-02
   6.0890395e-02
   6.9811068e-02
   3.0778123e-02
   2.9717423e-02
   1.2423426e-02
   2.8790040e-02
   1.1804742e-02
   6.9120494e-03
   1.8443951e-02
   2.3204878e-02
   9.2908451e-03
   1.6871372e-02
   8.5318007e-02
   1.6039310e-01
   1.9387634e-01
   9.5527306e-02
   8.7781832e-02
   3.4190938e-01
   4.1432971e-01
   2.4342664e-01
   1.1101685e-01
   1.6500174e-01
   1.8375334e-01
   1.7931943e-01
   1.4376406e-01
   1.0146717e-01
   2.0256680e-01
   8.0244994e-01
   9.6667850e-01
   4.2663914e-01
   1.3569239e-01
   1.0774063e-01
   7.4391425e-02
   6.3562967e-02
   2.4507271e-01
   3.3774632e-01
   1.6551043e-01
   1.7310054e-03
  -1.8154891e-02
   5.8915973e-02
   6.5291040e-02
   1.0474730e-01
   1.1142321e-01
   1.1439040e-01
   7.6677851e-02
   6.7643024e-02
   5.9862398e-02
   7.5708754e-02
   5.9932202e-02
   7.8119367e-02
   7.7178873e-02
   4.1657880e-02
   7.4681565e-02
   7.4954741e-02
   4.1434180e-02
   5.5645578e-02
   4.1917205e-02
   6.8635650e-02
   2.5470283e-02
   4.6472169e-02
   1.1642711e-01
   1.2045431e-01
   1.1050738e-01
   8.0409884e-02
   2.6563000e-02
   3.3016749e-02
   7.5026833e-02
   7.6383524e-02
   1.1125605e-01
   5.6508623e-02
   3.2168087e-02
   8.6911418e-02
   8.9753553e-02
   1.0719258e-01
   1.0265186e-01
   9.3353592e-02
   1.4471647e-01
   1.9049914e-01
   1.6245723e-01
   6.5563902e-02
   1.2175659e-01
   3.9778304e-01
   4.6916643e-01
   2.2010678e-01
   8.4504329e-02
   1.5992019e-01
   8.1581718e-01
   1.1852605e+00
   7.0456916e-01
   2.2727801e-01
   1.3647215e-01
   2.4350853e-01
   3.8234156e-01
   4.3296620e-01
   3.8319904e-01
   1.7322212e-01
   8.4727846e-02
   4.5118678e-02
   7.9417743e-02
   8.1618249e-02
   9.2404664e-02
   8.9173235e-02
   4.4188153e-02
   4.5257244e-02
   2.0092597e-02
   2.1350287e-02
   3.1541586e-02
   5.6666020e-02
   4.1945100e-02
   5.0182272e-02
   1.0125525e-02
   9.4800489e-03
   1.0693948e-02
   2.9990908e-02
   3.5714466e-02
   3.1793721e-02
   5.1920272e-02
   1.3451485e-02
   2.6977763e-03
   5.2521601e-02
   4.0724795e-02
   7.0504591e-02
   6.6622272e-02
   3.8576316e-02
   1.8730961e-02
   7.8391947e-02
   5.1343597e-02
   7.7796653e-02
   5.6418255e-02
   4.7593433e-02
   2.8870583e-02
   8.3622068e-02
   8.8877372e-02
   5.8439527e-02
   4.7756918e-02
   8.6730435e-02
   3.0922158e-02
   4.0515915e-02
   6.9893576e-02
   1.1593322e-01
   1.7155431e-01
   1.9098161e-01
   1.1482377e-01
   5.6495063e-02
   6.4534433e-02
   2.4946903e-01
   2.7701524e-01
   1.9425438e-01
   1.4825025e-01
   6.8539023e-02
   5.6555040e-02
   6.3697673e-02
   1.1892979e-01
   1.4262801e-01
   7.4353613e-02
   4.5315843e-02
   3.9998397e-02
   7.3253319e-02
   4.5026496e-02
   2.7633490e-02
   2.6854405e-02
   3.3346426e-02
   1.5228808e-02
  -1.0371951e-03
   2.7507924e-02
   8.6919025e-02
   9.8828048e-02
   7.5227045e-02
   5.1567141e-02
   5.7235040e-02
   4.1938823e-02
   6.4236857e-02
   7.6883473e-02
   4.0352996e-02
   2.7876087e-03
   3.0320210e-02
   4.4855490e-02
   4.9709342e-02
   3.4377657e-02
   3.3094324e-02
   6.6666365e-02
   2.2997336e-02
   3.8341526e-02
   5.8528122e-02
   5.1612303e-02
   7.3981725e-02
   4.2081866e-02
   2.8380606e-02
   2.4660148e-02
   6.2714256e-02
   6.1686240e-02
   3.0748697e-03
   6.1058179e-03
   1.7899413e-02
   7.3345840e-02
   3.1771533e-02
   2.0940294e-02
   8.7479703e-02
   1.0322541e-01
   6.2846787e-02
   3.9043769e-02
   4.2269796e-02
   8.1681035e-02
   1.1063999e-01
   1.0424513e-01
   8.1727944e-02
   2.0668672e-03
   2.8712798e-02
   1.5723602e-01
   1.7193566e-01
   7.3461376e-02
   4.8732579e-02
   5.8719315e-02
   7.4115634e-02
   6.5549828e-02
   4.3610275e-02
   6.6759475e-02
   9.2103660e-02
   1.5459849e-01
   1.1717778e-01
   1.2150487e-01
   8.6595245e-02
   1.1784401e-01
   1.7887402e-01
   1.2005451e-01
   5.4146565e-02
   2.1625476e-02
   2.0633993e-01
   5.2527893e-01
   5.0678360e-01
   2.1221431e-01
   6.9316164e-02
   8.8273823e-02
   2.4560064e-01
   2.4274668e-01
   1.6803665e-01
   1.1411437e-01
   9.3009450e-02
   1.5722741e-01
   1.3322471e-01
   5.4882415e-02
   5.4570302e-02
   5.1351152e-02
   4.9752828e-02
   5.0923292e-02
   4.9240656e-02
   3.8965192e-02
   6.2633686e-02
   3.5638649e-02
   2.8439153e-03
   2.0300992e-02
   4.7395289e-02
   3.9800149e-03
   1.6672475e-02
   3.3037715e-02
   5.5969369e-02
   3.7037302e-02
   2.6014661e-02
   1.9092558e-02
   7.6970011e-03
   5.1663920e-02
   6.3816667e-02
   4.9552165e-02
   4.4681977e-02
   2.1706302e-02
   2.5464058e-02
   3.0685220e-02
   4.4571459e-02
   4.3449655e-02
   3.4999158e-02
   8.0407053e-02
   7.4861556e-02
   5.0097827e-02
   2.4350218e-02
   3.9625008e-02
   6.7767225e-02
   5.6388207e-02
   9.0095609e-02
   6.5108463e-02
   4.3676730e-02
   9.1225952e-02
   7.6739959e-02
   7.5898118e-02
   5.1523749e-02
   5.0123610e-02
   1.6337825e-01
   2.2094801e-01
   1.2607101e-01
   5.3838689e-02
   4.0568456e-02
   7.3072165e-02
   8.4926248e-02
   6.6722378e-02
   6.1327640e-02
   3.9827984e-02
   6.0328521e-02
   1.2357174e-01
   9.6880302e-02
   1.0714747e-01
   1.0006232e-01
   4.3988831e-02
   2.4508046e-02
   3.2519851e-02
   8.4385976e-02
   1.1140560e-01
   9.5587276e-02
   5.2221466e-02
   6.9641292e-02
   1.4406306e-01
   1.4205913e-01
   1.0241027e-01
   6.3213468e-02
   1.4791903e-01
   1.9049244e-01
   1.9717531e-01
   2.2480381e-01
   1.7796841e-01
   2.3494951e-01
   2.9707393e-01
   2.3809738e-01
   1.0954119e-01
   9.9828854e-02
   3.4786537e-01
   4.5854408e-01
   3.3748186e-01
   1.1450305e-01
   5.8698818e-02
   6.7327207e-01
   1.3093249e+00
   9.8776269e-01
   3.2751146e-01
   1.8175074e-01
   5.8314764e-01
   9.9431258e-01
   7.0724857e-01
   4.9117303e-01
   2.8947324e-01
   3.7129363e-01
   3.8487098e-01
   2.7846909e-01
   2.1521486e-01
   2.4746433e-01
   3.4070405e-01
   3.1163049e-01
   2.2878152e-01
   2.0846803e-01
   1.6559535e-01
   3.6413975e-02
   3.1691913e-02
   7.4567392e-02
   1.1154756e-01
   2.4117002e-02
   1.5450967e-02
  -1.5420292e-02
   2.3245316e-02
   9.0190228e-03
  -1.2254398e-04
   2.2796230e-02
   3.9795011e-02
   5.1800851e-02
   4.3827128e-02
   4.2721648e-02
   1.0934453e-02
  -1.6020618e-02
   1.9128516e-02
   5.7977423e-02
   1.3157198e-01
   8.8862278e-02
   4.8223924e-02
   5.7803359e-02
   8.0020986e-02
   1.2402000e-01
   9.4194554e-02
   8.4760845e-02
   4.9639449e-02
   8.4496304e-02
   8.8280506e-02
   4.9246345e-02
   1.1265850e-01
   1.5324807e-01
   1.8181282e-01
   7.2348922e-02
   1.1698020e-02
   1.1849108e-01
   4.2201325e-01
   3.9836612e-01
   1.6562611e-01
   6.3328937e-02
   1.2954338e-01
   1.9940062e-01
   1.5814532e-01
   1.0588040e-01
   7.1315803e-02
   9.4743453e-02
   1.4764409e-01
   1.3173501e-01
   8.7407731e-02
   1.4637393e-01
   1.7905037e-01
   9.7848624e-02
   5.6156337e-02
   2.2695789e-02
   4.9948037e-02
   9.6061312e-02
   6.1595432e-02
   4.0274054e-02
   7.2419003e-02
   1.1053056e-01
   7.3809825e-02
   1.4892948e-02
  -1.7373767e-02
   2.3516214e-03
   4.0408943e-02
   4.2944256e-02
   4.0316366e-02
   6.4071395e-02
   4.2151112e-02
   4.4306200e-02
   3.4325361e-02
  -5.5314922e-03
   1.8034438e-02
   3.7144121e-02
   5.5386752e-02
   2.9948756e-02
   1.9331343e-02
   4.2162221e-02
   1.4196348e-02
   4.3903410e-02
   3.4369946e-02
   4.2759102e-02
   6.0417961e-02
   8.1004709e-02
   1.3475312e-01
   2.5326964e-01
   2.4444324e-01
   1.4213392e-01
   6.9041826e-02
   5.4537319e-02
   1.1957592e-01
   2.4014761e-01
   3.3287588e-01
   1.9373123e-01
   7.9751685e-02
   5.7028808e-02
   1.2480826e-01
   2.1871974e-01
   1.6566177e-01
   1.0334092e-01
   4.8043288e-02
   1.1020926e-01
   1.0874743e-01
   8.6292855e-02
   8.5242130e-02
   1.1417834e-01
   9.3891822e-02
   6.2530808e-02
   4.7181878e-02
   6.8247654e-02
   4.9389787e-02
   3.7209548e-02
   4.2707924e-02
   7.8786865e-02
   5.0898038e-02
   1.7781768e-02
   6.7767161e-03
   1.8854063e-02
   1.6310947e-02
   3.2537211e-02
   4.3225542e-02
   6.7259841e-02
   8.7301701e-02
   4.4304844e-02
   3.3006266e-02
   4.9021646e-02
   6.3221887e-02
   8.6964756e-02
   5.6044787e-02
   6.7506976e-02
   8.9783952e-02
   6.6191681e-02
   2.1042550e-02
   1.7986902e-03
   1.8311808e-02
   2.0943537e-02
   2.4576385e-03
   3.5073817e-02
   2.2114187e-02
   5.4952219e-02
   5.6371681e-02
   9.1212288e-02
   6.1741870e-02
   2.6627533e-02
   4.4990327e-02
   6.5609880e-02
   9.8721653e-02
   1.5224198e-01
   1.4858469e-01
   9.0570323e-02
   6.8858035e-02
   8.3347410e-02
   1.0403321e-01
   1.0595483e-01
   5.0135083e-02
   6.3306913e-02
   8.5062794e-02
   1.1208986e-01
   2.7700484e-02
   2.9891474e-02
   6.7097373e-02
   7.7513017e-02
   7.7943586e-02
   6.5459810e-02
   5.3666536e-02
   1.1959630e-02
   5.0328825e-02
   3.4787923e-02
   4.4875806e-03
   4.9348261e-02
   6.1619103e-02
   2.1245494e-02
   1.3089987e-02
   7.1829068e-03
   1.1306041e-02
   1.7966315e-02
   3.7450250e-02
   5.0676882e-02
   4.9084287e-02
   4.2676687e-02
   4.3198261e-02
   2.7770430e-02
   1.8136939e-02
   4.1393988e-02
   4.2840421e-02
   5.1710811e-02
   1.3455975e-02
   3.3260018e-02
   2.6301194e-02
   1.0420292e-02
   1.5610957e-02
  -6.9894814e-03
   9.7526284e-03
   5.0229881e-02
   6.6691115e-02
   6.2687151e-02
   7.7793300e-02
   4.6237551e-02
   5.1782288e-02
   4.5405168e-02
   5.6519642e-02
   6.8214372e-02
   4.3196127e-02
   9.7584583e-02
   7.6652318e-02
   5.6668308e-02
   5.0820246e-02
   6.3342296e-02
   3.6536966e-02
   5.7093080e-02
   1.9120231e-02
   5.1883120e-02
   2.8518630e-02
   5.1147774e-02
   6.3243844e-02
   5.6518901e-02
   5.2889463e-02
   5.5015668e-02
   6.7755342e-02
   4.1963443e-02
   4.9570739e-02
   3.1419270e-02
   6.1486229e-02
   3.3577502e-02
   2.4327297e-02
   2.9901952e-02
   8.6150942e-03
   1.8569479e-03
   5.2560795e-02
   7.4772589e-02
   7.2453730e-02
   7.8816496e-02
   1.0856038e-01
   4.3270014e-02
   3.8644962e-02
   3.2483857e-02
   2.0218015e-02
   1.2733227e-02
   2.2290863e-02
   5.7958771e-02
   3.0446587e-02
   3.2179151e-02
   5.8657911e-02
   6.0178388e-02
   6.5718181e-02
   6.2352225e-02
   3.2209758e-02
   3.2357816e-02
   4.1434888e-02
   4.1363761e-02
   4.0399514e-02
   3.8679730e-02
   2.6772862e-02
   2.4380531e-02
   3.5092279e-02
   3.2000393e-02
   2.4014352e-02
   3.8873926e-02
   4.2336415e-02
   3.2736309e-02
   4.8867099e-02
   7.1560815e-02
   6.6121347e-02
   4.3164674e-02
   5.7709895e-02
   6.1975889e-02
   2.0492002e-02
   3.7691165e-02
   2.3498688e-02
   3.8734358e-02
   2.5038678e-02
   4.4964660e-02
   4.1641016e-02
   2.8728900e-02
   4.0856116e-02
   4.9620278e-02
   3.4812529e-02
   2.7472919e-02
   2.6285332e-02
   2.3442090e-02
   6.1448528e-03
   3.5352074e-02
   4.6182532e-02
   4.5448646e-02
   1.6604932e-02
   3.7956037e-02
   4.1604877e-02
   3.5794333e-02
   2.3651298e-02
   2.1082684e-02
   3.4182683e-02
   5.5028990e-02
   6.2062498e-02
   4.3768987e-02
   7.0558123e-02
   3.7377842e-02
   4.3985821e-02
   4.7850531e-02
   2.8697066e-02
   2.1484761e-02
   4.3860078e-02
   7.3432907e-02
   5.1698349e-02
   6.0058981e-02
   7.0961937e-02
   4.0618841e-02
   3.1609476e-02
   1.5918963e-02
   4.3622062e-02
   5.5216432e-02
   5.0842650e-02
   7.9201143e-03
   2.1122983e-02
   4.6047688e-02
   6.8616323e-02
   7.8058399e-02
   4.2017687e-02
   3.4153011e-02
   4.0024195e-02
   2.3784770e-02
   9.0848925e-03
   9.3558311e-02
   9.2435651e-02
   5.5587541e-02
   4.8127703e-02
   5.2718602e-02
   3.0441981e-02
   1.4400454e-02
   1.6309263e-02
   5.3851765e-02
   5.3286258e-02
   6.4640380e-02
   7.2570257e-02
   4.1966453e-02
   1.8015191e-02
   4.8406016e-02
   1.6619565e-02
   1.3229608e-02
   4.1813631e-02
   4.4960018e-02
   5.0275885e-02
   3.1694002e-02
  -6.2527154e-03
   2.5328465e-02
   6.8376981e-02
   2.3310699e-02
   2.9305954e-02
   4.2663030e-02
   4.0739946e-02
   1.2223245e-02
   1.3525595e-02
   4.0173214e-02
   4.3040130e-02
   3.5736956e-02
   7.7867736e-03
   3.5715185e-02
   1.1827973e-02
   2.5128817e-02
   7.8437477e-02
   8.4228776e-02
   4.0971830e-02
   7.3051594e-02
   1.5308216e-01
   4.2993456e-01
   3.8079679e-01
   1.7060889e-01
   1.0049627e-01
   1.6458628e-01
   2.5747547e-01
   2.6206639e-01
   2.1505611e-01
   1.1406273e-01
   6.1367579e-02
   9.7585231e-02
   1.0854544e-01
   1.2209333e-01
   1.1885343e-01
   4.0638570e-02
   1.8560801e-02
   3.2216579e-02
   7.4665114e-02
   4.6013448e-02
   4.7665019e-02
   2.8974118e-02
   4.0647533e-02
   5.0374441e-02
   3.8180623e-02
   1.5389763e-02
   2.2938181e-02
   4.4216186e-02
   5.6727465e-02
   4.9742930e-02
   2.8743586e-02
   1.9543601e-02
   4.5573547e-02
   2.2888433e-02
   2.3213338e-02
   4.0682837e-02
   5.8761805e-02
   5.3075634e-02
   2.0188754e-02
   3.0801756e-02
   2.1226905e-02
  -3.5196801e-03
   3.4277666e-02
   3.7210550e-02
   3.6159433e-02
   4.2543314e-02
   4.1052125e-02
   2.7767062e-02
   7.0167497e-02
   4.1997042e-02
   7.5321004e-02
   3.0626953e-02
   4.8978832e-02
   9.8093048e-02
   1.1361323e-01
   9.0238392e-02
   6.4726911e-02
   8.1387453e-02
   6.5274768e-02
   7.5054735e-02
   7.3485635e-02
   7.0870630e-02
   4.6162739e-02
   3.5897229e-02
   8.2167551e-02
   5.8089443e-02
   5.3371076e-02
   2.2883836e-02
   3.9822545e-02
   5.3377435e-02
   2.0793650e-02
   5.0056828e-03
   6.7342326e-02
   3.8932569e-02
   5.4228652e-02
   5.0494816e-02
   1.0836940e-02
   1.7094301e-02
   5.1362652e-02
   4.4946820e-02
   6.5090902e-02
   4.8734412e-02
   6.2069580e-02
   6.7856260e-02
   5.6739967e-02
   2.3564730e-02
   8.7016728e-03
   2.5085943e-02
   4.3642245e-02
   3.3562344e-02
   2.1967931e-02
   4.8189249e-02
   6.4919107e-02
   5.2394394e-02
   7.7677868e-02
   5.1032312e-02
   4.7942441e-02
   5.1907092e-02
   5.0866678e-02
   3.4383114e-02
   4.7800817e-02
   6.4102210e-02
   7.7484921e-02
   3.9339181e-02
  -1.5432931e-03
   2.4551548e-02
   3.8807694e-02
   5.8663357e-02
   6.3552752e-02
   3.3927616e-02
   3.2833409e-02
   4.1630752e-02
   5.8805831e-02
   8.4830457e-03
   4.1633647e-02
   5.9570059e-02
   3.3805769e-02
   1.9493978e-02
   1.4803146e-02
   2.2938019e-02
   4.4127997e-02
   7.7601768e-02
   4.7409836e-02
   3.8632486e-02
   2.6936598e-02
   2.1331402e-02
   6.0336899e-02
   4.4647932e-02
   4.7916699e-02
   5.0874610e-02
   2.1447022e-02
   2.8587630e-02
   4.3204624e-02
   3.9528579e-02
   3.2425191e-02
   1.8339545e-02
   1.6179612e-02
   4.9357332e-02
   3.6931701e-02
   5.7794698e-02
   2.8115941e-02
   2.9689884e-02
   2.9704193e-02
   2.1835331e-02
   5.1856037e-02
   4.0327683e-02
   1.9741517e-02
   3.4578104e-02
   2.9001310e-02
   2.9039506e-02
   3.8296115e-02
   4.6650864e-02
   4.2250462e-02
   2.1684729e-02
   3.0606814e-02
   4.3252627e-03
   2.4220292e-02
   4.3749698e-02
   3.7872098e-02
   2.0653667e-02
   3.1137759e-02
   3.4541871e-02
   2.4346743e-02
   4.1140828e-02
   5.1727191e-02
   6.8722419e-02
   5.8844186e-02
   3.7048806e-02
   1.4258400e-02
   2.7757075e-02
   2.8392585e-02
   4.3123417e-02
   2.4612423e-02
   2.6448065e-02
   4.0843852e-02
   2.8184989e-02
   4.3634545e-02
   4.5212608e-02
   5.5201545e-02
   5.3381246e-02
   6.0499594e-02
   6.5181710e-02
   4.7545183e-02
   3.4983732e-02
   1.8510638e-02
   3.0894324e-02
   5.3867582e-02
   5.1942326e-02
   6.6895522e-02
   5.4419439e-02
   2.7495805e-02
   4.5902815e-02
   5.1025804e-02
   2.2121167e-02
   6.9152728e-02
   6.0947254e-02
   1.9974902e-02
   4.5903981e-02
   1.5514831e-02
   1.6516501e-02
   3.8353439e-02
   2.7817143e-02
   5.1037848e-02
   7.6142296e-02
   5.8783643e-02
   4.9089771e-02
   4.0664583e-02
   5.1702015e-02
   5.2597623e-02
   4.9922243e-02
   5.4520324e-02
   4.7523923e-02
   6.3084878e-02
   2.0659581e-02
   3.9397474e-02
   4.3225568e-02
   4.4595633e-02
   7.5173058e-02
   4.5401152e-02
   2.1677464e-02
   5.2306559e-02
   1.8947355e-02
   2.7600298e-02
   2.6677543e-02
   5.7903025e-02
   5.0043482e-02
   2.9552789e-02
   1.8254360e-02
   3.3992480e-02
   4.4627864e-02
   5.5799026e-02
   5.8609370e-02
   3.3400882e-02
   3.9927080e-02
   5.1668156e-02
   2.8417155e-02
   4.8184760e-02
   3.2852296e-02
   1.4015390e-02
   2.2339322e-02
   2.2703711e-02
   1.5819978e-02
   3.6590185e-02
   3.8779508e-02
   3.9168105e-02
   4.9465578e-02
   4.1365772e-02
   3.4222171e-02
   4.4274773e-02
   3.4771465e-02
   4.5352455e-02
   1.7682787e-02
   5.4260910e-02
   3.2439608e-02
   1.0106563e-02
   3.2937080e-02
   6.1065987e-02
   4.4630140e-02
   3.6878854e-02
   5.4439604e-02
   4.5662954e-02
   5.5512626e-02
   3.2551512e-02
   3.3859346e-02
   3.1218149e-02
   5.4655537e-02
   2.2512270e-02
   2.4725355e-02
   2.6548233e-02
   3.9448645e-02
   4.4331852e-02
   5.3410076e-02
   9.5004681e-03
   1.3274416e-02
   4.1789200e-02
   3.2186832e-02
   4.3923173e-02
   3.6659971e-02
   2.7990693e-02
   4.6386976e-02
   4.0036727e-02
   3.6895782e-02
   2.4112573e-02
   5.6215670e-02
   8.3004192e-02
   7.3537588e-02
   5.0237820e-02
   2.3114720e-02
   7.1031176e-03
   3.4786753e-02
   4.7532741e-02
   2.8921576e-02
  -1.4412943e-03
   6.6323243e-02
   5.3006396e-02
   5.3458910e-02
   8.2865886e-02
   4.9849816e-02
   3.8864564e-02
   2.8295571e-02
   3.3937391e-02
   3.5588358e-02
   2.2214694e-02
   4.2022709e-02
   5.3607922e-02
   2.5420841e-02
   2.8732629e-02
   4.1532103e-02
   2.2069519e-02
   2.3326475e-02
   3.0646412e-02
   2.6932187e-02
   1.0214566e-02
   3.1733416e-02
   4.2194076e-02
   5.4145657e-02
   3.3807069e-02
   3.0686883e-02
   3.4754828e-02
   3.4338057e-02
   2.2345647e-02
   4.0158998e-02
   4.4337753e-02
   4.3471064e-02
   2.5999356e-02
   2.3300890e-02
   3.8935557e-02
   5.8931962e-02
   5.1918891e-03
   1.3310748e-02
   3.0631974e-02
   2.6357483e-02
   1.7362097e-02
  -6.3361740e-04
   4.5351170e-02
   7.4379720e-02
   7.3345535e-02
   5.1728461e-02
   2.2302814e-02
   6.1182629e-02
   3.5775479e-02
   3.7336033e-02
   2.9247250e-02
   4.8629690e-02
   5.4315954e-02
   4.1455064e-02
   5.4352529e-02
   1.0300406e-02
  -2.6229538e-03
   2.8512499e-03
   2.0367149e-02
   2.1126386e-02
   4.1441284e-02
   6.2395044e-02
   6.3279778e-02
   4.0819567e-02
   2.1268861e-02
   3.0570433e-02
   2.5284674e-02
   3.0289102e-02
   1.4511087e-02
   2.7821338e-02
   2.9587504e-02
   5.0715752e-02
   6.6674903e-02
   3.8408045e-02
   4.9085811e-02
   6.6159017e-02
   3.8770881e-02
   5.6089319e-02
   4.2654812e-02
   2.2218715e-02
   1.8579764e-02
   6.1974740e-03
  -1.8897554e-03
   1.7972112e-02
   3.5251754e-03
   1.1538744e-02
   2.6595060e-02
   6.2304973e-03
   1.9500453e-02
   3.1089516e-02
   3.0493835e-02
   6.7997046e-02
   5.2702162e-02
   3.9560970e-02
   2.3627162e-02
   4.6355102e-02
   1.1207233e-02
   1.6985860e-02
   2.1298978e-02
   1.0062585e-01
   7.5036600e-02
   4.6747446e-02
   5.8841690e-02
   6.5331705e-02
   4.0128734e-02
   1.3259795e-02
  -1.0388339e-03
   3.0613996e-02
   4.6781700e-02
   3.6974195e-02
   3.8401842e-02
   1.0029168e-01
   1.4590886e-01
   1.3832211e-01
   1.0265269e-01
   6.4848907e-02
   3.2939784e-02
   1.6623044e-02
   2.6852543e-02
   3.7586350e-02
   7.4638173e-02
   4.2565696e-02
   4.0052835e-02
   4.9817424e-02
   1.1025582e-01
   7.6373674e-02
   6.8357684e-02
   2.2064058e-02
   4.7035988e-02
   4.1467581e-02
   2.9255589e-02
   1.2191893e-02
   2.6723789e-02
   8.3335824e-02
   4.7551472e-02
   3.4663830e-02
   4.6503950e-02
   6.5350026e-02
   3.7465662e-02
  -1.4033879e-03
   4.4695556e-02
   4.4465270e-02
   2.7453162e-02
   4.5690332e-02
   5.1662605e-02
   5.0792135e-02
   3.6666084e-02
   4.6974070e-02
   5.1302534e-02
   4.9888987e-02
   4.0735509e-02
   6.7188397e-02
   3.4761906e-02
   1.8155267e-02
   5.2988123e-02
   3.6561422e-02
   3.5025489e-02
   2.0897634e-02
   5.3778272e-02
   2.8264215e-02
   3.4376427e-03
   1.7157681e-02
   1.4791915e-02
   2.9955801e-02
   5.0657704e-02
   4.4477925e-02
   2.5348270e-02
   2.0664912e-02
   2.1391267e-02
   3.9497294e-02
   3.8345039e-02
   6.0911667e-02
   6.3414261e-02
   3.4961127e-02
   3.2777708e-02
   4.2336918e-02
   7.2704315e-02
   5.9385892e-02
   4.9805347e-02
   4.4469081e-02
   3.1129537e-02
   4.5527168e-02
   5.3386331e-02
   4.0311038e-02
   4.4111423e-02
   1.0483268e-02
   2.0785764e-02
   2.9620590e-02
   1.8985797e-02
   4.1795373e-02
   3.7827659e-02
   2.4143057e-02
   3.0909833e-02
   4.0332887e-02
   4.5843206e-02
   4.0219337e-02
   3.2283653e-02
   1.6103046e-02
   9.4279051e-03
   3.4053873e-02
   2.1239663e-02
   3.6841139e-02
   4.4756725e-02
   5.6665506e-02
   3.0589590e-02
   2.7890531e-02
   6.3254684e-02
   5.0285820e-02
   4.5271378e-02
   3.1030230e-02
   4.6411633e-02
   3.2195985e-02
   1.5929876e-02
   3.2166157e-02
   3.7168894e-02
   6.6539692e-03
   1.3714002e-02
   9.7400621e-03
   2.4264522e-02
   3.6187671e-02
   3.3771414e-02
   4.8551042e-02
   4.5996979e-02
   2.4569966e-02
   5.4275814e-02
   4.1370161e-02
   2.1395039e-02
   2.3937060e-02
   3.2424890e-02
   2.1735378e-02
   2.8690772e-02
   2.7980667e-02
   2.6353095e-02
   1.6014444e-02
   9.8291161e-03
   2.3019329e-02
   3.3516679e-02
   3.4044217e-02
   3.3067133e-02
   3.3618823e-02
   3.2170869e-02
   4.6643417e-02
   4.7416225e-02
   3.9877873e-02
   5.7546090e-02
   5.1346786e-02
   2.0616703e-02
   1.0834073e-02
   2.6118111e-02
   2.8163495e-02
   2.7942650e-02
   1.7204069e-02
   3.3567265e-02
   5.0522141e-02
   2.5929380e-02
   1.7210212e-02
   3.1034470e-02
   3.7788574e-02
   6.0740888e-02
   4.9080431e-02
   1.8633379e-02
   2.4625806e-02
   1.8740671e-02
   4.5864534e-02
   6.2932901e-02
   2.1969175e-02
   3.6141586e-02
   2.4736486e-02
   1.4514270e-02
   2.9029289e-02
   4.4298239e-02
   4.5126960e-02
   4.5771100e-02
   4.7367461e-02
   3.2365944e-02
   2.0957761e-02
   3.1510100e-02
   1.6278347e-02
   2.3013165e-02
   2.1636907e-02
   2.1432906e-02
   1.1215331e-02
   3.1239152e-02
   2.3563679e-02
   3.4479383e-02
   2.5941819e-02
   2.3474623e-02
   4.4502527e-02
   3.1541865e-02
   4.7028802e-02
   2.5796151e-02
   3.1301245e-02
   3.8892478e-02
   4.5388635e-02
   1.8011624e-02
   3.7769753e-02
   3.9729811e-02
   3.4877058e-02
   7.6256250e-03
   1.7262774e-02
   1.6850440e-02
   4.8565708e-02
   4.0277071e-02
   3.0031519e-02
   4.2562075e-02
   3.3963345e-02
   8.5785300e-02
   4.1151889e-02
   2.0005167e-02
   2.7403435e-02
   4.2844728e-02
   4.7306564e-02
   1.6266394e-02
   7.5575863e-03
  -4.0690848e-03
   2.7121285e-02
   1.5876587e-02
   4.1284326e-02
   4.6880741e-02
   6.0641345e-02
   4.4198550e-02
   3.6381777e-02
   5.1285513e-02
   5.8222897e-02
   6.2238023e-02
   7.2794564e-02
   5.7301104e-02
   8.7855365e-03
   5.0973564e-02
   2.8344138e-02
   4.0653922e-02
   5.6997728e-02
   4.2851590e-02
   4.3990891e-02
   1.2410579e-02
   6.2498253e-02
   4.9926855e-02
   1.9487005e-02
   5.9345327e-03
   3.0452975e-03
   2.5180878e-02
   3.3591021e-02
   4.1501917e-02
   3.4346085e-02
   4.9535222e-02
   3.3283263e-02
   4.0294349e-02
   3.4076091e-02
   2.7818240e-02
   4.3677535e-02
   3.1214654e-02
   3.9077174e-02
   2.3168081e-02
   2.9924758e-02
   2.1693751e-02
   4.0975288e-02
   3.1797681e-02
   6.1944500e-02
   6.2863149e-02
   4.6518344e-02
   1.4036977e-02
   3.1673994e-02
   2.3163987e-02
   2.9305814e-02
   3.4231223e-02
   2.9627077e-02
   5.3761419e-02
   6.5493450e-02
   2.6954392e-02
   4.7011867e-02
   4.3624334e-02
   3.6778491e-02
   3.4262706e-02
   1.8667694e-02
   3.1170892e-02
   1.1938012e-02
   2.8800972e-02
   4.0587131e-02
   5.0058953e-02
   4.7133289e-02
   2.9125851e-02
   1.3722253e-02
   2.1353429e-02
   5.5205826e-02
   7.9709388e-02
   7.9510778e-02
   9.6758790e-02
   9.2332304e-02
   6.5421589e-02
  -3.5846408e-03
  -3.0656684e-05
   4.0989749e-02
   1.4230026e-01
   1.8243642e-01
   1.9948323e-01
   1.3493907e-01
   6.0706224e-02
   2.5531683e-02
   2.9142015e-02
   7.1722768e-02
   5.9014872e-02
   3.9778989e-02
   8.2991183e-02
   1.0773242e-01
   8.9241795e-02
   5.8366813e-02
   9.2724701e-03
   4.2609170e-02
   1.0317297e-01
   1.3587850e-01
   9.0331763e-02
   4.8199385e-02
   3.7312873e-02
   1.6313596e-02
   2.7001681e-02
   5.2108049e-02
   1.4789088e-01
   2.7084193e-01
   2.2162426e-01
   9.6182942e-02
   6.6184990e-02
   4.5972638e-02
   6.0326118e-02
   7.0130177e-02
   4.6568420e-02
   2.8063333e-02
   4.7928505e-02
   3.6692735e-02
   5.5254739e-02
   2.9373659e-02
   5.6001414e-02
   7.6308519e-02
   5.4656874e-02
   2.5009794e-02
   1.9703439e-02
   2.9678848e-03
   3.2272622e-02
   2.4734087e-02
   1.6438331e-02
   4.1998528e-02
   6.4747877e-02
   3.2515775e-02
   2.9176906e-02
   3.2022178e-02
   3.7983820e-02
   7.8234151e-02
   6.8010285e-02
   1.2648541e-02
   2.8053785e-02
   2.4272593e-02
   1.7349405e-02
   5.0567174e-03
   1.4053652e-02
   2.5385216e-02
   2.2522075e-02
   5.0229318e-02
   4.6555001e-02
   2.5764905e-02
   2.2000037e-02
   3.2400265e-02
   1.4924896e-02
   2.8924335e-02
   6.6780709e-02
   7.2393775e-02
   5.6374837e-02
   3.5548452e-02
   3.1365331e-02
   4.9136117e-02
   4.7006041e-02
   4.9262166e-02
   3.3529166e-02
   3.4490772e-02
   1.1332335e-02
   4.0089566e-02
   6.0397353e-02
   3.1734403e-02
   1.8679006e-02
   3.3418771e-02
   5.7083249e-02
   3.0563166e-02
  -8.7075215e-03
   3.2495901e-02
   1.0546638e-01
   1.3533613e-01
   1.0212091e-01
   5.8722120e-02
   5.0794516e-02
   4.7875613e-02
   2.4692247e-02
   7.2206467e-02
   3.5431337e-01
   5.8373648e-01
   4.6687183e-01
   3.0950418e-01
   1.6080108e-01
   3.8654428e-02
   1.4766476e-02
   8.9246621e-03
   7.2275519e-02
   1.1652261e-01
   8.8117667e-02
   1.5285429e-01
   1.5602371e-01
   1.1986979e-01
   3.6968842e-02
   1.1520924e-01
   2.5237149e-01
   3.3447590e-01
   2.3081218e-01
   1.0532030e-01
   7.0058249e-02
   6.2484637e-02
   3.3038639e-02
   2.3249890e-01
   6.6080034e-01
   6.6989172e-01
   4.3590391e-01
   1.4235298e-01
   4.5304846e-02
   6.2787019e-02
   4.2308167e-02
   1.7786039e-02
   3.2658722e-02
   2.3964375e-02
   4.2591497e-02
   6.5102987e-02
   9.5778674e-02
   1.1846046e-01
   9.0621099e-02
   7.4465409e-02
   7.4404590e-02
   4.5524660e-02
   4.5400940e-02
   6.7779206e-02
   7.4265100e-02
   4.0502734e-02
   2.0458596e-02
   2.8853608e-02
   4.4848833e-02
   7.8558914e-02
   5.4447759e-02
   4.8703354e-02
   4.6600547e-02
   6.6071320e-03
  -2.7905133e-02
   2.9239601e-02
   5.3906281e-02
   5.0904077e-02
   1.0976096e-02
   2.2561353e-02
   2.1653028e-02
   4.4867624e-02
   2.6247321e-02
   3.0202091e-02
   5.2902739e-02
   8.9987002e-02
   7.9183832e-02
   5.0906435e-02
   5.0734721e-02
  -2.7564329e-03
  -1.9392649e-02
   4.6399496e-02
   4.3416202e-02
   3.5501774e-02
   5.0769120e-02
   4.7261670e-02
   2.6339469e-02
   3.8168218e-02
   3.2529470e-02
   4.0857650e-02
   2.1489842e-02
   9.7032366e-03
   2.5763448e-02
   4.8455582e-03
   2.5631968e-02
   3.8026422e-02
   4.2409260e-02
   3.0291710e-02
   9.9203119e-04
   2.0125993e-02
   6.5698825e-02
   2.2622142e-02
   4.2207573e-02
   1.2893933e-01
   1.3449548e-01
   6.6587277e-02
   3.9058790e-02
   3.3392359e-02
   4.3270439e-02
   3.4341291e-02
   6.6539988e-02
   5.2627958e-02
   4.5262493e-02
   4.7794532e-02
   4.0088627e-02
   2.1687705e-02
   4.2174574e-02
   6.5693811e-02
   1.2682104e-01
   1.8138698e-01
   1.2531564e-01
   1.0014573e-01
   7.0534080e-02
   4.0953178e-02
   5.3433478e-02
   7.0960097e-02
   1.7113350e-01
   1.4213073e-01
   6.6811651e-02
   2.4845978e-02
  -1.9335797e-02
   4.2281397e-02
   3.9665595e-02
   1.1565225e-01
   1.3889636e-01
   1.3035099e-01
   1.0323728e-01
   8.8142298e-02
   6.6696867e-02
   2.6260132e-02
   3.9735981e-03
   3.2922979e-02
   6.4567067e-02
   1.0166011e-02
   5.2153900e-02
   5.8106538e-02
   3.8642682e-02
   3.0390983e-02
   6.6439077e-02
   8.7373763e-02
   9.8076709e-02
   7.8228623e-02
   6.8526968e-02
   4.3444101e-02
   3.9833285e-02
   1.9106317e-02
   3.0621924e-02
   3.5698112e-02
   3.8469933e-02
   6.7544736e-02
   7.3191777e-02
   2.8145695e-02
   1.9514052e-02
   1.7605336e-02
   5.0501149e-02
   4.7137924e-02
   3.3131741e-02
   2.8300690e-02
   2.7121056e-02
   5.2586827e-02
   2.6001589e-02
   5.3490523e-02
   2.3087844e-02
   2.8451867e-02
   1.7742673e-02
   8.3266133e-03
   1.5960258e-02
   1.7316166e-02
   7.3216766e-02
   4.3776367e-02
   2.7243359e-02
   2.9212296e-02
   3.1509664e-02
   5.5263363e-02
   5.6280185e-02
   2.8762259e-02
   2.8240234e-02
   4.8078585e-02
   8.3706910e-03
  -1.4802796e-03
   8.6956155e-03
   1.2538185e-02
   4.3770328e-02
   5.4716527e-02
   5.7608791e-02
   6.4363785e-02
   3.5072338e-02
   4.9016159e-02
   1.0024624e-01
   1.8786451e-01
   2.1220841e-01
   9.2691556e-02
   5.0683238e-02
   5.2948069e-02
   7.1316190e-02
   5.5064633e-02
   6.7925125e-02
   7.2450869e-02
   1.3356158e-01
   1.6114414e-01
   1.6436222e-01
   1.4073321e-01
   1.0927024e-01
   1.1173772e-01
   1.7966753e-01
   1.7189214e-01
   1.4489517e-01
   1.8290789e-01
   3.2734933e-01
   3.9631182e-01
   2.0728536e-01
   1.3634489e-01
   2.2333707e-01
   1.9409966e-01
   1.2239681e-01
   1.2345686e-01
   1.1665963e-01
   8.1102870e-02
   4.2500172e-02
   1.0221227e-01
   1.1185793e-01
   6.1856225e-02
   4.0730670e-02
  -2.1481138e-02
   9.4150174e-03
   1.4677896e-02
   4.5507748e-02
   2.1210307e-02
   5.3795356e-02
   4.5937028e-02
   4.1442387e-02
  -1.0150213e-02
   2.0175233e-02
   4.9205363e-02
   5.1114757e-02
   6.6348322e-02
   6.7826211e-02
   4.1129459e-02
   4.7530975e-02
   4.0156573e-02
   3.1990737e-02
   2.2979647e-02
   5.7724569e-02
   1.1275849e-01
   8.2318522e-02
   7.3503971e-02
   6.0302071e-02
   4.7399294e-02
   5.0232649e-02
   4.4130355e-02
   4.4111516e-02
   1.5563888e-02
   3.5477862e-02
   1.2581356e-01
   1.0849956e-01
   2.9990636e-02
   3.1247046e-02
   8.2821243e-02
   8.7087683e-02
   5.6283023e-02
   2.0984479e-03
   4.2022884e-02
   6.6613004e-02
   7.9208143e-02
   4.7560923e-02
   3.7983783e-02
   3.1433128e-02
   1.6810074e-02
   3.9715223e-02
   1.8422544e-01
   3.4181327e-01
   4.0332142e-01
   3.0234528e-01
   1.8232574e-01
   9.7341605e-02
   7.6491362e-03
   1.6950324e-02
   2.9295845e-02
   2.4217218e-02
   6.6705748e-02
   1.5590121e-01
   2.5630668e-01
   1.8302861e-01
   1.4013289e-01
   1.0280121e-01
   9.5780522e-02
   8.1563488e-02
   6.7270435e-02
   6.0151052e-02
   5.4842684e-02
   9.2445076e-02
   5.4039013e-02
   7.0542522e-02
   7.8443483e-02
   9.3473084e-02
   3.9189696e-02
   5.9369091e-02
   5.9319802e-02
   7.1668237e-02
   7.7447191e-02
   6.7925669e-02
   5.7149097e-02
   5.9414126e-02
   2.8815860e-02
   4.1595511e-02
   2.4733720e-02
   3.8081709e-02
   1.7929692e-02
   5.9777375e-02
   3.2071371e-02
   7.1763746e-02
   3.7119888e-02
   5.2603200e-02
   7.6685220e-02
   9.3336008e-02
   5.2798342e-02
   9.9748589e-02
   1.0776644e-01
   8.7937795e-02
   6.8507642e-02
   4.1191604e-02
   4.1652434e-02
   9.6987025e-04
   4.2183138e-02
   1.8353413e-01
   2.0913677e-01
   1.2167905e-01
   9.4868228e-02
   6.6781275e-02
   6.0378227e-02
   3.5040390e-02
   4.6685748e-02
   7.8792468e-02
   1.7842756e-01
   1.7196083e-01
   1.3537964e-01
   1.6218428e-01
   9.1884933e-02
   1.3960735e-01
   2.7693883e-01
   2.5472301e-01
   9.9182881e-02
   2.3205754e-01
   5.4506451e-01
   4.0743420e-01
   1.7359839e-01
   1.1124595e-01
   1.5820283e-01
   1.4184871e-01
   9.1336802e-02
   8.5976943e-02
   5.6890231e-02
   5.6122199e-02
   6.8546735e-02
   6.4201765e-02
   9.2811927e-02
   2.0794986e-02
   7.3940106e-02
   1.3555451e-01
   1.6784313e-01
   1.1077053e-01
   7.7884570e-02
   5.2224886e-02
   1.4016300e-02
   1.9125974e-02
   7.0800088e-02
   6.6546477e-02
   4.4764929e-02
   2.1332959e-02
   7.3207550e-02
   2.4501644e-02
   6.4611840e-03
   4.5293584e-02
   6.6963084e-02
   4.6659414e-02
   6.4042412e-02
   1.6114751e-01
   1.8591146e-01
   1.3124385e-01
   6.7630872e-02
   1.7027980e-02
   1.1240261e-02
   4.8951291e-02
   1.0390654e-01
   2.5381932e-01
   2.4911864e-01
   2.1750802e-01
   2.5046381e-01
   1.6451010e-01
   8.1342772e-02
   5.5000845e-02
   3.0245256e-02
   5.5078372e-02
   9.6306488e-02
   8.6031757e-02
   7.0507936e-02
   8.2268812e-02
   9.4940551e-02
   3.2698870e-02
   1.2390145e-02
  -5.3312979e-03
   1.1922223e-02
   5.1794246e-02
   1.1959472e-01
   1.7680441e-01
   1.1065997e-01
   3.5752837e-02
   4.9993239e-02
  -1.6949588e-02
   3.5721119e-02
   4.2289142e-02
   3.7210576e-02
   5.4754123e-02
   9.5187224e-02
   8.4655300e-02
   8.1398815e-02
   4.9616091e-02
   6.3735560e-02
   1.3329671e-03
   4.1940354e-02
   4.7323782e-02
   2.8856087e-02
   2.4576152e-03
   5.4146271e-02
   8.5519753e-02
   6.1547283e-02
   3.0490121e-02
   4.7075126e-02
   4.9822588e-02
   3.5355221e-02
   1.1731742e-01
   9.2072077e-02
   5.1787399e-02
   3.8374830e-02
   5.8382127e-02
   1.6153362e-01
   2.1893536e-01
   1.5872334e-01
   1.0586593e-01
   6.7289270e-02
   1.8996887e-02
   2.7118823e-02
   1.1063449e-01
   4.5255470e-01
   7.7856445e-01
   7.2690171e-01
   4.3295440e-01
   2.5400487e-01
   1.3027693e-01
   9.2906402e-03
  -1.1289339e-02
   1.2492716e-03
   2.5267817e-02
   8.2068235e-02
   1.7073721e-01
   2.0638412e-01
   1.5030383e-01
   8.2541250e-02
   3.2055311e-02
   1.9668128e-02
   2.7766164e-02
   3.7877001e-02
   1.6275100e-02
   5.9710920e-02
   1.0087535e-01
   6.3862257e-02
   1.3026165e-02
   4.4289816e-02
   1.4861086e-01
   1.6885754e-01
   7.2220735e-02
   6.2441945e-02
   6.4261504e-02
   4.3911111e-02
   6.8503477e-02
   1.8163872e-01
   4.8254743e-01
   6.7852306e-01
   4.0749103e-01
   2.6267299e-01
   1.7248745e-01
   1.0161333e-01
   8.1973605e-02
   4.7437597e-02
   1.6042978e-02
   6.0449917e-02
   1.8886313e-01
   3.9487928e-01
   4.4162795e-01
   3.6657202e-01
   1.8293558e-01
   4.8880454e-02
  -1.7129708e-02
   4.6116798e-04
   9.4438389e-02
   3.2289138e-01
   3.9807579e-01
   3.5089657e-01
   2.4246797e-01
   1.7481279e-01
   1.0055596e-01
   3.9907470e-02
   5.7802439e-02
   5.4932572e-02
   7.4129693e-02
   1.5989412e-01
   3.1011271e-01
   5.5115789e-01
   5.2236688e-01
   3.4738249e-01
   2.1405660e-01
   3.9731331e-02
   2.3205642e-02
   1.1141156e-01
   5.0877112e-01
   1.1763127e+00
   1.4520265e+00
   1.0590574e+00
   7.2603095e-01
   6.8738055e-01
   6.6350073e-01
   4.3889326e-01
   2.1137607e-01
   6.1874529e-03
   3.3829607e-02
   6.9154555e-01
   2.8157132e+00
   5.0679851e+00
   4.7993169e+00
   2.6395850e+00
   1.0972037e+00
   3.8350040e-01
   2.3252001e-01
   2.0407603e+00
   1.2022072e+01
   2.4704393e+01
   2.4592499e+01
   1.4599900e+01
   6.2343359e+00
   1.9845730e+00
   5.4002661e-01
   9.5588535e-02
  -1.1347164e-02
   4.5714203e-01
   3.1178625e+00
   6.2186036e+00
   6.4301372e+00
   4.0453200e+00
   1.7116691e+00
   4.3159249e-01
  -4.1293364e-02
   9.7771905e-02
   6.2330145e-01
   1.0106555e+00
   1.4654710e+00
   2.0344191e+00
   1.6510638e+00
   8.0368441e-01
   2.1184663e-01
   1.1228339e-01
   1.1505638e-01
   5.9599340e-02
   3.5365355e-01
   4.4053975e-01
   5.3784078e-01
   7.0691627e-01
   9.4532013e-01
   1.2873042e+00
   1.1671298e+00
   5.5978143e-01
   2.4274256e-02
  -2.5955962e-02
   1.4448059e-01
   2.9256693e-01
   3.1331164e-01
   2.9633227e-01
   2.3665349e-01
   1.6204824e-01
   1.7192678e-01
   1.4060444e-01
   1.1035902e-01
   1.6951984e-01
   2.5593624e-01
   1.9252238e-01
   1.6002049e-01
   1.3499254e-01
   1.1004398e-01
   1.2981167e-01
  -2.4997077e-03
  -7.1155474e-02
  -1.5128506e-02
   1.4080772e-02
   9.7926602e-02
   1.2677224e-01
   6.2218145e-02
  -6.9614530e-02
  -1.5519907e-01
  -1.1108472e-01
   4.4769872e-02
   2.8558737e-01
   6.1381298e-01
   6.5277946e-01
   3.4168378e-01
   1.0844211e-01
   1.3534833e-01
   5.2713531e-01
   1.5418307e+00
   1.8191695e+00
   1.1756278e+00
   4.9124885e-01
   2.4566992e-01
   4.5577422e-01
   9.7659421e-01
   1.0435967e+00
   6.0587370e-01
   3.1118679e-01
   4.2390370e-01
   4.1661856e-01
   4.2368630e-01
   2.1222122e+00
   5.0413990e+00
   5.6188550e+00
   3.6592019e+00
   1.6152157e+00
   5.5174243e-01
   1.5198892e-01
   3.1422202e-03
   5.9812974e-02
   1.0747783e-01
   6.1096418e-01
   1.4001756e+00
   1.5841732e+00
   9.9175632e-01
   4.6690199e-01
   1.3255820e-01
  -3.2611635e-02
   2.5669711e-02
   1.5489174e-01
   2.6323345e-01
   4.5893788e-01
   5.6402349e-01
   4.3475339e-01
   2.1494277e-01
   1.0638416e-01
  -2.2717012e-02
  -3.9926868e-02
   1.0279453e-02
   1.5827955e-01
   2.0202003e-01
   2.4888015e-01
   2.8236133e-01
   2.8923011e-01
   3.5058630e-01
   3.4548262e-01
   2.0246263e-01
   7.5874761e-02
   1.4109286e-02
   8.8803291e-02
   1.0541485e-01
   1.3544305e-01
   1.0409742e-01
   2.0662237e-02
   2.6986761e-02
   9.6557982e-02
   6.0370859e-02
   1.1055959e-01
   1.3284902e-01
   1.2751769e-01
   1.4983349e-01
   1.3664289e-01
   1.4463767e-01
   8.1665806e-02
  -7.7247107e-03
   2.3205727e-03
   3.1083023e-02
   9.8464631e-02
   1.9488816e-01
   2.2332087e-01
   1.8666348e-01
   3.1998552e-02
   5.9890553e-02
   9.3952507e-02
   1.6567878e-01
   2.9576549e-01
   3.6563444e-01
   3.8368049e-01
   2.7580887e-01
   1.3816923e-01
   1.1407860e-01
   4.2395613e-01
   6.5203214e-01
   5.8965659e-01
   3.1839240e-01
   2.1981582e-02
   1.5219728e-02
   6.8740821e-01
   1.7360613e+00
   2.1163712e+00
   1.5045253e+00
   7.4115896e-01
   2.6116061e-01
   1.2022971e-01
   8.7214744e-01
   3.5882943e+00
   5.9241643e+00
   5.3918891e+00
   3.0865538e+00
   1.5017651e+00
   6.0785711e-01
   2.6564768e-01
   2.1423535e-01
   2.3586984e-01
   5.7532197e-01
   1.2550135e+00
   1.5818248e+00
   1.3646463e+00
   8.5440868e-01
   4.2930749e-01
   2.6991907e-01
   1.6242260e-01
   2.4718931e-01
   3.0869728e-01
   3.7241948e-01
   4.5604226e-01
   4.5269874e-01
   2.5657025e-01
   1.7723380e-01
   9.5617428e-02
   7.8617610e-02
   5.5489678e-02
   1.1261831e-01
   1.3936858e-01
   1.6073713e-01
   2.1824658e-01
   1.3105734e-01
   1.3592200e-01
   1.0124577e-01
   6.4553775e-02
  -2.1431735e-03
   2.5858678e-02
  -9.7050425e-03
   5.7281859e-02
   1.1552263e-01
   1.4910933e-01
   6.4440139e-02
   3.5583016e-02
   1.4431925e-02
   2.3101913e-02
   6.3510582e-02
   8.1833258e-02
   9.1733977e-02
   1.0935302e-01
   1.0761352e-01
   8.4170148e-02
   7.1998268e-02
   3.3570636e-02
   1.2813792e-02
  -2.8001845e-02
   3.5303526e-02
   1.1231775e-01
   2.1791916e-01
   1.8273585e-01
   7.1738385e-02
   2.8555134e-02
   4.4429105e-02
   2.1594480e-02
   1.4734372e-01
   1.8832053e-01
   2.1227980e-01
   1.7389530e-01
   1.0766752e-01
   8.0843799e-02
   1.5520675e-01
   1.5715867e-01
   2.0002520e-01
   1.6073593e-01
   6.1730929e-02
   2.5377620e-02
   1.5056553e-01
   4.1169643e-01
   6.2084913e-01
   4.8651987e-01
   2.5208288e-01
   1.0381245e-01
   3.5555836e-02
   1.5821023e-01
   7.3177719e-01
   1.3422899e+00
   1.3854598e+00
   8.5663283e-01
   4.8852184e-01
   2.8647503e-01
   1.1065024e-01
   5.8264431e-02
   6.7430548e-02
   1.5782546e-01
   3.4089297e-01
   4.6951765e-01
   4.3740621e-01
   2.5874415e-01
   1.5267189e-01
   1.5084155e-01
   1.1795187e-01
   1.1644368e-01
   1.0674988e-01
   1.0068931e-01
   2.1406099e-01
   1.6171139e-01
   1.3070016e-01
   1.1248203e-01
   4.7213528e-02
   1.9770311e-02
   6.0930885e-02
   6.8218380e-02
   7.3231637e-02
   6.9989398e-02
   5.9370123e-02
   6.5541513e-02
   1.0471603e-01
   9.0492852e-02
   9.0828076e-02
   5.3830206e-02
   3.3894189e-02
   8.0538511e-02
   7.0573449e-02
   6.2699750e-02
   7.8057721e-02
   7.8343824e-02
   4.0804844e-02
   8.7898083e-02
   5.1451772e-02
  -5.4712873e-03
   3.4675501e-02
   6.3107215e-02
   9.8420464e-02
   9.9646829e-02
   5.2049179e-02
   7.7322200e-02
   1.0652465e-01
   8.1817068e-02
   2.4785152e-02
   4.0229023e-02
   8.4587373e-02
   1.0712596e-01
   1.0768925e-01
   1.0735124e-01
   4.7786593e-02
   7.4643552e-02
   1.0488282e-01
   1.1714596e-01
   1.0706869e-01
   8.3394036e-02
   2.5264086e-02
   2.2950565e-02
   4.7600951e-02
   9.0422548e-02
   1.1787620e-01
   1.1450773e-01
  -1.0955315e-02
  -1.0373749e-02
   3.0773122e-02
   1.3870004e-01
   2.4665388e-01
   3.5250014e-01
   2.3394366e-01
   6.8580784e-02
  -1.2472216e-02
  -8.4361741e-03
   1.3624606e-01
   4.3190974e-01
   4.7841281e-01
   4.0402368e-01
   2.1152633e-01
   1.0109532e-01
   6.1141327e-02
   7.8527108e-02
   1.7835733e-01
   2.3469681e-01
   2.1589643e-01
   1.8296173e-01
   1.4894971e-01
   8.1701055e-02
   1.3395701e-01
   1.2662844e-01
   1.7193505e-01
   1.7933263e-01
   1.0614961e-01
   6.7519508e-02
   1.1099862e-01
   2.7312893e-01
   3.6528870e-01
   3.2037657e-01
   2.3227245e-01
   7.3255040e-02
   4.7363108e-03
   8.4775664e-02
   3.5880220e-01
   4.9877957e-01
   4.1640860e-01
   2.3738508e-01
   1.1924466e-01
   3.8957294e-02
   7.3363587e-02
   6.3787228e-01
   1.4574080e+00
   1.6891834e+00
   1.1567714e+00
   4.8097876e-01
   1.1230674e-01
   1.6657647e-02
   2.0943393e-01
   5.1143640e-01
   5.9699255e-01
   4.9777266e-01
   4.2536196e-01
   2.8171986e-01
   1.5240324e-01
   1.5362962e-01
   2.9461971e-01
   2.9491019e-01
   2.4557342e-01
   1.8626717e-01
   1.1895020e-01
   8.3511665e-02
   1.0408747e-01
   7.8790560e-02
   1.2787559e-02
  -2.7833508e-02
   4.9350947e-02
   9.4369441e-02
   1.6810220e-01
   8.9007959e-02
   2.5029285e-02
   3.3642936e-02
   1.0117479e-01
   1.0027944e-01
   1.1904050e-01
   1.2062117e-01
   9.3345791e-02
   7.3905982e-02
   2.0667143e-02
  -1.5398635e-02
   4.5427121e-02
   1.2331390e-01
   1.6751660e-01
   1.5621568e-01
   1.1586794e-01
   6.9468990e-02
   4.8678059e-02
   1.0044474e-01
   1.0667654e-01
   1.6871344e-01
   1.3355705e-01
   1.3622199e-01
   8.6964801e-02
   6.7864396e-02
   5.1873751e-02
   5.5800304e-02
   3.7426434e-02
   8.3079472e-02
   3.7836675e-02
   3.5142809e-02
   3.0545855e-04
   1.1914401e-04
   1.1523192e-02
   5.1235165e-02
   1.2200947e-02
   4.1269667e-02
   9.9648029e-02
   6.7126475e-02
   5.4617971e-02
   1.5217215e-01
   1.1274479e-01
   1.0598437e-01
   8.0218323e-02
   6.9969550e-02
   5.7242319e-02
   1.2206706e-01
   1.1213914e-01
   8.8777408e-02
   8.8961348e-02
   9.8990109e-03
   2.9066725e-02
   2.8200503e-02
   1.9138238e-01
   4.5615253e-01
   5.0465173e-01
   3.0935234e-01
   8.1815213e-02
   1.9835930e-02
   8.5172080e-02
   1.0535049e-01
   1.8289609e-01
   1.7836745e-01
   1.7594729e-01
   2.0218903e-01
   1.7709160e-01
   1.1583530e-01
   1.1462685e-01
   1.7077823e-01
   1.4473812e-01
   5.2425675e-02
   1.2231179e-01
   1.6709739e-01
   2.7819285e-01
   2.3842423e-01
   6.6605918e-02
   4.0326919e-03
   6.6627130e-02
   1.8449070e-01
   3.2524979e-01
   3.6056468e-01
   3.0882549e-01
   1.8945484e-01
   9.5456615e-03
   5.8453426e-02
   1.6822459e-01
   4.7222370e-01
   6.5841687e-01
   6.6301596e-01
   4.4811431e-01
   1.5255603e-01
   8.9802414e-02
   3.0089006e-01
   5.5912375e-01
   6.6749686e-01
   7.1098858e-01
   5.5559665e-01
   3.5321710e-01
   3.3383909e-01
   6.9482398e-01
   1.0598710e+00
   9.9496144e-01
   6.0801357e-01
   3.2391196e-01
   3.5730038e-02
   1.9186644e-01
   9.1961884e-01
   1.4649874e+00
   1.3162133e+00
   7.1822023e-01
   2.0169389e-01
  -4.0170539e-02
   2.0619245e-01
   1.4750943e+00
   3.2400203e+00
   3.4412773e+00
   2.3021576e+00
   9.4717115e-01
   2.5363255e-01
   3.1678882e-01
   1.0609595e+00
   1.8298057e+00
   1.7866832e+00
   1.5007845e+00
   9.8019922e-01
   6.3343853e-01
   5.1118845e-01
   8.7994492e-01
   1.1005822e+00
   1.0343404e+00
   7.7821231e-01
   4.3833798e-01
   2.9326224e-01
   4.1197866e-01
   7.8116810e-01
   8.3850759e-01
   5.7614487e-01
   3.6504209e-01
   2.5535256e-01
   2.2143927e-01
   2.0618947e-01
   1.3322467e-01
   1.3170150e-01
   2.0215583e-01
   2.7217799e-01
   2.7135396e-01
   2.4863480e-01
   1.9366454e-01
   1.1564094e-01
   1.3457510e-01
   1.1598966e-01
   1.1497223e-01
   9.6169218e-02
   1.1943781e-01
   6.7321174e-02
   3.9059877e-02
   8.5177302e-02
   1.3137643e-01
   9.3966812e-02
   1.5795700e-01
   1.4632952e-01
   5.4114424e-02
   7.2804041e-02
   5.5641830e-02
   2.9116834e-02
   1.8815129e-03
   5.7192236e-02
   2.2353308e-01
   2.7437457e-01
   1.7147663e-01
   9.0142936e-02
  -1.0577234e-02
   4.3067172e-02
   2.3385619e-01
   2.4338773e-01
   3.2246083e-01
   3.8614729e-01
   2.6874542e-01
   1.9866362e-01
   2.6058719e-01
   3.1150207e-01
   3.1202245e-01
   2.3632151e-01
   6.4137042e-02
  -5.0360342e-03
   1.5116960e-01
   4.1172948e-01
   3.9276335e-01
   2.4736647e-01
   1.3489446e-01
  -1.5580410e-03
   2.2638632e-02
   3.1013650e-01
   8.1676149e-01
   1.1737773e+00
   9.9069983e-01
   5.3743750e-01
   8.4120028e-02
   1.2315042e-02
   1.8835090e-01
   4.3111888e-01
   5.0428140e-01
   4.8939434e-01
   4.9104956e-01
   2.7045831e-01
   1.9297259e-01
   2.2200604e-01
   2.8380027e-01
   2.7720299e-01
   2.1378227e-01
   1.8927208e-01
   1.3511321e-01
   2.0810214e-01
   2.6108754e-01
   3.3985233e-01
   2.8606164e-01
   2.2357017e-01
   1.4412016e-01
   1.0270282e-01
   1.3633919e-01
   6.9383316e-02
   3.6975484e-02
   8.8913873e-02
   4.9380455e-02
   7.1455114e-02
   1.0654362e-01
   1.2585899e-01
   1.6186854e-01
   1.4390491e-01
   1.2841140e-01
   1.2046393e-02
  -4.8326384e-03
   2.0755168e-02
   1.5386092e-02
   3.6085527e-02
   2.6062783e-02
   4.5593958e-02
   1.0781150e-01
   5.8067430e-02
   4.8666347e-02
   7.4230537e-02
   5.4641142e-02
   3.0084828e-02
   1.5600928e-02
  -2.8833987e-03
   9.6129917e-02
   1.1543198e-01
   9.2111573e-02
   6.8993285e-02
   3.3476375e-02
   1.6426858e-02
   2.4732945e-02
  -3.4050401e-03
   5.9959712e-03
   8.0047213e-02
   1.7351355e-01
   1.4058925e-01
   1.0929078e-01
   4.9950033e-02
   1.7356981e-02
   3.2200661e-02
   8.6763315e-02
   3.0251664e-01
   5.1331466e-01
   5.7222760e-01
   4.1796449e-01
   2.5275123e-01
   1.1055715e-01
   1.1590556e-01
   9.4133019e-02
   1.6091837e-01
   3.9406073e-01
   6.7190278e-01
   6.5535158e-01
   3.7989360e-01
   1.8965538e-01
  -2.4403578e-03
   2.2659268e-02
   1.1031019e-01
   2.1824394e-01
   2.8044277e-01
   3.0358654e-01
   1.8820705e-01
   9.1568962e-02
   9.4661340e-02
   1.4399356e-01
   1.5517808e-01
   1.3310760e-01
   8.7353751e-02
   4.4904284e-02
   5.6374930e-02
   1.1039898e-01
   1.6635571e-01
   1.5674636e-01
   1.1244461e-01
   7.5483993e-02
   7.8037806e-02
   1.0753480e-01
   7.8923330e-02
   4.4813883e-02
   9.8825067e-02
   1.0895108e-01
   7.6330893e-02
   7.2160780e-02
   3.6107022e-02
   4.9962338e-02
   3.1227799e-02
   6.4974934e-02
   6.4598195e-02
   7.0591807e-02
   6.4949542e-02
   7.0780553e-02
   2.9515274e-02
   4.5518391e-02
   9.3718812e-02
   6.6334002e-02
   8.2982659e-02
   8.2093455e-02
   3.5763446e-02
   5.9701703e-02
   2.2625932e-02
   3.0806292e-02
   1.5038788e-02
   2.6274193e-02
   1.9651677e-02
   9.6751548e-02
   6.2706485e-02
   1.5206344e-02
   6.1848689e-02
   4.1627571e-02
   4.0224887e-02
   6.5427966e-02
   7.7916726e-02
   9.2286333e-02
   9.2427626e-02
   6.7460142e-02
   7.8695752e-02
   7.6099202e-02
   4.2066015e-02
   3.3878695e-02
   9.9175662e-02
   1.3969214e-01
   1.5053591e-01
   1.2363569e-01
   4.1021597e-02
   3.4712125e-02
   1.2357415e-02
   3.6240179e-02
   5.5616990e-02
   1.0639232e-01
   2.0563793e-01
   2.2266263e-01
   2.0225313e-01
   9.1950983e-02
   1.7329413e-02
   4.2571921e-02
   9.2959061e-02
   9.0906046e-02
   1.4221850e-01
   1.3398577e-01
   6.1590545e-02
   1.2121646e-02
   9.6248081e-03
   6.5020889e-02
   8.7650329e-02
   7.9785407e-02
   6.8994179e-02
   4.4252004e-02
   4.6116803e-02
   6.7296974e-02
   9.9480174e-02
   9.8994553e-02
   5.6984659e-02
   3.6653318e-02
   9.1882180e-03
   2.2599110e-02
   7.8190580e-02
   1.0445879e-01
   6.7247361e-02
   4.0688571e-02
   6.5576181e-02
   4.1843489e-02
   5.7849899e-02
   8.7237164e-02
   4.6179175e-02
   3.7344091e-02
   3.7928332e-02
   3.2706734e-02
   4.1486248e-02
   2.4752712e-02
   5.5994436e-02
   2.2643132e-02
   2.2820627e-02
   7.1035475e-02
   5.0900072e-02
   2.3631824e-02
   2.8554654e-02
   1.8006949e-02
   2.1326868e-02
   8.3581861e-03
   2.7740495e-02
   4.8886288e-02
   7.0290677e-02
   5.7729594e-02
   8.0738459e-03
   2.3705924e-02
   2.5540836e-02
   4.8616301e-02
   7.3704690e-02
   6.4671859e-02
   4.5387302e-02
   5.9610169e-02
   7.2869658e-02
   1.4621190e-02
  -1.8497029e-02
   3.6463603e-02
   5.0436899e-02
   1.9248692e-02
   9.7463191e-02
   7.7376336e-02
   9.4786808e-02
   7.0109777e-02
   5.0461102e-02
   1.9486798e-02
   4.7585629e-02
   7.0077054e-02
   6.1855894e-02
   1.1117224e-01
   1.5705632e-01
   1.1929770e-01
   8.0436006e-02
   6.8311781e-02
   4.0514525e-02
   5.9029199e-02
   9.8367296e-02
   6.7873463e-02
   6.2354930e-02
   3.6857292e-02
   1.0914444e-02
   4.0435746e-02
   8.1677623e-02
   4.5156013e-02
   6.3183583e-02
   5.1910993e-02
   2.9924940e-02
   4.7471210e-02
   3.0853203e-02
   6.0777627e-02
   7.8994311e-02
   6.0892768e-02
   4.0231708e-02
   1.0964363e-02
   2.6600964e-02
   3.7248753e-02
   6.1694529e-02
   5.8129374e-02
   6.6031069e-02
   7.3316738e-02
   4.1637965e-02
   3.9518971e-02
   4.1764367e-02
   4.4587765e-02
   4.8860040e-02
   3.5574540e-02
   4.7915556e-02
   3.9311837e-02
   1.8551221e-02
  -2.5990319e-03
   1.2552102e-02
   2.6272876e-02
   5.3200632e-02
   4.1594692e-02
   4.6561193e-02
   4.0757205e-02
   6.2615067e-02
   6.5128475e-02
   2.2276578e-02
   1.8661458e-02
   3.0127035e-02
   1.8363491e-02
   4.5500189e-02
   4.5339230e-02
   3.3225834e-02
   5.4450892e-02
   6.2487010e-02
   2.2405725e-02
   3.5291284e-02
   4.2809974e-02
   4.6854530e-02
   2.8723424e-02
   3.6520857e-02
   3.3151608e-02
   1.4371159e-02
   4.3443829e-02
   3.3320110e-02
   3.9420374e-02
   3.8567439e-02
   6.3556418e-02
   4.1820716e-02
   7.1972436e-03
   4.0652964e-02
   2.3011377e-02
   2.8148001e-02
   5.0063416e-02
   4.1679177e-02
   5.8521088e-02
   5.4069903e-02
   2.2574984e-02
   4.1096784e-02
   6.4186566e-02
   4.7430623e-02
   4.4357214e-02
   5.6011032e-02
   6.0337573e-02
   2.3254059e-02
   1.9841677e-02
   4.9012154e-02
   5.1517572e-02
   2.9083453e-02
   3.2780558e-02
   2.0694010e-02
   4.4704590e-02
   2.7997544e-02
   2.6668718e-02
   6.9460094e-02
   5.4150686e-02
   4.9522102e-02
   7.0567809e-02
   3.8333785e-02
   1.0321471e-02
   2.0575764e-02
   1.0495634e-02
   1.3719175e-02
   9.0527385e-03
   2.1969365e-02
   2.5934774e-02
   5.9134625e-02
   6.2112819e-02
   5.5209626e-02
   4.7086958e-02
   5.3652205e-02
   4.2545378e-02
   4.0534053e-02
   3.4683488e-02
   2.5208309e-02
   4.4085357e-02
   4.3973044e-02
   1.6971728e-02
   1.4278878e-02
   2.5086397e-02
   4.4762485e-02
   2.9507790e-02
   3.4491427e-02
   6.6655524e-02
   6.6672347e-02
   5.7468280e-02
   3.0860290e-02
   3.5199165e-02
   6.2527865e-02
   2.7008301e-02
   2.1992255e-02
   4.2116959e-02
   4.0619306e-02
   3.6835726e-02
   1.6880637e-02
   2.9208416e-02
   4.0635858e-02
   2.5419143e-03
   2.7068872e-02
   4.5000203e-02
   4.2140990e-02
   6.9878295e-02
   6.3403659e-02
   3.4393355e-02
   3.1214163e-02
   2.0188132e-02
   2.1549132e-02
   2.7230037e-02
   3.2490533e-02
   3.5768371e-02
   3.4833100e-02
   4.4373862e-02
   3.5186332e-02
   3.5303961e-02
   7.0823580e-02
   6.9828056e-02
   8.6804390e-02
   1.0497905e-01
   9.0558529e-02
   7.6780938e-02
   3.5407748e-02
   1.3879754e-02
   2.8428156e-02
   4.7502868e-02
   7.0753127e-02
   7.0092082e-02
   7.5134203e-02
   5.4744590e-02
   3.7067540e-02
   5.1945694e-02
   7.7581387e-03
   9.0497155e-03
   4.9012925e-02
   1.9278362e-02
   5.5231337e-02
   6.8073422e-02
   4.1688938e-02
   5.5640810e-03
   2.0370666e-02
   3.3615407e-02
   7.5818896e-02
   5.2105945e-02
   3.0555231e-02
   5.1057454e-02
   4.5829054e-02
  -6.4133857e-03
   3.3962104e-02
   4.3312814e-02
   2.2806574e-02
   7.0699289e-02
   9.7224616e-02
   5.0905190e-02
   2.9315740e-02
   5.2805662e-02
   5.5087697e-02
   4.2728949e-02
   3.7356023e-02
   4.7171213e-02
   5.8539115e-02
   5.7698388e-02
   6.6051945e-02
   7.5868003e-02
   5.4941155e-02
   1.6893692e-02
   2.8088419e-02
   2.7643831e-02
   4.9128819e-02
   4.8946269e-02
   6.5478422e-02
   9.1687933e-02
   9.3851656e-02
   5.6195136e-02
   7.9242840e-02
   5.1811486e-02
   5.3683013e-02
   7.8367658e-02
   2.2837866e-02
   4.1074190e-02
   1.6014247e-01
   2.6373723e-01
   2.6300114e-01
   1.7156535e-01
   4.5977760e-02
   8.3790440e-03
   6.1940026e-02
   4.9534842e-01
   1.1198121e+00
   1.1425405e+00
   6.6813964e-01
   2.6624876e-01
   5.5113833e-02
   1.1583300e-01
   3.5024306e-01
   4.8152733e-01
   4.6651539e-01
   5.0094247e-01
   3.6382610e-01
   2.3879887e-01
   1.2728874e-01
   7.3765352e-02
   9.8247029e-02
   1.4916614e-01
   1.9677447e-01
   2.6401949e-01
   2.0012631e-01
   1.4172120e-01
   1.0433216e-01
   5.1363181e-02
   4.4456959e-02
   5.6418162e-02
   6.3531719e-02
   9.2784919e-02
   1.1770259e-01
   5.7871833e-02
   9.1499321e-02
   3.1426169e-02
   3.4506842e-02
   3.1502400e-02
   6.4891353e-02
   7.8993075e-02
   7.8397252e-02
   2.7355468e-02
   3.9532363e-02
   3.2519583e-02
   2.3156039e-02
   4.2322140e-02
   4.9640246e-02
   6.7212775e-02
   6.5212443e-02
   4.0983558e-02
   4.1512925e-02
   3.6643543e-03
  -9.2940722e-03
   4.2730458e-02
   6.4577110e-02
   6.4024918e-02
   7.7133119e-02
   6.9345854e-02
   4.1275840e-02
   2.6218852e-02
   9.9469637e-03
   2.8947487e-02
   3.6720701e-02
   5.4327756e-02
   3.4749862e-02
   4.2555097e-02
   3.1478658e-02
   4.5047455e-02
   5.5737253e-02
   3.6458250e-02
   5.0810076e-02
   3.6507916e-02
   5.8005892e-02
   7.4094549e-02
   9.2176184e-02
   3.9780855e-02
   2.8665282e-02
   1.4951589e-02
   2.2925222e-02
   7.6591812e-02
   1.9842044e-01
   2.6542571e-01
   1.9175959e-01
   9.9812642e-02
   3.9512210e-02
   1.6357699e-02
   9.1704220e-02
   9.9045642e-02
   1.0455737e-01
   1.1961178e-01
   1.0667960e-01
   1.0363685e-01
   6.2627204e-02
   2.5471341e-02
   2.8266171e-02
   3.9661366e-02
   4.6528220e-02
   4.5186572e-02
   3.1887360e-02
   5.1830728e-02
   7.4260898e-02
   5.0474070e-02
   8.0986544e-03
   4.1708693e-02
   6.9559000e-02
   2.7021045e-02
   1.1752965e-03
   4.6960454e-02
   5.2248619e-02
   4.9526200e-02
   3.2624956e-02
   5.4575913e-02
   3.9084576e-02
   3.2425266e-02
   1.2772764e-02
   3.3134077e-02
   3.9531704e-02
   2.6899965e-02
   4.2873833e-02
   6.9515586e-02
   7.9258360e-02
   3.9474793e-02
   5.2497923e-02
   6.2575378e-02
   5.4448564e-02
   4.4848010e-02
   3.6123268e-02
   3.2240927e-02
   2.8845064e-02
   2.7395021e-02
   1.0699788e-02
   3.9049886e-02
   7.1009211e-02
   1.9314433e-02
   1.7914422e-02
   5.9257679e-02
   4.5790255e-02
   4.5166690e-02
   6.0182828e-02
   4.4534370e-02
   2.9311880e-02
   1.4360753e-02
   2.0303676e-02
   2.5332445e-02
   5.0491583e-02
   4.0591810e-02
   3.7639774e-02
   5.3893026e-02
   4.0135153e-02
   5.8648992e-02
   5.4913796e-02
   4.1739095e-02
   1.0638840e-02
   4.0861540e-02
   7.6650903e-02
   5.8762826e-02
   3.0002752e-02
   3.1261154e-02
   4.9035139e-02
   3.0036410e-02
   3.4445979e-02
   7.0032582e-02
   5.6346130e-02
   8.2107753e-02
   3.3071656e-02
   4.0884800e-02
   5.5944543e-02
   3.4507036e-02
   5.6410894e-02
   1.5439703e-02
   2.6271438e-02
   5.3184070e-02
   4.3071505e-02
   3.4729980e-02
   2.7166529e-02
   3.0357532e-02
   5.0613105e-02
   1.8471451e-02
   4.3749977e-02
   4.5547847e-02
   3.3229031e-02
   2.4182798e-02
   4.0360752e-02
   3.8188476e-02
   1.8591776e-02
   4.4665497e-02
   3.9644092e-02
   2.5805766e-02
   4.8211422e-02
   4.3020871e-02
   5.8107521e-02
   2.9535878e-02
  -4.5849853e-03
   3.1579532e-02
   3.4689181e-02
   2.2872478e-02
   4.0086675e-02
   7.4046087e-03
   3.2593783e-02
   4.0667988e-02
   3.8569603e-02
   1.5967220e-02
   2.0170644e-02
   3.5238292e-02
   4.8043955e-02
   2.5740154e-02
   1.6131779e-02
   4.5789070e-02
   5.4644655e-02
   2.2421129e-02
   7.1918048e-02
   5.6545686e-02
   2.3046443e-02
   2.6075857e-02
   5.2364986e-02
   2.8227678e-02
   1.2097909e-02
   1.7720254e-02
   2.9644767e-02
   1.7784456e-02
   2.4019765e-02
   3.8035270e-02
   4.2651284e-02
   2.1815499e-02
   2.4833277e-02
   2.7987743e-02
   5.1572777e-02
   4.7161065e-02
   5.9308715e-02
   5.9913687e-02
   2.5407521e-02
   1.7902197e-02
   3.6412500e-02
   4.2403899e-02
   4.4885885e-02
   7.4867144e-02
   6.3883401e-02
   2.8910428e-02
   3.9510339e-02
   1.2112052e-02
   2.9584641e-02
   3.5228509e-02
   5.8239460e-02
   3.0159758e-02
   2.3801712e-02
   3.1889439e-02
  -3.7695500e-03
   1.9374175e-02
   3.4516744e-02
   4.8802625e-02
   4.9381513e-02
   5.7302281e-02
   4.8119031e-02
   3.3109263e-02
   3.5190407e-02
   2.5921863e-02
   3.1094365e-02
   5.3299773e-02
   4.5737088e-02
   4.7022194e-02
   2.7846975e-02
   1.0277138e-02
   4.4349968e-02
   4.7767483e-02
   4.1231729e-02
   4.6170294e-02
   1.4573205e-02
   1.9267855e-02
   2.4493275e-02
   1.6461318e-02
   2.4447523e-02
   1.8692913e-02
   2.7524745e-02
   3.5400880e-03
   3.2782495e-02
   3.4632664e-02
   3.3837423e-02
   5.2839108e-02
   5.1791992e-02
   4.8059456e-02
   3.8066391e-02
   4.0114731e-02
   2.1447806e-02
   2.6213979e-02
   1.2932636e-02
   2.6230153e-02
   4.7083363e-02
   3.0878231e-02
   2.4886798e-02
   2.0132026e-02
   5.6113385e-02
   3.2779735e-02
