  -4.1150865e-03
   1.5359754e-02
   2.4380615e-02
   2.0985939e-02
   2.1381278e-02
   4.2636380e-02
   3.6476564e-02
   4.1189618e-02
   6.8715200e-02
   3.4214608e-02
   2.6194874e-02
   1.6347125e-02
   1.8073022e-02
   1.8510746e-02
   3.7770434e-03
   1.5971612e-02
   3.4151863e-02
   4.3188311e-02
   4.2850338e-02
   5.0606020e-02
   4.3416332e-02
   1.7783199e-02
   1.0948442e-02
   4.0446855e-02
   3.3830889e-02
   4.8950125e-02
   5.3290129e-02
   6.0966529e-02
   6.0435824e-02
   7.9941154e-02
   7.9424344e-02
   4.4300463e-02
   4.2446859e-02
   3.4273565e-02
   4.4804193e-02
   7.2596796e-02
   4.5445573e-02
   3.9533511e-02
   5.2188803e-02
   5.6407310e-02
   6.1802015e-02
   5.1752090e-02
   4.1039746e-02
   2.3233799e-02
   4.8554268e-02
   2.0045860e-02
   1.9276600e-02
   5.2350401e-03
   1.1171315e-02
   3.5144009e-02
   3.0873561e-02
   3.8818438e-02
   4.8999429e-02
   4.6629522e-02
   2.0843348e-02
   1.7862516e-02
   2.7728941e-02
   1.7837526e-02
   2.1386826e-02
   3.3643570e-02
   1.4222540e-02
   3.9836947e-02
   3.0025292e-02
   4.0911686e-02
   4.0194698e-02
   2.0757765e-02
   3.7872266e-02
   2.8014099e-02
   2.3698237e-02
   1.9597480e-02
   5.2114010e-02
   6.4906463e-02
   4.7450840e-02
   5.1262390e-02
   2.9751536e-02
   3.3488709e-02
   5.2409429e-02
   4.2378325e-02
   4.6000540e-02
   3.9759003e-02
   2.2221865e-02
   3.3279147e-02
   2.1579575e-02
   1.5133902e-02
   2.9791813e-02
   3.6564499e-02
   3.7947293e-02
   2.4349678e-02
   2.3028059e-02
   3.2419488e-02
   2.1957278e-02
   4.6567101e-02
   4.3479081e-02
   8.0632437e-03
   4.3017995e-02
   3.6329377e-02
   5.0911866e-02
   4.2502161e-02
   4.5122463e-02
   3.9663780e-02
   3.6992822e-02
   5.7638943e-02
   2.5781482e-02
   3.2485917e-02
   2.6835067e-02
   2.3982372e-02
   3.4134224e-02
   6.2407617e-02
   6.9643073e-02
   5.0533876e-02
   3.1811651e-02
   3.8401987e-02
   4.9317326e-02
   5.0775260e-02
   8.0100723e-02
   9.1102518e-02
   5.2775171e-02
   3.0015210e-02
   4.2760205e-02
   3.4601629e-02
   5.3874649e-02
   4.4167560e-02
   4.9129967e-02
   4.7013380e-02
   4.4321373e-02
   3.3390347e-02
   3.5135843e-02
   1.2958279e-02
   5.4915182e-02
   7.3588386e-02
   3.4714915e-02
   3.5842896e-02
   3.3189733e-02
   3.0899953e-02
   2.8851384e-02
   2.5674025e-02
   1.7289199e-02
   2.8585026e-03
   2.6738549e-02
   4.1910686e-02
   1.2390923e-02
   2.8959069e-02
   4.6455529e-02
   8.0959182e-03
  -5.8592348e-03
   1.0570063e-02
   1.3629328e-02
   4.2511426e-02
   3.5064682e-02
   5.2617066e-02
   5.8964953e-02
   7.0489332e-02
   5.0341520e-02
   2.7666401e-02
   4.5358729e-02
   5.5097759e-02
   5.2493293e-02
   4.8839569e-02
   2.9365880e-02
   6.2445756e-03
   5.7096859e-03
   6.0734577e-02
   7.2312027e-02
   3.4292333e-02
   2.5320008e-02
   3.5577223e-02
   3.6718849e-02
   1.8999245e-02
   3.3867054e-02
   5.6520827e-02
   4.7855061e-02
   4.9706247e-02
   6.9568090e-02
   5.4007467e-02
   4.6976097e-02
   2.7754603e-02
   3.7518952e-02
   3.4821477e-02
   5.2095767e-02
   6.4373031e-02
   6.2692970e-02
   6.7113832e-02
   5.2950524e-02
   2.7776748e-02
   4.5689087e-02
   4.1631393e-02
   1.4224964e-02
   2.2592235e-02
   4.3808587e-02
   4.8231624e-02
   4.8255760e-02
   3.1349860e-02
   4.0988062e-02
   2.6336828e-02
   4.9589075e-02
   4.8165236e-02
   2.3716606e-02
   4.4106543e-02
   3.5142925e-02
   3.5367996e-02
   6.5266222e-02
   2.3146085e-02
   1.8449195e-02
   3.6624987e-02
   5.1484514e-02
   3.8396161e-02
   9.2540644e-03
   1.2920003e-02
   2.7100556e-02
   7.6641038e-02
   6.7650720e-02
   3.0375395e-02
   2.5939729e-02
   3.3166990e-02
   1.9515928e-02
   5.2769452e-02
   2.6712362e-02
   2.9355105e-02
   4.2711783e-02
   5.0805669e-02
   5.2417561e-02
   3.0932093e-02
   2.0314319e-02
  -1.3467688e-02
   6.2680617e-02
   7.9887971e-02
   6.2604740e-02
   3.8034547e-02
   4.0408827e-02
   5.5417009e-02
   6.6958226e-02
   4.2464305e-02
   5.8384005e-02
   5.8263458e-02
   3.9481055e-02
   7.0833787e-02
   6.3910000e-02
   3.0701732e-02
   4.4815522e-02
   3.0871302e-02
   9.7798891e-02
   1.7890541e-01
   1.2960635e-01
   5.4065164e-02
   4.4515491e-02
   2.8585833e-02
   4.9088266e-02
   5.7326924e-02
   2.4849918e-02
   8.8297930e-03
   5.5139467e-02
   2.8135840e-02
   2.5448613e-02
   4.7519468e-03
   1.1804397e-02
   2.1798505e-02
   2.8220011e-02
   4.0609501e-02
   4.9104754e-02
   4.6891380e-02
   4.8248403e-02
   4.3691825e-02
   2.5518076e-02
   1.1289064e-02
  -6.6306358e-03
   2.6173161e-02
   2.6033169e-02
   2.5242306e-02
   3.3619567e-03
   1.6706718e-02
   1.6914330e-02
   2.7937975e-02
   4.6598032e-02
   3.8289413e-02
   3.2255970e-02
   4.4144087e-02
   3.9924257e-02
   3.9249048e-02
   4.1397233e-02
   4.9856368e-02
   3.7048351e-02
   4.6785217e-02
   3.8221091e-02
   3.8265739e-02
   3.7292317e-02
   4.6551831e-02
   4.6515275e-02
   3.3498727e-02
  -9.4426498e-03
   4.6809379e-02
   4.9129907e-02
   1.9768625e-02
   2.6907556e-02
   3.4438882e-02
   6.0401388e-02
   5.0773717e-02
   7.8695290e-02
   1.1005678e-01
   4.9503639e-02
   3.7946649e-02
   4.4836584e-02
   5.4136477e-02
   5.0365459e-02
   4.0223233e-02
   6.0056709e-02
   8.3766624e-02
   1.0863987e-01
   1.1448140e-01
   5.1671624e-02
   2.9335469e-02
   1.4776687e-02
   3.1369176e-02
   2.3965808e-02
   4.8390850e-02
   5.2108709e-02
   7.0534103e-02
   6.9887102e-02
   7.0885286e-02
   5.1513057e-02
   6.1887760e-02
   5.9930623e-02
   3.5949856e-02
   2.4741558e-02
   2.7307656e-02
   3.2187410e-02
   3.3910703e-02
   4.5173049e-02
   5.6159165e-02
   2.5076672e-02
   3.6368299e-02
   1.8520739e-02
   2.0899065e-02
   1.8469747e-02
   1.7639454e-02
   4.7688261e-02
   6.9941737e-02
   6.4504609e-02
   3.5536408e-02
   4.1564293e-02
   4.6772223e-02
   4.3643788e-02
   4.0662151e-02
   4.2257149e-02
   1.6860735e-02
   3.9213851e-02
   6.1241530e-02
   3.5379201e-02
   1.7740745e-02
  -3.9971140e-03
   7.9880171e-03
   8.0640186e-03
   3.3474867e-03
   5.8039406e-04
   3.7570994e-02
   4.8602253e-02
   4.7486480e-02
   4.8814192e-02
   2.7328309e-02
   4.6580523e-02
   3.7671354e-02
   3.5219297e-02
  -8.9085558e-03
   2.8644534e-02
   7.6177903e-02
   5.6087483e-02
   1.4485329e-02
   2.8395215e-02
   5.1860858e-02
   3.5937950e-02
   3.1431511e-02
   3.5542436e-02
   2.7431952e-02
   8.1986129e-02
   3.2522198e-02
   3.0469481e-02
   5.1555600e-02
   4.4778109e-02
   4.7400292e-02
   4.9372632e-02
   3.3721298e-02
   5.0171401e-02
   6.1566934e-02
   6.8550617e-02
   6.9085114e-02
   3.7194032e-02
   1.9849714e-02
   2.9746287e-02
   5.8692280e-02
   3.8923487e-02
   5.2903239e-02
   4.5955889e-02
   3.6587771e-02
   4.3659169e-02
   1.8652238e-02
   4.6672963e-02
   3.5512958e-02
   2.8752986e-02
   4.7811963e-02
   3.9379150e-02
   2.4226161e-02
   3.2778081e-02
   2.4100184e-02
   5.5913892e-02
   3.3269715e-02
   3.5398670e-02
   1.6658688e-02
   2.8630933e-02
   4.4440925e-02
   3.1238278e-02
   1.9754739e-02
   5.6323607e-02
   7.4919350e-02
   5.4232214e-02
   5.9218124e-02
   8.4845230e-02
   1.0634444e-01
   6.6357911e-02
   6.6446155e-02
   6.0768817e-02
   5.7195742e-02
   3.5228696e-02
   1.2351395e-02
   3.0589109e-02
   7.4024193e-02
   5.8565672e-02
   2.1339387e-02
   1.4689345e-02
   2.7155878e-02
   4.7754869e-02
   7.0566647e-02
   5.0980877e-02
   3.4954693e-02
   3.0086460e-02
   8.2597062e-03
   5.0862566e-02
   3.5393890e-02
   1.8847905e-02
   2.1934638e-02
  -4.1572601e-03
   5.6903481e-02
   7.2904214e-02
   7.6937079e-02
   4.9749818e-02
   1.6742243e-02
   2.2655390e-02
   2.7056029e-02
   2.8165393e-02
   3.7025385e-02
   5.9617028e-02
   2.7273990e-02
   2.3031035e-02
   2.2790931e-02
   2.8974432e-02
   5.0249752e-02
   4.4392981e-02
   2.9238021e-02
   1.7899064e-02
   3.2612570e-02
   5.4548249e-02
   4.5497518e-02
   2.8905423e-02
   3.9631827e-03
   5.4735545e-02
   4.8262313e-02
   4.7704000e-02
   2.0337805e-02
   4.1649062e-02
   3.3318602e-02
   2.9497705e-02
   2.6651064e-02
   2.4519380e-02
   1.0409786e-02
   2.7001664e-02
   4.1939024e-02
   5.9100162e-02
   4.8537541e-02
   5.1958688e-02
   3.4881804e-02
   3.6962714e-02
   3.3519004e-02
   1.3602303e-03
   2.2279559e-02
   4.4463415e-02
   4.9036603e-02
   7.2842859e-02
   5.1373325e-02
   4.9856450e-02
   2.9092764e-02
   2.7182478e-02
   2.1127755e-02
   1.9179728e-02
   7.1276985e-02
   3.2262739e-02
   1.9890636e-02
   5.1870327e-02
   4.4703323e-02
   2.5329910e-02
   2.9596895e-02
   2.4293626e-02
   6.1356807e-03
   1.5305889e-02
   2.5186004e-02
   4.3654241e-02
   3.2736305e-02
   3.6708537e-02
   1.5978519e-02
   9.7386325e-03
   2.5980217e-02
   3.7232615e-02
   2.5334019e-02
   2.5107903e-02
   4.0679645e-02
   2.5271429e-02
   2.3782056e-02
   3.9236329e-02
   2.7325684e-02
   3.1917468e-02
   3.0975323e-02
   3.3060465e-02
   5.3767391e-02
   2.8092097e-02
   1.2669760e-02
   4.0420905e-02
   5.7831630e-02
   4.3546103e-02
   3.1890664e-02
   3.0629462e-02
   1.6022440e-02
   1.1334886e-02
   9.8352395e-03
   1.1877439e-02
   4.5234881e-02
   5.2315705e-02
   5.4863717e-02
   4.5021549e-02
   2.7612777e-02
   4.4729117e-02
   1.3470837e-01
   1.9700903e-01
   1.2960473e-01
   4.4114649e-02
   2.0608656e-02
   2.3172479e-02
   1.9032365e-02
   2.5158610e-02
   2.8660346e-02
   6.2517539e-02
   2.9673422e-02
   2.0446414e-02
   1.3266416e-03
   5.3057987e-02
   4.5685522e-02
   3.7338488e-02
   3.9250750e-02
   1.6088868e-02
   3.2898929e-02
   2.6694324e-02
   3.9332792e-02
   2.6962690e-02
   4.1680824e-02
   8.4562741e-02
   1.1314315e-01
   8.2579516e-02
   1.9530436e-02
   1.6607890e-02
   1.6480502e-02
   2.3762451e-02
   5.0302491e-02
   1.5681423e-01
   1.5516730e-01
   7.4379332e-02
   3.4002215e-02
   2.0033494e-02
   2.1084197e-02
   5.3943139e-02
   4.0865462e-02
   4.8716620e-02
   4.1186620e-02
   4.7685217e-02
   3.3423733e-02
   2.2485986e-02
   5.5167335e-03
   4.3154672e-02
   5.5557568e-02
   3.3491232e-02
   1.7010702e-02
   5.6461217e-03
   7.0460856e-02
   1.7227599e-01
   2.0486875e-01
   1.1180337e-01
   8.8620931e-02
   7.7657662e-02
   5.8596428e-02
   6.0836237e-02
   2.0938632e-01
   6.9668609e-01
   8.7597626e-01
   5.3145820e-01
   2.2595829e-01
   1.6115490e-01
   1.6703837e+00
   5.4775920e+00
   5.1706395e+00
   2.1680734e+00
   5.5569792e-01
   2.2750592e-01
   2.8160936e-01
   5.3921270e-01
   1.1374664e+00
   1.1125056e+00
   5.4363221e-01
   1.8776840e-01
   7.1873344e-02
   1.8890171e-01
   2.9316035e-01
   4.0056098e-01
   3.6188748e-01
   2.1334696e-01
   1.2688851e-01
   8.1352167e-02
   6.5672137e-02
   1.2456486e-01
   1.4622742e-01
   1.4110442e-01
   1.4117797e-01
   6.8772182e-02
   1.7256603e-02
   3.9346490e-02
   7.2873786e-02
   3.1114262e-02
   2.9517015e-02
   3.1562448e-02
   5.0824758e-02
   3.4896661e-02
   4.4302829e-02
   6.2027089e-02
   1.7951833e-02
   4.1715875e-02
   3.9174531e-02
   1.3935198e-02
   5.3888876e-03
   3.2569062e-02
   2.9010994e-02
   4.8179094e-02
   3.2367676e-02
   1.8046167e-02
   4.9264580e-02
   1.5108716e-01
   1.6655086e-01
   8.0742948e-02
   6.8763770e-02
   3.1194708e-01
   4.6541244e-01
   2.7187088e-01
   9.2539839e-02
   1.3046297e-01
   2.5042167e-01
   1.4994323e-01
   1.0245477e-01
   1.3610679e-01
   3.2993880e-01
   1.1182357e+00
   1.2652640e+00
   5.8065891e-01
   1.5848489e-01
   3.9470024e-02
   3.5516270e-02
   7.1264260e-02
   2.2676347e-01
   3.0482593e-01
   1.6922455e-01
   2.5962735e-02
  -1.8686930e-02
   6.9211222e-02
   9.6432619e-02
   1.0856949e-01
   1.2538379e-01
   7.4615382e-02
   1.6417077e-02
   7.1622916e-03
   1.0909936e-02
   2.5161713e-02
   7.5073726e-02
   7.1243607e-02
   1.0488927e-01
   5.2422900e-02
   4.3029193e-02
   4.4923659e-02
   6.8174839e-02
   8.2491212e-02
   4.8050947e-02
   2.4307035e-02
   5.6567796e-02
   9.5096499e-02
   7.0887528e-02
   6.3184209e-02
   4.9540531e-02
   4.5105457e-02
   4.5320839e-02
   1.3062844e-02
   3.5864031e-03
   6.0081474e-02
   4.3258227e-02
   4.8285756e-02
   3.7010312e-02
   1.6992332e-02
   9.8334596e-02
   1.1559926e-01
   1.0086986e-01
   7.8801475e-02
   6.2729672e-02
   1.4152853e-01
   1.2494694e-01
   5.9034996e-02
   1.5274370e-01
   2.9693136e-01
   2.6215062e-01
   9.9142767e-02
   3.5754576e-02
   3.4205398e-01
   1.3936387e+00
   1.7420710e+00
   9.9085265e-01
   2.1969092e-01
   6.8666168e-02
   1.2835927e-01
   2.3548073e-01
   3.8156712e-01
   3.4743249e-01
   2.1532868e-01
   8.8458382e-02
   1.3735598e-02
   8.6817872e-03
   4.6802524e-02
   6.7069940e-02
   1.2436559e-01
   1.0090781e-01
   4.2004798e-02
   5.3402793e-02
   8.2625456e-02
   3.5921905e-02
   6.9800593e-02
   5.4824457e-02
   1.7081426e-02
   8.8235028e-03
   1.1681983e-02
   2.7861973e-02
   4.5395665e-02
   5.4184727e-02
   2.0413935e-02
   1.5662629e-02
   1.2536469e-02
   5.5117067e-02
   8.0861695e-02
   7.3148869e-02
   9.7029015e-02
   4.7744088e-02
   6.1903326e-03
   1.5421269e-02
   6.5844141e-02
   6.6797018e-02
   6.7925565e-02
   2.7809154e-02
   6.8505458e-03
   4.1071374e-02
   9.2625126e-02
   1.2379033e-01
   4.3400150e-02
   2.7924007e-02
   4.3972455e-02
   6.9877945e-02
   8.2643449e-02
   7.4388213e-02
   8.2591571e-02
   9.5540754e-02
   1.1573063e-01
   8.4399126e-02
   4.8354160e-02
   1.3709778e-01
   3.7479937e-01
   4.8483971e-01
   2.2850035e-01
   7.5914778e-02
   6.4365685e-02
   2.2479568e-02
   3.7185516e-02
   7.0251673e-02
   1.1144304e-01
   7.4012645e-02
   3.2526739e-02
   4.3661363e-02
   3.6826588e-02
   4.6423066e-02
   4.8909374e-02
   2.1113543e-02
   4.2060196e-02
   1.7467031e-02
   1.7524889e-02
   3.9872877e-02
   1.2505889e-02
   2.5404336e-02
   4.1677941e-02
   3.7528504e-02
   2.0903209e-02
   3.8747907e-02
   2.8555334e-02
   2.7800135e-02
   2.3442110e-02
   3.5413664e-02
   2.9916385e-02
   1.9659761e-02
   1.7352864e-02
   5.2772388e-02
   6.2074762e-02
   3.6590613e-02
   4.5973379e-02
   2.6641715e-02
   4.5630664e-02
   4.9134191e-02
   1.5181802e-02
   2.7577810e-02
   1.3687232e-03
   2.1859456e-02
   4.0675756e-02
   3.9143823e-02
   4.5676298e-02
   1.7898997e-02
   3.0980455e-02
   3.7962209e-02
   1.8574666e-02
   3.2292362e-02
   3.6964394e-02
   5.2545335e-02
   3.9651096e-02
   3.0229390e-02
  -8.2976958e-03
   1.5841189e-03
   9.1594495e-02
   1.6190831e-01
   1.0660600e-01
   5.7354104e-02
   4.2784631e-02
   6.7264989e-02
   1.1627833e-01
   7.9390824e-02
   6.2589124e-02
   2.1020140e-02
   2.5309313e-02
   5.5653386e-02
   2.5907604e-02
   6.1161540e-02
   8.7222375e-02
   7.4757412e-02
   6.8910033e-02
   4.5543421e-02
   3.1549942e-02
   5.1538248e-02
   9.1455802e-02
   9.4555974e-02
   1.7906079e-02
   4.0210333e-02
   1.1325417e-01
   2.4710856e-01
   2.4160197e-01
   1.2375164e-01
   3.7495151e-02
   3.9697364e-02
   1.2168317e-01
   1.3840775e-01
   1.0994474e-01
   8.4397189e-02
   5.8055323e-02
   7.1066760e-02
   6.1697185e-02
   4.5221172e-02
   5.4324690e-02
   4.4342212e-02
   5.6860548e-02
   3.0737646e-02
   2.3259318e-02
   1.2862727e-02
   3.9732430e-02
   4.5525812e-02
   2.9411295e-02
   1.5408781e-02
   3.8221564e-02
   4.3355498e-02
   1.5114524e-02
   9.3551492e-03
   5.6786958e-02
   4.1135069e-02
   2.0688346e-02
   3.1116534e-02
   2.2982379e-02
   3.3727068e-02
   4.7227278e-02
   3.7387013e-02
   3.2474689e-02
   2.8634276e-02
   2.1995606e-02
   1.5541083e-02
   5.5243173e-03
   4.5182303e-02
   4.8268791e-02
   3.0058358e-02
   2.7110761e-02
   7.2806500e-02
   4.1549500e-02
   2.6955385e-02
   1.5702739e-02
   3.1140961e-02
   2.8508274e-02
   3.4667991e-02
   3.8835056e-02
   3.4225255e-02
   4.2949867e-02
   2.7259579e-02
   4.1076984e-02
   4.8789077e-02
   8.5901059e-02
   7.5942695e-02
   5.5001527e-02
   3.4015000e-02
   2.8819695e-02
   7.3162563e-02
   5.9547909e-02
   5.9295602e-02
   6.0930666e-02
   4.5939494e-02
   3.2227699e-02
   2.1290842e-02
   2.6786568e-02
   4.9142689e-02
   3.8597051e-02
   2.4782673e-02
   3.5948295e-02
   4.6164922e-02
   5.9754241e-02
   6.8368010e-02
   4.6623960e-02
   5.0533354e-02
   2.8901353e-02
   7.4257240e-02
   7.4436575e-02
   5.8404773e-02
   4.3244973e-02
   7.8492031e-02
   9.4786040e-02
   6.1940160e-02
   7.6068111e-02
   5.0524101e-02
   7.0197776e-02
   1.3559674e-01
   1.5078631e-01
   8.6108297e-02
   4.0508457e-02
   1.1131636e-01
   1.7703351e-01
   1.3466489e-01
   5.2759670e-02
   1.6398504e-02
   3.5736158e-01
   7.0954227e-01
   4.8327085e-01
   1.7482187e-01
   9.5840521e-02
   2.8439116e-01
   4.6457273e-01
   3.3865327e-01
   2.0296270e-01
   9.2274554e-02
   1.3674209e-01
   1.9356009e-01
   1.5231039e-01
   8.2040191e-02
   8.7808281e-02
   1.4023136e-01
   1.0017148e-01
   6.2867962e-02
   7.6030344e-02
   5.6498911e-02
   4.4292420e-02
   3.4220647e-02
   2.6039861e-02
   6.6148010e-03
   1.1979105e-02
   4.0256966e-02
   4.5264933e-02
   6.7389414e-02
   4.3247163e-02
   4.4518981e-02
   2.4199869e-02
   2.3243785e-02
   3.4204554e-02
   9.1706086e-03
   1.9460028e-02
   2.2662489e-02
   2.0676581e-02
   3.6606036e-02
   3.9314475e-02
   8.0405831e-02
   1.0594194e-01
   8.4610105e-02
   5.8651142e-02
   5.0739948e-02
   8.9348614e-02
   8.9035809e-02
   6.4396083e-02
   6.0499888e-02
   3.8719501e-02
   3.2028347e-02
   2.7559282e-02
   6.1565556e-02
   1.1241348e-01
   9.1825783e-02
   4.0367026e-02
   3.6795083e-03
   9.0255730e-02
   2.1415992e-01
   2.1269521e-01
   1.2808549e-01
   5.6140807e-02
   8.1544526e-02
   1.2416164e-01
   7.1937099e-02
   6.7625143e-02
   6.7895293e-02
   9.0326197e-02
   1.0944632e-01
   8.4200561e-02
   4.4228032e-02
   5.8510456e-02
   9.8603785e-02
   3.6383104e-02
   2.8314922e-02
   6.7875301e-03
   2.1881076e-02
   5.0237425e-02
   4.2293888e-02
   3.8073875e-02
   4.4926673e-02
   4.1240182e-02
   2.3074517e-02
   4.4375241e-02
   1.8151227e-02
   3.9405327e-02
   1.5520656e-02
   3.3262447e-02
   3.4426004e-02
   1.3643242e-02
   4.3824919e-02
   6.1364934e-02
   3.5634469e-02
   4.4004880e-02
   5.4686502e-02
   5.4733254e-02
   4.6812799e-02
   4.2112388e-02
   3.8909201e-02
   2.3903375e-02
   5.5927273e-02
   5.8931824e-02
   6.6782147e-02
   5.5926241e-02
   3.9278697e-02
   7.2372518e-02
   2.5002679e-01
   3.7053269e-01
   2.9350156e-01
   1.3387795e-01
   6.2679343e-02
   1.1529857e-01
   1.8870592e-01
   2.1069732e-01
   2.4730125e-01
   1.7992802e-01
   7.9549059e-02
   5.8166828e-02
   1.4903691e-01
   1.5734051e-01
   1.0581328e-01
   9.2629530e-02
   4.1132107e-02
   5.3606931e-02
   8.1995502e-02
   3.9835960e-02
   5.6155864e-02
   6.0090929e-02
   5.9801757e-02
   4.1125610e-02
   4.3572128e-02
   2.0176480e-02
   3.1299811e-02
   1.9356212e-02
   4.3377303e-02
   3.2999147e-02
   3.3547997e-02
   1.9174993e-02
   1.0978072e-02
   6.2835608e-03
   3.1858914e-02
   3.6818895e-02
   3.1846151e-02
   2.4775319e-02
   5.2456010e-02
   3.9585434e-02
   5.3022619e-02
   3.5646491e-02
   3.7898276e-02
   2.5049083e-02
   1.6996516e-02
   1.8157073e-03
   2.5921591e-02
   3.6759727e-02
   1.7648540e-02
   1.2631027e-02
   2.0765513e-02
   3.6929633e-02
   3.1211503e-02
   3.1060401e-02
   2.5743524e-02
   2.4493650e-02
   7.8661740e-02
   7.0514217e-02
   5.8718763e-02
   6.2104397e-02
   3.7881967e-02
   2.6757255e-02
   4.3618850e-02
   4.4523496e-02
   4.2771872e-02
   2.7951896e-02
   2.8400622e-02
   3.2818679e-02
   6.7112803e-02
   6.1707705e-02
   6.8095371e-02
   5.6516904e-02
   4.4812739e-02
   4.9518310e-02
   3.0584879e-02
   3.4760784e-02
   4.8483390e-02
   4.1593753e-02
   2.0759013e-02
   1.7361891e-02
   4.0996179e-02
   3.8783196e-02
   2.2583839e-02
   2.9629199e-02
   2.7557699e-02
   3.9813016e-02
   5.6906142e-03
   1.3108730e-02
   3.9562746e-03
   1.8366481e-03
   1.1103149e-02
   2.1299947e-02
   2.5181657e-02
   1.9275354e-02
   3.0832337e-02
   2.2007834e-02
   4.1930933e-02
   3.5933223e-02
   2.7908599e-02
   3.1351723e-02
   3.2392878e-02
   2.5836872e-02
   4.5736715e-02
   4.0764660e-02
   3.2291211e-02
   3.8426984e-02
   1.6175248e-02
   1.8236140e-02
   2.4668405e-02
   5.8497459e-02
   7.5355515e-02
   8.4618196e-02
   3.8115148e-02
   1.9065430e-02
   2.2749741e-02
   7.6834382e-03
   3.9571967e-02
   6.7984305e-02
   6.4891875e-02
   6.0755905e-02
   4.4540443e-02
   6.0579274e-02
   4.6510059e-02
   3.7652452e-02
   4.8841923e-02
   3.0492242e-02
   3.3556640e-02
   3.6908634e-02
   2.9612299e-02
   3.0244632e-02
   3.3569973e-02
   3.4503974e-02
   3.1337101e-02
   1.8050693e-03
   1.4706955e-02
   8.0785621e-03
   4.0383022e-02
   6.9666155e-02
   6.9088347e-02
   5.0209180e-02
   3.5276499e-02
   1.2183088e-03
   2.4203129e-02
   2.3358775e-02
   3.7808135e-02
   3.4603931e-02
   4.3742109e-02
   7.3331989e-02
   7.2084725e-02
   4.7151726e-02
   4.1153949e-02
   3.7343565e-02
   4.6535786e-02
   4.3594301e-02
   4.6013009e-02
   7.4858278e-02
   5.2554995e-02
   4.7763124e-02
   4.0329482e-02
   2.2739889e-02
   4.5274626e-02
   4.7573514e-02
   1.1703444e-02
   1.5227349e-02
   3.8088888e-02
   3.1310197e-02
   1.9137647e-02
   3.1701073e-02
   3.4654770e-02
   2.1083090e-02
   5.1055118e-02
   3.5938948e-02
   3.1373661e-02
   7.1359375e-03
   5.8630356e-03
   1.4887513e-02
   2.9516261e-02
   3.3538595e-02
   6.8326041e-02
   4.6145760e-02
   3.7570126e-02
   2.9991934e-02
   4.0961694e-02
   2.6935082e-02
   1.5480992e-02
   3.2681946e-02
   2.8654922e-02
   1.7121408e-02
   2.1809133e-02
   6.7267707e-03
   2.1796199e-02
   3.4053024e-02
   2.8148388e-02
   3.9415427e-02
   3.2686695e-02
   3.0473283e-02
   3.1103097e-02
   3.9327513e-02
   2.3138033e-02
   1.3224241e-02
   1.2337229e-02
   1.6494568e-02
   2.6234757e-02
   1.3795071e-02
   2.7183121e-02
   3.5107713e-02
   2.7870296e-02
   2.5121870e-02
   2.7827829e-02
   4.5476187e-02
   3.7795212e-02
   1.7222999e-02
   2.5681736e-02
   2.3055663e-02
   7.1739996e-06
   5.4328814e-03
   2.9436423e-02
   4.2815454e-02
   5.1889472e-02
   2.9107258e-02
   1.2723719e-02
   9.5349541e-03
   1.3807818e-02
   2.5656700e-02
   3.4605667e-02
   3.4750320e-02
   3.5425555e-02
   1.1051450e-02
   1.3794861e-02
   3.1334888e-02
   5.4307159e-02
   4.3843240e-02
   5.8594652e-02
   3.9540872e-02
   2.9285109e-02
   3.2439418e-02
   3.2262739e-02
   4.5636147e-02
   1.6398711e-02
   8.3415462e-03
   2.8495882e-02
   3.1553164e-02
   1.9066323e-02
   3.7349157e-02
   4.8661195e-02
   3.2370150e-02
   2.4842957e-02
   5.0043952e-02
   4.8869465e-02
   2.8737769e-02
   1.6648339e-02
   4.5678686e-02
   4.3190069e-02
   2.7669590e-02
   2.2950416e-02
   2.6195798e-02
   3.6156829e-03
   1.2666992e-02
   1.6435444e-02
   1.2942257e-02
   9.2664929e-03
  -2.6652187e-03
  -8.3314040e-04
  -2.1147593e-04
   1.3596086e-02
   6.1088260e-03
   5.1305417e-02
   4.8030201e-02
   4.5715172e-02
   2.1913832e-02
   2.8590199e-02
   3.4774687e-02
   2.2254916e-02
   5.2311119e-02
   1.2517233e-01
   8.4040105e-02
   4.7015682e-02
   4.1364923e-02
   2.6622954e-01
   8.0631578e-01
   7.3241097e-01
   2.9838607e-01
   1.4818367e-01
   2.6809639e-01
   3.8668010e-01
   3.2657683e-01
   2.3304622e-01
   1.3077107e-01
   6.8149179e-02
   7.8683086e-02
   1.2270650e-01
   1.8040456e-01
   1.5022729e-01
   7.1095787e-02
   2.4932753e-02
   5.4653838e-02
   8.2790390e-02
   8.1502095e-02
   5.6664854e-02
   2.9834608e-02
   6.5842137e-02
   5.5107865e-02
   4.1942220e-02
   5.3264983e-02
   5.9058059e-02
   4.0589839e-02
   2.9919995e-02
   3.9525159e-02
   3.5138872e-02
   1.3717206e-02
   2.4251945e-02
   4.8145425e-02
   3.6297329e-02
   3.4912683e-02
   1.0942635e-02
   2.7757546e-02
   2.7647853e-02
   6.6175307e-03
   2.1307526e-02
   7.1018025e-02
   5.7621837e-02
   3.4948271e-02
   2.1523627e-02
   3.9786879e-02
   3.1568520e-02
   1.3050238e-02
   5.9363093e-02
   6.7350559e-02
   2.2595098e-02
   6.3276864e-03
   4.6564743e-02
   1.4525843e-01
   1.9873814e-01
   1.0400419e-01
   4.2223874e-02
   3.7230149e-02
   7.2557636e-02
   5.2656047e-02
   6.8344042e-02
   5.6443349e-02
   5.3362016e-02
   5.1513266e-02
   2.2806298e-02
   4.4120558e-02
   3.7404735e-02
   1.3678682e-02
   1.8095521e-02
   3.7499830e-02
   3.5827588e-02
   3.1152489e-02
   2.6346523e-02
   3.4429144e-02
   4.9553439e-02
   3.8911209e-02
   4.2490683e-02
   4.5561217e-02
   4.8643190e-02
   1.8383803e-02
   2.4508966e-02
   2.6122309e-02
   3.3337794e-02
   2.8653385e-02
   3.9344378e-02
   1.2310397e-02
   8.6385980e-03
   2.0489620e-02
   2.9271532e-02
   2.6873663e-02
   1.7922692e-02
   1.3227881e-02
   3.5304464e-02
   5.5781592e-02
   3.9058752e-02
   1.0655151e-02
   1.4140899e-02
   3.5893440e-02
   1.8796766e-02
   4.0621180e-02
   3.7590142e-02
   4.8281316e-02
   2.2486074e-02
   1.6088655e-02
   2.9727599e-02
   5.7930123e-02
   7.9726428e-02
   4.4049185e-02
   5.6332421e-02
   3.8768791e-02
   4.4833675e-02
   5.7340279e-02
   4.4928867e-02
   3.0720267e-02
   4.4002794e-02
   1.8767267e-02
   6.0955803e-03
   1.0797224e-02
   1.3891133e-02
   3.4745079e-02
   4.1350663e-02
   3.0338274e-02
   2.6462587e-02
   4.9771950e-02
   2.6862573e-02
   1.2166832e-02
   1.7801957e-02
   1.7560711e-02
   1.2677870e-02
   2.9045088e-02
   3.1495776e-02
   2.8924230e-02
   2.2001820e-02
   1.1796824e-02
   1.2705005e-02
   2.2619462e-03
   2.5526006e-02
   2.1889064e-02
   2.9165667e-02
   2.9466882e-02
   3.5152718e-02
   3.5861719e-02
   4.1618165e-02
   1.9512214e-02
   2.9063618e-02
   4.1571070e-02
   2.8040323e-02
   2.9390179e-02
   2.7359420e-02
   6.2904428e-03
   1.7151639e-02
   1.9828845e-02
   2.2762012e-02
   2.8022531e-02
   2.0083845e-02
   1.4925295e-02
   3.7938833e-02
   3.6635254e-02
   4.6996690e-02
   5.1213421e-02
   3.7729532e-02
   3.2796096e-02
   6.7001417e-02
   2.4767224e-02
   1.2687377e-02
   2.9298306e-02
   1.6333990e-02
   9.4996821e-03
   2.0194182e-02
   2.6171867e-02
   4.9817067e-02
   5.6519162e-02
   3.0425370e-02
   2.9750315e-02
   3.3061776e-02
   2.5949419e-02
   2.7354302e-02
   2.7842371e-02
   2.6509099e-02
   3.1186268e-02
   4.2421635e-02
   2.8155787e-02
   2.5020864e-02
   3.0408699e-02
   1.8668901e-02
   1.8174671e-02
   3.8935789e-03
   1.3592610e-02
   3.5393365e-02
   3.2756384e-02
   3.8233057e-02
   2.1544686e-02
   2.3473833e-02
   2.1516025e-02
   3.2552473e-02
   3.1098198e-02
   2.9994071e-02
   2.4115421e-02
   2.6092831e-02
   3.2521617e-02
   2.3259563e-02
   1.0955621e-02
   3.0786894e-02
   4.0943172e-02
   5.7930794e-02
   3.8695868e-02
   5.0440557e-02
   2.7167456e-02
   3.0440202e-02
   2.4120186e-02
   2.1018336e-02
   1.9952295e-02
   3.5335619e-02
   1.6157897e-02
   4.6346635e-02
   3.2267749e-02
   2.0966150e-02
   2.0926837e-02
   1.6800642e-02
   1.0247165e-02
   1.5536988e-02
   2.2441633e-02
   1.6859729e-02
   2.1078629e-02
   2.3117596e-02
   2.5582489e-02
   1.9243434e-02
   1.5088999e-02
   1.0756481e-02
   1.8300692e-02
   3.0200550e-02
   3.5921317e-02
   2.8206818e-02
   3.7425985e-03
   1.9600511e-02
   2.2786599e-02
   8.8026682e-03
   9.8427124e-03
   1.9890575e-02
   2.7239073e-02
   3.9031293e-02
   5.3038746e-02
   3.0733963e-02
   1.4748989e-02
   3.0885775e-02
   5.5961680e-02
   5.0955545e-02
   4.2760704e-02
   2.5955236e-02
   1.9211197e-02
   3.6582820e-02
   4.9217686e-02
   2.5663784e-02
   5.8345520e-03
   1.6798208e-02
   3.5687432e-02
   4.1761082e-02
   3.6726408e-02
   1.3517994e-02
   3.2211725e-02
   2.7465705e-02
   2.4401817e-02
   1.5723864e-02
   3.8576301e-02
   4.2818066e-02
   1.6326929e-02
   1.9424001e-02
   2.7674597e-02
   3.8986407e-02
   3.9284185e-02
   3.4747891e-02
   2.5186842e-02
   2.9483533e-02
   1.2768216e-02
   1.2973084e-02
   1.3741650e-02
   1.5499668e-02
   3.7843287e-02
   1.6148088e-02
   1.2298019e-02
   7.5693675e-03
   4.6675005e-03
   3.5055559e-02
   4.2349912e-02
   5.5073258e-02
   3.2040279e-02
   9.4722556e-03
   1.2465565e-02
   7.3072282e-03
   1.3457846e-02
   1.6826447e-02
   2.4888264e-02
   2.8206732e-02
   4.1593138e-02
   4.2692266e-02
   2.7733782e-02
   2.3789812e-02
   2.4076698e-02
   3.5179835e-02
   3.6408149e-02
   2.0457333e-02
   2.2428581e-02
   4.3812670e-02
   2.5911577e-02
   2.6247282e-02
   3.0975761e-02
   2.5111273e-02
   4.3892831e-02
   5.4102771e-02
   2.4437483e-02
   4.4267126e-03
   3.7922692e-02
   3.1594861e-02
   2.6819434e-02
   1.1269284e-02
   1.6532158e-02
   1.2162375e-02
   3.0273046e-02
   4.9014866e-02
   3.2169286e-02
   1.5785974e-02
   2.6048604e-02
   4.2227887e-02
   3.0059267e-02
   3.1217670e-02
   1.5501173e-02
   5.2468441e-03
   2.4453254e-02
   2.4184434e-02
   1.5523236e-02
   2.9385462e-02
   3.2535657e-02
   1.9345477e-02
   2.0558182e-02
   1.4614166e-02
   1.4248745e-02
   1.2652117e-02
   1.0377657e-02
   8.5269473e-03
   1.2408126e-02
   1.1445249e-02
   6.2458473e-03
   1.0499106e-02
   1.6925385e-02
   2.2672890e-02
   2.9055804e-02
   1.4165821e-02
   1.2330522e-02
   3.3684079e-02
   2.9645955e-02
   1.8150494e-02
   2.3134787e-02
   5.3025011e-02
   6.3086249e-02
   5.2921515e-02
   4.6911042e-02
   4.1818552e-02
   2.9614346e-02
   2.0145472e-02
   1.2488576e-02
   2.6747020e-02
   2.9962489e-02
   2.5316823e-02
   4.0291268e-02
   3.1296276e-02
   2.3732478e-02
   3.0792236e-02
   3.4106154e-02
   1.2545089e-02
   2.6221687e-02
   4.4053759e-02
   3.4235742e-02
   1.3323183e-02
   1.3875867e-02
   2.1854689e-02
   3.1287372e-02
   3.6563382e-02
   3.9689347e-02
   2.6340360e-02
   9.4602946e-03
   1.1117994e-02
   2.0041665e-02
   2.1016205e-02
   2.2506380e-02
   4.1357148e-03
   1.9241301e-02
   1.7152052e-02
   2.5623091e-02
   3.8380116e-02
   3.6713116e-02
   2.4115369e-02
   3.5449464e-02
   4.3563597e-02
   3.8874488e-02
   4.1546956e-02
   4.6935447e-02
   4.7432549e-02
   2.3248272e-02
   3.3765219e-02
   4.8081663e-02
   2.1506391e-02
   3.6508220e-03
   3.2415286e-02
   1.0858463e-01
   1.3722268e-01
   1.0378591e-01
   4.9955290e-02
   2.3498040e-02
   4.0418431e-02
   1.1031585e-02
   4.6328460e-03
   1.8246876e-02
   2.8187783e-02
   2.3172708e-02
   3.1168183e-02
   4.4547338e-02
   7.4525595e-02
   8.4597297e-02
   5.0895426e-02
   4.1888069e-02
   1.8579068e-02
   3.0339288e-02
   2.0900233e-02
   6.7399055e-02
   4.8289649e-02
   2.3162644e-02
   4.9892422e-02
   2.1178594e-02
   1.5688784e-02
   3.9685495e-02
   4.6284191e-02
   3.1661279e-02
   2.7940387e-02
   1.5655177e-02
   9.0509932e-03
   1.5583262e-02
   4.4906061e-02
   3.4779493e-02
   1.3817952e-02
   3.2601837e-02
   6.0538158e-02
   4.8644345e-02
   3.4345891e-02
   4.7591276e-02
   5.2711673e-02
   4.0258922e-02
   4.1821908e-02
   3.4069773e-02
   1.8837878e-02
   2.2176731e-02
   3.5857026e-02
   3.6071848e-02
   5.0724298e-02
   4.1453242e-02
   2.7105696e-02
   2.1774082e-02
   2.6379297e-02
   4.4497620e-02
   4.0006816e-02
   3.3689350e-02
   1.1497353e-02
   3.3753194e-02
   2.9502881e-03
   1.4299947e-02
   3.1333249e-02
   5.1762059e-02
   1.8246893e-02
   5.3311647e-03
   1.0049148e-02
   1.6397135e-02
   1.9658200e-02
   1.4981342e-02
   4.1247901e-02
   3.8580801e-02
   1.7722731e-02
   1.4750999e-02
   1.5547396e-02
   1.5355780e-02
   2.2282425e-02
   2.3316806e-02
   3.1965040e-02
   4.1508667e-02
   3.0822976e-02
   1.5643820e-02
   2.5820820e-02
   1.4959851e-02
   2.5244953e-02
   3.3988867e-02
   2.9367972e-02
   2.6365433e-02
   5.1918186e-02
   5.1759288e-02
   4.4401150e-02
   2.3526985e-02
   2.3072802e-02
   2.9893892e-02
   1.1444543e-02
   2.2833409e-02
   2.9996265e-02
   2.7055372e-02
   3.1768236e-02
   3.0117527e-02
   5.0029967e-02
   2.9134154e-02
   4.7589399e-02
   2.2914702e-02
   3.3837317e-03
   2.0446982e-02
   3.0559918e-02
   2.7009849e-02
   1.9019794e-02
   3.2532528e-02
   2.4305759e-02
   5.2888758e-02
   5.9446953e-02
   4.7231890e-02
   3.3382975e-02
   1.7562713e-02
   2.1935454e-02
   1.4675088e-02
   1.1545205e-03
   2.2868624e-02
   2.6532436e-02
   3.1103408e-02
   3.1027213e-02
   3.8139034e-02
   3.7324093e-02
   2.7663957e-02
   4.2941924e-02
   3.5706051e-02
   3.1009829e-02
   1.2808941e-02
   3.0199068e-02
   8.7027568e-03
   1.2163941e-02
   1.7756423e-02
   2.0429309e-02
   2.6672171e-02
   4.1532218e-02
   5.4546859e-02
   3.5866339e-02
   2.0982293e-02
   5.1399004e-03
   6.7791543e-03
   2.0744784e-02
   3.0099707e-02
   1.8300219e-02
   9.5125576e-03
   1.8627776e-02
   3.9174516e-02
   2.5879899e-02
   1.9393308e-02
   2.7283752e-02
   1.6797950e-02
   2.3611104e-02
   2.0561375e-02
   3.3025735e-03
   1.2539811e-02
   2.8490510e-02
   1.4063463e-02
   2.6847089e-02
   3.7608724e-02
   3.0339245e-02
   2.4688337e-02
   2.7632525e-02
   3.1193240e-02
   4.8394259e-02
   3.5368972e-02
   2.7192956e-02
   1.5264510e-02
   1.8171379e-02
   1.6924199e-02
   2.6451098e-02
   2.3025427e-02
   4.3350130e-02
   2.5229385e-02
   2.6471294e-02
   1.4139618e-02
   4.7212582e-02
   4.1517451e-02
   3.5811201e-02
   2.1852862e-02
   2.0264627e-02
   2.1634419e-02
   2.5215659e-02
   1.6169667e-02
   1.7311895e-02
   3.5983823e-02
   2.6795417e-02
   1.4258709e-02
   1.2579905e-02
   1.3389963e-02
   2.3189649e-02
   2.2504143e-02
   1.0907845e-02
   3.1141743e-02
   3.2847717e-02
   4.2797770e-02
   2.8058769e-02
   2.6170334e-02
   4.4781003e-02
   2.0478362e-02
   1.9410031e-02
   2.0777533e-02
   1.7321100e-02
   1.6270954e-02
   2.9722903e-02
   3.2884542e-02
   3.7972685e-02
   4.2010400e-02
   1.6444003e-02
   1.0483303e-02
   2.5338041e-02
   2.4426309e-02
   1.4699777e-02
   2.9301420e-02
   3.0215029e-02
   2.0387748e-02
   4.4107877e-02
   4.3883126e-02
   2.6893811e-02
   1.4869642e-02
   2.7767608e-02
   2.8831868e-02
   4.4265995e-03
   1.1401988e-02
   2.2604728e-02
   3.0173723e-02
   2.4739377e-02
   2.3416840e-02
   3.4429096e-02
   4.2438898e-02
   2.1933306e-02
   2.4476625e-02
   2.8000986e-02
   3.7879560e-02
   2.5807647e-02
   1.7572809e-02
   2.5613954e-02
   3.5078596e-02
   1.4231849e-02
   2.6387218e-02
   2.5101680e-02
   4.8221368e-02
   2.1838294e-02
   6.2899021e-03
   1.9647310e-02
   1.6082885e-02
   2.0026129e-02
   2.6752817e-02
   3.9243001e-02
   3.2288831e-02
   2.7272183e-02
   1.1569135e-02
  -4.6841851e-03
   1.7392505e-02
   4.4487335e-02
   3.7029974e-02
   2.7631864e-02
   1.6186306e-02
   2.6118623e-02
   2.7912762e-02
   3.8772106e-02
   2.2576289e-02
   3.2574724e-02
   3.7587162e-02
   2.3807094e-02
   1.6480880e-02
   1.4479218e-02
   1.3054566e-02
   1.1434814e-02
   1.4347076e-02
   1.5877765e-02
   1.3443374e-02
   2.5753800e-02
   4.4819597e-02
   5.9711181e-02
   5.3491965e-02
   4.0898368e-02
   1.4476161e-02
   3.2332368e-02
   9.5329229e-03
   4.0510083e-03
   2.4759216e-02
   7.8242458e-02
   1.2013494e-01
   1.2642401e-01
   1.1252963e-01
   6.9716632e-02
   3.3215538e-02
   2.6384149e-02
   2.1193255e-02
   3.1682830e-02
   4.3658640e-02
   6.8453573e-02
   4.9302123e-02
   3.7564673e-02
   2.9481012e-02
   3.1476643e-02
   2.3767348e-02
   6.9865622e-02
   7.9183318e-02
   5.9144463e-02
   5.0978962e-02
   3.5089750e-02
   1.6168900e-02
   2.1287642e-02
   1.9321432e-02
   9.4758973e-02
   1.7173101e-01
   1.3437296e-01
   6.2926397e-02
   4.1815463e-02
   2.6746813e-02
   1.9182634e-02
   1.4163054e-02
   2.8549725e-02
   2.4926828e-02
   1.7715758e-02
   4.0535796e-02
   3.1552672e-02
   4.1431841e-02
   3.1722572e-02
   3.5600532e-02
   3.6170200e-02
   2.5754444e-02
   1.3556970e-02
   1.6315609e-02
   2.0664586e-02
   4.7255751e-02
   2.0810189e-02
   1.8048979e-02
   3.5340846e-02
   2.5759337e-02
   1.1105788e-02
   8.6102672e-03
   2.5344513e-02
   4.2836476e-02
   6.9564678e-02
   3.6508456e-02
   1.8579908e-02
   3.2040946e-02
   2.8936740e-02
   1.8699951e-02
   1.1690528e-02
   2.1414166e-02
   1.8182419e-02
   3.1099530e-02
   3.3352818e-02
   4.3211147e-02
   5.8673348e-02
   3.4106936e-02
   1.9604905e-02
   2.4654940e-02
   2.4219036e-02
   2.5061620e-02
   2.2244791e-02
   5.5788076e-03
   1.0357805e-02
   3.1788103e-02
   5.8649976e-02
   4.7114260e-02
   2.2563223e-02
   2.1508263e-02
   3.4606982e-02
  -8.1164378e-04
  -5.9594186e-03
   2.4046721e-02
   5.4948814e-02
   5.3286187e-02
   2.6001515e-02
   6.2498245e-03
   7.8500668e-03
   3.6327373e-02
   4.0430285e-02
   7.0212156e-02
   7.3949248e-02
   3.8041584e-02
   1.2735435e-02
   2.3596168e-02
   3.8595557e-02
   2.5389340e-02
   1.6546683e-01
   3.3015245e-01
   2.8597426e-01
   2.2615819e-01
   1.0731705e-01
   3.4025531e-02
   1.3322067e-02
   2.4664914e-02
   5.4981526e-02
   9.2431992e-02
   7.5409204e-02
   9.5076226e-02
   1.0294898e-01
   6.7090929e-02
   1.6982261e-02
   9.0303563e-02
   2.0601955e-01
   2.2806290e-01
   1.8355182e-01
   8.0970220e-02
   6.5975815e-02
   5.6654181e-02
   1.7370991e-02
   1.5131719e-01
   4.1985297e-01
   5.2021825e-01
   2.8682449e-01
   7.8568071e-02
   4.6400707e-02
   3.1175040e-02
   1.4247314e-02
   1.3588484e-02
   1.9236406e-02
   3.8248692e-02
   4.7857597e-02
   6.4284109e-02
   8.0567420e-02
   7.7454381e-02
   6.5142564e-02
   6.2424868e-02
   3.8984396e-02
   2.9016625e-02
   1.8144019e-02
   9.3573974e-03
   1.6055522e-02
   1.7489260e-02
   1.9300064e-03
   2.7721167e-02
   1.4928351e-02
   2.7027877e-02
   2.5823630e-02
   5.3214885e-02
   4.0814064e-02
   2.1614976e-02
   2.2681279e-02
   3.2495258e-03
   3.4567788e-02
   4.1139819e-02
   3.8612477e-02
   4.1353725e-02
   2.1164170e-02
   2.0423057e-02
   3.1151433e-02
   2.6239075e-02
   3.6731910e-02
   4.8683204e-02
   4.3765083e-02
   1.3652973e-02
   2.0589840e-02
   1.9081356e-02
   4.0927779e-02
   4.5197979e-02
   3.4879446e-02
   2.4181308e-02
   1.8729568e-02
   3.2296408e-02
   4.7399234e-02
   4.9273077e-02
   3.2034311e-02
   1.6212035e-02
   3.4334082e-02
   2.3297081e-02
   1.1332621e-02
   1.3847725e-02
   1.9721214e-02
   2.9193532e-02
   1.6209949e-02
   2.3123531e-02
   4.3696705e-02
   2.6556944e-02
   2.2113709e-02
   1.4866946e-02
   6.4276069e-02
   1.1327755e-01
   1.3491020e-01
   8.6325191e-02
   9.7029805e-03
   1.8788176e-02
   5.4503470e-03
   7.8710085e-03
   1.7219868e-02
   3.8546938e-02
   2.8876873e-02
   2.4611266e-02
   4.3709785e-02
   4.5546882e-02
   2.8272187e-02
   2.7619859e-02
   8.9848086e-02
   7.5315893e-02
   8.3525956e-02
   4.0258210e-02
   2.9953022e-02
   2.9641451e-02
   1.4758218e-02
   5.5062421e-02
   9.3116403e-02
   8.1713386e-02
   4.7873434e-02
   2.2464873e-02
   2.3267220e-03
   6.8172012e-03
   1.6611850e-02
   2.4249636e-02
   3.6519773e-02
   7.1001142e-02
   4.7072057e-02
   4.9552500e-02
   5.6859899e-02
   4.5150526e-02
   3.3547800e-02
   5.0140187e-02
   4.9953979e-02
   1.8015858e-02
   4.5419365e-02
   8.2394890e-02
   5.4859176e-02
   4.7701724e-02
   2.5577765e-02
   2.9739572e-02
   4.3976523e-02
   2.5085341e-02
   3.0794689e-02
   2.7469417e-02
   2.3801154e-02
   1.2543363e-02
   3.7592638e-02
   6.1152518e-02
   4.1435871e-02
   1.3176249e-02
   1.9065540e-02
   2.8225468e-02
   4.1316662e-02
   2.1019876e-03
   1.6762786e-02
   1.8435484e-02
   2.7293460e-02
   4.4820525e-02
   3.8455661e-02
  -2.8134152e-04
   5.1087323e-03
   2.7299337e-02
   3.3293471e-02
   5.8179080e-02
   2.9012192e-02
   3.0435862e-02
   3.5427373e-02
   2.8470831e-02
   4.6721850e-02
   5.1391099e-02
   4.7423963e-02
   3.3733703e-02
   1.6971370e-02
   1.9338543e-02
   1.6331831e-02
   2.5424965e-02
   3.6410920e-02
   3.3088669e-02
   3.0563919e-02
   1.7260153e-02
   5.3350482e-02
   3.7293486e-02
   1.0479141e-02
   4.2808641e-02
   5.7911094e-02
   3.1329121e-02
   3.0295022e-02
   1.6349306e-02
   1.1181643e-01
   1.9738507e-01
   1.8012467e-01
   1.1642113e-01
   6.0373016e-02
   5.2077927e-02
   7.0874259e-02
   4.6729606e-02
   4.7098808e-02
   6.3155569e-02
   7.0350043e-02
   9.9605188e-02
   8.4764138e-02
   9.2909895e-02
   7.7869967e-02
   5.7435162e-02
   1.1665232e-01
   1.1528347e-01
   4.6643972e-02
   1.1211602e-01
   2.6228374e-01
   3.0040780e-01
   1.4133683e-01
   9.1196716e-02
   8.9874618e-02
   9.3582936e-02
   7.2031394e-02
   5.4216381e-02
   5.0353583e-02
   4.3092430e-02
   5.2019056e-02
   5.6264404e-02
   5.8886036e-02
   4.1508686e-02
   3.5555869e-02
   4.8392087e-02
   3.5138410e-02
   3.9772186e-02
   2.5929751e-02
   1.1438491e-02
   1.6812945e-02
   2.6305029e-02
   2.1517143e-02
   1.5791124e-03
   1.0489475e-02
  -3.7942090e-04
   1.4288764e-02
   7.2316393e-02
   8.8213481e-02
   5.4651290e-02
   2.6687168e-02
   2.3712071e-02
   2.6634140e-02
   3.3607155e-02
   7.2226241e-02
   1.0150461e-01
   9.0173855e-02
   8.4314749e-02
   6.2266245e-02
   5.4791111e-02
   7.7156298e-02
   5.4008044e-02
   5.9243072e-02
   4.5326535e-02
   6.0718693e-02
   1.0765883e-01
   1.1406098e-01
   5.6429457e-02
   4.0007982e-02
   5.6175016e-02
   3.5745800e-02
   3.4167208e-02
   1.2290943e-02
  -5.3394432e-03
   3.7435967e-02
   4.2596363e-02
   4.0211137e-02
   2.3915455e-02
   1.0757716e-02
  -2.5357772e-03
  -3.3697467e-03
   1.4268394e-01
   4.2357579e-01
   4.8253888e-01
   2.7808809e-01
   1.4222051e-01
   6.9658488e-02
   2.4771538e-02
   1.7006702e-03
   1.5286850e-02
   6.4785965e-02
   9.0645589e-02
   1.0049943e-01
   9.7729050e-02
   8.9657478e-02
   5.8233358e-02
   6.3593224e-02
   7.3273726e-02
   1.2785340e-02
   1.9866696e-03
   3.1955615e-02
   5.0508860e-02
   3.6791954e-02
   3.4623213e-02
   2.8444061e-02
   2.9531563e-02
   4.3306381e-02
   4.6403173e-02
   4.5971766e-02
   4.5117520e-02
   6.2952951e-02
   6.6888042e-02
   4.6493720e-02
   1.6163727e-02
   2.1355256e-02
   1.9359676e-02
   4.4042464e-02
   4.0918365e-02
   1.9226005e-02
   1.9500272e-02
   1.9267915e-02
   4.4024378e-02
   1.0655872e-02
   3.0361790e-02
   2.3613563e-02
   2.8416101e-02
   5.7089016e-02
   6.6887721e-02
   7.3614277e-02
   1.0975956e-01
   1.1400177e-01
   4.6765890e-02
   2.1288551e-02
   5.6382459e-02
   2.1671547e-02
   6.4569823e-02
   1.4200376e-01
   1.6888656e-01
   9.8696195e-02
   6.7538463e-02
   7.8886554e-02
   7.1566194e-02
   2.9838501e-02
   2.9914368e-02
   2.5494577e-02
   4.8439492e-02
   6.2627159e-02
   9.7889751e-02
   7.7906892e-02
   4.1253481e-02
   6.4527228e-02
   1.4091453e-01
   1.0444214e-01
   7.3623121e-02
   2.0734154e-01
   4.1128743e-01
   2.7507624e-01
   1.3209848e-01
   7.6497182e-02
   8.7157056e-02
   7.7762239e-02
   1.4604215e-02
   1.3854679e-02
   4.6895377e-02
   3.4043770e-02
   2.6342981e-02
   5.2211381e-02
   2.7497863e-02
   3.6899794e-02
   4.8013501e-02
   9.8830447e-02
   1.6330132e-01
   1.1036447e-01
   8.2674004e-02
   6.8845898e-02
   3.8765077e-02
   3.7407264e-02
   5.7884920e-02
   3.3961944e-02
   3.5112064e-02
   4.7167268e-02
   5.0562177e-02
   5.9877165e-02
   2.2796318e-02
   4.4383358e-02
   3.4699183e-02
  -5.0982437e-03
   4.3272182e-02
   1.1944664e-01
   9.5468141e-02
   9.1781460e-02
   3.5738550e-02
   3.0930437e-02
   3.2145131e-02
   6.4511828e-02
   1.1860488e-01
   2.2349764e-01
   2.2506844e-01
   2.1406238e-01
   1.7768708e-01
   1.1887344e-01
   3.4781992e-02
   2.9018225e-02
   2.6801035e-02
   2.7727837e-02
   3.4010999e-02
   4.8240427e-02
   7.1927160e-02
   8.7139793e-02
   5.0435919e-02
   1.8723909e-02
   1.2697854e-02
   1.0162119e-03
   3.0305533e-02
   3.8943443e-02
   1.0801131e-01
   1.2295634e-01
   8.2884617e-02
   5.0652128e-02
   4.6627793e-02
   1.4630951e-02
   6.1217169e-03
   6.3504558e-04
   1.8633580e-02
   4.5500956e-02
   5.9201285e-02
   4.2150978e-02
   4.7049355e-02
   6.1735179e-02
   5.5527966e-02
   2.9464900e-02
   4.1405320e-02
   2.3871643e-02
   2.1628499e-02
   5.7942872e-03
   4.7893930e-02
   6.6233277e-02
   5.4887936e-02
   3.1996951e-02
   5.7147644e-02
   5.3435102e-02
   2.4630910e-02
   4.2851694e-02
   5.3980611e-02
   1.5242209e-02
   7.8205410e-03
   4.8337560e-02
   1.6125962e-01
   2.1500859e-01
   1.6868697e-01
   8.3972886e-02
   4.5704011e-02
  -7.5155078e-03
   2.3258845e-03
   1.6044022e-01
   6.0255778e-01
   9.4515127e-01
   8.4021819e-01
   4.8256370e-01
   2.5004476e-01
   7.3242687e-02
   5.7959937e-02
   3.6543787e-02
   4.6659257e-02
   4.7720611e-02
   8.9090526e-02
   2.0021980e-01
   1.8702427e-01
   1.3421494e-01
   7.2498672e-02
   3.0578217e-02
   3.3893619e-02
   3.3831462e-02
   2.4130397e-02
   4.9381472e-02
   7.3416382e-02
   5.1730257e-02
   5.9545882e-02
   4.9365394e-02
   8.9700669e-02
   9.5503420e-02
   6.1958529e-02
   8.6695060e-02
   6.3064523e-02
   1.3200286e-02
   2.7331594e-02
   6.3308671e-02
   1.4540480e-01
   3.4371236e-01
   3.9218354e-01
   2.6042983e-01
   1.5099083e-01
   1.1077907e-01
   9.1647051e-02
   4.9032755e-02
  -3.7160011e-03
  -9.3762306e-03
   2.4005529e-02
   1.4457367e-01
   3.7354937e-01
   4.8795497e-01
   4.1178381e-01
   2.3500437e-01
   1.1812023e-01
   1.1645903e-01
   5.7947252e-02
   1.5163112e-01
   3.3264744e-01
   4.2760327e-01
   3.2142910e-01
   2.9518569e-01
   2.2211051e-01
   1.9511175e-01
   1.5485951e-01
   1.1048989e-01
   6.8440631e-02
   3.9601143e-02
   1.5418977e-01
   3.4365788e-01
   5.2169704e-01
   5.7327616e-01
   4.1272992e-01
   2.4402872e-01
   8.2530558e-02
   3.3667337e-02
   1.3907030e-01
   7.0934665e-01
   1.5591545e+00
   1.7416313e+00
   1.1708122e+00
   6.8157798e-01
   7.7145147e-01
   7.7611166e-01
   6.5788400e-01
   3.7023309e-01
   7.5190715e-02
   3.3310454e-02
   7.0524740e-01
   3.4622755e+00
   6.0447421e+00
   5.5378580e+00
   3.1807692e+00
   1.4787648e+00
   5.8044600e-01
   3.4986863e-01
   2.6022422e+00
   1.5461843e+01
   3.1859673e+01
   3.1651556e+01
   1.8898739e+01
   7.6538162e+00
   2.2786615e+00
   5.4821408e-01
   1.2324288e-01
  -3.1881344e-02
   4.0898374e-01
   2.6454928e+00
   5.7053485e+00
   5.8506918e+00
   3.7073503e+00
   1.5699482e+00
   3.4758618e-01
  -1.2262199e-01
   1.4915762e-02
   5.6677043e-01
   1.0092942e+00
   1.4775562e+00
   1.9580485e+00
   1.5054796e+00
   7.1101344e-01
   2.9967311e-01
   1.1072399e-01
   3.1788234e-02
   5.9166696e-02
   2.7298534e-01
   4.7399664e-01
   5.6732708e-01
   6.2732834e-01
   6.5293777e-01
   7.6479656e-01
   6.3708562e-01
   2.2757767e-01
   1.3524772e-02
   5.8959097e-02
   1.8539345e-01
   2.6243171e-01
   2.5738615e-01
   2.9327524e-01
   1.6041252e-01
   5.3774785e-02
   1.4332967e-01
   1.6465831e-01
   2.1066529e-01
   3.3665371e-01
   3.6075437e-01
   2.2301807e-01
   1.2208887e-01
   2.2301918e-01
   2.8546813e-01
   1.9848178e-01
   8.0477692e-02
  -5.7928205e-02
  -5.2581586e-02
   6.2541544e-02
   2.1220863e-01
   2.6536205e-01
   1.1954931e-01
  -8.2222968e-02
  -1.2095909e-01
  -1.0927605e-01
   1.4142732e-01
   4.0208030e-01
   7.8481191e-01
   9.0254223e-01
   5.6451720e-01
   1.4485562e-01
   6.4618558e-02
   7.2325867e-01
   2.0396116e+00
   2.4408336e+00
   1.7206650e+00
   6.1214596e-01
   1.4820941e-01
   5.8542544e-01
   1.4602993e+00
   1.5520247e+00
   9.4193000e-01
   4.3075827e-01
   4.2448393e-01
   4.4810200e-01
   6.2800205e-01
   3.2322741e+00
   7.7312474e+00
   8.4783297e+00
   5.2587738e+00
   2.2531874e+00
   7.5947940e-01
   2.3038034e-01
   8.1007153e-02
   3.1728104e-02
   1.5548699e-01
   7.2841048e-01
   1.6254046e+00
   1.6996347e+00
   1.0558015e+00
   4.5527652e-01
   1.1475009e-01
   3.4529630e-02
   2.8441723e-02
   1.9174716e-01
   3.5499763e-01
   5.4530472e-01
   5.3711885e-01
   3.4963775e-01
   1.7231947e-01
   7.7161126e-02
  -8.5115083e-04
   8.6539723e-03
   4.7103133e-02
   8.6238965e-02
   1.2696157e-01
   1.6466106e-01
   1.8192910e-01
   1.7767881e-01
   1.9865407e-01
   1.0142566e-01
  -1.7510805e-02
   4.8844595e-02
   9.5310770e-02
   1.8161424e-01
   2.1217911e-01
   1.6996020e-01
   5.4492019e-02
   1.8510677e-02
   1.3259151e-02
   2.3231065e-02
   8.5071169e-02
   9.6492164e-02
   1.6759390e-01
   1.0637752e-01
   4.4218004e-02
   7.5140456e-03
   5.9647601e-02
   8.6628996e-02
   7.6336056e-02
   6.2838909e-03
   1.9007029e-02
   6.2491897e-02
   1.8369296e-01
   2.2702424e-01
   1.6891086e-01
   2.1562526e-02
  -3.7034020e-02
  -4.8811946e-02
   6.6875629e-02
   2.4177915e-01
   4.6121234e-01
   4.7011968e-01
   3.7076038e-01
   1.4448981e-01
   7.2720021e-02
   2.2525385e-01
   4.8144227e-01
   5.3001881e-01
   3.4206444e-01
   9.3838044e-02
   1.5087138e-01
   9.2045403e-01
   1.7896932e+00
   1.7754691e+00
   1.0278003e+00
   4.2448312e-01
   1.7184325e-01
   1.5072703e-01
   1.5807935e+00
   5.7005229e+00
   9.0113182e+00
   7.7512617e+00
   4.4216580e+00
   1.8637155e+00
   5.9953237e-01
   1.7416622e-01
   1.1304227e-01
   1.1455872e-01
   4.8773158e-01
   1.2284294e+00
   1.7486042e+00
   1.4553056e+00
   8.6739653e-01
   4.2252904e-01
   2.2323112e-01
   9.5441721e-02
   1.7576243e-01
   2.8317648e-01
   4.1080797e-01
   5.0938511e-01
   4.9863014e-01
   3.5081527e-01
   1.8977852e-01
   4.8253462e-02
   3.1811167e-02
   4.6464317e-02
   1.2110138e-01
   1.2939340e-01
   1.8332560e-01
   2.3179869e-01
   1.2723356e-01
   9.5283173e-02
   7.8652360e-02
   3.3771105e-02
   3.4835342e-02
   4.7738843e-02
   9.8025225e-02
   1.4957595e-01
   1.4834775e-01
   7.1547180e-02
   6.8952791e-02
  -4.4803354e-03
  -2.7371883e-02
  -1.4854307e-02
   6.1222125e-02
   1.6285223e-01
   2.6823574e-01
   2.5689650e-01
   2.8485817e-01
   1.7959203e-01
   1.2907456e-01
   2.4457783e-02
   1.2753629e-02
   1.6640181e-02
   6.3162535e-02
   1.1782370e-01
   1.2679723e-01
   9.8678216e-02
   1.0110401e-01
   5.2910835e-02
   1.7150892e-02
   3.9661482e-02
   1.0378435e-01
   2.2966570e-01
   3.2743400e-01
   2.9145509e-01
   1.0639904e-01
   5.4872114e-02
   6.2029347e-02
   1.3056277e-01
   2.2793908e-01
   2.3193282e-01
   9.8813869e-02
   6.3452579e-02
   2.1304283e-01
   4.7799930e-01
   5.1689172e-01
   3.8217279e-01
   1.2545636e-01
  -1.5797945e-02
   8.4897513e-03
   2.9079464e-01
   1.1871972e+00
   2.1294608e+00
   2.0780873e+00
   1.2843697e+00
   5.6937230e-01
   1.8797989e-01
   5.8850024e-02
   1.8861489e-02
   1.2317646e-01
   2.4012507e-01
   4.0624669e-01
   5.5708092e-01
   4.8890230e-01
   3.2833007e-01
   1.6167569e-01
   3.7646532e-02
   7.5346492e-02
   1.1576664e-01
   1.3198119e-01
   1.7940447e-01
   1.7387995e-01
   1.3240024e-01
   9.9804126e-02
   5.4840874e-02
   4.7258303e-02
   1.5889462e-03
   2.8702507e-02
   6.6503915e-03
   2.3503771e-02
   5.3111758e-02
   7.5226322e-02
   7.8910232e-02
   3.5568215e-02
   2.7879521e-02
   3.9791116e-03
   2.9273741e-03
   5.3810995e-02
   6.4916693e-02
   3.3959880e-02
   7.7930097e-03
   2.0216435e-02
   2.9783530e-02
   2.2688631e-02
   3.9013248e-02
   1.4424111e-02
   3.6487181e-02
   9.2726216e-02
   1.2516277e-01
   9.6648589e-02
   8.1259400e-02
   7.7028617e-02
   9.1628499e-02
   4.4433922e-02
   2.6643416e-02
  -1.7890593e-02
   6.0246345e-03
   5.1990256e-02
   6.2794857e-02
   6.7076318e-02
   8.3870821e-02
   6.1746724e-02
   4.2902607e-02
   5.3706478e-02
   8.8296525e-02
   1.4667365e-01
   1.2762724e-01
   9.3917325e-02
   4.6644323e-02
   4.9403694e-02
   6.9686204e-02
   4.3822993e-02
   8.4011182e-02
   6.5881260e-02
   3.3846527e-02
   6.3833088e-02
   1.3607536e-01
   2.2532399e-01
   1.4555715e-01
   9.6641824e-02
   3.6842477e-02
   1.0195963e-02
   6.8112932e-02
   2.7922207e-01
   6.2425482e-01
   6.5432602e-01
   4.2910677e-01
   2.4047153e-01
   1.0057066e-01
   4.9439512e-02
   1.2266943e-02
   5.5703405e-02
   1.0174059e-01
   1.4601493e-01
   1.3659829e-01
   1.4967324e-01
   1.2766166e-01
   1.0560706e-01
   1.0766554e-01
   1.1094866e-01
   8.0878906e-02
   8.2016960e-02
   7.6624952e-02
   6.6429518e-02
   1.3200088e-01
   1.9381042e-01
   1.5150875e-01
   7.5726584e-02
   1.5521605e-02
   2.2413407e-02
   4.9371812e-02
   1.6462229e-01
   2.5061899e-01
   2.1275277e-01
   1.6541316e-01
   4.6665687e-02
   5.3401403e-03
   9.2444476e-03
   2.5234091e-01
   6.9766676e-01
   8.6916023e-01
   5.9858477e-01
   2.9232544e-01
   1.1679334e-01
   4.0648822e-02
   5.5135101e-02
   1.6286722e-01
   2.4045652e-01
   2.3058918e-01
   2.2270288e-01
   1.1811281e-01
   4.3990586e-02
   6.4645208e-02
   1.2456544e-01
   1.2456565e-01
   6.6572525e-02
   3.6529686e-02
   3.0843655e-02
   8.9144990e-02
   8.6132526e-02
   4.3188319e-02
   3.2996852e-02
  -1.2642899e-02
  -1.9704042e-02
   2.9959306e-02
   4.7908589e-02
   7.4395157e-02
   5.1922444e-02
   4.9002945e-02
   7.2027609e-02
   4.7509704e-02
   5.9402280e-02
   6.0588256e-02
   5.8202926e-02
   5.3176504e-02
   6.0259074e-02
   2.7929533e-02
   3.7173934e-02
   6.8317361e-02
   8.1459761e-02
   5.7883259e-02
   2.2039376e-02
   9.3900589e-03
   1.5773987e-02
   1.0674844e-01
   1.7694046e-01
   2.1903111e-01
   1.9907121e-01
   1.2729010e-01
   8.6685352e-02
   2.6445320e-02
   2.8857516e-02
   4.6228077e-02
   5.7475541e-02
   5.7549402e-02
   7.8076020e-02
   4.3983169e-02
   3.3103075e-02
   3.8587261e-02
   5.6225959e-02
   2.6847361e-02
   1.3994101e-02
   7.6299928e-02
   7.2007500e-02
   2.4442010e-02
   5.1074505e-02
   5.4621607e-02
   3.3467852e-02
   3.0567758e-02
   4.2812213e-02
   5.3410579e-02
   5.7017919e-02
   3.3151772e-02
   5.4860443e-02
   4.0539220e-02
   4.9049433e-02
   4.3377656e-02
   1.7830860e-02
   2.4684353e-02
   1.4741419e-01
   3.0534637e-01
   3.1165224e-01
   2.4687453e-01
   1.6094564e-01
   2.9499091e-02
   6.3277404e-03
   6.0216237e-02
   1.2500429e-01
   1.5337290e-01
   1.2592030e-01
   9.9043459e-02
   1.1841606e-01
   7.9867423e-02
   7.8136317e-02
   8.8563733e-02
   8.0537610e-02
   6.1224133e-02
   2.6810545e-02
   1.1993966e-01
   8.9624465e-02
   7.5535603e-02
   4.9092628e-02
   2.0500381e-02
   2.5569947e-04
   5.5860084e-02
   7.7325583e-02
   1.0490862e-01
   1.4047574e-01
   1.0380372e-01
   4.7243919e-02
   5.0500568e-02
   1.4420998e-01
   2.4348190e-01
   2.9341862e-01
   2.2968905e-01
   7.0564069e-02
   5.3062588e-02
   5.8112826e-02
   1.1930364e-01
   2.4430226e-01
   3.2813933e-01
   3.2225537e-01
   2.4757349e-01
   1.5847403e-01
   1.0910666e-01
   2.6120996e-01
   3.9749125e-01
   3.8451380e-01
   2.5268555e-01
   1.5417367e-01
   5.7780974e-02
   7.0248947e-02
   3.8763896e-01
   6.0658628e-01
   4.7094321e-01
   3.0422282e-01
   1.1258713e-01
   1.3477596e-02
   1.0880880e-01
   8.9896607e-01
   1.7679945e+00
   1.8358101e+00
   1.1875366e+00
   4.7789890e-01
   1.2751390e-01
   1.6485181e-01
   5.1975095e-01
   9.0034318e-01
   8.7917829e-01
   6.8819147e-01
   4.4645378e-01
   2.6029769e-01
   2.2492321e-01
   3.3041868e-01
   4.8953494e-01
   4.0554038e-01
   3.0842733e-01
   1.8382427e-01
   1.1291853e-01
   2.3486383e-01
   3.9375561e-01
   3.7995091e-01
   2.9550186e-01
   1.4927103e-01
   6.6802375e-02
   1.1199306e-01
   9.6483774e-02
   6.4190798e-02
   3.9636649e-02
   4.4602223e-02
   8.0778256e-02
   9.9411517e-02
   1.1379489e-01
   1.0703193e-01
   1.0424139e-01
   1.3192511e-01
   1.0037190e-01
   3.7919194e-02
   3.7269928e-02
   7.3145688e-02
   7.8729004e-02
   7.2714761e-02
   5.9951041e-02
   1.5218324e-02
   8.0897054e-03
   3.0056337e-02
   7.7669094e-03
   7.4319139e-02
   6.4995483e-02
   2.6430992e-02
  -1.6631957e-02
  -1.6675498e-02
   7.0997968e-02
   2.1257958e-01
   2.6932842e-01
   2.3789416e-01
   1.1431679e-01
   2.9336596e-02
   2.6679382e-02
   7.2491221e-02
   1.6085896e-01
   2.4559395e-01
   1.9623563e-01
   1.4638226e-01
   1.2419403e-01
   1.2014787e-01
   1.4739373e-01
   9.6139424e-02
   4.4731423e-02
   5.1510945e-02
   5.7569068e-02
   1.1010369e-01
   2.0807679e-01
   2.6687869e-01
   1.8143903e-01
   7.7823021e-02
   4.9840994e-02
   1.0555871e-02
   1.4023203e-01
   5.2064669e-01
   7.4304271e-01
   6.0151738e-01
   3.0163461e-01
   4.8705745e-02
   3.4524607e-03
   7.4184366e-02
   2.8841117e-01
   3.5080299e-01
   2.6458558e-01
   1.9721468e-01
   9.6190773e-02
   4.1447598e-02
   6.3668989e-02
   1.7815106e-01
   1.6776045e-01
   1.2124018e-01
   8.7638021e-02
   4.4039041e-02
   8.4024541e-02
   1.3146049e-01
   2.0195439e-01
   1.9984534e-01
   1.1187560e-01
   5.3075872e-02
   7.6225258e-02
   4.5790985e-02
   2.3973871e-02
   3.1560771e-02
   2.4617732e-02
   1.8617301e-03
  -2.4340014e-04
   3.9109908e-02
   1.3115099e-01
   1.4249432e-01
   8.7571241e-02
   4.6913501e-02
   3.0136077e-02
   2.7181586e-02
   1.9358162e-02
   1.9329399e-02
   3.0631136e-02
   5.6980021e-02
   5.9789583e-02
   7.2713047e-02
   4.5335807e-02
   5.6748729e-02
   6.1295584e-02
   6.6895410e-02
   2.9239634e-02
  -5.1369625e-03
   4.6094425e-02
   5.2961469e-02
   4.7388401e-02
   1.0287760e-01
   7.3565081e-02
   5.6531109e-02
   4.7504321e-02
   3.8127732e-02
   1.6716231e-02
   4.2709697e-02
   9.3451247e-02
   1.9708857e-01
   2.0965703e-01
   1.1562270e-01
   4.3064561e-02
   1.0574359e-02
   2.1257466e-02
   1.8221396e-01
   6.0047489e-01
   1.0578107e+00
   1.0542095e+00
   6.1845058e-01
   2.7310753e-01
   1.0088221e-01
   9.0985708e-02
   2.8960204e-01
   3.9048156e-01
   4.5352075e-01
   5.3413963e-01
   5.8991933e-01
   4.2080319e-01
   1.9519149e-01
   2.6084781e-02
  -6.2863729e-03
   8.8872984e-02
   1.7902949e-01
   1.7408569e-01
   2.1344094e-01
   1.4571063e-01
   1.0121347e-01
   7.2628491e-02
   5.7634246e-02
   7.4616447e-02
   5.9943847e-02
   6.9860309e-02
   5.0862696e-02
  -2.1090284e-03
   3.7322551e-02
   7.9890661e-02
   7.3943973e-02
   2.7186368e-02
   5.8529459e-02
   6.2976547e-02
   6.4259522e-02
   5.1488448e-02
   6.9052920e-02
   2.5610870e-02
   2.0653198e-02
   2.9299364e-03
   3.5790063e-02
   5.3674951e-02
   2.9514670e-02
   5.7336055e-02
   3.7175674e-02
   4.2215373e-02
   2.8460957e-02
   1.3384599e-03
  -1.5555103e-03
   2.4123631e-02
   1.5526338e-02
   1.0827607e-02
   2.3750613e-02
   7.3032245e-02
   5.8565017e-02
   5.7161499e-02
   4.9211804e-02
   8.3207212e-02
   7.2254367e-02
   2.1787323e-02
   4.1190386e-02
   4.3289829e-02
   4.2956270e-02
   8.8635966e-02
   1.0921752e-01
   9.0588242e-02
   6.6055179e-02
   2.7351294e-02
   4.1192669e-02
   8.2452714e-02
   1.1122752e-01
   1.1069300e-01
   9.8500609e-02
   7.4902132e-02
   2.3308735e-02
   2.6923044e-02
   6.4197525e-02
   2.0230186e-01
   2.8252807e-01
   2.5237250e-01
   1.0207581e-01
   5.2140564e-02
   2.9737083e-02
   3.6686473e-02
   6.2378548e-02
   9.3603753e-02
   1.6961002e-01
   2.0548087e-01
   1.7097074e-01
   1.2050982e-01
   4.3751467e-02
   4.2998690e-02
   3.6484122e-02
   3.2323275e-02
   6.2428482e-02
   9.8267801e-02
   7.8351937e-02
   2.8957102e-02
   2.3301367e-02
   1.1574679e-02
   4.5965683e-02
   3.4285754e-02
   2.5237206e-02
   3.2182533e-02
   1.4590738e-02
   2.6968097e-02
   4.4041477e-02
   2.3443429e-02
   4.9113375e-03
  -1.3155959e-02
  -5.7825324e-04
   1.0657702e-02
   9.6359858e-03
   2.9148102e-02
   1.5556847e-02
   1.4798336e-02
   3.4626629e-02
   3.7961140e-02
   3.0862009e-02
   5.7164699e-02
   5.8531314e-02
   4.1472349e-02
   2.3164395e-02
   2.8752130e-02
   2.8888825e-02
  -4.5386516e-03
   2.7269430e-02
   5.2618891e-02
   4.2873833e-02
   4.5274332e-02
   3.3884883e-02
   6.9918060e-03
   3.9472628e-02
   4.8703153e-02
   4.0240981e-02
   1.4509159e-02
   4.9739126e-02
   5.4381751e-02
   3.4861844e-02
   2.2246992e-02
   3.1410377e-02
   4.7667298e-02
   3.2720610e-02
   4.8534561e-02
   1.6508894e-02
   2.3828443e-02
   3.4029778e-02
   1.4021063e-02
   5.3202841e-02
   2.9798405e-02
   2.3615090e-02
   3.0434199e-02
   2.6630122e-02
   4.3256003e-02
   4.9664520e-02
   6.9814101e-02
   6.9612719e-02
   4.5530248e-02
   3.2066867e-02
   1.5273135e-02
   1.8446079e-02
   2.9869342e-02
   4.7253240e-02
   3.0868340e-02
   7.0275083e-02
   4.9017765e-02
   5.3845439e-02
   3.1537782e-02
   1.3756311e-02
   9.4990358e-03
   3.5632785e-02
   3.8907737e-02
   5.8858156e-02
   4.6631306e-02
   3.0765284e-02
   4.3622918e-02
   2.7515486e-02
   3.9375030e-02
   3.4939207e-02
   1.7747497e-02
   1.2439790e-02
   1.9527752e-02
   2.6243158e-02
   1.5681190e-02
   3.1740692e-02
   4.1115072e-02
   3.4480143e-02
   3.7127241e-02
   3.0195007e-02
   2.4072601e-02
   1.9576874e-02
   2.4125701e-02
   3.2786001e-02
   1.1730067e-02
   3.8734380e-02
   3.2070734e-02
   1.8715380e-02
   3.8226850e-02
   4.0263079e-02
   2.7301542e-02
   1.0571021e-02
   4.3025285e-02
   3.9881777e-02
   5.7945114e-02
   4.4658411e-02
   2.6347529e-02
   2.0514011e-02
   2.0616453e-02
   1.9495370e-02
   1.9508647e-02
   2.5479145e-02
   3.0046726e-02
   3.0981634e-02
   3.0460646e-02
   2.8263004e-02
   4.1491579e-02
   3.5550188e-02
   1.9186443e-02
   3.2933995e-02
   1.0635723e-02
   1.0224348e-02
   1.4157618e-02
   1.6503055e-02
   1.6305937e-02
   1.8408019e-03
   3.7373852e-02
   5.7492666e-02
   3.0083606e-02
   3.8359385e-02
   4.9969438e-02
   4.5007702e-02
   3.6495414e-02
   5.5335097e-02
   5.2817058e-02
   5.2327897e-02
   2.4255298e-02
   2.8430173e-02
   4.0410858e-02
   3.9405528e-02
   2.4811106e-02
   4.0069934e-02
   3.4816884e-02
   5.4626115e-02
   4.1469794e-02
   2.6014598e-02
   1.6484018e-02
   1.6318941e-02
   1.7703127e-02
   2.9367805e-02
   5.1532310e-02
   4.7030423e-02
   2.0704327e-02
   2.2281859e-02
   3.5367873e-02
   2.3801528e-02
   5.9017907e-03
   1.1424316e-02
   1.9880243e-02
   2.2753511e-02
   3.9487984e-02
   2.2716124e-02
   2.5509980e-03
   1.9537337e-02
   2.2605570e-02
   2.4002209e-02
   3.7285991e-02
   2.7014798e-02
   1.9465778e-02
   2.4013938e-02
   1.7226279e-02
   2.3234822e-02
   3.6491677e-02
   4.4439148e-02
   4.5219526e-02
   3.7116759e-02
   1.4383847e-02
   1.4431923e-02
   3.4420963e-02
   2.3101984e-02
   4.2777888e-02
   2.9835815e-02
   2.6825134e-02
   2.4506185e-02
   1.8856008e-02
   2.4003562e-02
   4.4723775e-02
   3.4496844e-02
   3.3974193e-02
   2.0536141e-02
   8.0538733e-04
   1.9839147e-02
   2.7119400e-02
   1.3805435e-02
   1.8146669e-02
   1.8931327e-02
   3.5694052e-02
   4.0571310e-02
   1.2678743e-02
   1.7342178e-02
   3.1260088e-02
   1.8670812e-02
   1.3305372e-02
   1.4856153e-02
   3.2220136e-02
   2.7552499e-02
   2.6251674e-02
   2.6845595e-02
   1.5157917e-02
   5.4005060e-02
   3.9479207e-02
   1.9597191e-02
   3.3353794e-02
   2.1724954e-02
   2.8434580e-03
   1.9245179e-02
   2.6400818e-02
   2.9796392e-02
   8.2450904e-02
   4.9121611e-02
   5.1232126e-02
   4.9310811e-02
   2.6503341e-02
   2.6046090e-02
   7.8405678e-02
   1.4940530e-01
   2.0095071e-01
   1.4268066e-01
   8.8458046e-02
   6.0182672e-02
   4.7802828e-02
   8.2005940e-02
   9.2524178e-02
   1.2603389e-01
   7.6136924e-02
   4.8444375e-02
   3.7098665e-02
   2.1059567e-02
   1.0435751e-02
   3.4428261e-02
   6.4617492e-02
   6.7092948e-02
   9.3247890e-02
   6.2135421e-02
   7.2401939e-03
   9.2807515e-03
   2.0580279e-02
   1.1536065e-02
   7.4488528e-02
   1.1775238e-01
   9.6138678e-02
   5.5734292e-02
   2.3823647e-02
   2.1581188e-02
   1.3016901e-02
   2.2029372e-02
   4.4227250e-02
   4.5728341e-02
   3.4851652e-02
   4.6917222e-02
   3.9610628e-02
   2.3097908e-02
   2.3799531e-02
   2.1361945e-02
   4.4060804e-02
   4.3526046e-02
   4.7059987e-02
   4.4148184e-02
   2.8205926e-02
   4.8197910e-02
   6.8219990e-02
   3.4828994e-02
   3.5092488e-02
   5.6036137e-02
   2.8882816e-02
   7.8855269e-02
   1.6095562e-01
   2.4177657e-01
   2.0080623e-01
   1.4378622e-01
   1.6215590e-01
   1.1747532e-01
   1.0141544e-01
   9.5043361e-02
   5.0543688e-02
   1.2010831e-01
   3.3808574e-01
   6.0803545e-01
   5.8981293e-01
   3.3612141e-01
   9.9881209e-02
   4.7940955e-02
   1.8612073e-01
   1.1716874e+00
   2.6635201e+00
   2.8661098e+00
   1.6841490e+00
   7.3087019e-01
   2.2731346e-01
   2.1136281e-01
   7.4404168e-01
   1.0504651e+00
   1.0622524e+00
   9.0563422e-01
   6.7403322e-01
   4.2427522e-01
   2.1471764e-01
   1.0417799e-01
   1.1549085e-01
   2.2037262e-01
   3.4035549e-01
   3.5798800e-01
   3.0867529e-01
   2.0538093e-01
   8.5252605e-02
   8.0429219e-02
   4.9743567e-02
   7.3025472e-02
   1.2002553e-01
   1.2885472e-01
   1.1329576e-01
   8.8667780e-02
   6.6360101e-02
   5.2500769e-02
   2.9528692e-02
   3.0168394e-02
   3.1789798e-02
   6.2950894e-02
   1.0011505e-01
   4.4208586e-02
   2.2089919e-02
   4.4393569e-02
   2.5609754e-02
   3.7442047e-02
   1.0291519e-01
   9.9680550e-02
   8.4450595e-02
   5.2810542e-02
   3.9216556e-02
   1.8973071e-02
   1.8444551e-02
   9.5211770e-03
   2.3177939e-02
   2.8602215e-02
   6.7228541e-02
   6.0670581e-02
   5.1477015e-02
   7.2839656e-03
  -4.7774361e-03
   1.0258222e-02
   6.4538501e-02
   1.4915921e-01
   1.1598325e-01
   7.0340186e-02
   6.4373739e-02
   3.7856709e-02
   3.0394917e-02
   2.8503353e-02
   1.4184695e-02
   2.0721124e-02
   8.3966702e-02
   1.3091888e-01
   1.5676524e-01
   9.2461430e-02
   5.8851779e-02
   3.7506884e-03
   2.1071142e-02
   1.9231209e-01
   5.2265519e-01
   7.2442842e-01
   4.6559983e-01
   2.2358564e-01
   4.5367770e-02
   4.1469023e-02
   1.5027049e-01
   2.0436959e-01
   2.4922134e-01
   2.0921722e-01
   1.3802390e-01
   9.4348237e-02
   5.1150188e-02
   1.0919603e-02
   9.6039670e-03
   4.9769193e-02
   5.1156487e-02
   8.2505666e-02
   7.3375054e-02
   2.6000353e-02
   2.1420397e-02
   2.8594203e-02
   2.0148130e-02
   4.0212654e-02
   5.1224533e-02
   6.2314272e-02
   6.7226999e-02
   5.6163829e-02
   4.8872430e-02
   2.2573242e-02
   3.6870204e-02
   4.1809101e-02
   4.4365540e-02
   4.3584056e-02
   3.3562362e-02
   3.8261823e-02
   4.1813750e-02
   3.9586946e-02
   1.0783663e-02
   1.1520532e-02
   3.6416259e-02
   3.1651329e-02
   3.6171403e-02
   3.8674355e-02
   2.5387175e-02
   2.1070123e-02
   1.8222626e-02
   3.8786374e-02
   1.4692185e-02
   1.9954665e-02
   3.9168246e-02
   1.8463010e-02
   7.0979712e-03
   5.5461586e-03
   1.2705117e-02
   2.0857897e-02
   1.7862104e-02
   2.1976592e-02
   4.6010166e-02
   4.2809535e-02
   1.4192664e-02
   4.4957371e-03
   2.0913348e-02
   2.6079062e-02
   2.0667205e-02
   9.1776410e-03
   3.3147298e-02
   7.1615726e-02
   5.4082278e-02
   5.6415204e-02
   3.4447059e-02
   3.3229776e-02
   2.0007242e-02
   1.1196246e-01
   2.2611776e-01
   2.0002942e-01
   1.2105063e-01
   5.1002797e-02
   1.7473707e-02
   3.0041084e-02
   1.0820009e-01
   1.2594362e-01
   8.0978177e-02
   7.0053913e-02
   6.2279169e-02
   5.7856370e-02
   3.4645643e-02
   2.1133091e-02
   2.0618992e-02
   4.0240221e-02
   5.5943184e-02
   2.8652193e-02
   2.7377494e-02
   4.6402112e-02
   2.7328275e-02
   2.0278480e-03
   2.0416047e-02
   2.0545412e-02
   2.6811220e-02
   4.0564664e-02
   3.7348997e-02
   2.8889729e-02
   3.2767087e-02
   2.9732529e-02
   3.2867879e-02
   2.0726196e-02
   1.2797408e-02
   1.3194672e-02
   1.4112926e-02
   1.8750526e-02
   3.1311285e-02
   1.7992618e-02
   9.6645113e-03
   2.6591485e-02
   2.3286141e-02
   4.3452807e-02
   3.3702612e-02
   4.8059557e-02
   1.8957129e-02
   2.5773490e-02
   4.4776578e-02
   3.1784244e-02
   1.4408855e-02
   2.0075375e-02
   2.8894413e-02
   3.3514414e-02
   3.6044020e-02
   1.7699504e-02
   2.8958283e-02
   2.4866831e-02
   2.1126410e-02
   2.7478162e-02
   1.3754393e-02
   1.0412822e-02
   3.0305337e-02
   2.6663776e-02
   2.4390832e-02
   4.2674109e-02
   4.4721987e-02
   6.1753644e-03
   1.6576761e-02
   3.6335032e-02
   3.9955877e-02
   4.7348555e-02
   4.8230506e-02
   2.9930945e-02
   4.2539239e-02
   6.6092834e-02
   4.7050606e-02
   3.1336930e-02
   2.7836012e-02
   1.2133838e-02
   1.8637372e-02
   3.5130046e-02
   3.6719691e-02
   3.1145060e-02
   2.7396286e-02
   4.5134984e-02
   1.9974813e-02
   2.6028657e-02
   3.2989517e-02
   2.7936814e-02
   2.5109094e-02
   1.9202327e-02
   2.2702223e-02
   1.7651472e-02
  -9.6872548e-04
   2.2075551e-02
   1.5299906e-02
   1.4120530e-02
   2.6349479e-02
   1.9386189e-02
   1.1598715e-02
   2.6160011e-03
   1.5425245e-02
   3.3032190e-02
   4.3165330e-02
   2.9217319e-03
   2.0189423e-02
   3.1919234e-02
   4.1686051e-02
   3.4042422e-02
   2.9003663e-02
   3.8096707e-02
   1.9413009e-02
   3.4900166e-02
   1.7458575e-02
   2.9950576e-02
   2.5781643e-02
   2.9482301e-02
   2.2466632e-02
   5.8328011e-03
   1.2534679e-02
   3.8786191e-02
   2.4599923e-02
   3.9797533e-02
   2.8198823e-02
   2.8591467e-02
   3.4368560e-02
   2.0732118e-02
   1.8856099e-02
   2.1067556e-02
   1.8691357e-02
   2.1852601e-02
   3.2687951e-02
   3.3484429e-02
   1.1914730e-02
   2.9620914e-02
   3.2997549e-02
   3.6729187e-02
   1.4542203e-02
   3.5580169e-02
