   3.9104175e-02
   4.4386189e-02
   4.0180087e-02
   2.5376180e-02
   2.6108103e-02
   5.3708363e-02
   5.0003462e-02
   3.3878930e-02
   5.6216039e-02
   7.3646672e-02
   6.0465019e-02
   3.9492141e-02
   3.4342308e-02
   1.4098735e-02
   3.6329761e-02
   4.9551845e-02
   4.3312974e-02
   5.1282946e-02
   4.2686768e-02
   4.7654886e-02
   4.0477481e-02
   4.8516285e-02
   4.5972537e-02
   4.5016576e-02
   5.1938679e-02
   4.0097497e-02
   5.2608617e-02
   6.9941729e-02
   4.0324483e-02
  -1.1535728e-03
   4.9500655e-02
   5.6420639e-02
   2.3881249e-02
   4.3948643e-02
   3.0394070e-02
   2.8310331e-02
   1.6677491e-02
   3.4521282e-02
   4.8832517e-02
   8.2718976e-02
   5.0222531e-02
   1.3274973e-02
   3.7215456e-02
   3.7201226e-02
   5.7701960e-02
   3.6534742e-02
   5.8215898e-02
   3.6986727e-02
   2.9378351e-02
   2.2701876e-02
   4.6455383e-02
   5.0227277e-02
   2.0417688e-02
   3.6699586e-02
   2.3662632e-02
   4.7919024e-02
   3.8682260e-02
   4.6200991e-02
   2.1847019e-02
   4.0516254e-02
   4.3403737e-02
   4.0857665e-02
   4.7821295e-02
   3.2283328e-02
   2.8538061e-02
  -1.5349120e-03
   1.1631827e-02
   1.4267239e-02
   3.8321853e-02
   3.1719197e-02
   2.7587827e-02
   1.1310864e-02
   1.9938240e-02
   4.1986831e-02
   3.7549790e-02
   1.6891878e-02
   4.0979903e-02
   5.0616678e-02
   3.7301738e-02
   4.0571697e-02
   4.7027953e-02
   6.4584494e-02
   5.1249072e-02
   2.8980488e-02
   4.0236436e-02
   5.6221303e-02
   3.4325775e-02
   4.1110527e-02
   2.6712503e-02
   1.9287363e-02
   1.5172384e-02
   1.3288636e-02
   1.5811842e-02
   1.1071872e-02
   1.6043374e-02
   2.9782938e-02
   4.5667108e-02
   6.9983058e-02
   7.6995894e-02
   3.2741766e-02
   2.4094755e-02
   3.8400365e-03
   3.0641308e-02
   6.8149745e-02
   5.9087679e-02
   4.3434959e-02
   3.8845826e-02
   5.0660923e-02
   6.0943432e-02
   5.6506716e-02
   3.1149955e-02
   1.0398931e-02
   1.5274245e-02
   6.0798842e-02
   7.4136972e-02
   5.1663693e-02
   4.2904772e-02
   5.7794292e-02
   3.7000433e-02
   2.7124280e-02
   2.9643111e-02
   3.5728343e-02
   5.1628720e-02
   3.7140425e-02
   3.5943039e-02
   2.1596538e-02
  -3.0351870e-03
   1.8478179e-02
   3.8182139e-02
   3.1146782e-02
   4.1839410e-02
   2.4126677e-02
   1.5044399e-02
   1.9876095e-02
   1.5246268e-02
   3.9776869e-02
   3.2351609e-02
   3.9957650e-02
   3.3490449e-02
   2.2994984e-02
   1.7717971e-02
   2.9090149e-02
   3.0813457e-02
   2.3366095e-02
   3.3190202e-02
   1.0803470e-02
   1.5872344e-02
   5.8305908e-02
   6.6081576e-02
   3.0378774e-02
   3.1963389e-02
   4.3735616e-02
   4.2393766e-02
   5.7075597e-02
   5.0810855e-02
   3.9675500e-02
   2.8649807e-02
   2.7398694e-02
   1.0240652e-02
   3.8516499e-02
   4.1614536e-02
   4.2832397e-02
   1.3250655e-02
   4.1627426e-02
   6.0538128e-02
   2.6088824e-02
   5.3138722e-02
   6.2734298e-02
   8.0080651e-02
   7.1254641e-02
   2.7879525e-02
   6.1726391e-02
   6.3435100e-02
   6.4931698e-02
   2.5456006e-02
   2.0101082e-02
   2.4090722e-02
   2.2502316e-02
   5.1593952e-02
   4.9223058e-02
   6.7926332e-02
   3.0355787e-02
   3.3359345e-02
   3.5890490e-02
   2.6735011e-02
   2.3586525e-02
   2.7807014e-02
   3.2492962e-02
   7.5859070e-02
   5.7358172e-02
   4.1994728e-02
   4.6606921e-02
   2.8344313e-02
   6.2173791e-04
   3.4242190e-04
   2.7046308e-02
   2.5620028e-02
   4.1107863e-02
   3.9033506e-02
   4.1718349e-02
   4.6831448e-02
   4.3233640e-02
   4.4225991e-02
   4.9991760e-02
   3.8997170e-02
   3.5592102e-02
   5.4085620e-02
   2.9137289e-02
   2.2875682e-02
   6.3273720e-02
   3.6166381e-02
   2.7707333e-02
   4.3166231e-02
   3.6326557e-02
   2.2639941e-02
   2.8556682e-02
   3.4964874e-02
   1.1478336e-02
   3.8628452e-02
   4.2583041e-02
   5.9874497e-02
   2.0830350e-02
   3.6574196e-02
   2.3693727e-02
   3.7494995e-02
   5.9831381e-02
   6.1646741e-02
   7.7453293e-02
   5.3660367e-02
   5.0353590e-02
   3.2491028e-02
   4.8728436e-02
   1.9307408e-02
   2.4777312e-02
   3.6244456e-02
   6.5979570e-02
   3.9352320e-02
   4.2457581e-02
   3.9394524e-02
   4.6037421e-02
   5.0255623e-02
   8.6172022e-02
   7.1826994e-02
   2.9947013e-02
   1.7759213e-02
   5.5622663e-02
   6.8307079e-02
   6.4158715e-02
   5.7807561e-02
   6.4615250e-02
   4.5849960e-02
   4.6765398e-02
   5.5108935e-02
   5.5476729e-02
   3.5652243e-02
   1.3532249e-02
   1.1135606e-02
   2.4826728e-02
   1.1335230e-02
   3.2141056e-02
   4.9294256e-02
   1.3315054e-02
   1.4964916e-02
   4.9234509e-02
   6.8467297e-02
   5.2115005e-02
   3.7946094e-02
   6.8222724e-02
   6.1529234e-02
   4.8940755e-02
   3.3887535e-02
   3.9248634e-02
   1.6441725e-02
  -4.8004552e-03
   4.7398745e-03
   1.0193843e-02
   3.8398679e-02
   4.4424035e-02
   3.9528176e-02
   1.7320439e-02
   1.2946571e-02
   1.6585451e-02
   3.2046881e-02
   1.9651122e-02
   3.6013920e-02
   3.7990220e-02
   4.4278726e-02
   4.2727124e-02
   2.0982863e-02
   1.1487355e-02
  -1.0801926e-02
   1.6119085e-02
   3.2889187e-02
   3.4073725e-02
   4.5702100e-02
   5.7724714e-02
   6.7793041e-02
   4.5298897e-02
   5.1750764e-02
   4.7499862e-02
   1.5694453e-01
   2.5138107e-01
   1.4502616e-01
   8.6786725e-02
   6.2452290e-02
   9.2299946e-02
   8.2359165e-02
   6.6515766e-02
   5.1069330e-02
   5.6377254e-02
   1.0215113e-01
   1.6773592e-01
   1.9363655e-01
   1.1120530e-01
   6.0716704e-02
   5.0819509e-02
   2.9776048e-02
   5.6643955e-02
   7.2683327e-02
   6.4799272e-02
   5.7262879e-02
   4.2220097e-02
   2.5204919e-02
   4.9821220e-02
   4.4354610e-02
   2.3788858e-02
   5.3239714e-02
   4.9838655e-02
   3.3238869e-02
   3.0932330e-02
   1.4726501e-02
   2.5671141e-02
   1.8107902e-02
   7.0785154e-03
   3.3944931e-02
   6.8144210e-02
   7.0968620e-02
   1.7329637e-02
   4.5952365e-02
   4.7556132e-02
   5.1406298e-02
   4.6116393e-02
   4.6437513e-02
   5.3410117e-02
   5.7942551e-02
   4.9914248e-02
   3.3101428e-02
  -4.1280999e-03
   1.1507673e-02
   4.5283645e-02
   4.5100074e-02
   3.1570647e-02
   2.7490813e-02
   5.0295651e-02
   7.0060000e-02
   4.7596145e-02
   2.7591152e-02
   1.8017583e-02
   3.3550397e-02
   2.5175197e-02
   1.7068235e-02
   1.8560696e-02
   3.2555547e-02
   4.7462843e-02
   3.1615648e-02
   3.9190494e-02
   4.1760635e-02
  -4.4847447e-03
   1.8226558e-02
   2.8176814e-02
   3.7965443e-02
   6.0166929e-02
   8.3969072e-02
   3.2357890e-02
   4.5513254e-02
   4.3471761e-02
   4.8703212e-02
   4.3900788e-02
   1.6472263e-02
   4.7540296e-02
   2.8051062e-02
   4.1332807e-02
   3.3049140e-02
   3.4606360e-02
   5.3882796e-02
   3.7870213e-02
   2.0579008e-02
   2.9962538e-02
   1.2178542e-02
   4.6253286e-02
   6.2467434e-02
   3.4628082e-02
   4.8571207e-02
   2.7642097e-02
   4.3502878e-02
   2.5047038e-02
   2.8599286e-02
   2.9936366e-02
   3.5504747e-02
   2.5749218e-02
   4.2585563e-02
   6.7314424e-02
   3.8976304e-02
   2.1543844e-02
   2.0265335e-02
   4.8296873e-02
   3.7046988e-02
   2.2212746e-02
   2.3019491e-02
   1.8476265e-02
   3.1763759e-02
   3.2879453e-02
   5.6963727e-02
   4.8113953e-02
   6.8690978e-02
   1.1100215e-01
   8.7699741e-02
   5.5265203e-02
   6.3397743e-02
   2.8593328e-02
   4.2600840e-02
   6.5077260e-02
   7.5853400e-02
   7.4975796e-02
   3.7471443e-02
   1.3167374e-02
   3.8904455e-02
   4.3101616e-02
   8.9158311e-02
   6.7027561e-02
   4.7345933e-02
   7.5766318e-02
   7.4935250e-02
   9.8136552e-03
   8.8963090e-03
   3.9648645e-02
   4.4442028e-02
   5.4289486e-02
   4.9802575e-02
   6.3891619e-02
   5.8569014e-02
   4.0209681e-02
   1.0993853e-02
   2.1908413e-04
   5.2968763e-02
   7.1684845e-02
   6.0123939e-02
   6.4451545e-02
   2.2970937e-02
   4.7846437e-02
   3.4924764e-02
   2.8377565e-02
   3.6577079e-02
   1.5876658e-02
   1.5691359e-02
   3.0099951e-02
   3.2512829e-02
   5.8074672e-02
   4.9129993e-02
   4.4775087e-02
   2.2360183e-02
   3.0699855e-02
   4.1850135e-02
   3.4627449e-02
   1.7693540e-02
   7.2158067e-03
   3.4134112e-02
   4.0133413e-02
   4.7485825e-02
   5.6160856e-02
   3.8427286e-02
   5.3703915e-02
   4.7419511e-02
   3.9347384e-02
   8.9583201e-03
   3.7021510e-02
   1.7503802e-02
   4.8054479e-02
   3.9444562e-02
   2.1058479e-02
   1.7614538e-02
   1.6498100e-02
   2.8733457e-02
   4.8907202e-02
   4.7196820e-02
   3.0504892e-02
   5.3445622e-02
   3.4458168e-02
   1.4468179e-02
   3.3942819e-02
   5.9353471e-02
   3.4473404e-02
   1.7504841e-02
   4.5741990e-02
   5.4630205e-02
   2.7451344e-02
   3.2614026e-02
   2.6576918e-02
   1.1030661e-02
   8.4129125e-03
   4.7672845e-02
   6.7166552e-02
   3.4969937e-02
   5.6871641e-02
   7.7649638e-02
   7.8160055e-02
   5.2003115e-02
   7.9679349e-03
   1.7244188e-02
   2.3412680e-02
   5.3477041e-02
   5.8972977e-02
   6.2756091e-02
   2.2694629e-02
   1.5936222e-02
   4.7884364e-02
   3.7077323e-02
   4.5196403e-02
   2.1062048e-02
   4.1355591e-02
   1.6491044e-02
   3.9692957e-02
   2.3057368e-02
   2.6857646e-02
   6.3065030e-02
   6.5455578e-02
   7.6967687e-03
   5.9463396e-03
   2.2079222e-02
   3.2064594e-02
   7.0444070e-02
   4.3687705e-02
   3.3583235e-02
   3.5506513e-02
   2.6490958e-02
   9.3149738e-03
   2.9439447e-02
   1.3812108e-01
   1.4579748e-01
   6.8469808e-02
   2.8802224e-02
   3.5956852e-02
   3.6433559e-02
   4.3222044e-02
   5.1192548e-02
   5.8713455e-02
   5.2467648e-02
   4.6472747e-02
   1.9707398e-02
   4.0565562e-02
   4.3446943e-02
   2.1101363e-02
   2.0311162e-02
   1.1440834e-02
   2.6314570e-02
   3.7074380e-02
   1.0596927e-02
   2.9923506e-02
   3.8700845e-02
   5.0562464e-02
   6.6617846e-02
   7.7372782e-02
   3.9870247e-02
   1.7102147e-02
   4.0114461e-03
   2.8520284e-02
   3.1517453e-02
   6.5848984e-02
   1.3370869e-01
   9.6727453e-02
   9.7835287e-02
   6.1756499e-02
   4.1803587e-02
   5.2644968e-02
   8.4037788e-02
   9.3037233e-02
   4.6812959e-02
   3.6687575e-02
   6.0928933e-02
   4.5635153e-02
   6.1289344e-02
   4.1853752e-02
   5.7004560e-02
   3.9916780e-02
   3.2447018e-02
   3.1006694e-02
   1.1202264e-02
   8.6527459e-02
   1.9984427e-01
   1.8628344e-01
   1.3582927e-01
   1.1619095e-01
   8.8716909e-02
   5.6344651e-02
   2.9410545e-02
   1.4092128e-01
   5.6721628e-01
   7.3914695e-01
   4.0764773e-01
   1.1548079e-01
   9.4653390e-02
   1.1830533e+00
   3.8057394e+00
   3.5493786e+00
   1.5178460e+00
   4.1454148e-01
   2.5249532e-01
   4.0773129e-01
   4.9052551e-01
   8.1926298e-01
   8.2979333e-01
   4.3246686e-01
   7.9905801e-02
   1.8668750e-02
   9.6856691e-02
   1.6605069e-01
   2.8580248e-01
   3.2768953e-01
   2.6676241e-01
   1.4748605e-01
   1.0679477e-01
   1.3051552e-01
   1.4072043e-01
   1.1739087e-01
   1.4258946e-01
   1.4279594e-01
   8.6735412e-02
   4.6615429e-02
   3.8726903e-02
   9.3088180e-02
   5.7901584e-02
   2.4554139e-02
   2.6250975e-02
   8.2076071e-03
   4.6455279e-02
   5.5828970e-02
   3.6043189e-02
   3.1977750e-03
   1.1600229e-03
   5.6125544e-02
   2.2115219e-02
   2.7802059e-02
   2.4165876e-02
   2.2983324e-02
   3.0547688e-02
   3.6357675e-02
   3.5500642e-02
   4.2434383e-02
   1.2047983e-01
   1.2759253e-01
   5.7645272e-02
   3.8796976e-02
   2.4505143e-01
   3.7485936e-01
   2.0144433e-01
   1.2613408e-01
   1.3341871e-01
   1.2940277e-01
   1.1147790e-01
   1.1732921e-01
   8.7202504e-02
   1.4311115e-01
   5.2428693e-01
   6.5113205e-01
   3.4768879e-01
   1.0792357e-01
   3.6986601e-02
   2.8052805e-02
   1.6972672e-02
   1.3490328e-01
   1.6652001e-01
   6.7751400e-02
   1.1695202e-02
  -5.0324555e-03
   3.9491285e-02
   4.6744023e-02
   4.7617931e-02
   8.6771667e-02
   4.7448389e-02
   1.4861465e-02
   5.8913883e-02
   3.2950144e-02
   5.6815308e-02
   5.3061754e-02
   4.0991988e-02
   7.7909872e-02
   5.8128808e-02
   7.8032181e-02
   5.6828409e-02
   9.5601350e-02
   8.8820644e-02
   5.5026870e-02
   3.9770123e-02
   7.4370570e-02
   7.9847254e-02
   7.6777309e-02
   1.1607349e-01
   8.5482135e-02
   3.1043785e-02
   7.0059173e-02
   8.4735796e-02
   8.3370253e-02
   1.2618677e-01
   1.1141755e-01
   1.5095735e-01
   1.3254936e-01
   2.1148813e-01
   2.3658627e-01
   1.5325339e-01
   1.0833763e-01
   9.2570804e-02
   1.9480284e-01
   2.5997061e-01
   2.2828168e-01
   8.1923127e-02
   1.9730604e-01
   5.7235885e-01
   7.2611392e-01
   3.8219693e-01
   1.3613267e-01
   2.4227802e-01
   1.0161784e+00
   1.2895030e+00
   6.8747872e-01
   2.4823099e-01
   1.2264469e-01
   2.7235213e-01
   3.7629491e-01
   3.7451026e-01
   2.9606986e-01
   1.9375505e-01
   1.4194196e-01
   1.0853502e-01
   6.9145165e-02
   5.4906346e-02
   3.5224471e-02
   7.9061329e-02
   8.6765029e-02
   4.6938181e-02
   5.4379024e-02
   5.7485800e-02
   6.5627858e-02
   5.7283271e-02
   5.0279796e-02
   5.1219746e-02
   1.8770678e-02
   1.2864216e-02
   2.8923156e-02
   4.7902428e-03
   1.9054700e-02
   4.2060077e-02
   3.8503975e-02
   7.3180057e-02
   6.7290515e-02
   4.0392380e-02
   5.5432059e-02
   6.2192794e-02
   7.2148159e-02
   3.9023027e-02
   1.3387599e-03
   3.6027417e-02
   4.3223485e-02
   6.3008711e-02
   5.8098271e-02
   6.2141363e-02
   5.5666603e-02
   5.4019473e-02
   5.7262704e-02
   6.9664851e-02
   4.2217951e-02
   5.8841445e-02
   3.5896387e-02
   2.9530346e-02
   6.9328763e-02
   1.1029909e-01
   1.5515803e-01
   1.7708999e-01
   1.2071323e-01
   7.3426463e-02
   8.4065728e-02
   2.4364111e-01
   2.9093096e-01
   1.6179633e-01
   7.9428226e-02
   4.6569351e-02
   5.2195255e-02
   3.3532869e-02
   3.5418745e-02
   4.3795325e-02
   7.4043736e-02
   1.1282396e-01
   1.1413733e-01
   4.8491891e-02
   5.7636235e-02
   2.8498229e-02
   3.5081323e-02
   6.8397587e-04
  -2.0940187e-03
   3.0719120e-02
   5.1539440e-02
   9.9462129e-02
   1.0308562e-01
   1.1205619e-01
   1.0413937e-01
   6.4542055e-02
   3.7318200e-02
   3.1442162e-02
   3.4944303e-02
   3.1224685e-02
   2.7851254e-02
   2.7872659e-02
  -1.0918542e-02
   3.2580763e-02
   2.3014692e-03
   4.0632162e-02
   4.6498735e-02
   3.2441299e-02
   4.5065850e-02
   3.5106365e-02
   5.4051500e-02
   3.9460815e-02
  -1.0918091e-02
   3.0927526e-02
   5.1915530e-02
   4.3375168e-02
   3.3992317e-02
   2.0945890e-02
   1.9240247e-02
   5.6341905e-02
   2.7280163e-02
   2.5400108e-02
   3.2695286e-02
   5.0197322e-02
   1.0258318e-01
   8.3609067e-02
   5.9477970e-02
   5.4182615e-02
   2.0415517e-02
   1.0328785e-01
   1.0406197e-01
   5.3680979e-02
   1.6304392e-02
   3.1238183e-02
   1.2144085e-01
   1.5936345e-01
   1.0525109e-01
   5.2485377e-02
   4.4727378e-02
   9.8590344e-02
   8.3066426e-02
   1.1605263e-02
   5.3448949e-02
   1.1155787e-01
   1.6632682e-01
   1.1898439e-01
   5.5207286e-02
   5.4516882e-02
   1.5694360e-01
   1.8399945e-01
   1.6080330e-01
   9.7159028e-02
   6.2307715e-02
   1.7430772e-01
   5.2916688e-01
   4.8526400e-01
   1.9117214e-01
   7.0183747e-02
   1.0093880e-01
   2.2791739e-01
   1.9246268e-01
   1.8936466e-01
   8.0200076e-02
   7.4857935e-02
   1.3431165e-01
   1.0260301e-01
   5.6450829e-02
   5.0949525e-02
   8.0887139e-02
   2.6757931e-02
   6.4987745e-03
   5.5726107e-02
   7.7381395e-02
   7.9737887e-02
   5.1597092e-02
   4.2073805e-02
   3.1755053e-02
   5.1774703e-02
   3.6730058e-02
   5.2112762e-02
   2.0107400e-02
   5.1348891e-02
   8.9048669e-02
   7.1444653e-02
   2.2160511e-02
   4.3142073e-02
   3.8456123e-02
   7.3271222e-02
   3.1240745e-02
   4.6502613e-02
   8.3038621e-03
   3.8909041e-03
   3.7401326e-02
   1.3973083e-02
   2.3234848e-02
   2.9711099e-02
   6.1671961e-02
   5.1867902e-02
   5.6000020e-02
   4.9055140e-02
   4.4257957e-02
   6.6917717e-02
   4.7086425e-02
   6.3299902e-02
   2.3682758e-02
   5.7705089e-02
   1.0601620e-01
   8.1697397e-02
   8.3042830e-02
   7.1762919e-02
   7.8200541e-02
   1.7940648e-01
   2.1673900e-01
   1.1829250e-01
   6.1857563e-02
   3.7524939e-02
   6.7926571e-02
   6.8945102e-02
   7.2840951e-02
   9.2602476e-02
   1.0893109e-01
   7.3694088e-02
   9.1897979e-02
   2.6883144e-02
   7.1157090e-02
   9.1741003e-02
   9.2957750e-02
   5.1569752e-02
   7.1076281e-02
   1.0163808e-01
   5.3623114e-02
   6.7505397e-02
   7.4381173e-02
   1.0040954e-01
   1.8582031e-01
   2.0679215e-01
   1.1830120e-01
   5.6926299e-02
   7.9256013e-02
   2.5996858e-01
   2.1271823e-01
   1.2756391e-01
   1.0535388e-01
   1.9764794e-01
   3.0328736e-01
   2.2232360e-01
   1.2197066e-01
   1.0576394e-01
   3.2058591e-01
   5.1368159e-01
   3.3844876e-01
   9.1414914e-02
   7.5426057e-02
   5.5339152e-01
   1.1298445e+00
   7.8359872e-01
   2.3263952e-01
   2.2361434e-01
   9.6786767e-01
   1.5916697e+00
   1.1624912e+00
   4.7532710e-01
   2.0262489e-01
   3.9502469e-01
   4.2104831e-01
   2.1814352e-01
   8.5816368e-02
   1.4809291e-01
   3.0214462e-01
   2.9211038e-01
   6.1626464e-02
   2.5904050e-02
   1.8809316e-01
   2.0398641e-01
   1.1604434e-01
   8.7774858e-02
   9.9018998e-02
   3.5510577e-02
   4.8787463e-03
   2.6349476e-02
   2.7532149e-02
   1.5177132e-03
   1.4033201e-03
   2.3176569e-02
   7.3001325e-02
   9.6086368e-02
   2.8215289e-02
   4.7867168e-02
   5.2326426e-02
   6.3077718e-02
   3.6738988e-02
   1.2030838e-02
   8.4197283e-02
   1.0143918e-01
   8.6970642e-02
   9.0513587e-02
   6.8787247e-02
   1.0375475e-01
   1.0448716e-01
   5.1736157e-02
   6.0686063e-02
   9.5530659e-02
   1.0243881e-01
   1.7408079e-02
   8.8031262e-02
   1.0817255e-01
   7.1209066e-02
   4.7174301e-02
   5.3202964e-02
   1.3447158e-01
   2.8384367e-01
   2.7374837e-01
   1.2695333e-01
   4.3838128e-02
   9.5276631e-02
   1.5321384e-01
   1.1610968e-01
   6.4212769e-02
   7.2615393e-02
   7.2780281e-02
   9.4219446e-02
   9.0097234e-02
   7.5546205e-02
   7.9107091e-02
   1.4894778e-01
   1.2223376e-01
   4.8333425e-02
   2.0967305e-02
   1.2259938e-02
   3.8030678e-03
   1.0997109e-02
   2.6965434e-02
   4.9769130e-02
   4.9652878e-02
   3.9212041e-02
   3.9441608e-02
   4.7772609e-02
   1.0682887e-02
   4.3846160e-02
  -6.4162019e-04
   4.2852197e-02
   9.3689181e-02
   1.6717213e-01
   1.1048447e-01
   5.4650337e-02
   3.3535641e-02
   5.5284921e-02
   3.4420136e-02
   3.7294272e-02
   3.5749409e-02
   4.7470871e-02
   1.1781630e-02
   3.2068655e-02
   2.3153514e-02
   7.9098484e-03
   6.3450240e-02
   8.3976462e-02
   2.5457330e-02
   8.1011266e-02
   1.7364636e-01
   2.3890625e-01
   2.5674754e-01
   1.5651017e-01
   5.4560781e-02
   6.1076928e-02
   1.4193030e-01
   1.8049225e-01
   1.1380406e-01
   8.4984891e-02
   9.4125107e-02
   2.3727232e-01
   2.8936720e-01
   2.2158541e-01
   1.0332603e-01
   8.0914631e-02
   8.9706488e-02
   8.2964763e-02
   2.5880087e-02
   1.7361026e-02
   2.1018058e-02
   3.9389472e-02
   4.4895053e-02
   3.3300433e-02
   4.7046170e-02
   9.1277301e-02
   6.5848477e-02
   3.1212136e-02
   1.8227890e-02
   3.0791745e-02
   4.2781580e-02
   3.4565914e-02
   3.3395074e-02
   1.3503321e-02
  -3.9823493e-03
   2.1132374e-02
   6.9103435e-02
   8.0539912e-02
   7.0775919e-02
   7.5022310e-02
   3.6081564e-02
   6.6582806e-02
   1.0510806e-01
   1.0330602e-01
   7.5411431e-02
   9.5051147e-02
   4.6233583e-02
   2.0052744e-02
   5.6890730e-02
   5.2023113e-02
   3.6441993e-02
   2.9273748e-02
   2.8737811e-02
   1.9098192e-02
   9.4191749e-03
   1.3837063e-02
   4.4140574e-02
   1.2122798e-01
   1.5934052e-01
   9.1094203e-02
   4.8954792e-02
   5.7769991e-02
   5.2341223e-02
   2.3069501e-02
   6.7477718e-02
   7.1383290e-02
   8.3670624e-02
   9.0000004e-02
   8.4882908e-02
   6.3923441e-02
   5.9473760e-02
   2.8236212e-02
   2.5268350e-02
   4.2970091e-02
   6.5195173e-02
   1.0270820e-01
   1.1943077e-01
   8.8237390e-02
   6.5842576e-02
   2.8357560e-02
   4.1073091e-02
   2.6853533e-02
   4.7104359e-03
   2.9082507e-02
   2.1646241e-02
   4.6194240e-02
   3.8328353e-02
   2.8359970e-02
   1.2908631e-04
   4.7363069e-02
   4.6795659e-02
   4.5250487e-02
   4.4982880e-02
   2.7669227e-02
   1.0367362e-02
   1.4359684e-02
   1.8483568e-02
   1.0571785e-02
   3.6333945e-02
   4.6602387e-02
   6.6668101e-02
   1.0653350e-01
   3.4776591e-02
   1.1355474e-02
   3.0493299e-02
   3.5036549e-02
   3.1684451e-02
   4.0093824e-02
   2.4720227e-02
   5.4885808e-02
   6.5841019e-02
   7.2958328e-02
   2.9151587e-02
   2.9449675e-02
   4.2146191e-02
   4.6890389e-02
   4.4745784e-02
   3.8194325e-02
   4.4210125e-02
   7.1021594e-02
   9.0542465e-02
   1.1197925e-01
   7.2800271e-02
   2.2208707e-02
   1.4711449e-02
   3.0528668e-02
   4.2519268e-02
   1.9448908e-02
   9.8471455e-03
   1.6614819e-02
   3.0430667e-02
   2.2054045e-02
   4.1706879e-02
   2.7723709e-02
   3.0951701e-02
   6.6574335e-02
   5.8640927e-02
   3.1312194e-02
   1.1469854e-02
   2.1620063e-02
   3.7639581e-02
   2.3210555e-02
   3.6937002e-02
   6.1010614e-02
   2.6764298e-02
   3.9553173e-02
   6.9175407e-02
   1.0722116e-01
   6.1533250e-02
   3.1647183e-02
   5.1127106e-02
   3.3652436e-02
   1.8901031e-02
   3.6650788e-02
   2.6958836e-02
   3.8536057e-02
   4.7609825e-02
   3.5429277e-02
   5.3353962e-02
   4.4421811e-02
   5.1991187e-02
   3.7811410e-02
   1.7546933e-02
   9.4880685e-03
   4.2153005e-02
   5.8166947e-02
   4.5534071e-02
   4.5148313e-02
   3.6595304e-02
   3.0576307e-02
   3.9461967e-02
   6.0450573e-02
   3.2965966e-02
   2.6429666e-02
   5.2909549e-02
   2.6369356e-02
   1.1387347e-02
   2.9326683e-02
   4.2934328e-02
   1.5627718e-02
   3.2283276e-02
   3.3554602e-02
   4.1301638e-02
   2.0266308e-02
   3.5717156e-02
   5.6290470e-02
   3.8458176e-02
   3.7328381e-02
   4.0609349e-02
   1.1993689e-02
   9.3080234e-03
  -1.0478884e-02
   1.9934004e-02
   4.8579428e-02
   3.3064671e-02
   3.1436052e-02
   4.2387553e-02
   5.0067082e-02
   4.1584507e-02
   2.1941248e-02
   1.4467594e-02
   3.8692612e-02
   2.1058563e-02
   1.7716466e-02
   3.5523165e-02
   3.3584185e-02
   4.5460004e-02
   4.4178747e-02
   4.5570247e-02
   4.7886927e-02
   3.4936853e-02
   3.7987962e-02
   7.7419947e-03
   3.4527369e-03
   3.0344019e-02
   4.7653317e-02
   3.5632502e-02
   4.4469837e-02
   5.5793878e-02
   5.4601863e-02
   3.4205556e-02
   3.9919153e-02
   3.7960708e-02
   3.7417281e-02
   4.4379417e-02
   5.2312583e-02
   4.6067618e-02
   2.3884222e-02
   3.5830725e-02
   4.1824300e-02
   4.5524735e-02
   4.5914374e-02
   3.7802625e-02
   6.2253077e-02
   2.7512750e-02
   1.5819563e-02
   3.3699572e-02
   2.9142311e-02
   3.1371791e-02
   5.5497583e-02
   5.6717489e-02
   5.3972300e-02
   3.3426460e-02
   3.0148888e-02
   4.4769019e-02
  -3.7995034e-03
  -7.5866263e-03
   2.6613031e-02
   2.1496296e-02
   3.7329968e-02
   3.2658897e-02
   2.0882528e-02
   2.3449408e-02
   3.3214103e-02
   4.4906773e-02
   5.0242238e-02
   5.2027598e-02
   5.4482035e-02
   1.0791309e-02
   1.4414034e-02
   2.0107107e-02
   1.4438157e-02
   2.0766376e-02
   3.9130438e-02
   5.9912656e-02
   6.0127169e-02
   5.7013117e-02
   6.0321867e-02
   4.3965239e-02
   8.7341703e-03
   2.2194797e-02
   4.3350231e-02
   8.2014062e-02
   6.0299311e-02
   3.3648726e-02
   4.8370410e-02
   1.7744457e-02
   9.6005328e-02
   2.5673342e-01
   2.3141438e-01
   1.0854940e-01
   7.5287715e-02
   1.2095119e-01
   1.4620632e-01
   1.0159677e-01
   1.0971714e-01
   8.4543951e-02
   5.5359606e-02
   3.6985986e-02
   4.5221478e-02
   6.4651139e-02
   9.5699407e-02
   4.7049850e-02
   2.5094179e-02
   3.5972588e-02
   2.9574480e-02
   4.0410206e-02
   3.0225443e-02
   3.8446780e-02
   4.0374547e-02
   1.9945063e-02
   2.8960086e-02
   5.4817196e-02
   3.3086207e-02
   3.7668381e-02
   3.4059212e-02
   3.0200498e-02
   3.1706851e-02
   3.5687126e-02
   5.8478206e-02
   2.5136959e-02
   1.6654722e-02
   1.6092271e-02
   3.1195750e-02
   4.6533462e-02
   3.5665020e-02
   2.9383035e-02
   2.2457570e-02
   4.5889895e-02
   3.4775678e-02
   6.3869737e-02
   2.8888995e-02
   1.1861552e-03
   1.9400477e-02
   3.7042733e-02
   3.1388167e-02
   5.6831349e-02
   3.4166832e-02
   3.7009336e-02
   4.2933922e-02
   5.8892913e-02
   6.1851654e-02
   5.4835960e-02
   4.7347385e-02
   5.0543845e-02
   4.4462267e-02
   5.2908648e-02
   4.8929960e-02
   4.9980458e-02
   2.3410646e-02
   4.7216102e-02
   3.8240571e-02
   4.4836979e-02
   3.8321108e-02
   3.1993847e-02
   2.9160721e-02
   3.1604484e-02
   4.3965533e-02
   5.9119470e-02
   5.6215752e-02
   1.8469786e-02
   3.0528126e-02
   3.1064931e-02
   1.3867206e-02
   2.9282037e-02
   5.4445017e-02
   3.2278869e-02
   3.0505262e-02
   1.8339390e-02
   1.5242398e-02
   2.8681071e-02
   4.2839315e-02
   3.9247725e-02
   2.6790863e-02
   3.3635791e-02
   3.3319794e-02
   4.5650106e-02
   7.9915345e-02
   5.3954456e-02
   3.6351793e-02
   3.5043702e-02
   4.9881358e-02
   5.7673708e-02
   4.3743197e-02
   5.1748190e-02
   2.8354583e-02
   1.9079622e-02
   1.6179189e-02
   3.4048803e-02
   2.7380338e-02
   3.8260277e-02
   3.4501147e-02
   4.1722935e-02
   3.7149496e-02
   3.7099164e-02
   1.1529599e-02
   4.1171785e-02
   1.6455520e-02
   1.6088940e-02
   1.1553121e-02
   3.3852823e-02
   4.6319779e-02
   4.4196837e-02
   2.7338222e-02
   1.9566368e-02
   3.0930573e-02
   3.2162972e-02
   3.5554811e-02
   3.3741560e-02
   3.3105414e-02
   4.6959333e-02
   5.2676074e-02
   4.1322008e-02
   1.2034670e-02
   1.1194013e-02
   1.6681580e-02
   3.3827711e-02
   3.4226157e-02
   3.2789625e-02
   3.7140552e-02
   4.0421113e-02
   5.5024423e-02
   8.4594704e-02
   5.2110642e-02
   4.1749030e-02
   3.1556889e-02
   5.9477158e-02
   6.3062988e-02
   3.6010064e-02
   1.1493631e-02
   6.6167424e-03
   1.7240439e-02
   2.2090076e-02
   1.6105475e-02
   1.2501311e-02
   1.8475363e-02
   6.5506557e-03
   1.7401196e-02
   4.9251117e-02
   2.7916985e-02
   2.8010039e-02
   2.6476445e-02
   4.2694673e-02
   3.6567841e-02
   3.0305147e-02
   2.7396550e-02
   4.9869761e-02
   3.4012195e-02
   6.2850439e-03
   3.7572801e-02
   3.1030670e-02
   4.6649098e-02
   1.0381658e-02
   2.7076250e-02
   2.7845688e-02
   3.9829120e-02
   2.1218674e-02
   3.1771529e-02
   1.8777976e-02
   3.3514746e-02
   5.1943898e-02
   5.2879401e-02
   4.1678675e-02
   2.2359882e-02
   2.8608754e-02
   2.7039832e-02
   5.5977367e-02
   5.4222774e-02
   3.7680324e-02
   3.2853324e-02
   4.9092099e-02
   4.3968815e-02
   4.9826883e-02
   4.4635247e-02
   2.2851011e-02
   3.5413445e-03
   2.4926778e-02
   3.6849186e-02
   3.1215720e-02
   4.8652351e-02
   4.7418453e-02
   3.3741299e-02
   3.1776991e-02
   3.8392175e-02
   4.5250427e-02
   5.2152336e-02
   2.2805149e-02
   4.8400175e-02
   4.8127033e-02
   2.7466239e-02
   7.2663657e-02
   5.6031663e-02
   2.4598602e-02
   3.8415302e-02
   4.8365813e-02
   5.4407924e-02
   3.6679499e-02
   5.4517183e-02
   4.0165748e-02
   2.6870435e-02
   1.3096386e-02
   1.1073782e-02
   3.0325782e-02
   4.0747318e-02
   3.1710375e-02
   2.9732382e-02
   3.8056359e-02
   4.2266827e-02
   6.0449205e-02
   4.4594135e-02
   2.7841059e-02
   9.2214653e-03
   2.2021748e-02
   3.7051469e-02
   5.8188941e-02
   5.3378530e-02
   4.5157935e-02
   2.3624895e-02
   1.8764837e-02
   1.5109468e-02
   2.7064012e-02
   3.7602972e-02
   5.4636788e-02
   4.8257086e-02
   2.0951094e-02
   4.1035336e-02
   7.8365326e-02
   4.9724214e-02
   5.2284881e-02
   5.3596649e-02
   4.7927242e-02
   6.5846488e-02
   5.5269372e-02
   4.2981748e-02
   3.1516232e-02
   5.2148540e-02
   4.8465084e-02
   3.5834692e-02
   2.2483204e-02
   3.2165524e-02
   3.0223269e-02
   4.5229930e-02
   4.1935641e-02
   6.4743519e-02
   5.8672618e-02
   3.8206939e-02
   6.6777463e-03
   4.4543992e-04
   2.1522582e-02
   4.1476231e-02
   4.3430164e-02
   7.4113429e-02
   8.1960872e-02
   4.8604529e-02
   3.8007915e-02
   1.3820237e-02
   4.1078627e-02
   2.1254348e-02
   1.3181241e-02
  -8.6247697e-03
   1.9367110e-02
   4.8317857e-02
   3.0444093e-02
   2.3505459e-02
   2.1948162e-02
   2.9520797e-02
   4.7267962e-02
   4.4851527e-02
   3.7598502e-02
   1.7717123e-02
   4.9150974e-02
   6.2304817e-02
   6.5308988e-02
   1.9172315e-02
   1.0811988e-02
   2.5784418e-02
   3.3731654e-02
   2.1167452e-02
   2.7595118e-02
   2.0652030e-02
   1.9267435e-03
   1.4857563e-02
   2.9682755e-02
   5.8257025e-02
   5.3057507e-02
   3.8505986e-02
   3.6046822e-02
   3.9478458e-02
   2.3421174e-02
   1.8470751e-02
   4.4343464e-02
   4.6435982e-02
   2.2126745e-02
   1.9807663e-02
   1.2368672e-02
   3.9551608e-02
   4.3744255e-02
   2.2959616e-02
   3.1780828e-02
   3.5774626e-02
   3.3631053e-02
   3.5082970e-02
   4.1679852e-02
   2.7846575e-02
   3.4057014e-02
   3.6978334e-02
   3.8390342e-02
   4.4462848e-02
  -1.0251723e-03
   1.9455288e-02
   2.8083967e-02
   1.7907225e-02
   2.7109485e-02
   4.6935007e-02
   4.2651236e-02
   2.6439004e-02
   1.6665777e-02
   5.9434935e-02
   6.5714225e-02
   5.7551429e-02
   6.4939640e-02
   4.7088552e-02
   4.1988965e-02
   3.8370341e-02
   2.9180264e-02
   2.9928468e-02
   4.0125273e-02
   2.5332028e-02
   9.2335362e-03
   2.6103461e-02
   3.5108183e-02
   6.0687952e-02
   7.6588631e-02
   5.9624761e-02
   2.4087653e-03
   2.8852547e-02
   3.4104362e-02
   2.1419877e-02
   1.5625494e-02
   5.7728395e-02
   1.2045665e-01
   7.0129097e-02
   5.4335032e-02
   4.0579766e-02
   3.1391364e-02
   3.3656698e-02
   2.9399864e-02
   1.6324574e-02
   8.9428015e-02
   2.6777020e-01
   2.9148799e-01
   2.3951335e-01
   1.0070633e-01
   4.4211991e-02
   4.3391526e-02
   2.9485386e-02
   2.3475323e-02
   1.3640000e-02
   1.2401438e-02
   1.3989314e-02
   2.8010137e-02
   4.6613771e-02
   3.9813541e-02
   5.4230917e-02
   4.9220644e-02
   2.9769348e-02
   2.9752947e-02
  -1.6117930e-04
   1.0673583e-03
   2.9920463e-02
   3.2123141e-02
  -7.1181455e-03
   1.5333348e-02
   3.9763268e-02
   3.7994288e-02
   2.1849912e-02
  -3.2173721e-03
   2.2905605e-02
   4.0483624e-02
   2.1209635e-02
   3.6221314e-02
   6.9355972e-02
   7.1427792e-02
   4.6838682e-02
   2.8694449e-02
   3.6649711e-02
   2.1494437e-02
   3.0820217e-02
   3.4501705e-02
   2.6043991e-02
   8.7002896e-02
   1.5535688e-01
   1.7183293e-01
   9.7485997e-02
   3.3138476e-02
   2.9935397e-02
   3.4043834e-02
   2.0532731e-02
   2.0263558e-02
   3.1119764e-02
   3.9434090e-02
   6.5621220e-02
   3.9457738e-02
   6.8483695e-02
   6.9564275e-02
   3.6109485e-02
   3.4617189e-02
   3.7783571e-02
   2.4314269e-02
   1.7753115e-02
   1.4913469e-02
   2.3462512e-02
   2.4425840e-02
   3.1541049e-02
   2.9738896e-02
   2.7977020e-02
   4.0899385e-02
   2.1984881e-02
   3.3588512e-03
   2.0661116e-02
   3.0146291e-02
   3.3615229e-03
   3.2716446e-02
   4.1128725e-02
   2.8360682e-02
   2.5968030e-02
   3.6760382e-02
   4.6932150e-02
   5.5831905e-02
   3.6048785e-02
   2.6210679e-02
   3.0842859e-02
   2.2162931e-02
   6.1236825e-03
   3.1231411e-02
   2.5070537e-02
   1.4649389e-02
   3.8106568e-02
   2.2978365e-02
   5.0300952e-02
   3.5651173e-02
   8.6137066e-03
   1.8598884e-02
   4.4855375e-02
   1.8296318e-02
   2.5541887e-02
   4.0284984e-02
   6.4959191e-02
   8.8943787e-02
   9.7653612e-02
   5.7519764e-02
   2.3206947e-02
   2.8613655e-02
   3.1330660e-02
   1.7245961e-02
   3.6375515e-02
   3.2172605e-02
   2.9153220e-02
   3.9423097e-02
   3.2000612e-02
   4.2221673e-02
   2.8342208e-02
   2.1651296e-02
   3.5912823e-02
   2.5485979e-02
   1.9155398e-02
   3.7263550e-02
   8.9291912e-03
   3.3605125e-02
   3.2449022e-02
   1.9669844e-02
   2.3166083e-02
   3.3485483e-02
   5.9729189e-02
   5.1763665e-02
   1.5210993e-02
   1.0111194e-02
   4.4982776e-02
   4.2793248e-02
   4.2584985e-02
   6.0146119e-02
   3.1274591e-02
   1.9429240e-02
   3.9018333e-02
   3.1357512e-02
   4.2335488e-02
   8.6636310e-03
   5.5062035e-03
   3.2602694e-02
   3.2012358e-02
   3.2287616e-02
   5.5699058e-02
   2.7754823e-02
   4.9613111e-02
   2.2876365e-02
   5.5199997e-03
   4.3524269e-02
   6.6545621e-02
   4.3405056e-02
   4.0297758e-02
   3.1685531e-02
   3.9816748e-02
   2.8599357e-02
   4.4387620e-02
   4.5549601e-02
   1.6005130e-02
   3.1032123e-02
   1.0940676e-02
   3.0181983e-03
   4.1074876e-02
   6.2786452e-02
   3.9911572e-02
   1.4982513e-02
   7.6625389e-03
   2.3681398e-02
   3.5457287e-02
   3.4984775e-02
   2.5342239e-02
   1.2241794e-02
   2.7118554e-02
   3.6912739e-02
   3.7564639e-02
   4.4783842e-02
   4.6274122e-02
   4.6120334e-02
   6.6792503e-02
   4.5189440e-02
   2.8417094e-02
   1.3846958e-02
   5.7519246e-03
   1.4313920e-02
   5.1583607e-02
   4.1028265e-02
   3.5066474e-02
   3.2853007e-02
   1.0517349e-02
   3.7412748e-02
   2.8215041e-02
   1.9738859e-02
   2.5197506e-02
   5.3990907e-03
   2.1031337e-02
   3.4066677e-02
   5.0848182e-02
   5.2070610e-02
   3.5323747e-02
   3.4770694e-02
   3.7553761e-02
   3.4328680e-02
   2.2128649e-02
   3.8422827e-02
   5.6489315e-02
   4.8301134e-02
   5.0209399e-02
   2.0690305e-02
   2.1643577e-02
   1.2172213e-02
   2.9301976e-03
   1.9749220e-02
   2.2902200e-02
   1.9308714e-02
   3.8191352e-02
   4.8492290e-02
   3.8807299e-02
   3.2426648e-02
   3.3847339e-02
   3.8966656e-02
   3.0409105e-02
   3.3598505e-02
   6.3179530e-02
   7.3959053e-02
   5.3910434e-02
   4.2159282e-02
   1.9746074e-02
   3.6359204e-03
   4.2792514e-02
   4.1242111e-02
   2.9190667e-02
   3.9034445e-02
   3.8337175e-02
   2.5580952e-02
   5.4879606e-02
   4.3857042e-02
   4.0301263e-02
   4.3420438e-02
   4.2621519e-02
   4.0782657e-02
   4.7498211e-02
   2.8543130e-02
   1.6665816e-02
   1.7549329e-02
   1.5949203e-02
   2.6023531e-02
   3.9606716e-02
   4.7530960e-02
   4.0863965e-02
   3.9977014e-02
   5.4659963e-02
   1.5769297e-02
   1.6528076e-02
   2.7672242e-02
   8.8185938e-03
   2.3994045e-02
   4.1479763e-02
   4.2411674e-02
   3.7392441e-02
   5.3519543e-02
   4.6186604e-02
   2.9495316e-02
   4.6028510e-02
   4.0452268e-02
   3.6116961e-02
   4.7134429e-02
   4.0364590e-02
   3.9702579e-02
   2.5596231e-02
   3.5453632e-02
   1.4150437e-02
   2.0532148e-02
   1.9526945e-02
   5.3645261e-02
   3.8592741e-02
   2.1114258e-02
   2.4163529e-02
   3.1214952e-02
   1.8524528e-02
   4.5280993e-02
   6.4456187e-02
   3.0969623e-02
   1.6819671e-02
   1.6718425e-03
   6.8636904e-03
   2.9509770e-02
   5.7954438e-02
   3.7073415e-02
   4.2123817e-02
   3.5078604e-02
   3.6571674e-02
   2.3196649e-02
   1.7294209e-02
   3.1349789e-02
   4.0473744e-02
   4.8707195e-02
   4.7765076e-02
   3.4359036e-04
   3.6681291e-02
   3.7270088e-02
   1.6570345e-02
   4.4079244e-02
   4.8925664e-02
   5.0203975e-02
   4.0289931e-02
   3.1840038e-02
   2.9928822e-02
   5.2981537e-02
   9.0623759e-03
   1.4671005e-02
   4.2532980e-02
   3.1633921e-02
   2.1142835e-02
   1.2935719e-02
   3.0245084e-02
   3.6508918e-02
   5.4683790e-02
   4.2533737e-02
   3.4178391e-02
   4.9774598e-02
   4.4605747e-02
   3.0345775e-02
   2.7230326e-02
   5.6625877e-02
   7.2643504e-02
   7.7792890e-02
   6.7929216e-02
   4.6979107e-02
   2.5597539e-02
   2.1106657e-02
   1.7411368e-02
   3.2090936e-02
   3.2658361e-02
   3.6652420e-02
   1.2036819e-02
   3.3670451e-02
   4.4716399e-02
   3.2349959e-02
   1.1649488e-02
   1.2249508e-02
   3.0878978e-02
   6.2257711e-02
   4.2374361e-02
   3.7876055e-02
   1.5188160e-02
   1.2218832e-02
   4.7921788e-02
   8.3499610e-02
   7.4885815e-02
   8.8447981e-02
   7.1450658e-02
   3.2903459e-02
   2.5616074e-02
   2.8757814e-02
   6.7685708e-02
   5.6483131e-02
   6.9798104e-02
   4.7028329e-02
   3.0886305e-02
   2.3037468e-03
   1.5999625e-02
   2.1927472e-02
   2.4765717e-02
   2.5302134e-02
   4.7151465e-02
   3.1018954e-02
   2.3014715e-02
   5.0527010e-02
   4.8295282e-02
   4.0487032e-02
   1.5136291e-02
   2.3154359e-02
   3.5202611e-02
   4.0439993e-02
   4.4111796e-02
   4.4921067e-02
   5.5159360e-02
   6.1691605e-02
   1.0429064e-01
   7.7564262e-02
   2.2697324e-02
   2.9588599e-02
   1.5025180e-02
   3.0648408e-02
   4.9351390e-02
   1.9667825e-02
   2.1192564e-02
   1.4060378e-02
   6.3760909e-03
   3.5120051e-02
   4.8486881e-02
   3.7369154e-02
   4.7416590e-02
   3.0696306e-02
   3.5001852e-02
   3.0859154e-02
   3.3547506e-02
   4.3975599e-02
   4.6897382e-02
   4.3911342e-02
   2.8064087e-02
   4.1035302e-02
   3.0994648e-02
   3.7585940e-02
   6.1817773e-02
   7.7068120e-02
   4.2283896e-02
   2.1485705e-02
   2.9693572e-02
   7.5714648e-02
   4.3732788e-02
   3.4120735e-02
   9.7439699e-03
   4.2804677e-02
   6.7608625e-02
   9.6394859e-02
   5.9099711e-02
   3.8994089e-02
   3.0629560e-02
   2.1675671e-02
   3.8318504e-02
   4.4157777e-02
   1.2754564e-01
   2.1855073e-01
   2.2990288e-01
   1.4992836e-01
   8.1591897e-02
   1.0567370e-02
   1.2635921e-02
   3.4263361e-02
   2.4390625e-02
   4.0143363e-02
   3.1310804e-02
   4.4675425e-02
   3.9288267e-02
   4.0523849e-02
   3.9271455e-02
   6.0832996e-02
   9.6143559e-02
   1.0789309e-01
   1.0894820e-01
   7.6886378e-02
   3.1922102e-02
   1.2660288e-02
   1.2534360e-02
   4.9668893e-02
   1.8349822e-01
   2.2928247e-01
   1.4405261e-01
   6.3298322e-02
   3.0370291e-02
   1.8084396e-02
   5.2452676e-02
   3.7923537e-02
   4.5417860e-02
   2.1627298e-02
   3.1028647e-02
   5.1647570e-02
   2.5246775e-02
   9.2494339e-02
   6.7006581e-02
   3.8658526e-02
   4.2885870e-02
   2.7524015e-02
   3.9589480e-02
   5.1055204e-02
   4.6936579e-02
   1.6016867e-02
   3.5800055e-02
   4.3570761e-02
   5.1471494e-02
   3.1459574e-02
   1.7435135e-02
   1.7830836e-02
   2.2384642e-02
   2.8114755e-02
   1.5595228e-02
   4.9672771e-02
   9.9395603e-02
   1.4879189e-01
   1.1682409e-01
   3.8769886e-02
   3.4338392e-02
   2.5794582e-02
   1.8042563e-02
   2.8581791e-02
   3.1363145e-02
   4.4395968e-02
   6.0458496e-02
   4.6405762e-02
   2.5707850e-02
   2.5873842e-02
   3.3722356e-02
   2.2896735e-02
   8.1318747e-03
   5.3752586e-02
   7.9384901e-02
   4.9815271e-02
   1.0566576e-02
   3.2694247e-02
   7.8628287e-02
   5.9881873e-02
   5.0570134e-02
   5.7558905e-02
   1.9979484e-02
   3.9713560e-03
   2.0918757e-02
   7.5563632e-02
   1.0370027e-01
   1.1690101e-01
   9.6578613e-02
   6.4683631e-02
   6.3806444e-02
   5.1614214e-02
   4.0706594e-02
   5.2067701e-02
   7.4338168e-02
   4.8239339e-02
   4.8419204e-02
   4.6457332e-02
   1.8944770e-02
   2.3150643e-02
   1.2793137e-01
   1.6086012e-01
   8.0761582e-02
   2.1990199e-02
   2.3076974e-02
   3.1280950e-02
   4.1239537e-02
   1.8668877e-01
   6.1398339e-01
   9.7768074e-01
   8.8865834e-01
   4.0408847e-01
   1.3096279e-01
   1.9546727e-02
   9.0501206e-03
   8.1941567e-02
   1.7596538e-01
   1.2953067e-01
   7.9957843e-02
   9.5268413e-02
   8.3862223e-02
   4.3203719e-02
   6.0588025e-02
   3.8375482e-01
   7.6002854e-01
   7.3878032e-01
   3.7634060e-01
   1.5288739e-01
   8.0572844e-02
   2.6544025e-02
   4.6356656e-02
   4.6014261e-02
   5.3575326e-02
   4.3155752e-02
   7.0276171e-02
   1.5164708e-01
   1.4640109e-01
   7.0952557e-02
   8.4080562e-02
   6.5886334e-02
   3.6968917e-02
   2.8173940e-02
  -1.9788556e-03
   5.5517785e-02
   2.9034067e-02
   4.1060254e-02
   5.9026700e-02
   8.0107361e-02
   7.2851054e-02
   7.3304109e-02
   4.3392118e-02
   5.3081259e-02
   4.2072807e-02
   4.9073108e-02
   3.5026088e-02
   7.3078044e-02
   1.3431449e-01
   1.4215417e-01
   1.4789671e-01
   1.2249511e-01
   7.4509844e-02
   3.2942150e-02
   1.0348354e-02
   4.9745976e-03
   1.3457529e-02
  -8.3168391e-03
   1.9504977e-02
   2.7787434e-02
   3.6987267e-02
   5.8834158e-02
   3.6160730e-02
   4.1566614e-02
   8.0697365e-02
   3.8656767e-02
   2.7130755e-02
   6.4678495e-03
   4.7856182e-02
   6.5625444e-02
   6.5096565e-02
   5.7870608e-02
   5.6999568e-02
   4.7708973e-02
   2.8653946e-02
   1.8171808e-02
   2.1944815e-02
   5.9295405e-02
   4.4298936e-02
   1.2339730e-02
   1.5296787e-01
   2.6586309e-01
   2.4143392e-01
   1.4836958e-01
   5.8852728e-02
   3.6577746e-02
   6.6960618e-02
   5.5377495e-02
   6.1290048e-02
   1.1143235e-01
   2.0119354e-01
   2.4505104e-01
   2.7205712e-01
   1.9293392e-01
   1.0969672e-01
   1.0425716e-01
   1.2982957e-01
   1.3761158e-01
   1.2989011e-01
   1.1974864e-01
   2.5801671e-01
   2.7169082e-01
   1.4162226e-01
   6.2841907e-02
   1.5846758e-01
   1.6324274e-01
   1.7519371e-01
   1.6301589e-01
   1.1386435e-01
   4.8229177e-02
   3.5166174e-02
   6.8716690e-02
   8.3016500e-02
   3.4675252e-02
   2.1176104e-02
   2.4210336e-03
   2.1324767e-02
   4.3376371e-02
   5.3830564e-02
   3.9275195e-02
   4.0200140e-02
   2.1447843e-02
   2.9981632e-02
   1.7832601e-02
  -1.3508942e-02
  -1.4120944e-02
   2.7083086e-02
   1.0149786e-01
   1.1353178e-01
   6.5173969e-02
   5.0012019e-02
   5.8022704e-02
   2.9607123e-02
   3.7508648e-02
   6.7909211e-02
   8.5991301e-02
   5.7769697e-02
   2.7136078e-02
   4.4136293e-02
   8.3142370e-02
   4.9346488e-02
   5.2909061e-02
   5.5086296e-02
   6.8660893e-02
   8.7929979e-02
   5.0017767e-02
   5.3721547e-02
   4.4844236e-02
   4.5499876e-02
   5.6154653e-02
   8.5514355e-03
  -6.8944618e-03
   6.0823723e-04
   6.2801376e-02
   4.4244416e-02
   7.1431927e-02
   7.0017874e-02
   2.1248337e-02
   2.1055669e-02
   3.5068493e-02
   7.5885080e-02
   1.8745582e-01
   4.5990664e-01
   5.1344001e-01
   3.8953117e-01
   2.0511252e-01
   6.3718550e-02
   1.8112687e-02
   3.0126100e-02
   7.5133681e-02
   3.0692430e-02
   4.2831000e-02
   8.8530697e-02
   1.4051835e-01
   1.4856474e-01
   7.9749346e-02
   6.4263187e-02
   5.3924855e-02
   3.8683314e-02
   5.7669386e-02
   5.8717269e-02
   5.6552608e-02
   7.7039979e-02
   6.3273102e-02
  -7.3764438e-04
   2.3191519e-02
   4.3489683e-02
   3.6847498e-02
   7.1772546e-02
   7.3437341e-02
   9.7168371e-02
   6.4398587e-02
   5.4582894e-02
   4.9520321e-02
   3.1232852e-02
   9.6491404e-02
   1.3202770e-01
   9.3983039e-02
   3.3578765e-02
   4.0651754e-02
   3.1706989e-02
   4.2736940e-02
   5.6759886e-02
   5.4999780e-02
   5.6775920e-02
   7.5724974e-02
   4.9924854e-02
   9.8236091e-02
   1.2834199e-01
   1.0790692e-01
   5.7518229e-02
   4.4989098e-02
   6.5647349e-02
   3.2926954e-02
   2.5282016e-03
   4.6536148e-02
   1.6942428e-01
   2.1197435e-01
   1.5506960e-01
   7.4744612e-02
   5.2401453e-02
   2.7089303e-02
   4.4145808e-02
   4.1618127e-02
   7.6860428e-02
   1.2910722e-01
   1.2676534e-01
   1.4947577e-01
   1.3124001e-01
   7.9696633e-02
   1.2295468e-01
   1.8995263e-01
   1.1809934e-01
   5.4360777e-02
   2.1840510e-01
   4.3440205e-01
   3.6630288e-01
   1.4236449e-01
   7.1712017e-02
   8.8529520e-02
   5.5434156e-02
   4.4630706e-02
   4.6595085e-02
   5.0091069e-02
   4.9972758e-02
   1.4301805e-03
   1.6743384e-02
   6.2614940e-02
   4.6356976e-02
   6.5709151e-02
   1.7002323e-01
   1.3156873e-01
   9.1607250e-02
   6.2080350e-02
   3.9286863e-02
   4.0435344e-03
   6.5200184e-03
   6.6754013e-02
   8.8180497e-02
   5.4436613e-02
   3.6261357e-02
   5.4565340e-02
   1.6419781e-02
   1.9536128e-02
   2.7412580e-02
   5.4727796e-02
   5.3414520e-02
   4.4912130e-02
   1.1368069e-01
   1.8860616e-01
   8.2641713e-02
   6.5785260e-03
   2.4801765e-02
   1.7695321e-02
   3.0475773e-02
   9.7072192e-02
   1.5804423e-01
   1.8203731e-01
   1.4449745e-01
   1.9193891e-01
   1.1980668e-01
   5.8358632e-02
   5.9517961e-02
   4.4994690e-02
   1.5255528e-02
   5.9737805e-02
   6.7367725e-02
   1.0166794e-01
   3.9901316e-02
   3.1478442e-02
   3.3558212e-02
   3.9337624e-02
   1.2586393e-02
  -5.8674305e-03
   3.8109161e-02
   1.0367496e-01
   8.8520505e-02
   8.5783303e-02
   5.3993117e-02
   5.1947370e-02
   3.2776911e-02
   6.1508477e-02
   4.3526057e-02
   6.2195726e-02
   6.3826710e-02
   7.5888366e-02
   6.6079527e-02
   8.4342338e-02
   6.2062841e-02
   4.4339966e-02
   4.9829412e-02
   8.2036369e-03
   3.9940692e-02
   3.8055688e-02
   4.8484799e-02
   5.0891582e-02
   9.2483878e-02
   8.0760546e-02
   5.7676915e-02
   5.4629818e-02
   4.0100474e-02
   5.2193575e-02
   4.6376202e-02
   6.5766081e-02
   5.8905702e-02
   8.9935549e-03
   4.7654003e-02
   1.4113784e-01
   2.2817761e-01
   1.3850585e-01
   6.5942973e-02
   2.8241720e-02
   1.3340937e-02
   4.1857116e-02
   1.3320991e-01
   5.6524837e-01
   9.0146762e-01
   7.5306880e-01
   4.1340989e-01
   1.8068619e-01
   4.0707160e-02
   3.9198689e-02
   5.3861365e-02
   2.2803633e-02
   2.5772303e-02
   1.0611441e-01
   1.6185066e-01
   1.5681659e-01
   1.3145687e-01
   9.3094341e-02
   5.7268329e-02
   5.1470436e-02
   3.6965325e-02
   4.0016688e-02
   4.6051212e-02
   4.6761364e-02
   4.4756986e-02
   5.3462259e-02
   3.6280364e-02
   4.0891826e-02
   9.4305590e-02
   1.0211751e-01
   1.0331044e-01
   8.7944366e-02
   6.5382116e-02
   6.8871595e-02
   1.0485213e-01
   2.5331402e-01
   4.0196854e-01
   4.3477392e-01
   3.5155585e-01
   1.3927795e-01
   6.8425640e-02
   4.9003992e-02
   6.3853838e-02
   7.6859295e-02
   3.9242443e-02
   5.4426208e-02
   1.5886962e-01
   3.3442757e-01
   4.8809609e-01
   3.8689554e-01
   2.0917447e-01
   9.3925968e-02
   2.8897153e-02
   3.3634547e-02
   9.0254523e-02
   2.5338697e-01
   4.4002971e-01
   3.5499471e-01
   2.2922048e-01
   1.8378305e-01
   9.4424374e-02
   4.4999424e-02
   1.3098712e-02
  -2.7667689e-03
   4.9077445e-03
   7.0805274e-02
   2.9644498e-01
   5.6250274e-01
   6.0112071e-01
   4.2171457e-01
   1.6193900e-01
   7.8047097e-02
   4.1529678e-02
   6.4349495e-02
   6.2380362e-01
   1.5077553e+00
   1.8542175e+00
   1.3070483e+00
   8.0057514e-01
   8.6205304e-01
   8.7708646e-01
   6.4794606e-01
   3.0739132e-01
   9.5987305e-02
   7.5420484e-02
   8.0738926e-01
   3.2203085e+00
   5.8057227e+00
   5.6093416e+00
   3.2580707e+00
   1.3183684e+00
   4.8081455e-01
   1.8970686e-01
   2.0415227e+00
   1.2972604e+01
   2.7118122e+01
   2.6965639e+01
   1.6146532e+01
   6.8841901e+00
   2.1605039e+00
   6.0348940e-01
   1.2261063e-01
  -7.4912882e-03
   3.5759768e-01
   2.1346521e+00
   4.4825177e+00
   4.7592611e+00
   3.0342946e+00
   1.4160402e+00
   3.9614576e-01
  -9.3591124e-02
  -8.5496642e-02
   2.2011690e-01
   4.8753902e-01
   8.9919591e-01
   1.4155442e+00
   1.1114663e+00
   5.0057173e-01
   2.3633942e-01
   2.2209598e-02
   7.9710327e-02
   7.0925571e-02
   2.4517529e-01
   3.4300566e-01
   4.3050668e-01
   5.6784183e-01
   6.2450016e-01
   7.1860552e-01
   5.5195129e-01
   3.1712073e-01
  -9.1127995e-03
  -5.2478383e-03
   1.9349153e-01
   1.7953634e-01
   2.7547601e-01
   2.2194369e-01
   1.1242168e-01
   9.0294287e-02
   5.9012640e-02
   4.7076415e-02
   1.5021907e-01
   2.7784151e-01
   2.8956226e-01
   2.0704171e-01
   1.1226168e-01
   8.3126999e-02
   1.1095757e-01
   1.8164152e-01
   1.3412093e-01
   4.8905429e-03
  -3.2304022e-02
   6.2162708e-02
   2.6238942e-01
   2.0010917e-01
   1.6275649e-01
   1.4664455e-03
  -1.2649903e-01
  -4.6237390e-02
   2.2632597e-01
   4.8923433e-01
   7.5219774e-01
   8.2314491e-01
   5.1329684e-01
   1.4938436e-01
   8.3966807e-02
   7.7529228e-01
   2.0483809e+00
   2.4092677e+00
   1.7635847e+00
   7.1511668e-01
   3.3470973e-01
   5.2753806e-01
   9.8210651e-01
   1.0708747e+00
   7.2979999e-01
   4.2019019e-01
   4.1505969e-01
   4.6550879e-01
   5.6133211e-01
   2.0475979e+00
   4.7404618e+00
   5.2264171e+00
   3.2460682e+00
   1.4584897e+00
   4.6690917e-01
   1.6644633e-01
   8.7648734e-02
   5.4779842e-02
   5.1006854e-02
   3.7855142e-01
   9.2547524e-01
   1.0046748e+00
   6.9795138e-01
   2.6797876e-01
   7.4113771e-02
  -2.1131381e-03
  -2.0941658e-02
   1.3948441e-01
   2.0550929e-01
   3.5736868e-01
   3.9975676e-01
   2.4790014e-01
   1.2083549e-01
   3.1119413e-03
  -4.8777208e-02
   5.0513487e-02
   4.9355678e-02
   8.5565411e-02
   1.4581060e-01
   1.2938973e-01
   1.0154231e-01
   1.2786195e-01
   1.9691595e-01
   2.1322997e-01
   1.2847430e-01
   7.7438340e-02
   1.0924197e-01
   1.5668048e-01
   1.6225342e-01
   1.4207123e-01
   2.1842797e-01
   1.8625563e-01
   1.4288904e-01
   1.2676351e-01
   6.5583736e-02
   1.0062344e-01
   1.5207887e-01
   2.5853905e-01
   3.2896760e-01
   2.8078699e-01
   2.5165662e-01
   2.2456962e-01
  -1.4366076e-02
   4.8258742e-03
   1.5098058e-01
   3.3283979e-01
   5.4631579e-01
   5.3710467e-01
   3.9429986e-01
   2.1925488e-01
   1.4805505e-01
   3.6983168e-01
   6.1779183e-01
   7.4809390e-01
   6.9606990e-01
   5.8251858e-01
   2.6265576e-01
   1.6668472e-01
   4.7447869e-01
   8.8430101e-01
   1.1018492e+00
   9.5861447e-01
   4.8331958e-01
   3.7624482e-02
   1.0072196e-01
   9.5153320e-01
   2.5750346e+00
   3.2589722e+00
   2.3500633e+00
   1.1644491e+00
   3.4894294e-01
   7.3604390e-02
   1.1481638e+00
   4.2112947e+00
   6.6894822e+00
   5.9051394e+00
   3.4083085e+00
   1.7133418e+00
   6.9940013e-01
   2.7670127e-01
   4.1342640e-01
   6.6169024e-01
   8.7479633e-01
   1.1525897e+00
   1.3484424e+00
   1.1129941e+00
   7.1112412e-01
   4.8454645e-01
   4.9272981e-01
   3.4358203e-01
   2.3235893e-01
   2.8779018e-01
   3.7594697e-01
   4.3273771e-01
   3.7491593e-01
   2.2349209e-01
   1.0266137e-01
   1.0184408e-01
   1.1743627e-01
   1.1299189e-01
   1.1821378e-01
   1.5797393e-01
   2.0611633e-01
   1.8100139e-01
   1.7683844e-01
   6.4787753e-02
   7.3644370e-02
  -6.6458043e-03
   2.0201683e-02
   3.5468247e-02
   4.9219798e-02
   9.0858400e-02
   1.0882691e-01
   1.0303738e-01
   5.3755090e-02
   3.9667878e-02
   6.7034595e-02
   5.0591998e-02
   6.7086399e-02
   1.0255479e-01
   1.2208682e-01
   1.4101346e-01
   1.6020882e-01
   1.0750768e-01
   4.4159684e-02
   7.1955316e-02
   2.7978085e-03
  -1.3700476e-03
   8.3710000e-02
   1.1993774e-01
   1.6178927e-01
   1.8852250e-01
   1.5989703e-01
   2.2627940e-02
   2.9420862e-02
   8.0969304e-02
   1.8047287e-01
   2.7080533e-01
   2.9086012e-01
   2.3389520e-01
   9.7557396e-02
   6.1046600e-02
   1.7545669e-01
   3.0231664e-01
   2.7015686e-01
   2.3804939e-01
   1.1596503e-01
   9.4138738e-03
   1.3488042e-01
   5.2279973e-01
   8.1313348e-01
   6.8672395e-01
   3.8408342e-01
   1.6588935e-01
   2.2572339e-02
   1.8732503e-01
   7.4002391e-01
   1.3706332e+00
   1.4303892e+00
   8.5689771e-01
   4.1824242e-01
   1.2694751e-01
   7.7377215e-02
   8.5481033e-02
   1.9893453e-01
   2.3509148e-01
   3.3695176e-01
   3.5719058e-01
   2.8285649e-01
   1.9087419e-01
   1.5938391e-01
   1.5769526e-01
   2.0195456e-01
   1.6998789e-01
   1.4572161e-01
   9.8687530e-02
   1.4994884e-01
   1.3791224e-01
   1.2815535e-01
   5.8642644e-02
   4.3535687e-02
   1.4169206e-02
   2.0539610e-02
   3.4654859e-02
   1.1440549e-01
   8.4184639e-02
   1.0549343e-01
   1.1872035e-01
   7.2439253e-02
   6.8570502e-02
   3.4508955e-02
   4.2712312e-02
   6.1363719e-02
   8.4120609e-02
   1.0517734e-01
   7.6835185e-02
   3.6925271e-02
   1.9081768e-02
   4.4010960e-02
   9.5602654e-02
   6.7220345e-02
   9.5566876e-02
   7.9604797e-02
   8.3706155e-02
   1.5548930e-01
   1.6737726e-01
   1.4805923e-01
   1.0945189e-01
   5.0501511e-02
   6.0236301e-02
   6.9836460e-02
   7.5486965e-02
   1.3033259e-01
   1.1800025e-01
   1.1448096e-01
   6.4320341e-02
   3.1322520e-02
   3.4489989e-02
   8.6292811e-02
   7.3787227e-02
   8.1766576e-02
   7.6510839e-02
   8.8841524e-03
  -1.1481839e-02
   1.0308670e-01
   1.6896613e-01
   1.3502795e-01
   1.0006677e-01
   2.3779539e-02
  -8.9907320e-03
   3.3469677e-02
   1.7175499e-01
   3.5783648e-01
   3.9615843e-01
   2.2467035e-01
   1.1041426e-01
  -4.4827512e-03
   6.3156411e-02
   2.6088062e-01
   5.5890977e-01
   5.4604799e-01
   3.7867975e-01
   1.6354482e-01
   3.8021319e-02
   2.2630554e-02
   1.0773423e-01
   3.0231494e-01
   3.5186732e-01
   2.6660392e-01
   2.1352820e-01
   7.6591745e-02
   7.2621822e-02
   1.8152300e-01
   3.2146281e-01
   2.8870216e-01
   2.4080002e-01
   2.0220059e-01
   2.4796663e-01
   2.3662166e-01
   3.5696363e-01
   4.9558678e-01
   4.0599677e-01
   2.8782493e-01
   7.3681913e-02
  -3.5897880e-03
   1.1763912e-01
   4.5593455e-01
   6.7828971e-01
   6.3068140e-01
   3.6391377e-01
   6.7706324e-02
  -7.0678912e-02
   1.4702749e-02
   6.1914343e-01
   1.5252358e+00
   1.7546246e+00
   1.1320037e+00
   4.4957569e-01
   1.0584354e-01
   5.6163069e-02
   2.6178214e-01
   6.5232480e-01
   6.9680911e-01
   5.0135940e-01
   3.6234748e-01
   2.4849357e-01
   1.1138503e-01
   1.6425341e-01
   3.1231230e-01
   3.0184722e-01
   1.8825535e-01
   1.6909175e-01
   1.1199480e-01
   5.6055270e-02
   8.1839100e-02
   4.8719943e-02
  -4.2840112e-02
  -7.6902911e-02
   4.1694604e-02
   1.0725030e-01
   9.6617803e-02
   8.3709531e-02
   1.1135569e-01
   1.0462146e-01
   1.2809776e-02
   8.9013614e-02
   1.0580508e-01
   9.5226653e-02
   7.6901197e-02
   9.0080522e-02
   5.7575546e-02
   6.4443395e-02
   6.8974063e-02
   1.3235022e-01
   1.3842005e-01
   1.5285265e-01
   1.0439247e-01
   6.1848048e-02
   4.7264330e-02
   9.6758053e-02
   1.2241120e-01
   1.6874979e-01
   1.3422187e-01
   5.8205985e-02
   3.5984930e-02
   7.9821022e-03
   3.7801262e-02
   8.9175299e-02
   1.5857323e-01
   1.9092429e-01
   8.8666059e-02
   3.5502963e-02
   3.7715085e-02
   4.8923627e-02
   6.4855114e-02
   1.0580344e-01
   1.2945838e-01
   1.2749745e-01
   1.4684762e-01
   9.6194968e-02
   6.0601551e-02
   1.1926535e-01
   1.4956051e-01
   1.1062098e-01
   3.3307590e-02
   4.5592319e-02
   6.4310074e-02
   1.6587402e-01
   2.5101465e-01
   2.0565511e-01
   1.2661776e-01
   5.7848204e-02
   7.1733296e-02
   6.2793203e-02
   2.1055739e-01
   4.9363607e-01
   4.9325714e-01
   3.1284803e-01
   2.1498573e-01
   4.8060320e-02
   7.6577783e-02
   1.7221110e-01
   2.4394609e-01
   2.0542727e-01
   1.3530391e-01
   1.2191723e-01
   1.3397159e-01
   1.6551484e-01
   1.2937149e-01
   1.8576398e-01
   1.7386308e-01
   9.0421855e-02
   9.2093535e-02
   1.5327010e-01
   2.2850519e-01
   1.7758858e-01
   1.0225673e-01
   4.7528278e-02
   6.9868587e-02
   1.4184026e-01
   3.1372821e-01
   3.8131624e-01
   3.2577121e-01
   2.3995224e-01
   1.2332648e-01
   4.9537113e-03
   2.3460765e-01
   5.4404581e-01
   7.1733403e-01
   6.6352665e-01
   4.4639853e-01
   7.0309445e-02
   6.5402046e-02
   2.5863394e-01
   6.1686057e-01
   6.6879302e-01
   5.8548641e-01
   4.7186691e-01
   3.3028513e-01
   2.2650853e-01
   6.6081369e-01
   1.1061317e+00
   1.1240547e+00
   7.8205597e-01
   3.1778049e-01
   5.0423939e-02
   1.5137558e-01
   8.6274570e-01
   1.6098059e+00
   1.3328065e+00
   7.1198064e-01
   1.7574348e-01
  -1.1277603e-01
   2.2064480e-01
   1.5625786e+00
   3.2414584e+00
   3.3039808e+00
   2.0459549e+00
   8.3060193e-01
   2.4555884e-01
   3.2950097e-01
   1.1720352e+00
   2.0919082e+00
   1.8932248e+00
   1.2491645e+00
   6.9765717e-01
   3.3282092e-01
   4.2624211e-01
   1.1415992e+00
   1.4531770e+00
   1.1542259e+00
   6.6638082e-01
   3.6769488e-01
   2.9230502e-01
   4.6076047e-01
   8.5465914e-01
   1.0033265e+00
   6.4860725e-01
   3.5547641e-01
   2.1264489e-01
   2.2432311e-01
   2.6556858e-01
   1.5941572e-01
   1.2088779e-01
   1.1461145e-01
   1.4359665e-01
   1.1068989e-01
   1.5983027e-01
   2.7273867e-01
   1.7168498e-01
   9.9750355e-02
   1.2457730e-01
   5.2904870e-02
   7.0158154e-02
   6.8183199e-02
   5.6862351e-02
   9.1969715e-03
   3.3368196e-02
   6.6375352e-02
   5.0218083e-02
   8.4420048e-02
   1.0751081e-01
   8.5449196e-02
   1.0664570e-01
   6.0647437e-03
  -3.4898873e-02
  -8.3510263e-04
   1.0461318e-01
   1.7619851e-01
   1.9420780e-01
   1.4992251e-01
   4.6797823e-02
   4.3227235e-03
   5.3614497e-02
   1.3557285e-01
   2.2857025e-01
   2.9121885e-01
   2.5245085e-01
   1.3274229e-01
   8.2524270e-02
   2.3322032e-01
   2.7166772e-01
   2.4407135e-01
   1.2596489e-01
   6.9035590e-02
   6.4784497e-02
   1.1902103e-01
   3.4942210e-01
   3.9696392e-01
   3.3034292e-01
   1.9230093e-01
   1.9379180e-02
  -2.9229779e-02
   2.1744104e-01
   7.4513537e-01
   1.0239229e+00
   8.7981039e-01
   4.6094048e-01
   1.2301870e-01
   3.8277447e-02
   2.1446736e-01
   5.4691291e-01
   5.0694823e-01
   3.5956272e-01
   2.8594404e-01
   1.4852917e-01
   7.2313398e-02
   1.8105492e-01
   3.8978133e-01
   4.2681500e-01
   2.1630728e-01
   1.0375486e-01
   7.1389548e-02
   7.4589789e-02
   2.1832962e-01
   3.5301852e-01
   2.5241867e-01
   1.2067451e-01
   4.7477562e-02
   6.8484284e-02
   1.5090974e-01
   1.1667437e-01
   3.4449283e-02
   6.0386397e-02
   8.3342850e-02
   6.1685335e-02
   9.3821533e-02
   2.0760596e-01
   2.4309282e-01
   2.0249425e-01
   1.1420067e-01
   6.8431832e-02
   3.3347555e-02
   2.6504698e-03
   8.1715040e-02
  -7.7560819e-03
   4.6349615e-02
   8.1765004e-02
   5.4905862e-02
   6.6580124e-02
   9.3894102e-02
   1.8058383e-01
   1.3844861e-01
   4.2320400e-02
   3.4816325e-02
   9.8021440e-02
   8.3541080e-02
   8.0622599e-02
   6.2954023e-02
   6.1168753e-02
   5.0363983e-03
  -2.6859138e-02
   2.8845366e-02
   6.4871483e-02
   9.7560309e-02
   7.7884071e-02
   9.2663080e-02
   8.2989074e-02
   8.2167700e-02
   9.4763227e-02
   1.1436909e-01
   7.5402685e-02
   1.2540442e-01
   2.5027350e-01
   3.8308465e-01
   4.0693748e-01
   2.9022369e-01
   2.1767382e-01
   1.2313841e-01
   7.8566290e-02
   1.1697859e-01
   1.9363555e-01
   3.2569286e-01
   4.6376503e-01
   4.7004569e-01
   3.3401826e-01
   1.3277696e-01
   4.9877848e-02
   4.1778639e-02
   1.3989002e-01
   2.8126508e-01
   3.0656725e-01
   2.0413671e-01
   1.1759130e-01
  -4.8424490e-03
   1.7404649e-02
   9.2083171e-02
   1.3557360e-01
   1.3769691e-01
   9.0886757e-02
   9.0620905e-02
   5.4200470e-02
   8.9047372e-02
   1.4099745e-01
   1.0617574e-01
   5.5255350e-02
   3.9289482e-03
   3.5387326e-02
   6.3057326e-02
   8.9211993e-02
   4.1320376e-02
   6.1422610e-03
   4.9715698e-02
   7.2675258e-02
   7.9247586e-02
   6.4932711e-02
   7.4483112e-02
   7.3934071e-02
   6.1915893e-02
   4.9348287e-02
   3.4270484e-02
   1.7708872e-02
   1.1369829e-02
   1.8616637e-02
   7.1189582e-02
   3.3299640e-02
   3.9627302e-02
   3.7701033e-02
   3.2501090e-02
   7.4880607e-02
   8.1598356e-02
   3.6042623e-02
   3.9015766e-02
   3.9677173e-02
   2.1060694e-02
   5.7890467e-02
   7.8358419e-02
   3.6170702e-02
   5.5449370e-02
   9.4900236e-02
   7.7259056e-02
   9.7244807e-02
   9.0857737e-02
   1.0297168e-01
   7.3897898e-02
   7.6783985e-02
   4.4414781e-02
   3.1896662e-02
   3.9390683e-02
   4.7579832e-02
   4.1440554e-02
   1.9236006e-02
   1.1345014e-01
   9.2277057e-02
   6.0570698e-02
   7.4937932e-02
   6.7976072e-02
   4.8706312e-02
   3.5556346e-02
   3.5325665e-02
   8.8418089e-02
   1.3964087e-01
   1.2404037e-01
   6.9513336e-02
   2.4046026e-02
   1.4165535e-02
   2.0643240e-02
   7.3542617e-02
   9.7992949e-02
   1.2182590e-01
   1.1290145e-01
   2.9295806e-02
   9.5910951e-03
   6.8037368e-02
   1.0079171e-01
   9.1695331e-02
   7.2855040e-02
   5.4273833e-02
   2.5863020e-02
   4.3360289e-02
   7.4660644e-02
   9.6286617e-02
   1.1318018e-01
   7.4785464e-02
   5.0044216e-02
   3.7062626e-02
   5.0373547e-02
   4.4223901e-02
   1.9528178e-02
   1.7434297e-02
   5.7356399e-02
   7.8648813e-02
   7.5582698e-02
   4.3462053e-02
   6.9607660e-02
   5.2163597e-02
   6.4103067e-02
   6.7080095e-02
   6.3015886e-02
   3.2210790e-02
   5.1306661e-02
   5.6603000e-02
   1.8703168e-02
   4.0722236e-02
   4.0192883e-02
   2.5550030e-02
   2.8117921e-02
   2.7732793e-02
   4.5102235e-02
   4.2580649e-02
   3.6691871e-02
   2.8296653e-02
   2.0328635e-02
   1.6360639e-02
   6.7953557e-02
   3.5565645e-02
   6.6283092e-02
   6.1715234e-02
   6.8924099e-02
   4.7954842e-02
   4.9458742e-02
   6.8104960e-02
   6.0126923e-02
   2.9202411e-02
   3.2996342e-02
   4.3507021e-02
   4.7763363e-02
   3.2734565e-02
   9.7553339e-03
   5.3457994e-02
   8.5860416e-02
   6.2977083e-02
   1.2410300e-02
   3.5939313e-02
   4.6216633e-02
   5.3690054e-02
   6.8938345e-02
   5.5819035e-02
   8.0895379e-02
   7.0948683e-02
   2.6536301e-02
   2.5384480e-02
   6.4280421e-02
   4.6927623e-02
   3.1465072e-02
   3.0773465e-02
   7.7089548e-02
   7.4429490e-02
   3.7887700e-02
   2.2677692e-02
   4.1359279e-02
   3.9236702e-02
   6.9406942e-02
   5.7896055e-02
   1.8949822e-02
   1.7138690e-02
   1.1600712e-02
   3.5994317e-02
   5.1428005e-02
   6.5139748e-02
   4.8702043e-02
   4.1800920e-02
   4.5668915e-02
   6.9700696e-02
   5.0538611e-02
   5.2333035e-02
   5.8155421e-02
   6.1796729e-02
   3.8418483e-02
   4.9752440e-02
   4.7716666e-02
   6.0496882e-02
   5.8537204e-02
   4.1288171e-02
   6.1220000e-03
   7.0897732e-03
   2.1382958e-02
   3.6689125e-02
   2.0770444e-02
  -4.0375831e-04
   2.3206742e-02
   4.1472405e-02
   6.3158952e-02
   7.7865809e-02
   3.6528550e-02
   6.8222895e-02
   3.3659026e-02
   2.5467705e-02
   3.2429591e-02
   5.2814085e-02
   5.8604956e-02
   5.4191828e-02
   5.3931333e-02
   4.4402923e-02
   4.2736709e-02
   4.4749111e-02
   5.5598743e-02
   6.9872826e-02
   4.4415504e-02
   7.0006132e-02
   5.6802128e-02
   1.4020729e-02
   6.3053500e-03
   2.1011887e-02
   2.8468275e-02
   5.4778624e-02
   6.6307463e-02
   3.9001141e-02
   5.9279598e-02
   3.1413328e-02
   3.0524004e-02
   3.8986880e-02
   2.3355793e-02
   6.8694721e-03
   3.0562477e-02
   2.2398990e-02
   2.8205076e-02
   3.6717720e-02
   3.0723421e-02
   3.8104344e-02
   4.4985790e-02
   4.7463957e-02
   1.8027278e-02
   2.2735877e-02
   1.4491460e-02
   2.7306477e-02
   3.9210774e-02
   4.3762989e-02
   3.9394923e-02
   3.3306953e-02
   3.2622658e-02
   3.2195281e-02
   9.0944543e-03
   2.0874236e-02
   3.2814402e-02
   3.0855294e-02
   2.4964206e-02
   3.0642152e-02
   4.0543437e-02
   1.8351672e-02
   4.2977504e-02
   3.0382853e-02
   2.1942696e-02
   2.7144469e-02
   6.1927613e-02
   3.0250674e-02
   1.4445124e-02
   3.8256403e-02
   3.1450406e-02
   1.3774170e-02
   4.8558444e-02
   3.0706111e-02
   4.0529836e-02
   3.6654405e-02
   3.8955484e-02
   4.2426433e-02
   1.9065743e-02
   4.1753918e-02
   2.5536796e-02
   2.7577851e-02
   2.8346980e-02
   1.6561095e-02
   3.5508440e-03
   7.3009320e-03
   5.8769751e-02
   3.5714775e-02
   4.9077548e-02
   3.4899488e-02
   3.8856387e-02
   5.0122585e-02
   3.1942405e-02
   3.8029049e-02
   6.2143166e-02
   4.7794055e-02
   4.7457986e-02
   4.8090987e-02
   4.4860944e-02
   1.5216383e-02
   2.1658013e-02
   2.2609245e-02
   1.7154729e-02
  -2.4865963e-03
   6.9330977e-03
   4.1424356e-02
   3.5144325e-02
   3.9260201e-02
   1.8146127e-02
   1.0323470e-02
   1.8874671e-02
   1.7115016e-02
   2.7381193e-02
   5.8444452e-02
   7.0976518e-02
   3.4328919e-02
   2.9452614e-02
   1.0971989e-02
   1.5152856e-03
   4.2816218e-02
   8.0402233e-02
   8.2245462e-02
   6.7302063e-02
   3.3078250e-02
   1.7529016e-02
   5.0187353e-02
   4.3376569e-02
   2.1957600e-02
   3.4413893e-02
   2.8339816e-02
   1.4732957e-02
   2.5649842e-02
   3.8488343e-02
   1.6930629e-02
   7.8261094e-03
   1.9293051e-02
   3.4952905e-02
   3.4175903e-02
   2.9073011e-02
   2.1204187e-02
   9.3585011e-03
   9.7591160e-03
   3.8541816e-02
   5.9145834e-02
   4.4221211e-02
   3.9602499e-02
   2.8993927e-02
   1.8188797e-02
   3.4687940e-02
   2.3675581e-02
   7.8037933e-02
   7.7614233e-02
   3.8026791e-02
   3.3884600e-02
   6.1875619e-02
   4.7177263e-02
   1.9354708e-02
   2.6077624e-02
   1.8093251e-02
   7.6761642e-03
   1.1072646e-02
   3.6765378e-02
   5.3547453e-02
   4.0248293e-02
   5.3661801e-02
   5.3472143e-02
   3.2811496e-02
   1.0042763e-02
   2.3112696e-02
   1.7750187e-02
   4.9288496e-02
   8.4877051e-02
   8.1785142e-02
   5.8237646e-02
   6.2088478e-02
   2.5594939e-02
   3.3915371e-02
   3.1634178e-02
   5.6524619e-02
   7.2577253e-02
   5.1774807e-02
   1.3107216e-01
   2.3370352e-01
   2.0786840e-01
   1.2530331e-01
   4.3702569e-02
   4.0244088e-02
   6.0760602e-02
   3.3272272e-01
   6.2417960e-01
   6.7239743e-01
   4.5833197e-01
   1.7925876e-01
   5.8195464e-02
   1.0371182e-01
   2.2236246e-01
   3.3602759e-01
   3.3171126e-01
   2.4620649e-01
   1.7373481e-01
   1.1267450e-01
   5.4649055e-02
   3.0098241e-02
   7.8083486e-03
   6.9901086e-02
   8.2341887e-02
   7.9161204e-02
   1.2274806e-01
   3.0343918e-02
   4.3813223e-03
   2.2896914e-02
   2.8896399e-02
   2.2917958e-02
   3.1827100e-02
   7.9707675e-02
   4.2568281e-02
   4.1213162e-02
   5.5017967e-02
   5.4700978e-02
   6.7403547e-02
   5.8330581e-02
   4.8339553e-02
   3.4300882e-02
   3.9179176e-02
   4.4973630e-02
   8.5051328e-02
   3.7357036e-02
   3.2462325e-02
   2.3303537e-02
   4.7929566e-02
   1.8574294e-02
   5.0745506e-02
   7.1569435e-02
   2.8765012e-02
   2.6881229e-02
   2.1506744e-02
   1.4296261e-02
   1.0281468e-02
   4.3911912e-02
   4.6472613e-02
   3.6879279e-02
   4.3206852e-02
   3.2964192e-02
   5.4330856e-02
   4.7253761e-02
   2.3197452e-02
   2.8120657e-02
   3.4989994e-02
   6.1282109e-02
   2.4060311e-02
   2.0029707e-02
   2.3840787e-02
   2.8725276e-02
   3.3413589e-02
   4.8974641e-02
   4.5032028e-02
   3.7299052e-02
   4.2561900e-02
   4.6730522e-02
   1.0608140e-02
  -1.0831027e-03
   3.0078843e-02
   7.9954848e-02
   1.2004476e-01
   1.2696064e-01
   1.0502197e-01
   5.4148428e-02
   2.9607378e-02
   2.6918493e-02
   5.0419614e-02
   8.5788220e-02
   8.1132784e-02
   1.0465445e-01
   6.4507544e-02
   3.5684641e-02
   2.6586192e-02
   2.6816513e-02
   7.1405428e-03
   2.3135267e-02
   3.2080743e-02
   4.6940368e-02
   4.3539036e-02
   2.8558129e-02
   9.2156511e-03
   2.7806221e-02
   2.9152147e-02
   3.7413884e-02
   1.8316031e-02
   1.4637868e-02
   3.1852860e-02
   2.1245487e-02
   3.6644399e-02
   3.5224736e-02
   4.6233881e-02
   4.1387737e-02
   1.2814349e-02
   2.0864833e-02
   1.3244404e-02
   4.3456499e-03
   3.5862017e-02
   3.2016292e-02
   3.8444784e-02
   2.1282062e-02
   2.0405563e-02
   3.7083440e-02
   6.0607653e-02
   1.7972846e-02
   3.9720435e-02
   3.4899577e-02
   3.6294460e-02
   1.8633839e-02
   1.9134231e-02
   2.5046594e-02
   1.5789041e-02
   2.5197757e-02
   2.3389049e-02
   2.1650594e-02
   2.3936871e-02
   1.9195735e-02
   1.4099177e-02
   1.0995678e-02
   2.9511478e-02
   4.3033734e-02
   4.8773836e-02
   3.8927004e-02
   1.3385745e-02
   1.7487781e-02
   3.0931370e-02
   3.9251953e-02
   5.1717713e-02
   1.7254300e-02
   3.8114976e-02
   3.2899465e-02
   2.8893322e-02
   2.1951195e-02
   2.9537315e-02
   3.1408552e-02
   2.6156358e-02
   4.6356682e-02
   4.6207298e-02
   3.3381086e-02
   6.0378261e-02
   4.8199087e-02
   4.4093631e-02
   5.6496277e-02
   5.8214772e-02
   5.6735780e-02
   6.0298342e-02
   5.1056139e-02
   3.6295328e-02
   6.1377021e-03
   1.4780607e-02
   2.3543585e-02
   2.0216731e-02
   2.6813384e-02
   3.2685295e-02
   1.5198521e-02
   2.6600551e-02
   3.9873604e-02
   3.9319847e-02
   1.4188127e-02
   2.6334533e-02
   1.4214484e-02
   1.6992971e-02
   1.0034671e-02
  -6.5896520e-04
   1.1455526e-02
   1.5995407e-02
   2.5021400e-02
   3.9058644e-02
   1.3718004e-02
   2.8698213e-02
   3.7772972e-02
   3.8196668e-02
   5.1740155e-02
   4.0243626e-02
   3.2828845e-02
   4.0039904e-02
   5.1655646e-02
   1.3784613e-02
   3.8402855e-02
   5.3709514e-02
   2.9950771e-02
   2.2464180e-02
   4.0945012e-02
   3.3906225e-02
   3.2779846e-02
   5.6813587e-02
   1.9524952e-02
   9.8931808e-03
   1.9426173e-02
   2.8471971e-02
   3.4909680e-02
   4.3227255e-02
   2.2346005e-02
   1.7301612e-02
   3.3217888e-02
   4.2221580e-02
   6.5400265e-03
   1.5210100e-02
   4.0802993e-02
   3.0944757e-02
   1.9829128e-02
   2.3979379e-02
   2.9648509e-02
   2.6696539e-02
   2.3933914e-02
   3.0889267e-02
   1.2428149e-02
   4.8389681e-02
   5.1768802e-02
   4.8282944e-02
   2.3324579e-02
   1.7267291e-02
   2.6195766e-02
   2.1750918e-02
   4.0193152e-02
   3.1203510e-02
   3.5120983e-02
   1.9355295e-02
   1.5752975e-02
   1.0161594e-02
   2.5220003e-02
  -6.1275880e-03
   1.6473830e-02
   2.8912390e-02
   3.4009855e-02
   2.3446428e-02
   3.3355478e-02
   3.7217654e-02
   3.4987144e-02
   2.1186281e-02
   3.7029259e-02
   6.9572799e-02
   4.7059488e-02
   2.0295581e-02
   9.1470135e-03
   2.8046530e-02
   3.0235818e-02
   1.9370086e-02
   1.3395165e-02
   2.5147481e-02
   3.5280824e-02
   3.3738960e-02
   2.4401339e-02
   9.2722103e-03
   2.2768242e-02
   1.4516756e-02
   1.5235628e-02
   3.2411277e-02
   4.6351641e-02
   3.7511270e-02
   2.9577807e-02
   3.3093613e-02
   4.7776576e-02
   4.8808027e-02
   2.2454005e-02
   1.6377039e-02
   1.1154322e-02
   3.0381106e-02
   9.5067406e-03
   1.6467653e-03
   4.6257172e-02
   5.7545636e-02
   3.0338559e-02
   1.3471231e-02
   1.3458307e-02
   2.8978884e-02
   2.6750667e-02
   6.1990213e-02
   3.7877459e-02
   1.4091269e-02
   5.5307997e-03
   1.4783878e-02
   2.3698512e-02
