   1.2467298e-02
   1.8005941e-02
   1.9141245e-03
   2.9633401e-03
   2.1940848e-02
   5.7419245e-03
   2.4340829e-02
   4.8485484e-02
   3.7170377e-02
   2.3951184e-02
   2.8365169e-02
   3.3564344e-02
   2.8159007e-02
   1.0342493e-02
   1.0613436e-02
   3.1738556e-03
   2.7743855e-02
   3.4353692e-02
   6.2487282e-02
   4.4771772e-02
   2.9160284e-02
   4.5498569e-02
   2.7405506e-02
   2.6078967e-02
   2.1833686e-02
   3.5238329e-02
   2.6829055e-02
   5.9330896e-02
   4.9132586e-02
   4.1377585e-02
   5.9707165e-02
   3.9613906e-02
   2.3473145e-02
   2.8470868e-02
   5.0114147e-02
   4.0450417e-02
   1.8123442e-02
   3.3658661e-02
   3.9989602e-02
   4.9543761e-02
   2.4081795e-02
   3.1676684e-02
   5.3519523e-04
   2.4789836e-02
   4.7067791e-02
   4.1865546e-02
   3.5406265e-02
   2.4931064e-02
   2.4404725e-02
   2.5775453e-02
   3.0546220e-02
   3.6228914e-02
   4.1765261e-02
   2.5156559e-02
   1.7788174e-02
   2.1896241e-02
   2.2543725e-02
   6.1326674e-03
   1.9998547e-02
   2.9031636e-02
   3.8385268e-02
   2.0284284e-02
   4.0344726e-02
   3.0238718e-02
   1.1205701e-02
   2.2648418e-02
   3.0474041e-02
   2.5304666e-02
   3.2063391e-02
   3.6038224e-02
   5.9895761e-02
   6.0306232e-02
   3.6728635e-02
   5.6633940e-03
   4.4915844e-03
   4.7412843e-02
   5.6821868e-02
   3.5014097e-02
   5.6461565e-02
   5.7277936e-02
   3.5377599e-02
   4.4749584e-02
   2.1409512e-02
   2.1025291e-02
   5.6969851e-02
   3.1544778e-02
   6.6521866e-03
   5.1921416e-02
   7.2580524e-02
   3.8677029e-02
   2.4709534e-02
   2.3204392e-02
   3.1025864e-02
   3.3713177e-02
   3.8162544e-02
   3.7869211e-02
   5.3093117e-02
   6.6034436e-02
   7.3159628e-02
   4.6409104e-02
   1.2965314e-02
   3.2906223e-02
   3.5918143e-02
   2.1395678e-02
   2.9212926e-02
   6.1587404e-02
   5.0945114e-02
   4.6703868e-02
   6.1443705e-02
   2.7998656e-02
   1.0567633e-02
   2.7313894e-02
   2.8413322e-02
   8.4287345e-02
   1.0602189e-01
   8.8595986e-02
   6.6174112e-02
   7.8029670e-02
   5.2661274e-02
   2.9382208e-02
   4.2079806e-02
   3.9357673e-02
   2.5147066e-02
   2.8522879e-02
   3.1743452e-02
   3.2277565e-02
   2.5349829e-02
   3.0541215e-02
   5.9744090e-02
   5.1098488e-02
   5.7687327e-02
   5.2853595e-02
   3.0175857e-02
   4.0387534e-02
   4.4902820e-02
   3.3311438e-02
   5.3283293e-02
   3.4115903e-02
   2.7118200e-02
   5.3576838e-02
   5.0100904e-02
   3.5350014e-02
   3.7695840e-02
   3.5409283e-02
   4.4824071e-02
   4.1821435e-02
   3.9837405e-02
   5.3311635e-02
   4.0905908e-02
   5.0369717e-02
   5.3633545e-02
   2.3566790e-02
   2.4008818e-02
   4.3780569e-02
   3.1826738e-02
   5.1235221e-02
   4.1112117e-02
   4.0790904e-02
   2.8195560e-02
   4.0877182e-02
   6.1984234e-02
   5.2349251e-02
   4.8694171e-02
   2.3756163e-02
   2.9580032e-02
   5.2503929e-03
   3.6333609e-02
   2.1930169e-02
   3.7564363e-02
   4.7737136e-02
   5.3614441e-02
   3.8371596e-02
   6.5513559e-02
   7.3254660e-02
   4.8346475e-02
   4.1770637e-03
   9.9689998e-03
   3.7697867e-02
   4.8595015e-02
   5.9035379e-02
   5.2361120e-02
   2.2811128e-02
   4.4292085e-02
   2.1575367e-02
   1.1959082e-02
   8.0101080e-03
  -5.5521987e-03
   2.7970163e-02
   3.9963689e-02
   7.3971018e-02
   4.2102408e-02
   2.5729617e-02
   3.0922744e-02
   1.7240455e-02
   2.1582879e-02
   2.6624884e-02
   6.2880002e-02
   4.7790095e-02
   1.5593648e-02
   3.4726027e-02
   5.7032220e-02
   3.6298428e-02
   2.4013087e-02
   4.0537883e-02
   4.1960225e-02
   2.5066117e-02
   1.9028684e-03
   3.0577481e-02
   4.2106092e-02
   3.0705988e-02
   3.7983622e-02
   4.7100279e-02
   1.8878078e-02
   2.1078035e-02
   3.4769063e-03
   2.6220812e-02
   3.1939182e-02
   9.3031395e-03
   1.9345215e-02
   2.6510198e-02
   4.1745406e-02
   4.2812083e-02
   1.4954366e-02
   2.3799801e-02
   5.9966236e-02
   7.0708320e-02
   4.3772660e-02
   1.5142753e-02
   2.7797103e-02
   3.6399812e-02
   5.9292726e-02
   6.4111069e-02
   3.4273468e-02
   2.4394955e-02
   4.3490436e-03
   3.2718930e-02
   3.6558002e-02
   4.3862928e-02
   3.9157733e-02
   2.5046663e-02
   3.7844498e-02
   1.0953763e-01
   6.8668485e-02
   4.3728508e-02
   3.5974130e-02
   2.6116695e-02
   2.5440158e-02
   3.3116490e-02
   2.1444701e-02
   2.7522683e-02
   4.6094585e-02
   4.0445622e-02
   2.0761348e-02
   7.3520360e-03
   2.0295677e-03
   1.0395301e-02
   2.2329697e-02
   2.9561052e-02
   5.5500526e-02
   5.4041404e-02
   5.7588935e-02
   1.9209510e-02
   2.4629120e-02
   3.7848264e-02
   4.0283665e-02
   4.0634137e-02
   1.8919157e-02
   2.3635756e-02
   4.1250106e-02
   2.1922832e-02
   2.3913914e-02
   2.7378898e-02
   4.8738778e-02
   6.2801197e-02
   3.2387313e-02
   2.2659620e-02
   4.8926849e-02
   4.1667994e-02
   3.4258936e-02
   3.5568789e-02
   3.3708218e-02
   2.3248216e-02
   2.0371208e-02
   3.1101661e-02
   3.6067940e-02
   4.5787022e-02
   3.2473851e-02
   3.0289954e-02
   2.2376375e-02
   1.8081518e-02
   9.8959962e-03
   1.3170485e-02
   3.3828791e-02
   4.9922951e-02
   7.1070157e-02
   9.2062056e-02
   7.4254356e-02
   1.5362163e-01
   8.4485874e-02
   1.3888249e-02
   4.1229833e-02
   7.2879404e-02
   6.3695535e-02
   1.7121084e-02
   2.3565026e-02
   3.2657441e-02
   4.8646353e-02
   5.4040872e-02
   3.0667342e-02
   3.3042453e-02
   6.8241350e-02
   4.8155908e-02
   4.2784691e-02
   4.6445657e-02
   4.4672068e-02
   2.2365645e-02
   1.5345326e-02
   2.9063284e-02
   6.1191618e-02
   5.1287502e-02
   2.1589704e-02
   2.2156585e-02
   2.4286199e-02
   5.5076879e-02
   4.3437652e-02
   4.6106983e-02
   5.5981472e-02
   4.8971348e-02
   4.1741755e-02
   3.0658280e-02
   1.9458000e-02
   1.4678499e-02
   2.3964223e-02
   1.2141283e-02
   2.5579767e-02
   3.5737485e-02
   2.9969934e-02
   3.9351992e-02
   4.7207210e-02
   4.0504239e-02
   3.0358402e-02
   4.0613718e-02
   2.7413135e-02
   3.8502600e-02
   3.4369774e-02
   3.7040040e-02
   3.1050880e-02
   2.3766426e-02
   4.7474172e-02
   4.0201545e-02
   2.9845020e-02
   3.5517134e-02
   1.1586327e-02
   4.5298640e-02
   8.7733120e-02
   4.9880236e-02
   3.4105498e-02
   4.2848725e-02
   4.9510214e-02
   1.5051852e-02
   3.6095995e-02
   4.0336832e-02
   2.3094311e-02
   1.0713370e-02
   2.6443461e-02
   6.2847473e-02
   5.7498664e-02
   1.5368683e-02
   2.5676880e-02
   4.4243388e-02
   2.5017863e-02
   2.3192834e-02
   4.7319368e-02
   6.8432234e-02
   3.0038705e-02
   2.4191065e-02
   7.6349460e-02
   1.3825738e-01
   1.3901755e-01
   8.8883109e-02
   8.6631462e-02
   4.5806415e-02
   3.5488639e-02
   5.3316191e-02
   3.0242732e-02
   2.8167928e-02
   1.6650638e-02
   1.5132163e-03
   1.1740767e-02
   3.8643971e-02
   4.6385631e-02
   4.0534049e-02
   4.1941304e-02
   5.6662757e-02
   2.6222097e-02
   3.0532293e-02
   5.2970279e-02
   2.6337260e-02
   4.0949062e-02
   3.2502268e-02
   3.0128947e-02
   4.0988021e-02
   4.6283215e-02
   2.9827125e-02
   2.6544141e-02
   2.3725275e-02
   2.1033460e-02
   1.0469009e-02
   3.9687175e-02
   4.7820408e-02
   2.8542900e-02
   5.9188209e-02
   3.7119832e-02
   3.4909897e-02
   7.5137652e-02
   9.8651282e-02
   7.2764248e-02
   6.7798935e-02
   4.7499459e-02
   2.6410967e-02
   3.6822062e-02
   1.3957257e-02
   3.2243434e-02
   4.2750008e-02
   6.6827480e-03
   1.1417303e-02
   3.8671792e-02
   1.8547410e-02
   1.0989683e-02
   9.4295116e-03
   2.8939815e-02
   2.5865022e-02
   2.1825494e-02
   2.7994530e-02
   5.7930905e-02
   2.4557604e-02
   1.2557902e-02
   3.3168603e-02
   3.9912347e-02
   1.4540649e-02
   3.4475468e-02
   4.1109961e-02
   3.9225738e-02
   3.2318622e-02
   3.9459854e-02
   4.1484658e-02
   5.5209223e-02
   5.5549283e-02
   5.1694624e-02
   1.7339921e-02
   1.4650846e-02
   3.6679618e-02
   4.1787807e-02
   6.3493840e-02
   4.2493198e-02
   4.0342499e-02
   3.5033386e-02
   3.9602317e-02
   1.7153874e-02
   4.3366294e-02
   6.3712120e-02
   3.6429275e-02
   1.7030917e-02
   1.7979089e-02
   4.3646201e-02
   6.7823626e-02
   6.5059915e-02
   3.9386049e-02
   5.9065215e-02
   5.1267534e-02
   2.2298353e-02
   2.2123929e-02
   2.8348949e-02
   1.2348549e-02
   3.2080945e-02
   2.4023019e-02
   4.5497477e-02
   3.2086894e-02
   3.8899355e-02
   3.7146259e-02
   1.5832843e-03
   4.2208448e-02
   3.4817770e-02
   3.9392047e-02
   3.7049890e-02
   4.0195931e-02
   5.3538535e-02
   5.1631354e-02
   3.2215625e-02
   3.0017581e-02
   3.2068547e-02
   3.5425119e-02
   3.3289060e-02
   2.6968429e-02
   3.3088647e-02
   2.7627019e-02
   4.7386467e-02
   3.2538753e-02
   4.6881981e-02
   1.8685427e-02
   1.9813584e-02
   1.8829906e-02
   4.9361821e-02
   5.7642106e-02
   4.4954803e-02
   5.8259737e-02
   2.6028158e-02
  -4.7428287e-03
   2.4364202e-03
   1.3786516e-02
   4.3840580e-02
   3.7631944e-02
   4.2473961e-02
   3.6637966e-02
   4.0950514e-02
   2.5692664e-02
   3.1742271e-02
   5.4651394e-02
   3.4721393e-02
   3.7384294e-02
   3.7700605e-02
   3.1526692e-02
   4.9769405e-02
   3.9075661e-02
   2.3593627e-02
   4.0415055e-03
  -5.0061559e-03
   5.2717593e-02
   4.6258930e-02
   2.4062766e-02
   2.1156155e-02
   5.1788051e-02
   7.4521013e-02
   1.8191399e-02
   2.7937545e-02
   3.5671476e-02
   4.5448072e-02
   1.0997760e-01
   1.5030631e-01
   9.9673368e-02
   6.3584805e-02
   3.1583678e-02
   1.6734604e-02
   1.0089999e-02
   4.8786163e-02
   8.3424956e-02
   4.3889891e-02
   1.4644372e-02
   2.7785391e-02
   5.5972166e-02
   4.7770597e-02
   7.9867572e-02
   2.4313839e-02
   1.5097047e-02
   3.9886139e-02
   4.9688686e-02
   5.6994658e-02
   4.3002315e-02
   5.5475708e-02
   7.4392028e-02
   1.0006116e-01
   1.3505711e-01
   1.0339570e-01
   5.0746247e-02
   2.3300838e-02
   1.5665954e-02
   1.3202894e-02
   5.3012054e-02
   1.1869932e-01
   1.5472019e-01
   9.7788990e-02
   4.1677345e-02
   2.8382340e-02
   3.2952815e-02
   6.3679256e-02
   3.0939035e-02
   3.2179058e-02
   2.2673609e-02
  -8.3696842e-03
  -1.6016681e-02
   2.7921764e-02
   1.6412627e-02
   4.1658994e-02
   6.4440794e-02
   3.7901036e-02
  -1.1304125e-02
   5.6460048e-03
   6.7192815e-02
   1.7170340e-01
   1.1974962e-01
   6.8161048e-02
   7.5065270e-02
   6.5554015e-02
   5.4073244e-02
   5.1450368e-02
   1.3921531e-01
   4.9105114e-01
   6.6147131e-01
   3.6565357e-01
   1.1769590e-01
   9.3152933e-02
   1.3742259e+00
   4.4792714e+00
   4.2962046e+00
   1.6683270e+00
   4.0887055e-01
   2.2984374e-01
   3.4856135e-01
   3.9055362e-01
   8.3127183e-01
   8.8996416e-01
   4.8078468e-01
   1.3863568e-01
   5.7443410e-02
   8.7285608e-02
   1.7054287e-01
   2.5968230e-01
   2.8239891e-01
   1.7225221e-01
   4.9323648e-02
   5.9628360e-02
   8.8204339e-02
   5.5804949e-02
   6.7171313e-02
   1.5841275e-01
   2.2681068e-01
   1.2180641e-01
   3.8697604e-02
   3.5246674e-02
   8.2858905e-02
   8.5726455e-02
   5.9086502e-02
   4.8843019e-02
   4.2731664e-03
   5.4673970e-02
   3.8695220e-02
   3.2846864e-02
   2.2817535e-02
   3.5527285e-02
   3.8309168e-02
   1.6649537e-04
   1.0094926e-03
   3.2451745e-02
   2.6622476e-02
   1.5980301e-02
  -3.4345794e-03
   5.4490641e-03
   6.5370284e-02
   1.2360661e-01
   1.3507231e-01
   7.3469169e-02
   6.4855590e-02
   2.9558527e-01
   3.7834799e-01
   2.3031312e-01
   8.0348402e-02
   1.2790155e-01
   1.8159248e-01
   1.3988276e-01
   8.8716857e-02
   8.7967522e-02
   2.1523054e-01
   8.2833540e-01
   9.9542779e-01
   4.8241657e-01
   1.5495135e-01
   5.6919489e-02
   3.0054392e-02
   4.3801423e-02
   1.2815048e-01
   2.3602124e-01
   1.2601867e-01
   2.7959310e-02
   2.0077468e-03
   2.8710244e-02
   4.5112841e-02
   7.7166349e-02
   6.7914836e-02
   3.9814476e-02
   2.1678807e-02
   1.7000172e-02
   1.5533719e-02
   1.8655824e-02
   2.4444541e-02
   7.4132144e-02
   8.1500120e-02
   3.5287648e-02
  -1.7793590e-03
   3.5302706e-02
   5.5789169e-02
   4.7229644e-02
   2.0255655e-02
   3.7274644e-02
   2.4284776e-02
   3.8261943e-02
   7.3344983e-02
   3.4607016e-02
   2.4374370e-02
   2.6958242e-02
   3.1028615e-02
   4.8339721e-03
  -3.2452594e-03
   5.1041242e-02
   4.9550358e-02
   4.5562301e-02
   4.9504954e-02
   5.7974998e-02
   1.1318474e-01
   9.8295331e-02
   5.8005065e-02
   3.7980985e-02
   1.0340278e-01
   9.3989611e-02
   5.3068154e-02
   5.4051887e-02
   1.3235943e-01
   3.3281025e-01
   3.7339315e-01
   1.5729089e-01
   4.5227408e-02
   2.4746189e-01
   1.0081160e+00
   1.3249890e+00
   7.7638984e-01
   2.6143491e-01
   9.4332069e-02
   1.3437165e-01
   2.2436191e-01
   2.7200860e-01
   2.6007408e-01
   1.9319424e-01
   5.8128297e-02
  -1.5180659e-02
  -1.4736466e-02
   4.8862938e-02
   7.8906164e-02
   7.5053282e-02
   5.6030367e-02
   6.1933231e-02
   4.6560384e-02
   4.0625907e-02
   5.8961108e-02
   4.3361247e-02
   4.7927100e-02
   2.6147030e-02
  -1.5153574e-03
   7.0945821e-03
   3.4008451e-02
   1.9419959e-02
   2.8634133e-02
   2.9384699e-02
   2.7621780e-02
   2.1735381e-02
   2.4608782e-02
   2.8941352e-02
   7.0395403e-02
   5.7620417e-02
   7.5061996e-03
   3.0605333e-02
   2.7755341e-02
   3.5557732e-02
   6.4037673e-02
   8.7010242e-02
   2.7394775e-02
   1.0732306e-02
   4.3163665e-02
   6.1557218e-02
   7.9267427e-02
   4.8797160e-02
   2.8645255e-02
   4.3943118e-02
   6.3536167e-02
   8.6393550e-02
   6.1878957e-02
   7.9550505e-02
   1.6562398e-01
   1.2787235e-01
   6.1106306e-02
   4.7722716e-02
   1.2087730e-01
   3.2428068e-01
   4.2365903e-01
   1.9146277e-01
   8.0683969e-02
   1.4839716e-02
   2.3394907e-02
   3.0309239e-02
   6.6668414e-02
   5.7092816e-02
   5.1005851e-02
   4.6055879e-02
   2.6507800e-02
   2.2720741e-02
   2.5353018e-02
   2.0066313e-02
   2.7342631e-02
   4.3701172e-02
   2.6944842e-02
   1.5895663e-02
   2.8121976e-02
   5.9012137e-02
   1.0011165e-01
   8.7382801e-02
   5.0128501e-02
   7.9820696e-03
   2.2528194e-02
   3.5574034e-02
   3.3082724e-02
   3.7740000e-02
   1.9300073e-02
   3.6504105e-02
   2.0864904e-02
   4.1047864e-02
   3.8849976e-02
   4.5270544e-02
   4.3946426e-02
   2.5165422e-02
   2.5205355e-02
   5.5984445e-02
   5.6609917e-02
   4.0282983e-02
   4.8124589e-02
   4.1634746e-02
   2.3188192e-02
   4.1974913e-02
   2.5528675e-02
   3.1031294e-02
   3.9083064e-02
   3.7769269e-02
   3.4303930e-02
   1.0450572e-02
  -2.7032256e-02
   9.3006007e-03
   8.1947759e-02
   7.3837779e-02
   4.2821098e-02
   2.7648408e-02
   4.8567586e-02
   9.5287837e-02
   1.3866796e-01
   8.2769632e-02
   3.2130357e-02
   5.5096358e-02
   1.2333423e-01
   1.5457600e-01
   8.8326976e-02
   4.2984728e-02
   1.0142985e-02
   3.8547746e-03
   3.6029599e-03
   2.6728546e-02
   5.5508319e-02
   1.8623274e-02
   6.1031006e-02
   6.8494469e-02
   5.5921260e-02
   3.5197038e-02
   3.5026833e-02
   8.3859473e-02
   7.0848294e-02
   2.8033851e-02
   2.0647746e-02
   7.8209788e-02
   2.5480711e-01
   2.5053793e-01
   9.0401195e-02
   3.3758130e-02
   3.2259893e-02
   7.1206108e-02
   9.5702127e-02
   6.2714770e-02
   4.2963348e-02
   2.4428047e-02
   5.6813657e-02
   3.5454478e-02
   2.0144060e-02
   2.6582034e-02
   4.3843325e-02
   3.6950286e-02
   4.4539474e-02
   1.6853428e-02
   1.7873544e-02
   1.2191275e-02
   1.7405365e-02
   1.8303908e-02
   3.9377354e-02
   5.1376738e-02
   3.1981241e-02
   1.3255171e-02
   1.3450097e-02
   6.1628446e-02
   1.0747592e-01
   6.8559334e-02
   4.2132106e-02
   3.1439975e-02
   4.6992034e-02
   5.8479484e-02
   6.7947835e-02
   4.7148898e-02
   2.9009456e-02
   5.8232779e-03
   2.3319155e-02
   2.0550219e-02
   2.7479604e-02
   5.8424003e-02
   4.9215425e-02
   5.6382015e-02
   3.5650127e-02
   3.8949396e-02
   5.1127892e-02
   2.0902749e-02
   2.1017386e-02
   2.7106553e-02
   1.8721476e-02
   5.1102098e-02
   4.8115954e-02
   4.9873937e-02
   2.9695973e-02
   3.9632741e-02
   2.8406838e-02
   1.1128681e-01
   1.1268187e-01
   6.8542123e-02
   2.1156535e-02
   1.5754214e-02
   3.1951483e-02
   4.6394851e-02
   2.7885107e-02
   4.0733535e-02
   5.5584788e-02
   1.0529025e-01
   6.5382257e-02
   6.4155750e-02
   7.5363949e-02
   3.9601848e-02
   6.6371970e-02
   3.5423625e-02
   3.9244130e-02
   7.3680222e-02
   9.0444773e-02
   5.6227360e-02
   8.5495815e-02
   1.2079423e-01
   1.3748842e-01
   1.6308899e-01
   1.3794991e-01
   3.1015176e-02
   9.0293378e-02
   1.4346129e-01
   1.5148933e-01
   1.8590632e-01
   1.5794306e-01
   2.0791653e-01
   3.5287648e-01
   2.8565568e-01
   1.1422877e-01
   1.4572549e-01
   4.1190675e-01
   5.5773324e-01
   3.3619484e-01
   1.0549816e-01
   1.1397969e-01
   8.7624347e-01
   1.7766964e+00
   1.2696400e+00
   4.7196609e-01
   1.9163042e-01
   6.1856973e-01
   9.8099661e-01
   8.6470580e-01
   5.4605472e-01
   2.4484140e-01
   2.4575910e-01
   2.4756719e-01
   1.4052293e-01
   6.6473782e-02
   9.7662814e-02
   1.8177173e-01
   1.6496292e-01
   7.6710522e-02
   6.1715931e-02
   5.0989848e-02
   6.9583021e-02
   8.0968045e-02
   4.7943205e-02
   6.5840124e-03
  -1.7928494e-02
  -3.4870423e-02
  -1.4396630e-02
  -6.5335925e-03
  -8.4214536e-03
   1.2125047e-02
   7.1731778e-03
   3.0301236e-02
   3.7982803e-02
   4.9768440e-02
   2.9174887e-02
   2.1739315e-02
   2.0415850e-02
   4.7026146e-02
   9.9235743e-02
   1.2089670e-01
   7.7091247e-02
   2.5973422e-02
   4.6035063e-02
   1.1599052e-01
   1.7949486e-01
   1.2831913e-01
   6.2120564e-02
   5.1814999e-02
   7.8345224e-02
   8.7882645e-02
   4.7548160e-02
   1.1903471e-01
   1.5738690e-01
   8.6913511e-02
   5.9533261e-02
   3.9217554e-02
   2.0309360e-01
   5.4124367e-01
   4.4058752e-01
   1.6889878e-01
   6.9294661e-02
   1.5559424e-01
   2.1667726e-01
   1.7894948e-01
   1.2901351e-01
   8.9614436e-02
   1.0598385e-01
   1.0659209e-01
   5.9903808e-02
   5.0583210e-02
   3.6026224e-02
   6.2839486e-02
   8.0634542e-02
   4.1939627e-02
   1.1721372e-02
   2.5272202e-02
  -1.8263914e-03
   2.2570363e-03
   1.3758619e-02
   5.3634564e-03
   4.1710038e-02
   7.0873082e-02
   8.4790727e-03
  -3.0227695e-03
  -1.6164290e-02
   2.9311473e-03
  -1.8578714e-03
   1.6938891e-02
   1.9676153e-02
   4.9990341e-02
   4.4716306e-02
   2.8442545e-02
   4.0122610e-02
   1.6220989e-02
   3.0216670e-02
   6.5354869e-02
   4.7608774e-02
   3.3985261e-02
   3.0757982e-02
   5.1322926e-02
   8.4977955e-02
   1.0474227e-01
   6.0194835e-02
   6.0057145e-02
   8.6510845e-02
   1.7401324e-01
   4.0288585e-01
   4.0692535e-01
   1.9282684e-01
   6.6615604e-02
   7.0602581e-02
   1.4224222e-01
   2.7464053e-01
   3.8067928e-01
   2.4703871e-01
   9.5313944e-02
   9.0865001e-02
   2.3981062e-01
   2.5983450e-01
   2.2925529e-01
   1.3086723e-01
   6.9706775e-02
   5.7843674e-02
   4.8185073e-02
   3.8007226e-02
   2.1827970e-02
   4.6846762e-02
   4.8182726e-02
   6.2142659e-02
   3.5197318e-02
   8.3321910e-03
   2.0422228e-02
   4.0636167e-02
   2.7338520e-02
   6.4254613e-03
   2.1550115e-02
   4.1883051e-02
   8.6719925e-03
   1.5086608e-02
   3.8017474e-02
   1.0641839e-02
   7.3053321e-04
   6.1452750e-02
   7.9757623e-02
   5.8469836e-02
   7.4662096e-03
   1.6700132e-02
   2.3805464e-02
   5.6884371e-02
   5.9592716e-02
   5.2346136e-02
   4.2046145e-02
   3.6484268e-02
   2.4698053e-02
   1.4420075e-02
   4.1643780e-02
   5.8574010e-02
   3.6353543e-02
   3.7297517e-02
   4.9626909e-02
   5.6929503e-02
   8.5665509e-02
   1.1271433e-01
   1.2446681e-01
   9.7404815e-02
   5.5558056e-02
   5.9318680e-02
   9.3751751e-02
   1.8692660e-01
   1.3394190e-01
   7.1342789e-02
   5.8298118e-02
   9.8794200e-02
   8.4789425e-02
   5.3503551e-02
   4.3969955e-02
   4.5329355e-02
   2.5243463e-02
   5.4739691e-02
   3.8300522e-02
   4.6287261e-02
   4.0905859e-02
   5.1174924e-02
   4.8561007e-02
   2.2530958e-02
   2.0728638e-02
  -2.8843870e-03
   2.2657363e-02
   3.0146617e-02
   1.8891862e-02
   3.5304613e-02
   2.1469610e-02
   2.7888596e-02
   3.8425531e-02
   2.7875956e-02
   3.5370190e-02
   3.7301399e-02
   9.4167693e-03
   2.7620096e-03
   1.1392777e-02
   2.5738567e-02
   9.5230415e-03
   2.4051899e-02
   2.6691522e-02
   4.3365415e-02
   4.0379710e-02
   3.4685962e-02
   3.2717798e-02
   2.9069427e-02
   6.4252946e-03
   4.7809381e-02
   4.4285461e-02
   1.8731115e-02
   1.1756548e-02
   2.0201962e-02
   7.9564869e-02
   9.0150878e-02
   5.3977143e-02
   5.8610853e-02
   4.7558796e-02
   2.8727448e-02
   2.4727071e-02
   4.3765076e-02
   4.8866645e-02
   7.6453716e-02
   5.0216645e-02
   6.7996770e-02
   1.0146150e-01
   6.3227326e-02
   2.4446731e-02
   3.8309745e-02
   2.9742459e-02
   1.6454363e-02
   2.0947495e-02
   2.3964215e-02
   2.9705655e-02
   3.6038596e-02
   2.7509088e-02
   2.8611654e-02
   3.7493927e-03
   6.4794407e-03
   4.1760508e-02
   4.7065660e-02
   2.5575122e-02
   3.9713170e-02
   5.2877471e-02
   4.4496160e-02
   4.3906556e-03
   1.9481493e-02
   5.8986899e-02
   5.1583774e-02
   3.9472155e-02
   8.5610457e-02
   1.2620234e-01
   7.5441174e-02
   6.4695694e-02
   6.7939736e-02
   6.0358904e-02
   3.8937826e-02
   3.0211456e-02
   1.3319560e-02
   3.4412149e-02
   5.5885285e-02
   2.7588734e-02
   1.6260829e-02
   4.6307705e-02
   3.3514891e-02
   4.4621065e-02
   4.9129955e-02
   2.8824449e-02
   2.8808601e-02
   4.1645586e-02
   6.9356717e-02
   5.7084903e-02
   3.9693821e-02
   5.1512610e-02
   7.3360577e-02
   4.2947460e-02
   4.2024303e-02
   2.7804473e-02
   1.4206680e-02
   2.3283537e-02
   4.4941347e-02
   8.4990576e-02
   4.6616200e-02
   3.4478027e-02
   4.5384504e-02
   1.2809155e-02
   2.2527080e-02
   3.4691270e-02
   3.3226993e-02
   3.3993375e-02
   2.6307266e-02
   3.1688463e-02
   3.1492874e-02
   1.6431801e-02
   2.0664480e-02
   2.3261096e-02
   2.6140122e-02
   2.9555168e-02
   2.8545601e-02
   1.9806165e-02
   2.2707447e-02
   3.5342954e-02
   2.0304050e-02
   2.7092837e-02
   3.7684847e-02
   4.7634151e-02
   3.0288814e-02
   1.5574649e-02
   1.4503268e-02
   1.8201597e-02
   8.8097518e-03
   3.0444240e-02
   5.8507938e-02
   2.1342408e-02
   8.7867985e-03
   1.4345927e-02
   1.2415982e-02
   1.9050563e-02
   2.5848947e-02
   3.7909977e-02
   6.8131514e-02
   5.6860682e-02
   5.1742569e-02
   2.7395109e-02
   2.9100012e-02
   2.5419222e-02
   2.5930749e-02
   2.9180184e-02
   3.0068992e-02
   3.0803695e-02
   3.8003646e-02
   5.1406957e-02
   3.2929346e-02
   7.7869527e-02
   9.0199992e-02
   4.5226991e-02
   1.5209780e-02
   1.7787999e-02
   3.9593328e-02
   4.4728853e-02
   1.1998088e-02
   1.8728111e-02
   1.9904718e-02
   6.3910149e-03
   3.5853192e-02
   4.3287873e-02
   4.2089242e-02
   2.1008089e-02
   2.4734326e-02
   2.6510628e-02
   5.0481506e-02
   6.6827387e-02
   3.2231778e-02
   2.0570772e-02
   3.0140767e-02
   3.9122488e-02
   4.3395218e-02
   5.3545613e-02
   2.8187873e-02
   8.6422935e-03
  -3.4025242e-03
   4.7184429e-03
   1.2677332e-02
   7.3712450e-03
   3.1523313e-02
   2.0905234e-02
  -1.4347956e-02
  -1.9244121e-02
   2.0798562e-02
   4.2013120e-02
   6.2731557e-02
   6.8508774e-02
   6.9464609e-02
   4.1944165e-02
   2.6365604e-02
   2.2448834e-02
   5.2150264e-02
   1.4942031e-01
   1.4840588e-01
   6.8668433e-02
   5.2103642e-02
   3.5109776e-01
   9.9041104e-01
   8.1782120e-01
   3.2472953e-01
   1.3186163e-01
   2.5193113e-01
   3.5549894e-01
   3.1351906e-01
   2.7624127e-01
   1.6225627e-01
   5.9877068e-02
   4.3458700e-02
   7.7035591e-02
   9.5247775e-02
   8.1795037e-02
   2.8721461e-02
   1.3533205e-02
   3.7775416e-02
   3.1702671e-02
   6.2150817e-02
   6.7541219e-02
   1.2836087e-02
   2.4488606e-02
   5.8572955e-02
   4.8873898e-02
   4.8088036e-02
   3.8183767e-02
   2.5813544e-02
   2.6587695e-02
   2.1165306e-02
   4.1087881e-02
   3.6335219e-02
   1.5022459e-02
   1.7335974e-02
   2.7577667e-02
   4.0628128e-02
   3.1429440e-02
   2.7029494e-02
   7.9676285e-03
   3.3816222e-02
   5.4943241e-02
   5.9037510e-02
   3.9149456e-02
   1.2722339e-02
   4.1414812e-02
   2.6046965e-02
   3.9495032e-02
   4.9419958e-02
   5.4450072e-02
   6.4699702e-02
   6.0357384e-02
   1.2955337e-02
   4.3528441e-02
   1.3147105e-01
   2.0306307e-01
   9.8497599e-02
   6.1184663e-02
   5.5167895e-02
   1.0492064e-01
   8.6897790e-02
   6.6002928e-02
   4.2627089e-02
   2.8671743e-02
   4.3897122e-02
   3.5910305e-02
   1.9141566e-02
   2.2461209e-02
   3.0914107e-02
   4.6122685e-02
   3.0545915e-02
   2.2088990e-02
   2.2359047e-02
   1.3522936e-02
   2.9243436e-02
   2.4267182e-02
   2.6780719e-02
   3.8543750e-02
   4.0598087e-02
   4.3754298e-02
   2.2216899e-02
   1.9055272e-02
   3.0442746e-02
   2.7727189e-02
   2.0612089e-02
   3.5433628e-02
   3.8337804e-02
   3.8662668e-02
   3.1215347e-02
   3.7414420e-02
   3.4882247e-02
   1.8004986e-02
   1.4988303e-02
   2.9865269e-02
   3.3597220e-02
   8.6650066e-03
   1.7194305e-02
   4.4463802e-02
   3.5354592e-02
   2.7542084e-02
   2.7045025e-02
   4.2368714e-02
   5.7372417e-02
   3.9170515e-02
   3.8384713e-02
   2.2710094e-02
   6.3857287e-02
   1.1495671e-01
   9.7027831e-02
   5.0471332e-02
   3.7380852e-02
   5.3948328e-02
   7.4087761e-02
   4.9063593e-02
   2.5937280e-02
   1.9294307e-02
   4.7388207e-02
   2.7850354e-02
   1.4959792e-02
   2.1667102e-02
   2.4042806e-02
   3.1016871e-02
   8.8046724e-03
   2.6202248e-02
   2.9425476e-02
   3.7314575e-02
   3.4986373e-02
   3.3161551e-02
   3.6643036e-02
   2.4379183e-02
   3.0771812e-02
   6.3820481e-03
   6.2112897e-03
   2.9961616e-03
   1.1893092e-02
   1.3389135e-02
   2.4159428e-02
   2.1669570e-02
   1.9533144e-02
   2.5652854e-02
   2.4780804e-02
   2.3496415e-02
   3.2201461e-02
   2.1297259e-02
   2.1667222e-02
   2.7071284e-02
   3.0771635e-02
   2.1024048e-02
   3.4217652e-02
   3.3656493e-02
   2.6572488e-02
   9.8047340e-03
   1.2156105e-02
   1.2471346e-02
   4.9375255e-02
   3.5811290e-02
   3.7416521e-02
   6.1566789e-02
   6.3767247e-02
   4.1817982e-02
   4.0147055e-02
   5.6673285e-02
   3.8158622e-02
   3.7319958e-02
   3.9010122e-02
   4.8284587e-02
   4.8045222e-02
   5.6438945e-02
   3.7227340e-02
   3.2061163e-02
   1.5595003e-02
   2.4363738e-02
   2.0090640e-02
   2.1682806e-02
   3.2132152e-02
   2.6428789e-02
   1.9180339e-02
   1.7531358e-02
   1.9616498e-02
   1.5169247e-02
   2.6891818e-02
   1.8999511e-02
   5.7235334e-02
   5.5590350e-02
   3.7723053e-02
   4.6617564e-02
   3.9669443e-02
   3.2069925e-02
   2.5315490e-02
   3.0706195e-02
   2.2506086e-02
   1.7673580e-02
   2.9693022e-02
   2.0907188e-02
   6.3283280e-03
   1.3499364e-02
   3.1122812e-03
   2.0433074e-02
   4.2322952e-02
   1.1498615e-02
   3.4021605e-02
   2.2947615e-02
   1.6852899e-02
   2.7682304e-02
   2.4870187e-02
   4.0887460e-02
   2.5288604e-02
   2.3428122e-02
   2.3925293e-02
   2.8677315e-02
   3.4655288e-02
   3.2939516e-02
   3.4381378e-02
   2.1958979e-02
   4.5154855e-02
   5.0602887e-02
   6.3316450e-02
   4.0372100e-02
   3.0607807e-02
   2.1270553e-02
   2.8148748e-02
   3.5643563e-02
   1.2487615e-02
   6.4367242e-03
  -5.5065122e-03
   1.2108029e-02
   2.6007432e-02
   1.4182478e-02
   2.4878871e-02
   3.6769271e-02
   3.3022031e-02
   1.9576114e-02
   2.9469278e-02
   4.3300498e-02
   3.5025939e-02
   4.5208517e-03
   1.9222556e-03
   3.5535330e-03
   1.9043365e-02
   4.0287215e-02
   5.0181363e-02
   2.4400547e-02
   1.8122176e-02
   1.5845018e-02
   3.5072893e-02
   3.0988645e-02
   3.7089087e-02
   6.0605261e-02
   5.0258219e-02
   3.0913627e-02
   2.6896168e-02
   4.4641551e-02
   2.2522008e-02
   2.9597603e-02
   4.0554360e-02
   2.7277015e-02
   1.0313910e-02
   1.3330748e-02
   1.6577512e-02
   3.0319408e-02
   8.2925577e-03
   1.8785210e-02
   3.1807825e-02
   1.7867194e-02
   2.4322439e-02
   3.9749898e-02
   3.5117123e-02
   2.7341530e-02
   8.4039345e-03
   2.6462197e-02
   2.0898195e-02
   2.6377169e-02
   4.3563459e-02
   2.8698958e-02
   2.6582118e-02
   2.7651140e-02
   2.3757955e-02
   1.9601354e-02
   2.7191943e-02
   1.6883546e-02
   3.0775189e-02
   2.4972018e-02
   1.8618038e-02
   1.9823560e-02
   4.4196986e-02
   2.7324257e-02
   2.4504161e-02
   5.0248425e-02
   1.8692654e-02
   1.5564325e-02
   1.4969715e-02
   1.1804298e-02
   4.5486741e-02
   4.0207069e-02
   3.1038741e-02
   1.6079620e-02
   1.1957087e-02
   4.3158866e-02
   4.0348496e-02
   1.8555900e-02
   9.5176008e-03
   1.5428455e-02
   3.9395675e-02
   3.4952730e-02
   2.9412504e-02
   2.6612967e-02
   5.3463630e-02
   5.3266842e-02
   3.8436640e-02
   3.5218816e-02
   2.2025475e-02
   2.8495628e-02
   3.5793796e-02
   2.8542316e-02
   1.6604017e-02
   2.9664431e-02
   3.3307914e-02
   2.3635549e-02
   1.9646665e-02
   1.3243096e-02
   1.3479073e-02
   2.2494022e-02
   4.3090224e-02
   5.2168928e-02
   3.3951528e-02
   2.0529769e-02
   2.0051343e-02
   2.5503049e-02
   2.8323136e-02
   3.0302156e-02
   2.7413459e-02
   3.6437247e-02
   1.8789396e-02
   8.4075034e-03
   9.8549444e-03
   1.5024775e-02
   3.9110538e-02
   2.9087696e-02
   3.3151962e-02
   2.2003366e-02
   2.5507106e-02
   3.9843544e-02
   3.5938933e-02
   3.4607407e-02
   3.5372872e-02
   5.1741987e-02
   4.0937994e-02
   3.9034113e-02
   2.9087408e-02
   4.4788279e-02
   3.2271393e-02
   1.5850908e-03
  -2.8825985e-04
   3.4811497e-02
   5.4723416e-02
   4.2573366e-02
   4.2355236e-02
   3.8967982e-02
   3.7046954e-02
   3.1816289e-02
   2.3614611e-02
   7.2559058e-03
   3.7056617e-02
   8.3251290e-02
   6.4258158e-02
   5.3093355e-02
   4.5431331e-02
   3.8882811e-02
   3.5563909e-02
   2.8488545e-02
   1.1991370e-02
   2.8158465e-02
   3.2146137e-02
   2.4966223e-02
   2.0563582e-02
   4.9800251e-02
   3.5087783e-02
   2.8965106e-02
   2.0340679e-02
   2.3070794e-02
   2.7684946e-02
   5.3343922e-02
   4.6788279e-02
   3.8220614e-02
   5.1066268e-02
   4.2000953e-02
   2.4900820e-02
   4.5332261e-03
   2.5968755e-02
   3.1974126e-02
   2.6760215e-02
   5.1972721e-02
   5.1855557e-02
   4.5581970e-02
   3.5524100e-02
   5.1105168e-02
   4.9174998e-02
   5.5265430e-02
   4.1254718e-02
   2.2367690e-02
   2.2861578e-02
   3.1554006e-02
   1.9233754e-02
   1.6131351e-02
   7.8134894e-02
   1.3181986e-01
   1.1948404e-01
   8.8533416e-02
   4.3660548e-02
   2.6863623e-02
   2.8280951e-02
   3.5660893e-02
   2.2921363e-02
   3.1407751e-02
   2.7497150e-02
   5.7376204e-03
   2.2767523e-02
   4.2895101e-02
   4.4542816e-02
   4.5032505e-02
   1.7229915e-02
   8.6111594e-03
   1.2858792e-02
   1.7720418e-02
   1.6743241e-02
   1.2476661e-02
   2.2404404e-02
   1.5764590e-02
   2.1130683e-02
   2.0721110e-02
   2.7552944e-02
   3.8082261e-02
   2.6730875e-02
   1.7621016e-02
   2.1411777e-02
   2.6947491e-02
   2.5960272e-02
   2.4922492e-02
   2.3102591e-02
   4.7902833e-03
   2.2346469e-02
   3.5446655e-02
   2.9229427e-02
   2.1342481e-02
   1.6296370e-02
   5.8191158e-03
   9.7942501e-03
   1.8560890e-02
   3.5485357e-02
   2.9371323e-02
   3.2316636e-02
   4.1648518e-02
   4.0955544e-02
   2.4089349e-02
   2.2969661e-02
   2.0303791e-02
   3.8242254e-02
   4.2622164e-02
   3.2677796e-02
   2.1733791e-02
   4.2487528e-02
   4.0339418e-02
   5.5404235e-02
   6.4645566e-02
   4.4555876e-02
   2.5422441e-02
   1.5493105e-02
   2.0477144e-02
   8.9812800e-03
   2.5323434e-02
   3.8632538e-02
   4.1449837e-02
   4.5349315e-02
   3.3759709e-02
   2.1061998e-02
   2.6632458e-02
   3.1395167e-02
   1.7563459e-02
   2.0842470e-02
   1.3237702e-02
   1.4734000e-02
   3.6048505e-02
   4.0521741e-02
   1.8980918e-02
   8.4295636e-03
   1.8554833e-02
   4.3632012e-02
   2.9424738e-02
   4.0091112e-02
   1.3946471e-02
   1.0264653e-02
   3.9208166e-02
   3.0079205e-02
   1.5056162e-02
   1.4903284e-02
   1.5259312e-02
   2.4194505e-02
   2.4728741e-02
   1.0935047e-02
   1.5217215e-02
   6.1772009e-03
   8.2174884e-03
   2.0600896e-02
   2.6188701e-02
   1.6127640e-02
   1.2484692e-02
   7.6219309e-03
   2.9872708e-02
   3.0948572e-02
   1.1677641e-02
   5.6608440e-03
   8.6349621e-03
   2.6697265e-02
   3.4515787e-02
   1.5259666e-02
   3.0724086e-02
   3.3188876e-02
   3.7352167e-02
   4.5022964e-02
   2.4105731e-02
   4.6511898e-03
   2.1761060e-02
   1.5632357e-02
   3.3656467e-02
   3.4914877e-02
   9.1300271e-03
   1.3466749e-02
   4.3927528e-02
   3.6284618e-02
   1.5069249e-02
   2.2012057e-02
   4.0516272e-02
   2.8053924e-02
   1.8414630e-02
   1.8214628e-02
   2.4455573e-02
   2.4436064e-02
   2.7618473e-02
   2.1678988e-02
   2.9572340e-02
   1.6995735e-02
   2.1098046e-02
   2.3083052e-02
   1.7379936e-02
   3.1582668e-02
   3.2276493e-02
   9.2997048e-03
   3.1491876e-02
   3.6665093e-02
   1.4834863e-02
   2.1714238e-02
   3.5277162e-02
   1.2857851e-02
   1.7320322e-02
   2.6621306e-02
   1.3124903e-02
   3.5619773e-03
   7.3504512e-04
   1.8288229e-02
   2.2902070e-03
   1.5965028e-02
   3.5915717e-02
   3.3583950e-02
   2.7636882e-02
   2.9707391e-02
   2.7637176e-02
   2.1407465e-02
   3.7348785e-02
   6.9609739e-02
   4.7824349e-02
   1.4159775e-02
   2.5580950e-02
   3.3859480e-02
   3.9341155e-02
   1.6476342e-02
   8.2300678e-03
   1.8378826e-02
   2.8361205e-02
   5.5578858e-02
   4.7284994e-02
   4.3551009e-02
   9.4011808e-03
  -1.9689320e-04
   1.8471397e-02
   6.2792292e-03
   2.6193131e-02
   2.1205533e-02
   2.9931284e-02
   2.7592281e-02
   8.3214780e-03
   2.1822056e-02
   2.3533648e-02
   1.8782791e-02
   1.1985026e-02
   3.3787113e-02
   3.2792300e-02
   1.4691430e-02
   2.8613919e-02
   4.1992962e-02
   5.8362599e-02
   3.0585585e-02
   3.1041615e-02
   3.2824874e-02
   1.7655142e-02
   1.0460663e-02
   2.3506809e-02
   2.7981939e-02
   2.8150260e-02
   3.2196596e-02
   2.9573280e-02
   2.9785773e-02
   1.5354578e-02
   1.3434974e-02
   1.9904699e-02
   3.3424631e-02
   4.9276985e-02
   4.2037953e-02
   2.9520633e-02
   6.6108550e-03
   2.3028843e-02
   3.6439918e-02
   3.5995189e-02
   3.2723974e-02
   2.5343459e-02
   3.0909725e-03
   2.3521701e-02
   5.1002469e-02
   2.7183356e-02
   2.5201987e-02
   1.9905975e-02
   2.5975289e-02
   1.6074054e-02
   8.3258469e-03
   1.5637007e-02
   3.0087778e-02
   2.8959693e-02
   1.3156476e-03
   2.1678017e-02
   4.0635381e-02
   5.2773371e-02
   3.1622373e-02
   3.0965379e-02
   2.8506463e-02
   3.5220839e-02
   2.4409488e-02
   2.4205040e-02
   3.1312756e-02
   2.2260275e-02
   2.9380776e-02
   3.2140601e-02
   2.4706841e-02
   5.2567413e-03
   1.5088111e-02
   3.6394451e-02
   4.4377659e-02
   2.2960706e-02
   2.8714819e-02
   4.1880064e-02
   1.6947575e-02
   1.1618476e-02
   1.6749587e-02
   1.3931215e-02
   2.6633313e-02
   1.9433875e-02
   2.6354464e-02
   3.3688236e-02
   2.3333687e-02
   5.3650942e-03
   5.7733529e-03
   2.9844346e-02
   3.4246746e-02
   2.7527532e-02
   1.3215075e-02
   4.0231175e-03
   2.4878711e-02
   3.1165164e-02
   3.5129316e-02
   3.5122085e-02
   2.6897801e-02
   1.5134231e-02
   2.7693644e-02
   5.5200946e-02
   3.9351225e-02
   1.4864307e-02
   3.2507351e-03
   4.9136531e-02
   1.0705899e-01
   1.0685242e-01
   7.6984711e-02
   2.2912022e-02
   3.6760963e-02
   3.9888747e-02
   2.5135338e-02
   4.9153432e-02
   6.4384475e-02
   7.9047158e-02
   4.5888465e-02
   4.9354468e-02
   4.8360802e-02
   3.4306630e-02
   2.4075437e-02
   3.0047255e-02
   6.1140891e-02
   5.5599391e-02
   1.7675305e-02
   1.5588858e-02
   2.0900788e-02
   2.7809419e-02
   2.8913332e-02
   8.0706336e-02
   1.1219413e-01
   9.5712207e-02
   5.0888181e-02
   4.1195508e-02
   8.3081312e-03
   1.5284511e-02
   2.7587829e-02
   2.4661468e-02
   3.6519624e-02
   4.6396330e-02
   3.0358907e-02
   1.5836133e-02
   1.9017406e-02
   3.0403383e-02
   2.8684331e-02
   2.5337839e-02
   2.8145768e-02
   1.8044904e-02
   1.4115432e-02
   4.0733252e-02
   2.9302694e-02
   5.3026765e-03
   1.3207728e-02
   4.6407808e-02
   6.0477059e-02
   3.4472521e-02
   3.1323876e-02
   4.2690054e-02
   3.3207681e-02
   2.5785590e-02
   3.7865017e-02
   5.0683904e-02
   3.1439818e-02
   5.3320367e-02
   4.1834507e-02
   3.3004504e-02
   1.9747963e-02
   2.4781927e-02
   2.8988367e-02
   1.1562871e-02
   1.1127228e-02
   3.0961489e-02
   4.5984577e-02
   4.7092784e-02
   4.0256273e-02
   2.5764780e-02
   5.7848520e-04
   2.7561486e-02
   2.3867963e-02
   2.0628374e-02
   3.1338550e-02
   3.3252943e-02
   3.6069192e-02
   3.0439943e-02
   2.1684658e-02
   1.5997374e-02
   2.8758029e-02
   1.5580059e-02
   1.6685124e-02
   7.1239341e-03
   1.6442960e-02
   1.2844793e-02
   1.8085947e-02
   1.3890404e-02
   2.7190592e-02
   4.3027706e-02
   4.8388340e-02
   3.6439899e-02
   1.0710158e-02
   4.5803655e-02
   5.1280681e-02
   3.5942964e-02
   5.5774465e-02
   1.6607989e-01
   2.7582130e-01
   2.5838992e-01
   1.6899221e-01
   4.9912646e-02
   2.5004080e-02
   1.9149458e-02
   1.7177800e-02
   4.8228823e-02
   9.0168342e-02
   7.9889864e-02
   3.3753805e-02
   4.3413855e-02
   5.2381877e-02
   2.6123419e-02
   4.0303614e-02
   5.9620827e-02
   6.9346942e-02
   6.0432151e-02
   7.3755018e-02
   5.2118909e-02
   1.6985156e-02
   2.3929680e-02
   5.8744308e-02
   1.4948785e-01
   1.8188922e-01
   1.0876942e-01
   4.8532143e-02
   2.8076524e-02
   7.5907181e-03
   2.4868187e-02
   2.7761295e-02
   2.4026187e-02
   2.4882657e-02
   5.0336491e-02
   5.0341159e-02
   7.5290419e-02
   5.0792631e-02
   2.2468245e-02
   2.3017438e-02
   4.7332074e-02
   5.9553944e-02
   4.9471918e-02
   2.6737461e-02
   3.3256728e-02
   4.3005746e-02
   1.8377677e-02
   3.0507196e-02
   2.8123414e-02
   3.5740815e-02
   6.8318292e-02
   5.7513617e-02
   2.9772054e-02
   1.3388323e-02
   1.7832305e-02
   3.3051144e-02
   4.4981830e-02
   4.2378739e-02
   3.4722984e-02
   1.6989021e-02
   1.2128509e-02
   2.2739125e-02
   8.6392723e-03
  -1.0356166e-02
   3.2584697e-02
   4.1130524e-02
   3.7924968e-02
   2.1025494e-02
   2.8802380e-02
   3.1713109e-02
   2.3048919e-02
   3.9757077e-02
   1.1294281e-02
   2.6371209e-02
   3.7357822e-02
   2.9247086e-02
   2.0749474e-02
   1.1196892e-02
   2.8718302e-02
   2.0762665e-02
   5.3757045e-02
   4.8753008e-02
   1.8904509e-02
   1.7434716e-02
   2.9194687e-02
   2.9300500e-02
   3.1216241e-02
   2.8567608e-02
   3.9668228e-02
   3.2806713e-02
   9.0618003e-03
   1.1801679e-02
   4.6398941e-02
   6.3904166e-02
   6.0220771e-02
   4.3334555e-02
   1.5465374e-02
   1.6348222e-02
   2.7300725e-02
   3.6388639e-02
   4.3780595e-02
   5.1682230e-02
   5.0478674e-02
   3.8691659e-02
   2.3138858e-02
   1.4530169e-02
   1.8246530e-02
   3.5273571e-02
   1.5833221e-01
   2.2502333e-01
   1.6333431e-01
   8.0845438e-02
   4.9074676e-02
   2.2730175e-02
   1.5968768e-02
   4.6396982e-02
   7.1389958e-02
   5.3842675e-02
   4.0243521e-02
   2.0620737e-02
   1.1433315e-02
  -8.2572373e-03
   1.1614648e-04
   4.3860227e-02
   7.3740460e-02
   5.9633460e-02
   5.1989641e-02
   5.5139050e-02
   5.8571823e-02
   3.7324820e-02
   2.7317204e-02
   7.7596381e-02
   9.0168759e-02
   7.0057541e-02
   5.8344908e-02
   6.2413085e-02
   5.2477114e-02
   3.1845629e-02
   2.5019668e-02
   4.3815184e-02
   4.8790511e-02
   3.6993921e-02
   3.3891913e-02
   4.2593636e-02
   2.8448036e-02
   2.6206713e-02
   2.4277216e-02
   3.6248516e-02
   5.3336915e-02
   5.2589677e-02
   3.2148559e-02
   4.9639221e-02
   2.4952855e-02
   2.0491619e-02
   2.7799880e-02
   7.4306768e-03
   3.3448968e-02
   2.9363697e-02
   1.1819726e-02
   1.0791661e-02
   2.5549080e-02
   3.1217301e-02
   2.6769657e-02
   2.7281471e-02
   3.1329036e-02
   4.1473724e-02
   5.3252496e-02
   6.1867587e-02
   4.1716300e-02
   4.7107566e-02
   4.8786178e-02
   1.5983557e-02
   5.2098092e-02
   3.5922188e-02
   1.7851233e-02
   7.7001279e-04
   1.8745217e-02
   5.2689955e-02
   3.6880158e-02
   8.2542151e-03
  -5.5613555e-03
   7.4147140e-03
   5.5547114e-02
   5.4673985e-02
   5.4868218e-02
   5.6846790e-02
   1.2358376e-02
   2.3739813e-02
   9.8635621e-02
   1.8170442e-01
   1.5758367e-01
   9.5021464e-02
   4.4351153e-02
   3.2618850e-02
   4.0133074e-02
   1.8069757e-02
   3.0864889e-02
   7.9526350e-02
   9.6808374e-02
   1.6386959e-01
   1.6303860e-01
   1.0704742e-01
   7.8762375e-02
   7.5079121e-02
   1.0876134e-01
   9.9417485e-02
   8.0875553e-02
   1.1767344e-01
   2.7533656e-01
   3.0284563e-01
   1.6284484e-01
   9.4191186e-02
   1.3254644e-01
   1.2500234e-01
   9.9743150e-02
   6.3203365e-02
   5.3054616e-02
   4.6356317e-02
   1.4606795e-02
   3.5890374e-02
   2.2819500e-02
   1.5775461e-02
   2.1159252e-02
  -1.9627085e-03
   1.8523734e-02
   1.8297011e-02
   1.6187124e-02
   1.6620839e-02
   8.3607202e-03
   5.8374512e-03
   1.1625684e-02
   1.5388905e-03
   1.4960854e-03
   2.1270117e-02
   3.3092819e-02
   6.6208437e-02
   5.6391101e-02
   5.0116006e-02
   4.2659525e-02
   3.6689080e-02
   1.7587548e-02
   5.5402577e-02
   8.0100983e-02
   7.7622429e-02
   5.8962800e-02
   7.3916800e-02
   6.6276684e-02
   5.7374671e-02
   3.2985400e-02
   6.7008846e-02
   7.2435945e-02
   6.2000070e-02
   8.3972998e-02
   1.5002210e-01
   1.2176865e-01
   7.4567743e-02
   5.6933615e-02
   5.1506743e-02
   5.2078340e-02
   3.2848619e-02
   2.4194038e-02
   5.3169686e-02
   3.6676139e-02
   4.0539023e-02
   3.4694944e-02
   1.2438432e-03
   1.1861818e-03
  -5.0912537e-03
   3.9537456e-03
   1.1589175e-01
   3.5254571e-01
   4.6883431e-01
   3.1192142e-01
   1.2412272e-01
   5.1591266e-02
   2.5609809e-03
  -1.8337060e-02
   2.9323818e-02
   5.9406087e-02
   4.3231741e-02
   6.4067252e-02
   1.2979814e-01
   1.5460381e-01
   9.8518960e-02
   6.3319683e-02
   1.6423043e-02
   1.7007614e-02
   4.9576048e-02
   4.6192147e-02
   4.1853152e-02
   5.7745259e-02
   6.3137323e-02
   6.3139059e-02
   4.9033135e-02
   3.2110002e-02
   2.4083139e-02
   4.4969615e-02
   1.0594358e-01
   1.0639863e-01
   4.8357859e-02
   3.0086126e-02
   2.1277426e-02
   3.0690769e-02
   4.1878082e-02
   7.4049741e-02
   6.0239248e-02
   6.9812648e-03
  -2.6486749e-03
   5.0302763e-02
   6.0419615e-02
   4.8099529e-02
   3.2516494e-02
   5.4042730e-02
   8.4385566e-02
   1.0382885e-01
   1.0767193e-01
   6.5990143e-02
   7.7018626e-02
   6.4103864e-02
   1.6357133e-02
   3.7425272e-02
   4.0322747e-02
   2.0064993e-02
   6.0314812e-02
   1.6306624e-01
   1.8719028e-01
   1.5900925e-01
   1.0398781e-01
   8.5898727e-02
   5.6471597e-02
   7.8913616e-04
   3.5555225e-02
   1.1740257e-01
   1.0637616e-01
   1.2477095e-01
   1.8484493e-01
   1.2615991e-01
   7.7489235e-02
   2.0536499e-01
   3.3245265e-01
   2.1682183e-01
   1.3737473e-01
   3.6671561e-01
   7.5751513e-01
   6.3718462e-01
   2.3790210e-01
   8.6915389e-02
   9.6854664e-02
   1.1103131e-01
   6.7408375e-02
   7.5686269e-02
   6.7438297e-02
   2.7986202e-02
   2.6734704e-02
   3.5775606e-02
   1.1911741e-02
  -2.2847563e-02
   3.2065876e-02
   9.8222882e-02
   1.4408928e-01
   1.1936107e-01
   7.9261988e-02
   4.8789751e-02
   3.9229304e-02
   3.3643961e-02
   6.8684377e-02
   5.9420746e-02
   3.9843794e-02
   3.4107290e-02
   3.0063368e-02
   3.4939528e-02
   4.3086383e-02
   5.1915370e-02
   4.3028932e-02
   2.2531182e-02
   7.5687893e-02
   1.4431261e-01
   2.1969914e-01
   1.3720022e-01
   5.3329024e-02
   1.2447071e-02
   3.5739146e-02
   8.9571185e-02
   1.7261952e-01
   2.3964302e-01
   2.3418543e-01
   2.5683841e-01
   3.3479917e-01
   2.1255018e-01
   7.4817851e-02
   3.0680003e-02
   1.8421214e-02
   5.0904758e-02
   4.6933822e-02
   5.5957943e-02
   8.2851075e-02
   9.7060435e-02
   4.6116509e-02
   2.6805472e-02
   2.3790231e-02
   3.0734574e-02
   3.3281494e-02
   5.6708109e-02
   6.9401130e-02
   8.0619574e-02
   6.3195974e-02
   4.3099333e-02
   1.3673595e-02
   2.4482051e-02
   2.1812541e-02
   1.0679173e-02
   3.2808140e-02
   4.4772629e-02
   5.6391232e-02
   3.5878364e-02
   8.8360161e-03
   3.6075052e-02
   3.7644777e-02
   5.1209745e-03
   1.1023317e-02
   2.6056476e-02
   2.1485133e-02
   2.8205676e-02
   3.6136497e-02
   4.2637467e-02
   4.2951934e-02
   3.5646949e-02
   8.1656508e-02
   6.0084898e-02
   5.5694263e-02
   9.7115189e-02
   1.0268530e-01
   6.5161705e-02
   2.1133142e-02
   3.9436769e-02
   1.3707194e-01
   2.2998318e-01
   2.3743485e-01
   1.1008160e-01
   5.6493282e-02
   1.4190070e-02
   2.2787356e-03
   1.3982624e-01
   5.0743514e-01
   8.9945447e-01
   8.0725491e-01
   4.5619291e-01
   2.1659833e-01
   7.7314369e-02
   5.3724486e-02
   4.3130942e-02
   2.2888508e-02
   1.2055695e-02
   5.5572677e-02
   1.1144012e-01
   1.5147124e-01
   1.4248423e-01
   9.6022598e-02
   1.4051321e-02
   1.6654262e-02
   4.3728992e-02
   3.9754625e-02
   2.9932508e-02
   5.6577664e-02
   5.1513236e-02
   3.0739773e-02
   2.4658861e-02
   2.0262610e-02
   4.7087613e-02
   7.8347653e-02
   6.5864906e-02
   8.1242986e-02
   5.0677411e-02
   4.5528535e-02
   9.1120005e-02
   2.2254574e-01
   4.8831666e-01
   5.2340740e-01
   3.5091338e-01
   1.8349744e-01
   4.2270195e-02
   2.8757399e-02
   9.2699723e-03
   2.5176711e-03
  -1.1440700e-02
   1.1617308e-02
   1.4214502e-01
   3.7470600e-01
   4.6132222e-01
   3.8419038e-01
   2.0592031e-01
   7.5961590e-02
   5.5760173e-03
   2.2878066e-02
   1.2220493e-01
   3.0302930e-01
   3.6176994e-01
   3.5828140e-01
   2.0853202e-01
   1.1841153e-01
   1.1801405e-01
   8.5669085e-02
   8.7769918e-02
   3.4922376e-02
   9.8936344e-03
   1.2089623e-01
   2.8312734e-01
   4.5589969e-01
   4.0865582e-01
   2.5325572e-01
   1.1280390e-01
   6.7952402e-02
   2.8061828e-02
   1.1678886e-01
   6.0153377e-01
   1.3074110e+00
   1.4212441e+00
   9.4436592e-01
   6.7933035e-01
   6.5526265e-01
   5.8967793e-01
   4.5202622e-01
   2.6445943e-01
   7.6905653e-02
   1.4608038e-02
   4.9536061e-01
   2.6368873e+00
   4.9960079e+00
   4.6920819e+00
   2.6604519e+00
   1.0999703e+00
   4.7427818e-01
   3.0465749e-01
   2.1597292e+00
   1.2976370e+01
   2.7484814e+01
   2.7268944e+01
   1.6079945e+01
   6.5366635e+00
   1.9620467e+00
   3.9547485e-01
   6.1157327e-02
   3.6849238e-02
   2.0595591e-01
   1.6764477e+00
   4.0881968e+00
   4.7377610e+00
   3.2577152e+00
   1.4835247e+00
   2.6263323e-01
  -2.0488665e-01
  -1.8529728e-01
   1.5031627e-01
   4.2845210e-01
   6.9135171e-01
   1.0140464e+00
   9.7372568e-01
   5.5547553e-01
   2.1913552e-01
   1.3981144e-01
   3.2760054e-02
   2.6772182e-02
   1.7852272e-01
   2.6014635e-01
   2.1688031e-01
   3.8030672e-01
   7.6938283e-01
   1.2417407e+00
   1.1642430e+00
   6.2694103e-01
   1.7759193e-01
  -2.9910845e-03
   1.1834136e-01
   1.5199737e-01
   2.3262794e-01
   2.3083837e-01
   1.3025804e-01
   1.3169298e-01
   1.4697950e-01
   1.8052405e-01
   1.8137473e-01
   2.9442468e-01
   3.0211562e-01
   1.6070189e-01
   6.9762319e-02
   5.1746812e-02
   1.5657169e-01
   1.8139316e-01
   1.2051993e-01
  -9.5385602e-03
  -4.2593412e-02
   1.8768964e-02
   2.0651029e-01
   2.4596825e-01
   9.5234379e-02
  -2.2416178e-02
  -1.1148434e-01
  -5.0395455e-02
   8.8424303e-02
   4.3950674e-01
   7.4461418e-01
   8.4321898e-01
   4.9244153e-01
   1.5267268e-01
   1.0976125e-01
   6.7667925e-01
   1.8204421e+00
   2.1153226e+00
   1.3601538e+00
   5.9180748e-01
   2.1360090e-01
   5.2627194e-01
   1.1665803e+00
   1.2803231e+00
   7.7818334e-01
   3.8272795e-01
   4.5064169e-01
   4.1183534e-01
   5.7391381e-01
   2.7124193e+00
   6.3654571e+00
   7.0125208e+00
   4.4485011e+00
   1.9109622e+00
   6.3679916e-01
   2.4876712e-01
   1.2209017e-01
   7.3612735e-02
   5.7401583e-02
   4.3603805e-01
   9.6938670e-01
   1.1885936e+00
   8.2719034e-01
   4.4306174e-01
   1.7162845e-01
  -2.0435960e-03
  -1.7101981e-02
   9.9714644e-02
   1.8577181e-01
   2.0561843e-01
   2.6487634e-01
   2.5225136e-01
   9.8150857e-02
   4.3695390e-02
   5.5182084e-02
   1.9238204e-02
   8.1424378e-03
   2.7365312e-02
   4.8773877e-02
   1.0185561e-01
   1.2265014e-01
   2.2185497e-01
   3.0549672e-01
   2.8167817e-01
   1.0870621e-01
   1.1850478e-02
   1.6382920e-02
   6.5194488e-02
   1.0467318e-01
   9.0990603e-02
   5.2430935e-02
   3.0562714e-02
   5.6709383e-02
   6.4392671e-02
   3.3220548e-02
   1.4931880e-01
   1.3823389e-01
   1.3984524e-01
   8.1525542e-02
   7.2964847e-02
   6.4132594e-02
   8.2749620e-02
   9.7042412e-02
   2.0983363e-02
   5.0632454e-02
   8.8570766e-02
   1.9387054e-01
   2.3289979e-01
   2.0027244e-01
   6.9065973e-02
  -1.2246040e-02
  -1.4086518e-02
   1.0893136e-01
   2.0624341e-01
   4.1859883e-01
   4.9907365e-01
   3.2325834e-01
   1.3870591e-01
   1.4033315e-01
   3.2241637e-01
   4.9713865e-01
   5.3220171e-01
   3.3171895e-01
   6.5602623e-02
   4.6890520e-02
   5.6745261e-01
   1.4274471e+00
   1.6613567e+00
   1.1472092e+00
   5.0328523e-01
   1.0663549e-01
   4.4163231e-02
   1.0613698e+00
   4.1931901e+00
   7.1377554e+00
   6.2632065e+00
   3.7256248e+00
   1.5729902e+00
   5.1695555e-01
   1.8687776e-01
   1.1664608e-01
   9.5458806e-02
   3.1729934e-01
   8.0768794e-01
   1.1722327e+00
   1.1358477e+00
   7.5218582e-01
   3.1060219e-01
   9.5521703e-02
   7.1452357e-02
   9.9306509e-02
   1.3498221e-01
   1.8193753e-01
   2.5009739e-01
   2.4708878e-01
   1.9658819e-01
   1.0733386e-01
   7.5469807e-02
   5.7817034e-02
   1.4146691e-02
   1.5100402e-02
   4.5782954e-02
   8.5019268e-02
   1.1261401e-01
   8.7390602e-02
   1.0798872e-01
   9.2714846e-02
   7.3619135e-02
   7.2431266e-02
   2.2940179e-02
   1.5984474e-02
   3.2824419e-02
   4.2756487e-02
   4.9422603e-02
  -4.6960870e-03
  -1.5260410e-02
   2.1931509e-02
   2.0232596e-02
   6.1254758e-02
   6.2539145e-02
   8.3634391e-02
   7.4341483e-02
   9.0462036e-02
   1.0808648e-01
   5.0693776e-02
   3.8376708e-02
   4.6583746e-02
  -1.0935657e-03
   3.2339245e-02
   1.1721803e-01
   1.3439222e-01
   1.4999954e-01
   1.4251713e-01
   5.6818515e-02
   2.2293247e-02
   1.5576563e-02
   1.0024428e-01
   2.0026448e-01
   2.3290269e-01
   2.2226201e-01
   9.3955100e-02
   7.3188104e-02
   1.3363470e-01
   2.1453531e-01
   2.7457702e-01
   1.8798068e-01
   6.6283591e-02
   2.6696963e-02
   2.3436518e-01
   5.3249627e-01
   6.3675535e-01
   4.8269367e-01
   2.4840330e-01
   6.5865777e-02
   3.8446438e-02
   2.1965849e-01
   9.5361465e-01
   1.9176728e+00
   1.8825353e+00
   1.1356528e+00
   5.0837749e-01
   2.4415268e-01
   1.1431894e-01
   6.5868974e-02
   6.5152302e-02
   2.1236353e-01
   3.6137483e-01
   4.1256341e-01
   3.9106125e-01
   2.8738341e-01
   1.9402729e-01
   1.1824957e-01
   8.3212219e-02
   8.4856421e-02
   7.3259957e-02
   1.1359955e-01
   1.3867022e-01
   1.1823560e-01
   7.3303193e-02
   2.9728195e-02
   2.3911532e-02
   2.1941666e-02
   2.2607869e-02
   2.7834926e-02
   4.6933744e-02
   5.4303296e-02
   4.9822792e-02
   6.3431479e-02
   4.2752676e-02
   4.0768389e-02
   4.6406284e-02
   2.5686512e-02
   3.5060570e-02
   4.6603303e-02
   5.0863199e-02
   4.0066842e-02
   4.2803105e-02
   4.3740332e-02
   3.6429185e-02
   4.7922280e-02
   3.3464476e-02
   5.1921275e-03
   8.5793044e-03
   5.9793148e-02
   9.1631256e-02
   1.1948176e-01
   1.3359089e-01
   1.1133404e-01
   4.3013740e-02
   4.7343202e-02
   4.7713652e-02
   5.0427709e-02
   9.5958397e-02
   1.1477103e-01
   6.6564098e-02
   4.9261350e-02
   1.8719666e-02
   3.5833076e-02
   5.5706896e-02
   1.0535139e-01
   1.1762679e-01
   1.3260645e-01
   6.0081258e-02
  -3.9180722e-03
   5.5672690e-02
   5.0305080e-02
   4.3010585e-02
   3.8867895e-02
   4.9481820e-02
  -3.9360616e-03
  -6.3957353e-03
   1.2562124e-01
   2.5423020e-01
   2.4403919e-01
   1.7522250e-01
   6.2972784e-02
  -2.0914085e-02
   1.8039292e-02
   2.7064025e-01
   5.4140037e-01
   6.4051312e-01
   4.5928091e-01
   2.5166771e-01
   1.3381669e-01
   5.1458426e-02
   5.1645219e-02
   9.2443720e-02
   1.6420944e-01
   1.4520511e-01
   1.3694964e-01
   1.1005861e-01
   5.9162445e-02
   5.4853790e-02
   2.5162306e-02
   5.5787578e-02
   7.6717265e-02
   4.3433413e-02
   6.5175816e-02
   7.1780734e-02
   8.5202292e-02
   1.1328837e-01
   1.6262279e-01
   6.5043040e-02
   1.7436277e-02
   2.5302269e-02
   3.1641629e-02
   1.6762646e-01
   2.0945613e-01
   1.4155138e-01
   8.3057173e-02
   4.9276110e-02
   1.9271616e-02
   1.7983062e-02
   2.5015667e-01
   7.3932147e-01
   8.4360242e-01
   5.6894946e-01
   3.0858320e-01
   5.2438632e-02
   5.2803811e-03
   1.0753124e-01
   1.7839910e-01
   1.9038235e-01
   2.1201104e-01
   2.2268274e-01
   1.6719177e-01
   1.2856795e-01
   7.9326138e-02
   8.6539872e-02
   8.2712106e-02
   4.0706698e-02
   3.0814936e-02
   7.4182585e-02
   7.4290901e-02
   6.0209263e-02
   5.2446462e-02
   3.4210384e-02
  -2.4927735e-02
   1.5897514e-02
  -1.3388172e-02
   5.2518956e-03
   4.1710068e-02
   3.8807254e-02
   2.9355101e-02
   6.1958648e-02
   9.8509565e-02
   1.0968036e-01
   7.3234081e-02
   8.1633247e-02
   8.4231116e-02
   3.2514434e-02
   3.3541720e-02
   7.1379632e-02
   1.0317896e-01
   1.2634808e-01
   9.7347133e-02
   5.5979490e-02
   5.3231176e-02
   4.4109199e-02
   6.2566824e-02
   1.5419948e-01
   2.0405193e-01
   1.7222755e-01
   8.5188754e-02
   3.5645016e-02
   1.6002217e-02
   3.8568515e-02
   4.1407790e-02
   4.1314688e-02
   5.9547186e-02
   8.2555160e-02
   7.9281420e-02
   2.9787529e-02
   2.8598253e-03
   1.8584408e-03
   2.8400494e-02
   5.0655313e-02
   7.7255338e-02
   6.9333948e-02
   6.0567047e-02
   7.8991525e-02
   1.0889900e-01
   4.7383063e-02
   3.6673907e-02
   3.3515122e-02
   4.2117350e-02
   3.4642711e-02
   7.3556118e-02
   6.6688381e-02
   5.2593708e-02
   4.2855673e-02
   5.6428444e-02
   4.9545377e-02
   3.7698016e-02
   1.5066926e-01
   2.5256300e-01
   2.9765835e-01
   1.9320203e-01
   9.8982230e-02
   6.0040828e-02
   7.0685312e-02
   7.9025388e-02
   1.1961523e-01
   1.1474478e-01
   1.2114345e-01
   1.3009869e-01
   1.4171043e-01
   9.0932876e-02
   7.5106673e-02
   1.3643770e-01
   1.2122831e-01
   6.3320778e-02
   1.0601404e-01
   1.7932649e-01
   2.0816100e-01
   2.1824045e-01
   1.0794325e-01
   3.1602535e-02
   6.9451787e-02
   1.6023958e-01
   2.6738960e-01
   3.2271937e-01
   2.6994592e-01
   1.6022138e-01
   9.0899900e-02
   6.0908105e-02
   2.1158540e-01
   4.7129714e-01
   6.3317585e-01
   5.8799022e-01
   3.8371572e-01
   4.2709112e-02
   8.9445017e-02
   3.1923530e-01
   4.2336985e-01
   5.0821120e-01
   5.3792167e-01
   6.6597599e-01
   4.4299126e-01
   2.9515278e-01
   7.5298375e-01
   1.1504796e+00
   1.0529569e+00
   6.0030437e-01
   2.3401405e-01
   3.5192635e-02
   1.7944831e-01
   9.3585271e-01
   1.6656051e+00
   1.2997597e+00
   6.8726969e-01
   2.9879740e-01
  -6.5443269e-03
   2.3578103e-01
   2.0234189e+00
   4.5842004e+00
   5.0951295e+00
   3.3591008e+00
   1.3992431e+00
   4.1829261e-01
   2.5691909e-01
   9.6498817e-01
   1.7105573e+00
   1.6846710e+00
   1.3190310e+00
   1.1267976e+00
   7.5893277e-01
   5.3612500e-01
   6.9003224e-01
   7.4296266e-01
   7.1692753e-01
   5.4669631e-01
   3.8026798e-01
   2.7579719e-01
   3.7558442e-01
   6.0733163e-01
   6.2543017e-01
   4.2086819e-01
   2.3023939e-01
   1.4584894e-01
   1.0012376e-01
   8.9125611e-02
   1.1164982e-01
   3.6193624e-02
   5.4194145e-02
   9.1312386e-02
   1.1076891e-01
   8.0545746e-02
   5.8391511e-02
   1.3374028e-01
   1.4902084e-01
   7.2029926e-02
   2.8678002e-02
   3.7898857e-02
   6.3000374e-02
   6.3419603e-02
   3.2454696e-02
   2.8280448e-02
   2.7446624e-02
   4.8848182e-02
   4.7093477e-02
   9.5779441e-02
   1.0874504e-01
   9.7659647e-02
   5.5490654e-02
   3.3171881e-02
   9.2301061e-03
   7.5007193e-02
   2.8613561e-01
   3.6371291e-01
   3.4583762e-01
   1.1610080e-01
   7.7560358e-02
   7.1556747e-02
   1.1409120e-01
   2.9089543e-01
   4.6337816e-01
   4.6189249e-01
   3.1004700e-01
   1.9720547e-01
   3.2772949e-01
   3.4555632e-01
   2.6075426e-01
   1.9439693e-01
   9.1428794e-02
   1.6347198e-02
   2.2450981e-01
   4.6485287e-01
   5.3334558e-01
   3.3880168e-01
   2.1600647e-01
   1.6557939e-02
  -5.6917340e-02
   3.0871168e-01
   1.2188951e+00
   1.9238473e+00
   1.5624459e+00
   8.5663199e-01
   2.1310648e-01
   1.9514378e-02
   1.4486089e-01
   4.3760136e-01
   5.3551173e-01
   4.9594501e-01
   4.3919423e-01
   3.2104662e-01
   1.6192846e-01
   2.0517121e-01
   2.5811803e-01
   2.3728406e-01
   1.2758514e-01
   7.7077664e-02
   1.0412353e-01
   9.9743962e-02
   1.6029994e-01
   2.2982247e-01
   2.5106573e-01
   1.8288085e-01
   7.1190812e-02
   5.4776341e-02
   2.5914388e-02
   4.1026630e-02
   4.9551159e-02
   5.9602961e-02
   2.9922182e-02
   2.1084359e-02
   8.0144256e-02
   1.4517799e-01
   1.6595468e-01
   1.5912400e-01
   1.1094699e-01
   3.2579333e-02
   2.0638004e-02
   3.7098639e-02
   6.0001761e-02
   1.9763084e-02
   5.8393028e-02
   9.1951720e-02
   8.5097477e-02
   8.1032544e-02
   7.5419910e-02
   7.8697413e-02
   4.2393450e-02
   3.0144505e-02
   2.8118785e-02
   8.7945305e-02
   1.5655832e-01
   1.8440294e-01
   1.4040215e-01
   1.1559275e-01
   3.5259180e-02
   3.7959949e-03
   4.0458214e-02
   5.3436577e-02
   1.2749085e-01
   2.1030395e-01
   3.4706962e-01
   3.7464017e-01
   2.3319820e-01
   1.9778584e-01
   1.2129270e-01
   8.6365826e-02
   2.6845092e-01
   9.3906558e-01
   1.6136577e+00
   1.5441544e+00
   9.5139670e-01
   5.0543773e-01
   2.5969639e-01
   1.8442068e-01
   3.5766691e-01
   4.7374669e-01
   7.0830643e-01
   1.1394045e+00
   1.1552843e+00
   8.7379777e-01
   3.9771631e-01
   1.2234230e-01
   1.7837891e-02
   1.6975272e-01
   4.0152216e-01
   3.4082749e-01
   3.2790059e-01
   3.0277726e-01
   2.0472285e-01
   8.3711855e-02
   6.8042822e-02
   7.4971870e-02
   1.2491482e-01
   7.8402027e-02
   8.4634393e-02
   9.6613616e-02
   1.2140803e-01
   1.2425139e-01
   1.0973574e-01
   1.1514378e-01
   9.1057062e-02
   8.6149707e-02
   8.7168254e-02
   9.4795838e-02
   7.6303452e-02
   2.4810178e-02
   4.0616207e-02
   4.2896863e-02
   2.0061901e-02
   4.2580687e-02
   9.0062514e-02
   9.5758542e-02
   7.4854746e-02
   2.6584435e-03
   2.1111414e-02
   4.2620722e-02
   1.1210183e-02
   1.5412295e-02
   1.6294383e-02
   3.0508250e-02
   6.9031402e-02
   4.0591113e-02
   2.8362051e-02
   4.0614396e-02
   1.0494547e-02
   3.2355919e-02
   5.2173626e-02
   4.9736552e-02
   4.8341807e-02
   5.6408327e-02
   5.6259941e-02
   5.4686874e-02
   7.4967228e-02
   8.9949876e-02
   8.5005417e-02
   3.9584816e-02
   2.7176512e-02
   9.6543625e-02
   1.3180724e-01
   7.8076519e-02
   4.6327733e-02
   1.6894791e-02
   1.4547355e-02
   5.4246660e-02
   6.3039646e-02
   1.7164454e-01
   3.1729925e-01
   3.0390692e-01
   2.1553509e-01
   1.3621572e-01
   5.7542816e-02
   2.1974968e-02
   2.7430942e-02
   4.4480503e-02
   2.0003341e-01
   3.8696954e-01
   4.2095169e-01
   3.0250204e-01
   1.6188116e-01
   1.6823983e-02
   1.7710768e-02
   1.1920271e-01
   1.3700372e-01
   1.4694902e-01
   1.1700712e-01
   6.4464152e-02
   2.2745740e-02
   2.7638806e-02
   6.1817922e-02
   8.0798730e-02
   7.1666189e-02
   3.7621312e-02
   7.7752747e-02
   5.8125135e-02
   7.0128657e-02
   4.9446218e-02
   2.9553052e-02
  -8.5815508e-03
   2.6259026e-02
   2.0467829e-02
   1.6029594e-02
   3.7773341e-02
   3.2079365e-02
   4.6812691e-02
   2.9971683e-02
   1.4138214e-02
   6.5143436e-02
   9.3724295e-02
   9.5757671e-02
   6.2039077e-02
   5.2557010e-02
   5.3824477e-02
   4.5292277e-02
   5.2298952e-02
   4.9462389e-02
   5.6968223e-02
   7.1831696e-02
   5.7569213e-02
   5.4658577e-02
   2.6058620e-02
   1.1883417e-02
   3.7930869e-02
   3.0445442e-02
   2.6849369e-02
   2.2991773e-02
   1.0164510e-02
   7.4731796e-03
   1.6498584e-02
   3.5824966e-02
   4.0750947e-02
   4.9276706e-02
   3.3526011e-02
   3.7141263e-02
   5.2722976e-02
   2.4821375e-02
   6.3660659e-02
   5.8244310e-02
   6.1054185e-02
   4.5097299e-02
   2.9203875e-02
   7.1823052e-03
   5.9796609e-02
   7.2862908e-02
   9.6838214e-02
   1.2558763e-01
   1.3863625e-01
   7.8662641e-02
   2.1497909e-02
   1.0861456e-02
   4.7446612e-02
   3.5004240e-02
   5.5146489e-02
   1.1650345e-01
   1.6559198e-01
   1.0052076e-01
   5.1069610e-02
   3.2644019e-02
   4.6030439e-02
   8.0318086e-02
   9.4770573e-02
   9.9460319e-02
   1.0137270e-01
   5.5404197e-02
   2.9851973e-02
   4.0017724e-02
   4.3730311e-02
   3.8198620e-02
   4.5017201e-02
   2.2753024e-02
   1.6237807e-02
   1.7817991e-02
   4.5601584e-02
   3.0682929e-02
   1.6855571e-02
   1.6070446e-02
   1.7708998e-02
   2.4904232e-04
   1.5673190e-02
   2.4922425e-02
   3.9916746e-02
   3.2447107e-02
   1.7454831e-02
   3.7753843e-02
   3.0578529e-02
   4.8107784e-02
   4.0667068e-02
   3.6334097e-02
   1.8566171e-02
   3.3984404e-02
   3.9068062e-02
   4.8682813e-02
   4.6686620e-02
   4.0363226e-02
   2.7893899e-02
   1.4109390e-03
   1.9388983e-02
   3.0043440e-02
   3.1912204e-02
   1.5181058e-02
   4.0721070e-02
   4.4401381e-02
   4.3017142e-02
   3.8258944e-02
   5.6949101e-02
   1.8327946e-02
  -1.1043678e-03
   1.4503747e-02
   3.0381393e-02
   4.6515536e-02
   6.6750422e-02
   3.5815615e-02
   2.7363978e-02
   4.6776008e-02
   9.4920330e-02
   8.5887946e-02
   4.5275770e-02
   3.7826363e-02
   3.4662828e-02
   3.7435874e-02
   5.6601159e-02
   5.6246638e-02
   5.8866233e-02
   5.4076210e-02
   3.3186678e-02
   3.7242584e-02
   2.8737864e-02
   4.8532128e-02
   5.5341356e-02
   5.7696089e-02
   6.4596198e-02
   5.2605115e-02
   5.1886711e-02
   8.7670563e-03
   1.4056625e-02
   3.6430404e-02
   3.3776533e-02
   4.1144468e-02
   4.2420156e-02
   2.5047809e-02
   2.7585095e-02
   1.8335361e-02
   4.7639180e-02
   5.1225640e-02
   3.1537719e-02
   2.0303836e-02
   1.0077123e-02
   9.9445600e-03
   2.4870597e-02
   2.5001995e-02
   2.2131272e-02
   1.0819160e-02
   4.2080861e-02
   2.7397988e-02
   1.5598455e-02
   5.8533991e-04
   1.3523536e-02
   2.3942772e-02
   1.5253948e-02
   1.3341386e-02
   2.3955874e-02
   1.9346265e-02
   1.1277268e-02
   3.0783320e-02
   4.2657696e-02
   7.6793330e-03
   2.1503845e-02
   3.0363388e-02
   5.0237641e-02
   6.3107401e-02
   5.1002603e-02
   5.8510248e-02
   4.5102861e-02
   3.7510261e-02
   3.9766092e-02
   1.7299253e-02
   1.9498130e-02
   3.3880588e-02
   2.4018679e-02
  -1.5928238e-04
   2.4150461e-02
   1.0698575e-02
   1.9604476e-02
   3.1522375e-02
   3.0529831e-02
   2.4266787e-02
   2.5339535e-02
   3.8555868e-02
   2.6446167e-02
   4.0775344e-02
   4.1536026e-02
   3.6836158e-02
   1.2236714e-02
   1.5313791e-02
   3.7907068e-02
   5.8748458e-02
   5.6277998e-02
   3.0712638e-02
   3.3575349e-02
   4.1883267e-02
   4.0919319e-02
   3.6263615e-02
   3.4647316e-02
   4.3555602e-02
   1.5275647e-02
   4.2866215e-02
   8.9229666e-02
   5.1032268e-02
   2.8022004e-02
   4.6880923e-02
   2.1471782e-02
   1.2506698e-02
   5.5859800e-02
   1.5931383e-01
   1.9405182e-01
   1.2664761e-01
   4.7021233e-02
   4.1964386e-02
   6.0454655e-02
   6.1584853e-02
   5.0789073e-02
   3.5417169e-02
   3.9383162e-02
   3.8683683e-02
   4.6553019e-02
   2.8862644e-02
   2.0525653e-02
   2.4853133e-02
   4.4082489e-02
   4.8698161e-02
   5.8384191e-02
   4.7722343e-02
   3.9528728e-02
   1.3027269e-02
  -1.7383123e-03
   4.7183018e-02
   1.1142118e-01
   1.8476313e-01
   1.7642933e-01
   9.9844299e-02
   3.0411733e-02
   2.9440217e-02
   4.3699767e-02
   6.2314104e-02
   7.8086182e-02
   5.1478371e-02
   4.5961197e-02
   2.2199700e-02
   2.6147380e-02
   2.7459301e-02
   2.9400026e-02
   2.0588111e-02
   1.0952743e-02
   1.2280100e-02
   2.5804306e-03
   1.5003005e-03
   3.2002971e-02
   6.5937057e-02
   6.1140519e-02
   5.2958883e-02
   4.5457829e-02
   3.3734083e-02
   4.6124235e-02
   4.2596448e-02
   1.4167996e-01
   2.2167900e-01
   2.0327571e-01
   1.6523430e-01
   1.8362136e-01
   1.5034734e-01
   1.5817423e-01
   1.4509724e-01
   1.0105404e-01
   1.2013292e-01
   3.5946986e-01
   7.2783905e-01
   7.6218575e-01
   4.2293647e-01
   1.4802143e-01
   4.5380402e-02
   2.3626922e-01
   1.3750551e+00
   3.0754893e+00
   3.3105927e+00
   2.1468122e+00
   8.7957382e-01
   3.1664813e-01
   3.1295866e-01
   7.3977458e-01
   1.0408301e+00
   1.0022495e+00
   9.7721976e-01
   8.4611052e-01
   5.1055777e-01
   2.4615832e-01
   4.4019151e-02
   8.1383958e-02
   1.6093591e-01
   2.3259658e-01
   2.6675150e-01
   2.6455134e-01
   1.8547615e-01
   1.0976481e-01
   5.7962872e-02
   5.7134848e-02
   6.7874826e-02
   7.2375432e-02
   6.8078868e-02
   1.0830575e-01
   8.4879853e-02
   7.9763003e-02
   3.8190518e-02
   2.1856984e-02
   4.2258359e-02
   4.6876345e-02
   5.9009474e-02
   5.3755052e-02
   4.9142960e-02
   3.4293365e-02
   2.1177230e-02
   4.3988723e-02
   1.0825839e-01
   8.9710794e-02
   9.5415995e-02
   8.8337757e-02
   5.9146665e-02
   8.2836024e-02
   6.9338903e-02
   1.4489358e-02
   1.7715188e-02
   4.3051232e-02
   4.8214789e-02
   7.1375981e-02
   6.8921678e-02
   8.9988455e-02
   1.5934838e-02
   4.8670475e-03
   2.3275957e-02
   1.0498834e-01
   1.6112180e-01
   1.4703570e-01
   9.8132007e-02
   4.6977453e-02
   2.8851787e-02
   2.0081935e-02
   3.2024574e-02
   5.9655074e-02
   7.1019322e-02
   1.0489721e-01
   1.6579345e-01
   1.9576438e-01
   1.3446811e-01
   4.1267466e-02
   1.3844783e-02
   6.0973093e-02
   2.4560411e-01
   7.0758849e-01
   8.3441710e-01
   5.6448114e-01
   2.6485536e-01
   8.8005930e-02
   7.3545367e-02
   1.9204736e-01
   2.3302512e-01
   1.9234928e-01
   1.8147740e-01
   2.0550263e-01
   1.1741706e-01
   6.2612258e-02
   2.6442751e-02
   3.5037015e-02
   6.3760951e-02
   6.7321725e-02
   5.9897285e-02
   4.2220492e-02
   2.0298002e-02
   2.0162076e-02
   2.1869866e-02
   2.1345513e-02
   5.0840098e-02
   4.2222288e-02
   4.8252437e-02
   6.9065273e-02
   5.0880697e-02
   1.8315515e-02
   1.0855703e-02
   2.2331895e-02
   3.5679016e-02
   4.5828618e-02
   3.7129410e-02
   2.5763437e-02
   8.7730093e-03
   1.4692739e-02
   2.7130034e-02
   3.6770292e-02
   4.5049835e-02
   5.2654926e-02
   2.6669823e-02
   4.8797090e-02
   4.0528432e-02
   3.1643983e-02
   2.3723669e-02
   1.8077185e-02
   3.1399824e-02
   1.6692564e-02
   2.2685600e-02
   6.7536876e-02
   3.7700452e-02
   1.1880192e-02
   2.9820966e-02
   2.1950558e-02
   1.7852245e-02
   3.0925119e-02
   7.4814111e-02
   5.7180569e-02
   2.1016618e-02
   3.4111176e-02
   2.4143767e-02
   2.2876367e-02
   2.0942716e-02
   2.2657683e-02
   3.0395664e-02
   5.0516862e-02
   6.7444384e-02
   5.9147261e-02
   3.4408476e-02
   2.8298129e-03
   1.9096654e-02
   7.5865403e-02
   2.0194817e-01
   2.8964826e-01
   2.5692263e-01
   1.6146106e-01
   6.7781173e-02
   3.3253748e-02
   5.3864341e-02
   8.5488833e-02
   8.8932641e-02
   1.0649032e-01
   8.8964067e-02
   7.7246286e-02
   5.3702753e-02
   2.4402779e-02
   2.7470738e-02
   3.0210810e-02
   3.1336643e-02
   3.3460800e-02
   4.4127725e-02
   3.9887391e-02
   6.7545949e-03
   2.7993070e-02
   2.3018261e-02
   1.4505338e-02
   2.3287771e-02
   3.3609726e-02
   2.7569093e-02
   1.8394047e-02
   1.2844183e-02
   1.8380811e-02
   3.6470026e-02
   3.8448621e-02
   1.2888120e-02
   1.4201334e-02
   3.6518957e-02
   4.2010710e-02
   2.1027254e-02
   8.6248415e-03
   5.4873854e-02
   4.7764771e-02
   5.2517653e-02
   3.8196601e-02
   2.6873864e-02
   6.5745278e-03
   1.8209200e-02
   3.4143172e-02
   3.0920682e-02
   3.1728156e-02
   2.5188399e-02
   4.8980005e-02
   4.5376051e-02
   2.8844371e-02
   1.6374560e-02
   1.7651211e-02
   5.8801179e-03
   2.3566373e-02
   3.6621548e-02
   4.3273322e-02
   2.1652784e-02
   1.7699556e-02
   9.8778903e-03
   1.2653559e-02
   3.3476654e-02
   1.5224699e-02
   2.3713030e-02
   3.2406639e-02
   2.6361916e-02
   3.1304944e-02
   3.6239095e-02
   3.7004601e-02
   1.8453132e-02
   1.3832162e-02
   2.0079145e-02
   5.1495727e-02
   4.8945233e-02
   4.5886680e-02
   3.4965962e-02
   2.0577939e-02
   3.4699455e-02
   2.3702761e-02
   5.0594367e-02
   3.4007635e-02
   2.0682124e-02
   2.9914472e-02
   3.8573571e-02
   4.2288635e-02
   2.0479536e-02
   2.4495285e-02
   2.9699460e-02
   2.1671794e-02
   3.7672725e-02
   5.2441891e-02
   4.8117988e-02
   1.6765304e-02
   3.4309641e-02
   4.1840365e-03
  -7.2330778e-04
   5.2609947e-03
   2.3509696e-02
   1.6104873e-02
   3.7164476e-02
   3.0105961e-02
   9.2809796e-03
   1.6794443e-02
   2.5186317e-02
   2.4803655e-02
   3.0573672e-02
   3.5680145e-02
   2.8484488e-02
   1.9534862e-02
   2.8567754e-02
   2.7060691e-02
   2.2622179e-02
   3.3271231e-02
   3.8618103e-02
   3.9882135e-02
   1.3087764e-02
   3.6488630e-02
   5.2120551e-02
   3.6396634e-02
   2.7058346e-02
   3.4892231e-02
   2.0518847e-02
   4.3487594e-02
   2.2272224e-02
   2.6608631e-02
   3.2576390e-02
   2.2319432e-02
   1.0660945e-02
   1.1826325e-02
   3.3644501e-02
   1.4520304e-02
   8.4982975e-04
   1.8751752e-02
   4.3031041e-02
   3.4117077e-02
   1.0592317e-02
   1.9013984e-02
   1.8581126e-02
