   6.3915364e-02
   3.3241734e-02
   1.8484138e-02
   8.6176926e-03
   3.5628796e-02
   3.7925478e-02
   2.8864687e-02
   6.1730858e-02
   6.3100085e-02
   2.4787178e-02
   3.4472674e-02
   3.3538688e-02
   1.0430083e-02
   1.8584562e-02
   5.1384680e-02
   4.5839190e-02
   2.9079882e-02
   7.9736203e-02
   8.9911520e-02
   6.5380372e-02
   4.8051771e-02
   1.7063085e-02
   1.6694717e-02
   1.3443001e-02
   1.6502211e-02
   6.1452542e-02
   8.5335881e-02
   6.9497481e-02
   6.3938230e-02
   4.5307279e-02
   6.5024070e-02
   6.6515058e-02
   2.3627857e-02
   1.6412629e-02
   3.0908436e-02
   3.3743765e-02
   6.7682311e-02
   5.1679008e-02
   3.9370235e-02
   4.1440673e-02
   6.2792853e-02
   5.4305740e-02
   5.4286301e-02
   2.9317793e-03
  -6.7258305e-05
   3.6281265e-02
   3.5401732e-02
   2.5845330e-02
   3.8775738e-02
   6.2865272e-02
   4.4223838e-02
   5.1031087e-02
   4.5449879e-02
   2.8433092e-02
   3.8185775e-02
   4.3472029e-02
   6.6427030e-02
   5.7536379e-02
   1.8060824e-02
   5.1733628e-02
   4.7554068e-02
   2.4462575e-02
   3.2832630e-02
   5.9063889e-02
   2.2985913e-02
   4.3800361e-02
   3.7916999e-02
   1.7847057e-02
   2.9454315e-02
   4.2475466e-02
   4.1023981e-02
   4.0087637e-02
   6.0031496e-02
   4.7113985e-02
   2.8396564e-02
   6.0901757e-02
   7.4395776e-02
   4.8443981e-02
   4.7126960e-02
   6.1863676e-02
   5.9902556e-02
   3.3304624e-02
   5.6747451e-02
   5.8224447e-02
   5.9615079e-02
   3.4893934e-02
   5.6948844e-02
   7.1097769e-02
   4.7925808e-02
   4.4657405e-02
   3.6461607e-02
   2.0386228e-02
   2.8212110e-02
   2.3012068e-02
   4.2565010e-02
   5.3417824e-02
   5.3063937e-02
   6.6255152e-02
   5.9428792e-02
   7.4877366e-02
   5.5303033e-02
   4.2787071e-02
   2.7181150e-02
   3.4863409e-02
   3.7489783e-02
   4.2937126e-02
   6.4384311e-02
   8.6163312e-02
   7.5314067e-02
   5.5938404e-02
   3.2431588e-02
   2.6166733e-02
   6.2126096e-02
   4.9973261e-02
   3.1779021e-02
   4.8792377e-02
   4.0622514e-02
   2.9970193e-02
   4.3453299e-02
   1.7583176e-02
   4.0730219e-02
   6.0506046e-02
   4.9923643e-02
   4.3702170e-02
   3.2467991e-02
   4.4403497e-02
   3.4945201e-02
   3.9497733e-02
   5.6904994e-02
   2.7440300e-02
   2.8522670e-02
   9.6890759e-03
   6.8184785e-03
   3.1385056e-03
   9.2796730e-03
   2.7089076e-02
   3.8247675e-02
   3.6178302e-02
   3.8513359e-02
   5.2072018e-02
   7.4895851e-02
   3.0300414e-02
   1.9958897e-02
   1.8653547e-02
  -9.5956968e-03
   1.9511692e-02
   3.4226999e-02
   2.1703573e-02
   3.8320322e-02
   8.0513313e-02
   4.4116218e-02
   4.7905896e-02
   5.4633036e-02
   1.6890693e-02
   2.5572566e-02
   4.3143697e-02
   2.9531695e-02
   4.4456519e-02
   4.1052595e-02
   4.3841857e-02
   7.3832899e-02
   5.5796187e-02
   3.9813492e-02
   3.3309769e-02
   4.1414373e-02
   4.7891509e-02
   3.3163778e-02
   5.0456658e-02
   4.9518760e-02
   5.3202044e-02
   6.8822086e-02
   4.9810771e-02
   4.9384985e-02
   4.4158150e-02
   3.3481088e-02
   4.9868640e-03
   1.2203652e-02
   3.1804409e-02
   2.4304850e-02
   4.3316118e-02
   2.6098803e-02
   2.4397593e-02
   2.1313477e-02
   2.6570100e-02
   1.5767954e-02
   3.2262191e-02
   4.1329086e-02
   6.5311208e-02
   6.1420482e-02
   6.4754650e-02
   5.4074556e-02
   5.6186881e-02
   4.6466742e-02
   2.7769128e-02
   4.3851834e-02
   4.7212485e-02
   5.2770716e-03
   1.4692482e-02
   4.2044882e-02
   4.2812511e-02
   4.8536938e-02
   5.9989769e-02
   3.6210194e-02
   4.7527034e-02
   2.7359981e-02
   1.4058285e-02
   1.6998053e-02
   1.3949539e-02
   4.7073163e-02
   7.3889844e-02
   5.9139531e-02
   8.1286415e-02
   7.4365169e-02
   2.9981902e-02
   3.7204970e-02
   4.7139250e-02
   2.3001043e-02
   5.9103671e-02
   7.0399277e-02
   5.9274781e-02
   3.5845995e-02
   2.1571593e-02
  -4.2139022e-03
   1.2625097e-03
   3.8747083e-02
   8.9114420e-02
   8.1813857e-02
   6.7534663e-02
   4.9519829e-02
   3.4962207e-02
   4.8431467e-02
   5.3213064e-02
   3.0362241e-02
   2.5761768e-02
   5.2686231e-03
   5.2567225e-02
   1.0126953e-01
   8.5881121e-02
   4.2303573e-02
   4.1793976e-02
   6.3624918e-02
   9.9390574e-02
   8.5383490e-02
   4.7818877e-02
   3.9196018e-02
   5.0271448e-02
   4.7674693e-02
   4.0164357e-03
   2.3564711e-02
   6.1038360e-02
   3.9179049e-02
   4.2251568e-02
   1.5534906e-02
   1.9194327e-02
   9.7438460e-03
   1.9163465e-02
   2.1688472e-02
   3.0521693e-02
   2.7309000e-02
   4.5339394e-02
   5.9461225e-02
   4.2556316e-02
   3.7298243e-02
   4.8024848e-02
   5.5777203e-02
   6.3116901e-02
   5.6111675e-02
   5.4722905e-02
   1.0426393e-02
   1.9026073e-02
   3.0419387e-02
   4.3549512e-02
   3.4809534e-02
   2.0909371e-02
   3.4654867e-02
   4.6392392e-02
   5.2564498e-02
   4.1495103e-02
   4.2408638e-02
   4.3747079e-02
   3.2567725e-02
   4.4690050e-02
   8.1027277e-02
   5.3840980e-02
   5.7997413e-02
   6.6250585e-02
   5.3464036e-02
   6.1715227e-02
   1.9051872e-02
   3.0337099e-02
   4.2311303e-02
   4.4479910e-02
   3.6043949e-02
   1.4892804e-02
   6.4744547e-02
   9.1545895e-02
   6.5347366e-02
   5.5220418e-02
   4.8426967e-02
   4.4276658e-02
   2.6895961e-01
   4.3420669e-01
   2.5697106e-01
   8.9026228e-02
   3.3672716e-02
   7.8270711e-02
   8.7030359e-02
   7.8837559e-02
   5.7570659e-02
   7.3586144e-02
   5.6343678e-02
   2.6164275e-01
   3.5483801e-01
   1.7679487e-01
   8.4839866e-02
   4.1127514e-02
   4.2157728e-02
   2.8889362e-02
   3.7205927e-02
   7.1996748e-02
   6.4480200e-02
   5.2918326e-02
   2.6435923e-02
   1.8148016e-02
   6.9799416e-02
   7.3517933e-02
   5.8253959e-02
   3.0128479e-02
   5.3488310e-02
   4.0710468e-02
   4.7171257e-02
   4.7147848e-02
   1.3001552e-02
   2.0429637e-02
   6.3647382e-02
   7.2488718e-02
   7.3822193e-02
   4.6770714e-02
   6.2485792e-02
   3.4875169e-02
   3.7950143e-02
   3.3498425e-02
   5.7397266e-03
   2.6059886e-02
   5.0452601e-02
   5.3258993e-02
   4.7156472e-02
   1.9455180e-02
   1.3688399e-02
   2.5975011e-02
   2.5771063e-02
   3.5261061e-02
   2.1230115e-02
   2.8017500e-02
   4.8892803e-02
   5.2073665e-02
   6.9026187e-02
   6.2766038e-02
   6.5152153e-02
   2.0034945e-02
   1.3939084e-02
   2.3191758e-02
   4.3986369e-02
   7.1630679e-02
   7.2211936e-02
   1.2381972e-01
   9.0766616e-02
   3.6875051e-02
   4.2212524e-02
   1.7494196e-02
   6.8327510e-03
  -2.1820331e-03
   3.6278918e-02
   6.3604735e-02
   4.2952120e-02
   5.0753150e-02
   7.6244488e-02
   6.2845036e-02
   5.5682354e-02
   3.5898961e-02
   3.9669912e-02
   4.4449743e-02
   2.3483733e-02
   3.1008005e-02
   2.1723775e-02
   5.7376917e-03
   1.0802982e-02
   1.2491725e-02
   2.0892020e-02
   8.4351264e-03
   3.3091594e-02
   3.9150726e-02
   7.5070612e-02
   9.9554926e-02
   2.9672073e-02
   3.2526206e-02
   3.0741926e-02
   4.4628721e-02
   2.8490424e-02
   6.6841841e-02
   6.6417985e-02
   9.1437444e-02
   3.5850696e-02
   2.4913738e-02
   2.5433438e-02
   3.6238398e-02
   3.1659886e-02
   5.1043287e-02
   3.3067022e-02
   2.0757075e-02
   3.2816164e-02
   2.1847960e-02
   6.2303014e-02
   6.0315143e-02
   8.4515534e-02
   1.4755917e-01
   1.2732302e-01
   5.4887485e-02
   4.8500061e-02
   5.5624023e-02
   5.2336458e-02
   4.3222867e-02
   4.5262169e-02
   6.6365704e-02
   3.4410086e-02
   1.9345412e-02
   9.4471192e-03
   1.1048585e-02
   3.2187309e-02
   3.4484062e-02
   5.5400062e-02
   5.2381162e-02
   3.9574910e-02
   4.1896764e-02
   3.9640725e-02
   5.3956166e-02
   1.8730970e-02
   3.8975778e-03
   1.6736172e-02
   5.1201250e-02
   7.4938491e-02
   8.6379737e-02
   5.5314578e-02
   5.9866805e-02
   1.8011078e-01
   2.4039862e-01
   1.5126851e-01
   8.3142854e-02
   6.4314969e-02
   5.9331208e-02
   4.9461387e-02
   5.4428678e-02
   4.7022942e-02
   3.5141889e-02
   5.8985583e-02
   5.7092465e-02
   4.5926251e-02
   2.9454565e-02
   2.2455566e-02
   2.4279503e-02
   3.3944152e-02
   5.8011360e-02
   4.6734482e-02
   4.6583164e-02
   2.2048127e-02
   3.0067163e-02
   4.2061739e-02
   2.8030523e-03
   2.3689434e-02
   3.2072417e-02
   3.2402445e-02
   1.4696665e-02
   4.8457697e-02
   3.7298348e-02
   2.5595820e-02
   3.5325576e-02
   4.3691821e-02
   9.8747738e-02
   6.3548334e-02
   3.0709738e-02
   6.3575968e-02
   3.7146606e-02
   3.7003018e-02
   4.4121314e-02
   4.9261283e-02
   4.4690400e-02
   3.4675464e-02
   1.7230006e-02
   1.1235233e-02
   3.9857287e-02
   5.6120433e-02
   5.6789096e-02
   5.4197267e-02
   4.0759511e-02
   5.9614256e-02
   7.4838161e-02
   3.4920640e-02
   3.4722898e-02
   1.9714037e-02
   1.0431875e-02
   1.5937107e-02
   4.2345934e-02
   2.4057949e-02
   5.3535350e-02
   8.6918272e-02
   7.4391834e-02
   5.0321117e-02
   3.3346672e-02
   2.7247356e-02
   1.3507910e-02
   1.1471353e-02
   1.5674507e-02
   3.6206461e-02
   3.9441280e-02
   2.7187640e-02
   3.6881804e-02
   5.9027176e-02
   7.2540507e-02
   4.6772346e-02
   2.8492311e-02
   3.5430104e-02
   3.1361911e-02
   3.6761526e-02
   5.1295273e-02
   6.1488912e-02
   6.1412312e-02
   5.6601569e-02
   4.7094557e-02
   4.4281468e-02
   1.8590212e-02
   1.9832794e-02
   5.5678491e-02
   8.9435101e-02
   4.5062959e-02
   6.2418032e-02
   3.3347469e-02
   6.5933771e-02
   1.4788108e-01
   2.2473557e-01
   1.2929329e-01
   5.5820644e-02
   1.1744056e-02
   4.1203532e-02
   6.4504422e-02
   4.0047128e-02
   6.9923021e-02
   2.8839923e-02
  -9.9893997e-04
  -4.7379249e-04
   4.6224650e-02
   2.9745569e-02
   3.6484532e-02
   6.5353714e-02
   5.1474657e-02
   3.9894905e-02
   4.0213674e-02
   3.5607751e-02
   5.3320475e-02
   4.4849481e-02
   5.4190729e-02
   8.5651003e-02
   1.1604244e-01
   7.9003140e-02
   5.1008545e-02
   2.5287205e-02
   5.0021842e-02
   2.2381069e-02
   6.6217884e-02
   1.2228198e-01
   1.2719341e-01
   8.0484487e-02
   1.7281219e-02
  -5.9919879e-03
   2.9398501e-02
   9.1910273e-02
   5.7923824e-02
   4.4162020e-02
   5.4450333e-02
   1.8784402e-02
   1.9862445e-02
  -5.0098035e-03
   3.3337131e-02
   8.0383569e-02
   6.9777094e-02
   1.3307784e-02
  -6.5780538e-03
   5.1225056e-03
   7.5977691e-02
   2.2064917e-01
   2.1284702e-01
   1.2764673e-01
   1.2230959e-01
   1.4026770e-01
   6.9619782e-02
   3.7873410e-02
   1.7201142e-01
   6.7705297e-01
   9.2690551e-01
   4.9007660e-01
   1.9725798e-01
   1.7030524e-01
   1.5436761e+00
   4.8718514e+00
   4.6546488e+00
   1.8212750e+00
   4.4444773e-01
   1.4406362e-01
   9.7412936e-02
   1.9003701e-01
   6.3477468e-01
   6.6458011e-01
   3.6205927e-01
   1.4420332e-01
   6.8458080e-02
   1.2398097e-01
   1.5496442e-01
   1.9642608e-01
   1.6996932e-01
   1.3697860e-01
   8.0261201e-02
   4.1791398e-02
   5.8890339e-02
   7.9544477e-02
   1.0083229e-01
   1.4274441e-01
   1.8369260e-01
   1.4578705e-01
   4.4018872e-02
   6.2177271e-02
   7.1875051e-02
   6.9407806e-02
   5.1107720e-02
   4.6437634e-03
   3.9344705e-03
   4.6230216e-02
   3.5152607e-02
   7.9492740e-03
   1.8501991e-02
   1.0211414e-03
   2.5583874e-02
   4.0426463e-02
   3.1652402e-02
   3.1888921e-02
   6.4151846e-02
   6.6308610e-02
   4.4145495e-02
   7.6395022e-03
   8.3836220e-02
   2.0871285e-01
   2.3802422e-01
   1.3117290e-01
   8.6126164e-02
   3.7387139e-01
   5.7131678e-01
   3.1760603e-01
   1.2125719e-01
   1.4797287e-01
   2.4350341e-01
   1.6670343e-01
   8.1449375e-02
   7.6023743e-02
   2.5640458e-01
   9.8701876e-01
   1.1053296e+00
   5.5808216e-01
   1.6012883e-01
   6.2962867e-02
   1.4736623e-02
   2.8517867e-02
   1.9153807e-01
   2.1274218e-01
   1.0406879e-01
   2.2385882e-02
  -4.4986028e-03
   2.9543858e-02
   6.9241047e-02
   7.6474167e-02
   8.1478871e-02
   4.8929989e-02
   3.6000986e-02
   7.3113516e-02
   5.5685036e-02
   2.1428233e-02
   4.9197166e-03
   1.4959239e-02
   4.4687353e-02
   2.3241628e-02
   2.7508128e-02
   4.2497549e-02
   6.3029908e-02
   3.3735529e-02
   4.1299243e-02
   3.1448606e-02
   2.8589804e-02
   7.4709609e-02
   8.4112920e-02
   5.7275821e-02
   4.3843042e-02
   2.9268963e-02
   3.8599294e-02
   5.1855184e-02
   8.9515358e-02
   1.1265306e-01
   9.3290895e-02
   7.1568668e-02
   8.4712833e-02
   1.1387101e-01
   1.2375145e-01
   1.3492854e-01
   1.1728993e-01
   1.0888880e-01
   1.4347914e-01
   1.9906698e-01
   1.7975223e-01
   6.4902015e-02
   1.6391322e-01
   4.4206724e-01
   4.2016861e-01
   2.1664806e-01
   8.8092513e-02
   2.7398396e-01
   1.1279829e+00
   1.5867674e+00
   9.4576639e-01
   3.2896039e-01
   8.6987354e-02
   8.3132811e-02
   1.1716317e-01
   1.8194981e-01
   1.9099757e-01
   1.2472200e-01
   7.3669218e-02
   4.8928767e-02
   4.3300755e-02
   5.6477528e-02
   2.9038902e-02
   2.6074769e-02
   2.8830590e-02
   5.6529868e-02
   4.8522212e-02
   2.6246151e-02
   1.7970439e-02
  -5.0098416e-03
   3.3438936e-02
   1.1270845e-02
   2.2035958e-03
   3.2581415e-03
   5.0449972e-03
   1.6675659e-02
   3.2180697e-02
   1.3652336e-02
   3.6411971e-02
   3.3299152e-02
   2.5057018e-02
   2.4567189e-02
   3.6654040e-02
   1.5978396e-02
   1.4867338e-02
   8.7925754e-03
   2.1324253e-02
   3.7333943e-02
   5.9319977e-02
   4.4106483e-02
   5.4763082e-02
   6.1809324e-02
   7.0782207e-02
   6.0932215e-02
   4.2237066e-02
   4.1239507e-02
   4.1954275e-02
   8.7960541e-02
   1.0077849e-01
   7.6407559e-02
   5.4265101e-02
   1.3228351e-01
   2.0368423e-01
   1.8285619e-01
   1.0744251e-01
   2.9756155e-02
   8.6600028e-02
   3.5416809e-01
   4.3852553e-01
   2.6285696e-01
   9.8406732e-02
   6.7767695e-02
   3.6583621e-02
   5.0324120e-02
   9.1810897e-02
   8.8281013e-02
   3.2447360e-02
   2.9446134e-02
   3.4926884e-02
   6.2815756e-02
   5.7983708e-02
   7.2630249e-02
   7.6044746e-02
   5.5443253e-02
   1.6185656e-02
   1.1962886e-02
   4.8718404e-02
   7.1827836e-02
   1.3929799e-01
   1.1711452e-01
   7.5416572e-02
   2.2967592e-02
   6.6941831e-04
   1.4951661e-02
   4.4239331e-02
   6.3022695e-02
   4.0528160e-02
   1.2119850e-02
   2.2312554e-02
   4.6904773e-02
   5.6621242e-02
   6.4885072e-02
   5.4118969e-02
   1.8689075e-02
   7.9288939e-03
   4.4903371e-02
   3.6374509e-02
   3.8834032e-02
   4.1609827e-02
   3.5808191e-02
   6.8547301e-02
   4.8061240e-02
   6.7209497e-02
   3.5760291e-02
   3.2945596e-02
   4.0153503e-02
   6.1968237e-02
   5.1775202e-02
   5.6458823e-02
   6.0727183e-02
   8.2738310e-02
   1.1339336e-01
   8.2174443e-02
   2.0288769e-02
   3.4290399e-02
   1.5564203e-01
   1.9736882e-01
   1.2375630e-01
   3.3828381e-02
   3.1723008e-02
   5.6422815e-02
   7.0343219e-02
   5.8483746e-02
   7.2268755e-03
   3.6309782e-02
   7.9515494e-02
   4.1089758e-02
   3.9849978e-02
   4.5455728e-02
   4.0854283e-02
   1.0903615e-01
   1.0835085e-01
   6.0356736e-02
   2.4944000e-02
   7.4508145e-02
   1.1646650e-01
   1.1229757e-01
   3.7113640e-02
   2.4630859e-02
   1.1585544e-01
   2.6191640e-01
   2.2520408e-01
   9.0937331e-02
   4.6192698e-02
   9.9775285e-02
   1.7480256e-01
   1.7951889e-01
   1.0493406e-01
   5.6812145e-02
   6.9338642e-02
   1.2025293e-01
   9.5980182e-02
   7.5955920e-02
   6.3909627e-02
   6.0201906e-02
   4.8523530e-02
   4.4196378e-02
   2.8761847e-02
   5.5436216e-02
   5.0019331e-02
   2.0003308e-02
  -7.3581850e-03
   1.5743878e-02
   4.5782592e-02
   3.9322183e-02
  -3.7907537e-03
   7.0608868e-03
   7.5290263e-02
   5.7132754e-02
   2.3558291e-02
   1.8131800e-02
   2.7553171e-02
   6.6767141e-02
   1.1505525e-01
   8.6672001e-02
   2.4889106e-02
   1.3095074e-02
   3.3626769e-02
   3.0646501e-02
   3.6919411e-02
   2.5044696e-02
   8.6394008e-03
   3.5871286e-02
   4.6635065e-02
   5.5223148e-02
   2.8311891e-02
   2.5387244e-02
   9.4836038e-03
   2.7275966e-02
   5.3970296e-02
   5.2697465e-02
   5.3612232e-02
   1.0847218e-01
   1.1104470e-01
   6.5889612e-02
   7.9843305e-02
   1.0114119e-01
   1.0942856e-01
   1.2180486e-01
   1.0848220e-01
   8.4665500e-02
   4.2437855e-02
   7.8300796e-02
   9.7811766e-02
   9.9388056e-02
   9.4835363e-02
   7.2538726e-02
   1.0987823e-01
   8.5729145e-02
   8.3854161e-02
   1.2566003e-01
   1.4940698e-01
   9.9591218e-02
   3.5809122e-02
   6.4575553e-02
   2.0517503e-01
   2.4530488e-01
   1.7349359e-01
   7.9397492e-02
   1.2619609e-01
   3.0449590e-01
   3.3001223e-01
   1.9195449e-01
   9.5001824e-02
   2.2394185e-01
   4.0999439e-01
   4.1018349e-01
   3.3506656e-01
   2.6917151e-01
   4.2707339e-01
   6.5863061e-01
   5.2174097e-01
   2.4648389e-01
   1.7155817e-01
   5.5127662e-01
   8.6276942e-01
   5.7065070e-01
   1.9530123e-01
   2.0734313e-01
   9.6625489e-01
   1.7433003e+00
   1.2680358e+00
   4.4404349e-01
   2.7892843e-01
   9.7186255e-01
   1.4065391e+00
   9.9155915e-01
   4.9864614e-01
   2.9784638e-01
   5.9105414e-01
   5.7451755e-01
   2.8769556e-01
   1.3189532e-01
   1.8209282e-01
   4.8886341e-01
   3.8919264e-01
   1.3752130e-01
   4.0837213e-02
   7.6458067e-02
   5.8670711e-02
   1.1643888e-02
   1.5171769e-02
   1.3051105e-02
   2.7884480e-02
   7.6409844e-03
  -4.3224361e-02
  -1.7995398e-02
  -2.9045446e-02
  -5.4689348e-02
  -1.1323396e-02
   9.4287014e-03
   1.7459475e-02
   3.4614932e-03
   1.8588731e-02
   5.7173930e-02
   7.4923441e-02
   4.8690259e-02
   7.9160325e-02
   1.0472798e-01
   6.9503270e-02
   3.7662577e-02
   6.4174891e-02
   1.2223973e-01
   1.8389326e-01
   1.4369032e-01
   1.3656652e-01
   1.7003062e-01
   1.4127494e-01
   1.2700886e-01
   1.0444325e-01
   1.5487975e-01
   2.6343393e-01
   2.0826925e-01
   1.1657979e-01
   1.5851093e-02
   2.6703879e-01
   6.9035691e-01
   5.7610250e-01
   1.9478455e-01
   7.0347227e-02
   2.3539835e-01
   3.7531242e-01
   2.9435116e-01
   1.8984281e-01
   1.4600621e-01
   2.2329865e-01
   2.7173272e-01
   1.5340079e-01
   8.1596285e-02
   7.9141282e-02
   1.6585460e-01
   1.6178639e-01
   1.1027565e-01
   2.0184385e-02
   5.0063659e-02
   4.4066805e-02
   4.3246012e-02
   8.8431388e-03
   3.6900345e-02
   1.1870289e-01
   1.0058671e-01
   4.2588051e-02
   1.2767636e-02
   3.7722748e-02
   3.4596518e-02
   1.0716410e-02
   4.8956145e-02
   1.1021730e-01
   2.4912398e-01
   1.9529098e-01
   9.8657459e-02
   3.9618794e-02
   1.1489852e-02
   5.8647491e-02
   6.8449214e-02
   1.8839771e-02
   5.5602908e-02
   8.5182600e-02
   8.7852746e-02
   9.1433272e-02
   9.9801376e-02
   4.7750369e-02
   9.2703067e-02
   7.9981491e-02
   9.3961306e-02
   1.2518895e-01
   2.5873658e-01
   2.8991491e-01
   1.3269220e-01
   6.8125606e-02
   8.9406386e-02
   2.9666445e-01
   4.3994197e-01
   2.6321983e-01
   6.8919323e-02
   5.5185061e-02
   2.8001896e-01
   3.6314985e-01
   2.6987839e-01
   1.6099645e-01
   1.2439630e-01
   1.3983431e-01
   8.7268785e-02
   5.9007939e-02
   7.6091163e-02
   7.5307943e-02
   8.9433677e-02
   6.8717197e-02
   4.4337034e-02
   4.4723880e-02
   3.8937852e-02
   2.5204908e-02
   3.4468234e-02
   2.5196273e-02
   3.6364287e-02
   2.1614488e-02
   3.4911059e-02
   2.4068676e-02
   3.5045408e-02
   6.2936105e-02
   3.6610834e-02
   9.2438765e-02
   1.3401920e-01
   7.1913481e-02
   6.6559277e-02
   9.5669024e-02
   9.1407657e-02
   1.2298811e-01
   1.1548402e-01
   4.7439285e-02
   5.4050699e-02
   9.0200506e-02
   5.9471399e-02
   4.1261442e-02
   4.1966029e-02
   6.2184399e-03
  -1.9235881e-03
   8.4704487e-03
   4.1138180e-02
   5.5278480e-02
   2.8272087e-02
   1.2407088e-01
   1.2771355e-01
   1.1166266e-01
   1.1050278e-01
   7.8000590e-02
   1.2462564e-01
   1.9690065e-01
   1.4549451e-01
   7.6472685e-02
   6.3240506e-02
   1.3589710e-01
   1.3473845e-01
   9.3761981e-02
   4.3469105e-02
   4.6429180e-02
   8.3792329e-02
   7.2243176e-02
   5.2141223e-02
   6.7738116e-02
   1.1487110e-01
   1.7097899e-01
   1.1805192e-01
   5.1222309e-02
   4.9794354e-02
   3.2365788e-02
   2.8007098e-02
   3.6280066e-02
   1.1508068e-02
   1.7516034e-02
   1.4284275e-02
  -2.5676058e-03
   3.2547612e-02
   3.0229496e-02
   5.5218138e-02
   2.8840005e-02
   1.5296267e-02
   4.1097965e-02
   6.3405745e-02
   4.6539064e-02
   1.5040654e-02
   2.0934781e-02
   3.3888191e-02
   1.6508488e-02
   1.5079137e-02
   8.8843452e-03
   6.5630453e-04
   1.4351737e-02
   1.6531836e-02
   1.2621585e-02
   2.2948079e-02
   4.8089940e-02
   4.7048815e-02
   7.7146918e-02
   9.6223630e-02
   1.1460659e-01
   1.0665321e-01
   8.3506174e-02
   8.8078327e-02
   4.7172450e-02
   7.8232639e-02
   1.0704657e-01
   1.2051882e-01
   7.7602781e-02
   6.8961367e-02
   6.1298676e-02
   1.0674199e-01
   1.2037902e-01
   4.7802255e-02
   4.3227293e-02
   5.8055934e-02
   6.2326491e-02
   3.1879134e-02
   3.9374437e-02
   4.8584018e-02
   3.5398073e-02
   2.3364780e-02
   2.3811923e-02
   3.9669130e-02
   2.7206991e-02
   5.0781827e-02
   6.0646132e-02
   3.4370955e-02
   4.5576200e-02
   2.2620758e-02
   7.9172058e-03
   1.8263731e-02
   3.4362622e-02
   5.6461450e-02
   3.5697475e-02
   4.3785095e-02
   4.6618756e-02
   4.0772043e-02
   2.6205653e-02
   1.3529850e-02
   2.3949865e-02
   7.1930990e-02
   4.8052993e-02
   1.1472287e-02
   1.5665211e-02
   4.5924757e-02
   6.4537562e-02
   2.1834677e-02
   2.6812471e-02
   5.0383560e-02
   6.9492646e-02
   6.2168017e-02
   5.4295618e-02
   3.4617834e-02
   4.1805975e-02
   6.7902066e-02
   5.8348965e-02
   4.5011323e-02
   3.1328253e-02
   2.2689534e-02
   6.9270618e-02
   3.6676064e-02
   3.4475092e-02
   4.9671907e-02
   6.5430969e-02
   5.2342825e-02
   5.4872192e-02
   4.0079892e-02
   5.5045851e-02
   6.0902320e-02
   4.3708932e-02
   1.6359620e-02
   3.0240096e-02
   2.6085915e-02
   3.3001319e-02
   5.7425193e-02
   6.9398001e-02
   3.5791408e-02
   1.3697529e-02
   2.0731238e-03
   4.9234112e-03
   2.1359308e-02
   4.5911692e-02
   2.4738204e-02
   2.3385447e-02
   8.3704786e-03
   1.3419460e-02
   2.6885370e-02
   5.5843297e-02
   2.9942319e-02
   5.6899622e-02
   6.9157124e-02
   3.0741833e-02
   4.0497761e-02
   1.1115058e-02
  -6.6800714e-03
   2.2403762e-02
   4.6222698e-02
   4.5478355e-02
   4.7490537e-02
   1.3745429e-02
   2.6390404e-02
   1.9641196e-02
   5.3824890e-02
   8.3913080e-02
   7.0911556e-02
   3.7045587e-02
   2.9908258e-02
   4.2562917e-02
   4.2785790e-02
   3.0187182e-02
   2.2529943e-02
   2.8605519e-02
   6.5111525e-02
   4.8950631e-02
   3.6543589e-02
   1.4133804e-02
   3.6137950e-02
   3.2206941e-02
   6.2023781e-02
   5.6468107e-02
   4.9811181e-02
   6.4247772e-02
   3.8966492e-02
   4.0733989e-02
   3.5705455e-02
   2.8232826e-02
   9.3765706e-03
   1.9879825e-02
   1.3332162e-02
   2.0874923e-02
   1.1545002e-02
   6.3324552e-03
   2.3953423e-02
   1.5816882e-02
   3.6221243e-02
   5.9769824e-02
   4.7959946e-02
   5.7698309e-02
   3.5109367e-02
   1.4716004e-02
   3.6167637e-02
   1.8978866e-02
   1.7897524e-02
   2.5292225e-02
   2.4121594e-02
   3.1711359e-02
   3.0419970e-02
   1.9006995e-02
   3.2374155e-02
   1.5239808e-02
   2.1963941e-02
   4.4359937e-02
   4.3222226e-02
   2.8283816e-02
   6.4688280e-02
   6.7791596e-02
   2.0454468e-02
   2.0898841e-02
   5.0504256e-02
   4.0982857e-02
   4.2251382e-02
   4.6383563e-02
   5.8263596e-02
   5.8405709e-02
   4.0256765e-02
   4.1122879e-03
   7.8090094e-02
   2.3521149e-01
   1.7984559e-01
   7.2026268e-02
   4.0647112e-02
   6.1663099e-02
   9.7279541e-02
   8.3421871e-02
   5.8633793e-02
   4.2227875e-02
   5.1145200e-02
   4.1477766e-02
   4.3484215e-02
   7.1351148e-02
   3.8812798e-02
   1.2454886e-02
   3.4668490e-03
   1.2525276e-02
   4.5383982e-03
   1.0467388e-03
   1.4128449e-02
   3.4283239e-02
   2.4059046e-02
   2.1072045e-02
   2.2275267e-02
   3.6914315e-02
   3.2577045e-02
   3.2219119e-02
   4.9815532e-02
   4.5814905e-02
   3.6819175e-02
   4.5018509e-02
   5.5802811e-02
   1.9008057e-02
   6.6874907e-03
   8.6227180e-03
   2.8076561e-02
   3.7768733e-02
   3.1916570e-02
   2.4167992e-02
   4.4590570e-02
   2.6291393e-02
   1.4508924e-02
   3.0508552e-02
   1.9161256e-02
  -8.6264059e-05
   3.7733428e-02
   4.3294411e-02
   3.6085516e-02
   1.5509915e-02
   1.8883605e-02
   2.9705502e-02
   4.0119965e-02
   5.0383478e-02
   4.0975656e-02
   1.8771414e-02
   2.8687885e-02
   4.8099086e-02
   4.5920245e-02
   4.1084323e-02
   4.6910480e-02
   4.8597388e-02
   5.3920887e-02
   3.2493964e-02
   5.1485628e-02
   7.0431337e-02
   3.1814016e-02
   2.9964132e-02
   8.2228389e-03
   1.2600021e-02
   2.5088446e-02
   7.1417564e-03
   6.9629638e-03
   1.1059972e-02
   1.8060036e-02
   4.5717958e-02
   3.6218461e-02
   2.0339433e-02
   4.3479592e-02
   4.7754124e-02
   3.7741896e-02
   3.3272225e-02
   4.4593479e-02
   1.4803629e-02
   4.3964230e-02
   4.7207005e-02
   2.0176837e-02
   7.7055339e-03
   8.5008238e-03
   4.3424129e-02
   6.0544975e-02
   3.9147425e-02
   1.7510805e-02
   4.0246930e-02
   3.1703401e-02
   2.8598867e-02
   5.3658109e-02
   5.2050922e-02
   3.2009427e-02
   4.6935845e-02
   2.5450695e-02
   2.8294187e-02
   4.4225991e-02
   2.7518956e-02
   3.0271305e-02
   4.8736434e-02
   3.9320622e-02
   1.1961786e-02
   2.1578895e-02
   3.4549039e-02
   3.2412667e-02
   2.8916072e-02
   1.8589284e-02
   3.7603155e-02
   3.3132009e-02
   2.1952046e-02
   4.2520422e-02
   4.5312848e-02
   4.1358639e-02
   2.8975369e-02
   2.6959086e-02
   3.5661615e-02
   3.5106160e-02
   1.6986698e-02
   2.0472145e-02
   4.2796265e-02
   1.8318372e-02
   2.2631485e-02
   2.7998824e-02
   4.2261913e-02
   5.7849001e-02
   4.9573790e-02
   3.7477240e-02
   6.7806415e-02
   6.6111371e-02
   4.5638096e-02
   2.3111697e-02
   1.7871620e-02
   4.7266942e-02
   2.9379128e-02
  -2.4414305e-03
   1.4560886e-02
   3.8955517e-02
   4.5395434e-02
   3.9599966e-02
   4.1471478e-02
   4.4501450e-02
   2.5942992e-02
   3.2836352e-02
   4.5846906e-02
   4.4007126e-02
   4.6620540e-02
   4.2691331e-02
   3.2686535e-02
   2.8267069e-02
   3.4778655e-04
   2.9559433e-03
   1.9780923e-02
   4.4766717e-02
   4.7718525e-02
   3.6945604e-02
   4.1115548e-02
   4.1495752e-02
   5.9607521e-02
   6.0968287e-02
   1.6189821e-02
   1.9059347e-02
   1.9901790e-02
   2.3520309e-02
   2.8680960e-02
   3.6954369e-02
   5.2526530e-02
   7.0518046e-03
   4.2792276e-02
   2.6481241e-02
   2.7029352e-02
   3.0148638e-02
   3.4843955e-02
   4.6762016e-02
   3.5992704e-02
   3.4725856e-02
   3.1460457e-02
   4.6715558e-02
   4.2678069e-02
   3.7807431e-02
   1.8785959e-02
   4.1356580e-03
   7.4212789e-03
   3.7292946e-02
   4.6968747e-02
   2.4474397e-02
   1.2314132e-02
   2.2810983e-02
   3.7450258e-02
   5.4724466e-02
   6.3449837e-02
   5.6865357e-02
   2.8647617e-02
   3.0001719e-02
   3.7574187e-02
   3.2517951e-02
   2.1419963e-02
   3.0455673e-02
   2.0782517e-02
   2.9707465e-02
   2.6300818e-02
   2.0084105e-02
   3.4224425e-02
   3.0319208e-02
   1.3793085e-02
   1.4979042e-02
   1.6831907e-02
   3.7850954e-02
   4.0640853e-02
   4.2825289e-02
   3.8590610e-02
   4.3971747e-02
   3.2042790e-02
   1.1612650e-02
   3.4077566e-02
   5.5283934e-02
   3.9072126e-02
   4.4234689e-02
   3.1489443e-02
   1.9254269e-02
   2.9288625e-02
   2.7797917e-02
   4.1279413e-02
   2.1285588e-02
   2.2857312e-02
   2.2622306e-02
   2.9965688e-02
   1.0609803e-02
   2.2340780e-02
   2.5534604e-02
   4.8897039e-02
   5.1836755e-02
   4.2471088e-02
   2.6115889e-02
   2.2448147e-02
   3.7031718e-02
   2.9394325e-02
   3.2472920e-02
   1.0759930e-01
   1.7298844e-01
   1.3794532e-01
   9.9612363e-02
   4.3090176e-02
   4.5140270e-02
   3.8581394e-02
   1.8835193e-02
   2.5949867e-02
   3.9472800e-02
   5.6930982e-02
   5.8616135e-02
   4.2409524e-02
   7.4416108e-02
   4.4009194e-02
   3.9253347e-02
   2.3883108e-02
   8.9050718e-02
   1.9427547e-01
   1.8071996e-01
   1.2107409e-01
   9.2302680e-02
   8.7403342e-02
   7.0055798e-02
   2.0409100e-02
   3.5210256e-02
   3.6306005e-02
   7.2760701e-02
   5.1710088e-02
   3.5430897e-02
   6.0343821e-02
   3.4840472e-02
   3.4384150e-02
   3.7434343e-02
   1.9435754e-02
   2.5739754e-02
   3.0040573e-02
   3.8680036e-02
   2.9933551e-02
   2.3794698e-02
   5.3173147e-02
   3.8493540e-02
   4.8458148e-02
   3.3056635e-02
   3.1874295e-02
   3.2104675e-02
   2.4102096e-02
   3.3464037e-02
   2.0540079e-02
   7.3850644e-03
   2.3365369e-02
   4.0047251e-02
   3.7476398e-02
   2.6682423e-02
   4.3077804e-02
   6.2127996e-02
   4.7571782e-02
   3.5884403e-02
   1.7975325e-02
   3.6767226e-02
   2.7394868e-02
   3.2413628e-02
   1.9168163e-02
   3.1857140e-02
   2.4788132e-02
   4.2022783e-02
   2.5129408e-02
   2.6685396e-02
   3.4611892e-02
   1.9375360e-02
   2.9472375e-02
   3.4081206e-02
   4.0897626e-02
   4.3058295e-02
   1.5617877e-02
  -7.5572968e-04
   2.0105146e-02
   4.7280543e-02
   6.2133890e-02
   3.9972045e-02
   4.3052029e-02
   2.5624311e-02
   3.6533412e-02
   4.2570569e-02
   1.6082993e-02
   2.8205881e-02
   1.9829554e-02
   2.0745633e-02
   5.9191063e-02
   4.5901489e-02
   4.2594973e-02
   2.3825323e-02
   3.5304721e-02
   3.0190909e-02
   3.0405123e-02
   1.2646248e-02
   1.0664314e-02
   3.0560387e-02
   1.2757972e-02
   1.8714167e-02
   6.1785948e-02
   5.6086339e-02
   6.2880069e-02
   7.0389852e-02
   4.3389395e-02
   2.5219677e-02
   2.5270250e-02
   3.7146639e-03
   5.3255752e-02
   7.0049547e-02
   9.7189516e-02
   8.1942596e-02
   7.1148597e-02
   2.3017883e-02
   3.6141079e-02
   2.2931466e-02
   2.1050144e-02
   5.1914960e-02
   1.1711759e-01
   3.5739735e-01
   3.8040984e-01
   2.3852630e-01
   1.2466600e-01
   5.5886824e-02
   2.5574926e-02
   2.5267296e-02
   3.0750180e-02
   4.3284599e-02
   2.8376821e-02
   1.2288984e-02
   5.5602938e-02
   9.3840241e-02
   5.8233280e-02
   2.6881380e-02
   2.8467581e-02
   3.1611152e-02
   2.9118404e-02
   1.8232083e-02
   2.9539568e-02
   6.0360085e-02
   3.0530637e-02
   1.9229002e-02
   2.7888978e-02
   2.3100412e-02
   4.8756056e-02
   2.3317587e-02
   1.4327030e-02
   1.3212799e-02
   2.8907949e-02
   2.8286070e-02
   3.6380820e-02
   4.7830984e-02
   9.1510944e-02
   6.2986009e-02
   4.4805914e-02
   2.6238568e-02
   2.6267288e-02
   1.6602119e-02
   1.8748458e-02
   4.3712325e-02
   1.3890815e-01
   1.8946782e-01
   1.7657712e-01
   9.4232731e-02
   6.3691020e-02
   4.6779022e-02
   2.6315223e-02
   2.0036465e-02
   1.7836614e-02
   3.6576953e-02
   4.0349633e-02
   2.6011163e-02
   4.0497568e-02
   3.9211351e-02
   5.5580009e-02
   2.1954829e-02
   1.2493604e-02
   1.4900511e-02
   1.8859467e-02
   3.7124064e-02
   1.8628515e-02
   5.2546050e-02
   3.4640588e-02
   1.5190263e-02
   3.7775785e-02
   3.4170523e-02
   4.6265077e-02
   4.0034007e-02
   2.7829986e-02
   2.3487220e-02
   5.2216101e-02
   3.1557109e-02
   5.2780274e-02
   6.0134437e-02
   4.0325161e-02
   2.4422990e-02
   1.7990923e-02
   3.5216536e-02
   5.3436011e-02
   4.1699193e-02
   3.6539879e-02
   3.5598475e-02
   5.6833211e-02
   3.5926357e-02
   2.6009602e-02
   2.6993392e-02
   1.0801251e-02
   3.5337396e-02
   4.9307760e-02
   1.5658351e-02
   3.1593237e-02
   3.6282375e-02
   3.5168491e-02
   1.4418675e-02
   2.1125481e-02
   2.3622401e-02
   3.4824956e-02
   7.5547427e-02
   1.1111011e-01
   9.0643190e-02
   5.6886867e-02
   1.6995583e-02
   1.5880752e-02
   1.6563604e-02
   2.0809265e-02
   1.7682577e-02
   1.0932922e-02
   1.6840195e-02
   2.1363657e-02
   2.1294758e-02
   1.5586491e-02
   2.2253819e-02
   2.4254236e-02
   9.4784796e-03
   1.3014232e-02
   4.1319136e-02
   3.9717406e-02
   4.2624298e-02
   2.4603317e-02
   3.6076732e-02
   2.9249990e-02
   4.7988143e-02
   4.0443338e-02
   4.7012724e-02
   6.3489430e-02
   3.3731967e-02
   1.8369749e-02
   5.1487163e-03
   1.9664476e-02
   3.9637007e-02
   5.1413797e-02
   3.0075373e-02
   2.4935707e-02
   4.9728736e-02
   4.8564695e-02
   2.6199007e-02
   2.4166340e-02
   4.5601737e-02
   3.5811450e-02
   3.5880387e-02
   7.2912332e-03
   7.8990925e-03
   2.2076149e-02
   4.3608982e-02
   2.8448358e-02
   3.2221019e-02
   5.4348879e-02
   4.1478317e-02
   3.8168404e-02
   4.1278418e-02
   2.2973720e-02
   1.1180704e-02
   3.8944792e-02
   4.9128357e-02
   2.5994362e-02
   2.0323822e-02
   3.7275530e-02
   3.1406432e-02
   3.0401317e-02
   1.0691366e-02
   1.8708337e-02
   4.4614799e-02
   5.5214386e-02
   3.8513672e-02
   1.7532848e-02
   3.8323455e-02
   4.1600157e-02
   4.9941737e-02
   3.5974428e-02
   3.1623848e-02
   2.3873605e-02
   3.7339531e-02
   3.1530235e-02
   2.6783023e-02
   4.3190539e-02
   3.7580125e-02
   3.2441989e-02
   3.0510701e-02
   4.1935455e-02
   2.3052920e-02
   2.1535253e-02
   7.5457118e-02
   1.0512792e-01
   1.0113774e-01
   6.5795079e-02
   4.7658570e-02
   5.8865692e-02
   4.2506658e-02
   2.4217816e-02
   9.7854519e-03
   2.6933216e-03
   2.1729419e-02
   4.7974825e-02
   3.4867954e-02
   4.0272675e-02
   7.8391366e-02
   5.6708172e-02
   7.7734329e-02
   5.1263846e-02
   3.5203975e-02
   3.1807028e-02
   3.6336426e-04
   1.6180769e-02
   2.1810008e-02
   1.6720839e-02
   2.1250430e-02
   1.9740511e-02
   2.9893376e-02
   2.6595907e-02
   2.2162413e-02
   4.3894064e-02
   4.0615659e-02
   4.8000682e-03
   3.6889447e-03
   2.1410150e-02
   2.3754718e-02
   3.1546485e-02
   2.4208406e-02
   9.6058194e-03
   4.3972839e-02
   6.0532428e-02
   5.5172656e-02
   5.3903237e-02
   3.7679952e-02
   3.3746425e-02
   1.9464165e-02
   2.5081778e-02
   2.4666199e-02
   2.4419604e-02
   2.0744130e-02
   2.6580807e-02
   2.4385512e-02
   3.9860267e-02
   5.4817248e-02
   6.2880293e-02
   4.6192799e-02
   6.6032149e-02
   4.0320411e-02
   2.2881905e-02
   4.9528889e-02
   5.0660457e-02
   4.0406913e-02
   2.7195796e-02
   8.5174963e-03
   4.3922275e-02
   3.0275747e-02
   2.5970459e-02
   4.0043943e-02
   2.6502123e-02
   1.8254822e-02
   1.4579247e-02
   3.8632303e-02
   3.6709297e-02
   4.6164300e-02
   6.8253003e-02
   3.6322333e-02
   3.1472210e-02
   2.3003174e-02
   2.0168494e-02
   3.7879281e-02
   4.2954318e-02
   5.3616814e-02
   5.1652253e-02
   9.0307826e-03
   3.2623030e-02
   4.0053148e-02
   4.5297246e-02
   2.5339941e-02
   3.1409152e-02
   4.1999687e-02
   3.6987357e-02
   5.0366845e-02
   2.7787123e-02
   2.4649225e-02
   3.2473918e-02
   2.7006809e-02
   2.2227360e-02
   4.5215428e-02
   5.7794113e-02
   4.3008327e-02
   3.5276216e-02
   2.7285917e-02
   3.3480942e-02
   2.6440820e-02
   4.2507689e-02
   5.1949810e-02
   5.4599956e-02
  -8.0600558e-03
   2.1839060e-02
   4.0905882e-02
   5.5432890e-02
   4.7285441e-02
   4.3208115e-02
   7.7337116e-02
   5.1161885e-02
   4.9101539e-02
   5.7188928e-02
   3.4103934e-02
   2.8197112e-02
   5.4887839e-02
   2.1123925e-02
   4.0633861e-02
   2.7249493e-02
   2.5170708e-02
   3.0904440e-02
   4.0721536e-02
   3.5206005e-02
   3.7923750e-02
   4.6514597e-02
   5.2939415e-02
   3.9755542e-02
   2.4981977e-02
   1.9476634e-02
   3.9715398e-02
   6.5209389e-02
   4.3434665e-02
   3.6689132e-02
   3.9607819e-02
   2.9489856e-02
   2.8777331e-02
   3.2359995e-02
   4.2041220e-02
   4.8783727e-02
   5.5166543e-02
   3.3442337e-02
   2.5502255e-02
   2.9245127e-02
   2.9727031e-02
   1.1118465e-02
   4.7950506e-02
   5.0804265e-02
   3.0776875e-02
   4.0246222e-02
   3.7024125e-02
   2.3432426e-02
   9.7728549e-03
   2.4299989e-02
   4.0902469e-02
   7.3216826e-02
   3.0302787e-02
   1.1786160e-02
   5.1955907e-03
   4.6719577e-02
   6.7899950e-02
   5.3901102e-02
   7.0133463e-02
   5.7399768e-02
   5.8441203e-02
   3.6112741e-02
   4.1855793e-02
   3.4119118e-02
   2.2579255e-02
   5.1176958e-02
   7.2470903e-02
   6.7197122e-02
   2.2754446e-02
   2.0745642e-02
   2.6756458e-02
   2.6055731e-02
   3.4458403e-02
   3.4702379e-02
   1.8569591e-02
   2.2962032e-02
  -2.8175260e-03
   4.0426075e-02
   6.2999375e-02
   3.7268881e-02
   4.8503738e-02
   4.3753259e-02
   3.4251831e-02
   2.3047572e-02
   1.6032610e-02
   1.3407774e-02
   3.8994431e-02
   5.3907238e-02
   6.6097647e-02
   3.5429902e-02
   4.6400819e-02
   9.0172328e-02
   8.5796900e-02
   6.9029436e-02
   3.5747670e-02
   3.2922160e-02
   3.0886676e-02
   4.1187864e-02
   4.3315817e-02
   5.1352169e-02
   3.9262403e-02
   4.1410055e-02
   6.5295331e-02
   4.7839213e-02
   2.6105423e-02
   1.5749626e-02
   2.1245265e-02
   4.6945378e-02
   3.8953397e-02
   4.8673127e-02
   3.0081952e-02
   3.7453294e-02
   4.2351618e-02
   1.1283337e-01
   1.0489646e-01
   6.3626677e-02
   5.5324066e-02
   3.6060605e-02
   1.2798704e-02
   3.3296775e-02
   4.7325872e-02
   2.4380416e-02
   2.2478227e-02
   4.1446753e-02
   5.4677706e-02
   9.2641287e-02
   7.4120812e-02
   2.5905043e-02
   2.6409198e-02
  -1.1065261e-03
   1.1882984e-02
   3.9642278e-02
   6.4296521e-02
   1.4204033e-01
   9.7866409e-02
   1.0057320e-01
   8.2686380e-02
   6.9632195e-02
   3.6061384e-02
   4.8727538e-02
   3.7920315e-02
   3.6414362e-02
   5.9958816e-02
   3.0634746e-02
   1.9467801e-02
   9.1967912e-04
   3.4281980e-02
   4.7596723e-02
   1.5351111e-01
   1.6800661e-01
   1.4433473e-01
   6.7612372e-02
   3.4323446e-02
   1.9142518e-02
   3.9213490e-02
   9.2604950e-02
   1.4590767e-01
   1.8421145e-01
   1.3996840e-01
   7.6994956e-02
   2.5686154e-02
   2.8060280e-02
   6.0977425e-02
   5.4129593e-02
   6.3908622e-02
   4.3215774e-02
   3.3744678e-02
   3.6195178e-02
   5.1315159e-02
   3.6319431e-02
   2.5545025e-02
   4.2205289e-02
   5.0241720e-02
   2.5057418e-02
   2.8360020e-02
   1.6435131e-02
   2.5805520e-02
   3.3629902e-02
   1.3521031e-02
   4.4816177e-02
   6.3050203e-02
   4.9676280e-02
   2.9833067e-02
   1.5663823e-02
   2.9244052e-02
   1.5547981e-02
  -6.3599385e-03
   4.8509385e-02
   8.7705739e-02
   7.4565902e-02
   6.3784614e-02
   3.6281757e-02
   1.1706050e-02
   1.3190717e-03
   2.2274897e-02
   4.4348106e-02
   5.6517176e-02
   7.7282645e-02
   5.6544520e-02
   4.5743555e-02
   1.7501216e-02
   1.3082371e-02
   9.6500143e-03
   1.7540812e-02
   2.6689515e-02
   3.4856472e-02
   5.5666793e-02
   6.1890844e-02
   6.2315036e-02
   5.2032884e-02
   5.2752212e-02
   2.9738555e-02
   2.7004139e-02
   4.0757548e-02
   2.5923835e-02
  -6.8106516e-03
  -5.5236393e-03
   4.7860350e-02
   7.1533121e-02
   1.3098338e-01
   1.2868892e-01
   6.7646176e-02
   4.3121707e-02
   3.4878861e-02
   4.0661208e-02
   6.5917388e-02
   8.8792145e-02
   7.8992993e-02
   3.0976351e-02
   1.3947748e-02
   7.9832803e-03
   8.6070813e-02
   1.6099413e-01
   1.3418257e-01
   1.1215997e-01
   1.2031706e-01
   4.4043932e-02
   5.7235560e-03
   3.2807350e-02
   1.9994844e-01
   8.1319463e-01
   1.1896793e+00
   9.7236317e-01
   4.9406153e-01
   1.6270167e-01
   2.8179120e-02
   1.0892666e-02
   7.9674482e-02
   1.9841859e-01
   1.5022635e-01
   1.1353488e-01
   1.3376132e-01
   1.1562166e-01
   6.6160336e-02
   7.4786142e-02
   4.1362730e-01
   8.5566276e-01
   7.8263795e-01
   4.0243670e-01
   1.6947821e-01
   6.7526847e-02
   6.4135104e-02
   3.7645463e-02
   3.1394407e-02
   1.7000182e-02
   1.6026732e-02
   5.0242472e-02
   1.2199552e-01
   1.3237694e-01
   9.5142089e-02
   4.6243031e-02
   1.1704150e-02
   3.9253995e-02
   3.6117315e-02
   2.1442868e-02
   7.3196851e-03
   3.1623166e-02
   2.4391979e-02
   4.5506332e-02
   6.5574303e-02
   8.8885911e-02
   8.1980743e-02
   3.5373900e-02
   4.3972358e-02
   2.9176097e-02
   1.3201302e-02
   3.1727009e-02
   5.7659555e-02
   1.5179060e-01
   2.0801431e-01
   1.4440282e-01
   1.0860565e-01
   7.5562164e-02
   3.9931647e-02
  -1.0546977e-02
   4.1633425e-03
   3.8167089e-02
   3.0432355e-02
  -5.8395071e-03
   5.2917548e-02
   8.1514314e-02
   1.1146054e-01
   1.4157552e-01
   1.3079527e-01
   7.6804593e-02
   5.2957248e-02
   3.1758241e-02
   4.3546323e-02
   4.1920282e-02
   1.0767254e-01
   9.0026110e-02
   5.3754315e-02
   4.2385377e-02
   5.3322777e-02
   3.6637593e-02
   5.0292895e-03
   3.3381265e-02
   9.9494308e-02
   8.5495070e-02
   1.1342955e-01
   1.9539882e-01
   3.1286788e-01
   2.9851750e-01
   2.0256895e-01
   1.3572095e-01
   1.4869170e-01
   1.3016029e-01
   9.5453009e-02
   1.0543611e-01
   1.6204990e-01
   2.4368046e-01
   4.2284003e-01
   4.8608023e-01
   3.7876797e-01
   2.5922912e-01
   1.8265270e-01
   2.8411645e-01
   2.7550000e-01
   1.8373615e-01
   2.3882529e-01
   5.0678724e-01
   5.0198793e-01
   3.2202885e-01
   2.1626034e-01
   2.8752169e-01
   2.9108706e-01
   2.7246156e-01
   3.0529383e-01
   2.5890341e-01
   1.2138562e-01
   3.3578534e-02
   1.2273435e-01
   2.2245006e-01
   1.4682013e-01
   4.3079384e-02
   2.1910466e-02
   7.1604297e-02
   4.2116307e-02
   1.8139875e-02
   2.5014773e-02
   3.2789852e-03
  -5.2475063e-03
  -2.5320657e-02
  -5.6275349e-02
  -1.0498381e-02
   8.7672947e-03
   3.9087847e-02
   8.6254388e-02
   1.3716166e-01
   7.5396352e-02
   6.0146138e-02
   5.1212233e-02
   1.8168602e-02
   2.8812505e-02
   7.8456447e-02
   1.1733553e-01
   9.8760135e-02
   1.1113187e-01
   1.4513072e-01
   1.2763730e-01
   1.0135888e-01
   1.1541610e-01
   9.5964454e-02
   6.3175708e-02
   8.6299039e-02
   1.6121411e-01
   1.5298864e-01
   6.6720359e-02
   5.5526637e-02
   6.6036291e-02
   4.3590926e-02
   3.1365380e-02
   6.0916569e-02
   7.4151203e-02
   9.5680661e-02
   6.6464491e-02
   6.8433076e-02
   6.0133316e-02
   1.1187318e-03
  -4.5106724e-02
   1.2259361e-02
   1.4544073e-01
   4.3619120e-01
   5.7006115e-01
   3.4647197e-01
   1.0090954e-01
   3.2558162e-02
   7.0961430e-03
  -1.8657342e-02
   3.0312188e-02
   4.9917258e-02
   6.5912209e-02
   7.5725578e-02
   1.1323808e-01
   9.4694749e-02
   3.3688519e-02
   4.1771922e-02
   7.7344261e-02
   8.1476592e-02
   6.1127435e-02
   1.3217659e-01
   1.9415461e-01
   1.3344634e-01
   8.2266301e-02
   6.3763753e-02
   1.0884339e-01
   1.0907534e-01
   9.7360402e-02
   1.2313773e-01
   1.6095956e-01
   1.6092387e-01
   9.8165475e-02
   3.4303445e-02
   5.7176031e-02
   6.8605117e-02
   9.8263510e-02
   1.2162525e-01
   1.0448357e-01
   3.8535565e-02
   5.7220669e-03
   6.1555460e-02
   1.0335436e-01
   6.4864561e-02
  -2.8232152e-03
  -8.9596529e-03
   5.0755054e-02
   6.1250508e-02
   8.3574750e-02
   1.1757173e-01
   1.2590504e-01
   8.8581450e-02
   2.8661612e-02
   4.2071465e-02
   4.9017977e-02
   4.0896051e-02
   6.8859570e-02
   2.0321406e-01
   2.7167585e-01
   2.0198229e-01
   6.4695850e-02
   3.9840844e-02
   1.8656602e-02
   1.3505974e-02
   4.4688400e-02
   4.6539392e-02
   5.4639660e-02
   4.6929553e-02
   5.3519532e-02
   4.8507825e-02
   5.2525986e-02
   3.7282623e-02
   3.7518743e-02
   5.8273248e-02
   6.1626937e-02
   1.3304307e-01
   1.6447261e-01
   1.1456587e-01
   5.6916848e-02
   7.3390663e-02
   5.4756619e-02
   5.4175116e-02
   5.3770065e-02
   6.0786344e-02
   3.7047416e-02
   2.9262356e-02
   3.7382822e-02
   1.7437743e-02
   2.5050722e-03
   4.3550890e-02
   9.0446927e-02
   1.1392791e-01
   1.6090302e-01
   1.4414747e-01
   9.8665245e-02
   7.7103399e-02
   4.6731770e-02
   5.2350055e-02
   4.1972011e-02
   4.7705155e-02
   7.1890794e-02
   3.9848842e-02
   6.4905345e-02
   3.9707512e-02
   6.8897279e-03
   3.2103661e-02
   4.3109633e-02
   4.6058651e-02
   8.7602966e-02
   1.5619135e-01
   1.6982253e-01
   9.5940992e-02
   4.8352856e-02
   1.2484933e-02
   2.3155084e-02
   5.0507691e-02
   1.4438108e-01
   2.4159746e-01
   1.9836350e-01
   1.4936036e-01
   1.4318486e-01
   8.6669572e-02
   6.2932156e-02
   5.8507357e-02
   3.3651177e-02
   4.9732417e-02
   5.1815912e-02
   6.3222460e-02
   4.8093792e-02
   9.1139510e-02
   4.3236341e-02
   2.1341087e-02
  -6.1987498e-04
   1.4563217e-02
   4.8408892e-02
   5.1246017e-02
   5.0747745e-02
   8.3124027e-02
   7.1002245e-02
   4.3852083e-02
   2.6934212e-02
   5.3937421e-03
   7.5260736e-02
   6.4883299e-02
   2.8289778e-02
   7.4697629e-02
   1.0379171e-01
   7.3120773e-02
   5.1041245e-02
   3.4165960e-02
   4.9917437e-02
   5.6286506e-02
   3.6163300e-02
   4.0757200e-03
   1.9421155e-02
   1.9001044e-02
   5.5696588e-02
   1.0941822e-01
   1.0092328e-01
   8.8182151e-02
   8.9554437e-02
   6.7602418e-02
   5.1696133e-02
   5.8929011e-02
   7.3168688e-02
   2.8536428e-02
   2.0005466e-02
   4.1074216e-02
   1.3923550e-01
   2.0659916e-01
   2.0278104e-01
   9.3898393e-02
   3.0644584e-02
   1.1115448e-02
   2.2737274e-03
   1.3431142e-01
   4.9776146e-01
   7.8529364e-01
   6.7868280e-01
   4.4446459e-01
   2.3065363e-01
   1.0577960e-01
   4.6463978e-02
   1.6330823e-02
   3.2840747e-02
   1.4624312e-02
   5.2249134e-02
   1.1367729e-01
   1.3701363e-01
   7.8244969e-02
   6.9210075e-02
   1.9643232e-02
   3.0468851e-03
   4.9370058e-02
   6.9277100e-02
   5.1660746e-02
   5.2268736e-02
   5.6365274e-02
   3.2630429e-02
   5.1265132e-02
   7.0977643e-02
   9.7857423e-02
   4.8870105e-02
   3.1460952e-02
   4.6332307e-02
   3.1450607e-02
  -1.1529191e-02
   3.9859869e-02
   2.1356978e-01
   3.6636722e-01
   3.6435032e-01
   2.5752705e-01
   1.8098992e-01
   1.1035217e-01
   9.2624128e-02
   5.4787710e-02
   2.4734249e-02
  -2.9884574e-03
   4.9511688e-03
   1.0987981e-01
   3.6015838e-01
   5.0338632e-01
   4.0740997e-01
   2.3482105e-01
   1.3321050e-01
   6.5579377e-02
   3.2640379e-02
   7.3186949e-02
   2.3588078e-01
   3.5974583e-01
   3.0490455e-01
   2.3623101e-01
   2.1429293e-01
   1.4745994e-01
   1.0122702e-01
   8.8017158e-02
   6.5102121e-03
  -7.5252429e-03
   4.5955230e-02
   2.9930890e-01
   5.9024388e-01
   6.6401392e-01
   4.6926814e-01
   2.6299897e-01
   1.1520723e-01
   4.6155177e-02
   1.3336506e-01
   6.8448043e-01
   1.6764650e+00
   1.9733218e+00
   1.3550904e+00
   8.8739586e-01
   9.8538941e-01
   9.5677871e-01
   6.8006384e-01
   3.7683481e-01
   5.7086289e-02
  -6.2363043e-02
   6.3155377e-01
   3.1705775e+00
   5.7142029e+00
   5.4834790e+00
   3.2802410e+00
   1.2736697e+00
   3.9336118e-01
   1.5290019e-01
   2.0372348e+00
   1.2400331e+01
   2.5710575e+01
   2.5584064e+01
   1.4952055e+01
   5.9087267e+00
   1.6959497e+00
   3.0273020e-01
   1.5109929e-02
  -2.9004151e-02
   1.4011979e-01
   1.3109630e+00
   2.9272733e+00
   3.2887700e+00
   2.2911947e+00
   9.9170190e-01
   2.5027299e-01
  -1.3322441e-01
  -5.9224658e-02
   2.9974061e-01
   4.6563488e-01
   4.8971948e-01
   5.9314132e-01
   4.9989825e-01
   2.4923919e-01
   3.0393230e-02
  -1.2394611e-02
   2.2399629e-02
   3.9711509e-02
   1.1676800e-01
   2.0062837e-01
   1.4075865e-01
   1.4538504e-01
   3.1407848e-01
   5.8871591e-01
   5.9649432e-01
   3.2431999e-01
   1.4681706e-02
   3.2413267e-02
   1.1419150e-01
   1.9047879e-01
   1.8014263e-01
   6.6480495e-02
   6.1069569e-03
  -4.6233350e-04
  -2.2316240e-02
   7.6421492e-02
   1.5299223e-01
   1.6509350e-01
   1.5559216e-01
   1.0110439e-01
   2.4646915e-02
   2.4919130e-02
   1.7590050e-01
   2.5392777e-01
   1.3355538e-01
   3.2084316e-02
   3.8042355e-03
   5.3656310e-02
   1.7490290e-01
   2.5788307e-01
   1.9010541e-01
   5.8132794e-02
  -1.4626674e-01
  -6.0234696e-02
   2.2185430e-01
   5.8344102e-01
   9.1258681e-01
   8.7951374e-01
   4.8201436e-01
   1.2811399e-01
   5.8497399e-02
   7.1084470e-01
   2.0975194e+00
   2.5381029e+00
   1.6003071e+00
   6.4999419e-01
   2.3807229e-01
   5.6908143e-01
   1.2665310e+00
   1.3441528e+00
   8.4153628e-01
   2.9517144e-01
   2.0855290e-01
   2.3617308e-01
   4.9051648e-01
   2.7080541e+00
   6.3242602e+00
   7.0208349e+00
   4.4509058e+00
   1.9603012e+00
   6.1274725e-01
   2.0353203e-01
   8.0251202e-02
   6.1010577e-02
   6.2983863e-02
   3.4468126e-01
   9.4618100e-01
   1.0338312e+00
   6.7802376e-01
   2.9725659e-01
   5.7498313e-02
  -5.3630203e-02
  -2.3181325e-02
   1.4250055e-01
   2.2564442e-01
   2.7685466e-01
   2.6605213e-01
   2.2005236e-01
   3.6230564e-02
  -6.1997063e-03
   2.3147145e-02
   4.3381289e-02
  -1.8438863e-02
   1.3103718e-02
   9.1499500e-02
   8.1439197e-02
   1.0412277e-01
   1.9552191e-01
   2.4315587e-01
   1.8092155e-01
   1.0933962e-01
   8.6668946e-02
   6.2860668e-02
   8.9119360e-02
   1.5886101e-01
   1.4218028e-01
   1.0139879e-01
   5.3614367e-02
   4.2014036e-02
   8.4119946e-02
   6.9976293e-02
   1.1743754e-01
   1.4977856e-01
   1.5775006e-01
   1.7117818e-01
   1.7278340e-01
   1.4087895e-01
   9.5600076e-02
   3.4107771e-02
  -8.1934016e-03
   1.3380680e-02
   1.8613805e-01
   2.5055361e-01
   3.1166351e-01
   1.9184577e-01
   6.5866582e-02
  -5.7409145e-03
   3.5394512e-02
   1.6679855e-01
   3.3921856e-01
   4.7624689e-01
   5.0502598e-01
   3.4214768e-01
   1.0629176e-01
   1.4130528e-01
   3.9839602e-01
   7.5695848e-01
   7.5342286e-01
   3.9750549e-01
   5.0635912e-02
   5.6690555e-02
   6.2687033e-01
   1.5727518e+00
   1.7780522e+00
   1.2528481e+00
   5.2643245e-01
   1.3711406e-01
   6.9182597e-02
   9.8087561e-01
   4.0082731e+00
   6.7763867e+00
   6.1458254e+00
   3.4952281e+00
   1.5821368e+00
   4.9573493e-01
   1.1485187e-01
   1.0102119e-01
   1.8693836e-01
   3.2824588e-01
   6.7996758e-01
   9.8463184e-01
   9.6951228e-01
   6.2281322e-01
   3.3862835e-01
   2.1118733e-01
   1.4539428e-01
   1.2767795e-01
   1.6346520e-01
   2.1406691e-01
   1.9100550e-01
   2.2256842e-01
   1.5860058e-01
   7.7713519e-02
   5.3739067e-02
   4.9016010e-02
   6.8514280e-02
   8.9482874e-02
   9.2337973e-02
   6.0051527e-02
   3.9828144e-02
   7.3096454e-02
   1.0497859e-01
   8.9839123e-02
   7.6108083e-02
   4.3169525e-02
   3.2708521e-03
   4.6592098e-02
   7.3205724e-02
   1.2783237e-01
   6.6241182e-02
   3.8026277e-02
   2.6985807e-02
   2.6755461e-02
   3.6319405e-02
   5.0950449e-02
   8.8668257e-02
   1.0971924e-01
   1.1960559e-01
   8.3437763e-02
   5.3569224e-02
   7.5489409e-02
   2.9021583e-02
  -1.3428635e-02
   3.6704767e-02
   1.3194379e-01
   2.0621161e-01
   2.0908916e-01
   1.9350904e-01
   1.1504380e-01
   7.6567531e-02
   3.0235516e-02
   1.0367002e-01
   1.7069018e-01
   2.5627875e-01
   4.0011191e-01
   2.7044857e-01
   1.8240917e-01
   1.2402015e-01
   2.0705074e-01
   2.7967072e-01
   3.3827075e-01
   3.1178951e-01
   1.8968230e-01
   9.1655023e-02
   1.6267681e-01
   4.7156093e-01
   6.7699641e-01
   5.3904945e-01
   2.7326187e-01
   9.7160265e-02
   9.6673630e-03
   1.7361569e-01
   9.1291183e-01
   1.8497045e+00
   1.9207445e+00
   1.1273056e+00
   5.3074706e-01
   2.7890775e-01
   1.0946894e-01
   5.5987444e-02
   8.6536609e-02
   1.4469989e-01
   2.5248924e-01
   4.1838384e-01
   3.7870115e-01
   2.4877740e-01
   1.5196192e-01
   1.1776755e-01
   6.1193001e-02
   1.0411189e-01
   1.2943755e-01
   1.6535799e-01
   1.3826959e-01
   1.0904484e-01
   8.1459448e-02
   1.4200489e-02
   1.1671185e-02
   1.1566189e-02
   5.2170213e-02
   1.4668120e-02
   2.6473133e-02
   2.4207396e-02
   2.3559576e-02
   3.9087173e-02
   4.7620747e-02
   6.7964956e-02
   8.9337088e-02
   3.9523810e-02
   2.9029379e-02
   4.6847213e-02
   4.2960994e-02
   1.6739521e-02
   4.0511396e-02
   7.4863560e-02
   7.1542263e-02
   5.5268966e-02
   1.0431584e-01
   4.3639991e-02
   7.0073627e-02
   9.9207193e-02
   8.7164916e-02
   1.2717098e-01
   1.2891948e-01
   5.1058948e-02
   2.8036681e-03
   1.9454282e-02
   1.0607356e-01
   1.2667070e-01
   1.0109765e-01
   8.0159478e-02
   8.7041833e-02
   5.5682562e-02
   3.6097597e-02
   5.9142914e-02
   1.1324593e-01
   1.4383666e-01
   1.4031951e-01
   1.2560685e-01
   5.0159011e-02
   1.2087837e-02
   6.5771088e-02
   1.0044470e-01
   1.1662592e-01
   1.3149796e-01
   6.1703503e-02
  -8.9708706e-03
   1.8873936e-02
   1.7187051e-01
   3.0793521e-01
   2.8135884e-01
   2.0748316e-01
   4.2922430e-02
  -3.6041059e-02
   3.8856657e-03
   2.8967470e-01
   6.6828418e-01
   7.6496875e-01
   4.6312439e-01
   2.4388863e-01
   4.7316067e-02
   3.7361871e-04
   7.8564346e-02
   1.3732919e-01
   1.4927620e-01
   1.2057672e-01
   1.4747553e-01
   9.4744697e-02
   7.9554126e-02
   1.4555620e-01
   1.4963962e-01
   1.2226201e-01
   1.2268117e-01
   1.2956978e-01
   7.7710360e-02
   1.0977575e-01
   1.5621114e-01
   1.8851873e-01
   1.8017741e-01
   1.4151073e-01
   5.3332552e-02
   9.0490291e-03
   4.7033876e-02
   1.7372228e-01
   2.6598012e-01
   2.3054628e-01
   1.0684001e-01
  -8.1597921e-03
  -1.9814774e-02
   2.5868177e-02
   2.6567131e-01
   5.9777957e-01
   6.4721435e-01
   4.2971310e-01
   1.9513315e-01
   4.1054085e-02
   1.8089864e-02
   1.5415205e-01
   3.2916227e-01
   3.0697912e-01
   2.0134716e-01
   1.5565275e-01
   1.1031388e-01
   8.3089076e-02
   1.2285382e-01
   1.4417003e-01
   1.2461644e-01
   8.7297045e-02
   1.0083369e-01
   9.9451192e-02
   5.9730809e-02
   4.4400707e-02
   1.4598045e-03
  -3.2156438e-02
  -1.4155916e-02
   4.2535089e-02
   9.9485621e-02
   1.0121544e-01
   4.2278163e-02
   6.9899961e-02
   3.5785902e-02
   3.2391675e-02
   4.6157543e-02
   8.2279399e-02
   5.2072499e-02
   3.1010410e-02
   2.8726215e-02
   2.9511431e-02
   6.3520044e-02
   1.0145536e-01
   1.6975556e-01
   1.7105025e-01
   1.2039431e-01
   6.3492201e-02
   6.2136069e-02
   5.8606137e-02
   9.0600401e-02
   2.0260893e-01
   2.7233532e-01
   2.1150179e-01
   1.1337442e-01
   5.6084651e-02
   6.7199757e-03
   3.0704129e-02
   7.7102810e-02
   8.7026514e-02
   1.0093374e-01
   7.0081629e-02
   6.2071890e-02
   3.1020708e-02
   6.1220340e-02
   7.6081514e-02
   1.1539908e-01
   1.0797127e-01
   1.0690077e-01
   1.0677774e-01
   8.4123239e-02
   1.2719873e-01
   1.6110830e-01
   1.2439431e-01
   9.7340822e-02
   6.0287070e-02
   7.2433643e-02
   7.6666668e-02
   1.0838076e-01
   1.2594683e-01
   7.8005046e-02
   5.9216436e-02
   8.6348899e-02
   1.1341326e-01
   1.3443629e-01
   2.1145959e-01
   3.0117735e-01
   3.2959160e-01
   2.1357253e-01
   1.0087734e-01
   1.2793978e-01
   1.6298078e-01
   1.8439616e-01
   2.3837449e-01
   1.6851428e-01
   1.3810840e-01
   1.6157213e-01
   2.5960663e-01
   3.0409172e-01
   2.6924255e-01
   1.8269384e-01
   1.1601556e-01
   1.1616224e-01
   2.0599851e-01
   4.0699401e-01
   4.6872067e-01
   3.7322396e-01
   2.2148006e-01
   1.2098429e-02
  -4.2959093e-03
   1.9679537e-01
   4.3691003e-01
   5.6147897e-01
   5.0081015e-01
   2.3530082e-01
   1.6454883e-02
  -6.0544917e-03
   3.2184428e-01
   7.2746778e-01
   9.8032075e-01
   8.9835930e-01
   4.7073913e-01
   1.6797169e-01
   8.7530144e-02
   4.5678338e-01
   8.8927335e-01
   8.8375640e-01
   8.5077405e-01
   5.9733748e-01
   4.5204535e-01
   4.7088099e-01
   9.7973257e-01
   1.5304161e+00
   1.5116624e+00
   8.6956900e-01
   3.2188135e-01
   8.5350260e-02
   3.1421426e-01
   1.1535592e+00
   1.8785300e+00
   1.6053909e+00
   9.5179445e-01
   3.5966656e-01
  -5.6776896e-02
   1.8384925e-01
   1.6648688e+00
   3.4286411e+00
   3.6893461e+00
   2.3264911e+00
   1.0135760e+00
   3.1066883e-01
   2.8100491e-01
   1.0830740e+00
   1.7182959e+00
   1.6320045e+00
   1.0625783e+00
   6.8486452e-01
   5.0914180e-01
   5.4215145e-01
   9.9390846e-01
   1.1860800e+00
   9.2219144e-01
   5.6470352e-01
   3.5428458e-01
   2.8744262e-01
   5.3153270e-01
   8.9855164e-01
   9.8999906e-01
   7.0637804e-01
   3.9849553e-01
   2.3133154e-01
   1.5014434e-01
   1.6366345e-01
   1.4446110e-01
   1.1521358e-01
   8.2273252e-02
   1.1348332e-01
   1.3439897e-01
   1.4765833e-01
   2.1678327e-01
   1.6422026e-01
   5.6689508e-02
   5.2049324e-02
   6.1788488e-02
   3.8650617e-02
   6.6781409e-02
   4.7640897e-02
   2.7993632e-02
   2.0747920e-02
   4.7387857e-02
   7.9278946e-02
   1.0171731e-01
   1.2913196e-01
   9.3547925e-02
   6.5442100e-02
   5.9469331e-02
  -1.7908992e-02
   9.0899877e-02
   2.3140535e-01
   2.6684922e-01
   2.9803675e-01
   1.6398560e-01
   7.2436638e-02
   1.2690670e-02
   1.0908139e-01
   1.9793262e-01
   2.5212207e-01
   3.6469030e-01
   3.9271891e-01
   2.6751876e-01
   2.3163995e-01
   3.8741982e-01
   4.7607771e-01
   4.7304434e-01
   2.9444295e-01
   1.4945489e-01
   5.1202953e-02
   2.6717046e-01
   6.0508543e-01
   7.1769261e-01
   5.6735879e-01
   2.6467454e-01
   5.9733178e-02
  -1.1788738e-03
   3.8926515e-01
   1.2635698e+00
   1.7460985e+00
   1.4306945e+00
   7.6207578e-01
   2.0747328e-01
   6.1859816e-02
   2.6312482e-01
   6.0467494e-01
   7.1999276e-01
   5.6212699e-01
   4.1353220e-01
   2.8337374e-01
   1.5156321e-01
   2.8984600e-01
   4.9956307e-01
   3.9738864e-01
   2.5128418e-01
   2.1323410e-01
   1.7627008e-01
   2.2435857e-01
   3.3978409e-01
   4.2864853e-01
   3.7249768e-01
   2.0590468e-01
   1.2066638e-01
   1.1697626e-01
   1.3564305e-01
   1.3277845e-01
   7.4475914e-02
   3.1056738e-02
   4.0847991e-02
   7.5718381e-02
   5.0734147e-02
   2.0679678e-01
   2.4880782e-01
   1.5745342e-01
   5.3677622e-02
   1.2875564e-02
   3.9634388e-02
   6.3226417e-02
   7.3928535e-02
   6.6090539e-02
   3.0739468e-02
   5.4025874e-02
   9.6021354e-02
   1.1816631e-01
   1.6792232e-01
   1.5325399e-01
   1.1647777e-01
   6.9257312e-02
  -3.0978599e-03
   4.6266709e-02
   1.3295630e-01
   1.4073563e-01
   1.0448360e-01
   4.5993388e-02
   2.3210803e-02
   2.5752790e-02
   4.7674764e-02
   8.4531225e-02
   1.7770211e-01
   1.8269350e-01
   1.5575613e-01
   1.1640573e-01
   1.2983775e-01
   1.9360784e-01
   1.6806234e-01
   1.6206974e-01
   1.0096996e-01
   1.3217922e-01
   1.3044769e-01
   2.2153549e-01
   3.6499843e-01
   3.5894832e-01
   2.2509156e-01
   1.0673737e-01
   4.0634081e-02
   9.3492903e-02
   3.4433511e-01
   8.3423233e-01
   8.9848703e-01
   6.2161690e-01
   2.7010593e-01
   2.9486995e-02
   1.5327454e-02
   1.2413156e-01
   3.0878499e-01
   3.1481242e-01
   2.4350837e-01
   2.0935082e-01
   1.2583028e-01
   9.4024763e-02
   2.0458263e-01
   2.3441671e-01
   1.2814975e-01
   6.2310833e-02
   9.9001288e-02
   8.9982338e-02
   1.5615506e-01
   2.4961330e-01
   1.8757665e-01
   1.3104783e-01
   8.0938086e-02
   7.4541800e-02
   6.1094038e-02
   3.7963822e-02
   4.4611845e-02
   7.2829612e-02
   8.0103680e-02
   8.5478440e-02
   7.5302377e-02
   7.7514060e-02
   1.2685999e-01
   6.0744438e-02
   3.4968063e-02
   3.7755709e-02
   3.3716638e-02
   1.8834695e-02
   5.2915245e-02
   3.1061886e-02
   3.3370361e-02
   3.6280952e-02
   6.5065637e-02
   6.0752239e-02
   6.3353285e-02
   9.1151707e-02
   5.9555713e-02
   1.8623751e-02
   3.0074894e-02
   4.8292864e-02
   5.1277295e-02
   5.6928221e-02
   6.6537730e-02
   4.6150509e-02
   1.7687902e-02
   2.2176065e-02
   7.6807342e-02
   3.3502802e-02
   2.1946590e-02
   6.7083068e-02
   7.9737224e-02
   6.1482828e-02
   2.5389040e-02
   6.0185891e-02
   1.0678285e-01
   8.8982925e-02
   6.2670790e-02
   7.5717724e-04
   2.2345390e-02
   4.3340325e-02
   1.0303974e-01
   1.1076880e-01
   6.6827528e-02
   4.8811875e-02
   3.1343371e-02
   3.4737132e-02
   1.6992961e-01
   3.5807616e-01
   3.4625506e-01
   3.0001289e-01
   1.0840398e-01
   2.5728248e-02
   2.2408716e-02
   6.8544805e-02
   1.2022331e-01
   1.3097379e-01
   1.2427530e-01
   8.2350254e-02
   4.3378167e-02
   6.0139548e-02
   1.0847462e-01
   1.0012232e-01
   6.6923082e-02
   2.4422947e-02
   1.7172026e-02
   4.1671086e-02
   1.0899773e-01
   1.2660334e-01
   1.4079213e-01
   8.2693122e-02
   5.5116162e-02
   4.5238938e-02
   5.7926983e-02
   4.2095572e-02
   2.9902335e-02
   2.5056142e-02
   1.7961506e-02
   2.6294146e-02
   2.6192850e-02
   5.2811235e-02
   5.2615203e-02
   4.8697006e-02
   3.0171476e-02
   5.6665715e-02
   2.6073638e-02
   2.7714245e-02
   6.9861971e-03
   5.3534850e-02
   8.0211952e-02
   5.9154991e-02
   2.5646474e-02
   2.4242595e-02
   3.8311146e-02
   5.8782734e-02
   4.0980518e-02
   1.1488776e-02
   8.0738133e-03
   2.2789925e-02
   2.1487378e-02
   3.1205116e-02
   4.2310167e-02
   4.7346964e-02
   5.3655230e-02
   4.6605811e-02
   8.0341846e-03
   2.3266455e-02
   1.7943963e-02
   5.2928198e-02
   2.4276359e-02
   5.5794120e-02
   5.6444205e-02
   6.0173869e-02
   6.0597245e-02
   3.4334581e-02
   5.5464287e-03
   1.3947174e-02
   4.7205113e-02
   6.8022773e-02
   6.9696508e-02
   2.9031029e-02
   2.6368322e-02
   3.3507761e-02
   3.7828058e-02
   7.7266216e-02
   1.4341079e-01
   1.4891371e-01
   1.0517546e-01
   5.6000475e-02
   2.6580147e-02
   6.7095570e-03
   6.3801304e-02
   8.0989949e-02
   7.6603204e-02
   8.2654878e-02
   5.2370276e-02
   3.1343877e-02
   4.3574013e-02
   6.6099450e-02
   5.4407723e-02
   5.2130956e-02
   3.7405815e-02
   2.2452172e-02
   3.3979971e-02
   3.6655471e-02
   5.7688016e-02
   3.8456384e-02
   3.4960177e-02
   2.8425889e-02
   2.1927644e-02
   1.8639419e-02
   1.6876515e-02
   5.1527848e-03
   1.5692670e-02
   2.1279410e-02
   2.1296516e-02
   4.3712620e-02
   3.1686135e-02
   2.7760727e-02
   4.1925099e-02
   4.9669545e-02
   2.5061857e-02
   2.3803899e-02
   4.1382942e-02
   3.0399092e-02
   1.4382558e-02
   1.6507694e-02
   1.9619767e-02
   2.7805628e-02
   5.3600028e-02
   5.4921567e-02
   2.2142272e-02
   2.4992350e-02
   2.1465460e-02
   1.9110033e-02
   2.6831396e-02
   3.0253174e-02
   6.4316094e-02
   2.0959010e-02
   1.3201552e-02
   1.9941963e-02
   2.5881991e-02
   2.9145392e-02
   3.5590619e-02
   3.4300465e-02
   4.2443555e-02
   4.4149760e-02
   3.8543347e-02
   5.0396156e-02
   4.8700813e-02
   4.0475424e-02
   3.3258080e-02
   2.2733493e-02
   2.8674357e-02
   4.3906782e-02
   3.7554648e-02
   4.2893548e-02
   2.8566180e-02
   2.1602675e-02
   2.5452342e-02
   3.4077335e-02
   6.2455017e-02
   3.1177506e-02
   3.0815020e-02
   1.4906691e-02
   2.8163115e-03
   3.2853115e-02
   4.2954590e-02
   3.1578522e-02
   4.8298717e-02
   5.1465936e-02
   4.6438646e-02
   4.1327890e-02
   3.6153954e-02
   1.9534701e-02
   2.2905461e-02
   4.8835799e-02
   6.4868078e-02
   3.7752651e-02
   3.1889576e-02
   3.1287193e-02
   5.8690529e-02
   3.7150428e-02
   9.2417598e-03
   9.5893033e-03
   4.0957644e-03
   2.3423580e-02
   3.5003729e-02
   3.0025976e-02
   2.8365500e-02
   3.1801257e-02
   2.9007399e-02
   2.0072844e-02
   1.4419927e-02
   2.7740061e-02
   2.9218910e-02
   2.6368817e-02
   2.7661553e-02
   3.7676610e-02
   1.6608320e-02
   1.6013730e-02
   2.1694612e-02
   2.3714634e-02
   3.3389345e-02
   2.8251491e-02
   3.3117339e-02
   2.9724075e-02
   3.9071910e-02
   5.4759413e-02
   3.5722014e-02
   3.8914442e-02
   1.5279233e-02
   1.9228579e-02
   2.2275368e-02
   1.3793088e-02
   2.8918020e-02
   1.7032128e-02
   1.6853262e-02
   2.6339445e-02
   4.7101822e-02
   3.4592107e-02
   4.7516439e-02
   2.3310287e-02
   3.4085084e-02
   2.7936451e-02
   1.2666570e-02
   2.1339608e-02
   4.5909535e-02
   2.3655148e-02
   2.9143834e-02
   4.0371828e-02
   4.9570192e-02
   3.2934841e-02
   1.3107648e-02
  -2.4275226e-03
   2.0853363e-02
   3.0132707e-02
   1.6352706e-02
   3.9222766e-02
   3.7784588e-02
   4.2056516e-02
   2.3434874e-02
   1.9737856e-02
   1.7010394e-02
   2.8630113e-02
   5.3872902e-02
   4.0786121e-02
   3.9972652e-02
   5.1747900e-02
   3.1084048e-02
   3.6579441e-02
   4.3980494e-02
   4.9680527e-02
   3.5252824e-02
   3.9282624e-02
   2.3933683e-02
   2.4252662e-02
   3.5466559e-02
   1.2890919e-02
   2.3375470e-02
   3.5281710e-02
   2.8115951e-02
   4.6872769e-02
   3.8574826e-02
   1.2893562e-02
   2.3310515e-03
   5.4547689e-03
   3.3354226e-02
   5.4296665e-02
   4.6779636e-02
   5.2937370e-02
   3.7297193e-02
   4.5403607e-02
   3.7998147e-02
   1.9140156e-02
   3.4709681e-02
   4.9742930e-02
   3.9304879e-02
   7.9545984e-03
   2.4836374e-02
   2.0223845e-02
   1.9903408e-02
   3.7206065e-02
   3.6426306e-02
   5.3842917e-02
   3.6781851e-02
   2.2144381e-02
   9.9608423e-03
   1.7025044e-02
   1.6144115e-02
   4.1989807e-02
   3.1281266e-02
   1.5540703e-02
   1.6616333e-02
   2.5121169e-02
   2.1295061e-02
   4.6791349e-02
   8.0202222e-02
   6.9445789e-02
   5.2454263e-02
   3.4593049e-02
   4.3857899e-02
   5.2283075e-02
   2.9480113e-02
   2.3723457e-02
   5.0282534e-02
   1.0837483e-01
   1.4859723e-01
   1.6797090e-01
   8.2684658e-02
   3.0884810e-02
   9.2363646e-03
   4.1447327e-02
   1.9197199e-01
   4.3665868e-01
   4.1566905e-01
   2.8386691e-01
   1.2382075e-01
   4.6480879e-02
   6.2303938e-02
   1.4201723e-01
   1.9730234e-01
   1.7827061e-01
   1.2762924e-01
   1.2814450e-01
   8.1283554e-02
   4.4439476e-02
   4.4855334e-02
   2.7165212e-02
   6.8211541e-02
   6.6560619e-02
   5.4630972e-02
   6.6279471e-02
   3.5510626e-02
   2.0941725e-02
   4.2306217e-03
   1.7059891e-02
   3.2582711e-02
   5.1608618e-02
   6.1480820e-02
   5.5913657e-02
   3.5962332e-02
   2.0196717e-02
   1.4483519e-02
   4.8604514e-02
   5.1344413e-02
   3.7595768e-02
   5.1882703e-02
   4.1075617e-02
   2.1399856e-02
   1.4467723e-02
   3.8381722e-02
   2.5077503e-02
   2.8879393e-02
   3.8187288e-02
   3.1406004e-02
   3.8187359e-02
   4.2229917e-02
   1.8148957e-02
   2.4208335e-02
   2.1504454e-02
   2.0089556e-02
   2.0606032e-02
   2.9405203e-02
   2.7368603e-02
   3.9404623e-02
   9.4886804e-03
  -1.2633677e-03
   1.2341144e-02
   6.8844603e-03
   1.4397679e-02
   3.4880783e-02
   4.1869842e-02
   2.8762076e-02
   4.1239664e-02
   2.7207803e-02
   2.5138779e-02
   1.7404614e-02
   2.5164220e-02
   3.4753125e-02
   3.0097948e-02
   5.6544978e-02
   4.3137930e-02
   3.5139713e-02
   3.1929839e-02
   1.1154773e-02
   2.8489528e-02
   5.3043835e-02
   1.1396129e-01
   1.2245160e-01
   8.6468384e-02
   6.1691962e-02
   2.6900500e-02
   2.7621144e-02
   5.5458248e-02
   4.9269151e-02
   5.2704878e-02
   3.1027462e-02
   2.6898712e-02
   4.4649266e-02
   4.1753255e-02
   2.0762106e-02
   2.2122856e-02
   1.5598186e-02
   4.4443365e-02
   4.1963156e-02
   1.5722316e-02
   3.0529743e-02
   3.1399637e-02
   7.1023577e-03
  -8.6253695e-04
   2.0820977e-02
   3.1738054e-02
   3.1690355e-02
   4.1415703e-02
   2.6527263e-02
   2.3527687e-02
   2.7042301e-02
   3.1207986e-02
   5.0597183e-02
   8.0268249e-02
   5.8882788e-02
   1.9425886e-02
   2.5571816e-02
   1.9627405e-02
   8.8978000e-03
   2.1046506e-02
   4.3914229e-02
   3.2163285e-02
   2.1415232e-02
   3.7941709e-02
   3.4890518e-02
   3.0445479e-02
   2.4399089e-02
   2.3054948e-02
   2.6360961e-02
   4.3562045e-03
   2.4015784e-02
   3.0125979e-02
   2.5213679e-02
   3.6295209e-02
   5.8064677e-02
   4.7399908e-02
   2.7425438e-02
   2.8435031e-02
   1.1821012e-02
   1.7958544e-02
   2.8567435e-02
   3.5235938e-02
   3.0206256e-02
   2.7866835e-02
   5.9989709e-03
   3.0681841e-02
   3.2751862e-02
   3.5016347e-02
   5.3751841e-02
   4.0534679e-02
   3.0532174e-02
   4.8002284e-02
   2.4798268e-02
   3.9301448e-02
   5.1413480e-02
   7.1592033e-02
   5.7826485e-02
   3.4957524e-02
   3.0397914e-02
   3.6762491e-02
   3.2253534e-02
   4.6339367e-02
   4.8234195e-02
   3.2342434e-02
   4.6806905e-02
   5.0033417e-02
   3.3709209e-02
   2.7244253e-02
   3.4774337e-02
   2.7454656e-02
   2.7933853e-02
   1.9752946e-02
   1.1706686e-02
   1.9649833e-02
   1.9744817e-02
   1.7753491e-02
   3.1691860e-02
   3.5366476e-02
   3.4525089e-02
   2.9121423e-02
   2.2864703e-02
   3.1606264e-02
   1.6369229e-02
   1.5768548e-02
   3.0885220e-02
   1.0942653e-02
   2.0084852e-02
   2.6575122e-02
   2.2011669e-02
   3.3779051e-02
  -2.9468819e-04
   2.7919658e-02
   4.5971569e-02
   4.4343550e-02
   3.0676961e-02
   3.7881449e-02
   1.6641004e-02
   1.5480147e-02
   1.9180615e-02
   2.7126890e-02
   3.8639311e-02
   2.8522599e-02
   2.2784928e-02
   1.3192471e-02
   9.1408268e-03
   7.4627562e-03
   1.2454963e-02
   1.2305127e-02
   2.2781927e-02
   3.1795569e-02
   2.1575352e-02
   2.9399505e-02
   2.8191257e-02
   2.4495311e-02
   1.1458059e-02
   2.2529781e-02
   3.8862880e-02
   1.8744159e-02
   9.8041343e-03
   1.2701167e-02
   1.9520806e-02
   3.2669518e-02
   4.0329654e-02
   4.3107726e-02
   1.7119313e-02
   2.4130858e-02
   3.0900361e-02
   2.2362437e-02
   4.4399314e-02
   2.6906716e-02
   3.0828716e-02
   3.3817694e-02
   2.7004972e-02
   3.2778483e-02
   5.8288090e-02
   2.3941226e-02
  -5.1813049e-04
   1.9735297e-02
   3.2519519e-02
   3.3105507e-02
   4.1931584e-02
   3.5631537e-02
   3.3706773e-02
   2.7184250e-02
   3.7222557e-02
   2.2989161e-02
   2.9016368e-02
   2.3646029e-02
   2.7590064e-02
   2.9942865e-02
   2.2208221e-02
   2.6364481e-02
   2.0872729e-02
   2.4722746e-02
   2.4769416e-02
   3.7323955e-02
   3.6717046e-02
   3.7925851e-02
   2.5361987e-02
   3.2274000e-02
   3.7402026e-02
   2.1708015e-02
   4.2618744e-02
   3.8659032e-02
   1.1192397e-02
   2.6881503e-02
   3.1890851e-02
   1.6851882e-02
   1.9141445e-02
   2.7912328e-02
   2.7902201e-02
   3.3541840e-02
   2.5729617e-02
   1.4049688e-02
   2.4751164e-02
   2.3411771e-02
   2.6159147e-02
   3.1684175e-02
   5.1812332e-02
   3.9443750e-02
   2.9652694e-02
   1.6242011e-02
   3.4250047e-02
   3.5119068e-02
   2.1514649e-02
   1.7385367e-02
   1.8564124e-02
   1.0027143e-02
   1.2906796e-02
   2.3404801e-02
   3.8839374e-02
   3.8151074e-02
   3.2085046e-02
