   5.1973030e-02
   2.5187440e-02
   2.3381762e-02
   6.1147027e-02
   4.5822609e-02
   4.1915189e-02
   4.3226440e-02
   4.2342331e-02
   4.4005364e-02
   2.5285266e-02
   2.0190196e-02
   1.4677906e-02
   3.6170051e-02
   4.8917551e-02
   2.1586122e-02
   2.5216432e-02
   1.4051100e-02
   2.1239839e-02
   5.1035825e-02
   4.3439087e-02
   4.5672655e-02
   6.3317105e-02
   3.7753243e-02
   4.6549711e-02
   3.9055105e-02
   2.4046632e-02
   3.6058027e-02
   2.2419294e-02
   3.9063662e-02
   4.3970663e-02
   5.2941468e-02
   3.9025735e-02
   4.3211088e-02
   1.6833300e-02
   2.1390578e-02
   3.5788946e-02
   5.2485209e-02
   4.7340866e-02
   6.2071815e-02
   2.2372628e-02
   3.7215725e-02
   4.0300019e-02
   3.6240380e-02
   1.0415139e-02
  -1.3468027e-03
   2.1858813e-02
   1.8650742e-02
   3.8620979e-02
   2.4159705e-02
   4.8589922e-02
   4.3657590e-02
   4.5887411e-02
   3.5442032e-02
   5.4933593e-02
   4.4702392e-02
   5.1912144e-02
   6.3430272e-02
   4.5796890e-02
   2.5153792e-02
   2.1039337e-02
   1.2594232e-02
   5.2662306e-02
   4.9529225e-02
   3.8888492e-02
   4.5182884e-02
   6.5027907e-02
   5.8946826e-02
   6.7643240e-02
   2.5019532e-02
   1.8134650e-02
   5.0077949e-02
   5.6469582e-02
   4.4871796e-02
   3.4670413e-02
   1.5604849e-02
   1.1570217e-02
   4.0506318e-02
   9.9803498e-03
   5.2293330e-02
   6.5188557e-02
   3.4199212e-02
   2.3613196e-02
   1.3762075e-02
   4.3774597e-02
   3.4544300e-02
   3.4756396e-02
   2.6595781e-02
   5.6253493e-02
   3.9840426e-02
   5.3722635e-02
   4.5321729e-02
   1.0916864e-02
   2.5239422e-03
   8.2959123e-03
   3.1802423e-02
   3.6069721e-02
   3.9515700e-02
   5.6969125e-02
   7.2280161e-02
   6.1169989e-02
   5.5956434e-02
   3.6707062e-02
   3.0736404e-02
   4.4952869e-02
   2.1642221e-02
   3.2495037e-02
   5.7644952e-02
   6.4910099e-02
   7.2829507e-02
   6.0737226e-02
   4.4990595e-02
   4.3845948e-02
   2.9373601e-02
   8.2053080e-02
   1.4513829e-01
   1.0996599e-01
   8.0328129e-02
   6.5763548e-02
   4.5060162e-02
   7.2844900e-02
   5.8618534e-02
   3.0050356e-02
   2.8959267e-02
   3.1582344e-02
   2.6736045e-02
   3.7538864e-02
   1.7041814e-02
   3.5694860e-02
   4.8844356e-02
   6.6503912e-02
   3.3756711e-02
   1.4257282e-02
   1.7736454e-02
   2.2957113e-02
   3.5545370e-03
   2.7317306e-02
   3.5503402e-02
   3.3460800e-02
   2.1584226e-02
   5.0618220e-02
   1.3306145e-02
  -4.9648602e-03
   1.6850762e-02
   3.9895404e-02
   2.3223545e-02
   1.2539652e-02
   2.7203390e-02
   3.6438476e-02
   4.5091551e-02
   3.5430189e-02
   3.1259403e-02
   4.6713579e-02
   3.5704371e-02
   2.7295345e-02
   5.2999565e-03
   9.1150235e-03
   3.3852637e-02
   4.4247597e-02
   3.5547342e-02
   1.7759446e-02
   3.7868924e-02
   5.9655707e-02
   5.6959927e-02
   1.6450515e-02
  -4.9417173e-03
   1.5347185e-02
   3.6252383e-02
   5.4342773e-02
   5.8761179e-02
   2.5139503e-02
   5.1672412e-03
   5.0659206e-02
   1.0119390e-01
   7.6330245e-02
   6.3518956e-02
   3.8703248e-02
   3.8167015e-02
   3.3905398e-02
   5.3229671e-02
   4.7804397e-02
   5.3796992e-02
   3.7035584e-02
   1.7030219e-02
   1.2793357e-02
   2.9624928e-02
   3.7016604e-02
   5.0348677e-02
   4.9278066e-02
   3.9611772e-02
   4.6556640e-02
   5.2780073e-02
   1.6561709e-02
   7.6330584e-03
   3.4911331e-02
   1.4567799e-02
   1.6479781e-02
   6.0016952e-02
   4.3785639e-02
   4.6896905e-02
   3.7984896e-02
   3.5795968e-02
   2.3480590e-02
   2.3782544e-02
   3.0639909e-02
   4.5061402e-02
   2.0065725e-02
   1.1884434e-02
   3.5218563e-02
   3.5331655e-02
   4.4572983e-02
   2.2683077e-02
   6.6858798e-02
   6.5580912e-02
   5.5568896e-02
   7.3769405e-02
   2.1696309e-02
  -6.5283421e-03
   2.1342969e-02
   4.2046860e-02
   4.9504437e-02
   4.9127609e-02
   1.9107476e-02
   1.8571537e-02
   2.7891280e-02
   5.8178313e-02
   8.1754901e-02
   5.9156951e-02
   3.5979550e-02
   7.3450021e-02
   5.8299616e-02
   7.9109415e-02
   8.1889272e-02
   6.0313150e-02
   4.4382025e-02
   2.9613163e-02
   8.8930495e-02
   1.5590109e-01
   8.5415281e-02
   7.7613063e-02
   7.3323138e-02
   1.0313198e-01
   2.0734389e-01
   1.4619626e-01
   9.8036855e-02
   2.1708034e-02
   2.5092503e-02
   7.4310794e-02
   7.4845247e-02
   1.0245628e-01
   7.6793134e-02
   5.9594125e-02
   7.8841344e-02
   4.2848792e-02
  -5.1878556e-03
   4.6685833e-02
   3.9841380e-02
   4.8122842e-02
   2.8508382e-02
   5.2057352e-02
   4.1362599e-02
   6.0655534e-02
   5.8903571e-02
   6.0776707e-02
   8.9232801e-03
   4.9122795e-02
   2.3645723e-02
   3.4535594e-02
   3.9552312e-02
   7.5902380e-02
   6.1650619e-02
   7.3267616e-02
   4.3001123e-02
   2.6537750e-02
   3.4798604e-02
   6.0514145e-02
   5.7800770e-02
   2.8036578e-02
   2.3432456e-02
   3.3396903e-02
   2.6020538e-02
   3.5371251e-02
   3.1054802e-02
   3.3169042e-02
   4.1880496e-02
   4.4717118e-02
   6.6612832e-02
   5.5709723e-02
   5.2958418e-02
   2.0655418e-02
   2.8229889e-02
   1.7797073e-02
   2.9848373e-02
   2.1327341e-02
   4.7992412e-02
   8.7567419e-02
   8.1852801e-02
   7.1158364e-02
   8.6475253e-02
   6.7806683e-02
   4.4378169e-02
   7.6604173e-02
   8.7384477e-02
   7.3641583e-02
   5.0421897e-02
   4.1637693e-02
   5.5423953e-02
   7.4207895e-02
   4.3163031e-02
   3.0752013e-02
   1.9606652e-02
   5.8279224e-02
   9.2954405e-02
   9.4687611e-02
   4.7418863e-02
   8.3496809e-02
   6.8603463e-02
   4.2576458e-02
   2.8301854e-02
   5.4580323e-02
   6.6269062e-02
   5.8863815e-02
   5.6417510e-02
   6.9070391e-02
   7.5630188e-02
   4.4740714e-02
   2.2418464e-02
   3.6963340e-02
   3.5851590e-02
   6.8013282e-03
   3.7739579e-02
   3.7056554e-02
   4.2883329e-02
   6.1660320e-02
   6.7466110e-02
   7.3988892e-02
   7.1404234e-02
   4.4141471e-02
   5.5121571e-02
   3.2681134e-02
   6.0212355e-02
   5.1892083e-02
   4.4991687e-02
   2.2148209e-02
   2.2256639e-02
   5.2011367e-02
   3.2785382e-02
   4.2323612e-02
   1.2550319e-02
   1.8237980e-02
   2.5763497e-02
   3.6586106e-02
   7.1658999e-02
   3.7917044e-02
   1.9625187e-02
   5.5974092e-02
   5.4772016e-02
   5.1741764e-02
   6.2991962e-02
   3.7366465e-02
   4.6385050e-02
   4.9515851e-02
   3.4978509e-02
   4.0294327e-02
   3.2958038e-02
   6.5140188e-02
   5.8465343e-02
   4.3924507e-02
   5.3966705e-02
   2.2508707e-02
   3.3438947e-02
   4.4897638e-02
   4.9633286e-03
   3.4360901e-02
   9.0007305e-02
   3.3182781e-02
   3.9506551e-02
   7.7761196e-02
   1.2599356e-01
   1.1658242e-01
   8.7234773e-02
   6.2482838e-02
   5.8304835e-02
   8.4720328e-02
   8.4686980e-02
   4.3973275e-02
   1.7736319e-02
   4.7320269e-02
   7.9665601e-02
   5.4612633e-02
   1.8923448e-02
   4.5893233e-02
   5.4769665e-02
   3.1308755e-02
   3.8305152e-02
   5.6726322e-02
   4.8864126e-02
   4.8416150e-03
   3.5342142e-02
   5.6218497e-02
   6.4004391e-02
   1.1361277e-01
   7.2788745e-02
   5.8441043e-02
   3.5132054e-02
   3.5687137e-02
   4.0678386e-02
   5.3333573e-02
   1.0342726e-02
   1.2365408e-02
   5.9292506e-02
   7.0417613e-02
   8.9682229e-02
   5.0829161e-02
   1.4667482e-02
   4.5562506e-02
   8.6028345e-02
   1.2182222e-01
   8.2411714e-02
   8.3399311e-02
   5.6513809e-02
   4.8798177e-02
   7.8653418e-02
   8.1763335e-02
   6.0710654e-02
   3.3718761e-02
   3.6733303e-02
   4.7485441e-02
   3.0692376e-02
   6.1002079e-02
   3.4303907e-02
   5.0743755e-02
   4.5812581e-02
   3.8754385e-02
   3.0906996e-02
   4.5495111e-02
   9.5949098e-02
   3.5137642e-02
  -3.9984910e-03
   1.7864749e-02
   3.8489301e-02
   4.6535708e-02
   3.1799596e-02
   3.1937808e-02
   4.3864049e-02
   6.1689947e-02
   4.7009435e-02
   4.6408515e-02
   6.5664761e-02
   3.6174346e-02
   3.0800413e-02
  -1.9620078e-04
   1.7965747e-02
   4.2989720e-02
   5.2608151e-02
   6.8070844e-02
   7.9758704e-02
   7.3328026e-02
   4.2730108e-02
  -3.6788678e-03
   2.1475380e-02
   3.1597041e-02
   2.3321649e-02
   4.7335349e-02
   4.1335270e-02
   6.3421555e-02
   7.7820554e-02
   6.2493730e-02
   5.6258801e-02
   7.9307921e-02
   4.2662971e-02
   1.4524803e-02
   7.6726619e-03
   3.9854966e-02
   4.3944657e-02
   2.2506762e-02
   2.2163600e-02
   9.2873480e-03
   4.4305447e-02
   5.9682801e-02
   4.9867366e-02
   2.8359476e-02
   3.3293992e-02
   2.8051876e-02
   2.1349743e-02
   4.0881287e-02
   6.0051665e-02
   5.1576551e-02
   1.3216454e-02
  -1.8617784e-03
   4.6888117e-02
   7.1294859e-02
   6.4457148e-02
   7.4117370e-02
   6.9587477e-02
   4.7610912e-02
   9.2250392e-02
   7.6297887e-02
   6.8972997e-02
   4.1791879e-02
   5.1312912e-03
   1.0393471e-03
   3.9135264e-03
   6.6333219e-02
   7.4923560e-02
   2.9045712e-02
   3.3174288e-02
   5.7622861e-02
   4.1099619e-02
   5.6703307e-02
   6.6485927e-02
   5.5188090e-02
   2.2885170e-02
   6.2167246e-02
   4.2748846e-02
   4.2992622e-02
   3.1187108e-02
   4.8114408e-02
   2.5078926e-02
  -9.0579297e-03
   3.2682911e-02
   6.1430689e-02
   5.0526321e-02
   4.6899628e-02
   5.3061843e-02
   6.3312568e-02
   3.6732059e-02
   5.6499328e-02
   5.7424776e-02
   4.0479016e-02
   4.7768876e-02
   3.4742631e-02
   3.3134524e-02
   8.8199735e-02
   6.0377125e-02
   3.1953488e-02
   4.1827168e-02
   3.9025102e-02
   1.3869783e-01
   2.8347766e-01
   1.7409651e-01
   9.2424341e-02
   4.4934567e-02
   5.5478971e-02
   8.2686231e-02
   4.6498105e-02
   4.9745422e-02
   6.0091536e-02
   4.9215995e-02
   2.2443751e-02
   2.9127056e-02
   8.7534338e-02
   1.0126142e-01
   6.4477719e-02
   3.6681417e-02
   3.6946502e-02
   4.1439973e-02
   2.9003246e-02
   6.4319901e-02
   6.2437229e-02
   8.6684570e-02
   1.0209028e-01
   1.4594802e-01
   9.0170205e-02
   2.3800543e-02
   3.9478816e-02
   4.7554267e-03
   3.5537682e-02
   5.8975205e-02
   1.0342831e-01
   8.5037790e-02
   4.9364727e-02
   1.2412476e-02
   1.9827666e-02
   1.5565302e-02
   6.3120328e-02
   5.0241467e-02
   8.8693528e-03
   1.7778331e-02
   2.6527772e-02
  -1.2718566e-02
  -8.1636803e-03
   4.0382780e-02
   4.7734361e-02
   3.8117729e-02
   3.3922415e-02
   2.8691858e-03
   2.5895225e-02
   6.2020406e-02
   2.1364784e-01
   1.6340686e-01
   7.3694974e-02
   5.9851266e-02
   4.7832340e-02
   2.2236459e-02
   2.5477020e-02
   1.4078085e-01
   5.6288075e-01
   7.3091871e-01
   4.1812244e-01
   1.2717003e-01
   1.7085996e-01
   1.6983658e+00
   5.6873364e+00
   5.2773547e+00
   2.1722114e+00
   5.2927369e-01
   1.9785219e-01
   1.3575013e-01
   2.9075485e-01
   8.8621068e-01
   1.0681139e+00
   6.7878366e-01
   2.1078324e-01
   6.3190721e-02
   1.5705137e-01
   2.5724354e-01
   2.6689357e-01
   2.8198308e-01
   1.9673577e-01
   1.3454250e-01
   6.7964673e-02
   5.0212063e-02
   7.3685110e-02
   8.3078600e-02
   1.8019272e-01
   3.2612631e-01
   2.1615547e-01
   6.9750108e-02
   3.9420117e-02
   1.4629522e-02
   3.2777868e-02
   1.5093330e-02
   3.2947939e-02
   4.1273564e-02
   3.6507815e-02
   5.5451632e-02
   2.3922518e-02
   2.0972110e-02
   5.4974150e-02
   8.1055306e-02
   1.6085740e-02
   3.0395323e-02
   3.0251933e-02
   6.0333692e-02
   3.2094955e-02
   6.4478130e-03
  -8.5317288e-03
   1.0110219e-01
   1.9636555e-01
   1.4973107e-01
   8.3903246e-02
   8.1197537e-02
   4.3412831e-01
   6.1499399e-01
   4.0862581e-01
   1.8988067e-01
   1.7206050e-01
   1.6203408e-01
   1.6565430e-01
   1.2337025e-01
   1.2838954e-01
   1.9857244e-01
   7.0036936e-01
   8.6273938e-01
   4.4262922e-01
   1.8285704e-01
   8.1518017e-02
   9.0076700e-02
   6.9621660e-02
   1.8172869e-01
   2.0674501e-01
   1.3935672e-01
   5.7887204e-02
  -1.4847976e-02
   1.9101728e-02
   7.0527852e-02
   1.0146310e-01
   1.1424576e-01
   1.0856034e-01
   6.9937512e-02
   8.1550390e-02
   6.9770530e-02
   6.7813672e-02
   8.5832141e-02
   7.5251974e-02
   6.0803711e-02
   4.0581126e-02
   7.1941726e-02
   5.4630343e-02
   6.3436255e-02
   1.0874359e-01
   9.7032472e-02
   8.8323064e-02
   1.9545209e-02
   5.5460013e-02
   4.0249720e-02
   8.9496277e-02
   1.3027048e-01
   6.8170495e-02
   9.2049383e-02
   5.6040131e-02
   9.4577886e-02
   1.5397738e-01
   1.5164588e-01
   6.4263187e-02
   7.8411192e-02
   1.0026717e-01
   1.3461290e-01
   1.4911640e-01
   1.1225052e-01
   1.2115714e-01
   1.8250722e-01
   1.8882960e-01
   1.3323653e-01
   8.6154699e-02
   2.0353518e-01
   4.1223395e-01
   4.8374104e-01
   2.9912150e-01
   9.4707198e-02
   2.5740114e-01
   1.0388669e+00
   1.2762647e+00
   7.1802443e-01
   2.4770506e-01
   1.1513995e-01
   1.3534380e-01
   1.4405906e-01
   1.9402802e-01
   2.3793334e-01
   1.6925551e-01
   1.0937489e-01
   6.7579091e-02
   4.0252816e-02
  -5.8935480e-03
   1.2198799e-02
   5.0385993e-02
   4.4913620e-02
   5.5098258e-02
   5.3979009e-02
   3.8797379e-02
   5.8864668e-02
   9.5638245e-02
   7.0970550e-02
   6.1686579e-02
   3.9776064e-02
   3.7271503e-02
   6.8753794e-02
   6.8312667e-02
   5.3894524e-02
   3.9427012e-02
   6.8113558e-02
   5.4207560e-02
   6.7877978e-02
   8.0338702e-02
   3.8621783e-02
   5.3707161e-03
   2.4482794e-02
   6.9034927e-02
   5.1489413e-02
   4.2577524e-02
   6.6541493e-02
   5.1882997e-02
   2.9645044e-02
   6.1120495e-02
   5.2136417e-02
   9.9450685e-02
   1.0287148e-01
   5.0026029e-02
   1.6194519e-02
   5.2020930e-02
   4.8272450e-02
   4.0769145e-02
   4.5706142e-02
   6.4705811e-02
   1.3221414e-01
   1.1152845e-01
   5.3116404e-02
   1.0339537e-02
   7.4579313e-02
   2.0065394e-01
   2.2237718e-01
   1.3636948e-01
   7.0950270e-02
   5.9432536e-02
   4.3701433e-02
   4.2899530e-02
   6.4279243e-02
   7.4966446e-02
   2.6356246e-02
   4.0194917e-02
   4.9137581e-02
   4.4208314e-02
   6.0586754e-02
   5.6433447e-02
   4.2721901e-02
   2.2894099e-02
  -2.4653405e-03
   2.2163266e-02
   1.5543371e-02
   2.7894478e-02
   4.8581876e-02
   7.6240852e-02
   2.5832869e-02
   5.0556399e-02
   7.8563191e-02
   4.8729498e-02
   2.6840940e-02
   4.9526613e-02
   8.1934638e-02
   3.9512515e-02
   1.2391916e-02
   4.1854873e-02
   4.8332948e-02
   7.4454829e-02
   5.5960517e-02
   2.1700881e-02
   4.3013908e-02
   6.4593896e-02
   5.6631330e-02
   3.7111714e-02
   3.6886603e-02
   4.1444007e-02
   2.5111701e-02
   4.7843818e-02
   2.4700634e-02
   6.5827027e-02
   1.1005270e-01
   7.7347912e-02
   6.4688653e-02
   3.9422363e-02
   2.9038453e-02
   6.3502789e-02
   8.0724314e-02
   1.0040428e-01
   5.3536683e-02
   2.0875502e-02
   3.8497668e-02
   9.7690187e-02
   7.6091900e-02
   7.1212016e-02
   2.4938023e-02
   3.5696886e-02
   7.3860168e-02
   5.4086994e-02
   5.9497718e-02
   5.7539076e-02
   3.7986882e-02
   6.1720405e-02
   3.0465623e-02
   3.0728260e-02
   5.8952473e-02
   5.6684621e-02
   8.1884183e-02
   8.2394928e-02
   5.3301811e-02
   2.5539219e-02
   3.5822723e-02
   3.7897792e-02
   1.2671845e-02
   1.9958271e-02
   5.5549420e-02
   1.0610431e-01
   1.5549617e-01
   1.7598394e-01
   1.1806656e-01
   7.5736031e-02
   8.9550883e-02
   1.1577457e-01
   1.0549695e-01
   7.7233620e-02
   6.2691838e-02
   5.6662187e-02
   8.4347151e-02
   1.0837180e-01
   5.1986054e-02
   2.5569018e-02
   5.0627518e-02
   3.4013726e-02
   4.2127259e-02
   3.0983634e-02
  -1.2493887e-03
   3.1756401e-02
   5.2804418e-02
   4.8287451e-02
   3.1638082e-02
   7.2016884e-03
   2.8537014e-02
   3.6124729e-02
   4.4914413e-02
   7.1498677e-02
   5.3048164e-02
   6.1374836e-02
   3.3639845e-02
   4.4649127e-03
   3.9063197e-02
   3.1322185e-02
   3.2116845e-02
   2.7478132e-02
   2.5427323e-02
   5.0738841e-02
   4.2146236e-02
   2.8858831e-02
   5.0448053e-02
   4.0184531e-02
   5.5113159e-02
   5.1378883e-02
   6.9405228e-02
   5.5941071e-02
   3.1171819e-02
   5.6681376e-02
   4.6007842e-02
   5.8067106e-02
   3.5715412e-02
   3.9764666e-03
   2.0737696e-02
   4.6495561e-02
   4.6428941e-02
   8.9803129e-02
   9.0240002e-02
   7.1184903e-02
   7.7258199e-02
   5.1517118e-02
   2.1956112e-02
   4.4417635e-02
   6.4291432e-02
   3.5631899e-02
   6.5563209e-02
   4.0053479e-02
   6.1452340e-02
   6.3207947e-02
   4.4979710e-02
   5.2317385e-02
   6.5365970e-02
   7.7865325e-02
   3.1486053e-02
   3.4786925e-02
   5.7977341e-02
   1.0901343e-01
   7.0329137e-02
   3.8668517e-02
   3.9051738e-02
   9.5552742e-02
   1.1870504e-01
   1.3286325e-01
   1.0734112e-01
   1.0064242e-01
   1.1146186e-01
   1.4076501e-01
   1.9102894e-01
   1.2377844e-01
   9.3732521e-02
   2.4806090e-01
   2.5953597e-01
   1.8982050e-01
   1.1251370e-01
   9.0885065e-02
   3.0887964e-01
   5.5080307e-01
   3.2611424e-01
   1.1729360e-01
   1.3061647e-01
   8.2594591e-01
   1.6298298e+00
   1.1788875e+00
   4.1370779e-01
   1.6283791e-01
   6.7344415e-01
   1.1428052e+00
   9.2519981e-01
   5.5872899e-01
   2.7594578e-01
   3.9748639e-01
   3.7962815e-01
   2.4488036e-01
   1.3142590e-01
   1.1593776e-01
   1.9291140e-01
   2.0870480e-01
   1.1799703e-01
   5.0991453e-02
   6.7399420e-02
   7.5207919e-02
   6.3823104e-02
   3.9158851e-02
   2.8171167e-02
   2.9095450e-02
  -2.3574246e-02
  -1.7965702e-02
   1.3325877e-02
   2.2105519e-02
   1.4768968e-02
   7.6610520e-02
   7.9859912e-02
   5.4212112e-02
   2.2725601e-02
   8.6646713e-02
   7.6581247e-02
   6.1234366e-02
   6.6636428e-02
   5.2785333e-02
   1.0664918e-01
   7.8290701e-02
   5.4899398e-03
   1.3982159e-02
   6.7873679e-02
   1.1684392e-01
   9.6227251e-02
   7.2407432e-02
   7.0168853e-02
   6.9540091e-02
   7.5868897e-02
   5.0589271e-02
   8.7642111e-02
   1.3165206e-01
   1.1081189e-01
   4.4943113e-02
   1.4108244e-02
   1.3715975e-01
   3.3465472e-01
   2.4909718e-01
   8.9597613e-02
   5.1984318e-02
   1.0394012e-01
   1.9212781e-01
   1.5840921e-01
   8.7331831e-02
   5.1880971e-02
   9.4734952e-02
   1.3789870e-01
   7.6925471e-02
   6.1008342e-02
   5.5014290e-02
   8.5113138e-02
   7.4240863e-02
   5.3804982e-02
   1.5192279e-02
   1.3809428e-02
   3.5750631e-02
   3.5458248e-02
   6.8158600e-03
  -6.2398640e-03
   2.9424911e-02
   4.1934889e-02
   4.0450435e-02
  -2.7004592e-03
  -9.6923225e-03
  -4.1636461e-03
   1.2492425e-02
   3.9150123e-02
   5.5729799e-02
   1.2033930e-01
   1.2629636e-01
   4.4330765e-02
   3.3618346e-02
   2.6479391e-02
   4.3445569e-02
   6.6825613e-02
   6.3252002e-02
   8.2083710e-02
   5.3940181e-02
   2.0594969e-02
   9.0062760e-02
   1.2822746e-01
   7.9787232e-02
   7.5864993e-02
   8.8053115e-02
   3.5162616e-01
   6.1495560e-01
   5.2528250e-01
   2.3508777e-01
   7.9957083e-02
   1.0043117e-01
   1.7375809e-01
   2.5853011e-01
   3.1401834e-01
   2.0199540e-01
   1.0895512e-01
   5.3522225e-02
   1.4791912e-01
   2.4127133e-01
   1.4979970e-01
   7.1158998e-02
   7.0547216e-02
   7.2617069e-02
   5.8587864e-02
   6.2124249e-02
   6.2434047e-02
   6.8954825e-02
   4.6635989e-02
   1.7849014e-03
  -1.9960286e-02
   1.4186414e-02
   1.8556315e-02
   3.9241958e-02
   3.3460859e-02
   2.4742588e-02
   2.7952539e-02
   2.9944533e-02
   4.1760940e-02
   1.4106466e-02
  -8.4367134e-03
   1.1674946e-02
   9.3221059e-03
   1.8689150e-02
   4.5151144e-02
   3.6793072e-02
   3.6761515e-02
   5.0604027e-02
   4.9926884e-02
   8.6227462e-02
   5.5958532e-02
   1.7928679e-02
   1.9107249e-02
   3.8839899e-02
   3.5586089e-02
   2.7427666e-02
   3.8722664e-02
   7.0808768e-02
   3.1407770e-02
   1.2113881e-02
   1.6361995e-02
   9.6227843e-03
   9.6704707e-02
   1.4197934e-01
   1.1757456e-01
   9.3082055e-02
   7.0610315e-02
   7.6101474e-02
   7.4135929e-02
   8.1099324e-02
   4.7194157e-02
   1.6923128e-02
   1.7860182e-02
   5.5237163e-02
   3.7372891e-02
   4.4351824e-02
   1.5346476e-02
   3.7070688e-02
   7.1463406e-02
   5.9974987e-02
   6.0276918e-02
   2.9173812e-02
   4.8588775e-02
   9.1522671e-02
   6.8525545e-02
   3.1928398e-02
   2.3459364e-02
   1.6522901e-02
   3.0015567e-02
   5.0308067e-02
   6.2928721e-02
   6.0233492e-02
   4.8137486e-02
   3.7190571e-02
   5.1197549e-03
   3.0372309e-02
   6.8703175e-02
   3.9613500e-02
   1.1907682e-02
   4.6882187e-03
   5.9439801e-02
   7.4257195e-02
   2.8772183e-02
   4.8431784e-02
   3.9573330e-02
   4.7290452e-02
   4.7262110e-02
   3.1416323e-02
   5.8768917e-02
   7.1688853e-02
   4.4788491e-02
   5.4792892e-02
   5.1253095e-02
   3.4257680e-02
   6.0357649e-02
   6.3489094e-02
   7.7195659e-02
   7.9749405e-02
   6.1146341e-02
   4.4139821e-02
   2.4351165e-02
   4.0465813e-02
   6.0242798e-02
   3.0856175e-02
   6.0268730e-02
   6.6077732e-02
   4.9598690e-02
   4.4476330e-02
   6.1022662e-02
   6.0409408e-02
   3.0705445e-02
   2.2214063e-02
   7.4547329e-03
   2.0698776e-02
   5.7073280e-02
   5.0878037e-02
   3.8545534e-02
   3.0181386e-02
   2.0878583e-02
   4.4100355e-02
   2.8256780e-02
   2.1874864e-02
   5.1176127e-02
   3.8111378e-02
   2.7402110e-02
   3.6285765e-02
   4.3636736e-02
   4.8229806e-02
   4.2690795e-02
   2.9601479e-02
   2.1118261e-02
   3.2105144e-02
   5.1911402e-02
   3.1688541e-02
   3.8041326e-03
   9.5042745e-03
   2.0251099e-02
   1.2060743e-02
   3.2643389e-02
   3.4783088e-02
   2.8342519e-02
   3.3879895e-02
   1.5680738e-02
   2.3702390e-02
   4.7679607e-02
   3.4972671e-02
   2.8102947e-02
   4.5116458e-02
   2.6271811e-02
   3.8749345e-02
   3.3774063e-02
   6.1514910e-02
   9.6726283e-02
   5.7983290e-02
   5.6210808e-02
   3.8324803e-02
   3.3129536e-02
   3.2199375e-02
   4.2943982e-03
   3.6618393e-02
   4.0475234e-02
   5.2168436e-02
   4.2692352e-02
   2.5874285e-02
   2.5165170e-02
   4.9097456e-02
   4.3436524e-02
   4.7158644e-02
   4.9975943e-02
   4.0302914e-02
   5.5627141e-02
   6.7279600e-02
   4.9601972e-02
   4.6722643e-02
   5.0885640e-02
   2.4823770e-02
   1.0461827e-02
   1.5731907e-02
   1.7867750e-02
   3.9433815e-02
   3.5646599e-02
   6.1521787e-02
   6.5873519e-02
   5.1990889e-02
   5.1816825e-02
   3.9403345e-02
   4.6787191e-02
   4.8117336e-02
   5.0929379e-02
   1.3974992e-02
   4.4908352e-02
   4.5056801e-02
   1.0082507e-02
   3.6077879e-02
   6.4113043e-02
   6.1865695e-02
   4.7071595e-02
   3.3254251e-02
   3.0258549e-02
   2.1753544e-02
   4.4396676e-02
   5.1133614e-02
   6.2050540e-02
   6.7888901e-02
   1.0350301e-01
   7.0125461e-02
   5.1270071e-02
   4.0004272e-02
   1.5837219e-02
   3.8156509e-02
   4.3972403e-02
   4.0558547e-02
   2.8498506e-02
   1.8066471e-02
   5.5542924e-02
   4.3511316e-02
   6.7083359e-02
   8.6616129e-02
   5.6075945e-02
   2.9479040e-02
   2.5990829e-02
   5.9056588e-02
   6.6382967e-02
   6.4119592e-02
   7.2936721e-02
   2.6966654e-02
   6.0073201e-02
   3.6891676e-02
   9.5251324e-03
   2.0100981e-02
   4.1213162e-02
   2.6060771e-02
   6.5700345e-02
   9.0553917e-02
   4.5383438e-02
   2.9190544e-02
   6.3708715e-02
   2.8422168e-02
   3.4120928e-02
   4.9440164e-02
   2.5540879e-02
   2.2566002e-02
   1.1319297e-02
   4.1454058e-02
   3.4590814e-02
   1.2618212e-02
   2.0228117e-03
   5.2175399e-02
   3.6128048e-02
   1.7282777e-02
   2.1952137e-02
   2.7216466e-02
   5.7729725e-02
   9.2324667e-02
   4.5502208e-02
   4.8566867e-02
   3.7874181e-02
   4.9366668e-02
   3.7312135e-02
   3.3460695e-02
   1.0243011e-01
   1.2655082e-01
   4.9398117e-02
   4.2151518e-02
   2.8070065e-01
   8.1196755e-01
   7.0672321e-01
   2.5941673e-01
   1.1047830e-01
   2.2452398e-01
   2.9420185e-01
   2.6410219e-01
   2.2340755e-01
   1.2392449e-01
   8.0973528e-02
   9.0418480e-02
   8.0321983e-02
   9.2730917e-02
   7.4526846e-02
   8.4636010e-02
   2.8972194e-02
   1.1725146e-02
   2.8323984e-02
   3.7077390e-02
   2.6484344e-02
   4.7634516e-02
   3.8085394e-02
   6.2468898e-02
   3.8928676e-02
   7.7300589e-03
   4.0684294e-02
   9.3328133e-02
   5.2839264e-02
   5.6751743e-02
   4.0616389e-02
   5.7409041e-02
   5.7567306e-02
   1.6267804e-02
   2.8470814e-02
   2.2657793e-02
   2.8948402e-02
   9.8913461e-03
   1.0233867e-02
   6.5848804e-03
   1.7837103e-02
   5.5312201e-02
   4.4091370e-02
   5.3752333e-02
   5.6149554e-02
   3.1635512e-02
   6.5654919e-02
   6.2793098e-02
   6.0891062e-02
   5.6393728e-02
   3.4008961e-02
   3.1465769e-02
   5.8063272e-02
   9.2209905e-02
   1.0906157e-01
   5.1666662e-02
   1.0850833e-02
   7.2260411e-03
   5.2162040e-02
   7.4988641e-02
   7.9303525e-02
   2.5772942e-02
   3.2629967e-02
   5.0444450e-02
   5.5098604e-02
   6.5378658e-02
   2.9551694e-02
   2.0171046e-02
  -4.3198043e-03
   7.0124981e-03
   3.3565387e-02
   1.7735867e-02
   3.8822174e-02
   4.6462238e-02
   7.3085412e-02
   5.2515391e-02
   4.9190380e-02
   3.7592325e-02
   3.1899579e-02
   3.4033153e-02
   2.0021286e-02
   2.6151950e-02
   6.0836761e-03
   1.7594237e-02
   4.5844935e-02
   4.4074196e-02
   3.0377194e-02
   3.7823569e-02
   2.6251828e-02
   2.3321092e-02
   1.6554292e-02
   2.1302912e-02
   4.2624418e-02
   8.1197664e-02
   5.6785855e-02
   4.2562604e-02
   2.3155021e-02
   6.3264593e-03
   2.6667036e-02
   2.8218532e-02
   4.0021241e-02
   3.5991702e-02
   4.0279865e-02
   5.3766165e-02
   4.4961981e-02
   4.4559866e-02
   6.3362733e-02
   3.7242632e-02
   1.6205901e-02
   4.0490076e-02
   7.8112148e-02
   7.9311512e-02
   3.4171861e-02
   2.9491208e-02
   4.1525528e-02
   3.8413189e-02
   4.8357081e-02
   4.4342410e-02
   3.1405646e-02
   3.2452766e-02
   1.0985443e-02
   1.2511734e-03
   2.7862348e-02
   2.6547451e-02
   2.2533549e-02
   2.6966881e-02
   1.9087899e-02
   2.5525225e-02
   4.5016278e-02
   1.8239797e-03
   9.1238786e-03
   2.1565884e-02
   5.3220082e-02
   5.2803829e-02
   3.7969343e-02
   5.7149537e-02
   7.7762447e-02
   3.0056529e-02
   4.0099319e-02
   3.2000761e-02
   1.6075609e-02
   3.2227892e-02
   1.4836668e-02
   2.6481997e-02
   2.6923250e-02
   2.8809007e-02
   4.3433707e-02
   4.5422141e-02
   6.3655272e-02
   6.1738022e-02
   4.5286544e-02
   3.1281386e-02
   2.6568269e-02
   2.3563489e-02
   2.4262220e-02
   1.9626813e-02
   4.8853338e-02
   4.5476008e-02
   5.8445610e-02
   7.1869813e-02
   3.2567445e-02
   3.4294423e-02
   2.8508311e-02
   5.1920604e-02
   5.5436883e-02
   3.2214273e-02
   2.0699007e-02
   2.0388372e-02
   7.7367816e-03
   3.8442105e-02
   4.1653719e-02
   2.1392245e-02
   2.5823625e-02
   4.2584732e-02
   4.0711798e-02
   3.9605036e-02
   3.5310280e-02
   2.0357896e-02
   3.1242251e-02
   3.7797824e-02
   2.6192147e-02
   2.0086577e-02
   4.8585564e-02
   2.3974441e-02
   4.9582388e-02
   1.7929006e-02
   3.8145222e-02
   5.1166065e-02
   1.0294687e-02
   1.7431814e-02
   3.3022854e-02
   5.9432123e-02
   4.8631579e-02
   3.2828219e-02
   8.5689686e-03
   3.9986674e-02
   5.8372013e-02
   2.1437524e-02
   4.6103749e-02
   5.7479769e-02
   4.3645758e-02
   6.8671368e-02
   4.4716384e-02
   4.8412841e-02
   5.2263618e-02
   3.3021472e-02
   6.9288043e-03
   2.5518641e-02
   5.3857423e-02
   4.1974168e-02
   2.4954295e-02
   7.4735314e-02
   4.4428907e-02
   4.3248989e-02
   4.5474604e-02
   4.7399189e-02
   2.9446188e-02
   3.3316784e-02
   4.6358793e-03
   4.8449073e-02
   4.9091447e-02
   6.3281864e-02
   5.8897767e-02
   4.8933152e-02
   2.3495918e-02
   4.5723554e-02
   2.0686159e-02
   1.6197072e-02
   4.2294484e-02
   5.9347142e-02
   3.9429072e-02
   3.9598379e-02
   2.9790105e-02
   1.3674801e-02
   9.8954868e-03
   2.8709058e-02
   1.9507689e-02
   2.4578391e-02
   5.5164233e-02
   6.4648174e-02
   5.8114387e-02
   4.7342952e-02
   3.7572831e-02
   5.5441633e-02
   6.0634378e-02
   3.1753574e-02
   3.0803472e-02
   6.5427065e-02
   5.0332058e-02
   6.2801003e-02
   4.0447511e-02
   1.3537372e-02
   1.0011547e-02
   2.7044822e-02
   2.6120307e-02
   3.4921415e-02
   5.6989718e-02
   4.2078510e-02
   4.6277639e-02
   4.5868769e-02
   2.0538077e-02
   2.0532211e-02
   3.7552383e-02
   5.0022207e-02
   6.0833752e-02
   5.7650246e-02
   5.8874790e-02
   7.5177543e-02
   5.8859967e-02
   5.0043542e-02
   3.8375530e-02
   3.0518159e-02
   2.7014745e-02
   3.0361911e-02
   2.3004862e-02
   3.3615988e-02
   2.6381584e-02
   3.6109529e-02
   3.0078094e-02
   3.0742509e-02
   1.3868429e-02
   2.0657340e-02
   4.9370453e-02
   6.6672921e-02
   6.2548585e-02
   4.8871908e-02
   2.9760253e-02
   9.9281725e-03
   2.3589678e-02
   1.2640703e-02
   2.9412180e-03
   3.1666316e-02
   2.6806958e-02
   5.0834611e-02
   5.1151857e-02
   6.5513253e-02
   7.8771248e-02
   4.9134631e-02
   1.8404970e-02
   3.0781694e-02
   4.3065984e-02
   2.8749950e-02
   4.9742844e-02
   3.0781273e-02
   5.1183961e-02
   3.3159256e-02
   1.7923748e-02
   3.9125204e-02
   4.2806961e-02
   3.7287828e-02
   7.4738860e-02
   3.1376023e-02
   1.9658728e-02
   1.3238735e-02
   1.4917647e-02
   3.1875964e-02
   1.2468697e-02
   2.3473965e-02
   2.8569978e-02
   2.0072937e-02
   3.1087877e-02
   2.3357006e-02
   4.3449424e-02
   4.2667564e-02
   2.9115587e-02
   2.4065966e-02
   2.3363255e-02
   4.1300472e-02
   3.4580719e-02
   4.2739533e-02
   1.2947385e-02
   1.9083409e-02
   1.4984464e-02
   2.4736211e-02
   2.2433415e-02
   2.6419580e-02
   1.4099172e-02
   2.6466038e-02
   4.8512880e-02
   3.3510722e-02
   4.1035298e-02
   3.5976257e-02
   5.1936291e-02
   6.0732707e-02
   4.4709358e-02
   2.2831311e-02
   1.0437186e-02
   3.5299521e-02
   3.9504822e-02
   3.6878057e-02
   1.2231243e-02
   3.3074792e-02
   4.8235364e-02
   7.4388377e-02
   5.0384924e-02
   3.5560787e-02
   3.2877754e-02
   2.8132537e-02
   5.9050345e-03
   2.4641722e-02
   1.1637096e-02
   6.2465761e-02
   1.2308825e-01
   1.2073494e-01
   9.3476750e-02
   7.0722766e-02
   6.6999190e-02
   3.3564199e-02
   3.1982549e-02
   2.8219044e-02
   2.6411230e-02
   1.7265815e-02
   3.7094377e-02
   3.9567351e-02
   3.2651763e-02
   1.7144475e-02
   1.3882876e-02
   1.0348519e-02
   4.5365721e-02
   3.2734290e-02
   5.4036286e-03
   3.2842375e-02
   6.6068999e-02
   3.6028236e-02
   4.4528779e-02
   1.7219296e-02
   1.2975911e-02
   3.0930853e-02
   4.1058898e-02
   1.7952889e-02
   1.5541199e-02
   2.4606055e-02
   5.1376171e-02
   2.8368549e-02
   5.3695884e-02
   7.1134008e-02
   8.3203800e-02
   4.2310078e-02
   2.2607004e-02
   8.8259401e-03
   2.8505748e-02
   3.8735766e-02
   5.0158050e-02
   1.1415127e-01
   1.3128620e-01
   1.3454846e-01
   7.4885271e-02
   6.2422007e-02
   2.9489918e-02
   1.1509755e-02
   1.9589567e-03
   2.2758201e-02
   2.9327512e-02
   2.4467023e-02
   2.1695465e-02
   4.5924731e-02
   5.4644648e-02
   4.5318075e-02
   2.5287213e-02
   3.8322177e-02
   5.2125782e-02
   3.1364601e-02
   2.8291253e-02
   2.6253451e-02
   1.3656711e-02
   2.7020512e-02
   2.8536271e-02
   1.2294304e-02
   4.2941957e-03
   4.2942420e-02
   4.1583277e-02
   4.4614442e-02
   4.2394746e-02
   2.8606147e-02
   3.2661568e-02
   2.0602345e-02
   5.0371572e-02
   5.7751521e-02
   5.4373618e-02
   1.8784005e-02
   2.5433159e-02
   4.7604330e-02
   3.1987432e-02
   3.1691585e-02
   3.3320654e-02
   2.9399544e-02
   2.6885414e-02
   4.9829952e-02
   4.3519478e-02
   3.7142608e-02
   3.4003615e-02
   3.9007921e-02
   1.8572595e-02
   2.6562130e-02
   8.6532328e-03
   5.4088128e-03
   3.4935928e-03
   2.4055252e-02
   2.4417551e-02
   1.9490797e-02
   4.5016106e-02
   5.5572119e-02
   6.1680324e-02
   4.6022531e-02
   5.8604952e-02
   5.0244547e-02
   3.0086244e-02
   3.2398582e-02
   3.8616922e-02
   1.9915722e-02
   1.9568613e-02
   4.0453617e-02
   7.1534157e-02
   4.6373945e-02
   1.1766868e-02
   3.0563340e-02
   5.2684925e-02
   4.2927586e-02
   4.2823080e-02
   1.7391540e-02
   3.6806896e-02
   1.6445901e-02
   2.7725959e-02
   5.7179581e-02
   3.8837913e-02
   3.4785792e-02
   4.2029981e-02
   9.2324754e-03
   3.3896330e-03
   1.0430084e-02
   1.3970762e-02
   2.4664363e-02
   6.0410369e-02
   2.6422199e-02
   3.5463937e-02
   1.6329676e-02
   1.5522521e-02
   1.4995634e-02
   3.6175326e-02
   2.7446382e-02
   5.5138287e-03
   4.1328046e-02
   5.8181271e-02
   6.2840343e-02
   4.3735519e-02
   4.2015888e-02
   3.9704196e-02
   1.2904492e-02
   2.9487433e-02
   2.2635888e-02
   3.0882282e-02
   3.8383029e-02
   1.3132222e-02
   4.6846662e-02
   5.4566693e-02
   4.4341940e-02
   2.0761250e-02
   7.1565942e-03
   9.0696011e-03
   3.3246167e-02
   3.6636420e-02
   4.9663164e-02
   2.8477892e-02
   5.1938072e-02
   3.0300697e-02
   3.4132481e-02
   2.0446545e-02
   3.6401436e-02
   4.0778741e-02
   3.6394011e-02
   1.7319683e-02
   6.0303267e-02
   1.8241392e-02
   2.0993060e-02
   3.2936029e-02
   2.6265286e-02
   3.6979664e-02
   4.0132537e-02
   3.4960523e-02
   3.2325115e-02
   2.7702285e-02
   1.2535822e-02
   2.5088359e-02
   3.8708001e-02
   4.7694795e-02
   7.4958757e-02
   5.5679329e-02
   3.1191450e-02
   3.6475960e-02
   4.7015134e-02
   5.8502685e-02
   3.7527982e-02
   4.3000456e-02
   2.2769270e-02
   2.1465292e-02
   2.4664629e-02
   7.4954396e-03
   2.3253770e-03
   3.1591553e-02
   4.7816239e-02
   2.5353530e-02
   3.9518833e-02
   2.9625209e-02
   2.2212116e-02
   1.1607761e-02
   4.0663958e-02
   4.6281725e-02
   3.1158878e-02
   3.8153585e-02
   2.1899216e-02
   9.9434210e-03
   3.0048613e-02
   4.9181480e-02
   3.0464707e-02
   3.8766157e-02
   3.5075519e-02
   3.0627217e-02
   1.9215265e-02
   9.2072496e-03
   3.5911437e-02
   1.5053665e-02
   1.9463418e-02
   4.1339710e-02
   5.4775551e-02
   2.1667276e-02
   1.2649078e-02
   1.6021078e-02
   5.0979592e-02
   4.6571080e-02
   3.6855061e-02
   2.9652108e-02
   2.5525993e-02
   2.4166409e-02
   1.8527616e-02
   1.7680351e-02
   5.5913001e-02
   6.4763762e-02
   3.0037533e-02
   5.7919651e-02
   3.9936282e-02
   3.4172174e-02
   4.8438203e-02
   4.6687663e-02
   4.5280796e-02
   3.5635080e-02
   3.4122866e-02
   1.9889969e-02
   3.4822118e-02
   3.6756270e-02
   5.2942581e-02
   3.1409662e-02
   3.1819411e-02
   3.6088988e-02
   3.3982731e-02
   2.7192902e-02
   7.0622922e-03
   3.2781925e-02
   3.5937250e-02
   9.4298190e-03
   2.1320639e-02
   3.3776805e-02
   3.4950204e-02
   1.7819669e-02
   4.4764645e-02
   3.1940036e-02
   2.5295626e-02
   2.5387832e-03
   1.1663657e-02
   1.7527696e-02
   3.3587743e-02
   1.3065778e-02
   2.5069250e-02
   2.8449059e-02
   4.1197993e-02
   3.4411371e-02
   4.2094916e-02
   2.8225813e-02
   2.7743135e-02
   5.3716645e-02
   4.2956792e-02
   2.8005622e-02
   2.5228623e-02
   3.7616786e-02
   2.9677078e-02
   2.6525127e-02
   3.5535965e-02
   1.9742312e-02
   2.6232960e-02
   5.9473906e-02
   4.4318482e-02
   4.9235847e-02
   4.9215142e-02
   6.2272351e-02
   4.3213520e-02
   6.2023647e-02
   4.5387309e-02
   1.3580473e-02
   2.8488006e-02
   4.5249023e-02
   5.1098179e-02
   4.6425372e-02
   3.2036815e-02
   2.2674227e-02
   6.7812344e-03
   1.0969762e-02
   1.6727332e-02
   1.9284526e-02
   4.6614654e-02
   6.3903421e-02
   5.3541075e-02
   5.0516021e-02
   3.2505337e-02
   8.0790967e-03
   1.7593639e-02
   1.0037846e-02
   1.3374954e-02
   4.7713917e-02
   5.2361853e-02
   5.2036405e-02
   5.6965563e-02
   1.5631778e-02
   6.8101161e-03
   8.8292733e-03
   1.9324370e-02
   6.1955918e-02
   7.7271521e-02
   8.1667170e-02
   5.0348625e-02
   5.3341679e-02
   5.2618567e-02
   3.8533866e-02
   5.5556536e-02
   5.0201077e-02
   7.9803132e-02
   5.8095977e-02
   4.0729977e-02
   3.2681413e-02
   3.3826221e-02
   1.4104090e-02
   6.9563393e-03
   7.9797402e-02
   1.4158256e-01
   7.2119392e-02
   3.8333599e-02
   2.4665898e-02
   4.0517181e-02
   3.7457749e-02
   2.9559772e-02
   1.4145662e-01
   2.4918255e-01
   1.8899851e-01
   7.4081227e-02
   5.3683985e-02
   3.7870504e-02
   1.9961730e-02
   2.6318653e-02
   3.0524982e-02
   4.8042022e-02
   2.9295202e-02
   2.6865046e-02
   6.4293623e-02
   7.5429007e-02
   6.9176085e-02
   4.5722701e-02
   1.9676251e-02
  -2.2770839e-03
   2.1889076e-02
   4.2894341e-02
   2.7263077e-02
   1.8906897e-02
   2.8703721e-02
   4.5235522e-02
   6.0382515e-02
   6.7310274e-02
   5.0711557e-02
   2.1181872e-02
   2.5822857e-02
   4.9718328e-02
   3.8531840e-02
   2.2928070e-02
   1.9188410e-02
   4.4245727e-02
   2.8504526e-02
   1.1539428e-02
   2.1631656e-02
   1.8978026e-02
   4.1874539e-02
   5.4922879e-02
   4.5819756e-02
   5.8895905e-02
   3.0954503e-02
   4.2905558e-02
   4.6431970e-02
   5.2507114e-02
   4.0957633e-02
   3.0086683e-02
   4.5963358e-02
   4.3629710e-02
   4.6682220e-02
   4.9018394e-02
   6.1918672e-02
   4.5861717e-02
   4.2676594e-02
   3.9086662e-02
   7.2614825e-03
   7.5080977e-03
   2.0125503e-02
   1.3860676e-02
   3.0723229e-02
   2.5650751e-02
   3.2307692e-02
   2.3871427e-02
   2.9978139e-02
   3.0042598e-02
   5.4299064e-02
   5.5678744e-02
   6.1215144e-02
   5.7236489e-02
   1.4717967e-02
   1.3743285e-02
   2.4272071e-02
   4.6244826e-02
   1.3157189e-01
   2.2324169e-01
   2.2857144e-01
   2.0686992e-01
   1.4343144e-01
   4.7336627e-02
   3.4150057e-02
   3.1101834e-02
   1.1228470e-01
   1.4010964e-01
   1.2002247e-01
   1.2298177e-01
   8.4732637e-02
   3.5033461e-02
   1.2758404e-03
   9.2567198e-02
   2.5945094e-01
   3.2107708e-01
   2.0698611e-01
   1.2397419e-01
   9.4525419e-02
   4.7397636e-02
   2.0967763e-02
   1.3970375e-01
   5.0431508e-01
   6.2403220e-01
   3.7727964e-01
   1.1048930e-01
   5.5195980e-02
   3.3135670e-03
   2.1347202e-02
   7.2481148e-02
   7.2128631e-02
   6.3436165e-02
   3.8272690e-02
   5.7489041e-02
   6.9382243e-02
   8.7441653e-02
   8.4738553e-02
   1.0614997e-01
   6.8636566e-02
   5.7328675e-02
   3.5261832e-02
   4.5356002e-02
   2.6982948e-02
   3.2751236e-02
   4.4949122e-02
   3.5654392e-02
   3.6490906e-02
   1.8137403e-02
   1.7011244e-02
   2.2714943e-02
   3.8353782e-02
   3.2727286e-02
  -5.3636767e-03
   1.6687324e-02
   4.2762581e-02
   6.1127152e-02
   5.8257565e-02
   3.0703561e-02
   4.4771966e-02
   6.3993849e-02
   3.8558893e-02
   5.3465992e-02
   9.0287983e-02
   9.0301082e-02
   9.4143309e-02
   4.3253653e-02
   2.7284486e-02
   2.3492744e-02
   5.5786800e-03
   3.5127264e-02
   6.7910142e-02
   5.1184461e-02
   3.2075670e-02
   3.4171488e-02
   2.6100973e-02
   1.8474929e-02
   1.5767844e-02
   3.0173149e-02
   2.8826052e-02
   3.0422805e-02
   1.4320957e-02
   3.9917942e-02
   3.0853318e-02
   2.1667624e-02
   6.9541924e-02
   5.4726221e-02
   5.8551591e-02
   4.1561771e-02
   5.6046195e-02
   4.6006694e-02
   1.1192651e-03
   3.9398454e-02
   4.5714244e-02
   3.8777336e-02
   5.1368993e-02
   7.7896722e-02
   8.1503771e-02
   7.8534923e-02
   8.1561476e-02
   8.9606948e-02
   5.2808274e-02
   4.5743644e-02
   1.8664457e-02
   1.4467743e-02
   2.6618905e-02
   9.3151711e-02
   2.3041272e-01
   3.0361778e-01
   1.8396078e-01
   8.4472120e-02
   6.5354131e-02
   3.6157712e-02
   4.0856514e-02
   3.8960394e-02
   1.0956043e-01
   8.1744350e-02
   7.6973379e-02
   7.6874875e-02
   6.9761589e-02
   5.0520565e-02
   2.8606130e-02
   8.4375016e-02
   1.5030400e-01
   1.2393583e-01
   6.2962256e-02
   5.9738543e-02
   4.5401063e-02
   2.9579652e-02
  -1.5919413e-03
   2.4380464e-02
   2.9172396e-02
   1.0385924e-02
   4.7184225e-02
   5.4023795e-02
   4.3214720e-02
   4.6634220e-02
   8.8361152e-02
   9.2371687e-02
   2.2055551e-02
   2.1396967e-02
   3.5243336e-02
   4.1397553e-02
   4.2422630e-02
   2.6680140e-02
   4.8584945e-02
   5.2938458e-02
   3.2391530e-02
   6.5210171e-02
   6.3814014e-02
   7.7848755e-02
   3.8045608e-02
   1.3471706e-02
   2.2672074e-02
   2.9717641e-02
   5.0166298e-02
   4.3859657e-02
   4.0422197e-02
   4.7927212e-02
   2.9321535e-02
   6.0585625e-03
   2.6652869e-02
   3.9234877e-02
   3.7872888e-02
   5.0552618e-02
   4.7638774e-02
   5.0697733e-02
   4.1132264e-02
   2.5316009e-02
   6.6830240e-02
   2.8794821e-02
   2.5975453e-02
   3.1680122e-02
   1.0463790e-02
  -3.1089517e-03
  -2.1391197e-03
   3.6976364e-02
   2.8046755e-02
   1.4383098e-02
   5.7298495e-03
   2.9677162e-02
   3.6866792e-02
   4.9668163e-02
   3.9675474e-02
   6.4402752e-02
   3.9877020e-02
   3.9140228e-02
   9.2586018e-02
   1.8269005e-01
   1.6551647e-01
   1.1152146e-01
   6.6945814e-02
   4.8935030e-02
   2.8388085e-02
   1.6365731e-02
   3.0679408e-02
   5.2520618e-02
   8.7277524e-02
   1.2811011e-01
   1.8639004e-01
   1.3225655e-01
   8.9997791e-02
   1.2546675e-01
   1.1725228e-01
   1.4517960e-01
   1.1607545e-01
   1.3438515e-01
   3.9017063e-01
   5.1846552e-01
   2.6986575e-01
   1.6975838e-01
   1.9179252e-01
   1.5665358e-01
   1.8455170e-01
   1.5484188e-01
   1.2846391e-01
   1.1756076e-01
   4.5392472e-02
   8.9638591e-02
   2.0194212e-01
   9.6933834e-02
   8.6097047e-03
   1.3080078e-02
   3.0256782e-03
   3.6416877e-02
   5.2517362e-02
   1.0514031e-02
  -1.5026691e-02
   2.9433062e-02
   3.9313115e-02
   5.0365746e-02
   1.7518567e-02
  -1.2150270e-02
   8.7393923e-03
   7.8757465e-02
   1.0137290e-01
   7.4641488e-02
   6.0427174e-02
   1.9167863e-02
   1.6029719e-02
   1.3748378e-02
   6.4397857e-02
   1.1427044e-01
   6.8073228e-02
   6.0635533e-02
   4.0841818e-02
   4.0962204e-02
   8.0036141e-02
   8.7136365e-02
   5.7626646e-02
   6.5100409e-02
   6.6458441e-02
   1.7184097e-01
   1.3030212e-01
   5.6530200e-02
   3.5716675e-02
   4.6493698e-02
   6.5080248e-02
   5.1815763e-02
   4.4238225e-02
   5.6625735e-02
   8.1938662e-02
   6.4008698e-02
   3.3119917e-02
   2.8609902e-02
   6.4054271e-03
  -4.8225983e-03
   1.4931198e-02
   1.5238504e-01
   3.8514316e-01
   4.7679979e-01
   3.3354050e-01
   1.6228788e-01
   7.3149569e-02
   2.0026112e-02
   1.0956819e-02
   6.2306523e-03
   1.1706813e-02
   3.1193187e-02
   5.9828889e-02
   1.0663725e-01
   5.0958302e-02
   5.6815874e-02
   5.9998050e-02
   6.0999349e-02
   6.0124144e-02
   5.9783578e-02
   6.2220544e-02
   6.6928662e-02
   6.8139173e-02
   2.8005278e-02
   3.4677591e-02
   1.7495379e-02
   1.5351115e-02
   1.3989995e-02
   3.7357412e-02
   5.4116976e-02
   6.9966532e-02
   8.0329284e-02
   2.4753213e-02
   9.4997585e-03
   7.0459962e-02
   7.4954569e-02
   2.5899056e-02
   4.4824257e-02
   3.2740187e-02
   1.9766610e-02
   2.5772331e-02
   3.2662041e-02
   7.6146528e-02
   4.9573254e-02
   3.6191799e-02
   6.6236198e-02
   7.5174317e-02
   2.3366280e-02
   6.9166191e-02
   1.1184763e-01
   9.5171981e-02
   4.7866460e-02
   1.8337376e-02
   1.4430773e-02
   1.0191785e-02
   7.1956731e-02
   1.4215566e-01
   1.9335054e-01
   1.3027927e-01
   6.6871084e-02
   3.8459837e-02
   1.9144751e-02
   1.2682588e-03
   2.0413930e-02
   3.2671031e-02
   5.9511878e-02
   5.8580942e-02
   8.4257729e-02
   5.8503170e-02
   4.3848690e-02
   8.1651829e-02
   6.1729029e-02
   3.5068981e-02
   2.2865340e-02
   6.0313590e-02
   1.2802574e-01
   1.3786110e-01
   7.1673356e-02
   7.0477970e-02
   5.2761227e-02
   3.6188670e-02
   4.9674112e-02
   4.5805451e-02
   3.7360862e-02
   1.2131000e-02
   1.6729647e-02
   4.8205003e-02
   2.1841124e-02
   5.4742444e-02
   5.5157684e-02
   9.6038036e-02
   1.1563411e-01
   7.1404107e-02
   4.9963694e-02
   1.6107082e-02
   4.1347288e-02
   3.1806394e-02
   5.3730551e-02
   4.4424996e-02
   4.1966185e-02
   7.1283907e-02
   3.5493605e-02
   5.4805368e-02
   5.2437402e-02
   5.4045875e-02
   3.7782196e-02
   5.8442950e-02
   1.1522353e-01
   1.0972422e-01
   1.1468440e-01
   7.2529942e-02
   2.5886333e-02
   5.3674310e-02
   5.4279424e-02
   2.9750830e-02
   9.8827153e-02
   1.9855246e-01
   2.5590470e-01
   1.9460681e-01
   1.0541278e-01
   5.2739456e-02
   2.6524028e-02
   1.3501878e-02
   1.4984818e-02
   4.4273987e-02
   6.7947015e-02
   8.4526792e-02
   8.9987092e-02
   9.4997674e-02
   4.5200702e-02
   3.5755742e-02
   2.9715961e-03
  -4.2402777e-03
   1.2108425e-02
   4.5663897e-02
   1.1042120e-01
   1.7368954e-01
   1.1867006e-01
   4.9525931e-02
   1.7117985e-02
  -4.4822916e-03
   2.0578530e-02
   3.6245454e-02
   3.6405701e-02
   6.6174552e-02
   1.0440387e-01
   8.2774810e-02
   5.4006997e-02
   5.5985939e-02
   2.3359131e-02
   1.9396003e-02
   4.5810945e-02
  -3.5183406e-03
  -1.3860027e-02
   1.6906921e-02
   6.4624533e-02
   8.2749583e-02
   7.0036709e-02
   8.2830921e-02
   7.9510681e-02
   8.5237749e-02
   6.1288670e-02
   4.7755983e-02
   3.0446738e-02
   3.2182686e-02
   2.0728476e-02
   7.0518196e-02
   1.5772817e-01
   2.6127046e-01
   2.1614109e-01
   1.2512228e-01
   1.1705755e-01
   2.4193667e-02
   2.3839653e-02
   1.3953815e-01
   5.9350032e-01
   1.0593276e+00
   8.7198973e-01
   5.1273215e-01
   2.5160655e-01
   8.5675664e-02
   3.2374259e-02
   3.5170730e-02
   3.8994212e-02
   1.6780607e-02
   4.1734498e-02
   1.1857564e-01
   1.5149300e-01
   1.3034964e-01
   1.0577805e-01
   7.6195173e-02
   2.2094699e-02
   2.9633369e-02
   4.3269616e-02
   5.5791650e-02
   7.8988604e-02
   3.3837929e-02
   9.7644767e-03
   3.2971498e-02
   4.5961626e-02
   1.0674676e-01
   1.2283055e-01
   8.7764233e-02
   7.5791143e-02
   4.8331752e-02
   2.1229822e-02
   2.0638606e-02
   1.5937695e-01
   4.1302365e-01
   4.8959872e-01
   3.6240122e-01
   2.0119713e-01
   1.2589426e-01
   6.4408660e-02
   2.7679911e-02
   3.3736341e-02
   4.8424155e-03
   2.6865993e-02
   1.3407889e-01
   2.9989520e-01
   4.1655651e-01
   3.4370172e-01
   2.3173361e-01
   1.3382131e-01
   1.3566854e-02
   2.6045164e-02
   1.0934738e-01
   2.6897532e-01
   3.0031794e-01
   2.6934618e-01
   1.6875549e-01
   1.2732151e-01
   8.6328149e-02
   8.8537745e-02
   2.0465450e-02
   5.7526371e-03
   3.4002790e-03
   9.1764748e-02
   3.1154698e-01
   4.3166932e-01
   4.5928675e-01
   2.8441551e-01
   1.3017449e-01
   4.3673273e-02
  -1.3906092e-02
   1.4551061e-01
   6.6316527e-01
   1.4867522e+00
   1.6457107e+00
   1.1168089e+00
   7.0959383e-01
   6.1187434e-01
   5.8333606e-01
   5.3459501e-01
   2.6152796e-01
  -2.8533466e-02
  -7.5859725e-02
   5.3748548e-01
   2.8703349e+00
   5.2728977e+00
   5.0452900e+00
   2.8035131e+00
   1.0568643e+00
   3.3151338e-01
   2.1963149e-01
   2.4088318e+00
   1.5021605e+01
   3.1647993e+01
   3.1478865e+01
   1.8484121e+01
   7.3762393e+00
   2.3797069e+00
   5.9100491e-01
   1.6553843e-01
   1.0099656e-01
   2.2291937e-01
   1.5841825e+00
   4.0978951e+00
   4.9918900e+00
   3.5602679e+00
   1.8794594e+00
   6.6486889e-01
  -9.4119512e-02
  -7.4644953e-02
   3.1748331e-01
   6.1782259e-01
   7.6744992e-01
   9.4306225e-01
   8.3045536e-01
   5.1865536e-01
   2.6674864e-01
   2.0057489e-01
   3.5311222e-02
  -1.3789649e-02
   9.5663078e-02
   1.6286682e-01
   2.6566440e-01
   3.1315440e-01
   6.9609851e-01
   1.2777237e+00
   1.3077223e+00
   6.1003101e-01
   1.5108052e-01
   7.4543543e-02
   2.0011669e-01
   2.0901717e-01
   1.2700140e-01
   1.4006789e-01
   1.5834138e-01
   1.2568294e-01
   2.1004678e-01
   1.5940380e-01
   1.1455145e-01
   1.9438499e-01
   2.0716330e-01
   9.9966444e-02
   6.3179478e-02
   1.4797181e-01
   2.5822333e-01
   3.2544965e-01
   2.3328033e-01
  -5.6444656e-04
  -6.3476115e-02
   7.9831062e-03
   1.4022292e-01
   2.0430443e-01
   9.3086146e-02
  -3.3288516e-02
  -1.0546397e-01
   1.4357926e-02
   2.6792070e-01
   5.0709999e-01
   8.3611393e-01
   7.9201794e-01
   3.9223003e-01
   3.5800949e-02
   5.2005485e-02
   8.0499274e-01
   2.6616881e+00
   3.1783159e+00
   2.0651200e+00
   9.3842930e-01
   3.2578683e-01
   4.6402463e-01
   9.9290353e-01
   9.7127926e-01
   4.6845275e-01
   1.8524453e-01
   3.2153133e-01
   3.9949191e-01
   5.9053278e-01
   2.2690661e+00
   5.1373520e+00
   5.5319281e+00
   3.4837680e+00
   1.6179621e+00
   5.4661077e-01
   2.1104029e-01
   1.4591621e-01
   1.3755417e-01
   8.4601536e-02
   3.4851313e-01
   7.5106287e-01
   9.7748017e-01
   8.2422507e-01
   4.2620268e-01
   1.4070316e-01
   5.4552272e-02
   3.8293775e-02
   9.1722377e-02
   1.8509471e-01
   2.5072253e-01
   2.5088069e-01
   1.6858391e-01
   6.3889995e-02
   1.0048652e-01
   1.3527441e-01
   4.5283932e-02
   8.2197018e-02
   7.7465005e-02
   8.3990246e-02
   9.4065867e-02
   6.7043684e-02
   1.9636966e-01
   2.1322268e-01
   1.4933120e-01
   8.8475533e-02
   2.9663207e-02
   6.8417527e-02
   9.8293751e-02
   7.0315592e-02
   9.8334774e-02
   6.0173351e-02
   2.0309167e-02
   3.8400713e-02
   2.5836954e-02
   1.0564180e-01
   1.5240210e-01
   1.2958768e-01
   1.1191303e-01
   8.5112840e-02
   7.1789071e-02
   2.4001641e-02
   4.5609549e-02
   6.0535334e-02
   5.9472561e-02
   4.6322461e-02
   8.0222279e-02
   1.8534523e-01
   2.2729264e-01
   1.6729909e-01
   5.4877616e-02
  -1.3557585e-02
   4.2813808e-02
   1.9019945e-01
   2.4193637e-01
   3.7487400e-01
   3.6445659e-01
   1.9279505e-01
   8.9619607e-02
   1.7528756e-01
   3.7743911e-01
   5.0051433e-01
   5.4009795e-01
   3.2760060e-01
   6.7099199e-02
   4.0394012e-02
   5.1366615e-01
   1.3685853e+00
   1.6877798e+00
   1.1998837e+00
   4.9832684e-01
   1.0296974e-01
   1.0167567e-01
   1.0865411e+00
   4.1871858e+00
   6.5959315e+00
   5.4896102e+00
   2.9930785e+00
   1.2937502e+00
   5.1023710e-01
   1.8094118e-01
   1.8188947e-01
   1.0989409e-01
   3.2093337e-01
   7.6242995e-01
   1.0438606e+00
   9.7438151e-01
   6.3913065e-01
   3.3208063e-01
   1.3185787e-01
   5.0038505e-02
   7.6030970e-02
   1.3171346e-01
   2.1417743e-01
   2.1209717e-01
   1.6996297e-01
   1.2700891e-01
   1.0218263e-01
   9.8537251e-02
   8.1597835e-02
   9.1323093e-02
   6.2025186e-02
   1.4426537e-01
   1.3584511e-01
   7.7743061e-02
   6.6212453e-02
   9.9402495e-02
   1.0211275e-01
   5.8464494e-02
   8.2913034e-02
   1.1281787e-01
   6.8679444e-02
   1.1405000e-01
   8.1846938e-02
   2.5702063e-02
   2.2730488e-02
   2.0816986e-02
   2.7557123e-02
   6.7956828e-02
   1.1548481e-01
   1.1891183e-01
   3.9801046e-02
   8.5621342e-02
   8.9034379e-02
   6.3597061e-02
   5.2608896e-02
   2.0714225e-02
   1.1897124e-03
   3.0737143e-02
   5.1800791e-02
   8.6197339e-02
   1.2790249e-01
   8.6944215e-02
   8.1252299e-02
   5.7715137e-02
   2.5202209e-02
   4.8298482e-02
   1.1221032e-01
   1.9379251e-01
   2.2928312e-01
   1.5439005e-01
   9.2127070e-02
   6.9325790e-02
   1.0879849e-01
   1.7013597e-01
   1.9520018e-01
   1.8066037e-01
   7.9100043e-02
   1.7374456e-02
   9.4416134e-02
   2.3171780e-01
   3.2057944e-01
   2.8359142e-01
   1.0204963e-01
   3.9897062e-02
  -3.7269546e-03
   1.3108756e-01
   6.1363125e-01
   1.1036147e+00
   1.1439685e+00
   5.9667218e-01
   2.6000914e-01
   2.0457917e-01
   1.1215383e-01
   6.0679276e-02
   1.7876159e-01
   3.5649440e-01
   3.5051873e-01
   3.4017098e-01
   3.1404355e-01
   2.8290990e-01
   1.9202134e-01
   1.6387545e-01
   1.3900766e-01
   7.2781809e-02
   1.3236380e-01
   1.5301812e-01
   1.3841456e-01
   8.2227558e-02
   2.3905348e-02
   2.0110657e-02
   4.5609526e-02
   4.0042590e-02
   1.4075357e-02
   5.3428218e-02
   4.1719511e-02
   2.5335513e-02
   5.6515262e-02
   8.2838468e-02
   5.4045964e-02
   8.3135307e-02
   7.2391912e-02
   4.8615694e-02
   3.2260787e-02
   2.8832428e-02
   5.4756735e-02
   5.7185210e-02
   6.4795867e-02
   1.0178453e-01
   9.2455186e-02
   5.3428285e-02
   4.3702397e-02
   3.6992121e-02
   6.2346887e-02
   7.6794058e-02
   1.7554641e-01
   2.0446762e-01
   1.5314822e-01
   1.3892759e-01
   1.1831490e-01
   7.8223795e-02
   6.8393581e-02
   9.5523745e-02
   9.7096875e-02
   1.2117399e-01
   9.9611558e-02
   7.3866263e-02
   4.3309283e-02
   2.3992203e-02
   1.0353456e-01
   1.1219025e-01
   1.5510380e-01
   1.0394622e-01
   9.4916895e-02
   7.7134795e-02
   3.4378201e-02
   6.0716700e-02
   5.8026973e-02
   4.3040197e-02
   4.5916442e-02
  -1.2673653e-02
  -8.4421653e-03
   7.8124829e-02
   7.7667035e-02
   8.5007459e-02
   7.8883030e-02
   3.3484403e-02
  -2.0740189e-02
   1.3712984e-02
   1.6113567e-01
   3.4772533e-01
   3.3716553e-01
   1.9448328e-01
   1.4500499e-01
   1.3271871e-01
   7.5416178e-02
   6.1383862e-02
   1.0840560e-01
   1.2364797e-01
   1.3244115e-01
   9.9295788e-02
   6.9601789e-02
   7.9879947e-02
   9.4110422e-02
   9.7167879e-02
   1.3750604e-01
   1.1718157e-01
   7.2763301e-02
   1.7282434e-03
   2.5147803e-02
   9.0868175e-02
   1.4709717e-01
   1.3250870e-01
   9.8053649e-02
   3.6424231e-02
   2.7174158e-02
   8.4444977e-02
   1.9518825e-01
   2.1128753e-01
   1.3203891e-01
   1.0252329e-01
   5.7623673e-02
  -1.9415090e-02
   9.9638859e-03
   2.5371990e-01
   5.6448632e-01
   6.5552372e-01
   4.9721670e-01
   1.9779591e-01
   9.4558544e-02
   2.6390601e-02
   4.6433222e-02
   1.8167257e-01
   2.6206127e-01
   1.6711688e-01
   7.9042874e-02
   8.0708817e-02
   5.0051287e-02
   1.3109040e-01
   1.4066291e-01
   9.8777637e-02
   6.5244399e-02
   4.0322509e-02
   4.8393060e-02
   7.8171611e-02
   4.6485219e-02
   6.3795537e-02
   1.7378032e-02
   4.5877252e-02
   6.1809864e-02
   4.5638643e-02
   5.9104875e-02
   3.6377676e-02
   1.5173932e-02
   5.2909614e-03
   3.0062826e-02
   4.3866098e-02
   9.9161796e-02
   7.0503376e-02
   5.7378057e-02
   4.6611439e-02
   1.5301688e-02
   3.9297577e-02
   7.2341815e-02
   9.0393789e-02
   8.4383793e-02
   8.6821064e-02
   6.6992350e-02
   5.1530666e-04
   6.9831744e-02
   1.5527058e-01
   1.1551858e-01
   1.3607180e-01
   1.0628588e-01
   1.1642164e-01
   9.4522573e-02
   6.6605069e-02
   9.9602230e-02
   4.5632377e-02
   5.7821259e-02
   6.0831122e-02
   1.0708800e-02
   2.8678196e-02
   3.9181147e-02
   6.4112671e-02
   7.7279709e-02
   6.6743717e-02
   7.2975032e-02
   7.9275474e-02
   9.9776506e-02
   5.3359762e-02
   4.0619940e-02
   3.7681773e-02
   5.5580210e-02
   9.9863350e-02
   7.5554423e-02
   9.0272598e-02
   5.6540567e-02
   9.9420294e-02
   7.8967676e-02
   8.0238059e-02
   5.6777429e-02
   9.0564825e-02
   9.0118259e-02
   5.8214311e-02
   9.4572447e-02
   2.0148705e-01
   1.7025173e-01
   1.6370104e-01
   7.5722046e-02
   8.5399393e-03
   4.6599671e-02
   1.3485081e-01
   1.2939031e-01
   1.0814130e-01
   1.3202505e-01
   1.0155965e-01
   1.0299810e-01
   1.4257604e-01
   1.4045532e-01
   1.0399765e-01
   1.5748997e-01
   1.5490657e-01
   2.1027218e-01
   1.8399678e-01
   1.6319169e-01
   1.9068894e-01
   9.6614294e-02
   1.9853722e-02
   4.2716272e-02
   1.1269360e-01
   2.0765781e-01
   2.1282294e-01
   1.9844711e-01
   1.5189016e-01
   9.3881778e-02
   9.7938463e-02
   1.2582350e-01
   3.6861068e-01
   5.1238334e-01
   4.0606633e-01
   2.3230080e-01
   7.5766683e-02
   6.7767911e-02
   2.2082955e-01
   3.6949384e-01
   4.7515184e-01
   4.7461542e-01
   5.3674328e-01
   3.5916781e-01
   2.9914230e-01
   5.9255648e-01
   9.2330444e-01
   8.8969308e-01
   6.6116399e-01
   3.7473089e-01
   2.9601712e-02
   1.2766054e-01
   9.2042732e-01
   1.4488856e+00
   1.0540169e+00
   6.0368055e-01
   2.4111441e-01
   2.1603951e-02
   3.2326546e-01
   1.8537798e+00
   4.1498847e+00
   4.6079555e+00
   3.1643507e+00
   1.3513544e+00
   4.5412862e-01
   2.7585933e-01
   1.0579580e+00
   1.8723261e+00
   1.7767704e+00
   1.4683548e+00
   1.1655365e+00
   8.6013621e-01
   6.1845189e-01
   8.8960612e-01
   1.1129041e+00
   9.3670744e-01
   6.9192934e-01
   4.7472081e-01
   3.2933739e-01
   4.1718739e-01
   6.6604924e-01
   6.8947327e-01
   5.8107960e-01
   3.5784084e-01
   2.3354204e-01
   1.9153407e-01
   1.5725966e-01
   8.7087192e-02
  -3.9419645e-04
   8.6102940e-02
   1.0708592e-01
   8.4469944e-02
   8.8198818e-02
   1.0115975e-01
   1.8532962e-01
   1.8924929e-01
   1.0012192e-01
   5.4026455e-02
  -1.3048791e-02
   4.5417015e-02
   8.1717402e-02
   1.4446640e-01
   1.4635439e-01
   9.8094277e-02
   3.5157908e-02
   1.8631572e-02
   5.6906734e-02
   6.7674033e-02
   6.4852960e-02
   2.8200017e-02
   2.2304853e-02
   9.6298270e-03
   6.0085937e-02
   1.8566604e-01
   3.1170613e-01
   3.1522071e-01
   8.1509009e-02
   5.6350086e-04
   1.4966390e-02
   5.3905562e-02
   1.3777463e-01
   2.7919981e-01
   2.9479262e-01
   1.7322271e-01
   1.1652318e-01
   2.0309579e-01
   2.2040670e-01
   2.1941411e-01
   1.6622788e-01
   7.7598140e-02
   3.9858304e-02
   1.9584957e-01
   3.3610985e-01
   3.4580585e-01
   1.8894155e-01
   7.1229845e-02
   4.0601116e-02
   6.8070237e-03
   2.1023011e-01
   7.9989529e-01
   1.2468594e+00
   9.5318997e-01
   4.7679880e-01
   2.2313887e-01
  -2.5335127e-03
   1.5437408e-01
   4.2865598e-01
   5.0791222e-01
   3.7222850e-01
   3.5486811e-01
   2.3390734e-01
   1.5964338e-01
   1.6033474e-01
   2.5619078e-01
   2.7199271e-01
   2.0387591e-01
   1.6994637e-01
   1.0715532e-01
   6.8634421e-02
   1.8128122e-01
   2.4000353e-01
   2.5992090e-01
   1.6236851e-01
   8.5934788e-02
   6.9103569e-02
   4.5460843e-02
   5.5599093e-02
   5.2033376e-02
   3.6897212e-02
   3.1980447e-02
   7.9779409e-02
   1.2458117e-01
   1.5039235e-01
   1.3706666e-01
   1.4071509e-01
   1.3391627e-01
   9.0622693e-02
   6.2484216e-02
   4.0580738e-02
   1.2310343e-02
   2.8033406e-02
   2.7220553e-02
   4.9419031e-02
   6.2675223e-02
   7.7412233e-02
   6.6286139e-02
   6.5499566e-02
   9.2328988e-02
   2.7688956e-02
   2.9418508e-02
   1.0872868e-01
   1.5657242e-01
   1.2031844e-01
   7.9335399e-02
   5.1433705e-02
   5.5490959e-02
   5.9617460e-02
   5.5216975e-03
  -2.4606785e-02
   4.1396152e-02
   1.7556724e-01
   3.7286440e-01
   4.2832512e-01
   2.7927878e-01
   1.5671313e-01
   9.9103257e-02
   6.6630058e-02
   3.0751896e-01
   1.2481923e+00
   1.9871986e+00
   1.8230090e+00
   1.1043578e+00
   4.8169121e-01
   2.0144625e-01
   1.7979179e-01
   3.5893479e-01
   5.6208080e-01
   6.4806402e-01
   8.0670977e-01
   8.3005303e-01
   5.7498205e-01
   2.7649227e-01
   7.8549109e-02
   4.2145673e-02
   1.6413513e-01
   2.8942871e-01
   3.1485164e-01
   2.3019271e-01
   2.0118602e-01
   1.1965533e-01
   2.9172150e-02
   4.2968661e-02
   7.4613877e-02
   7.5698406e-02
   9.8423108e-02
   1.2281108e-01
   1.1545433e-01
   7.5680532e-02
   1.1795700e-01
   7.1532853e-02
   4.7293674e-02
   6.9325767e-02
   6.6616446e-02
   5.4075889e-02
   3.5978697e-02
   8.7095559e-02
   4.6987984e-02
   1.0098408e-02
   1.5985705e-03
   2.9914811e-02
   4.1354936e-02
   9.3970239e-02
   8.3415650e-02
   1.4988830e-02
   1.0055132e-02
  -6.3144497e-04
  -1.0174566e-02
  -3.2818003e-03
   2.2002339e-02
   2.9768262e-02
   2.0185990e-02
   3.0693952e-02
   4.4232473e-02
   3.6156427e-02
   2.3746070e-02
   4.3229118e-02
   6.3023031e-02
   4.4674840e-02
   5.4958269e-02
   7.0278317e-02
   7.2689950e-02
   3.7963927e-02
   5.4608341e-02
   9.3857229e-02
   6.1257359e-02
   3.5452422e-02
   4.4078238e-02
   3.3257507e-02
   5.7207543e-02
   1.0889676e-01
   6.9978125e-02
   5.1887408e-02
   8.0360711e-05
   3.0981196e-02
   3.2899091e-03
   4.9981702e-02
   1.9158168e-01
   3.1936839e-01
   2.6781145e-01
   1.2037212e-01
   7.2162770e-02
   3.4420833e-02
   5.1933907e-02
   5.3804588e-02
   6.5100692e-02
   7.2837099e-02
   1.3367087e-01
   1.9134675e-01
   1.1737306e-01
   2.7599571e-02
   2.0486927e-02
   7.8491801e-03
   2.8864155e-02
   5.5078402e-02
   8.5549980e-02
   9.5743366e-02
   4.9005721e-02
   4.5874719e-02
   3.9749954e-02
   6.2335122e-02
   6.3378528e-02
   7.6479807e-02
   7.0385456e-02
   4.5258865e-02
   4.2630304e-02
   6.3862376e-02
   3.9540593e-02
   2.5429513e-02
   3.5732564e-02
   5.2512489e-02
   2.2738133e-02
   3.0806955e-02
   4.7967147e-02
   5.2689388e-02
   2.8061438e-02
   1.8914448e-02
   3.3379901e-02
   2.4118682e-02
   3.4400601e-02
   2.6097992e-02
   2.7755698e-02
   2.5362404e-02
   5.7629429e-02
   6.6542298e-02
   5.4125115e-02
   4.4444796e-02
   5.0094254e-02
   9.3324475e-02
   6.9326796e-02
   3.1901672e-02
   4.0845897e-02
   4.6984162e-02
   1.0875699e-02
   5.1616658e-02
   7.0555106e-02
   9.2946477e-02
   8.2669541e-02
   6.3233607e-02
   4.1058142e-02
   3.1038806e-02
   2.6036931e-02
   2.8597204e-02
   1.7888654e-02
   2.2323878e-02
   3.6838610e-02
   5.0086349e-02
   4.7930300e-02
   3.3166703e-02
   2.4833467e-02
   5.5587541e-02
   1.2849461e-02
   3.7004586e-02
   3.2362290e-02
   5.7659086e-02
   9.0736195e-02
   5.0014995e-02
   4.3115895e-02
   3.5677690e-02
   5.0404485e-02
   3.9623939e-02
   2.7341453e-02
   2.0593869e-02
   3.5837643e-02
   6.9796465e-02
   8.7819487e-02
   5.2939966e-02
   4.3717213e-02
   5.4703075e-02
   2.1212475e-02
   4.3947417e-02
   2.1333661e-02
   5.3762667e-02
   6.6840805e-02
   3.7190873e-02
   1.6291983e-02
   9.1385851e-03
   5.6850813e-02
   6.0816482e-02
   4.7943298e-02
   2.3522949e-02
   2.7816946e-02
   4.4633254e-02
   3.1499755e-02
   2.4138894e-02
   3.7500955e-02
   3.6429178e-02
   3.4017622e-02
   2.7077490e-02
   3.1602345e-02
   7.3561199e-02
   5.7737097e-02
   1.9723533e-02
   1.9097164e-02
   2.2717442e-02
   3.2534286e-02
   1.8776298e-02
   5.0183091e-02
   3.6873143e-02
   4.6730239e-02
   2.8198522e-02
   2.6075419e-02
   3.5373285e-02
   5.5408310e-02
   1.7670069e-02
   4.9408078e-02
   4.8493233e-02
   3.6457185e-02
   3.8676627e-02
   1.5578634e-02
   3.6787067e-02
   3.0290624e-02
   4.4030327e-02
   3.8239602e-02
   2.2516701e-02
   2.9570606e-02
   4.8710283e-02
   1.8798206e-02
   4.4330258e-02
   3.9418731e-02
   1.7248528e-02
   3.2619624e-03
   3.5104390e-02
   3.7423842e-02
   2.1968879e-02
   5.4818064e-02
   4.8733953e-02
   3.8556486e-02
   3.5335824e-02
   4.4499539e-02
   6.2780499e-02
   6.6798173e-02
   5.1630504e-02
   4.3452647e-02
   3.4524169e-02
   4.1919734e-02
   2.9138040e-02
   3.3576626e-02
   2.1539127e-02
   4.7310527e-02
   5.3348038e-02
   3.7813645e-02
   4.5407750e-02
   2.3637369e-02
   5.0217055e-02
   3.0314999e-02
   1.3797176e-02
   1.9944120e-02
   1.8758293e-02
   1.7597876e-02
   2.1280933e-02
   3.8324725e-02
   3.8823768e-02
   1.6969968e-02
   2.0853987e-02
   3.5857264e-02
   2.0703206e-02
  -2.4514662e-03
   1.2142460e-02
   4.1387495e-02
   4.5635872e-02
   3.1379737e-02
   9.1363266e-03
   4.5901455e-02
   4.4903614e-02
   3.6684476e-02
   2.6273550e-02
   2.6564972e-02
   5.8775920e-02
   3.5321269e-02
   2.6861196e-02
   1.3186100e-02
   6.7791469e-02
   5.7211481e-02
   3.6339294e-02
   7.6529361e-02
   1.8049590e-02
   5.7288174e-02
   9.3387060e-02
   3.6362752e-02
   2.5011346e-02
   1.8865624e-02
   2.9548360e-02
   1.9071156e-02
   5.2148603e-02
   4.9499039e-02
   3.9163034e-02
   5.7084486e-02
   6.6055261e-02
   4.3190368e-02
   4.8711233e-02
   3.3786368e-02
   1.3103440e-02
   3.7279617e-02
   3.6136750e-02
   2.8925804e-02
   2.0965751e-02
   2.2323769e-02
   2.1862917e-02
   1.9335093e-02
   2.6899900e-02
   4.5044940e-02
   1.8662330e-02
   3.3897694e-02
   1.5083011e-02
   2.8413747e-02
   2.7584262e-02
   2.1946229e-02
   2.8793929e-02
   2.4606638e-02
   2.2181619e-02
   4.3221846e-02
   4.5099627e-02
   3.0874038e-02
   7.0255441e-03
   5.1974904e-02
   6.1232168e-02
   6.5468542e-02
   7.0745178e-02
   5.2580725e-02
   1.1427990e-02
   3.9004803e-02
   4.0779922e-02
   5.4517046e-02
   6.3135907e-02
   8.5887648e-02
   6.5164618e-02
   4.8707273e-02
   1.2675883e-02
   2.4213471e-02
   5.7753369e-02
   6.4751968e-02
   5.5630270e-02
   3.7085958e-02
   1.7559787e-02
   2.5794147e-02
   4.3305658e-02
   2.7457980e-02
   3.4964930e-02
   4.4515442e-02
   4.4379923e-02
   3.6405068e-02
   3.4040835e-02
   3.1430174e-02
   2.9527394e-02
   3.6137518e-02
   4.5671709e-02
   8.4771134e-02
   1.0065167e-01
   7.7401780e-02
   4.9318779e-02
   2.3244586e-02
   2.3756869e-02
   4.7183372e-02
   3.8426496e-02
   3.9575338e-02
   2.7452704e-02
   5.5722941e-02
   2.8291725e-02
   4.5029934e-02
   4.4978470e-02
   2.5075337e-02
   5.5976505e-03
   3.7896730e-02
   2.7137315e-02
   1.5436650e-02
   3.1016067e-02
   4.7134880e-02
   4.2620614e-02
   7.9597391e-02
   3.9807558e-02
   1.8016927e-02
   1.1684612e-02
   5.1106963e-02
   8.3227828e-02
   1.0876786e-01
   1.7125680e-01
   1.2540534e-01
   1.4554328e-01
   1.0325995e-01
   1.1321344e-01
   1.0747827e-01
   7.2715133e-02
   5.9655711e-02
   7.0510350e-02
   2.3516001e-01
   4.6860135e-01
   5.1501352e-01
   2.8188813e-01
   1.0184472e-01
   6.4043269e-02
   1.7922805e-01
   1.0241028e+00
   2.2978079e+00
   2.6357515e+00
   1.6264600e+00
   6.3920033e-01
   1.8592948e-01
   1.6673447e-01
   4.8504680e-01
   6.4977217e-01
   6.4520800e-01
   6.7218930e-01
   5.3426886e-01
   2.3855321e-01
   8.2582392e-02
   3.3754554e-02
   6.6594385e-02
   1.3118322e-01
   2.0349136e-01
   1.6005851e-01
   1.2392633e-01
   1.1978907e-01
   4.5334302e-02
   2.0502122e-02
   4.4385597e-02
   5.3240698e-02
   7.6560430e-02
   5.8689106e-02
   5.8893256e-02
   8.0923945e-02
   2.7729837e-02
   4.1022971e-02
   2.6918516e-02
   7.8513049e-02
   6.6698439e-02
   4.9260646e-02
   4.6300132e-02
   3.3239573e-02
   3.2249779e-02
   3.5995461e-02
   3.2607052e-02
   4.5673035e-02
   2.6468456e-02
   1.6189642e-02
   2.6532389e-02
   3.1674430e-02
   5.1133588e-02
   6.3112952e-02
   5.1020209e-02
   3.4473933e-02
   3.2234250e-03
   3.4236334e-02
   6.3353240e-02
   6.6645950e-02
   6.3622840e-02
   1.9732878e-02
   2.3369849e-02
   3.5445105e-02
   6.9430299e-02
   1.1024435e-01
   9.7915888e-02
   5.7491992e-02
   4.7068272e-02
   3.2707717e-02
   1.2772955e-02
   3.5566691e-02
   1.4224458e-02
   4.6557561e-02
   4.8263971e-02
   8.7359712e-02
   1.1970185e-01
   9.1902293e-02
   4.3928042e-02
   3.4813970e-02
   3.7390545e-02
   1.3569707e-01
   3.5942137e-01
   4.1762421e-01
   2.3650564e-01
   1.1760551e-01
   4.9476195e-02
   4.1883100e-02
   9.8510377e-02
   1.3018559e-01
   1.3667288e-01
   1.5506092e-01
   1.3181496e-01
   1.1403567e-01
   6.2002204e-02
   4.2768665e-02
   2.8088517e-02
   4.2150509e-02
   4.2013742e-02
   5.2356672e-02
   3.2221850e-02
   2.9238423e-02
   5.1511500e-02
   2.0417184e-02
   2.4437090e-02
   2.3169123e-02
   2.2975512e-02
   3.4270316e-02
   3.6614455e-02
   3.2767233e-02
   4.5707833e-02
   3.7111193e-02
   1.1286313e-02
   2.5540343e-02
   4.4398032e-02
   2.5848048e-02
   2.8362004e-02
   4.6992179e-02
   3.5046197e-02
   7.2095902e-03
   2.9637944e-02
   5.2127980e-02
   6.1889630e-02
   4.0489309e-02
   5.0713170e-02
   4.8300937e-02
   4.0729653e-02
   3.1571794e-02
   3.1355791e-02
   3.8086347e-02
   2.3141209e-02
   3.9569348e-02
   5.0721165e-02
   1.3831242e-02
   2.2912821e-02
   1.5773246e-02
   3.4310054e-02
   5.8275986e-02
   6.0368851e-02
   3.7735891e-02
   3.5278656e-02
   6.8190554e-03
   1.7889624e-02
   2.2990949e-02
   6.0362250e-02
   3.2705590e-02
   3.0692613e-02
   1.5664257e-02
   4.2488586e-02
   6.1690070e-02
   5.2953832e-02
   4.7833871e-02
   4.2709734e-02
   4.3608990e-02
   2.6272759e-02
   5.9277166e-02
   1.1689512e-01
   1.4556266e-01
   8.8208713e-02
   3.6944840e-02
   2.0258356e-02
   3.3879668e-02
   8.1650719e-02
   3.9180908e-02
   4.7478098e-02
   7.0342094e-02
   6.6699043e-02
   2.3348246e-02
   1.4749855e-02
   1.8109264e-02
   4.1356485e-02
   5.4902807e-02
   3.3485800e-02
   2.3862220e-02
   2.0513669e-02
   8.0184666e-03
   5.1291972e-05
   1.2187846e-02
   4.3385603e-02
   1.9631535e-02
   2.0482156e-02
   3.2120794e-02
   4.1219100e-02
   3.7509143e-02
   3.5553779e-02
   3.7848212e-02
   5.3950746e-02
   3.7082609e-02
   2.6559727e-02
   5.3620439e-02
   2.4046196e-02
   3.5124134e-02
   3.5879318e-02
   1.1714268e-02
   3.2728069e-02
   2.5867451e-02
   6.8760556e-03
   1.8151099e-02
   1.5972285e-02
   2.7999645e-02
   1.6593264e-02
   2.4984770e-02
   1.3453558e-02
   2.6513372e-02
   5.8103886e-02
   5.8025029e-02
   4.4905100e-02
   4.9811918e-02
   4.9665608e-02
   4.1059941e-02
   4.2618670e-02
   1.1098676e-02
   3.3391133e-02
   4.7808774e-02
   4.6752926e-02
   3.8005050e-02
   2.1209802e-02
   2.8866228e-02
   5.1746871e-02
   2.8747270e-02
   4.0317144e-02
   2.4831409e-02
   3.8986158e-02
   4.0751226e-02
   2.2758774e-02
   4.0695902e-02
   2.0627951e-02
   2.3551991e-02
   1.9965922e-02
   3.3409391e-02
   4.1077711e-02
   2.1184139e-02
   2.2642385e-02
   2.6716188e-02
   3.4083132e-02
   4.4988923e-02
   4.7504775e-02
   3.0690078e-02
   2.4484219e-02
   3.4608111e-02
   3.2881301e-02
   2.5791097e-02
   1.4001138e-02
   3.5864610e-02
   4.2804766e-02
   4.0979020e-02
   1.4466077e-02
   2.2739077e-02
   3.3968292e-02
   1.8533500e-02
   3.2131962e-02
   1.6407466e-02
   4.5097820e-02
   3.8595621e-02
   3.0641349e-02
   3.0479649e-02
   2.4076955e-02
   4.0726844e-02
   2.4982097e-02
   2.5195174e-02
   2.3237038e-02
   1.8835420e-02
   4.2089429e-02
   4.8543204e-02
   3.8472071e-02
   3.1375300e-02
   2.7924119e-02
   2.2785891e-02
   4.7805592e-02
   1.8990720e-02
   3.9617755e-02
   2.2277631e-02
   3.0845342e-02
   2.9505204e-02
   3.3888325e-02
   4.3754816e-02
   2.3810158e-02
   1.5160217e-02
   2.0092409e-02
   1.3001014e-02
   2.9096426e-02
   3.4526300e-02
   8.0589056e-03
   5.2248915e-03
   8.9932559e-03
   1.0950243e-02
   4.5749010e-03
   1.9939970e-02
   2.9714791e-02
   2.1437414e-02
   2.0832460e-02
   3.9134599e-02
   2.3681998e-02
   1.7742712e-02
