   3.5513248e-02
   2.9743521e-02
   3.7071366e-02
   1.3285428e-02
   2.4040639e-02
   1.5268106e-02
   3.5483930e-02
   5.8404226e-02
   4.1782532e-02
   4.0437974e-02
   5.6174852e-02
   5.1728778e-02
   6.1501615e-02
   1.5419274e-02
   4.5847028e-02
   9.2711374e-02
   8.5378155e-02
   8.2862191e-02
   1.0732181e-01
   5.7232294e-02
   4.6056651e-02
   4.7310784e-02
   4.3667451e-02
   2.3247054e-02
   2.5750212e-02
   6.4453579e-02
   9.0503097e-02
   4.4252887e-02
   7.1292549e-02
   9.7585909e-02
   6.3685611e-02
   6.6221759e-02
   3.0697726e-02
   1.3917549e-02
   2.5619913e-02
   3.8776550e-02
   4.8627891e-02
   4.7447622e-02
   6.8777844e-02
   8.2434826e-02
   4.7362652e-02
   7.4783482e-02
   6.0567681e-02
   1.7338069e-02
   1.2343788e-02
   1.7807288e-02
   2.7333193e-02
   4.7980145e-02
   6.7786142e-02
   4.4910546e-02
   4.0299159e-02
   6.6291593e-02
   4.0021356e-02
  -1.2866336e-02
   9.1559701e-03
   3.2349151e-02
   7.7822335e-02
   3.6519952e-02
   2.5356019e-02
   1.8122576e-02
   5.1755130e-02
   7.5448766e-02
   8.2962953e-02
   4.3155450e-02
   5.4391924e-02
   6.0674839e-02
   5.2780077e-02
   4.6566650e-02
   2.2114141e-02
   2.8723689e-02
   7.7222660e-02
   1.0478903e-01
   7.5852275e-02
   5.6644060e-02
   3.4209654e-02
   2.7317550e-02
   4.0269893e-02
   2.9380871e-02
   3.5441056e-02
   3.8481120e-02
   3.7672807e-02
   3.2737155e-02
   2.6838694e-02
   1.6053749e-02
   4.2125605e-02
   3.8799014e-02
   5.2878618e-02
   7.2942689e-02
   4.7188167e-02
   3.7644081e-02
   2.9150281e-02
   2.9442497e-02
   1.8475931e-02
   3.3495933e-02
   2.3471683e-02
   2.7247339e-02
   1.0320164e-01
   1.0204349e-01
   1.0002235e-01
   6.8543278e-02
   3.6639534e-02
   3.4471128e-02
   2.8567011e-02
   2.3806645e-02
   5.7557411e-02
   4.2775225e-02
   3.4813378e-02
   7.8333892e-02
   1.2237732e-01
   1.0218900e-01
   4.3053057e-02
   8.2655801e-03
   4.7146611e-02
   1.8818170e-01
   2.2221024e-01
   1.4800051e-01
   5.4933250e-02
   5.7519466e-02
   1.0873141e-01
   7.9284608e-02
   8.0975987e-02
   5.7910021e-02
   2.0835986e-02
   1.6958689e-02
   3.6260091e-02
   1.2109056e-02
   1.1236874e-02
   4.9950365e-02
   7.9810381e-02
   6.6031456e-02
   5.5261664e-02
   2.3065990e-02
   5.9395969e-02
   9.3124829e-02
   3.3788957e-02
   4.0012442e-02
   3.4024592e-02
   5.3052682e-02
   6.0548980e-02
   8.3965652e-02
   7.5157106e-02
   4.7989771e-02
   3.8594589e-02
   5.7266552e-02
   4.2440809e-02
   3.8997505e-02
   1.5570520e-02
   8.7111350e-03
   5.6776389e-02
   5.8324531e-02
   5.4301634e-02
   4.2714953e-02
   3.8552679e-02
   3.4622043e-02
   3.8890392e-02
   3.0187419e-02
   3.3455834e-02
   4.7027651e-02
   2.9662875e-02
   2.7261617e-02
   3.1115878e-02
   7.0065081e-02
   5.8788788e-02
   4.0013272e-02
   2.5191093e-02
   2.5563918e-02
   3.8717791e-02
   6.4293608e-02
   7.1324274e-02
   3.6637671e-02
   2.4319805e-02
   7.3140062e-02
   1.7071222e-01
   1.2028237e-01
   5.2434232e-02
   1.8301312e-02
   4.0107302e-02
   6.2292796e-02
   3.7865531e-02
   7.6226287e-02
   7.0730604e-02
   3.7439048e-02
   3.8067274e-02
   2.8270898e-02
   2.0837827e-02
   2.6410956e-02
   3.3055726e-02
   1.7394682e-02
   5.4712087e-02
   5.5849258e-02
   5.2822471e-02
   2.0754842e-02
   2.6111485e-02
   2.5172321e-02
  -5.6688366e-03
   2.3876127e-02
   5.3545088e-02
   8.7906897e-02
   8.0512680e-02
   6.0997438e-02
   5.2862581e-02
   5.2846514e-02
   4.0406317e-02
   3.5414603e-02
   5.6892242e-02
   3.6172453e-02
   1.5405380e-02
   4.6536293e-02
   4.4545028e-02
   6.9726035e-02
   6.8318814e-02
   5.5505425e-02
   3.6974087e-02
   4.7129013e-02
   3.7716277e-02
   6.3682050e-02
   5.1366597e-02
   2.6230788e-02
   2.3031222e-02
   4.2776097e-02
   3.0900914e-02
   1.6614959e-02
   2.5166124e-02
   4.3058168e-02
   6.9660023e-02
   8.8070735e-02
   9.6822403e-02
   9.5522761e-02
   7.5204276e-02
   4.1563962e-02
   5.5023242e-02
   7.4565843e-02
   7.2083332e-02
   3.3583965e-02
   4.9592786e-02
   1.2292131e-01
   1.2786716e-01
   1.1939450e-01
   4.1303772e-02
   4.7703963e-02
   1.1688732e-01
   3.4524494e-01
   2.6056460e-01
   5.4846708e-02
   4.2056818e-02
   6.2786050e-02
   7.7710971e-02
   9.2341699e-02
   4.9120180e-02
   6.9898635e-02
   4.3984577e-02
   4.1408136e-02
   2.0044543e-02
   2.4187626e-02
   4.9669087e-02
   3.8852502e-02
   2.9564332e-02
   3.4738898e-02
   7.2835594e-02
   6.7407131e-02
   5.1954366e-02
   1.6271150e-02
   1.3998016e-02
   5.4027062e-02
   3.3908244e-02
   8.8377614e-03
   5.1938519e-02
   4.4441313e-02
   5.5859003e-02
   6.3029639e-02
   3.8762216e-02
   7.3531717e-02
   8.1167072e-02
   5.2358132e-02
   3.2614518e-02
   6.4370334e-02
   5.1229537e-02
   3.0941986e-02
   1.1261043e-02
   3.8735416e-02
   1.6546655e-02
   3.8648315e-02
   4.8535533e-02
   5.3818393e-02
   3.7414160e-02
   5.0906785e-02
   4.4498913e-02
   6.0801454e-02
   5.1983166e-02
   2.9189778e-02
   2.6344288e-02
   9.9119665e-03
   2.1385554e-02
   1.0846618e-02
   3.6350094e-02
   5.3961288e-02
   4.8058048e-02
   6.9437355e-02
   5.1248938e-02
   4.0436108e-02
   1.3053648e-01
   1.6486488e-01
   1.2726156e-01
   5.8948290e-02
   5.3051367e-02
   7.7761970e-02
   9.4712265e-02
   4.4365980e-02
   1.9041331e-02
   4.7046781e-02
   4.4469230e-02
   1.0840556e-01
   1.0587004e-01
   4.7437545e-02
   4.9519870e-02
   8.8326499e-02
   6.8372592e-02
   2.7812533e-02
   2.4446944e-02
   5.4912340e-02
   3.9452489e-02
   4.3905798e-02
   3.6420088e-02
   2.6941152e-02
   5.1621988e-02
   6.8118483e-02
   7.0373848e-02
   6.5462254e-02
   6.6290222e-02
   6.1400492e-02
   3.8130771e-02
   2.3163676e-02
   2.1304574e-03
   6.1165027e-02
   1.2078028e-01
   3.9831359e-02
   3.8736347e-02
   3.3751938e-02
   1.1085598e-02
   2.6805693e-02
   3.7344970e-02
   1.3503543e-02
  -2.3730199e-03
   5.8841135e-02
   7.9295464e-02
   3.3075828e-02
   5.3303249e-02
   3.3337515e-02
   2.6034590e-02
   2.6303045e-02
   4.3745764e-02
   3.7212182e-02
   1.8024314e-02
   1.7005090e-02
   4.6220213e-02
   8.0499277e-02
   8.9750379e-02
   8.5476384e-02
   1.0046276e-01
   4.0707864e-02
   4.1756563e-02
   1.7141216e-02
   3.1022459e-02
   5.0701097e-02
   1.1228671e-01
   9.7754173e-02
   6.6475242e-02
   4.1494709e-02
   6.0787462e-02
   3.0909412e-02
   2.2330943e-02
   3.2516528e-02
   4.5437139e-02
   5.3969335e-02
   7.8769639e-02
   8.4244773e-02
   4.7889009e-02
   5.1330172e-02
   6.2871724e-02
   1.5198572e-02
   1.6602781e-02
   3.7392538e-02
   6.9062717e-02
   4.1358512e-02
   5.2105542e-03
  -1.0040259e-03
   2.2960633e-02
   3.2517690e-02
   1.9347569e-02
   2.6055092e-02
   3.0364519e-02
   3.8722023e-02
   7.0932940e-02
   8.8724107e-02
   6.2616728e-02
   5.0526593e-02
   5.0198779e-02
   4.7193106e-02
   6.8320274e-02
   7.2493084e-02
   6.4570338e-02
   6.6410333e-02
   6.5603592e-02
   4.2751342e-02
   2.3842322e-02
   3.2595303e-02
   4.8080917e-02
   2.9836237e-02
   4.9348772e-02
   6.0066443e-02
   7.1589909e-02
   6.7872368e-02
   7.7948429e-02
   2.4280718e-02
   5.0520599e-02
   1.3178752e-01
   9.2240833e-02
   6.0525209e-02
   5.7347309e-02
   8.3229788e-02
   5.7825543e-02
   5.4670010e-02
   3.7819404e-02
   2.8775649e-02
   4.7537919e-02
   3.5729080e-02
   2.3124741e-02
   1.7265396e-02
   5.9185673e-02
   4.5882501e-02
   2.2572124e-02
   2.1244604e-02
   2.0580043e-03
   4.2664375e-02
   2.6878394e-02
   2.1290284e-02
   3.8773265e-02
   3.4095097e-02
   1.1807782e-02
   2.3890195e-02
   6.1415967e-02
   4.6206083e-02
   3.2892834e-02
   3.6451399e-02
   5.5399165e-02
   8.2964078e-02
   2.5405861e-02
   4.2257037e-02
   6.4760275e-02
   3.5908595e-02
   2.9384110e-02
   3.4033548e-02
   3.3921815e-02
   7.1147613e-02
   6.1571665e-02
   4.6731677e-02
   4.5417059e-02
   5.1314354e-02
   2.9814590e-02
   2.3563148e-02
   2.7107690e-02
   5.9088122e-02
   1.4683375e-02
   5.0062039e-03
   4.0533770e-02
   6.0153481e-02
   5.6115292e-02
   7.6776408e-02
   7.5620405e-02
   3.9367560e-02
   5.2480038e-02
   4.3417450e-02
   5.4970253e-02
   6.0994770e-02
   5.9382331e-02
   9.9119917e-02
   8.8602751e-02
   1.1639443e-01
   5.4434501e-02
   4.6307243e-02
   4.2411305e-02
   4.4454511e-02
   1.3818858e-02
   4.0028095e-02
   7.1639389e-02
   5.7607919e-02
   6.3138083e-02
   8.7049268e-02
   3.9558448e-02
   4.1260641e-02
   6.5770343e-02
   3.6992516e-02
   3.5051309e-02
   5.2557483e-02
   3.9341897e-02
   8.1833884e-02
   9.6213207e-02
   3.5063405e-02
   1.9484760e-02
   4.3060128e-02
   2.9857172e-02
   2.6980231e-02
   6.1195455e-02
   1.1883129e-01
   7.1541972e-02
   4.3301146e-02
   5.5895910e-02
   3.7025947e-02
   7.2338454e-02
   6.1040640e-02
   4.3504402e-02
   4.2057697e-02
   7.6558016e-02
   5.1254857e-02
   3.1328361e-02
   2.3375060e-02
   1.5898174e-02
   6.4546452e-03
   2.6556619e-02
   9.6479729e-02
   6.5408409e-02
   3.8450934e-02
   2.7991112e-02
   7.1292847e-02
   6.5154508e-02
   6.2569223e-02
   6.9345482e-02
   5.0258618e-02
   2.2490071e-02
   2.3061946e-02
   4.0600799e-02
   5.5291168e-02
   9.0467565e-02
   1.0800578e-01
   5.1095437e-02
   4.7065217e-02
   5.9394870e-02
   1.5245879e-01
   2.7983177e-01
   1.6765483e-01
   8.3147705e-02
   5.9425931e-02
   3.3183455e-02
   6.0658292e-03
   2.4624454e-02
   2.6891019e-02
   4.2832758e-02
   1.2178175e-02
   4.1015618e-02
   8.7123215e-02
   7.4482396e-02
   6.0303371e-02
   4.5467071e-02
   5.0584767e-02
   4.6029698e-02
   6.7440473e-02
   9.7436763e-02
   9.8022260e-02
   7.7159293e-02
   8.3665945e-02
   2.0590363e-01
   2.3805027e-01
   1.1622171e-01
   3.2543655e-02
   1.3968383e-02
   6.2162161e-02
   2.7694115e-02
   5.0633773e-02
   1.2618721e-01
   1.4739299e-01
   8.0857024e-02
   4.9592849e-02
   4.5665827e-02
   8.3330207e-02
   1.0999686e-01
   1.4266148e-01
   6.5949693e-02
   2.7287377e-02
   5.1135376e-02
   1.6075794e-02
   8.3649450e-04
   5.5968687e-03
   4.4039924e-02
   9.7132795e-02
   5.8684628e-02
   3.8175628e-02
   5.0505813e-02
   1.2531489e-01
   2.6854149e-01
   2.0506336e-01
   8.6691536e-02
   5.1335767e-02
   1.0506534e-01
   9.7604685e-02
   4.2258173e-02
   1.5018964e-01
   6.4702499e-01
   9.4119775e-01
   4.3707791e-01
   1.5041471e-01
   1.3058044e-01
   1.9788985e+00
   6.6478009e+00
   6.1788735e+00
   2.4905739e+00
   6.2005478e-01
   2.4754804e-01
   2.4358907e-01
   3.8615832e-01
   8.2997048e-01
   8.9139712e-01
   5.3893828e-01
   2.7407941e-01
   1.4831640e-01
   2.1090591e-01
   2.5819263e-01
   2.5397688e-01
   2.7774453e-01
   1.9790155e-01
   1.2396841e-01
   8.9092851e-02
   9.2421956e-02
   1.6570909e-01
   1.6251439e-01
   3.2029909e-01
   5.2187663e-01
   3.1541148e-01
   9.3360059e-02
   4.9476251e-02
   1.1573499e-01
   5.7818420e-02
   1.0056315e-01
   1.0693780e-01
   7.6040953e-02
   7.3730946e-02
   4.8326213e-02
   3.3308700e-02
   1.0215957e-01
   1.3147777e-01
   3.9588902e-02
   1.6618822e-02
   2.3462838e-02
   4.9039673e-02
   4.9623761e-02
   3.4805022e-02
   1.1137476e-02
   1.3196656e-02
   4.1090321e-02
   1.9839516e-01
   1.8040720e-01
   7.5251445e-02
   6.8809129e-02
   4.4850880e-01
   6.5107709e-01
   3.4764850e-01
   1.1556762e-01
   1.4042574e-01
   2.3131709e-01
   1.6249683e-01
   1.3685027e-01
   1.1454975e-01
   2.7281302e-01
   9.1888428e-01
   9.9622065e-01
   4.5299768e-01
   1.3175464e-01
   7.9687387e-02
   5.6266416e-02
   4.1590065e-02
   6.6396832e-02
   1.1778750e-01
   1.4065884e-01
   3.9891478e-02
   2.9577507e-02
   4.7439016e-02
   1.0349271e-01
   8.4046416e-02
   8.6486086e-02
   9.5646635e-02
   6.1300561e-02
   2.5255390e-02
   1.0767538e-02
  -4.2673536e-03
   1.3168287e-02
   9.5628574e-02
   1.2517360e-01
   9.2661828e-02
   3.2772843e-02
   4.5092367e-03
   4.3259535e-02
   6.6305101e-02
   4.9088959e-02
   4.9140226e-02
   3.8652342e-02
   5.6716114e-02
   5.4310005e-02
   8.0615833e-02
   7.4999213e-02
   5.6560095e-02
   6.4204574e-02
   5.3774294e-02
   7.1691290e-02
   7.0564367e-02
   8.1188552e-02
   9.0662330e-02
   9.3121603e-02
   5.9338614e-02
   7.1873538e-02
   1.5333168e-01
   8.4833987e-02
   6.4657725e-02
   1.2617774e-01
   1.6168743e-01
   1.4475471e-01
   1.0643855e-01
   7.5421005e-02
   2.8051353e-01
   3.3745569e-01
   1.8783316e-01
   1.0822868e-01
   2.4499246e-01
   9.5614797e-01
   1.3285050e+00
   6.6209555e-01
   2.0515200e-01
   8.0363393e-02
   1.0979741e-01
   8.0390781e-02
   1.6422261e-01
   1.9006966e-01
   1.2616035e-01
   6.0567576e-02
   5.3374276e-02
   5.7709266e-02
   1.1275270e-02
   5.1494647e-02
   8.8436581e-02
   7.1727253e-02
   6.9965869e-02
   1.4826267e-02
   3.1929251e-02
   2.0762160e-02
   4.3853186e-02
   6.1963309e-02
   8.2507029e-02
   7.6424852e-02
   3.1440828e-02
   4.3108478e-02
   5.2343018e-02
   5.4026056e-02
   2.0739954e-02
   1.2518639e-02
   5.7856468e-03
   1.9617533e-02
   6.9665119e-02
   7.4060209e-02
   5.8520623e-02
   6.3472882e-02
   6.7091011e-02
   5.2021854e-02
   8.4696710e-02
   8.5892864e-02
   8.0584094e-02
   4.8674740e-02
   4.5022096e-02
   1.0548846e-01
   7.4122287e-02
   6.2737308e-02
   4.0498301e-02
   5.4420151e-02
   3.6836233e-02
   6.2695451e-02
   6.6398494e-02
   6.7618340e-02
   1.0763090e-01
   1.1096948e-01
   1.1519455e-01
   7.2324172e-02
   4.6751715e-02
   1.1856796e-01
   2.7634314e-01
   2.4578567e-01
   1.4940733e-01
   6.6084519e-02
   2.3107918e-02
   8.4034249e-02
   7.1819052e-02
   7.3645882e-02
   8.4838852e-02
   4.8116684e-02
   5.1774688e-02
   5.2526917e-02
   4.7963437e-02
   4.2419508e-02
   3.9468706e-02
   6.4904871e-03
   2.7224042e-02
   3.4960020e-02
   3.3740960e-02
   2.8177847e-03
   5.0434206e-02
   7.1043618e-02
   5.8397971e-02
   3.3417929e-02
   7.5771235e-02
   5.0274376e-02
   3.2154046e-02
   3.4553234e-02
   6.3798957e-02
   4.3541290e-02
   4.0982164e-02
   8.9148000e-02
   5.3751007e-02
   5.4157168e-02
   5.2988075e-02
   4.8832804e-02
   7.1300089e-02
   5.4360598e-02
   5.9903003e-02
   3.8919337e-02
   4.9803056e-02
   2.3378227e-02
   3.6623757e-02
   3.2683697e-02
   3.5697311e-02
   3.8496591e-02
   1.5897976e-02
   1.3340604e-02
   3.9179474e-02
   1.7143043e-02
   2.4962073e-02
   3.7588045e-02
   2.5824301e-02
   4.1654151e-02
   6.1408196e-02
   1.7003356e-02
   2.1032672e-02
   2.8512441e-02
   6.2794536e-02
   7.9637468e-02
   5.7759717e-02
   3.6080252e-02
   5.9421275e-02
   4.7908857e-02
   6.8828464e-02
   3.8960148e-02
   3.4442339e-02
   2.6312727e-02
   5.4518618e-02
   6.2002610e-02
   3.1459790e-02
   5.4504972e-02
   8.8135503e-02
   1.2494094e-01
   8.6251609e-02
   6.3655235e-02
   5.5046748e-02
   8.2276128e-02
   7.4133851e-02
   6.6911653e-02
   2.4838824e-02
   4.1690554e-02
   1.6170131e-01
   2.6123366e-01
   2.4947718e-01
   1.1089528e-01
   4.0590908e-02
   7.0442483e-02
   1.1954997e-01
   1.2085102e-01
   1.1705294e-01
   1.1139395e-01
   1.0028767e-01
   1.5899861e-01
   1.0833650e-01
   6.8362467e-02
   6.0221843e-02
   7.2496213e-02
   9.3531877e-02
   3.5164699e-02
   3.4628861e-02
   4.9506865e-02
   3.4443349e-02
   2.3748728e-02
  -1.6993819e-02
   4.8065025e-02
   6.6258579e-02
   1.2127030e-02
   1.5621072e-02
   1.2221151e-02
   7.3633485e-02
   6.4411387e-02
   5.2344926e-02
   3.2349803e-02
   1.5095040e-02
   3.4209829e-02
   6.3926391e-02
   6.8154812e-02
   2.9520391e-02
   2.4937071e-02
   2.2748793e-02
   3.9291300e-02
   6.4876594e-02
   5.5919677e-02
   5.8485329e-02
   4.8135690e-02
   4.1849580e-02
   5.4435354e-02
   7.8258038e-02
   4.4476837e-02
   2.5939776e-02
   1.0367568e-02
   4.6795309e-02
   4.4048812e-02
   1.5478505e-02
   3.0606987e-02
   2.7265539e-02
   1.4379404e-02
  -2.1253268e-03
   4.5937896e-02
   5.5728070e-02
   5.0851289e-02
   6.9523014e-02
   6.4467214e-02
   3.8316887e-02
   2.7553711e-02
   4.4811040e-02
   3.5659231e-02
   4.3792136e-02
   3.7121616e-02
   3.6102880e-02
   7.4777104e-02
   4.2111982e-02
   5.6218602e-02
   5.3767983e-02
   4.5034032e-02
   2.2980452e-02
   3.0963290e-02
   4.8963718e-02
   7.6220565e-02
   8.4967434e-02
   6.6769883e-02
   1.2041899e-01
   1.8877117e-01
   1.6187738e-01
   1.1133355e-01
   1.1257967e-01
   1.2603144e-01
   1.4111242e-01
   1.6427299e-01
   1.7458516e-01
   1.2914781e-01
   1.8161565e-01
   2.7465326e-01
   2.0553555e-01
   1.7360400e-01
   6.9246814e-02
   3.1281838e-01
   5.0512862e-01
   2.4742539e-01
   5.3129755e-02
   7.2553635e-02
   7.8863829e-01
   1.7255598e+00
   1.3046083e+00
   3.9574760e-01
   2.0794475e-01
   8.4145725e-01
   1.3798711e+00
   1.0075736e+00
   4.7092584e-01
   2.4082740e-01
   3.9870945e-01
   4.3273005e-01
   2.2789349e-01
   1.5341066e-01
   1.3639960e-01
   2.8319278e-01
   2.6355609e-01
   9.8511674e-02
   7.5694926e-02
   1.1297729e-01
   6.6075549e-02
   9.3569554e-02
   6.0661275e-02
   5.1269058e-02
   7.3964652e-03
  -1.0364325e-02
  -2.3528229e-02
  -4.7442247e-03
   6.7107012e-03
   1.9536419e-04
   2.4166416e-02
   2.2266909e-02
   1.9440321e-02
   3.6383639e-03
   4.1205920e-02
   6.5303244e-02
   3.3925276e-02
   2.8645653e-02
   7.0469551e-02
   7.9625815e-02
   6.7141533e-02
   1.0238442e-01
   1.1896577e-01
   1.2422229e-01
   1.7026509e-01
   8.4798843e-02
   2.9678384e-02
   7.6534472e-02
   7.9195514e-02
   7.4645080e-02
   8.2904555e-02
   1.0957403e-01
   1.6757226e-01
   1.4166908e-01
   7.4252337e-02
   6.6093929e-02
   1.9054210e-01
   3.9990500e-01
   3.6536986e-01
   1.7260605e-01
   1.3171954e-01
   1.3293518e-01
   2.2114377e-01
   2.2760008e-01
   1.2617306e-01
   5.4672755e-02
   8.9633048e-02
   1.4685136e-01
   1.1645082e-01
   4.2242710e-02
   2.9400775e-02
   4.9610719e-02
   9.5160313e-02
   3.6478747e-02
   3.2958459e-02
   5.2114919e-02
   6.4717650e-02
   9.4787469e-03
   5.5933227e-03
   7.0425197e-03
   1.0894635e-01
   8.8650890e-02
   4.2413294e-02
   1.3143475e-02
   2.0792313e-02
   2.9571014e-02
  -1.5043314e-03
   3.9765432e-02
   1.0866785e-01
   1.0781167e-01
   7.6782234e-02
   4.0100407e-02
   4.2837884e-02
   6.0066745e-02
   4.3284439e-02
   3.9735800e-03
   2.4798291e-02
   3.4533590e-02
   7.6149628e-03
   3.0856056e-02
   9.7270325e-02
   6.6457093e-02
   6.0003411e-02
   5.5837397e-02
   4.9179986e-02
   2.1926083e-01
   5.0962359e-01
   4.9312815e-01
   2.5765502e-01
   1.2810412e-01
   1.3510339e-01
   2.1082962e-01
   2.8840870e-01
   3.0801514e-01
   2.1735807e-01
   1.2660836e-01
   1.1732316e-01
   2.0233697e-01
   2.3171210e-01
   1.3614054e-01
   7.0073560e-02
   6.3308544e-02
   1.0924730e-01
   8.7461457e-02
   4.3715280e-02
   4.0522702e-02
   1.4908432e-02
   2.5153073e-02
   2.8235970e-02
   5.7937626e-02
   8.6654825e-03
   3.4960050e-02
   5.7280239e-02
   4.4141222e-02
   4.5628913e-02
   4.6171639e-02
   5.0508182e-02
   4.9724072e-02
   6.8605319e-02
   7.4052311e-02
   4.3400388e-02
   4.9054842e-03
   6.1746582e-02
   1.4396667e-01
   6.2087663e-02
   5.5559766e-02
   7.9330795e-02
   7.7328064e-02
   9.1969751e-02
   6.8799905e-02
   3.5822369e-02
   5.3805713e-02
   7.1018890e-02
   3.1355329e-02
   2.5040668e-02
   7.3097087e-02
   8.5964628e-02
   5.1075909e-02
   2.7719922e-02
  -3.9470471e-03
   6.2248286e-02
   1.0674733e-01
   1.2056007e-01
   1.5848558e-01
   1.3225403e-01
   6.2350538e-02
   8.9184709e-02
   1.1335285e-01
   9.3925297e-02
   7.0713945e-02
   5.8424391e-02
   3.7484966e-02
   3.9455388e-02
   7.0806369e-02
   7.4479677e-02
   8.2390197e-02
   4.3807853e-02
   7.4707486e-02
   5.0931487e-02
   5.4389339e-02
   3.3946704e-02
   4.2337701e-02
   6.3687354e-02
   3.9865244e-02
   4.7918748e-02
   7.9053536e-02
   4.2981483e-02
   3.7246305e-02
   6.3557327e-02
   4.3631148e-02
   2.7633833e-02
   3.0996347e-02
   7.9821208e-03
   1.4615414e-02
   3.1134145e-02
   2.3200803e-02
   2.7002871e-02
   1.3287845e-02
   5.7165857e-02
   7.5154059e-02
   5.9151851e-02
   3.7453923e-02
   7.6775253e-02
   6.9160750e-03
   6.2277205e-03
   5.2893993e-02
   5.7263039e-02
   4.9209982e-02
   4.9779017e-02
   4.3028731e-02
   4.8834234e-02
   2.6955986e-02
   1.9844988e-02
   5.7643257e-02
   7.6311007e-02
   9.1704123e-02
   8.5994639e-02
   1.0654676e-01
   7.7314965e-02
   3.6637824e-02
   5.2119628e-02
   7.7069916e-02
   2.9447857e-02
   4.1479111e-02
   8.6723097e-02
   1.1315604e-01
   1.1688020e-01
   1.0019137e-01
   6.3655056e-02
   3.1639021e-02
   5.1443432e-02
   4.5301873e-02
   4.7975417e-02
   5.9896015e-02
   4.5847218e-02
   2.2070827e-02
   2.4805080e-02
   3.7283521e-02
   2.0932673e-02
   7.9536894e-03
   5.1992800e-02
   4.7437537e-02
   5.2279305e-02
   3.5659548e-02
   3.6657080e-02
   9.7161741e-04
   2.1707837e-02
   3.4878451e-02
   2.9329350e-02
   7.6365046e-02
   7.6568305e-02
   5.4581534e-02
   4.0352087e-02
   3.5634525e-02
   3.2254044e-02
   2.9855195e-04
   2.8754365e-02
   2.9360412e-02
   1.6921485e-02
   4.3795884e-02
   3.3044007e-02
   2.5755623e-02
  -1.9339154e-03
   3.1790838e-02
   7.9536624e-03
   3.0095628e-02
   5.1186301e-02
   3.8456623e-02
   4.0254444e-02
   3.4528226e-02
   2.7816476e-02
   3.4940220e-02
   4.1071713e-02
   5.1280409e-02
   5.6336287e-02
   5.6042299e-02
   4.7853790e-02
   4.3111656e-02
   3.2531783e-02
   3.1279240e-02
   2.6838416e-02
   6.5001734e-02
   6.8125211e-02
   4.1574672e-02
   3.9304990e-02
   1.4413949e-02
   2.4620662e-02
   5.3285409e-02
   4.4209737e-02
   4.7856748e-02
   5.7117090e-02
   4.8671067e-02
   6.1180964e-02
   4.6503935e-02
   2.8493561e-02
   2.0663926e-02
   2.4121430e-02
   2.5236864e-02
   3.7711073e-02
   3.9251670e-02
   2.3637185e-02
   3.1836450e-02
  -1.4430780e-03
   1.7222036e-02
   1.2879558e-02
   3.0183095e-02
   6.0628120e-02
   5.2886460e-02
   2.9062742e-02
   3.3914223e-02
   2.4854939e-02
   2.5531374e-02
   2.7379703e-02
   3.7052985e-02
   3.0887684e-02
   3.0187154e-02
   2.1461913e-02
   2.5374083e-02
   2.7637921e-02
   2.6343623e-02
   2.8681384e-02
   2.3771318e-02
   4.9442571e-02
   7.2148383e-02
   5.5423729e-02
   3.9393984e-02
   3.3521920e-02
   3.6540736e-02
   4.0248182e-02
   4.0465754e-02
   4.7677260e-02
   4.0886201e-02
   2.8959060e-02
   4.1989960e-02
   5.9380554e-02
   3.9603621e-02
   2.8821733e-02
   2.7047342e-02
   1.2829303e-02
   6.1015718e-02
   5.6734629e-02
   6.6525884e-02
   5.3397126e-02
   4.8574798e-02
   5.0786693e-02
   3.0138141e-02
   6.3665904e-02
   3.2414030e-02
   6.6979513e-02
   5.4107152e-02
   3.2141633e-02
   1.5317300e-02
   2.3273913e-02
   3.0552333e-02
   3.1439912e-02
   4.1705694e-02
   2.1674857e-02
   1.9964483e-02
   4.7091171e-02
   4.9410593e-02
   5.3197525e-02
   2.8742909e-02
   2.4672769e-02
   2.3129918e-02
  -2.4628596e-02
   2.2456868e-02
   4.4990342e-02
   3.9012332e-02
   2.6848601e-02
   1.3376936e-02
   1.5074623e-02
   3.2557040e-02
   5.8326621e-02
   4.1159991e-02
   1.0092043e-02
   3.1476159e-02
   2.1768564e-02
   4.2791754e-02
   3.3614200e-02
   6.2096078e-02
   5.5973779e-02
   2.4426078e-02
   6.6133976e-02
   8.4191434e-02
   2.1399958e-01
   1.7926054e-01
   7.8156583e-02
   4.2536069e-02
   9.2318386e-02
   9.6664928e-02
   8.9214832e-02
   6.8588346e-02
   4.8596766e-02
   2.9547065e-02
   3.0327955e-02
   3.1677566e-02
   3.8341649e-02
   3.5945114e-02
   2.2558101e-02
   3.8311038e-02
   3.8577646e-02
   3.2707121e-02
   2.3497460e-02
   1.7310297e-02
   1.5853697e-02
   1.3511129e-02
   3.9499070e-02
   4.4946920e-02
   2.4282370e-02
   3.9017409e-02
   5.9853595e-02
   5.1820882e-02
   4.0169809e-02
   4.4738378e-02
   5.4064371e-02
   1.3358112e-02
   2.0658126e-02
   3.4105178e-02
   6.0798009e-03
   3.2165974e-02
   3.7013143e-02
   1.6629491e-02
   1.7934201e-02
   1.9493915e-02
   5.6117099e-02
   3.0027673e-02
   2.5606144e-02
   3.0550245e-02
   3.2338999e-02
   6.7694195e-02
   3.7528194e-02
   3.2466933e-02
   3.5130598e-02
   3.1235961e-02
   3.9481401e-02
   5.9465516e-02
   4.6384118e-02
   5.2162327e-02
   3.1127654e-02
   1.1559376e-02
   3.8758848e-02
   6.5150976e-02
   5.0551642e-02
   6.7254543e-02
   3.9991051e-02
   3.3480600e-02
   2.7434842e-03
   1.3768785e-02
   3.2515526e-02
   3.1905558e-02
   7.8196824e-03
   6.7928032e-04
  -2.9619799e-03
   2.8438013e-02
   2.3126971e-02
   4.8478287e-02
   5.3821038e-02
   5.0716627e-02
   5.4365583e-02
   1.8084776e-02
   1.6024215e-02
   2.6590977e-02
   2.1097885e-02
   3.8357548e-02
   3.5126124e-02
   4.7204714e-02
   5.5546388e-02
   4.8907846e-02
   2.5034152e-02
   3.5562843e-02
   2.2918414e-02
   5.3224076e-02
   4.3611053e-02
   4.6043254e-02
   9.3255090e-03
   2.7775660e-02
   4.4881765e-02
   5.0045699e-02
   3.0852182e-02
   5.2926466e-02
   6.0142107e-02
   3.5340842e-02
   4.7895670e-02
   4.0856227e-02
   2.7004685e-02
   3.5285126e-02
   4.1302294e-02
   5.7728916e-02
   4.1545637e-02
   4.5957208e-02
   8.5992835e-02
   5.1707301e-02
   2.3157367e-02
   2.3603344e-02
   3.2479443e-02
   1.9732036e-02
   4.1313086e-02
   6.8413056e-02
   2.9183125e-02
   8.9092944e-03
  -4.8504048e-04
   4.1312515e-03
   1.2139131e-02
   3.4414273e-02
   8.8941315e-03
   1.5002264e-02
   3.4914639e-02
   4.9171086e-02
   3.6237773e-02
   4.3777775e-02
   1.6361063e-02
   4.1190792e-02
   3.0214427e-02
   2.6242455e-02
   2.0338794e-02
   1.6097490e-02
   7.0868228e-03
   2.5894623e-02
   2.5004324e-02
   4.1384336e-02
   5.3767577e-02
   6.4332634e-02
   6.1202124e-02
   5.5011824e-02
   5.1483274e-02
   1.5694136e-02
   3.6350917e-02
   6.6545263e-02
   5.9238125e-02
   2.7821817e-02
   2.6054697e-02
   5.3981945e-02
   4.1720554e-02
   6.6338167e-02
   3.6860269e-02
   2.3425493e-02
   1.2315628e-02
   3.5530832e-02
   3.3258963e-02
   4.0115141e-03
   2.5367055e-02
   5.0925162e-02
   4.7118958e-02
   4.6073608e-02
   4.6880573e-02
   6.8651937e-02
   6.9053695e-02
   5.2279182e-02
   4.7029667e-02
   4.3653499e-02
   3.3500012e-02
   2.2527132e-02
   2.3012260e-02
   3.6042728e-02
   6.0159080e-02
   6.6257134e-02
   4.7394361e-02
   3.6096789e-02
   2.7501792e-02
   4.0221557e-02
   5.1623877e-02
   2.9893605e-02
   2.8749436e-02
   3.2625679e-02
   4.2297225e-02
   5.1934939e-02
   1.6497003e-02
   2.6994402e-02
   2.2399109e-02
   1.1870786e-02
   2.1246536e-02
   3.4534182e-02
   4.8935715e-02
   3.9382558e-02
   7.5731128e-02
   4.7014415e-02
   4.9298301e-02
   4.5916375e-02
   5.4158304e-02
   4.4878066e-02
   1.7426664e-02
   6.5497020e-03
   1.8315652e-02
   2.2096336e-02
   3.6317531e-02
   4.2851843e-02
   5.2155007e-02
   5.1511299e-02
   3.4297928e-02
   7.0641324e-02
   5.4021169e-02
   3.1479359e-02
   1.7785436e-02
   1.3206895e-02
   5.3768035e-02
   3.0134672e-02
   4.4273201e-02
   5.5860270e-02
   6.1652988e-02
   6.3051060e-02
   5.0602749e-02
   3.1665564e-02
   4.0876236e-02
   5.3210340e-02
   5.3622536e-02
   3.3441778e-02
   1.9468414e-02
   5.2469134e-02
   1.9944325e-02
   1.2725920e-02
   2.0117629e-02
   4.0616129e-02
   4.4542342e-02
   4.1221160e-02
   1.4883288e-02
   4.7679599e-02
   7.4993230e-02
   4.5528427e-02
   6.3582346e-02
   4.3500800e-02
   3.2253947e-02
   6.4149126e-02
   6.8182111e-02
   6.1223473e-02
   7.6704703e-02
   7.4792221e-02
   4.2456821e-02
   6.2753633e-02
   4.6324644e-02
   3.5142198e-02
   9.7338995e-03
   2.1331556e-02
   4.2833667e-02
   3.4061674e-02
   4.9464282e-02
   5.2837860e-02
   3.0375851e-02
   1.4199069e-02
   1.3504146e-02
   4.9816143e-02
   6.5186344e-02
   6.4033419e-02
   3.7766892e-02
   4.6492122e-02
   4.2835258e-02
   5.2810442e-02
   3.7965342e-02
   5.3095102e-02
   6.4477161e-02
   4.8311234e-02
   3.7845865e-02
   1.4772234e-02
   2.4754630e-02
   5.2174084e-02
   4.7858078e-02
   3.7696455e-02
   3.1291284e-02
   9.9221086e-03
   4.2371653e-02
   5.8086202e-02
   1.3022348e-02
   2.2985673e-02
   2.5016150e-02
   2.1798536e-02
   1.2490835e-02
   2.2008531e-02
   2.9587636e-02
   4.8829101e-02
   7.4251719e-02
   5.3186856e-02
   1.4194905e-02
  -1.7700000e-03
   8.0466513e-03
   3.6769651e-02
   4.5905180e-02
   6.3021064e-02
   3.2609958e-02
   2.7201012e-02
   5.0359514e-02
   4.4978909e-02
   3.7850495e-02
   6.0325250e-02
   5.8786809e-02
   5.0942078e-02
   3.1450622e-02
   3.7837595e-02
   5.6715786e-02
   2.7868658e-02
   2.8442785e-02
   2.4269776e-02
   1.6669286e-02
   3.3923414e-02
   5.1481690e-02
   3.6842193e-02
   2.9337103e-02
  -2.3902811e-03
   3.2736689e-02
   5.8228094e-02
   5.7428408e-02
   4.9257264e-02
   6.4438563e-03
   1.5021499e-02
   3.3019405e-02
   2.6665432e-02
   3.5797864e-02
   1.1239847e-02
   4.0214773e-02
   1.9743370e-02
   2.2291062e-02
   3.6306892e-02
   1.4836452e-02
   2.2186274e-02
   3.5717826e-02
   3.0017966e-02
   3.5502575e-02
   4.2396683e-02
   5.7674918e-02
   5.2477572e-02
   6.0466476e-02
   3.2356948e-02
   3.2639422e-02
   3.0299045e-02
   3.0421484e-02
   1.5417415e-02
   1.9772269e-02
   2.3090303e-02
   2.0976985e-02
   6.0626868e-02
   5.5214126e-02
   6.2040940e-02
   5.4015644e-02
   3.5976876e-02
   3.1893399e-02
   3.1039687e-02
   1.7855521e-02
   5.1484358e-02
   4.5653880e-02
   1.0994012e-02
   3.1563632e-02
   3.7559986e-02
   3.4538772e-02
   3.8591553e-02
   2.1627275e-02
   4.6854224e-02
   9.1657795e-02
   1.4878367e-01
   1.7300817e-01
   1.3243441e-01
   7.8705452e-02
   4.3750215e-02
   7.3792145e-02
   3.1579472e-02
   3.9267525e-02
   2.3863217e-02
   2.2016466e-02
   2.3519767e-02
   6.4947635e-02
   5.8098756e-02
   5.8451284e-02
   2.6991522e-02
   1.6225928e-02
   1.9588863e-02
   3.8292605e-02
   3.5728078e-02
   4.0747613e-02
   3.3355620e-02
   3.1912729e-02
   1.3315782e-02
   3.5099648e-03
   3.0231316e-02
   2.8055010e-02
   3.1441838e-02
   3.4012832e-02
   4.1449435e-02
   4.1696906e-02
   4.5355003e-02
   2.3369012e-02
   5.0728366e-02
   5.8439825e-02
   2.9420093e-02
   9.9808965e-03
   1.3441106e-02
   3.9873827e-02
   4.0283378e-02
   2.8384190e-02
   4.8977837e-02
   9.7810164e-02
   1.7728409e-01
   1.5224387e-01
   6.6025950e-02
   3.2490805e-02
   1.4510761e-02
   2.1919928e-02
   4.7209859e-02
   3.2016095e-02
   4.3679848e-03
   1.1826204e-02
   6.1252352e-02
   4.3452319e-02
   2.4126098e-02
   2.1197731e-02
   2.2457158e-03
   1.1957113e-02
   3.1251505e-02
   2.7390160e-02
   3.1916793e-02
   6.7812279e-02
   5.6875385e-02
   5.0418556e-02
   3.3932135e-02
   3.8162231e-02
   1.9086778e-02
   4.4706207e-02
   2.2510594e-02
   1.2670962e-02
   1.7072901e-02
   3.1980794e-02
   3.5185829e-02
   4.8191871e-02
   3.8691550e-02
   2.3808079e-02
   3.2356706e-02
   1.4508124e-02
   1.6750053e-02
   4.6807542e-02
   8.3188586e-02
   6.0707137e-02
   2.2220865e-02
   2.7296087e-02
   3.0760419e-02
   2.5064969e-02
   1.5340763e-02
   3.6873158e-02
   3.8413793e-02
   5.5704236e-02
   5.0495077e-02
   3.8047206e-02
   1.1663664e-02
   1.9764872e-02
   2.0890098e-02
   4.9437344e-02
   1.8339045e-02
   2.2834061e-02
   5.0758455e-02
   4.5155738e-02
   3.0035034e-02
   4.6092369e-02
   5.6541286e-02
   4.6707317e-02
   2.2784172e-02
   3.9000031e-02
   2.2503395e-02
   1.2040133e-02
   1.3127677e-02
   3.8534492e-02
   5.0631061e-02
   6.4827807e-02
   4.4098232e-02
   4.4876143e-02
   3.9769888e-02
   4.9436159e-02
   4.3950044e-02
   3.4925930e-02
   3.8578946e-02
   3.3593770e-02
   2.7489882e-02
   1.8282680e-02
   4.5744248e-02
   5.9151206e-02
   7.5725995e-02
   4.6683371e-02
   3.9335668e-02
   2.1232409e-02
   8.1864819e-03
   3.4940816e-02
   6.0108598e-02
   3.0133409e-02
   3.5626601e-02
   3.6326617e-02
   5.8542866e-02
   2.7225178e-02
   4.6927746e-02
   3.9148744e-02
   3.7107829e-02
   6.3346989e-02
   5.2898370e-02
   4.0562037e-02
   4.4810947e-02
   1.1358577e-02
   2.7454939e-02
   4.5297153e-02
   4.6367656e-02
   4.4368029e-02
   2.6668688e-02
   1.5232261e-02
   1.3942201e-02
   4.1916598e-02
   7.1274228e-03
   1.2840090e-02
   7.2767464e-03
   1.3371178e-02
   1.4251351e-02
   2.2586282e-02
   3.0513164e-02
   1.9330597e-02
   3.7177961e-02
   4.9928203e-02
   2.7959354e-02
   1.8411083e-02
   1.2832185e-02
   1.5208382e-02
   2.9413940e-02
   3.4274034e-02
   4.3131143e-02
   3.0142507e-02
   5.6758169e-03
   2.6259040e-02
   2.6827492e-02
   1.2106292e-02
   4.1513331e-02
   3.6093101e-02
   2.5387127e-02
   2.7273472e-02
   4.4283923e-02
   4.3907925e-02
   2.6049700e-02
  -3.3748900e-03
   1.1220939e-02
   1.7265581e-02
   6.8024020e-03
   2.9125530e-02
   2.9789267e-02
   3.3320773e-02
   1.5590342e-02
   1.7032037e-02
   3.1515155e-02
   2.7231511e-02
   2.1098595e-02
   3.5908028e-02
   7.3148511e-02
   3.6992062e-02
   4.5919634e-02
   3.7842378e-02
   3.4639563e-02
   3.1723451e-02
   4.9838375e-02
   5.5184916e-02
   4.0956702e-02
   2.8582407e-02
   2.9716678e-02
   4.0564846e-02
   2.2603387e-02
   1.7098254e-02
   1.1221354e-03
   7.3063197e-03
   2.2768306e-02
   1.0704567e-02
   5.0232805e-02
   4.5984313e-02
   4.5776382e-02
   2.5209820e-02
   5.0247245e-02
   1.7409408e-02
   1.1486677e-02
   5.8119766e-02
   3.6190063e-02
   5.3450275e-02
   4.2265996e-02
   4.7154319e-02
   2.5294594e-02
   3.0787868e-02
   3.0608768e-02
   4.0581092e-02
   2.8554555e-02
   4.5041222e-02
   2.1359006e-02
   5.2324035e-03
   1.8877508e-02
   3.5119008e-02
   5.1822413e-02
   4.1671250e-02
   1.1469886e-02
   1.7992953e-02
   3.4633256e-02
   1.3219562e-02
   9.5326966e-03
   3.1021385e-02
   3.1744145e-02
   2.4233269e-02
   5.2872146e-03
   2.6120324e-02
   4.0463071e-02
   3.7570864e-02
   4.5732275e-02
   2.9445078e-02
   3.4368396e-02
   5.6923028e-02
   5.3975273e-02
   5.6374222e-02
   4.7475979e-02
   4.1840833e-02
   4.4141248e-02
   4.2530529e-02
   4.7521614e-02
   5.0471090e-02
   3.6027502e-02
   7.0435815e-02
   4.8929527e-02
   2.5985967e-02
   2.0914964e-02
  -5.0786091e-03
   3.1814966e-02
   2.8756401e-02
   1.7920299e-02
   4.1152969e-02
   6.3848272e-02
   4.1547231e-02
   2.9130111e-02
   4.1771539e-02
   2.6754478e-02
   3.0604418e-02
   3.3506289e-02
   2.1975355e-02
   3.5476521e-02
   6.5264143e-02
   4.3874316e-02
   7.2422631e-02
   5.4028206e-02
   3.5034038e-02
   1.6738009e-02
   3.7883613e-02
   3.5780910e-02
   1.8437285e-02
   8.4912051e-03
   2.4497321e-02
   3.2683395e-02
   3.3658028e-02
   2.3903333e-02
   5.5776164e-02
   3.7083518e-02
   5.3224988e-02
   3.3795729e-02
   2.8064964e-02
   8.9165401e-03
   3.7434701e-02
   2.8826222e-02
   6.3738875e-02
   4.3307044e-02
   3.1744681e-02
   3.8863424e-02
   3.5928134e-02
   5.7410626e-03
   3.1327743e-02
   3.5835527e-02
   9.4614066e-03
   2.9556951e-02
   5.0692793e-02
   2.5309697e-02
   2.5495483e-02
   5.7831621e-03
   7.0773084e-03
   3.9589521e-02
   2.8537117e-02
   5.3645495e-02
   3.4324057e-02
   9.3421973e-03
   1.3503436e-02
   8.4207200e-02
   9.1037802e-02
   1.0530984e-01
   8.1089936e-02
   5.2298322e-02
   1.0855793e-02
   2.0658553e-02
   1.1252413e-02
   4.1691910e-02
   7.4288495e-02
   9.8332800e-02
   9.3052588e-02
   6.1541118e-02
   3.7506871e-02
   2.3221109e-02
   2.4300130e-02
   7.0776753e-02
   1.0536402e-01
   1.0337660e-01
   4.0913470e-02
   1.0970859e-02
   2.2493782e-02
   1.5342035e-02
   4.7776192e-02
   1.8441927e-01
   3.1405571e-01
   2.9743651e-01
   1.4847282e-01
   8.7153696e-02
   4.8222747e-02
   3.1884614e-02
   3.4882467e-02
   3.2863621e-02
   1.3803477e-02
   2.0981712e-02
   2.6805108e-02
   2.5360150e-02
   4.3631062e-02
   5.5408269e-02
   3.6957685e-02
   1.2828497e-02
   2.3260083e-02
   1.5056832e-02
   2.6266860e-02
   9.1879051e-03
   2.8785186e-02
   3.0004112e-02
   3.4284860e-02
   5.4641984e-02
   4.9013186e-02
   5.3189866e-02
   6.0030606e-02
   2.7219709e-02
   3.3133019e-02
   1.8593729e-02
   1.9468980e-02
   2.5878346e-02
   2.1865383e-02
   2.8957356e-02
   3.3775419e-02
   6.6288020e-03
   1.3459468e-02
   3.6307625e-02
   5.0932989e-02
   6.7485355e-02
   5.8496371e-02
   4.5321207e-02
   3.7790932e-02
   3.1587683e-02
   2.0069715e-02
   5.0674964e-02
   4.8069898e-02
   5.4987792e-02
   5.9013251e-02
   4.7798336e-02
   4.5657989e-02
   5.9005070e-02
   4.8025575e-02
   6.1577372e-02
   3.9241903e-02
   1.6443677e-02
   1.7990485e-02
   1.0810417e-02
   2.2147166e-02
   7.1926261e-03
   2.2876412e-02
   3.7747607e-02
   4.6521321e-02
   4.2246450e-02
   8.2666958e-03
   3.0368451e-02
   6.3226260e-02
   5.7283834e-02
   3.1497899e-02
   3.9277788e-02
   7.6844648e-02
   4.2181350e-02
   4.8018333e-02
   1.3942160e-01
   2.7118081e-01
   2.4213302e-01
   2.0069896e-01
   1.5413812e-01
   9.8320723e-02
   3.4718432e-02
   5.6188703e-02
   7.2237521e-02
   1.3164397e-01
   1.3113193e-01
   1.4125757e-01
   8.9048073e-02
   4.2816535e-02
   2.5490606e-02
   8.5158944e-02
   2.3452848e-01
   2.9847199e-01
   2.0501582e-01
   1.2402177e-01
   9.9345922e-02
   7.6639913e-02
   5.9133664e-02
   1.6106726e-01
   5.2209705e-01
   6.5163684e-01
   4.0095887e-01
   1.6923200e-01
   4.2022251e-02
   1.6056594e-02
   4.6043666e-03
   4.9363755e-02
   7.9393595e-02
   3.8770221e-02
  -5.4242508e-04
   4.5227267e-02
   4.3121800e-02
   4.7171991e-02
   4.3269139e-02
   6.0411911e-02
   5.5999484e-02
   2.2588972e-02
   4.9430314e-02
   2.2153242e-02
   1.2619244e-02
   1.9145207e-02
   1.6106166e-02
   6.0332045e-02
   1.2529315e-02
   6.2794253e-02
   3.7347138e-02
   3.4113076e-02
   3.2542001e-02
   1.6955014e-02
   5.5337001e-02
   4.8362307e-02
   9.3291216e-02
   1.1738100e-01
   5.2202664e-02
   5.5107508e-02
   3.7358291e-02
   1.9506339e-02
   1.9774264e-02
   2.5863471e-02
   4.0665820e-02
   6.9565445e-02
   4.9208496e-02
   3.8242437e-02
   2.5104892e-02
   4.8080027e-02
   5.6105338e-02
   2.7575387e-02
   4.0698308e-02
   6.0559824e-02
   5.7400919e-02
   3.5898708e-02
   1.7454047e-02
   3.9265513e-02
   5.4880988e-02
   4.9934227e-02
   1.5521985e-02
   2.6656412e-02
  -1.0054127e-02
   3.7883210e-03
   5.6578413e-02
   8.1086650e-02
   7.4020565e-02
   1.1511216e-01
   7.7458344e-02
   4.2653475e-02
   3.2765131e-02
   1.1782777e-02
   1.1957176e-02
   4.6770338e-02
   8.6126536e-02
   5.8452815e-02
   4.0068250e-02
   3.0143498e-02
   1.9351125e-02
   4.4111580e-02
   8.9898303e-02
   9.4366968e-02
   7.7862985e-02
   3.7284758e-02
   5.0929002e-02
   2.6135124e-02
   4.1768327e-03
   1.7137682e-01
   4.8149645e-01
   6.8717748e-01
   4.5279533e-01
   1.9551408e-01
   8.4824130e-02
   1.9821839e-02
   1.9858195e-03
   5.7331704e-02
   1.2160302e-01
   1.1977946e-01
   4.9715787e-02
   3.6068771e-02
   8.5243054e-02
   3.8432684e-02
   5.2219246e-02
   1.2756184e-01
   2.1854052e-01
   2.2069858e-01
   1.4622898e-01
   6.6295736e-02
   3.2216560e-02
   4.5579247e-02
   4.8508193e-02
   3.4899399e-02
   4.3780446e-02
   5.1458035e-02
   8.4088914e-02
   6.1257523e-02
   4.4215538e-02
   3.6841646e-02
   5.4249607e-02
   5.5817325e-02
   2.3515007e-02
   1.4695146e-02
   3.4289200e-02
   6.5328665e-02
   6.4777777e-02
   2.1570249e-02
   1.9387331e-02
   8.6818062e-02
   7.9340234e-02
   4.2275503e-02
   3.0784247e-02
   3.8500555e-02
   3.8455311e-02
   1.9386562e-02
   2.3075089e-02
   7.4065961e-02
   8.4636502e-02
   9.4262220e-02
   7.0689417e-02
   7.8166030e-02
   6.1629090e-02
   3.0176979e-02
   8.3756531e-03
   1.3417107e-02
   3.1059640e-02
   2.9824859e-02
   2.0361137e-02
   5.6627966e-03
   2.0616371e-02
   5.0603919e-02
   6.8324558e-02
   3.8046688e-02
   6.6578567e-02
   2.4036998e-02
   2.1263767e-02
   7.2900355e-03
   9.7687813e-03
   3.4664251e-02
   4.0043756e-02
   2.1267200e-02
   3.0703044e-02
   2.9968623e-02
   3.3680476e-02
   6.0178194e-02
   7.4270949e-02
   1.5985575e-02
   5.6938928e-02
   5.5178501e-02
   1.3213928e-01
   1.6404726e-01
   1.4459917e-01
   1.1734405e-01
   4.1962672e-02
   5.1851302e-02
   6.6089481e-02
   2.6034975e-02
   4.1406650e-02
   4.7649615e-02
   1.1811347e-01
   1.5493937e-01
   1.9285864e-01
   2.0506850e-01
   1.4238060e-01
   8.0408327e-02
   1.2165165e-01
   1.3474485e-01
   1.0610820e-01
   1.5198253e-01
   3.9438549e-01
   4.2830497e-01
   2.2726519e-01
   1.6694984e-01
   2.1143110e-01
   1.5048905e-01
   1.1685790e-01
   1.1653278e-01
   1.2261775e-01
   8.3201542e-02
   8.1593826e-02
   6.6970609e-02
   1.1646800e-01
   1.0458590e-01
   2.3725754e-02
   2.2631831e-02
   2.7704392e-02
   3.8424239e-02
   4.2972337e-02
   1.4102563e-02
   8.6641004e-03
   2.1370262e-02
   1.3777048e-02
   3.7758343e-02
   2.8350027e-02
   2.8982073e-02
   4.7719076e-02
   8.2058519e-02
   5.0340392e-02
   7.0903011e-02
   4.9077887e-02
   2.0605568e-02
   5.5763675e-03
   1.6006066e-02
   4.2859178e-02
   9.2836969e-02
   8.9941770e-02
   4.8834141e-02
   5.0124843e-02
   6.1585758e-02
   6.4880408e-02
   4.5634475e-02
   6.1460141e-02
   7.4693486e-02
   5.3635847e-02
   9.7671777e-02
   7.2328143e-02
   3.4481127e-02
   3.9245967e-02
   2.7613940e-02
   4.0046189e-02
   4.1430995e-02
   3.8772672e-02
   4.4344626e-02
   3.7831895e-02
   4.8616808e-02
   4.6431195e-02
   3.0230366e-02
   2.6452713e-02
   4.8535921e-02
   4.4587292e-02
   1.7184007e-01
   4.1726360e-01
   4.8757204e-01
   3.0576739e-01
   1.4219847e-01
   9.0373605e-02
   2.1549679e-02
   3.9167618e-03
   9.9791167e-03
   4.0618248e-02
   5.5584770e-02
   6.5037705e-02
   8.2981631e-02
   7.4398622e-02
   3.3396266e-02
   6.2922373e-02
   6.6107817e-02
   4.2856198e-02
   5.3732730e-02
   4.7641244e-02
   4.2170215e-02
   6.4955346e-02
   5.8500029e-02
   4.8390090e-02
   5.9895493e-02
   9.3861267e-02
   7.1217410e-02
   3.0725334e-02
   6.4122900e-02
   7.7801645e-02
   6.8490513e-02
   5.7992760e-02
   7.4627057e-02
   5.1779006e-02
   4.7915239e-02
   6.5138660e-02
   4.9609523e-02
   2.8792858e-02
   2.9832806e-02
   2.4817374e-02
   9.0695016e-02
   5.7451453e-02
   5.5671860e-02
   5.5566426e-02
   3.9602492e-02
   1.0541617e-01
   8.0573075e-02
   3.3030685e-02
   5.9485421e-02
   8.8224478e-02
   5.5578846e-02
  -2.4940353e-03
   1.5706096e-03
   2.4266709e-02
   4.9088698e-02
   1.5130760e-01
   1.8350117e-01
   1.0837310e-01
   6.0553480e-02
   8.7009380e-03
   2.4999144e-02
   5.1300075e-02
   2.4314854e-02
   4.1435622e-02
   5.3638134e-02
   5.2905373e-02
   5.5152036e-02
   4.8719548e-02
   3.4428477e-02
   5.3037539e-02
   5.3260174e-02
   2.6845170e-02
   7.3920049e-02
   1.0906198e-01
   1.5171266e-01
   1.2087201e-01
   8.5522719e-02
   5.3052440e-02
   3.3592511e-02
   4.6716249e-03
   1.6367691e-02
   1.5050763e-02
   1.9774487e-02
   2.1335883e-02
   3.6362484e-02
   4.8642643e-02
   5.1709879e-02
   2.0045782e-02
   5.8364939e-02
   1.0818768e-01
   1.2525205e-01
   9.6112095e-02
   8.1330597e-02
   6.7134626e-02
   7.7150248e-02
   9.8547399e-02
   9.3459450e-02
   6.5259017e-02
   4.6794400e-02
   2.4176067e-02
   5.2042525e-02
   3.5172198e-02
   3.3183735e-02
   4.3418057e-02
   4.3872815e-02
   4.8771594e-02
   7.5495437e-02
   1.3639997e-01
   9.6299455e-02
   1.0186343e-01
   5.2110482e-02
   1.8595658e-02
   1.0313476e-02
   3.1110357e-02
   1.6269688e-01
   3.4614062e-01
   3.3762714e-01
   2.1937042e-01
   9.9088781e-02
   5.2707169e-02
   9.2517557e-03
   1.7127173e-02
   1.7151743e-02
   2.9079705e-02
   2.9565601e-02
   3.4479614e-02
   6.1333489e-02
   7.3681816e-02
   6.5521151e-02
   1.5541777e-02
   2.4165012e-02
   1.8537201e-02
   1.5095725e-02
   7.0562176e-02
   1.5794232e-01
   1.7754164e-01
   1.1414327e-01
   6.5566212e-02
   5.5273540e-02
   2.3602556e-02
   2.3086255e-03
   4.7227766e-02
   2.0593835e-02
   7.1149506e-02
   7.2232507e-02
   6.6487886e-02
   7.8543022e-02
   7.7640943e-02
   4.4024523e-02
   2.8605876e-02
   1.4013590e-02
   1.1129311e-02
   1.6865423e-03
   2.4928670e-02
   5.7531964e-02
   8.0772735e-02
   7.0692278e-02
   6.4941034e-02
   6.7414284e-02
   3.3724632e-02
   1.5275938e-02
   4.2125121e-02
   4.4363867e-02
   2.1167628e-02
   1.0399376e-02
   8.4301502e-02
   1.7826979e-01
   2.7000859e-01
   2.2794192e-01
   1.9291657e-01
   7.7274173e-02
   3.5711359e-02
   4.7107533e-02
   2.0217675e-01
   6.6391307e-01
   1.1096582e+00
   9.7731364e-01
   5.3234386e-01
   2.2278637e-01
   7.1410209e-02
   7.5271153e-03
  -1.9179268e-02
   1.9083201e-03
   1.5437265e-03
   2.0720901e-02
   8.8049896e-02
   1.5833801e-01
   1.5303701e-01
   1.2191018e-01
   4.4433020e-02
   1.4801473e-02
   3.3809710e-02
   4.3633148e-02
   5.8402337e-02
   2.8643519e-02
   3.7153911e-02
   3.3769820e-02
   3.0203842e-02
   4.2804726e-03
   4.7923457e-02
   9.8713748e-02
   1.0131515e-01
   1.1246760e-01
   8.4371477e-02
   6.1084911e-02
   6.0193222e-02
   2.4751844e-01
   6.6957241e-01
   7.7584809e-01
   5.2306825e-01
   2.3321000e-01
   1.4454120e-01
   7.5522408e-02
   2.2318348e-02
   3.9047763e-02
   5.1476355e-03
   5.9376772e-02
   2.3225538e-01
   4.6831125e-01
   4.7603196e-01
   3.7777990e-01
   2.7467531e-01
   7.5400174e-02
   1.6020318e-02
   3.6179155e-02
   1.1594488e-01
   2.7659711e-01
   3.1400928e-01
   2.6667383e-01
   2.0246460e-01
   1.2849450e-01
   1.2431693e-01
   9.9881746e-02
   7.8463197e-02
   5.6586780e-02
  -1.7769781e-03
   3.2190889e-02
   2.5346971e-01
   4.8001021e-01
   5.2072024e-01
   3.2526678e-01
   1.3185984e-01
   7.4897535e-02
   4.9825069e-02
   1.8044129e-01
   6.7690229e-01
   1.4872838e+00
   1.5405734e+00
   1.0673690e+00
   7.7857596e-01
   7.7997303e-01
   7.1038407e-01
   6.1989474e-01
   4.4326454e-01
   1.7333515e-01
  -2.0390617e-02
   4.1934118e-01
   2.6535110e+00
   5.2815232e+00
   5.1714664e+00
   2.8728607e+00
   1.1218492e+00
   4.1312981e-01
   3.0029643e-01
   2.4374611e+00
   1.5664868e+01
   3.4361721e+01
   3.4063480e+01
   2.0098066e+01
   8.2921515e+00
   2.4340136e+00
   5.6530827e-01
   1.0871148e-01
   2.5545033e-02
   6.9621652e-02
   1.1278225e+00
   3.2136192e+00
   4.0539804e+00
   2.9825242e+00
   1.6550504e+00
   5.7785070e-01
  -1.8575853e-02
  -1.7853156e-01
   1.0667297e-01
   3.1678295e-01
   5.3267920e-01
   6.5434140e-01
   4.9266312e-01
   2.5717977e-01
   1.4421248e-01
   8.7286226e-02
   6.5134570e-02
   1.4681716e-01
   8.2087979e-02
   7.8702211e-02
   1.6053022e-01
   2.5860921e-01
   9.0707964e-01
   2.0255477e+00
   2.0660272e+00
   1.2768449e+00
   3.7061945e-01
   1.0165763e-01
   9.7642422e-02
   1.2631884e-01
   1.1849052e-01
   1.3444312e-01
   7.3744483e-02
   1.8849011e-01
   2.2267914e-01
   2.4331760e-01
   2.3725654e-01
   2.5962543e-01
   2.3348252e-01
   1.3274883e-01
   2.3638416e-02
   1.5050425e-01
   2.6423672e-01
   3.1165752e-01
   1.5062915e-01
   3.8740948e-02
  -5.0586246e-02
  -7.5659421e-03
   1.5992595e-01
   2.7188089e-01
   2.0349209e-01
   2.6495157e-02
  -6.9390476e-02
  -1.7314460e-02
   2.0283426e-01
   5.4585886e-01
   9.1240293e-01
   9.2977232e-01
   5.4649180e-01
   1.5475878e-01
   7.6624498e-02
   9.8774338e-01
   2.6100497e+00
   3.1762323e+00
   2.2527032e+00
   1.0237911e+00
   2.8022394e-01
   4.3586943e-01
   1.0271127e+00
   1.1977158e+00
   7.0111185e-01
   3.0888712e-01
   3.2705230e-01
   4.1224390e-01
   5.4715300e-01
   2.4997973e+00
   5.7604442e+00
   6.2241673e+00
   4.0373182e+00
   1.6766093e+00
   5.0309110e-01
   1.8601535e-01
   9.8550573e-02
   7.4630618e-02
   9.8974764e-02
   2.9371187e-01
   6.8294781e-01
   8.7913460e-01
   6.3888246e-01
   3.7376988e-01
   1.2119359e-01
   2.8665494e-02
   2.1275101e-02
   7.5027257e-02
   1.8771087e-01
   1.7326638e-01
   2.0399076e-01
   1.0311981e-01
   2.0081785e-03
   5.0221905e-03
   3.7578434e-02
   4.1301560e-02
   1.2538916e-02
   1.3528286e-02
   6.0698092e-02
   1.0994171e-01
   5.5726223e-02
   1.5390481e-01
   3.8064411e-01
   3.1941897e-01
   1.2704363e-01
   3.6434215e-02
   8.9620061e-02
   1.0355433e-01
   1.1586703e-01
   7.8988694e-02
   3.1511296e-02
   4.9959771e-02
   1.2916566e-01
   1.3360547e-01
   1.2026517e-01
   1.2406340e-01
   7.7425547e-02
   8.6801909e-02
   1.0233928e-01
   2.4572611e-02
   1.0718834e-01
   1.6056393e-01
   7.3279962e-02
   4.7326785e-02
   3.8185842e-02
   2.0536594e-02
   1.6403069e-01
   2.3284118e-01
   1.6931292e-01
   3.5987822e-03
  -1.1497017e-02
  -5.4405378e-03
   1.0041159e-01
   1.7415810e-01
   3.0081850e-01
   3.7824488e-01
   2.9809761e-01
   1.2422755e-01
   1.7205453e-01
   3.3928812e-01
   5.8761609e-01
   6.7942160e-01
   3.2321945e-01
   1.1645527e-01
   3.8660809e-02
   4.7402149e-01
   1.1961139e+00
   1.4352244e+00
   1.0181755e+00
   4.7754219e-01
   1.3134421e-01
   5.5511370e-02
   9.7214174e-01
   3.7869940e+00
   6.1793785e+00
   5.3402729e+00
   3.0839503e+00
   1.3774482e+00
   4.0936694e-01
   1.3528112e-01
   1.0330150e-01
   1.5350546e-01
   3.2082957e-01
   5.1081985e-01
   7.3330498e-01
   6.6611785e-01
   4.3443725e-01
   2.4044743e-01
   1.5541120e-01
   8.5075028e-02
   7.2969526e-02
   6.2875077e-02
   8.8828340e-02
   1.4409140e-01
   1.6434453e-01
   1.1103720e-01
   4.3972589e-02
   7.8727290e-02
   6.7131795e-02
   6.6073857e-02
   4.2447526e-02
   3.6079939e-02
   7.6846235e-02
   8.0426507e-02
   9.0988211e-02
   1.4057781e-01
   1.4904386e-01
   1.2719300e-01
   7.4182115e-02
   7.3932439e-02
   3.1154588e-02
   2.6381327e-02
   9.5493056e-02
   6.8503112e-02
   3.5822548e-02
   7.0939608e-02
   4.3039434e-02
   3.2408308e-02
   2.5744881e-02
   8.7026820e-02
   9.6537642e-02
   5.2480884e-02
   8.2086951e-02
   8.4555879e-02
   5.3385161e-02
   6.8512775e-02
   2.4319310e-02
   3.3867121e-02
   5.9829924e-02
   9.4018340e-02
   1.1849844e-01
   8.6843103e-02
   8.0254205e-02
   1.0359847e-02
   1.3442215e-02
   4.8729762e-02
   5.2018810e-02
   1.1326703e-01
   2.0082973e-01
   1.4371458e-01
   4.9745854e-02
   7.2561102e-03
   2.4904780e-02
   7.2712637e-02
   1.2117807e-01
   1.2485982e-01
   4.8048053e-02
   2.6417801e-02
   6.6427916e-02
   1.7369105e-01
   3.4954667e-01
   3.2232344e-01
   1.5686953e-01
   4.8141014e-02
  -1.6327456e-02
   1.0223502e-01
   5.8806026e-01
   1.0643542e+00
   1.0503509e+00
   6.5857530e-01
   3.1688443e-01
   2.1537094e-01
   1.4782171e-01
   6.5618843e-02
   8.5131019e-02
   3.2641438e-01
   3.2876688e-01
   3.1583482e-01
   2.7832758e-01
   2.4726743e-01
   2.0063940e-01
   1.9277044e-01
   1.2297775e-01
   6.0637664e-02
   9.4219677e-02
   1.3950376e-01
   1.4443560e-01
   7.5813197e-02
   4.6486288e-02
   7.2042630e-03
   1.6322521e-02
   4.3675933e-02
   6.3820258e-02
   4.0976092e-02
   4.0113915e-02
   2.8207025e-02
   2.8669430e-02
   2.1516768e-02
   7.0739366e-02
   4.9972124e-02
   4.9835227e-02
   3.9870165e-02
   1.8480858e-02
   3.9322298e-02
   3.2203157e-02
   3.5810385e-02
   7.2933555e-02
   5.7101041e-02
   1.6084582e-02
   3.8278252e-02
   7.1033694e-02
   6.3788310e-02
   6.9085598e-02
   6.8850771e-02
   9.5246539e-02
   1.3862345e-01
   1.4202085e-01
   9.9777989e-02
   7.9874128e-02
   7.2117917e-02
   7.6419882e-02
   6.4492404e-02
   4.5328002e-02
   3.6725536e-02
   3.3029702e-02
   7.1675435e-02
   3.9919209e-02
   5.0143171e-02
   5.8751393e-02
   7.6478250e-02
   5.9065629e-02
   7.0940405e-02
   7.3688924e-02
   4.1597378e-02
   6.3424245e-02
   5.3105585e-02
   6.5958738e-02
   3.3934124e-02
   1.4116200e-02
  -1.1599158e-02
   2.8645329e-02
   1.0128712e-01
   1.4981034e-01
   1.3232401e-01
   6.9260761e-02
   2.5801761e-02
   1.6190698e-02
   3.5703015e-02
   1.6638519e-01
   3.6143389e-01
   3.6474499e-01
   2.8182131e-01
   2.0326979e-01
   1.1731289e-01
   8.9079000e-02
   4.9243350e-02
   1.2168322e-01
   1.3904609e-01
   1.0840569e-01
   1.1401949e-01
   8.5761026e-02
   5.8043513e-02
   9.9875562e-02
   1.0399844e-01
   1.1025345e-01
   6.1743580e-02
   1.6383508e-02
   4.5102168e-02
   4.1636784e-02
   1.3881162e-01
   1.3990219e-01
   1.2009028e-01
   1.2325312e-01
   7.4376471e-02
   2.0294882e-02
   4.8921589e-02
   1.2225287e-01
   2.0652856e-01
   1.9601749e-01
   1.3681215e-01
   6.9342025e-02
   1.7155377e-02
   2.6836338e-02
   2.7463040e-01
   6.4735585e-01
   7.4826974e-01
   5.4796124e-01
   2.7773955e-01
   1.2673068e-01
   7.8093208e-02
   1.5349707e-01
   2.3515256e-01
   3.0090696e-01
   2.1460102e-01
   1.6368231e-01
   1.4882077e-01
   9.9807858e-02
   1.4124961e-01
   2.4200204e-01
   2.6359466e-01
   1.2946904e-01
   5.7347685e-02
   2.5971457e-02
   8.3275875e-03
   2.1324800e-02
   2.5639949e-02
   1.0014880e-02
   1.5838385e-02
   2.6139325e-02
   5.5061385e-02
   4.3322440e-02
   7.5436689e-02
   8.1758752e-02
   3.7580606e-02
   3.4663171e-02
   4.9685486e-02
   8.9620747e-02
   7.9790711e-02
   7.9092570e-03
   5.8745337e-03
   1.1354038e-02
   1.3293014e-02
   6.5296620e-02
   9.5448725e-02
   7.1134664e-02
   4.1522730e-02
   4.7148909e-02
   8.4822789e-02
   4.1589115e-02
   9.4883613e-02
   1.2091956e-01
   1.0631139e-01
   8.9865446e-02
   8.5189775e-02
   5.1479518e-02
   5.8178585e-02
   5.3543199e-02
   2.9033953e-02
   2.9969379e-02
   5.4391127e-02
   6.2432062e-02
   8.4110424e-03
   1.4970263e-02
   5.5906471e-02
   4.8522424e-02
   6.6769645e-02
   8.9321189e-02
   8.5195281e-02
   4.7914922e-02
   2.2988047e-02
   3.2969803e-02
   1.9962694e-02
   6.1991844e-02
   5.2564546e-02
   5.7475056e-02
   5.1291298e-02
   7.3379740e-02
   8.2898848e-02
   4.4678237e-02
   8.3937310e-02
   8.3503991e-02
   8.3546638e-02
   3.0091563e-02
   5.9383843e-02
   1.2322860e-01
   2.3400134e-01
   2.3690100e-01
   1.7276302e-01
   1.1038359e-01
   4.0950723e-02
   8.8414341e-02
   7.0355974e-02
   9.8202080e-02
   9.8426968e-02
   9.4329715e-02
   5.0765872e-02
   5.7378680e-02
   8.5758112e-02
   1.3245516e-01
   1.2418261e-01
   1.0334957e-01
   6.4282157e-02
   7.0928797e-02
   1.3077292e-01
   1.7692815e-01
   1.7428301e-01
   3.4457088e-02
   4.2568356e-02
   5.0181422e-02
   1.1854202e-01
   2.7092230e-01
   2.7990976e-01
   1.6127127e-01
   1.4099666e-01
   1.0160391e-01
   9.1772452e-02
   1.7040546e-01
   3.3026579e-01
   4.4869298e-01
   4.2701659e-01
   2.6899293e-01
   1.1362313e-01
   9.7185140e-03
   1.8968470e-01
   3.6541319e-01
   4.9016288e-01
   5.4940611e-01
   4.4982824e-01
   3.5516614e-01
   3.0049288e-01
   5.9321845e-01
   9.9811864e-01
   1.0086074e+00
   6.9700348e-01
   3.0668119e-01
   3.9128520e-02
   1.0377519e-01
   7.6759195e-01
   1.5230932e+00
   1.2360266e+00
   6.2567097e-01
   2.6724312e-01
   8.4146028e-03
   3.2326722e-01
   2.0025368e+00
   4.3040323e+00
   4.7389417e+00
   3.3997529e+00
   1.5282702e+00
   4.8673049e-01
   3.3618629e-01
   1.1315117e+00
   1.9407463e+00
   1.8844141e+00
   1.3525230e+00
   9.1528654e-01
   5.8816922e-01
   4.9063459e-01
   8.5590994e-01
   1.1181463e+00
   9.2973816e-01
   6.4490348e-01
   4.1234371e-01
   2.3714179e-01
   3.6311632e-01
   6.8160915e-01
   8.1991345e-01
   6.5749043e-01
   3.9375621e-01
   2.6962206e-01
   1.5747169e-01
   8.1804574e-02
   8.5075431e-02
   1.1811546e-01
   1.2432227e-01
   1.4532626e-01
   6.6576116e-02
   7.7530861e-02
   8.7468393e-02
   1.2531514e-01
   1.9467738e-01
   1.0892727e-01
   7.7817462e-02
   3.8157441e-02
   9.6011451e-03
   7.8039847e-02
   7.0370167e-02
   2.7630808e-02
   3.3208512e-02
   9.4079942e-02
   5.4003451e-02
   6.1393756e-02
   9.5697522e-02
   1.5603426e-01
   4.7377452e-02
   5.3691760e-02
   4.6443809e-02
   5.6479394e-02
   1.4721158e-01
   2.7998394e-01
   2.5443622e-01
   1.3902630e-01
   1.5079627e-02
  -1.9248562e-02
   8.9596383e-02
   1.7371587e-01
   3.2786351e-01
   3.4028077e-01
   1.6017409e-01
   1.0281696e-01
   1.0547024e-01
   1.8483481e-01
   1.8707021e-01
   1.3278930e-01
   5.3948641e-02
   3.9055731e-02
   1.1465661e-01
   3.2005507e-01
   3.0856127e-01
   2.8438470e-01
   1.5449680e-01
   1.1542491e-02
   3.3180935e-03
   2.4315114e-01
   8.9208388e-01
   1.3764631e+00
   1.1467141e+00
   5.9210032e-01
   1.5213400e-01
  -1.1781675e-03
   1.1935119e-01
   3.7298983e-01
   4.6514183e-01
   3.8110778e-01
   2.5417978e-01
   1.7866920e-01
   1.8521456e-01
   2.2054033e-01
   2.8204960e-01
   2.6614004e-01
   1.5794162e-01
   4.4648863e-02
  -5.2384175e-03
   7.2433134e-03
   8.1644669e-02
   1.8261175e-01
   2.3317432e-01
   1.4717457e-01
   6.3391902e-02
   5.2118089e-02
   4.6530217e-02
   6.2298715e-02
   7.8598991e-02
   6.4091995e-02
   4.8010513e-02
   3.2230441e-02
   1.0415993e-01
   1.9237229e-01
   2.5552118e-01
   1.6692743e-01
   7.4601278e-02
   3.4561206e-02
  -2.0879447e-03
   1.6394582e-02
   3.2203574e-02
   9.3582500e-04
   3.3385634e-02
   5.4878522e-02
   7.2872840e-02
   9.0157524e-02
   9.9849947e-02
   9.0958558e-02
   1.0437676e-01
   9.6144274e-02
   8.5795067e-02
   4.9877632e-02
   1.2729660e-01
   1.1038888e-01
   9.1277055e-02
   8.8278867e-02
   3.5356261e-02
  -5.6369579e-04
   1.3522311e-02
   1.7377317e-02
   4.3857943e-02
   1.6640775e-01
   3.3110029e-01
   3.3139917e-01
   2.3017792e-01
   1.3937484e-01
   7.6217964e-02
   9.3127832e-02
   3.1120387e-01
   1.0718645e+00
   1.9312968e+00
   1.7254941e+00
   9.2922235e-01
   4.1193029e-01
   2.0418729e-01
   2.1388765e-01
   4.8493001e-01
   6.3326907e-01
   6.6259599e-01
   7.4992883e-01
   8.9564419e-01
   6.4625424e-01
   3.4638229e-01
   1.2689342e-01
   2.1812541e-02
   1.3197717e-01
   2.5123116e-01
   2.5927606e-01
   2.3475713e-01
   1.6386637e-01
   7.0407405e-02
   1.7785212e-02
   6.4504623e-02
   1.1997182e-01
   5.2873120e-02
   6.8448640e-02
   6.7945965e-02
   5.1417619e-02
   4.9642548e-02
   1.2102155e-01
   5.3599421e-02
   7.4806392e-02
   2.4905408e-02
   2.2121474e-02
   2.7843602e-02
   5.7562709e-02
   4.0781092e-02
   2.1018052e-02
  -7.1336022e-03
   3.5657335e-02
   3.1471591e-02
   4.2387426e-02
   7.0167400e-02
   8.2586005e-02
   5.0680589e-02
   6.0509630e-02
   4.1923232e-02
   5.1994395e-02
   1.5927667e-02
   3.3263732e-02
   8.9142742e-03
   3.2276832e-02
   7.0929825e-02
   8.7929428e-02
   8.3307147e-02
   1.0605627e-01
   6.9241047e-02
   6.1202504e-02
   9.3154743e-02
   2.4941599e-02
   2.8504046e-02
   6.8399809e-02
   5.6253247e-02
   4.2212412e-02
   5.5876851e-02
   3.5235886e-02
   1.0565526e-02
   3.1420525e-02
   2.9798137e-02
   3.8896862e-02
   7.3381580e-02
   9.2460364e-02
   5.2976198e-02
   4.5033894e-02
   1.0443536e-03
   6.9429749e-03
   3.9625362e-02
   1.8778205e-01
   2.7947634e-01
   2.4632184e-01
   1.4295499e-01
   5.2299358e-02
   7.6027863e-02
   7.9629645e-02
   1.1450426e-01
   1.2011556e-01
   1.0989340e-01
   1.4450525e-01
   1.7855805e-01
   1.1713967e-01
   6.2871359e-02
   1.7405281e-02
  -4.1384506e-03
   3.6957823e-02
   1.0195438e-01
   1.2634528e-01
   7.1402840e-02
   6.5838791e-02
   3.4949481e-02
   6.7408182e-02
   8.1182882e-02
   7.3605768e-02
   6.1478518e-02
   2.5659192e-02
   1.0277201e-02
   5.0767336e-02
   2.7071573e-02
   7.1026348e-02
   8.4084973e-02
   2.2483384e-02
   1.7380783e-02
   2.2325749e-02
   4.3559801e-02
   4.8522551e-02
   2.5237344e-02
   2.1081278e-02
   2.4164556e-02
   4.5023195e-02
   5.6276318e-02
   3.3175182e-02
   5.2561145e-02
   3.7726771e-02
   3.1977587e-03
   1.3123830e-02
   3.2783139e-02
   3.2500774e-02
   3.4920756e-02
   2.1279212e-02
   7.5591486e-03
   4.0323287e-02
   5.6973372e-02
   4.5703650e-02
   2.8579185e-02
   1.4616000e-02
   3.8521145e-02
   1.6004812e-02
   2.6577897e-02
   2.2992685e-02
   1.4039224e-02
   9.8640909e-03
   2.5410738e-02
   3.5889573e-02
   5.7799537e-02
   3.8916674e-02
   1.3756603e-02
   1.0973756e-02
   3.9149515e-02
   4.0823821e-02
   7.0729926e-03
   1.6861651e-02
   2.2633184e-02
   1.5941810e-02
   2.6097465e-02
   3.3143282e-02
   4.0925886e-02
   8.9475840e-02
   1.0602186e-01
   5.9000108e-02
   4.5726832e-02
   5.3182527e-02
   3.4206796e-02
   4.2245049e-02
   6.5424882e-02
   8.5395895e-02
   7.2033562e-02
   7.4356444e-02
   6.2420581e-02
   4.8349544e-02
   2.9058335e-02
   3.4076042e-02
   2.7904669e-02
   4.1593477e-02
   5.3779621e-02
   3.7289727e-02
   4.4841681e-02
   5.8864504e-02
   4.3387119e-02
   5.1497761e-02
   5.2199747e-02
   4.2505182e-02
  -1.8036488e-03
   2.0701416e-02
   3.6855303e-02
   3.1840071e-02
   1.3901856e-02
   2.4078092e-02
   2.9093079e-02
   3.7269000e-02
   2.4042724e-02
   7.8346496e-03
   3.4754008e-02
   4.3697953e-02
   3.5029236e-02
   4.5495927e-02
   2.5407717e-02
   4.5525581e-02
   5.9827983e-02
   3.4218214e-02
   2.8977975e-02
   4.5708980e-02
   4.5825168e-02
   4.8250478e-02
   5.9795544e-02
   6.1574116e-02
   1.1011987e-02
   1.3570299e-02
   1.7951045e-02
   3.4931362e-02
   2.4905642e-02
   2.5539033e-02
   1.1145769e-02
   3.1144610e-02
   1.3746285e-02
   1.1286570e-02
   2.1660248e-02
   3.6651090e-02
   2.9257463e-02
   2.1929583e-02
   1.3548451e-02
   1.8666072e-02
   2.3374904e-02
   3.4769770e-02
   3.8107846e-02
   3.1425495e-02
   3.0522183e-02
   4.7236204e-02
   3.9540526e-02
   3.8775142e-02
   2.4027215e-02
   1.9325664e-02
   2.1934435e-02
   2.7686900e-02
   3.5665244e-02
   7.5421728e-02
   6.2395293e-02
   2.9668614e-02
   2.5220705e-02
   4.8373457e-02
   4.4762086e-02
   4.2977039e-02
   2.7436724e-02
   4.1473273e-02
   4.6007074e-02
   3.7599098e-02
   6.4038057e-03
   9.0810843e-03
   3.2095004e-02
   2.9451141e-02
   2.5011707e-02
   2.5594626e-02
   3.3659849e-02
   3.3249643e-02
   3.4384534e-02
   2.7899593e-02
   2.4150182e-02
   2.1577148e-02
   3.0853236e-02
   3.3185393e-02
   2.9311143e-02
   1.2335923e-02
   1.5630085e-02
   1.8207498e-02
   8.9104297e-03
   3.4633208e-02
   6.4737126e-03
   3.7832614e-03
   3.5164397e-02
   2.1532124e-02
   4.1339919e-02
   5.7572514e-02
   4.8339698e-02
   1.2356451e-02
  -6.8997394e-04
   1.5709260e-02
   2.4326496e-02
   4.1382432e-02
   4.7527969e-02
   3.0856835e-02
   2.2279248e-02
   2.5934026e-02
   2.9766334e-02
   4.9680579e-02
   2.6054254e-02
   1.4435296e-02
   1.9785883e-02
   2.9102676e-02
   1.5256046e-02
   1.8897373e-02
   1.0741318e-02
   2.2928953e-02
   4.7043305e-02
   3.5508156e-02
   2.1532468e-02
   2.7523605e-02
   2.3221532e-02
   3.7453856e-02
   1.2638226e-02
   1.0652344e-02
   3.1568509e-02
   3.6827464e-02
   3.4732886e-02
   3.9522674e-02
   4.0113725e-02
   2.5745764e-02
   2.1652322e-02
   3.8620457e-02
   3.6292903e-02
   2.5102373e-02
   1.0454307e-02
   5.0908281e-03
   4.2850018e-02
   1.5252801e-02
   1.4801658e-02
   1.8957486e-02
   2.5350000e-03
   2.0262228e-02
   3.1203236e-02
   2.5177853e-02
   2.3593260e-02
   5.3705599e-02
   3.4664422e-02
   1.3651398e-02
   2.1303441e-02
   3.3230465e-02
   4.1223727e-02
   6.1417241e-02
   3.7649553e-02
   1.3648811e-02
   2.6073728e-02
   4.2927206e-02
   3.0891480e-02
   1.5606428e-02
   2.5224850e-02
   3.5562605e-02
   4.3875296e-02
   2.3643253e-02
   2.8475165e-02
   2.2863692e-02
   4.0367220e-02
   2.1733714e-02
   3.4665588e-02
   2.1963619e-02
   3.3627447e-02
   2.3511739e-02
   1.7023163e-02
   1.0475542e-02
   3.5432048e-02
   2.2445723e-02
   2.8823085e-02
   2.9145963e-02
   2.7845966e-02
   1.0010630e-02
   1.9906143e-02
   2.5889829e-02
   5.5148255e-02
   3.3109538e-02
   1.8452697e-02
   2.7261388e-02
   4.2152923e-02
   4.8472658e-02
   5.5322681e-02
   5.0952051e-02
   3.9791092e-02
   5.1854495e-02
   4.4534929e-02
   2.0464791e-02
   1.4111657e-02
   3.3739794e-02
   2.1769898e-02
   2.9640425e-02
   3.5834547e-02
   2.0920228e-02
   7.4785878e-03
   1.2474019e-02
   3.1381857e-02
   3.8540073e-02
   4.3352615e-02
   4.7835119e-02
   6.5435261e-02
   4.6915740e-02
   3.6597155e-02
   4.4284943e-02
   4.7927245e-02
   4.4630472e-02
   4.6435975e-02
   9.0388477e-02
   2.0132230e-01
   2.2069398e-01
   1.1782448e-01
   6.1235737e-02
   8.5674366e-03
   2.6536711e-02
   2.5477374e-01
   6.6313976e-01
   7.9859209e-01
   5.1367807e-01
   1.5514593e-01
   2.7205102e-02
   2.2615079e-02
   1.4243910e-01
   2.8678057e-01
   1.8934199e-01
   1.7210531e-01
   1.1763722e-01
   5.2172702e-02
   4.1763626e-02
   3.1225681e-02
   5.4391053e-02
   6.7000106e-02
   3.9852347e-02
   4.5511559e-02
   5.9791967e-02
   4.5960505e-02
   4.8495434e-02
   4.5598511e-02
   2.9858664e-02
   2.3093633e-02
   3.9535921e-02
   6.2974535e-02
   2.9243082e-02
   2.4229648e-02
   2.9882448e-02
   2.8316993e-02
   3.1386122e-02
   4.3721013e-02
   4.4158127e-02
   3.3009179e-02
   2.8436227e-02
   1.6480932e-02
   6.4386134e-03
   2.1250977e-03
   5.1329002e-02
   5.1967002e-02
   2.6730886e-02
   2.5230106e-02
   3.8638249e-02
   3.6983225e-02
   3.1977326e-02
   4.9401626e-02
   4.6925336e-02
   9.8489411e-03
   9.7126598e-03
   1.6553531e-03
   2.7108023e-02
   2.7480796e-02
   1.8525129e-02
   2.8868051e-02
   4.0459856e-02
   3.2923944e-02
   1.3491411e-02
   2.0708324e-02
   5.8638606e-02
   4.0726073e-02
   2.4554452e-02
   1.2626576e-02
   4.7530243e-03
   7.4858009e-03
   2.0736311e-02
   3.0473229e-02
   3.3449508e-02
   3.7298355e-02
   4.2893369e-02
   6.1442804e-02
   3.5218399e-02
   1.5225194e-02
   2.4467776e-02
   5.5950653e-02
   1.2698175e-01
   1.6283433e-01
   9.8618425e-02
   6.7262731e-02
   1.7394638e-02
   3.6376271e-02
   5.2553046e-02
   4.3182183e-02
   4.5029555e-02
   2.4392674e-02
   4.0597972e-02
   4.4945493e-02
   3.9824899e-02
   2.9150588e-02
   9.9857552e-03
   1.0409993e-02
   1.7223122e-02
   2.2951197e-02
   2.3114422e-02
   1.6041799e-02
   1.3141270e-02
   3.2350238e-02
   3.3647709e-02
   4.5770857e-02
   3.8388554e-02
   1.8361954e-02
   1.1456243e-02
   1.7548198e-02
   7.1003656e-03
   1.7583782e-02
   2.1271853e-02
   2.4627071e-02
   2.5629897e-02
   3.3557963e-02
   2.0481082e-02
   2.8024219e-02
   2.9792087e-02
   1.6015261e-02
   2.5384504e-02
   2.4042187e-02
   5.2693892e-02
   5.0263975e-02
   4.0166985e-02
   4.7454454e-02
   4.8456714e-02
   3.2037999e-02
   2.0988302e-02
   1.0039832e-02
   8.7287659e-03
   2.2195904e-02
   2.2612166e-02
   8.4170485e-03
   2.9654184e-02
   3.1720318e-02
   3.6580063e-02
   2.4179688e-02
   1.1479964e-02
   2.3244511e-02
   1.7382275e-02
   6.1590783e-03
   1.6194398e-02
   2.6423261e-02
   2.1011516e-02
   1.2054027e-02
   1.7764224e-02
   1.0603023e-02
   8.5158208e-03
   2.8541245e-02
   1.7690973e-02
   2.4523942e-02
   2.1099934e-02
   1.4030071e-02
   2.8604040e-02
   2.6393214e-02
   3.8640577e-02
   2.7955495e-02
   4.5828074e-02
   2.9117865e-02
   8.5029546e-03
   1.4311523e-02
  -1.8525039e-03
   1.9407324e-02
   3.1875484e-02
   2.4062736e-02
   4.0168036e-02
   1.9264149e-02
   2.2069123e-02
   2.6085125e-02
   2.9830044e-02
   2.8554348e-02
   2.3088971e-02
   3.2850169e-02
   2.0271402e-02
   1.1342637e-02
   1.9421574e-02
   1.7063167e-02
   1.0147101e-02
   1.5821056e-02
   2.9093780e-02
   3.3211470e-02
   3.6262974e-02
   2.4161160e-02
   6.8011349e-03
   1.3354247e-02
   2.4143547e-02
   3.4385826e-02
   9.7134970e-03
   7.5357677e-03
   1.1498972e-02
   3.0187735e-02
   2.8751152e-02
   3.8464196e-02
   3.5844058e-02
   3.3654295e-02
   2.6810873e-02
   2.5899939e-02
   2.4645358e-02
   3.6619466e-02
   5.5607431e-02
   5.4827508e-02
   2.0434083e-02
   2.4688136e-02
   3.7456758e-02
   4.3953307e-02
   3.8803648e-02
   2.9205436e-02
   6.9527060e-02
   5.5033036e-02
   1.3442433e-02
   2.8605185e-02
   4.8840798e-02
   1.1710404e-02
   7.3729185e-03
   1.4029100e-02
   7.5701373e-03
   4.2149078e-02
   3.9695386e-02
   2.7234336e-02
   2.6275039e-02
   4.3942906e-02
   6.2617213e-02
   7.7101670e-02
   2.1091420e-02
   4.7186837e-02
   4.8975237e-02
   3.8547020e-02
   1.7460294e-02
   2.3142956e-02
   1.5009913e-02
   1.9089360e-02
   2.3690069e-02
   1.1577852e-02
   6.1549563e-03
   7.6788282e-03
   2.4166692e-02
   2.4557175e-02
   2.8626008e-02
   3.4283105e-02
   3.9365925e-02
   2.5848703e-02
   2.8890319e-02
   1.8692886e-02
   1.2787820e-02
   3.4331694e-02
   2.2968553e-02
   2.0026026e-02
   1.5151289e-02
   1.4082844e-02
   3.0402355e-02
   3.3067584e-02
   1.9696083e-02
   3.7211664e-02
   3.2126732e-02
  -6.1220601e-03
   1.3647935e-02
   2.6037754e-02
   5.0370041e-03
   1.2704083e-02
   5.2856877e-02
   7.6922543e-02
   3.8201939e-02
   3.5619035e-02
   3.4784209e-02
   1.1136731e-02
   2.3198318e-02
   4.8854701e-02
   2.4331965e-02
   4.0354952e-02
   4.3509260e-02
   1.5921229e-02
   3.0966658e-02
   3.8542092e-02
   3.2289986e-02
   4.1349526e-03
   1.9752366e-02
   2.4967484e-02
   3.2527663e-02
   1.7605506e-02
   2.1666300e-02
   2.6512083e-02
   2.4689224e-02
   2.5021726e-02
   3.1608030e-02
   1.4295662e-02
   1.8467654e-02
   2.9132022e-02
   2.8882090e-02
   2.3571735e-02
   1.4605549e-02
   5.3464055e-02
   1.8209344e-02
   4.4048838e-02
