   8.2697012e-02
   1.2201987e-01
   7.2299898e-02
   5.5110373e-02
   5.0017841e-02
   7.9863459e-02
   8.3673365e-02
   8.6504921e-02
   1.1921091e-01
   1.2450744e-01
   1.3792005e-02
   3.1383090e-02
   4.3463755e-02
   6.0381029e-02
   1.8887863e-02
   5.8684569e-02
   6.2335450e-03
   6.7401059e-02
   1.4483292e-01
   9.4342254e-02
   4.6768025e-02
   2.3697807e-02
   4.3145485e-02
   7.6949701e-02
   8.5365720e-02
   9.1808639e-02
   1.6792078e-01
   1.0723158e-01
   9.0811096e-02
   4.9490828e-02
   4.6988811e-02
   7.7877432e-02
   6.7428209e-02
   1.3466538e-02
   5.2387636e-02
   8.1979372e-02
   1.2304897e-01
   1.0744194e-01
   9.3696326e-02
   8.6029083e-02
   8.7486602e-02
   9.4577543e-02
   5.9800468e-02
   2.8150367e-02
   7.7590503e-02
   9.6443467e-02
   6.8520263e-02
   6.7357212e-02
   9.1678977e-02
   6.5847009e-02
   5.8685124e-02
   1.0830616e-01
   7.3611960e-02
   4.0726125e-02
   2.7348971e-02
   1.5374786e-02
   3.7187651e-02
   3.7317857e-02
   5.4402661e-02
   7.9005450e-02
   5.4361716e-02
   3.8073741e-02
   8.2350612e-02
   3.5567503e-02
   3.4262184e-02
   3.8625255e-02
   2.5628418e-02
   1.8620322e-02
   5.9718020e-02
   5.6492165e-02
   1.1274438e-01
   1.0077590e-01
   4.5048401e-02
   4.4795610e-02
   8.5100837e-02
   3.9611243e-02
   5.8881324e-02
   8.0988236e-02
   9.0508386e-02
   5.7009738e-02
   5.7775903e-02
   3.3005126e-02
   3.4472816e-02
   1.2514248e-02
   6.8606868e-02
   1.2091515e-01
   9.1641754e-02
   9.8493315e-02
   7.1234711e-02
   5.6706838e-02
   9.3581729e-02
   1.2292723e-01
   8.5202456e-02
   1.4476469e-02
   8.1788369e-02
   1.2231924e-01
   8.1861250e-02
   9.1508761e-02
   9.3897335e-02
   8.3040677e-02
   8.1195459e-02
   1.3070594e-01
   8.2068883e-02
   7.6976091e-02
   3.7829090e-02
   1.0435191e-01
   8.8095859e-02
   1.3558315e-01
   1.4048171e-01
   4.3852974e-02
   4.5529034e-02
   2.4103042e-02
   3.8410708e-02
   9.5160387e-02
   1.6435741e-01
   1.5003297e-01
   8.0372006e-02
   5.9041709e-02
   1.0240576e-01
   1.1775886e-01
   1.2570234e-01
   1.0166507e-01
   8.7740764e-02
   1.2295143e-01
   7.4287936e-02
   5.2186292e-02
   4.7329370e-02
   5.2789859e-02
   8.6857714e-02
   4.9147252e-02
   9.9871345e-02
   9.7833365e-02
   8.2453169e-02
   3.0938603e-02
   5.5106450e-02
   1.1597719e-01
   1.6789447e-01
   1.1351673e-01
   9.8561466e-02
   6.7369841e-02
   4.8692759e-02
   2.7050981e-02
   4.7953244e-02
   7.3268712e-02
   5.3335525e-02
   4.7382332e-02
   4.6623446e-02
   1.1317644e-01
   1.5779750e-01
   1.0119295e-01
   5.6557868e-02
   6.4104713e-02
   1.1679985e-01
   4.8021253e-02
   3.3382226e-02
   4.6859592e-02
   6.2156256e-02
   1.1451656e-01
   1.2377211e-01
   4.7193877e-02
   3.8544830e-02
   5.5422891e-02
   6.8451069e-02
   7.8473829e-02
   3.5109669e-02
   3.2707684e-02
   6.2017236e-02
   8.2517803e-02
   1.4947338e-01
   9.0279035e-02
   1.2744875e-01
   1.0228026e-01
   9.9828802e-02
   8.0542721e-02
   6.3445091e-02
   4.5664899e-02
   6.4548142e-02
   1.0276889e-01
   1.3574280e-01
   1.1329855e-01
   9.7650796e-02
   1.0413064e-01
   8.0139361e-02
   7.0342459e-02
   3.6549971e-02
   7.5851828e-02
   2.8771455e-03
   8.1078924e-02
   1.1860275e-01
   1.1467963e-01
   1.2371335e-01
   1.1411156e-01
   2.2273198e-02
   3.3592954e-02
   5.6399465e-02
   5.1167265e-02
   4.9261544e-02
   8.4259167e-02
   1.1849228e-01
   1.0344781e-01
   5.8853157e-02
   8.3252199e-02
   4.9317814e-02
   2.0223606e-02
   5.2564230e-02
   9.0725780e-02
   8.4709339e-02
   6.4707778e-02
   6.0233373e-02
   8.5790299e-02
   6.0063899e-02
   5.5771284e-02
   7.4475572e-02
   4.7631573e-02
  -7.9406435e-03
   1.2970936e-02
   1.7438732e-02
   6.5974005e-02
   6.4424686e-02
   1.1915887e-01
   8.2787588e-02
   6.6192903e-02
   5.9237503e-02
   8.0664590e-02
   1.1020075e-01
   1.4593583e-01
   1.6192114e-01
   1.1289302e-01
   5.7529472e-02
   7.9950243e-02
   6.1939299e-02
   2.9931881e-03
   1.2726153e-02
   2.9390991e-02
   1.0083246e-01
   1.6271527e-01
   1.3086215e-01
   1.4025180e-01
   1.4339460e-01
   9.3410388e-02
   1.1770479e-01
   2.4030100e-01
   1.4003001e-01
   7.3420942e-02
   7.7912331e-02
   7.3177196e-02
   7.8907825e-02
   9.7292595e-02
   8.5221127e-02
   1.1008661e-01
   8.3098456e-02
   5.0956316e-02
  -3.3228749e-03
   3.5991654e-02
   7.0883684e-02
   4.4705544e-02
   6.4251095e-02
   1.1604920e-01
   1.2521504e-01
   6.4219810e-02
   5.6231327e-02
   2.4281602e-02
   5.3039249e-02
   4.2413965e-02
   8.2489334e-02
   7.7303134e-02
   2.1052247e-02
   5.8639448e-02
   1.0749657e-01
   8.3344243e-02
   1.0497284e-01
   8.4516637e-02
   5.4135423e-02
   1.1222704e-01
   1.0190947e-01
   1.3927621e-01
   1.2962031e-01
   8.7538488e-02
   1.1113857e-01
   5.7824675e-02
   5.0970707e-02
   3.5227224e-02
   7.3776573e-02
   1.6839758e-01
   9.9677056e-02
   9.4664469e-02
   8.2588270e-02
   7.6035969e-02
   2.1411616e-02
   5.5854194e-02
   5.6339093e-02
   4.7236133e-02
   6.7068309e-02
   8.5146517e-02
   1.2067315e-01
   1.4794667e-01
   1.3991012e-01
   1.5192702e-01
   1.4096712e-01
   1.2325678e-01
   5.4171897e-02
   7.8253247e-02
   7.5586349e-02
   5.6401536e-02
   1.1056452e-01
   1.0802224e-01
   9.2841245e-02
   8.6729027e-02
   4.3805506e-02
   1.9110044e-02
   6.8903476e-02
   1.1171366e-01
   1.2599243e-01
   1.3470703e-01
   1.1485923e-01
   6.1981369e-02
   4.6744354e-02
   4.2283464e-02
   9.6201696e-02
   8.6314030e-02
   1.9285211e-02
   1.0401342e-01
   1.1093535e-01
   9.5319442e-02
   7.4703567e-02
   3.6898825e-02
   2.4211315e-02
   1.5334915e-01
   1.1203948e-01
   9.2894144e-02
   5.4927520e-02
   4.4245873e-02
   7.1834281e-02
   6.8158865e-02
   7.7332936e-02
   4.0843457e-02
   6.5487921e-02
   1.4265443e-02
   3.9789580e-02
   2.2398127e-02
   8.9102842e-02
   1.2175976e-01
   9.9024825e-02
   9.8517314e-02
   1.0672367e-01
   8.7916918e-02
   6.6867016e-02
   6.7365892e-02
   6.6184089e-02
   6.3511513e-02
   5.7145834e-02
   5.4569691e-02
   9.5322460e-02
   9.2648804e-02
   6.5798499e-02
   1.2092318e-01
   6.9603711e-02
   1.2020840e-01
   1.2530959e-01
   1.3639319e-01
   1.3329525e-01
   6.2276546e-02
   3.1821243e-02
   9.8533444e-03
   5.7197228e-02
   7.3724449e-02
   8.7436795e-02
   1.1427383e-01
   8.0976471e-02
   4.2032402e-02
   3.2469891e-02
   9.4922990e-02
   1.0726593e-01
   9.2600130e-02
   3.0120932e-02
   5.6212664e-02
   1.2684567e-01
   2.1509619e-01
   2.6190901e-01
   1.8305889e-01
   1.8059333e-01
   1.3939932e-01
   7.9321451e-02
   1.0878798e-01
   8.1133448e-02
   2.9488241e-02
   4.5815349e-02
   9.3219563e-02
   7.3248953e-02
   6.4858094e-02
   7.2383553e-02
   6.7406103e-02
   8.5031644e-02
   3.1980611e-02
   4.9465235e-02
   5.3498935e-02
   4.5787427e-03
   5.2216023e-02
   1.4557305e-01
   1.7596684e-01
   1.0291703e-01
   9.5475584e-02
   1.0510784e-01
   9.5410161e-02
   3.4480602e-02
   4.1073848e-02
   6.1202966e-02
   7.6503158e-02
   7.0732921e-02
   9.5852710e-02
   1.2681979e-01
   8.1267662e-02
   7.8801624e-02
   1.4223720e-01
   1.6623524e-01
   2.5506568e-01
   2.0418252e-01
   7.5802781e-02
   6.4559206e-02
   5.6357451e-02
   8.0381788e-02
   1.0803436e-01
   8.5612819e-02
   1.3763478e-01
   8.9004308e-02
   5.9746917e-02
   8.1843577e-02
   1.2957406e-01
   8.1512667e-02
   1.8300407e-02
   8.3372574e-03
   3.8528208e-02
   1.3143170e-01
   8.3171673e-02
   4.4819254e-02
   8.1124134e-02
   8.9726284e-02
   1.0987669e-01
   8.2128644e-02
   7.6076962e-02
   7.5490989e-02
   9.0877682e-02
   1.0650781e-01
   1.0052503e-01
   7.7251986e-02
   6.8454988e-02
   5.8632489e-02
   8.8105567e-02
   7.1481422e-02
   4.5698401e-02
   4.7088392e-02
   6.6627525e-02
   2.9017603e-02
   3.5118829e-02
   4.6159118e-02
   6.0941193e-02
   9.3163006e-02
   4.7143836e-02
   3.3843923e-02
   3.2830983e-02
   4.5166157e-02
   1.0499217e-01
   1.2551412e-01
   8.4779732e-02
   7.3779844e-02
   8.6497851e-02
   6.8993852e-02
   4.0634405e-02
   3.4377385e-02
   6.1360445e-02
   3.7259154e-02
   7.9025649e-02
   7.9652570e-02
   5.4823831e-02
   6.6089571e-02
   4.9859144e-02
   6.9985300e-02
   1.1595059e-01
   8.0647483e-02
   6.3483551e-02
   9.0113997e-02
   9.9086978e-02
   9.1868497e-02
   9.2930719e-02
   1.7080377e-01
   1.1054379e-01
   8.9767836e-02
   1.9949142e-02
   3.9134730e-02
   8.5324101e-02
   9.5285051e-02
   6.1487071e-02
  -5.9055379e-03
   9.9995561e-02
   1.5192641e-01
   8.8822767e-02
   1.0300316e-01
   8.8692658e-02
   1.0732561e-01
   8.0887295e-02
   4.7064148e-02
   2.8555805e-02
   4.5686122e-02
   1.1918777e-01
   1.2171173e-01
   6.2588662e-02
   6.0396764e-02
   2.3519784e-02
   4.2039197e-02
   8.5652590e-02
   3.5611100e-02
   6.7572691e-02
   6.4666323e-02
   4.2508658e-02
   8.5467935e-02
   8.1049368e-02
   9.6993975e-02
   1.4933999e-01
   5.7105396e-02
   4.4568408e-02
   4.3756586e-02
   2.8868735e-02
   5.9785254e-02
   7.5920098e-02
   1.0639337e-01
   1.7136586e-01
   1.9164751e-01
   1.7887966e-01
   1.6649343e-01
   3.6971085e-02
   2.7285885e-02
   8.4371619e-02
   1.2395694e-01
   1.5169953e-01
   8.5506283e-02
   6.9391299e-03
   6.3428901e-02
   1.5395783e-01
   2.4550568e-01
   2.0593712e-01
   1.3979945e-01
   1.2593950e-01
   1.1981917e-01
   8.3507575e-02
   9.1374606e-02
   5.0439738e-02
   3.5335083e-02
   3.6599148e-02
   4.1423779e-02
   1.2711988e-01
   9.8654382e-02
   4.2117856e-02
   5.3149257e-02
   8.8782370e-02
   5.6052063e-02
   6.9538616e-02
   9.4561458e-02
   7.6367259e-02
   5.3238440e-02
   1.0086440e-01
   1.1654524e-01
   2.3186742e-01
   1.6472594e-01
   8.1206195e-02
   3.9300885e-02
   5.3744216e-02
   9.2340134e-02
   9.7301237e-02
   1.2567052e-01
   1.8352517e-01
   8.8814527e-02
   3.3069167e-02
   4.6351321e-02
   4.3540344e-02
   1.1254527e-01
   1.5673970e-01
   1.4529847e-01
   1.5501204e-01
   1.0047986e-01
   2.3247994e-02
  -1.8564072e-02
   6.8322307e-04
   9.3936533e-02
   9.2178181e-02
   1.0886575e-01
   7.0622459e-02
   2.3224082e-02
   1.6052336e-01
   4.5688456e-01
   4.1671008e-01
   1.9434980e-01
   2.2965601e-01
   1.4658722e-01
   1.2454792e-01
   5.3558189e-02
   2.6773798e-01
   1.1751939e+00
   1.5370003e+00
   7.7385807e-01
   2.0722444e-01
   1.2031737e-01
   1.7742494e+00
   6.0539713e+00
   5.6644449e+00
   2.2704053e+00
   5.7582498e-01
   2.7236378e-01
   1.8086752e-01
   3.5050824e-01
   8.7974763e-01
   9.8302263e-01
   5.4412502e-01
   2.1025248e-01
   7.8385994e-02
   6.3071862e-02
   1.7182972e-01
   3.8691768e-01
   3.9441451e-01
   1.9796917e-01
   1.2154035e-01
   7.0213951e-02
   9.8670498e-02
   1.2183727e-01
   1.4113241e-01
   2.4907747e-01
   2.9840752e-01
   1.4167660e-01
   2.1800485e-02
   6.1178841e-02
   1.0183353e-01
   9.8005727e-02
   6.0841531e-02
   8.0913723e-02
   1.8558910e-02
   9.8942958e-02
   1.4459836e-01
   4.9778141e-02
   1.7929088e-02
   5.4837544e-02
   6.2013775e-02
   7.4574910e-02
   9.9272534e-02
   6.3935354e-02
   6.5658547e-02
   5.2928593e-02
   3.7674639e-02
   3.7960723e-02
   1.2985927e-01
   2.8539324e-01
   2.3472942e-01
   1.6625984e-01
   1.1390699e-01
   3.3787152e-01
   5.2643049e-01
   3.6607778e-01
   1.7995431e-01
   1.6348231e-01
   1.4512318e-01
   2.0630233e-01
   1.4468282e-01
   1.0546817e-01
   2.0821719e-01
   6.8448216e-01
   6.5384191e-01
   3.3292466e-01
   1.7374110e-01
   1.4581782e-01
   8.2566850e-02
   6.4252555e-02
   1.9839786e-01
   1.2624429e-01
   3.4305587e-02
   1.6283972e-02
  -1.2600290e-02
   3.2113053e-02
   2.1931781e-02
   9.2698142e-02
   5.2263871e-02
   4.1826099e-02
   7.1833044e-02
   6.6802040e-02
   8.5682228e-02
   6.7820281e-02
   8.6510755e-02
   1.6884612e-01
   1.6976494e-01
   1.3834998e-01
   1.3007779e-01
   1.1487466e-01
   1.1169007e-01
   1.0035491e-01
   1.1926165e-01
   9.8169222e-02
   8.8226534e-02
   9.7344339e-02
   3.6353946e-02
   3.1874370e-02
   5.7378527e-02
   1.4135799e-02
   6.1714344e-02
   7.7703416e-02
   3.8000911e-03
   5.7943180e-02
   3.9046470e-03
   2.7571287e-02
   4.5573775e-02
   7.7872589e-02
   1.0123459e-01
   1.9354762e-01
   2.0843849e-01
   1.3891418e-01
   1.3659362e-01
   1.7738627e-01
   6.9011599e-02
   2.0878520e-02
   1.8965766e-01
   3.6738780e-01
   2.5504738e-01
   1.5537056e-01
   7.1800955e-02
   2.5944564e-01
   1.1455170e+00
   1.3724349e+00
   7.5474530e-01
   2.8159869e-01
   7.5635634e-02
   8.7135144e-02
   1.3563395e-01
   2.1917431e-01
   2.9687133e-01
   1.8647043e-01
   8.2673393e-02
   1.0413323e-01
   6.9327027e-02
   3.1691428e-02
   1.5134405e-01
   9.5990069e-02
   1.0446116e-01
   1.0629292e-01
   5.1394358e-02
   5.5930503e-02
   4.8846677e-02
   9.0542793e-02
   9.1376752e-02
   9.1184415e-02
   6.8481505e-02
   3.7131254e-02
   9.2587456e-02
   8.4130868e-02
   6.5613918e-02
   4.0360440e-02
   5.5355079e-02
   8.5370421e-02
   6.0023669e-02
   2.3381770e-02
   4.1746475e-02
   8.2972996e-02
   3.5685446e-02
   4.6611179e-02
   6.8375215e-02
   4.3112241e-02
   7.4963883e-02
   4.3041628e-02
   3.8538247e-02
   6.0587477e-02
   6.0666427e-02
   1.8962832e-01
   2.2620852e-01
   1.4194632e-01
   1.1207896e-01
   8.6876281e-02
   1.0888611e-01
   7.7125467e-02
   8.9958146e-02
   1.1228578e-01
   7.4904248e-02
   5.9984829e-02
   7.9250686e-02
   8.6974688e-02
   1.1590248e-01
   2.0884785e-01
   2.0506023e-01
   8.0959320e-02
   8.9663498e-02
   8.6452924e-02
   3.1528756e-02
   4.4907860e-02
   1.1191995e-01
   6.0457073e-02
   5.9658241e-02
   9.7881213e-02
   1.1086816e-01
   8.0745213e-02
   1.5331105e-02
   6.5317273e-02
   3.0161845e-02
   3.0387139e-02
   4.2943314e-02
   5.5104725e-02
   5.4197334e-02
   1.2159730e-01
   1.8600996e-01
   9.4728321e-02
   5.0196391e-02
   3.5758637e-02
   7.1289927e-02
   7.1327887e-02
   4.0343240e-02
   8.0177762e-02
   1.1192850e-01
   1.1963765e-01
   9.4287381e-02
   6.3147902e-02
   3.1203326e-02
   7.1349695e-02
   8.0929890e-02
   7.6178893e-02
   8.6928792e-02
   8.5077137e-02
   4.1856173e-02
   3.5329495e-02
   7.7183992e-02
   4.1047856e-02
   4.1226942e-02
   8.5764416e-02
   4.6270385e-02
   3.3333667e-02
   1.0645676e-01
   1.6377364e-01
   1.8002985e-01
   8.3898515e-02
   8.2019217e-02
   7.3251404e-02
   9.0490602e-02
   9.6103437e-02
   1.0970817e-01
   4.7879525e-02
  -4.5021689e-03
   6.8855166e-02
   1.2790349e-01
   1.0568199e-01
   4.6851099e-02
   3.0857744e-03
   5.6666248e-02
   1.6246065e-01
   8.9100897e-02
   9.4616571e-03
   3.0799247e-02
   5.8605552e-02
   6.1052762e-02
   9.9590495e-02
   9.0973005e-02
   1.3966313e-01
   2.2837184e-01
   1.9691107e-01
   5.7952881e-02
   2.5273386e-02
   8.8224880e-02
   1.1161313e-01
   6.4994127e-02
   1.2696537e-01
   9.2359208e-02
   1.2811215e-01
   1.7620437e-01
   2.3542158e-01
   1.8073137e-01
   7.1905427e-02
   1.3514765e-01
   1.3866341e-01
   1.1747193e-01
   7.2522886e-02
   5.6724593e-02
   7.9431310e-02
   5.8829490e-02
   1.0076671e-01
   1.0839090e-01
   3.9908141e-02
   8.8523641e-02
   9.3839675e-02
   2.4702013e-02
   7.1635365e-02
   1.1187847e-01
   6.3050903e-02
   9.4857089e-02
   4.6144720e-02
   5.2254349e-02
   1.0721388e-01
   5.4870579e-02
   5.5257179e-02
   1.0175661e-02
   1.0678577e-01
   8.9818984e-02
   3.9193790e-02
   4.0420864e-02
   5.9437167e-02
   7.3913731e-02
   5.8757268e-02
   1.4645138e-02
   6.2241543e-02
   4.7545158e-03
   2.8614022e-02
   9.8684460e-02
   7.5563334e-02
   5.5038065e-02
   1.1984834e-01
   1.3313259e-01
   7.0486389e-02
   8.2949802e-02
   1.2061144e-01
   9.9583156e-02
   6.3928239e-02
   6.8630256e-02
   1.2073492e-01
   1.2425566e-01
   1.1679611e-01
   1.7575033e-01
   1.7107990e-01
   1.1535500e-01
   1.1709428e-01
   1.7907846e-01
   1.3528155e-01
   1.3806088e-01
   9.1458708e-02
   1.6973653e-01
   1.0299207e-01
   5.4013614e-02
   1.4222269e-01
   1.0144665e-01
   9.7149841e-02
   1.9889128e-01
   1.8028906e-01
   1.0314508e-01
   1.1803691e-01
   1.8608703e-01
   1.5813747e-01
   1.4036575e-01
   1.7255874e-01
   1.5492404e-01
   2.3063263e-01
   2.3861827e-01
   1.6410884e-01
   1.8729243e-01
   2.3300870e-01
   3.2950377e-01
   3.0150190e-01
   1.7176507e-01
   1.7107548e-01
   2.3737031e-01
   3.0876097e-01
   2.6077375e-01
   1.4781128e-01
   1.3595177e-01
   2.7059045e-01
   4.4171053e-01
   3.0390042e-01
   1.4988686e-01
   1.4184341e-01
   4.8324388e-01
   6.1819029e-01
   4.7167632e-01
   1.0185596e-01
   1.1732034e-01
   5.3135949e-01
   7.2253680e-01
   4.9585727e-01
   2.3493339e-01
   2.1423456e-01
   9.2442560e-01
   1.2273679e+00
   8.0326039e-01
   3.6975628e-01
   2.8046149e-01
   6.3511586e-01
   5.2649033e-01
   2.5258559e-01
   9.7812273e-02
   2.6006699e-01
   5.6431395e-01
   4.8137712e-01
   1.8735588e-01
   1.4127612e-01
   2.2981770e-01
   2.3896906e-01
   1.0764156e-01
   1.3411792e-01
   2.3340102e-01
   1.8000226e-01
   9.0890639e-02
   5.9992719e-02
   5.1021110e-02
   3.9593738e-02
   4.7740407e-02
   6.1164532e-02
   8.1394687e-02
   1.1213960e-01
   1.8165065e-01
   1.2298510e-01
   8.1288494e-02
   1.5726160e-01
   3.0971630e-02
   8.5296012e-02
   2.6415957e-02
   4.9640279e-02
   7.3342822e-02
   1.4331290e-01
   1.5646821e-01
   1.0748821e-01
   5.7243202e-02
   1.0124048e-01
   1.2029298e-01
   8.6586006e-02
  -1.0458522e-02
   5.9184179e-02
   1.5032423e-01
   1.2998836e-01
   1.1003543e-01
   4.9503360e-02
   3.5565864e-02
   6.3971199e-02
   1.2327000e-01
   9.8874226e-02
   1.4131814e-01
   1.2027518e-01
   8.3769485e-02
   8.4387250e-02
   7.9250820e-02
   2.8021332e-02
   6.5930784e-02
   9.6517324e-02
   1.3670087e-01
   1.1116986e-01
   1.0543621e-01
   8.3727203e-02
   1.2602295e-01
   1.0096810e-01
   8.1056044e-02
   8.5262500e-02
   4.3921411e-02
   9.6158935e-03
   3.5400860e-02
   5.9265286e-02
   1.0600410e-01
   6.5980144e-02
   1.1560227e-01
   1.2065326e-01
   9.0604722e-02
   4.6544008e-02
   7.0400834e-02
   5.9865724e-02
   1.4229790e-02
   3.7945606e-02
   1.3400359e-01
   1.4736620e-01
   9.1759756e-02
   7.3880307e-02
   1.0765692e-01
   1.0503768e-01
   1.0366735e-01
   1.1461916e-01
   5.9797220e-02
   2.6013980e-02
  -3.3183794e-03
   2.2135232e-02
   7.1708329e-02
   4.5316070e-02
   4.9841929e-02
   1.3634647e-01
   1.7587823e-01
   1.4407726e-01
   8.5761592e-02
   1.1514645e-01
   1.2563460e-01
   8.4294721e-02
   1.1934603e-01
   8.4418580e-02
   1.0906927e-01
   1.4954847e-01
   7.0119344e-02
   4.9047016e-02
   1.7122447e-01
   1.9483118e-01
   1.8910298e-01
   8.6729370e-02
   8.8406421e-02
   8.9062721e-02
   6.0308285e-02
   3.3515956e-02
   7.8390047e-02
   9.5900424e-02
   2.2121115e-01
   1.4686091e-01
   5.7078760e-02
   4.4080075e-02
   2.4000285e-02
   8.3159089e-02
   1.0151539e-01
   8.4803142e-02
   9.5215313e-02
   4.2725381e-02
   2.8036913e-02
   6.6351414e-02
   5.8744721e-02
   6.4902149e-02
   6.4074866e-02
   1.3142283e-01
   1.1216550e-01
   6.3939817e-02
   3.4509301e-02
   7.9234451e-02
   1.0767734e-01
   7.3402390e-02
   9.3749158e-02
   4.1871194e-02
   4.4792544e-02
   9.0338849e-02
   5.7115812e-02
   7.3752411e-02
   4.6025101e-02
   1.9625302e-02
   5.7467435e-02
   9.5113032e-02
   6.0236640e-02
   1.0299177e-01
   6.8258077e-02
   5.8374826e-02
   9.2598759e-02
   6.2583007e-02
   3.1156523e-02
   5.4853950e-02
   1.1371692e-01
   1.1567461e-01
   9.1868423e-02
   3.7524510e-02
   3.1723391e-02
   1.1644164e-01
   9.7676240e-02
   5.9636734e-02
   2.4662362e-02
   5.2536651e-02
   5.3907752e-02
   5.5758882e-02
   5.0724767e-02
   8.4486470e-02
   1.1006787e-01
   1.3422365e-01
   1.0829070e-01
   1.2748191e-01
   1.2384382e-01
   1.2195720e-01
   8.4565781e-02
   7.0375532e-02
   9.5153265e-02
   8.3031930e-02
   7.0854038e-02
   7.3329903e-02
   4.6991464e-02
   7.1921498e-02
   1.1452454e-01
   1.0961575e-01
   9.4073251e-02
   4.7269158e-02
   3.4326214e-02
   7.2063848e-02
   6.0414795e-02
   5.6362133e-02
   6.9756687e-02
   8.9563780e-02
   1.1414789e-01
   1.6530946e-01
   8.3845600e-02
   3.8463708e-02
   1.1122937e-01
   1.0588497e-01
   8.5783169e-02
   4.1495897e-02
   1.0210095e-01
   8.3429947e-02
   1.0853288e-01
   1.3555723e-01
   1.2913710e-01
   5.3373557e-02
   2.0437382e-02
   6.0658831e-02
   2.8089572e-02
   5.0529793e-02
   6.3144296e-02
   8.9110754e-02
   8.0484703e-02
   9.9897593e-02
   1.2205970e-01
   1.1424730e-01
   1.1167509e-01
   7.2782248e-02
   9.3302794e-02
   4.0016763e-02
   9.4821744e-02
   8.8656239e-02
   7.4794531e-02
   1.1585727e-01
   8.3480410e-02
   8.2044356e-02
   1.0422582e-01
   6.2423449e-02
   4.9448986e-02
   6.8310328e-02
   8.5562825e-02
   2.7713714e-02
   8.6556256e-02
   5.6245968e-02
   9.4129361e-02
   1.4360899e-01
   1.4679715e-01
   8.9735590e-02
   9.5250890e-02
   1.2020610e-01
   6.7196220e-02
   3.5549175e-02
   2.3379931e-02
   5.8520414e-02
   6.1893657e-02
   7.6354608e-02
   5.7865363e-02
   6.4473256e-02
   5.3966738e-02
   9.8140679e-02
   8.2344368e-02
   4.6854671e-02
   6.3716456e-02
   9.6643128e-02
   7.4344873e-02
   4.7550000e-02
   3.6486208e-02
   2.7759187e-02
   2.3998950e-02
   4.8364844e-02
   8.9644656e-02
   7.7815019e-02
   3.6997203e-02
   3.8437035e-02
   6.6930845e-02
   8.8577792e-02
   6.3419327e-02
   5.6550518e-02
   1.1852555e-01
   6.4849712e-02
   3.1937610e-02
   8.7452352e-02
   9.9955060e-02
   5.9223685e-02
   3.9840538e-02
   5.3610288e-02
   7.5846620e-02
   9.8338902e-02
   6.2891044e-02
   5.3525165e-02
   5.3852327e-02
   7.2325192e-02
   1.5067616e-02
   3.4822885e-02
   6.4343132e-02
   7.9132296e-02
   1.0489970e-01
   7.2198831e-02
   3.4076449e-02
   6.1846782e-02
   9.2282221e-02
   7.8448422e-02
   8.4386468e-02
   3.3384413e-02
   2.5796374e-02
   7.6924615e-02
   7.2064005e-02
   8.5994035e-02
   5.6877244e-02
   8.0810964e-02
   9.4862446e-02
   7.3334545e-02
   9.0708710e-02
   6.9466263e-02
   3.7894845e-02
   6.3956454e-02
   3.9260093e-02
   6.3967809e-02
   6.9332860e-02
   8.5298322e-02
   1.2056743e-01
   8.2478911e-02
   5.4950353e-02
   6.9514282e-02
   5.9215724e-02
   6.0719643e-02
   1.0909576e-01
   8.4340438e-02
   1.0250622e-01
   5.2108433e-02
   1.1517457e-02
   5.4477252e-02
   8.4967040e-02
   7.8501716e-02
   4.7708005e-02
   7.3845543e-02
   8.0255866e-02
   3.8333472e-02
   2.8794276e-02
   3.5975423e-02
   5.7997819e-02
   7.2149816e-03
   2.2103226e-02
   5.5838712e-02
   6.0175717e-02
   7.7010661e-02
   9.4675250e-02
   6.0905244e-02
   5.3625163e-02
   6.7338809e-02
   4.1963980e-02
   6.1443355e-02
   1.8245801e-02
   3.5825908e-02
   5.5680916e-02
   9.0874866e-02
   7.9037324e-02
   2.7500318e-02
   3.2793812e-02
   5.1879577e-02
   4.5579724e-02
   5.1294152e-02
   5.0810248e-02
   1.9861432e-03
   1.0414677e-02
   2.1028005e-02
   3.9700609e-02
   9.0024509e-02
   1.0886852e-01
   1.3677371e-01
   5.6162395e-02
   2.4812821e-02
   3.8880713e-02
   6.6697292e-02
   1.0376196e-01
   8.9365490e-02
   7.3374979e-02
   5.1250696e-02
   2.1603268e-02
   3.5841603e-02
   8.7444730e-02
   2.5830618e-01
   2.5554526e-01
   1.2343059e-01
   8.5540690e-02
   1.1708076e-01
   1.5388909e-01
   1.5706338e-01
   1.3165338e-01
   6.1969735e-02
   1.0095280e-01
   1.2858699e-01
   1.0541184e-01
   1.5547389e-01
   1.0236315e-01
   2.6548613e-02
   4.1578427e-02
   7.9827949e-02
   8.3501197e-02
   4.9602251e-02
   3.8349871e-03
   1.7939117e-02
   8.7071225e-02
   3.4472473e-02
   7.6624706e-02
   8.4919713e-02
   6.8922736e-02
   8.5281372e-02
   7.9304643e-02
   8.6465783e-02
   3.8673010e-02
   1.0540961e-01
   1.1819508e-01
   8.4553547e-02
   5.4880649e-02
   1.2861894e-01
   8.9327298e-02
   1.1712251e-01
   5.9221927e-02
   4.8711970e-02
   7.9073496e-03
   6.2861778e-02
   3.9060228e-02
   6.9042452e-02
   1.0059071e-01
   9.0260834e-02
   1.2005756e-01
   1.3448100e-01
   2.4303764e-02
   7.0723109e-02
   1.0975543e-01
   6.6903993e-02
   4.8023351e-02
   1.2259844e-01
   6.9147959e-02
   7.9542160e-02
   2.9880293e-02
   4.0492121e-02
   9.7808130e-02
   8.6068265e-02
   7.8459337e-02
   9.4097748e-02
   6.4160548e-02
   2.5673285e-02
   3.0668931e-02
   7.8220636e-02
   9.4768949e-02
   7.8226648e-02
  -1.5493407e-02
   3.2564532e-02
   3.9693348e-02
   1.0660573e-02
   1.2727911e-02
   7.5949334e-02
   8.1080399e-02
   6.3941389e-02
   4.0974412e-02
   5.0010949e-02
   4.5667302e-02
   7.5994939e-02
   3.7738696e-02
   4.5095008e-02
   9.8805659e-02
   1.1768331e-01
   9.8103717e-02
   5.8802761e-02
   9.0008870e-02
   7.9569973e-02
   1.2135360e-01
   7.2546437e-02
   5.6098070e-02
   2.2852002e-02
   3.9643101e-02
   4.8546180e-02
   6.8644345e-02
   3.0205712e-02
   3.7550006e-02
   6.4162672e-02
   6.9343440e-02
   3.7639592e-02
   5.7480551e-02
   6.6368446e-02
   4.2870045e-02
   5.7178453e-02
   7.0260376e-02
   1.0292283e-01
   5.3021323e-02
   5.4455992e-02
   7.5096078e-02
   8.8487752e-02
   5.8324926e-02
   5.8328956e-02
   6.1085559e-02
   4.6330366e-02
   5.5467051e-02
   5.6054074e-02
   7.6523677e-02
   3.8274691e-02
   5.0466418e-02
   4.2841479e-02
   6.8413883e-02
   9.1266572e-02
   8.4884986e-02
   9.3757294e-02
   6.4013273e-02
   5.4698814e-02
   1.3490953e-01
   1.0363919e-01
   1.2661396e-01
   1.1476479e-01
   1.0321508e-01
   2.8888788e-02
   3.4216397e-02
   3.5564832e-02
   9.7551033e-02
   7.7581249e-02
   5.6123167e-02
  -4.8838258e-03
   3.3035994e-02
   8.0209546e-02
   4.8532952e-02
   4.2988632e-02
   9.7172871e-02
   4.0508211e-02
   2.1626884e-02
   7.6125354e-02
   2.2460099e-02
   6.4533882e-02
   7.7741966e-02
   8.9376174e-02
   1.2814651e-01
   6.7625888e-02
   6.9846377e-02
   5.9876390e-02
   5.8028113e-02
   7.2053969e-02
   5.8609087e-02
   3.0397201e-02
   6.3072436e-02
   7.6066397e-02
   9.6521817e-02
   7.9512499e-02
   4.4406388e-02
   3.7283335e-02
   4.9945846e-02
   8.6277187e-02
   5.5990443e-02
   1.0323627e-01
   1.1563859e-01
   7.3853329e-02
   6.4090066e-02
   6.2012531e-02
   2.5185937e-02
   3.3988204e-02
   8.4986605e-02
   7.1381487e-02
   3.7223008e-02
   7.7649824e-02
   5.9316393e-02
   5.7408921e-02
   2.0591373e-02
   5.6418341e-02
   3.5158686e-02
   6.3861892e-02
   7.1454994e-02
   7.1898386e-02
   4.3544292e-02
   6.4380169e-02
   3.7286185e-02
   8.4081300e-02
   1.0718528e-01
   9.5022559e-02
   8.2259603e-02
   4.1921012e-02
  -4.2255628e-03
   1.0345364e-02
   5.3474847e-02
   8.9156106e-02
   7.4538969e-02
   4.8023146e-02
   4.7473047e-02
   6.2914155e-02
   4.8314337e-02
   8.3086647e-02
   7.1685411e-02
   2.8481666e-02
   6.0135853e-02
   7.9484232e-02
   9.7610608e-02
   7.6465279e-02
   7.6365814e-02
   6.3979216e-02
   4.9945984e-02
   5.4856837e-02
   3.6049951e-02
  -8.6659351e-03
   7.7764140e-03
   3.7519023e-02
   5.4455906e-02
   4.2619560e-02
   6.8202928e-02
   1.2574695e-01
   7.9912819e-02
   6.7712530e-02
   7.4020728e-02
   6.5544769e-02
   4.3958385e-02
   4.5238666e-02
   8.3044209e-02
   1.1442508e-01
   7.5109430e-02
   9.5941640e-02
   6.3244648e-02
   6.6613376e-02
   3.4409236e-02
   8.7035008e-02
   4.6419665e-02
  -1.5038532e-02
   5.5901945e-02
   6.9604784e-02
   3.7214942e-02
   5.4101910e-02
   1.0055211e-01
   6.5880284e-02
   7.7292308e-02
   7.8138202e-02
   7.0689261e-02
   3.8431741e-02
   5.3662650e-02
   5.2626718e-02
   8.5599959e-02
   1.3813680e-01
   1.1338028e-01
   7.5102054e-02
   6.0856938e-02
   2.0103376e-02
   7.3455073e-02
   1.1821324e-01
   6.2042288e-02
   8.9961074e-02
   8.9286387e-02
   5.1940467e-02
   4.0224154e-02
   7.1893640e-02
   1.0823183e-01
   1.0459860e-01
   7.6318070e-02
   7.4080452e-02
   7.7077851e-02
   1.1680794e-01
   6.0392018e-02
   7.0184112e-02
   2.3441173e-02
   1.9768694e-02
   5.2528497e-02
   4.6986215e-02
   9.2580639e-02
   1.1828903e-01
   6.4876378e-02
   2.1697367e-02
   2.0570226e-02
   3.7491929e-02
   6.8373598e-02
   1.3963248e-01
   1.1693271e-01
   9.7336948e-02
   8.8106997e-02
   9.4831966e-02
   3.1330552e-02
   2.0998163e-02
   5.6121178e-02
   7.5008363e-02
   8.3183929e-02
   9.4430387e-02
   8.8530146e-02
   8.5172355e-02
   5.1648073e-02
   8.4093489e-02
   9.3061060e-02
   9.2203066e-02
   8.0764443e-02
   7.5314172e-02
   7.4673750e-02
   3.8981933e-02
   3.4020968e-02
   2.2933107e-02
   3.9690666e-02
   2.1434858e-02
   6.0819868e-02
   6.8275891e-02
   9.1057017e-02
   4.7901984e-02
   5.9255332e-02
   7.3960938e-02
   9.1851875e-02
   6.8040453e-02
   5.9032328e-02
   3.7692379e-02
   5.1353160e-02
   5.4291740e-02
   3.5236906e-02
   4.7249641e-02
   6.6364892e-02
   2.7558150e-02
   1.0606126e-01
   1.1533881e-01
   5.2812338e-02
   7.3605463e-02
   1.1757036e-01
   1.0372797e-01
   9.0094656e-02
   7.7199541e-02
   2.3606073e-02
   1.6466005e-02
   3.1362753e-02
   6.3550577e-02
   4.9424525e-02
   4.6236847e-02
   6.6297412e-02
   1.1912786e-01
   7.1302332e-02
   5.3881552e-02
   7.1202680e-02
   1.0885490e-01
   1.4253049e-01
   9.3876742e-02
   4.5735184e-02
   1.9209791e-02
   2.6024234e-02
   2.8292410e-02
   8.8473476e-02
   1.0263167e-01
   1.0617153e-01
   1.1366162e-01
   1.0566632e-01
   7.5458460e-02
   7.9761297e-02
   1.0534884e-01
   5.9892628e-02
   4.3179907e-02
   3.9161813e-02
   1.1268687e-02
   3.7817590e-02
   1.2406281e-01
   1.3958003e-01
   1.1198202e-01
   9.8509632e-02
   1.0825448e-01
   3.3364121e-02
   3.6214557e-02
   6.3253790e-02
   8.4188677e-02
   6.0995519e-02
   3.6459588e-02
   3.8661063e-02
   7.4977234e-02
   9.1255099e-02
   1.1734021e-01
   2.9880051e-02
   6.0649905e-02
   5.7658635e-02
   5.1977593e-02
   1.0114899e-01
   1.2145633e-01
   8.8400409e-02
   2.4084970e-02
   2.5040478e-02
   4.1193567e-02
   5.5332254e-03
   3.5620879e-02
   7.2968885e-02
   8.0640025e-02
   6.4670883e-02
   6.2195450e-02
   1.1375220e-01
   1.3579424e-01
   1.0632986e-01
   8.1195928e-02
   4.2524885e-02
   4.1228950e-02
   4.6090644e-02
   7.9048581e-02
   6.5585978e-02
   2.0279008e-01
   3.2557094e-01
   2.7845687e-01
   2.0844303e-01
   1.0490096e-01
   2.1960052e-02
   2.6619503e-02
   5.7000980e-02
   9.8642133e-02
   5.4183520e-02
   1.3260313e-02
   2.0336453e-02
   6.1280996e-02
   4.4851750e-02
   9.6660271e-02
   7.7796906e-02
   8.1150845e-02
   3.8328428e-02
   3.1188840e-02
   2.6073869e-02
   5.8697760e-02
   1.0039382e-01
   8.2699075e-02
   7.8280129e-02
   3.0762054e-02
   6.7591809e-02
   6.7054227e-02
   1.4511231e-02
   5.4332595e-02
   6.9647945e-02
   3.1243950e-02
   2.9917365e-02
   1.5491728e-02
   5.9449773e-02
   4.1998755e-02
   8.1815951e-02
   6.2762640e-02
   2.0432502e-02
   1.7726110e-02
   3.5797004e-02
   4.1148435e-02
  -5.6593055e-03
   2.7857538e-02
   4.2531602e-02
   6.3185334e-02
   8.6512484e-02
   7.0461452e-02
   5.9372682e-02
   6.3746162e-02
   1.0262416e-01
   6.5120906e-02
   9.0536922e-02
   7.1818769e-02
   3.9091140e-02
   4.5991037e-02
   5.9161387e-02
   5.7172146e-02
   5.1341183e-02
   4.3254592e-02
   6.4389668e-02
   7.3836841e-02
   5.5284280e-02
   5.8733732e-02
   6.2031277e-02
   5.1311266e-02
   1.3079205e-02
   6.3496679e-02
   9.1682084e-02
   1.1036663e-01
   6.7792095e-02
   1.0869168e-01
   8.5274704e-02
   1.0039332e-01
   7.3014848e-02
   6.2120046e-02
   1.0780805e-01
   1.0254078e-01
   3.1875774e-02
   3.4866415e-02
   4.5917939e-02
   5.5860780e-02
   7.1001917e-02
   6.1914310e-02
   9.9209249e-02
   9.8309100e-02
   6.9292791e-02
   6.3033111e-02
   3.2023169e-02
   4.4128947e-02
   6.6697627e-02
   7.0187487e-02
   6.5670028e-02
   3.8478624e-02
   4.2529155e-02
   2.1346174e-02
   4.6390250e-02
   6.8226553e-02
   6.8686895e-02
   5.4252308e-02
   6.5928884e-02
   9.2857182e-02
   8.9524575e-02
   7.9424769e-02
   4.9457666e-02
   6.9025256e-02
   2.2184044e-02
   2.9790174e-02
   6.7732550e-02
   1.1511361e-01
   7.4204661e-02
   3.7437990e-02
   5.9348933e-02
   9.5697731e-02
   3.9984196e-02
   3.8454037e-02
   7.1712323e-02
   5.7022799e-02
   4.4402227e-02
   6.5863580e-02
   4.3253705e-02
   8.3735719e-02
   9.8819643e-02
   5.6281775e-02
   4.6587374e-02
   9.6297570e-02
   8.9703940e-02
   1.1968767e-01
   9.3902364e-02
   6.3194029e-02
   2.6360516e-02
   1.5549487e-02
   6.9144011e-02
   8.4813938e-02
   5.4053683e-02
   4.8958838e-02
   4.8963699e-02
   3.2888185e-02
   4.9539369e-02
   3.8001504e-02
   6.5802298e-02
   1.5650317e-02
   4.7700323e-02
   7.6631688e-02
   7.5938553e-02
   9.8004587e-02
   5.3285476e-02
   3.9105010e-03
   1.0167550e-01
   9.4796114e-02
   6.7887388e-02
   5.6437470e-02
   7.3848754e-02
   5.3454779e-02
   4.7399335e-02
   3.7370726e-02
   7.9361118e-02
   7.8917786e-02
   1.0509530e-01
   7.6796934e-02
   7.8533158e-02
   4.7130264e-02
   9.2716068e-02
   1.0691649e-01
   1.0363382e-01
   6.4381793e-02
   8.5499562e-02
   7.8654498e-02
   4.4544071e-02
   5.3112589e-02
   2.8758531e-02
   3.7308905e-02
   4.7698174e-02
   4.8885331e-02
   5.9194207e-02
   6.5272965e-02
   4.5700606e-02
   3.4281928e-02
   5.7751402e-02
   7.7999569e-02
   7.4580789e-02
   1.9076535e-03
   3.5870411e-02
   8.7821104e-02
   3.7856106e-02
   5.5576634e-02
   4.9838934e-02
   4.5824639e-02
   9.8151557e-02
   7.1906917e-02
   9.0846799e-02
   1.1007786e-01
   7.7844545e-02
   4.5433074e-02
   9.2687063e-02
   9.1101483e-02
   6.1818227e-02
   6.7166604e-02
   5.3858224e-02
   7.6972164e-02
   8.4511049e-02
   2.7220761e-02
   1.2226525e-02
   3.6567811e-02
   6.6653058e-02
   1.1190225e-01
   9.3734860e-02
   5.0647091e-02
   3.5410091e-02
   2.4968702e-02
   5.8504462e-02
   4.9536183e-02
   8.2806058e-02
   9.4741076e-02
   1.1077778e-01
   8.6712293e-02
   6.6501088e-02
   6.9183968e-02
   3.9592978e-02
   3.9107315e-02
   5.3862814e-02
   3.5747718e-02
   6.2964298e-02
   5.0156366e-02
   7.1560770e-02
   6.0205646e-02
   3.7266996e-02
   7.0630185e-02
   3.5905786e-02
   1.3862199e-02
   8.0683425e-02
   6.4905040e-02
   1.1916617e-01
   1.2053966e-01
   1.0541254e-01
   4.6739526e-02
   2.3527287e-02
   2.1367418e-02
   3.7485722e-02
   8.1479087e-02
   4.0712386e-02
   4.0784430e-02
   3.4497607e-02
   5.0719682e-02
   8.9597166e-02
   6.0929459e-02
   5.6240439e-02
   5.0025202e-02
   5.3043984e-02
   4.4581492e-02
   4.4549275e-02
   5.0229244e-02
   5.5463497e-02
   4.4355925e-02
   2.4241621e-02
   4.7365658e-02
   5.2440979e-02
   2.6712228e-02
   7.6901361e-02
   8.7981217e-02
   7.6436721e-02
   1.2584679e-01
   7.4929334e-02
   1.8643392e-02
   2.4731701e-02
   4.1400436e-02
   3.2857992e-02
  -1.8477859e-02
   4.1580144e-02
   7.2286882e-02
   4.6609923e-02
   2.8302342e-02
   3.2519750e-02
   4.3178894e-02
   7.2798468e-02
   5.3897366e-02
   1.0208616e-01
   1.0016047e-01
   6.4568803e-02
   7.8362420e-02
   7.6694950e-02
   1.8855128e-02
   6.3470870e-02
   1.0871676e-01
   1.0006351e-01
   5.3082567e-02
   7.2562389e-02
   5.1451039e-02
   4.1541796e-02
   3.7041157e-02
   5.4232847e-02
   7.2252132e-02
   1.3247763e-01
   7.4305907e-02
   9.7854726e-02
   6.9280118e-02
   5.6200393e-02
   6.9230571e-02
   9.5762774e-02
   9.7280890e-02
   7.5707443e-02
   3.1850081e-02
  -2.1178599e-03
   5.7380777e-02
   1.2153516e-01
   7.1050838e-02
   1.3593905e-01
   1.5557913e-01
   1.5156393e-01
   1.1589597e-01
   8.6235136e-02
   9.4871141e-02
   4.5555342e-02
   4.7312483e-02
   5.2160729e-02
   6.9107562e-02
   1.6770478e-02
   7.5575830e-03
   5.3293440e-02
   7.2372966e-02
   4.4059593e-02
   1.0107944e-01
   1.0230349e-01
   1.1445239e-01
   9.4344884e-02
   4.8172582e-02
   3.3477694e-02
   4.9926415e-02
   3.1343963e-02
   5.1850289e-02
   1.2280910e-01
   8.4690787e-02
   6.3634843e-02
   5.4384936e-02
   2.7120683e-02
   2.6152590e-02
   4.9253561e-02
   9.3674384e-02
   5.3330012e-02
   3.0154163e-02
   6.8375751e-02
   9.1601938e-02
   6.4268813e-02
   4.7664218e-02
   7.9770207e-02
   7.8598067e-02
   5.7671849e-02
   5.1901665e-02
   8.8688433e-02
   5.5217065e-02
   5.7341266e-02
   5.1422298e-02
   7.0490658e-02
   2.0427328e-02
   5.7185780e-02
   4.5907911e-02
   3.1605877e-02
   6.4780012e-02
   8.1447817e-02
   1.0097279e-01
   1.0693287e-01
   7.7005126e-02
   9.5582895e-02
   6.3666299e-02
   6.7553863e-02
   8.6571619e-02
   1.0766833e-01
   6.0466081e-02
   5.2506477e-02
   4.0672638e-02
   7.7832758e-02
   4.3362889e-02
   7.2730221e-02
   1.4248218e-01
   1.2496744e-01
   6.6181317e-02
   8.2674824e-02
   3.6951631e-02
   2.4951635e-02
   5.5878364e-02
   6.2438428e-02
   2.6384252e-01
   2.1448746e-01
   1.2880373e-01
   1.1135951e-01
   2.1332929e-02
   1.3697837e-02
   5.3662691e-02
   8.1772663e-02
   1.4095826e-01
   1.1385316e-01
   9.6462622e-02
   1.1638275e-01
   6.4653531e-02
   5.0918359e-02
   7.5504392e-02
   1.8330094e-01
   2.9050267e-01
   2.2164305e-01
   7.2755195e-02
   3.8415335e-02
   4.1942778e-03
   6.4773642e-02
   1.6799824e-01
   3.6549839e-01
   4.6509507e-01
   3.8703382e-01
   1.7000321e-01
   1.1086590e-01
   9.6192777e-02
   9.5790833e-02
   1.1679273e-02
   4.8427712e-03
   2.8500756e-02
   6.2544033e-02
   6.5892540e-02
   7.6924413e-02
   8.3855353e-02
   1.3238475e-01
   1.0552815e-01
   7.9050474e-02
   7.4027412e-02
   2.7154155e-02
   2.2838477e-02
   3.0917291e-02
   5.1766459e-02
  -5.3147054e-03
   1.5858311e-02
   6.5750562e-02
   6.0660481e-02
   9.8241605e-02
   1.2738578e-01
   8.1542760e-02
   4.2828839e-02
   7.4780427e-02
   8.9459471e-02
   1.1089676e-01
   1.1496133e-01
   9.4837345e-02
   6.5274037e-02
   7.7377670e-02
   3.6494672e-02
   2.9567426e-02
   7.0193984e-02
   1.1437852e-01
   1.4355774e-01
   5.4398939e-02
   5.3926758e-02
   1.0081239e-01
   8.6256355e-02
   3.8734939e-02
   7.9688020e-02
   5.5275470e-02
   1.0223096e-01
   9.3782157e-02
   4.2678833e-02
   6.0524747e-02
   3.7985560e-02
   4.0486190e-02
   6.0821146e-02
   7.2439492e-02
   6.6734649e-02
   7.4116178e-02
   6.7184612e-02
   5.3512476e-02
   5.9069317e-02
   4.6047844e-02
   7.4183933e-02
   7.1851693e-02
   6.2524050e-02
   7.1697973e-02
   3.4025814e-02
   1.3522356e-04
   4.4941761e-02
   6.4114951e-02
   5.5364970e-02
   5.5323340e-02
   4.8546750e-02
   4.4154108e-02
   2.2283033e-02
   3.1702150e-02
   3.8810678e-02
   5.2018940e-02
   6.4135186e-02
   9.4280981e-02
   9.9717759e-02
   6.7823187e-02
   1.0748825e-01
   9.4652727e-02
   1.0301308e-01
   1.3002203e-01
   1.0865705e-01
   4.2165112e-02
   5.9951674e-03
   4.3472201e-02
   7.4237905e-02
   6.9558010e-02
   8.9717433e-02
   1.2934598e-01
   1.6387378e-01
   9.8270498e-02
   1.0898409e-01
   1.1177368e-01
   5.1005106e-02
   1.3306503e-01
   1.3748752e-01
   1.1811161e-01
   6.6264488e-02
   3.6825743e-02
   7.1093976e-02
   1.2584230e-01
   7.8899361e-02
   2.6527489e-02
   6.4619504e-02
   5.4396573e-02
   1.1745878e-01
   5.9076428e-02
   1.6712846e-02
   7.7361733e-02
   1.1631429e-01
   6.0870200e-02
   1.9851906e-02
   4.4827025e-02
   4.4609789e-02
   4.2348731e-02
   5.3972393e-02
   7.6618031e-02
   9.8001532e-02
   9.1917716e-02
   5.2549716e-02
   3.7906598e-02
   6.8688229e-02
   6.8491422e-02
   3.9093673e-02
   6.2932551e-02
   6.9060154e-02
   1.2050942e-01
   1.1318318e-01
   1.1529948e-01
   2.4688628e-02
   9.6804695e-03
   3.8333975e-02
   6.0361780e-02
   8.9933626e-02
   8.2643017e-02
   2.7930945e-02
   5.1214926e-02
   6.2967591e-02
   9.0684064e-02
   1.1626062e-01
   1.2563802e-01
   1.3240114e-01
   1.2145966e-01
   5.2753694e-02
   5.7208012e-03
   4.5852832e-02
   8.3548024e-02
   7.6205105e-02
   6.9444679e-02
   8.1192836e-02
   6.0423918e-02
   2.8883962e-02
   8.5930310e-02
   7.4272543e-02
   4.6322096e-02
   1.1991049e-01
   1.0041479e-01
   8.7215260e-02
   1.9627258e-01
   4.1039965e-01
   3.6880261e-01
   2.1456930e-01
   1.0490184e-01
   3.5986509e-02
   3.6858235e-02
   2.8904583e-02
   6.9739960e-02
   5.9994176e-02
   5.5023968e-02
   1.2847915e-01
   1.5861142e-01
   1.0838644e-01
   6.4577371e-02
   7.4007750e-02
   1.3055177e-01
   1.3161074e-01
   8.5329734e-02
   8.8543348e-02
   1.8523224e-01
   1.5444702e-01
   8.1584342e-02
   1.1321662e-01
   1.4875959e-01
   8.7258942e-02
   1.1149629e-01
   8.4920153e-02
   9.3808159e-02
   5.7204209e-02
   6.1339621e-02
   4.0978622e-02
   6.8066709e-02
   4.7547683e-02
   1.0410719e-02
   2.6337158e-02
   3.5087276e-02
   4.0997908e-02
   6.7414358e-02
   7.7906311e-02
   5.1235475e-02
   3.4472596e-02
   3.4077968e-02
   2.0635363e-02
  -1.1610259e-04
   9.7613767e-02
   1.0509820e-01
   1.8257914e-01
   2.3413974e-01
   1.7365804e-01
   1.0488871e-01
   9.6140385e-02
   6.5122359e-02
   2.1400020e-02
   5.7645150e-02
   1.0183945e-01
   1.2938572e-01
   1.0336908e-01
   9.9326745e-02
   6.2546641e-02
   7.2554626e-02
   1.3179560e-01
   1.4627922e-01
   1.4178210e-01
   8.4603377e-02
   8.4137723e-02
   7.6025628e-02
   1.4010398e-01
   1.2613150e-01
   8.4141508e-02
   5.3475112e-02
  -8.2449475e-04
   5.8721561e-02
   4.6941794e-02
   1.8466194e-01
   2.1954708e-01
   1.5573385e-01
   8.1465468e-02
   3.5760500e-02
   3.8389772e-02
   5.0276782e-02
   3.1456664e-01
   6.9654310e-01
   8.3785659e-01
   6.5487754e-01
   3.2119802e-01
   1.6825393e-01
   6.6551708e-02
   4.3987311e-02
   8.4320553e-02
   9.6757665e-02
   1.0059526e-01
   1.4437170e-01
   1.7614686e-01
   1.6066125e-01
   9.6703023e-02
   1.2038128e-01
   9.0333678e-02
   8.2608350e-02
  -6.4499117e-04
   8.5684605e-02
   5.7330202e-02
   1.2045417e-02
   3.2193556e-02
   9.3486004e-02
   6.5324388e-02
   3.5189271e-02
   8.3794713e-02
   1.1515062e-01
   1.1681154e-01
   6.2466014e-02
   7.8104712e-02
   7.0715360e-02
   1.0211696e-01
   1.1609488e-01
   1.4352800e-01
   7.4039549e-02
   1.0568820e-01
   9.9347271e-02
   8.6661913e-02
   9.1317311e-02
   6.1271332e-02
   7.3915690e-02
   5.6694020e-02
   5.4550625e-02
   9.4565794e-02
   1.3580452e-01
   1.1560532e-01
   1.7580593e-01
   1.9632824e-01
   2.1475334e-01
   1.4993100e-01
   4.4747397e-02
   8.8848332e-03
   6.4553924e-02
   1.8889020e-01
   3.1097561e-01
   4.0965167e-01
   2.4540195e-01
   1.3415268e-01
   9.6684635e-02
   6.0295135e-02
   9.0808131e-02
   2.4464114e-02
   9.0439066e-02
   8.8830851e-02
   1.2518223e-01
   1.6687909e-01
   2.5063792e-01
   1.4848748e-01
   6.7793123e-02
   1.0957299e-01
   6.9614425e-02
   4.0168211e-02
   8.2251407e-02
   2.8932253e-01
   2.0380370e-01
   6.0058046e-02
   4.8664290e-02
   1.1871479e-01
   7.4935548e-02
   6.6159420e-02
   6.8237185e-02
   4.2153697e-02
   4.7125947e-02
   5.7683349e-02
   6.3913271e-02
   8.3689235e-02
   8.2837917e-02
   1.0242873e-01
   1.5343782e-01
   1.0271780e-01
   1.1198038e-01
   1.1204188e-01
   5.8572210e-02
   7.9731643e-02
   7.8194901e-02
   1.1491020e-01
   1.1948810e-01
   1.1452156e-01
   1.2033505e-01
   8.9796834e-02
   3.0816276e-02
   3.4612928e-02
   3.3270046e-02
   7.2227471e-02
   1.0513026e-01
   1.7776625e-01
   2.5016952e-01
   1.7573580e-01
   9.7165138e-02
   6.8911731e-02
   7.0777334e-02
   5.3596981e-02
   1.8917033e-02
   9.4758414e-02
   2.3030609e-01
   2.9213190e-01
   2.2686513e-01
   1.6424803e-01
   8.8189557e-02
   2.1802515e-02
   9.1148384e-02
   3.0158687e-02
   7.0653692e-02
   1.1074807e-01
   1.1858271e-01
   1.5677908e-01
   1.3146366e-01
   8.0558963e-02
   8.2347751e-02
   9.3462549e-02
   8.1785381e-02
   6.7115657e-02
   4.9722508e-02
   1.1912544e-01
   6.1273247e-02
   7.5390741e-02
   1.0721450e-01
   9.8464698e-02
   7.7752545e-02
   4.1542258e-02
   2.8822834e-02
   6.2806770e-02
   7.7563569e-02
   8.6381994e-02
   1.1083148e-01
   1.3347504e-01
   1.1262591e-01
   5.1060505e-02
   3.0795224e-02
  -1.4014069e-02
   2.3089131e-02
   8.5833564e-02
   5.8779694e-02
   8.7416030e-02
   1.6067807e-01
   1.3560554e-01
   1.3625985e-01
   1.2908056e-01
   1.0090176e-01
   7.8509815e-02
   1.0360359e-01
   7.0100546e-02
   6.9533385e-02
   7.3928051e-02
   1.0149476e-01
   2.3621322e-01
   3.4504095e-01
   2.7261162e-01
   1.6094619e-01
   4.6562843e-02
   6.5927268e-03
   3.1912379e-02
   1.1423351e-01
   6.0714173e-01
   9.6500283e-01
   8.4943223e-01
   4.8003864e-01
   2.0492426e-01
   1.4590083e-01
   1.1212912e-01
   7.8626245e-02
   1.4144056e-02
   4.6034355e-02
   1.1463795e-01
   1.1645965e-01
   1.6466323e-01
   2.0054458e-01
   1.8903410e-01
   9.9059552e-02
   7.3549174e-02
   6.2145092e-02
   8.7280661e-02
   8.0583885e-02
   7.3229939e-02
   7.7354193e-02
   4.2718481e-03
   2.5721528e-02
   1.5851456e-01
   2.3651379e-01
   2.0834105e-01
   1.5463281e-01
   9.5406599e-02
   5.6424569e-02
   3.1796563e-02
   8.3745174e-02
   2.4581836e-01
   6.0474771e-01
   7.0590377e-01
   5.1787758e-01
   3.4147763e-01
   2.2113413e-01
   2.1116345e-01
   1.1910688e-01
   5.8301207e-02
  -7.8147562e-04
   6.3557938e-02
   2.4523546e-01
   6.5002882e-01
   7.5315517e-01
   4.9318916e-01
   2.5921643e-01
   1.6470468e-01
   7.9154521e-02
   7.9709567e-02
   1.3517542e-01
   4.1425228e-01
   6.3288796e-01
   6.1094552e-01
   5.5708241e-01
   5.3102732e-01
   3.4851629e-01
   2.1466014e-01
   1.0131357e-01
   1.1910683e-01
   1.2873653e-02
   1.5502298e-01
   5.7947826e-01
   1.1293416e+00
   1.1881984e+00
   7.6494569e-01
   3.8662416e-01
   1.3568774e-01
   2.3148740e-02
   2.0808506e-01
   9.2389011e-01
   2.0985656e+00
   2.6790178e+00
   2.1761234e+00
   1.5796005e+00
   1.8188714e+00
   1.8535535e+00
   1.3078263e+00
   7.0970106e-01
   2.1491769e-01
   1.8309509e-02
   9.6504128e-01
   4.3883858e+00
   8.5877266e+00
   8.1742353e+00
   4.7658505e+00
   2.0094521e+00
   6.9614339e-01
   2.8741786e-01
   1.9876463e+00
   1.2770710e+01
   2.7475641e+01
   2.7149778e+01
   1.6254623e+01
   7.1665874e+00
   2.4457424e+00
   6.5558010e-01
   1.5413150e-01
  -1.7706309e-03
   1.4222132e-01
   1.8611556e+00
   4.1394582e+00
   4.4721422e+00
   3.1894052e+00
   1.7408003e+00
   5.9483403e-01
  -1.3847330e-02
  -9.2121087e-02
   1.5765673e-01
   2.4448690e-01
   7.8583974e-01
   1.6298018e+00
   1.5623415e+00
   8.9611614e-01
   4.0611100e-01
   3.1964329e-01
   2.5210419e-01
   9.2481427e-02
   3.4601071e-01
   5.7316774e-01
   8.8006681e-01
   8.6043662e-01
   1.0624821e+00
   1.2430931e+00
   8.8678437e-01
   4.3398461e-01
   1.2066479e-02
  -6.2847130e-02
   1.6120355e-01
   2.9655457e-01
   4.8060572e-01
   4.0236425e-01
   8.9321598e-02
   9.2144020e-02
   1.1677042e-01
   7.5745910e-02
   1.0192051e-01
   2.3892453e-01
   2.8099716e-01
   9.0572551e-02
   1.8083408e-01
   2.2318543e-01
   3.0132520e-01
   2.7676418e-01
   7.3729053e-02
  -2.9224491e-02
   5.7243172e-02
   2.4447070e-01
   3.7668216e-01
   4.0312934e-01
   3.2188234e-01
   1.6147931e-01
  -1.2695838e-02
  -1.7120061e-02
   2.9304245e-01
   5.3381819e-01
   7.9587245e-01
   8.2643735e-01
   5.3238136e-01
   2.6480034e-01
   1.5491743e-01
   5.6024837e-01
   1.6565419e+00
   2.0787423e+00
   1.3930702e+00
   6.0116160e-01
   2.3561959e-01
   3.9620259e-01
   8.8611728e-01
   9.1989857e-01
   5.9183091e-01
   3.1979522e-01
   2.4155970e-01
   1.5846747e-01
   3.0114537e-01
   1.2813638e+00
   3.1779497e+00
   3.6427417e+00
   2.2581267e+00
   1.0100498e+00
   3.6298952e-01
   1.5097572e-01
   8.8216268e-02
   9.4675817e-02
   1.1963006e-01
   2.1284418e-01
   5.1122230e-01
   7.1047729e-01
   4.8873717e-01
   2.7391967e-01
   1.3812320e-01
   5.8919866e-02
   7.1502831e-03
   8.3963610e-02
   1.3564073e-01
   2.4363507e-01
   3.0005860e-01
   2.3895837e-01
   1.6452299e-01
   6.4032108e-02
   7.9828724e-02
   8.3061233e-02
   1.0195823e-01
   1.4138168e-01
   2.3539133e-01
   2.7475131e-01
   2.0080988e-01
   1.6854891e-01
   1.4432518e-01
   1.0070877e-01
   5.3072184e-02
   1.5473224e-02
   1.0569696e-01
   1.6798669e-01
   2.5184765e-01
   1.5102306e-01
   2.0146824e-02
   4.2809531e-02
   2.6421856e-02
  -1.3078193e-02
   1.0049751e-02
   1.0525869e-01
   1.5133244e-01
   1.6479746e-01
   1.7168151e-01
   1.6828902e-01
   1.3699552e-01
   8.6907834e-02
   5.2470081e-02
   7.7105619e-02
   6.0736753e-02
   1.4000233e-01
   2.0360173e-01
   3.3020732e-01
   3.7799254e-01
   1.6372241e-01
   7.6566532e-02
   7.9582036e-02
   8.3269179e-02
   2.1593116e-01
   4.3353406e-01
   6.2883222e-01
   4.0192354e-01
   2.7274993e-01
   3.6095062e-01
   3.9702648e-01
   3.5308135e-01
   2.9005057e-01
   8.9680128e-02
   3.1790905e-02
   1.0177010e-01
   9.1960478e-01
   1.4421605e+00
   1.2139076e+00
   8.2497132e-01
   2.8837472e-01
   6.7852758e-02
   6.7575552e-02
   9.3868250e-01
   3.5937428e+00
   5.6527982e+00
   4.6829424e+00
   2.5459988e+00
   1.0079610e+00
   2.5759536e-01
   1.9136102e-01
   1.6798015e-01
   1.5510143e-01
   3.8737670e-01
   7.6976359e-01
   9.4331336e-01
   8.5571182e-01
   5.0839531e-01
   3.3407062e-01
   2.1393467e-01
   2.0286073e-01
   1.6257499e-01
   1.8024080e-01
   2.3375915e-01
   3.1228891e-01
   2.9807666e-01
   2.4651501e-01
   7.7626206e-02
  -1.3224976e-02
   3.4691725e-02
   2.3170711e-02
   4.2613931e-02
   9.4616897e-02
   2.4279499e-01
   2.1983178e-01
   1.0441224e-01
   1.1109591e-01
   8.8681653e-02
   2.9598519e-02
   4.5880508e-02
   3.2345138e-02
   2.7631639e-02
   9.0414263e-02
   1.0010393e-01
   1.1229963e-01
   9.8604001e-02
   4.0433269e-02
   2.0438245e-02
   7.7262037e-02
   5.3918719e-02
   1.2747875e-01
   1.5523085e-01
   1.0015639e-01
   7.7660024e-02
   6.8440214e-02
   7.8869633e-02
   3.7479095e-02
   5.7811249e-02
  -1.2798754e-02
   4.5330014e-02
   1.0924768e-01
   1.3912347e-01
   1.1775833e-01
   8.6682908e-02
   1.0406640e-01
   3.6847733e-02
   5.0860252e-02
   1.5128613e-01
   2.0744987e-01
   2.5917920e-01
   2.0363492e-01
   1.7618395e-01
   1.3423710e-01
   1.2798789e-01
   1.2472688e-01
   1.4565235e-01
   1.1999428e-01
   1.0360812e-01
   8.8493116e-02
   1.7572545e-01
   2.9230312e-01
   2.6000357e-01
   2.0277341e-01
   9.3521975e-02
   3.6889106e-02
   1.6724329e-05
   1.2626585e-01
   5.0417292e-01
   9.1747594e-01
   8.4873492e-01
   4.5019484e-01
   2.3512571e-01
   7.4727111e-02
   2.6755985e-02
   4.5097683e-02
   1.1414163e-01
   8.1950083e-02
   8.8101208e-02
   1.8277171e-01
   1.6019785e-01
   6.5339588e-02
   7.8992128e-02
   3.9104123e-02
   3.8518365e-02
   3.7244573e-02
   5.6883130e-02
   4.2095866e-02
   9.7856157e-02
   9.5774561e-02
   1.0440039e-01
   6.0405921e-02
   6.8453118e-02
   9.2119493e-02
  -5.6859823e-03
   5.7986047e-02
   7.8013994e-02
   7.8400590e-02
   8.9567974e-02
   4.8628639e-02
   6.4941756e-02
   7.7726178e-02
   4.0996820e-02
   3.7541736e-02
   2.8577548e-02
   7.6547578e-02
   8.4396809e-02
   1.0365810e-01
   7.6002754e-02
   8.9925274e-02
   5.9392512e-02
   6.3341729e-02
   1.0133329e-01
   9.6386261e-02
   1.1734087e-01
   1.5190329e-01
   1.0745727e-01
   6.2645115e-02
   7.2919130e-02
   8.0419660e-02
   7.6450139e-02
   5.5550918e-02
   8.7116756e-02
   9.3725547e-02
   1.3503034e-01
   1.0574523e-01
   1.1918604e-02
   6.6502593e-02
   1.1605418e-01
   1.1676638e-01
   4.7503341e-02
   7.2794549e-02
   1.4811139e-01
   1.3448946e-01
   1.0725695e-01
   5.9664998e-02
   8.3400749e-02
   1.3162084e-01
   8.3867207e-02
   1.0642967e-01
   4.6788711e-02
   6.6919506e-02
   8.8196479e-02
   1.1874047e-01
   1.4816330e-01
   1.0735539e-01
   1.0457978e-01
   2.2036696e-02
  -9.8042591e-03
   5.1455669e-02
   2.0596030e-01
   2.8908238e-01
   3.2925507e-01
   2.3086254e-01
   7.9313517e-02
   2.3710787e-02
   2.7439890e-02
   6.5427773e-02
   6.2066883e-02
   7.8478761e-02
   1.1832235e-01
   9.8911725e-02
   6.6500686e-02
   6.3047744e-02
   1.0184082e-01
   1.1192146e-01
   7.0869789e-02
   7.6320432e-02
   7.3059067e-02
   1.0412648e-01
   1.0300574e-01
   1.1009120e-01
   1.3941680e-01
   1.8520556e-01
   1.4192018e-01
   2.8070899e-02
   6.9538310e-02
   6.0564797e-02
   1.4536086e-01
   2.0040758e-01
   1.7427404e-01
   7.4651286e-02
   3.0760575e-02
   6.1785519e-02
   6.3923217e-02
   1.2701374e-01
   2.8169879e-01
   2.8928503e-01
   1.7362069e-01
   2.4370583e-02
   1.1144353e-02
   5.4531001e-02
   1.2257337e-01
   2.2034758e-01
   2.1859801e-01
   1.4941774e-01
   1.3787079e-01
   9.5572345e-02
   1.0693382e-01
   1.3663952e-01
   1.7731722e-01
   2.6350769e-01
   1.1079370e-01
   1.0631196e-01
   1.2589435e-01
   4.5337569e-02
   7.0567705e-02
   4.3365151e-02
   1.2928605e-01
   1.1820492e-01
   1.6305231e-01
   1.5995026e-01
   1.4474630e-01
   9.7337298e-02
   6.2266763e-02
   4.9155958e-02
   5.9430189e-02
   9.7633034e-02
   2.4932561e-02
   5.0694365e-02
   5.0017454e-02
   3.8200654e-02
   5.3166572e-02
   9.4494618e-02
   3.9634366e-02
   7.6449141e-02
   5.1153358e-02
   2.6950147e-02
   7.5706497e-02
   1.0397071e-01
   8.6765505e-02
   1.0190644e-01
   1.5867236e-01
   9.1241434e-02
   5.0718643e-02
   5.3845972e-02
   3.9674975e-02
   1.1894655e-01
   1.1215404e-01
   1.1757699e-02
   3.6082882e-02
   8.0850944e-02
   8.3818622e-02
   1.3872583e-01
   1.2692273e-01
   5.5044994e-02
   9.2454016e-02
   6.9546252e-02
   7.4315079e-02
   7.8201681e-02
   7.0760518e-02
   1.3969183e-01
   1.5856704e-01
   1.6574624e-01
   1.1135808e-01
   1.1737631e-01
   1.1683688e-01
   1.1222149e-01
   9.2371233e-02
   1.9583750e-01
   1.6556145e-01
   1.6252090e-01
   4.6042848e-02
   1.3316792e-01
   1.5460692e-01
   2.4664353e-01
   2.4876511e-01
   1.1082891e-01
   7.1761131e-02
   2.2249363e-02
  -2.7652630e-03
   2.0848285e-01
   2.3755446e-01
   1.8859152e-01
   1.7519124e-01
   8.8335045e-02
   6.7612745e-02
   1.1234829e-01
   2.4108627e-01
   3.3732906e-01
   2.1027301e-01
   1.2908882e-01
   1.2469357e-01
   9.7560532e-02
   1.9793449e-01
   2.5652927e-01
   3.7374943e-01
   1.9034132e-01
   1.3685578e-01
   7.3572151e-02
   5.7567865e-02
   1.4259332e-01
   2.0319153e-01
   3.0313858e-01
   2.3251247e-01
   2.3465018e-01
   9.7618312e-02
   1.0186522e-01
   2.0598720e-01
   4.8077077e-01
   5.0098062e-01
   3.9285684e-01
   2.6483461e-01
   2.2061482e-02
   1.2853162e-01
   3.4965494e-01
   5.6561077e-01
   6.3036293e-01
   4.1605854e-01
   2.2836113e-01
   1.0623676e-01
   1.1527182e-01
   4.7142959e-01
   7.2164220e-01
   6.9689536e-01
   4.9546883e-01
   2.5320697e-01
   6.0851527e-03
   1.0184918e-01
   5.7508421e-01
   8.7248939e-01
   7.9421532e-01
   4.6733436e-01
   2.4604973e-01
   2.0557377e-02
   2.2210471e-01
   7.1205175e-01
   1.0220163e+00
   1.0955620e+00
   7.4707949e-01
   3.8742849e-01
   1.3062325e-01
   3.2017547e-01
   8.0181026e-01
   1.1128932e+00
   7.9905921e-01
   3.7809822e-01
   1.5007825e-01
   1.7662659e-01
   3.8000268e-01
   9.3773049e-01
   1.0052800e+00
   8.3072269e-01
   5.7525969e-01
   2.4634588e-01
   1.8687828e-01
   3.8661665e-01
   8.2046252e-01
   1.0662967e+00
   7.3144549e-01
   3.9570275e-01
   2.8699863e-01
   2.9140317e-01
   2.0788455e-01
   1.3957280e-01
   1.1934805e-01
   1.6367774e-01
   2.4087891e-01
   2.7091518e-01
   3.3750847e-01
   2.7252650e-01
   2.4773076e-01
   1.3417356e-01
   5.3336874e-02
   9.8178320e-02
   1.4579499e-01
   1.6916643e-01
   1.3149858e-01
   1.4230041e-01
   1.6468115e-01
   1.5463692e-01
   5.3598959e-02
   9.1866158e-02
   9.3433686e-02
   6.8740696e-02
   5.8698792e-02
   4.8072916e-02
   1.0064472e-01
   7.6875158e-02
   9.7609207e-02
   9.7076237e-02
   1.2051985e-01
   1.5910313e-01
   9.0069816e-02
   3.1018162e-02
   4.4227974e-03
   7.8749895e-02
   1.9666015e-01
   1.2551808e-01
   1.4720055e-01
   1.0041621e-01
   8.4710121e-02
   1.6156363e-01
   2.5036809e-01
   1.6063036e-01
   6.9457799e-02
   8.5110866e-02
   9.8141897e-03
   4.9263477e-02
   2.0853300e-01
   2.3522592e-01
   1.8272592e-01
   8.5023075e-02
   9.4273128e-02
   8.8122718e-02
   1.2024990e-01
   2.9985610e-01
   3.1612262e-01
   3.3443162e-01
   1.6984189e-01
   8.6114883e-02
   4.9291067e-02
   2.1109913e-01
   2.9372832e-01
   3.4575698e-01
   1.9750956e-01
   9.5341377e-02
  -1.6882621e-04
   5.7554271e-02
   2.4006131e-01
   3.0361164e-01
   2.2801065e-01
   1.2502764e-01
   1.4946336e-01
   9.3474209e-02
   1.3260970e-01
   2.7497819e-01
   2.8083605e-01
   3.0877084e-01
   2.2567879e-01
   8.3983287e-02
   1.0618122e-01
   1.4352010e-01
   5.5838842e-02
   3.9655069e-04
   6.9636360e-02
   4.9478363e-02
   6.7081377e-02
   8.5037060e-02
   1.4302665e-01
   1.8153886e-01
   1.5947230e-01
   7.1864091e-02
  -1.8728331e-03
   3.8804650e-02
   1.0813653e-01
   5.6386515e-02
   6.8118431e-02
   1.2241976e-01
   1.6827801e-02
   7.2039589e-02
   9.6037820e-02
   6.3389629e-02
   8.3541006e-02
   9.1807172e-02
   7.5978540e-02
   1.0148059e-01
   3.2318644e-02
   7.3997669e-02
   5.5475961e-02
   5.7179485e-02
   5.9727404e-02
   5.2195031e-02
   3.5588842e-02
   6.8522878e-02
   6.2925324e-02
   7.5767428e-02
   7.3660508e-02
   8.6303040e-02
   6.7066401e-02
   5.4255027e-02
   1.2037741e-02
   3.9526436e-02
   6.4464502e-02
   1.1982929e-02
   6.2507890e-02
   9.5973954e-02
   7.4055627e-02
   1.4015439e-01
   1.6301902e-01
   1.4191447e-01
   7.4020058e-02
   6.3284293e-02
   6.8916366e-02
   8.0090947e-02
   1.4868878e-01
   1.8742914e-01
   1.4088680e-01
   6.1317500e-02
  -1.6281568e-02
   5.9422955e-02
   1.4958641e-01
   2.2277732e-01
   2.2259451e-01
   1.4788479e-01
   8.3292767e-02
   4.4596855e-02
   5.1221140e-02
   1.2183446e-01
   2.2180031e-01
   1.4738671e-01
   9.9438742e-02
   8.6279921e-02
   8.5440658e-02
   7.9327978e-02
   1.5860240e-01
   1.8086864e-01
   1.0952180e-01
   1.3907789e-01
   1.4770201e-01
   1.1339379e-01
   6.5421037e-02
   4.8133183e-02
   3.5886168e-02
   4.7104560e-02
   8.1221059e-02
   8.0896892e-02
   5.5147566e-02
   4.3309946e-02
   9.1154747e-02
   7.7137701e-02
   4.6372499e-02
   5.2441511e-02
   5.3720098e-02
   1.0043246e-01
   4.7334574e-02
   5.2583314e-02
   8.5863762e-02
   8.3853342e-02
   9.0371631e-02
   4.3700617e-02
   1.1881455e-01
   8.7119684e-02
   4.0417492e-02
   5.0084308e-02
   5.0516274e-02
   4.0070057e-02
   6.4735375e-02
   6.5981217e-02
   6.2387493e-02
   7.7463672e-02
  -5.6856698e-03
  -2.7954322e-03
   8.0004551e-02
   1.3029818e-01
   8.2458384e-02
   7.1421497e-02
   2.1548629e-02
   6.0486875e-02
   6.3258328e-02
   6.1571762e-02
   7.9161279e-02
   5.7982188e-02
   5.1708538e-02
   5.4758750e-02
   7.5307593e-02
   7.0415914e-02
   5.2263867e-02
   6.4175032e-02
   1.2153591e-01
   6.9319211e-02
   2.1567171e-02
   3.2853194e-02
   6.9814950e-02
   1.2276711e-01
   6.2044505e-02
   3.2202978e-02
   3.1109790e-03
   3.0327514e-02
   5.8519229e-02
   8.0014683e-02
   5.4996334e-02
   6.8849124e-02
   3.1392299e-02
   2.2736071e-02
   4.4843704e-02
   1.0585896e-01
   7.5903855e-02
   1.0047375e-01
   5.3436808e-02
   2.9264376e-02
   6.2576555e-02
   1.6492039e-02
   4.3405868e-02
   8.2675681e-02
   9.2214458e-02
   1.1481648e-01
   4.6992458e-02
   3.1429991e-02
   4.0411402e-02
   7.1839020e-02
   8.2052886e-02
   6.4170443e-02
   4.9510773e-02
   3.1183291e-02
   1.7625073e-02
   3.5129245e-02
   4.6454307e-02
   4.4820599e-02
   2.9876694e-02
   4.8161671e-02
   4.4667624e-02
   6.0806762e-02
   4.5823548e-02
   4.7556460e-02
   6.6633500e-02
   4.8874479e-02
   1.2844540e-02
   8.0697075e-02
   9.5409058e-02
   8.1493929e-02
   5.9019387e-02
   7.2522789e-02
   1.0506970e-01
   8.6066432e-02
   7.5377204e-02
   2.7750360e-02
   8.8008769e-02
   5.4045651e-02
   5.5032369e-02
   5.4568652e-02
   8.3518863e-02
   1.0681801e-01
   5.9694160e-02
   5.3893048e-02
   6.9101430e-02
   4.8333589e-02
   7.0304498e-02
   6.5819539e-02
   5.5386830e-02
   7.7398270e-02
   3.6168333e-02
   5.5445753e-02
   9.2800535e-02
   4.9656469e-02
   2.5057476e-02
   6.1584514e-02
   2.4259379e-02
   7.0163347e-02
   4.3320674e-02
   2.7560638e-02
   8.0338016e-02
   7.9917610e-02
   6.2159061e-02
   7.3137954e-02
   7.9005040e-02
   5.1764488e-02
   1.8773463e-02
   2.9463025e-02
   5.7527829e-02
   3.2935735e-02
   3.6023382e-02
   5.7665169e-02
   6.4421915e-02
   4.4888284e-02
   4.8521139e-02
   5.4566491e-02
   7.0320651e-02
   3.3347897e-02
   1.6234957e-02
   5.3475227e-02
   9.0616412e-02
   8.8266447e-02
   7.2376490e-02
   6.9562726e-02
   4.5592416e-02
   4.4408780e-02
   3.0956523e-02
   6.5596461e-02
   9.4096661e-02
   7.7928752e-02
   7.8905441e-02
   7.3838226e-02
   4.8826125e-02
   6.7311458e-02
   5.1406994e-02
   9.2728481e-02
   7.8820944e-02
   5.4912250e-02
   3.9005212e-02
   1.0662962e-01
   7.6361656e-02
   1.9221742e-02
  -1.4157820e-02
   4.6674829e-02
   5.7421751e-02
   8.2807288e-02
   8.7554462e-02
   8.7864578e-02
   8.9507759e-02
   5.3116575e-02
   6.7009062e-02
   7.8926340e-02
   7.9167210e-02
   9.6512109e-02
   8.0310814e-02
   6.8234041e-02
   4.3209296e-02
   1.9332360e-02
   2.4145298e-02
   4.0213332e-02
   3.5674956e-02
   2.3921881e-02
   4.7922816e-02
  -3.5269000e-03
   1.0615341e-02
   8.2421610e-03
  -5.7808310e-04
   4.7442872e-02
   6.7153320e-02
   8.3730012e-02
   5.9642572e-02
   5.8235921e-02
   4.5628168e-02
   7.2799474e-02
   5.8757998e-02
   3.5048444e-02
   3.8158335e-02
   8.1004046e-02
   6.5492824e-02
   6.0965482e-02
   7.5365491e-02
   5.4830238e-02
   6.0443349e-02
   2.0002292e-02
   2.0263545e-02
   4.5498542e-02
   4.5358907e-02
   5.1869739e-02
   4.8986327e-02
   2.9893218e-02
   7.1676835e-02
   8.0342643e-02
   4.5575786e-02
   3.5862155e-02
   2.3386734e-02
   1.3557094e-02
   3.6943149e-02
   3.8876723e-02
   3.4974378e-02
   4.7481257e-02
   1.7497864e-02
   4.4521004e-02
   3.7665214e-02
   6.9559015e-02
   4.5694496e-02
   4.5929451e-02
   7.3681086e-02
   4.9443126e-02
   1.6614523e-02
   2.9677117e-02
   2.3835257e-02
   6.3798800e-02
   3.9099008e-02
   5.9463557e-02
   3.0148352e-02
   2.8294612e-02
   4.2361919e-02
   2.9825095e-02
   8.9727258e-03
   5.5745620e-02
   8.9978203e-02
   6.3713983e-02
   4.5313012e-02
   3.3681199e-02
   2.3016023e-02
   3.7213638e-02
   3.0306328e-02
   3.0149998e-02
   2.0376647e-02
   1.4173774e-02
   2.8257612e-02
   4.5515519e-02
   5.4806143e-02
   4.1865148e-02
   6.1130356e-02
   5.9464648e-02
   1.4389450e-02
   2.0418253e-02
   1.7287757e-02
   2.5444480e-02
   4.2816013e-02
   6.4404987e-02
   4.5784459e-02
   2.2749942e-02
   5.1707231e-02
   5.5692021e-02
   4.8914026e-02
   5.4613758e-02
   3.0573916e-02
   5.4178614e-02
   2.0446563e-02
   4.9937896e-02
   5.3856172e-02
   5.2788243e-02
   4.3411322e-02
   2.4699477e-02
   3.3046689e-02
   7.6761641e-02
   7.8060336e-02
   9.8719902e-02
   8.2256138e-02
   9.4513610e-02
   8.0109507e-02
   8.0054604e-02
   4.1536432e-02
   7.7467874e-02
   8.6989507e-02
   6.4089537e-02
   6.9890521e-02
   8.5348308e-02
   5.7867929e-02
   5.2478105e-02
   8.4306411e-02
   5.2205205e-02
   5.1676750e-02
   5.6539547e-02
   4.7023788e-02
   4.7371931e-02
   3.4207609e-02
   4.0533319e-02
   4.3833155e-02
   2.1593591e-02
   4.4056326e-02
   3.7652530e-02
   5.4569092e-02
   4.0320292e-02
   3.4878511e-02
   4.7602423e-02
   1.4817679e-02
   5.0419375e-02
   9.8570436e-02
   7.1734712e-02
   6.0788259e-02
   5.8098000e-02
   5.2727830e-02
   5.5645142e-02
   5.3243279e-02
   3.8066451e-02
   8.5243471e-02
   3.4830879e-02
   2.6262442e-02
   7.3837325e-02
   5.8041099e-02
   5.3915255e-02
   1.0103016e-01
   6.1677806e-02
   1.4839061e-02
   5.8192551e-02
   2.3212282e-02
   3.9301328e-02
   8.7025627e-02
   1.2358088e-01
   6.0898598e-02
   4.9356677e-02
   3.7013095e-02
   7.8916006e-02
   9.1176428e-02
   9.0737291e-02
   1.0648556e-01
   9.7965159e-02
   1.1205746e-01
   1.7443670e-01
   1.5324175e-01
   8.8809460e-02
   2.8874867e-02
   2.0952441e-02
   4.1385792e-02
   2.2255343e-01
   3.2076535e-01
   3.2891059e-01
   2.5572050e-01
   1.5084857e-01
  -4.5019165e-03
   6.8375967e-02
   2.2777589e-01
   3.5305852e-01
   3.1101778e-01
   2.1854638e-01
   1.3468312e-01
   1.1883196e-01
   1.1500722e-01
   5.6050882e-02
   6.8961047e-02
   5.2184049e-02
   8.5720412e-02
   1.0283618e-01
   1.1952814e-01
   1.4380857e-01
   6.4320967e-02
   7.1271181e-02
   5.3726442e-02
   8.9090183e-02
   9.0706661e-02
   8.3183520e-02
   8.2387760e-02
   7.2011523e-02
   4.6545632e-02
   2.5180876e-02
   3.5070863e-02
   1.9732662e-02
   3.2465648e-02
   7.6092266e-02
   1.0144300e-01
   6.4516865e-02
   4.2574424e-02
   3.3775512e-02
   4.1726470e-02
   4.3523356e-02
   2.5068793e-02
   7.8920148e-02
   4.7061495e-02
   4.0668838e-02
   6.3366711e-02
   4.8277352e-02
   7.0402309e-02
   7.3734991e-02
   8.7127194e-02
   6.1814599e-02
   2.7640043e-02
   6.1309751e-02
   6.4234853e-02
   3.2438107e-02
   3.2938756e-02
   2.9866738e-02
   4.6009324e-02
   4.5747526e-02
   4.2253505e-02
   1.9726707e-02
   2.0141061e-02
   2.7773360e-02
   6.8254068e-02
   5.9080012e-02
   3.8357429e-02
   6.3956462e-02
   3.6774717e-02
   5.1799089e-02
   7.5297654e-02
   7.1333371e-02
   9.8525934e-02
   8.3321191e-02
   8.1736974e-02
   6.7125872e-02
   6.4119019e-02
   8.2719967e-02
   7.3427811e-02
   6.7443028e-02
   4.2354543e-02
   3.8808607e-02
   5.0720777e-02
   8.0081575e-02
   1.0860183e-01
   9.4242878e-02
   8.9657433e-02
   6.3471064e-02
   8.5733131e-02
   6.4981967e-02
   5.7625517e-02
   5.8718689e-02
   3.2038927e-02
   2.6315590e-02
   2.2647729e-02
   2.0304291e-02
   9.1632999e-02
   5.1661085e-02
   3.8662177e-02
   4.9234316e-02
   4.6885412e-02
   3.2736145e-02
   7.4444607e-02
   6.4382903e-02
   6.8837121e-02
   4.0670592e-02
   2.2928713e-02
   5.6755845e-02
   5.6161232e-02
   2.5891595e-02
   2.0693894e-02
   3.9226342e-02
   2.2835501e-02
   6.2169347e-02
   7.4555479e-02
   3.7038639e-02
   1.0913602e-02
   4.1745938e-02
   5.0633013e-02
   8.5822731e-02
   1.1704186e-01
   7.3530003e-02
   1.5846023e-02
   2.9492807e-02
   4.2332146e-02
   3.5313558e-02
   6.3311183e-03
   3.4214839e-02
   4.5850661e-02
   8.7751672e-03
   5.5641020e-03
   2.2340920e-02
   3.9746195e-02
   5.6465317e-02
   5.4179054e-02
   7.9740137e-02
   9.2092134e-02
   4.4846598e-02
   2.2014804e-02
   7.5446176e-03
   3.5189603e-02
   1.6703896e-02
   2.9503088e-02
   7.7957712e-02
   6.7443185e-02
   4.1803900e-02
   4.2749982e-02
   5.9439510e-02
   7.2840273e-02
   4.4266254e-02
   2.7885266e-02
   2.7778981e-02
   4.1284103e-02
   5.7513472e-02
   6.1556179e-02
   5.0437432e-02
   2.4693856e-02
   5.7683568e-02
   4.4601887e-02
   1.6324602e-02
   6.4146057e-02
   4.8503749e-02
   9.2472984e-03
   1.1328369e-02
   3.3919517e-02
   3.1460129e-02
   3.7943937e-02
   4.5447852e-02
   2.6515404e-02
   1.5418812e-02
   5.9552915e-02
   8.0987431e-02
   4.8947971e-02
   3.2015085e-02
   2.8553672e-02
   1.1371201e-02
   1.3380851e-02
   2.5445256e-02
   7.0852831e-02
   6.6517413e-02
   3.7328936e-02
   4.8121780e-02
   7.0411251e-03
   2.8636312e-02
   5.1206715e-02
   6.9456786e-02
   3.6064915e-02
   8.0383778e-02
   4.2260583e-02
   1.5715022e-02
   1.5145660e-02
   2.5498716e-02
   3.1478874e-02
   5.3761881e-02
   4.7061771e-02
   2.8889084e-02
   2.4763111e-02
   5.3597897e-02
   7.4031577e-02
   6.8996876e-02
   6.5147854e-02
   5.0668299e-02
   2.1888455e-02
   1.5516777e-02
   1.3374340e-02
   6.3266285e-02
   4.3571431e-02
   4.5500912e-02
   4.4283193e-02
   1.4897545e-02
   4.4748127e-02
   6.3743182e-02
   2.2828195e-02
   1.2677203e-02
   1.0266630e-02
   9.3977479e-03
   2.2845645e-02
   6.0546335e-02
   3.9177805e-02
   4.8018858e-02
   1.7228201e-02
   1.9632539e-02
   3.0368950e-02
   5.7908572e-02
   1.1156593e-02
   3.0595860e-02
   5.9033610e-02
   5.7348665e-02
   2.8567405e-02
   5.3672612e-02
   3.2478228e-02
   5.4677557e-02
   4.8733197e-02
   5.4276969e-02
   3.2713324e-02
   2.2612143e-02
   2.9360106e-02
   6.2389232e-02
   1.9993627e-02
   2.5272844e-02
   1.6340012e-02
   4.8287675e-02
   2.8663961e-02
   4.2143583e-02
   5.6149025e-02
   7.5554542e-02
   3.3868860e-02
   4.1151796e-02
   4.0877018e-02
   5.1937561e-02
   3.2190423e-02
   3.5672717e-02
   2.3593673e-02
   5.0740793e-02
   4.1569326e-02
   3.6552638e-02
   8.5634582e-02
   5.3433094e-02
   8.6764142e-02
   8.4612750e-02
   5.4083329e-02
   5.5816799e-02
   5.5731751e-02
   7.6789975e-02
   5.1021259e-02
   2.2715427e-02
   3.5590418e-02
   6.3483432e-02
   5.8640204e-02
   1.2335202e-02
   2.9359857e-02
   5.2097667e-02
   5.4641753e-03
   4.2095885e-02
   3.7443746e-02
   5.0802771e-02
   6.2553570e-02
   5.1202670e-02
   5.1115260e-02
   6.4561009e-02
   4.6051893e-02
   6.1085075e-02
   4.5128845e-02
   3.9904308e-02
   7.0984803e-02
   4.0393159e-02
   6.7400575e-02
   4.8166797e-02
