   2.3298191e-02
   1.9969746e-02
   2.4609728e-02
   3.5769183e-02
   4.3056477e-02
   4.9139868e-02
   3.7458401e-02
   5.5648006e-02
   5.5267975e-02
   3.9472267e-02
   2.4757201e-02
   3.6646660e-02
   4.8670296e-02
   4.3347716e-02
   3.2883763e-02
   2.2162540e-02
   5.7456169e-02
   5.4630756e-02
   5.2172743e-02
   5.3090647e-02
   4.2161372e-02
   1.1265803e-02
   1.7294029e-02
   2.0774551e-02
   4.1071203e-02
   5.0244417e-02
   3.9243158e-02
   6.7380227e-02
   6.5405346e-02
   6.1235145e-02
   9.2491016e-02
   6.0432702e-02
   1.6806092e-02
   1.9732744e-02
   3.1954292e-02
   3.0924171e-02
   4.2308688e-02
   3.9264198e-02
   4.4169810e-02
   5.8793157e-02
   5.8253050e-02
   5.2879713e-02
   5.7307661e-02
   6.4741202e-02
   4.2983063e-02
   1.3939361e-02
   1.0749931e-02
   1.7788626e-02
   3.5976361e-02
   4.5023352e-02
   3.5628069e-02
   4.9273405e-02
   6.6236138e-02
   1.9660087e-02
   2.8560875e-02
   3.1188106e-02
   3.0133106e-02
   2.6858216e-02
   4.3689821e-02
   3.9228003e-02
   4.1965280e-02
   3.8365517e-02
   6.0657650e-02
   4.2096928e-02
   2.0732615e-02
   2.3815988e-02
   2.7210724e-02
   3.9436612e-02
   3.4317091e-02
   1.5599217e-02
   3.0390974e-02
   4.6599034e-02
   4.8214495e-02
   4.4965219e-02
   2.6893521e-02
   3.9884541e-02
   4.9873799e-02
   4.1398842e-02
   1.9278828e-02
   2.9706856e-02
   4.1223314e-02
   2.1305399e-02
   1.4380232e-02
   2.4411479e-02
   3.6017448e-02
   4.1749284e-02
   6.1970778e-02
   5.3953748e-02
   5.3116299e-02
   5.4936282e-02
   2.5374159e-02
   1.7444495e-02
   4.5047719e-03
   8.5288789e-03
   2.4997471e-02
   5.9913829e-02
   6.1530672e-02
   5.8779549e-02
   6.3712172e-02
   4.4683151e-02
   2.2762723e-02
   3.8425945e-02
   2.9605990e-02
   3.1059586e-02
   2.4250055e-02
   3.8247742e-02
   2.9196747e-02
   7.3283814e-02
   7.3260672e-02
   4.2464949e-02
   4.3427702e-03
   1.5287978e-02
   3.5107203e-02
   3.0117838e-02
   3.6763318e-02
   2.6393292e-02
   2.5971023e-02
   3.0369574e-02
   4.4455670e-02
   4.8133951e-02
   3.7834257e-02
   4.1460730e-02
   3.2974657e-02
   2.8436324e-02
   1.9841641e-02
  -8.5942406e-04
   1.8732175e-02
   3.4922823e-02
   3.5997100e-02
   4.4112224e-02
   2.2684576e-02
   2.8947363e-02
   4.4701744e-02
   1.6586507e-02
   2.6416229e-02
   2.0565161e-02
   3.6615286e-02
   4.7376331e-02
   4.3484114e-02
   5.1355965e-02
   3.0038910e-02
   3.3987314e-02
   3.8357295e-02
   3.3106748e-02
   3.5279449e-02
   2.2155069e-02
   2.0630298e-02
   5.1599335e-02
   7.6552950e-02
   5.6311972e-02
   4.0530261e-02
   5.7030469e-02
   4.2682737e-02
  -7.8934839e-04
  -1.1346294e-04
   3.2203607e-02
   3.1044694e-02
   2.9434342e-02
   3.3543520e-02
   1.3908324e-02
   5.1816490e-02
   4.7844373e-02
   4.1139811e-02
   1.6729234e-02
   2.1520777e-02
   2.8977791e-02
   4.0059570e-02
   5.6745917e-02
   6.9746956e-02
   5.8925327e-02
   4.4408210e-02
   4.8050202e-02
   5.7883918e-02
   1.6477337e-02
  -3.9655478e-03
  -4.8129293e-03
   1.9524507e-02
   4.5629587e-02
   4.7388282e-02
   6.4736746e-02
   1.8176660e-02
   1.6863039e-02
   3.9912999e-02
   3.0714421e-02
   2.6393349e-03
   5.3686374e-03
   2.0065399e-02
   4.6164040e-02
   6.1724763e-02
   5.6619745e-02
   4.2404480e-02
   3.0644635e-02
   2.9431786e-02
   4.0430687e-02
   4.5140378e-02
   3.2183558e-02
   3.4872033e-02
   1.1488325e-02
   1.3222074e-02
   1.4089040e-02
   4.1636884e-02
   4.3897998e-02
   5.2191917e-02
   4.8418581e-02
   3.2598279e-02
   5.2078780e-02
   1.3818756e-02
   1.2097991e-02
   4.8979949e-02
   7.4885041e-02
   5.1454857e-02
   4.4043213e-02
   2.1767611e-02
   3.4095585e-02
   4.4994637e-02
   3.1957098e-03
   9.0467390e-03
   2.8783487e-02
   2.8824832e-02
   5.2902710e-02
   6.1650001e-02
   3.7965134e-02
   3.8676079e-02
   1.2103928e-02
   2.6937757e-02
   6.1835062e-02
   6.5847710e-02
   4.7286041e-02
   5.4270528e-02
   5.9924498e-02
   6.6806756e-02
   6.6070981e-02
   4.5181118e-02
   1.3569852e-02
   1.5604724e-02
   1.3983683e-02
   4.2110965e-02
   5.9647158e-02
   6.5015443e-02
   6.5762676e-02
   1.3202003e-01
   1.2587976e-01
   1.0097294e-01
   4.5817599e-02
  -7.1121045e-05
   2.7436949e-02
   3.7352450e-02
   3.9833214e-02
   4.8731793e-02
   2.5123179e-02
   2.7313111e-02
   4.4860423e-02
   6.3913420e-02
   6.0737152e-02
   1.1598771e-02
   2.5618631e-02
   2.2527376e-02
   4.4843227e-02
   3.6581803e-02
   4.3752860e-02
   5.0108299e-02
   4.8686840e-02
   3.5057515e-02
   3.3055265e-02
   5.7860509e-02
   2.4120301e-02
   3.7377603e-02
   4.2190455e-02
   4.6044648e-02
   4.4640079e-02
   2.8152134e-02
   1.4746385e-02
   9.8159024e-03
   1.6591346e-02
   3.7182901e-02
   3.6403295e-02
   2.8175337e-02
   1.7475583e-02
   4.8924137e-02
   2.4780242e-02
   2.3072187e-02
   1.0004601e-02
   1.1117991e-02
   4.6760835e-02
   6.1889347e-02
   6.4312682e-02
   5.4968074e-02
   3.3392616e-02
   4.6148575e-03
   4.0781308e-02
   1.2167635e-02
   3.9498761e-02
   4.6425384e-02
   2.7355334e-02
   5.4443803e-02
   9.7199380e-02
   7.0992619e-02
   3.3112794e-02
   4.0374175e-02
   5.4076921e-02
   5.5175979e-02
   2.3168175e-02
   8.7174186e-03
   2.4424082e-02
   4.6617500e-02
   7.0975877e-02
   8.9011565e-02
   5.6859985e-02
   5.2987766e-02
   7.0100524e-02
   2.6930969e-02
   5.5491950e-02
   4.7331918e-02
   4.0437195e-02
   2.9482489e-02
   3.9696295e-02
   1.9637967e-02
   3.3060718e-02
   4.5458771e-02
   4.1564185e-02
   1.8099871e-02
   1.0475726e-02
   2.1995915e-02
   3.7884068e-02
   6.8155661e-02
   3.4699764e-02
   4.0259589e-02
   4.0690504e-02
   4.0034883e-02
   3.4962002e-02
   3.0133016e-02
   2.3009041e-02
   2.3535224e-02
   2.3241248e-02
   5.1498443e-02
   2.5384009e-02
   4.1181866e-02
   3.3559553e-02
   3.5471071e-02
   4.4084519e-02
   2.9012354e-02
   1.5630733e-02
   3.1354252e-02
   4.8389792e-02
   5.7576321e-02
   3.9764661e-02
   2.9416252e-02
   1.3660152e-02
   4.1877651e-03
   1.5446243e-02
   2.2298433e-02
   4.4577889e-02
   5.2606229e-02
   3.8677495e-02
   5.9683532e-02
   4.4864479e-02
   3.9565153e-02
   6.0830381e-02
   8.0035046e-02
   6.0047381e-02
   3.3808321e-02
  -5.9177396e-03
   3.0331483e-02
   4.2924143e-02
   3.1940516e-02
   5.9838381e-02
   6.9006704e-02
   2.5892066e-02
   1.1947302e-02
   5.2881185e-03
   2.2811256e-02
   1.8776054e-02
   4.4022795e-02
   3.1902418e-02
   3.2286022e-02
   3.4663301e-02
   2.6952675e-02
   2.3760507e-02
   1.7051566e-02
   2.1691065e-02
   2.0546561e-02
   2.6394567e-02
   3.7344158e-02
   5.0097242e-02
   2.1231389e-02
   7.6227901e-03
   1.0188855e-02
   1.1394040e-02
   2.0655481e-02
   1.6836181e-02
   3.5369378e-02
   5.2380845e-02
   2.9751703e-02
   2.0703893e-02
   1.5935156e-02
   2.1039829e-02
   2.6240697e-02
   1.6628562e-02
   2.6540628e-02
   2.8007811e-02
   1.4516289e-02
   4.4976003e-02
   6.0482055e-02
   4.7707725e-02
   3.2809969e-02
   2.5964830e-02
   2.5767770e-02
   3.3960838e-02
   2.7987916e-02
   3.2334894e-02
   4.9923707e-02
   4.2621944e-02
   3.0927338e-02
   4.2359740e-02
   8.2609884e-02
   1.5782215e-01
   1.2946722e-01
   6.5406926e-02
   4.9512897e-02
   6.6919573e-02
   6.6396803e-02
   5.5074897e-02
   8.5212067e-02
   9.4038345e-02
   4.1993447e-02
   2.9198889e-02
   4.0794473e-02
   3.4322929e-02
   3.7185278e-02
   4.0345587e-02
   5.1778223e-02
   5.1903076e-02
   4.0524215e-02
   3.2760572e-02
   3.0709006e-02
   2.5041291e-02
   3.7216235e-02
   4.6650592e-02
   3.8614552e-02
   4.5458779e-02
   3.3633918e-02
   2.4398392e-02
   1.0341885e-02
   1.1092910e-02
   5.3858869e-03
   4.9172943e-03
   2.3640841e-02
   2.5454978e-02
   5.6441043e-02
   3.3845801e-02
   2.8979504e-02
   2.7668944e-02
   3.7105706e-02
   6.3328557e-02
   5.3180579e-02
   4.0616017e-02
   2.2514369e-02
   5.4632083e-02
   5.7998646e-02
   3.4753695e-02
   1.7135542e-02
   3.4612503e-02
   3.6745243e-02
   4.6029288e-02
   1.4517913e-02
   9.2125535e-03
   4.2240545e-02
   2.1675356e-02
   2.9164268e-02
   4.1123241e-02
   2.7575742e-02
   2.8985810e-02
   1.7652731e-02
   1.9332897e-02
   1.8577255e-02
   4.7820270e-02
   3.5615906e-02
   4.8113946e-02
   4.5030601e-02
   3.9338898e-02
   1.7591456e-02
   2.4363222e-02
   4.5593880e-02
   3.5494231e-02
   2.7447280e-02
   5.0337553e-02
   3.9490078e-02
   4.9492858e-02
   4.1491237e-02
   4.5637954e-02
   5.8849279e-02
   5.2452810e-02
   3.1387363e-02
   4.3249834e-02
   7.9883106e-02
   7.4864529e-02
   5.2274503e-02
   4.4063237e-02
   2.9409971e-02
   1.9490730e-02
  -3.1561579e-03
   2.7353307e-02
   4.8473284e-02
   3.7489008e-02
   4.4546057e-02
   5.1417232e-02
   3.0836998e-02
   9.2227552e-03
   4.3680668e-03
   2.1673614e-02
   2.7798316e-02
   1.5575570e-02
   1.1547958e-02
   2.8041240e-02
   2.0844730e-02
   2.2021633e-02
   2.0350568e-02
   2.4376852e-02
   1.2646494e-02
   3.8500174e-03
   2.4172757e-02
   4.5380607e-02
   5.1419672e-02
   4.3493845e-02
   3.9299544e-02
   2.8151210e-02
   3.5976522e-02
   2.7506655e-02
   3.9265198e-03
   8.9328038e-03
   2.7062917e-02
   3.3291075e-02
   5.7842344e-02
   5.0774369e-02
   3.0411091e-02
   2.2040544e-02
   5.9596006e-02
   1.5897496e-01
   2.0930211e-01
   1.3866200e-01
   6.8033047e-02
   3.5899486e-02
   2.4205662e-02
   3.3115927e-02
   2.7316986e-02
   3.8154304e-02
   4.2098545e-02
   3.1262234e-02
   3.5986006e-02
   4.3255407e-02
   2.6599545e-02
   2.5873082e-02
   3.4951698e-02
   2.6456110e-02
   2.8477224e-02
   3.1796999e-02
   3.4565363e-02
   2.7736599e-02
   4.9895138e-02
   7.1004987e-02
   1.5134853e-01
   1.7931058e-01
   1.2917805e-01
   7.6494746e-02
   4.4605564e-02
   3.0110626e-02
   9.6738776e-03
   1.5385445e-02
   6.9763876e-02
   8.5824110e-02
   5.2539378e-02
   1.0019619e-02
   2.1256048e-03
   2.5444983e-02
   6.2470742e-02
   6.0225524e-02
   1.1464010e-02
   2.4539972e-02
   2.4463423e-02
   1.7628016e-02
   7.0803249e-03
   2.5322760e-02
   5.3907827e-02
   8.3922543e-02
   5.9288979e-02
   5.9176595e-03
  -7.3642819e-03
   9.3415700e-02
   2.6571885e-01
   2.7334154e-01
   1.4141934e-01
   1.4586790e-01
   1.4574534e-01
   1.0094191e-01
   8.5353725e-02
   2.1712367e-01
   8.3451647e-01
   1.0142875e+00
   5.7256138e-01
   2.3224267e-01
   2.1088792e-01
   1.9232807e+00
   6.2636185e+00
   5.9943314e+00
   2.3917744e+00
   6.0602504e-01
   1.9105367e-01
   1.8149868e-01
   3.1144637e-01
   8.7262803e-01
   9.8005259e-01
   5.6595159e-01
   2.3486403e-01
   1.0950007e-01
   1.3716735e-01
   1.8753660e-01
   3.3417842e-01
   2.7635711e-01
   1.4766935e-01
   7.9280846e-02
   7.8716688e-02
   1.1933314e-01
   1.1618771e-01
   1.4908575e-01
   2.6237291e-01
   3.6068380e-01
   1.9057170e-01
   4.3574750e-02
   4.9713429e-02
   5.5252910e-02
   6.9131121e-02
   3.8662955e-02
   4.2492937e-02
   1.4260533e-02
   5.2143868e-02
   7.4220806e-02
   4.0694281e-02
   3.2059144e-02
  -9.7900094e-04
  -1.6332641e-02
   8.8007925e-03
  -7.3551075e-03
   1.3371314e-03
   2.6161799e-02
   5.6406897e-02
   5.6639761e-03
   4.8722895e-03
   9.1879897e-02
   2.2192957e-01
   2.2508094e-01
   9.9423751e-02
   7.9360411e-02
   2.7263424e-01
   4.5437530e-01
   2.4875629e-01
   9.0934701e-02
   1.6552864e-01
   2.3999795e-01
   1.5353844e-01
   9.7124711e-02
   7.0395611e-02
   2.7286905e-01
   1.1290094e+00
   1.3352716e+00
   6.6089976e-01
   1.7665100e-01
   3.9839379e-02
   1.2340669e-02
   5.1324815e-02
   1.9630753e-01
   2.6212296e-01
   1.5827671e-01
   4.1457541e-02
   1.9871064e-02
   7.5359307e-03
   7.7604093e-02
   1.1544650e-01
   1.0037336e-01
   2.3407878e-02
   1.0938921e-02
   2.3038110e-02
   5.1638529e-02
   5.9802331e-02
   5.3899638e-02
   7.6188236e-02
   7.4371047e-02
   5.5031724e-02
   9.1817928e-03
   2.3453120e-02
   3.7918791e-02
   2.2921296e-02
   7.5387936e-03
   4.9834722e-03
   5.3756237e-03
   4.9949337e-02
   5.5458885e-02
   4.5302149e-02
   2.3982769e-02
   3.3104487e-02
   3.3094879e-02
   3.4603294e-02
   1.6258454e-02
   5.0288618e-02
   6.6205241e-02
   4.2182542e-02
   2.8428610e-03
   1.7271491e-02
   6.8857886e-02
   1.2870795e-01
   9.8152332e-02
   6.0595080e-02
   4.2951606e-02
   1.0520957e-01
   1.1145495e-01
   5.6150105e-02
   1.3684592e-01
   3.1080574e-01
   2.3560356e-01
   1.0809878e-01
   3.5414822e-02
   3.3338827e-01
   1.5007068e+00
   2.0198059e+00
   1.0938437e+00
   3.1329453e-01
   6.6761456e-02
   2.7617333e-02
   7.7521004e-02
   2.6203397e-01
   3.2479477e-01
   2.1345457e-01
   1.0846560e-01
   6.1504163e-02
   2.5907371e-02
   2.6608391e-02
   6.3787699e-02
   5.8230821e-02
   6.6885337e-02
   3.5785504e-02
   3.8245954e-02
   4.1361157e-02
   5.5323873e-02
   6.9329858e-02
   5.7502713e-02
   5.6386702e-02
   2.8807392e-02
   4.6950784e-03
   2.4172541e-02
   3.9784975e-02
   6.3994549e-02
   2.3512775e-02
   2.5798433e-02
   3.6098987e-02
   2.8749648e-02
   7.8853033e-02
   2.7270440e-02
   3.6753460e-03
   1.6495800e-02
   2.7800128e-02
   2.6808310e-02
   3.0342769e-02
   5.2876409e-02
   6.3999914e-02
   3.4505602e-02
   3.7238566e-04
   5.4577593e-04
   2.9508358e-02
   9.2172176e-02
   6.6392072e-02
   2.4160180e-02
   2.5639817e-02
   6.5608099e-02
   5.2280162e-02
   4.7121499e-02
   5.2166410e-02
   1.0986008e-01
   9.3930431e-02
   4.6471924e-02
   3.0817719e-02
   1.5570098e-01
   5.2362734e-01
   6.6203856e-01
   3.4621412e-01
   1.0870992e-01
   1.4710330e-02
   1.4696423e-02
   3.2222670e-02
   7.5128920e-02
   8.6403079e-02
   2.8711583e-02
   2.9021651e-02
   1.8040799e-02
   1.6431859e-02
   3.0298324e-02
   5.3146943e-02
   4.9072750e-02
   1.5212870e-02
   2.2584757e-02
   2.3090862e-02
   4.8448417e-02
   4.4291750e-02
   4.9409389e-02
   5.4223564e-02
   2.7596835e-02
   1.3248787e-02
   2.5627902e-02
   4.1015476e-02
   2.2778215e-02
   1.7880293e-02
   1.3865362e-02
   1.9377660e-02
   3.1687085e-02
   3.6439743e-02
   4.6145871e-02
   4.4105221e-02
   3.7859209e-02
   3.0675732e-02
   3.5272807e-02
   2.6835946e-02
   3.5755809e-02
   1.0612782e-02
   2.2379193e-02
   2.4952469e-02
   1.3793881e-02
   3.6133800e-02
   3.9157875e-02
   3.0965883e-02
   4.8295528e-02
   3.1157598e-02
   3.0260468e-02
   3.0891214e-02
   4.7281798e-02
   7.0252381e-02
   7.5719401e-02
   5.9979908e-02
   4.6795342e-02
   8.2657430e-03
   8.2957096e-02
   2.4932630e-01
   3.0481908e-01
   1.7475292e-01
   7.8884289e-02
   4.9644236e-02
   3.1215910e-02
   3.4789763e-02
   6.4870797e-02
   5.6888025e-02
   4.3605890e-02
   1.8543847e-02
   2.6197672e-02
   2.8159039e-02
   3.2218199e-02
   3.7620954e-02
   4.4182405e-02
   4.7552001e-02
   2.9875524e-02
   4.9909923e-02
   4.3155920e-02
   3.7719045e-02
   2.9040474e-02
   4.0837001e-02
   1.9005805e-02
   5.0092157e-02
   7.3613681e-02
   5.1318552e-02
   2.7307572e-02
   2.8869910e-02
   3.1539548e-02
   2.6988467e-02
   4.9211536e-02
   2.9066535e-02
   2.6826935e-02
   3.9829761e-02
   3.6093514e-02
   1.6493885e-02
   2.4322223e-02
   8.0201020e-03
   1.5755711e-02
   3.6088184e-02
   3.9229129e-02
   3.1243525e-02
   1.6867898e-02
   4.7081739e-02
   4.9012158e-02
   6.5413065e-02
   4.4453073e-02
   6.4815775e-02
   5.6937940e-02
   6.5790717e-03
   1.4663779e-02
   2.9551193e-02
   5.7519771e-02
   4.5989145e-02
   4.7736965e-02
   4.4046476e-02
   8.6832449e-02
   1.1572180e-01
   9.4311915e-02
   6.4842135e-02
   3.3511799e-02
   3.1575587e-02
   8.5098511e-03
   2.8134579e-02
   5.8510542e-02
   2.8063538e-02
   2.6009608e-02
   2.3240849e-02
   1.4547261e-02
   2.0454625e-02
   2.2315333e-02
   7.7640740e-03
   3.0295016e-02
   2.2364408e-03
   3.7187371e-02
   3.5424475e-02
   2.6970474e-02
   2.2914043e-02
   2.1800593e-02
   1.4905389e-02
   3.8884498e-02
   3.8631842e-02
   2.7008979e-02
   3.9701730e-02
   3.3529270e-02
   3.9722659e-02
   1.3121745e-02
   1.3739694e-02
   2.8053589e-02
   2.8587380e-02
   1.0859654e-02
   5.0355159e-02
   2.7529541e-02
   3.0774789e-02
   3.5868436e-02
   4.3911651e-02
   2.3271102e-02
   4.5273244e-02
   3.6208693e-02
   7.6829933e-02
   9.1008857e-02
   7.5999118e-02
   5.9743285e-02
   4.0600151e-02
   6.2625907e-02
   7.4197330e-02
   6.9720432e-02
   4.5079354e-02
   8.8003345e-02
   1.0596012e-01
   8.1038542e-02
   7.3481128e-02
   3.8460948e-02
   9.9121690e-02
   1.3942608e-01
   1.2237924e-01
   6.0838006e-02
   4.1691542e-02
   1.2827383e-01
   1.6750962e-01
   1.1657519e-01
   6.4171568e-02
   6.4314738e-02
   1.9868070e-01
   3.0128312e-01
   2.1743485e-01
   8.3339162e-02
   7.9545096e-02
   2.2697243e-01
   3.4676334e-01
   2.2921492e-01
   1.1445425e-01
   8.6531021e-02
   1.2763941e-01
   1.3148573e-01
   6.7420281e-02
   5.0901778e-02
   8.8975556e-02
   1.6058977e-01
   1.2448353e-01
   4.8300929e-02
   4.8874635e-02
   7.9706311e-02
   4.3861061e-02
   2.7849488e-02
   7.4944764e-02
   1.0068591e-01
   7.5024255e-02
   4.7943953e-02
   2.8583359e-02
   2.2203261e-02
   2.6919082e-02
   4.4796776e-02
   4.1305076e-02
   4.1259103e-02
   3.5344467e-02
   1.6832858e-02
   1.6878311e-02
   4.0507820e-02
   3.6773641e-02
   2.2837702e-02
   1.1186510e-02
   2.7596429e-02
   3.9565083e-02
   3.8154885e-02
   1.3905848e-02
   3.3014808e-02
   3.9764181e-02
   2.3730278e-02
   5.8337711e-03
   4.4914532e-02
   6.9718733e-02
   3.8107790e-02
   2.5596218e-02
   4.5950297e-02
   4.9695186e-02
   3.0550217e-02
   3.4021456e-02
   2.9703129e-02
   7.4233584e-02
   9.4215594e-02
   7.3999986e-02
   4.5713589e-02
   3.8500857e-02
   6.7593664e-02
   8.5970126e-02
   4.6293493e-02
   1.2171759e-02
   1.0817394e-02
   5.2060518e-02
   7.8489125e-02
   6.4923406e-02
   3.5537869e-02
   5.4633722e-02
   4.6514116e-02
   3.9431084e-02
   2.7827222e-02
   9.8682952e-04
   4.5917579e-03
   1.7875401e-02
   2.4358455e-02
   1.7459663e-02
   5.5136420e-02
   5.7335235e-02
   2.1789581e-02
   1.7292351e-02
   1.3307956e-02
   3.5340980e-02
   5.1996119e-02
   4.5786649e-02
   2.3082187e-02
   2.3902409e-02
   5.2301444e-02
   6.8906739e-02
   3.7489086e-02
   3.3766322e-02
   1.1141141e-02
   2.3879211e-02
   9.6980715e-03
   1.8671852e-02
   2.4713825e-02
   9.2973420e-03
   1.2911299e-02
   2.6328130e-02
   3.5608869e-02
   4.0764749e-02
   3.8420822e-02
  -1.8790485e-03
   1.0131901e-02
   2.7876398e-02
   4.0804822e-02
   4.7958959e-02
   5.4530140e-02
   3.2035511e-02
   2.7439695e-02
   6.5690659e-02
   1.0980140e-01
   6.4688317e-02
   2.9816711e-02
   4.4537250e-02
   1.0258192e-01
   1.2319993e-01
   8.8815525e-02
   5.9457880e-02
   2.2997960e-02
   4.2292677e-02
   2.7285051e-02
   2.3898728e-02
   1.6561775e-02
   3.3638995e-02
   6.6627942e-02
   5.4055389e-02
   2.3521690e-02
   3.6315229e-02
   1.6886530e-02
   2.1395039e-02
   3.6950581e-02
   1.6246820e-02
   2.0479536e-02
   4.0894683e-02
   4.8124317e-02
   2.7264044e-02
   5.1689516e-03
   2.9700125e-02
   3.7790384e-02
   4.1482411e-02
   4.2410046e-02
   3.8052928e-02
   5.5429660e-02
   5.2788772e-02
   4.1896753e-02
   4.2291060e-02
   5.8005102e-02
   2.3617886e-02
   1.0694973e-02
   3.9032437e-02
   3.9837372e-02
   5.5877395e-02
   4.5753546e-02
   3.2244276e-03
   2.3041992e-02
   4.6753071e-02
   5.4995157e-02
   3.8042367e-02
   3.7357137e-02
   1.1405607e-02
   1.4744805e-02
   2.6407026e-02
   1.8545248e-02
   2.2055138e-02
   2.8098285e-02
   4.9695328e-02
   6.7833811e-02
   4.0461719e-02
   2.5394972e-02
   3.6163822e-02
   4.0162794e-02
   2.5805648e-02
   3.1294219e-02
   5.0567053e-02
   3.9841950e-02
   2.5409542e-02
   4.1792959e-02
   5.0254494e-02
   5.5164650e-02
   3.6863487e-02
   3.1338867e-02
   5.0346386e-02
   3.3069339e-02
   3.0206392e-02
   1.8948035e-02
   3.4985289e-02
   4.2417996e-02
   3.7652671e-02
   2.4182213e-02
   3.5565857e-02
   8.0289673e-03
   7.1411333e-03
   2.7929289e-02
   2.3890855e-02
   2.4065435e-02
   2.2830164e-02
   1.1139294e-02
   1.6260333e-02
   2.1117838e-02
   3.2812774e-02
   2.6430948e-02
   5.3905584e-02
   4.0836770e-02
   1.6098946e-02
   2.2573322e-02
   2.0101689e-02
   1.5128552e-02
   1.5779441e-02
   2.0369513e-02
   1.6220739e-02
   2.7618272e-02
   2.8764565e-02
   2.3989193e-02
   5.1161774e-02
   4.3357708e-02
   3.8781155e-02
   3.1128181e-02
   3.6454175e-02
   1.5831495e-02
   1.8393045e-02
   8.4490823e-03
   2.5016855e-02
   4.4865143e-02
   4.7582418e-02
   4.1896820e-02
   3.2958023e-02
   4.0780652e-02
   3.2624494e-02
   2.6327046e-02
   2.6139665e-02
   4.9142748e-02
   4.3041341e-02
   2.5201721e-02
   3.1014074e-02
   3.7292745e-02
   3.9954625e-02
   9.2179729e-03
   6.4910613e-03
   2.4716808e-02
   3.2162357e-02
   3.4695458e-02
   2.8705454e-02
   2.3212241e-02
   3.8230140e-02
   3.2197755e-02
   3.2555204e-02
   2.9895561e-02
   1.9978618e-02
   2.1827662e-02
   2.1385061e-02
   3.2820050e-02
   2.4817718e-02
   1.4905918e-02
   1.3695863e-02
   2.1367799e-02
   1.2556250e-02
   2.5891347e-02
   2.7585762e-02
   3.7518069e-02
   2.3956673e-02
   2.4699898e-02
   1.8767925e-02
   4.3818492e-02
   2.1157155e-02
   3.0821197e-02
   5.3786904e-02
   4.2944323e-02
   5.5219762e-02
   5.7514060e-02
   3.0509483e-02
   2.5552416e-02
   3.8023155e-02
   3.2337226e-02
   4.5262646e-02
   4.9160801e-02
   4.5743968e-02
   2.7438965e-02
   2.9086541e-02
   3.5752658e-02
   4.8430007e-02
   1.8467484e-02
   1.7589543e-02
   4.4293169e-02
   3.9659560e-02
   3.7318468e-02
   3.0800359e-02
   5.9017129e-02
   4.4857327e-02
   3.5265964e-02
   3.2076795e-02
   2.7757032e-02
   2.6299750e-02
   1.0276402e-02
   2.6848093e-02
   2.7455529e-02
   2.6743310e-02
   1.8654320e-02
   3.9041094e-02
   4.5875315e-02
   2.7333612e-02
   4.3040831e-02
   6.0533984e-03
   2.0235814e-02
   2.9733999e-02
   3.0921938e-02
   3.2969635e-02
   4.5561545e-02
   2.9905939e-02
   2.2481184e-02
   2.7496312e-02
   1.1028968e-02
   2.9476851e-02
   4.1034609e-02
   4.8303664e-02
   4.2987421e-02
   3.6634866e-02
   1.5801499e-02
   1.4130349e-02
   1.4804564e-02
   2.9016793e-02
   2.4365032e-02
   5.2920021e-02
   4.7829960e-02
   2.9974949e-02
   1.7217468e-02
   1.4593834e-02
   2.0317819e-02
   2.1834278e-02
   1.7668597e-02
   3.0129101e-02
   2.1367855e-02
   1.7476814e-02
   2.3999183e-02
   2.5946794e-02
   2.9499767e-02
   2.2628233e-02
   2.9912803e-02
   1.0353236e-02
   1.6026810e-02
   3.0835018e-02
   5.0596677e-02
   4.7152176e-02
   2.2289764e-02
   1.2163399e-02
   2.7635925e-02
   4.4957019e-02
   3.9947983e-02
   4.1926615e-02
   3.5447121e-02
   1.5419682e-02
   1.5096305e-02
   3.1639278e-02
   2.9693903e-02
   5.0171010e-02
   3.4855071e-02
   3.1744640e-02
   3.7051015e-02
   4.0420260e-02
   4.4401541e-02
   2.3512563e-02
   3.1241452e-02
   2.9854596e-02
   1.8459322e-02
   2.1548672e-02
   2.8539341e-02
   3.0316347e-02
   2.8662650e-02
   4.5526218e-02
   3.8024168e-02
   2.7634235e-02
   9.8232273e-03
   1.8481079e-02
   2.6778394e-02
   3.6275435e-02
   1.0171968e-02
   1.7854786e-02
   1.8280279e-02
   9.9266572e-03
   2.0032199e-02
   1.7890615e-02
   4.8595585e-02
   6.7340933e-02
   6.1915338e-02
   4.9666934e-02
   2.7293053e-02
   4.9569521e-02
   5.3335268e-02
   3.3776678e-02
   3.0980688e-02
   5.4019369e-02
   4.6297502e-02
   2.5680052e-02
   4.5209076e-02
   4.2768314e-02
   2.6602486e-02
   2.2117887e-02
   2.5481381e-02
   2.7265476e-02
   1.9473158e-02
   2.3512362e-02
   3.4185901e-02
   4.5560870e-02
   4.3362044e-02
   2.9661143e-02
   2.0718649e-02
   1.6606046e-02
   3.8628694e-02
   2.6072415e-02
   2.0787394e-02
   6.4523462e-03
   9.0338970e-03
   3.1898960e-02
   3.8132049e-02
   2.2101274e-02
   2.8975718e-02
   3.7813127e-02
   3.5406005e-02
   2.3906589e-02
   1.0871560e-02
   2.3270002e-02
   2.1894678e-02
   2.9504079e-02
   1.1694883e-02
   2.1069799e-02
   1.3083026e-02
   3.8178905e-03
   2.6119545e-02
   2.5011912e-02
   2.8510392e-02
   2.1699008e-02
   1.6395824e-02
   2.1574739e-02
   1.3290523e-02
   1.9794244e-02
   2.1182612e-02
   1.3705646e-02
   3.3773143e-02
   4.5742899e-02
   2.5541438e-02
   3.3908825e-02
   3.5662163e-02
   2.9708948e-02
   8.5609574e-03
   1.1993210e-02
   2.1930480e-02
   4.1133683e-02
   3.8193502e-02
   1.5740447e-02
   2.0948162e-02
   3.6273841e-02
   3.3497568e-02
   8.6868154e-03
   1.4822788e-02
   3.4874652e-02
   3.8710929e-02
   2.4037223e-02
   1.2265570e-02
   9.9932374e-03
   5.3697363e-03
   1.4084254e-02
   1.2048144e-02
   2.0079065e-02
   2.2144688e-02
   2.7102506e-02
   4.0566467e-02
   2.9757021e-02
   3.4089107e-02
   2.3252962e-02
   4.1338723e-02
   2.2696851e-02
   2.7886614e-02
   2.7498765e-02
   2.6235163e-02
   3.1805649e-02
   1.5373658e-02
   2.5171224e-02
   4.0877022e-02
   3.9460514e-02
   4.4604562e-02
   3.6048736e-02
   3.8646374e-02
   1.7411210e-02
   2.2698378e-02
   2.8814515e-02
   2.7740359e-02
   2.1082610e-02
   4.4023536e-02
   3.2646801e-02
   2.5035847e-02
   2.5759306e-02
   1.8522264e-02
   3.4437623e-02
   2.8522020e-02
   4.0123425e-02
   4.7771011e-02
   2.4247574e-02
   2.3761816e-02
   2.9170526e-02
   2.6808344e-02
   4.3194164e-02
   4.4048768e-02
   2.8273363e-02
   1.2550532e-02
   1.8972311e-02
   3.6275908e-02
   3.8592380e-02
   4.4752020e-02
   6.2600963e-02
   2.6064469e-02
   2.2641025e-02
   2.8431263e-02
   6.9025010e-03
   2.5570132e-02
   4.1358225e-02
   1.3129479e-02
   1.5949599e-02
   1.5245855e-02
   2.3076745e-02
   2.2115329e-02
   4.8418622e-02
   3.4069680e-02
   2.0861302e-02
   2.1211589e-02
   1.5533850e-02
   1.5447894e-02
   2.2905959e-02
   4.3954905e-02
   4.4584595e-02
   3.9676342e-02
   2.3181748e-02
   1.9872082e-02
   3.8437285e-02
   4.7026422e-02
   3.4650862e-02
   3.4824133e-02
   4.1953009e-02
   3.9667934e-02
   4.3197487e-02
   2.3596635e-02
   1.8045897e-02
   2.2501610e-02
   3.3839487e-02
   3.8906641e-02
   2.1703996e-02
   4.3834615e-02
   4.5036636e-02
   5.1356468e-02
   2.6495900e-02
   1.8690351e-02
   2.8173180e-02
   2.4409497e-02
   2.4220059e-02
   1.6108675e-02
   1.2464911e-02
   3.1481273e-02
   3.6910053e-02
   2.7333535e-02
   3.5534587e-02
   3.2875214e-02
   2.3841387e-02
   8.8071870e-03
   3.5034951e-02
   3.6625013e-02
   3.0557320e-02
   2.8041210e-02
   2.4001606e-02
   2.7464854e-02
   2.1369580e-02
   8.9007672e-03
   8.2681319e-03
   1.1829735e-02
   1.4579943e-03
   2.7161930e-02
   2.3911582e-02
   1.3544427e-02
   2.3346182e-02
   3.7405293e-02
   3.5770524e-02
   3.1361446e-02
   4.9800929e-02
   3.3698242e-02
   4.1761454e-02
   2.6593152e-02
   4.3629659e-03
   2.0415379e-02
   2.0627907e-02
   4.4140637e-02
   3.4958210e-02
   1.6413221e-02
   2.7960861e-02
   2.4587162e-02
   2.2500126e-02
   3.2601133e-02
   2.6658408e-02
   1.9636130e-02
   7.4220868e-03
   7.0936223e-03
   1.0248441e-02
   2.0997534e-02
   1.6500337e-02
   3.6186162e-02
   3.4054082e-02
   1.7326165e-02
   8.1069469e-03
   1.2826648e-02
   3.2947704e-02
   2.4898924e-02
   1.6617939e-02
   1.6254835e-02
   2.3917481e-02
   3.3822920e-02
   1.7477373e-02
   1.7123641e-02
   2.8378136e-02
   3.3522803e-02
   1.4107911e-02
   7.7307574e-03
   2.7349360e-02
   1.2524913e-02
   1.5376014e-02
   3.0424211e-02
   3.1199683e-02
   3.6656693e-02
   3.6696039e-02
   2.5508089e-02
   4.2201154e-02
   3.4091216e-02
   2.3318909e-02
   3.9004620e-02
   2.7833454e-02
   1.6136732e-02
   2.5601698e-02
   4.9908642e-02
   5.0972097e-02
   4.0026855e-02
   2.5534172e-02
   2.2099305e-02
   2.9664148e-02
   1.3505033e-02
   4.0385760e-02
   4.7781385e-02
   3.6087967e-02
   2.7948555e-02
   1.4813054e-02
   2.0552386e-02
   3.5737108e-02
   4.1335661e-02
   4.6431117e-02
   3.1444576e-02
   3.7654113e-02
   4.3340895e-02
   4.2398449e-02
   3.9336555e-02
   1.9294377e-02
   1.4478088e-02
   3.1398188e-02
   2.3346461e-02
   1.4953467e-02
   1.9387798e-02
   1.7727299e-02
   1.3737360e-02
   3.0698506e-02
   2.9476620e-02
   3.7050381e-02
   5.3344097e-02
   4.0950764e-02
   5.1056322e-02
   3.4158424e-02
   1.7880820e-02
   1.1223674e-02
   2.9899457e-03
   1.1669200e-02
   3.5080764e-02
   2.6526358e-02
   3.1071166e-02
   1.8798217e-02
   2.0418065e-02
   5.1429890e-02
   3.7016593e-02
   3.0432831e-02
   3.5629142e-02
   3.8637944e-02
   1.9396940e-02
  -6.3903532e-03
   1.7298594e-02
   2.5069805e-02
   2.7540822e-02
   1.2618269e-02
   1.5873060e-02
   4.5474004e-02
   2.5019540e-02
   2.1537524e-02
   2.5331357e-02
   5.1449254e-02
   3.5532922e-02
   2.9505994e-02
   2.0616481e-02
   1.4858075e-02
   2.4664626e-02
   2.3477178e-02
   2.8673157e-02
   2.7072472e-02
   3.5995163e-02
   3.7646353e-02
   3.2080188e-02
   2.7807908e-02
   2.9703721e-02
   2.4592256e-02
   4.5408551e-02
   6.1986029e-02
   2.2422727e-02
   1.9714132e-02
   2.3146700e-02
   2.7400400e-02
   2.3449961e-02
   2.4290930e-02
   2.2733223e-02
   3.8289532e-02
   3.4697164e-02
   1.9077579e-02
   2.6459109e-02
   1.9114241e-02
   1.7821683e-02
   4.2528711e-02
   4.9036179e-02
   5.7703260e-02
   3.5647307e-02
   1.2219386e-02
   8.2045738e-03
   1.1845872e-02
   2.1897320e-02
   3.6544178e-02
   7.6996841e-02
   7.7666953e-02
   7.2236285e-02
   5.1890127e-02
   2.8302606e-02
   2.9084511e-02
   2.7286440e-02
   2.2269107e-02
   7.1045040e-04
   1.2232707e-02
   3.0415893e-02
   3.9692953e-02
   3.8496815e-02
   3.9978217e-02
   5.2550778e-02
   3.0076550e-02
   3.2151107e-02
   2.1482937e-02
   6.6735628e-03
   1.2096606e-02
   3.1582131e-03
   6.2692282e-03
   3.0176587e-02
   3.9323520e-02
   1.9227579e-02
   3.6041312e-02
   4.4709619e-02
   3.6633931e-02
   3.9324600e-02
   3.2240361e-02
   5.9909042e-02
   3.6053024e-02
   2.4095977e-02
   2.4174526e-02
   5.3666644e-02
   4.3314636e-02
   2.5264923e-02
   1.6009834e-02
   2.7821060e-02
   2.1213066e-02
   2.4751190e-02
   1.7696852e-02
   2.7788203e-02
   5.0488025e-02
   4.8679002e-02
   3.9069556e-02
   1.5684925e-02
   2.2682611e-02
   2.5376858e-02
   6.3235029e-03
   3.3884928e-02
   1.4728819e-01
   2.3598000e-01
   2.0665957e-01
   1.2447078e-01
   6.6879019e-02
   2.6553718e-02
   3.0339025e-03
   2.2533825e-02
   1.8686231e-02
   3.3588279e-02
   3.1985559e-02
   4.1373491e-02
   5.5501185e-02
   5.0185412e-02
   3.4494102e-02
   4.7942687e-02
   2.8040836e-02
   6.5567396e-03
   1.5183248e-02
   2.4272131e-02
   2.1770049e-02
   1.6521310e-02
   1.3796163e-02
   4.0787321e-02
   5.5217076e-02
   3.0838175e-02
   2.2215581e-02
   2.7437892e-02
   2.4729181e-02
   2.4910809e-02
   2.7760962e-02
   3.3307407e-02
   3.0280638e-02
   2.3404224e-02
   2.0253008e-02
   2.7625233e-02
   1.3902569e-02
   2.6243404e-02
   4.3907013e-02
   4.2579629e-02
   2.9701514e-02
   2.9791389e-02
   2.2732075e-02
   3.8460456e-02
   2.0378914e-02
   1.3896165e-02
   3.6131904e-02
   3.5981432e-02
   2.6916925e-02
   2.6085414e-02
   2.2972817e-02
   1.8545063e-02
   3.5379656e-02
   4.3382820e-02
   3.2295238e-02
   1.8021259e-02
   4.8705195e-03
   1.2479565e-02
   2.4761563e-02
   5.0419495e-02
   4.9925651e-02
   3.2328971e-02
   1.8802121e-02
   2.9261170e-02
   3.5038002e-02
   2.3375191e-02
   2.8836116e-02
   2.8587231e-02
   3.2825131e-02
   3.1053791e-02
   2.3162285e-02
   2.7018640e-02
   1.6793326e-02
   2.1392306e-02
   3.1989057e-02
   1.4761606e-02
   3.5901066e-02
   3.2607503e-02
   1.7664909e-02
   4.2351838e-02
   3.7052639e-02
   4.6012487e-02
   3.3232868e-02
   2.7996436e-02
   3.1757507e-02
   3.3760242e-02
   2.5789997e-02
   1.3932296e-02
   2.2085985e-02
   3.7390724e-02
   2.7144425e-02
   2.6185356e-02
   2.6634745e-02
   2.5602574e-02
   1.9269411e-02
   3.7228689e-02
   3.5054643e-02
   4.1928016e-02
   5.9561070e-02
   7.2161756e-02
   5.1652670e-02
   3.6847174e-02
   2.6190966e-02
   2.6450449e-04
   2.5983121e-02
   3.8559001e-02
   3.0685322e-02
   2.7737057e-02
   2.0359328e-02
  -2.7169934e-03
   1.8155342e-02
   3.9551418e-02
   2.7935326e-02
   1.4410329e-02
   3.4955595e-02
   3.5844974e-02
   2.0787735e-02
   3.6295444e-02
   1.3182450e-02
   1.6917430e-02
   3.5872664e-02
   3.1664371e-02
   2.5684765e-02
   2.5709370e-02
   2.7906533e-02
   2.9346859e-02
   2.4753965e-02
   4.7176220e-02
   1.4266809e-02
   2.6804982e-02
   4.1372344e-02
   2.5160884e-02
   1.3302251e-02
   2.4765357e-02
   3.9293151e-02
   4.6501383e-02
   3.9786622e-02
   2.4163000e-02
   1.5533218e-02
   4.3426249e-02
   2.9745176e-02
   1.2836739e-02
   1.8852675e-02
   2.4015084e-02
   3.5613962e-02
   2.9045271e-02
   3.1522948e-02
   4.2499959e-02
   2.1452285e-02
   1.8109273e-02
   2.7735882e-02
   3.8687617e-02
   3.1773426e-02
   1.3810122e-02
   9.1365958e-03
   1.1235906e-02
   1.8891297e-02
   1.1005900e-02
   1.8393653e-02
   2.4606571e-02
   2.7274493e-02
   3.0764736e-02
   6.0348459e-02
   4.2847153e-02
   1.9523172e-02
   3.2418378e-02
   1.3827026e-02
   1.0623405e-02
   1.0981219e-02
   2.8224282e-02
   1.5712218e-02
   2.2996565e-02
   3.4666914e-02
   4.4589009e-02
   4.0101942e-02
   2.7337419e-02
   3.4426995e-02
   3.6319286e-02
   2.0396519e-02
   1.9068122e-02
   3.0494735e-02
   1.1965763e-02
  -2.1927981e-03
   1.5452084e-02
   2.4016481e-02
   2.8759649e-02
   4.3304913e-02
   4.5004774e-02
   2.7518861e-02
   4.4299200e-02
   3.8305961e-02
   2.3169057e-02
   1.9049032e-02
   5.0055884e-02
   6.4003706e-02
   6.5716587e-02
   7.1848884e-02
   6.1508030e-02
   6.1645295e-02
   3.6975946e-02
   1.8479252e-02
   1.6453160e-02
  -4.6615815e-03
  -2.1834264e-03
   2.2549698e-02
   4.8380110e-02
   3.4762170e-02
   3.0089499e-02
   2.0308385e-02
   2.4213199e-02
   2.0095531e-02
   2.9690975e-02
   4.3081157e-02
   3.7113816e-02
   3.0794011e-02
   1.9914510e-02
   1.9083705e-02
   2.6326148e-02
   3.2291412e-02
   3.1715754e-02
   3.7492838e-02
   3.3032041e-02
   1.3723359e-02
   4.9938597e-03
   2.1246511e-02
   2.0771569e-02
   9.4156424e-03
   2.4464743e-02
   2.0718316e-02
   1.1880982e-02
   2.6242940e-02
   3.8997445e-02
   5.4676980e-02
   4.7243826e-02
   3.4241337e-02
   1.1803528e-02
   1.7807528e-02
   2.6351342e-02
   2.8627800e-02
   2.8916690e-02
   2.7056186e-02
   4.3363590e-02
   3.3922680e-02
   2.8137259e-02
   2.7541747e-02
   1.3271179e-02
   9.5959278e-03
   1.3574209e-02
   2.0586181e-02
   3.4250330e-02
   4.0213462e-02
   2.3992980e-02
   2.5587080e-02
   3.7871473e-02
   3.9398625e-02
   3.4472268e-02
   2.6404699e-02
   2.2355339e-02
   1.7109614e-02
   2.8994961e-02
   2.9575765e-02
   1.8568564e-02
   1.0425420e-03
   1.2387660e-02
   9.7831711e-03
   4.6512369e-02
   4.7146082e-02
   2.9708199e-02
   1.1770234e-02
   3.6496691e-02
   1.4413201e-02
  -9.9092480e-03
   2.4563972e-02
   2.9565213e-02
   4.4274401e-02
   5.7215851e-02
   5.7419572e-02
   4.0416237e-02
   2.6213109e-02
   2.4726799e-02
   4.0577799e-02
   6.1108775e-02
   4.2352911e-02
   4.4747185e-02
   2.8005468e-02
   2.7286438e-02
   1.8280217e-02
   5.1895515e-03
   3.9910644e-02
   4.3124888e-02
   5.2025128e-02
   5.4505356e-02
   4.5126989e-02
   3.2799456e-02
   2.1234946e-02
   7.0224018e-03
   1.7050134e-02
   3.9618373e-02
   5.7988193e-02
   3.1563733e-02
   1.8809691e-02
   6.3192174e-03
   1.1567073e-02
   3.0034034e-02
   2.7462386e-02
   5.8606900e-02
   1.3411656e-01
   1.0148714e-01
   6.7902818e-02
   4.3827362e-02
   1.8150225e-02
   6.5858127e-03
   2.6366226e-02
   2.8533908e-02
   3.2691427e-02
   2.0412255e-02
   1.2062806e-02
   1.5024889e-02
   6.2147342e-03
   4.4418488e-02
   5.0063718e-02
   3.4293540e-02
   2.4492901e-02
   2.8118312e-02
   3.4053098e-02
   2.1017579e-02
   3.4092046e-02
   2.0495564e-02
   3.2233015e-02
   3.5515971e-02
   1.6900882e-02
   4.2102034e-03
   7.6196273e-03
   2.8037690e-02
   4.6489649e-02
   5.5243712e-02
   4.5821823e-02
   4.0547498e-02
   3.3713873e-02
   2.8546194e-02
   2.2729391e-02
   2.5443412e-02
   1.2340982e-02
   2.7537335e-02
   3.0652339e-02
   2.1039849e-02
   2.7360117e-02
   3.0847371e-02
   1.4804833e-02
   1.9357262e-02
   2.4140529e-02
   2.4713429e-02
   2.5697680e-02
   2.2198873e-02
   1.9301884e-02
   1.2406533e-02
   3.7471619e-02
   5.0396323e-02
   3.9010771e-02
   3.0878698e-02
   4.1366726e-02
   1.7087217e-02
   2.8244516e-02
   2.8795460e-02
   2.5050135e-02
   1.3870614e-05
   7.5826538e-03
   2.2879105e-02
   3.7575199e-03
   2.3661312e-02
   2.3137171e-02
   4.8905112e-02
   5.2850507e-02
   5.4458737e-02
   1.7205926e-02
   2.0883247e-02
   1.2712162e-02
   2.3732223e-02
   4.3994714e-02
   6.3675053e-02
   1.1777983e-01
   1.0829607e-01
   9.1414124e-02
   6.1343476e-02
   5.2973777e-02
   2.4542673e-02
   2.1104157e-02
   5.5295408e-02
   8.3474934e-02
   6.3532777e-02
   4.6090059e-02
   2.8498543e-02
   2.3912814e-02
   2.5523506e-02
   4.1360360e-02
   7.4901298e-02
   9.8082080e-02
   5.7302184e-02
   4.6628132e-02
   3.5172150e-02
   3.1815797e-02
   1.7621558e-02
   8.9285925e-02
   2.4932909e-01
   2.8742126e-01
   1.7686278e-01
   8.6053543e-02
   2.4247119e-02
   1.6685614e-02
  -1.7450379e-03
   3.2531980e-02
   6.7154251e-02
   4.7641180e-02
   3.9983124e-02
   4.3878935e-02
   3.7010383e-02
   2.7087430e-02
   6.8449400e-02
   6.6650957e-02
   4.9086183e-02
   3.5962805e-02
   7.5224242e-03
   1.0190641e-02
   2.3397291e-02
   3.6620449e-02
   1.9673632e-02
   4.1210517e-02
   2.8308915e-02
   6.3054651e-02
   2.7451145e-02
   3.2351270e-02
   5.5130623e-02
   6.0213104e-02
   2.5159059e-02
   3.2323059e-02
   4.3732781e-02
   3.8462810e-02
   3.3578161e-02
   3.0594835e-02
   2.0660086e-02
   1.2689503e-02
   7.5659105e-03
   3.4759972e-02
   7.0200212e-02
   8.3799325e-02
   6.1516285e-02
   3.1124894e-02
   6.5500252e-03
   2.0877533e-02
   3.0339599e-02
   2.8960474e-02
   1.9611459e-02
   4.0025897e-02
   3.5282757e-02
   2.3703082e-02
   3.4967281e-02
   3.6959589e-02
   9.2901653e-03
   2.9134063e-02
   1.1490127e-02
   1.8198909e-02
   1.9022791e-02
   3.4153230e-02
   3.5185538e-02
   5.5845764e-02
   5.9128426e-02
   3.5402555e-02
   2.1114189e-02
   2.6584392e-02
   2.3687726e-02
   3.4590140e-02
   3.1836070e-02
   4.9756318e-02
   4.1852944e-02
   5.1786073e-02
   1.7464722e-02
   2.5732582e-02
   1.7541533e-02
   4.3887887e-03
   6.1384924e-03
   3.4451943e-02
   4.8170470e-02
   4.0911634e-02
   1.3898307e-02
   1.7165143e-02
   1.1080960e-02
   6.5545030e-03
   6.1815854e-02
   8.1760496e-02
   6.1281152e-02
   3.2662310e-02
   2.4829444e-02
   2.7336607e-02
   3.6153138e-02
   3.8195651e-02
   6.9201969e-02
   6.1429933e-02
   2.3032526e-02
   1.4715344e-02
   1.4552624e-02
  -5.5563054e-03
   1.3693310e-02
   5.9301905e-02
   1.2085538e-01
   7.9435818e-02
   5.2015115e-02
   3.7560545e-02
   3.7248466e-02
   2.3023456e-02
   2.2454729e-02
   1.9954382e-02
   3.3493098e-02
   6.0977206e-02
   7.3228076e-02
   7.6208316e-02
   7.2368920e-02
   1.7546158e-02
   3.3511937e-02
   3.5353892e-02
   2.4875091e-02
   4.6154220e-02
   4.5484956e-02
   2.9129747e-02
   2.4816433e-02
   2.5458656e-02
   3.7835367e-02
   6.6483267e-02
   3.6635600e-02
   4.1975480e-02
   4.1110396e-02
   3.1098885e-02
   4.3389114e-04
   2.5830001e-02
   2.4975454e-02
   4.1317794e-02
   5.1766951e-02
   1.9580521e-02
   2.8240109e-02
   4.3614220e-02
   5.6571517e-02
   5.4089855e-02
   6.5001525e-02
   1.8779080e-02
   1.5854741e-02
   3.3380032e-02
   1.5251772e-02
   5.2806653e-02
   4.7997132e-02
   3.8623240e-02
   4.9225319e-02
   5.0761122e-02
   2.6674300e-02
   9.6041430e-03
   2.1010067e-02
   1.4936163e-02
   6.0892073e-03
   1.3042120e-02
   4.3075975e-02
   2.0387026e-02
   8.4504643e-03
   2.2879826e-02
   3.2428276e-02
   2.5168628e-02
   4.0640183e-02
   7.4177030e-03
   1.9883424e-02
   6.1829291e-02
   1.8223250e-01
   3.3029008e-01
   2.9550865e-01
   1.6287629e-01
   6.1343983e-02
   4.7931887e-02
   3.6249503e-02
   9.2885364e-03
   7.1937111e-03
   2.4304401e-02
   4.3998964e-02
   9.4680391e-02
   8.3718754e-02
   5.7626713e-02
   6.3037246e-02
   3.0937925e-02
   4.8969623e-02
   5.3435933e-02
   4.8163865e-02
   8.9503072e-02
   1.1911334e-01
   9.7016171e-02
   7.2417490e-02
   3.2302774e-02
   4.1359674e-02
   3.6081832e-02
   5.1254690e-02
   3.7784636e-02
   3.3176351e-02
   1.0548044e-02
   1.6152859e-02
   1.9174872e-02
   2.9644318e-02
   2.7117472e-02
   1.0763572e-02
   1.6199708e-02
   2.1415845e-02
   1.6450819e-02
   2.1609038e-02
   1.6908556e-02
   2.2619171e-02
   1.0794630e-02
   7.8248588e-04
   5.8431355e-03
   1.9610254e-02
   1.1888660e-02
   5.5953730e-02
   1.4616841e-01
   1.7338017e-01
   9.5921323e-02
   6.3457556e-02
   2.6393054e-02
   1.5141642e-02
   6.2420238e-03
   4.4956189e-02
   8.1526093e-02
   9.5093191e-02
   9.3863674e-02
   5.4830667e-02
   3.3365764e-02
   5.1715184e-02
   7.2644368e-02
   9.7169586e-02
   7.7153422e-02
   5.9648201e-02
   7.5251073e-02
   6.9696642e-02
   5.9261877e-02
   7.9045795e-02
   3.9108030e-02
   5.8633499e-03
  -9.6993512e-03
   2.4437390e-02
   6.6552982e-02
   1.1295684e-01
   1.3199320e-01
   8.0640025e-02
   2.0592198e-02
   1.9812018e-02
   5.4917908e-03
   4.7190551e-02
   2.9752326e-01
   7.4332917e-01
   8.9180893e-01
   6.2232423e-01
   2.7952987e-01
   7.9186283e-02
   3.5847485e-02
   2.7641792e-02
   2.1137698e-02
   5.5623252e-02
   8.1694849e-02
   1.3764960e-01
   1.2489853e-01
   1.2175289e-01
   1.0737421e-01
   5.3853374e-02
   3.5918605e-02
   2.7784668e-02
   2.9034434e-02
   5.2614674e-02
   3.0969923e-02
   2.3418728e-02
   7.1763948e-02
   5.2546177e-02
   3.0745322e-02
   1.4789485e-02
   1.5306103e-02
   3.8922049e-02
   4.3681964e-02
   5.5250254e-02
   3.1494353e-02
   2.3729604e-02
   2.0966347e-02
   4.1769419e-02
   4.0568430e-02
   2.1435695e-02
   2.5642022e-02
   2.9759478e-02
   2.2918006e-02
   3.5597734e-02
   5.8350530e-02
   6.1747756e-02
   4.1524492e-02
   2.3098988e-02
   1.2300681e-02
   2.3093820e-02
   6.5443695e-02
   1.5240654e-01
   1.6891085e-01
   1.0047349e-01
   2.0478668e-02
  -4.2342292e-03
  -7.3725651e-03
  -1.0454570e-02
   1.1086652e-01
   2.7652320e-01
   3.0576465e-01
   2.1977997e-01
   1.2246778e-01
   7.3661812e-02
   5.7637330e-02
   1.9582834e-02
   2.4725340e-02
   3.6294620e-02
   4.6830218e-02
   5.3897750e-02
   9.4821699e-02
   7.2764046e-02
   4.2856190e-02
   7.0514545e-02
   1.0755267e-01
   6.7708321e-02
   2.2861315e-02
   6.2076684e-02
   1.1393866e-01
   1.0913134e-01
   5.8946371e-02
   3.1759102e-02
   4.3890405e-02
   2.2496110e-02
   2.4397649e-02
   1.8132398e-02
   2.3571741e-02
   1.2071582e-02
   1.5861044e-02
   9.5949424e-03
   1.3424213e-03
   1.2202834e-02
   4.0779702e-02
   1.5688115e-01
   1.8505789e-01
   1.4403751e-01
   8.9224070e-02
   5.3253062e-02
   4.1120376e-02
   7.6193772e-02
   6.0467191e-02
   4.6784304e-02
   4.5227773e-02
   7.0510946e-02
   6.0019020e-02
   3.0889858e-02
   2.2898808e-02
   3.1631123e-02
   2.6332662e-02
   3.4606639e-02
   6.1657779e-02
   1.7819807e-01
   1.7111488e-01
   9.2855990e-02
   4.8086472e-02
   4.8095468e-02
   3.0239398e-02
   2.2970695e-02
   1.6644098e-01
   3.3883175e-01
   3.4163225e-01
   2.6085898e-01
   1.9367212e-01
   8.6811543e-02
   4.1953046e-02
   3.1695195e-02
   5.3982303e-02
   4.2009030e-02
   2.7540529e-02
   3.2745037e-02
   7.3218405e-02
   8.4090300e-02
   4.9607296e-02
   3.1962998e-02
   3.2648604e-02
   1.9344961e-02
   1.9693222e-02
   3.1307034e-02
   2.7251767e-02
   6.8959281e-02
   7.6510631e-02
   5.1544279e-02
   9.0593966e-03
   1.0152346e-02
   5.3788513e-02
   4.5451812e-02
   4.3489609e-02
   6.5301321e-02
   5.9866440e-02
   5.0651003e-02
   4.3952025e-02
   5.5570409e-02
   3.3157613e-02
   2.4011202e-02
   3.9399747e-02
   3.0408993e-02
   2.0078737e-02
   1.8415425e-02
   3.5791308e-02
   9.3712181e-02
   9.2511542e-02
   5.5068824e-02
   4.7352824e-02
   5.8864389e-02
   6.7563206e-02
   5.3268734e-02
   4.2274080e-02
   1.8386248e-02
   1.8353023e-02
   6.8013996e-02
   2.1649128e-01
   2.9991096e-01
   2.3354061e-01
   1.2786001e-01
   2.8420283e-02
   1.6000992e-02
   9.4759716e-03
   1.5920827e-01
   7.3495907e-01
   1.2425838e+00
   1.0861950e+00
   6.5618217e-01
   3.0783558e-01
   1.3723353e-01
   6.0680833e-02
   5.5839218e-02
   3.9840806e-02
   3.0669637e-02
   1.0422976e-01
   1.9538723e-01
   2.0465000e-01
   1.6166194e-01
   1.5996283e-01
   5.5983048e-02
  -3.0402243e-05
   9.5122773e-03
   2.9985173e-02
   6.2075038e-02
   8.8679545e-02
   6.1571941e-02
   2.3270920e-02
   3.2760806e-02
   7.4391879e-02
   1.4953288e-01
   1.7033774e-01
   1.3664384e-01
   1.1937164e-01
   7.0984580e-02
   4.8491422e-02
   9.9647857e-02
   3.0674779e-01
   7.0166498e-01
   8.1180346e-01
   5.4444671e-01
   2.6841456e-01
   1.6064553e-01
   1.3485235e-01
   7.7790372e-02
   8.6203724e-02
   3.1617247e-02
   6.7977054e-04
   2.2865506e-01
   4.8044202e-01
   5.9825385e-01
   4.3878582e-01
   2.2464238e-01
   1.1857716e-01
   3.4837339e-02
   1.8042790e-02
   1.3260166e-01
   3.5703880e-01
   4.4734910e-01
   4.0791279e-01
   3.2606888e-01
   2.4408649e-01
   2.3143455e-01
   1.7444198e-01
   1.0596295e-01
   3.0691894e-02
   9.8644185e-04
   1.6545722e-01
   4.2412874e-01
   8.0483025e-01
   8.9419395e-01
   5.8039552e-01
   2.4326970e-01
   1.4556420e-01
   9.2092052e-02
   1.8967916e-01
   9.9788797e-01
   2.3082480e+00
   2.7598219e+00
   2.0136845e+00
   1.2985902e+00
   1.3039367e+00
   1.3034980e+00
   9.8868632e-01
   5.6074256e-01
   1.3563575e-01
   5.7563759e-02
   9.5976347e-01
   4.3658581e+00
   8.1137218e+00
   7.5998592e+00
   4.4346428e+00
   1.7919182e+00
   6.7054009e-01
   3.8548273e-01
   3.0531523e+00
   1.8345240e+01
   3.7562622e+01
   3.7238605e+01
   2.2025667e+01
   8.9060287e+00
   2.6574261e+00
   5.7322383e-01
   1.4129569e-01
  -6.2751010e-02
   2.3893093e-01
   2.4936576e+00
   5.4223180e+00
   5.5616302e+00
   3.7254231e+00
   1.8578174e+00
   6.2085831e-01
  -1.0117052e-01
  -1.2648936e-01
   2.5246733e-01
   5.3275383e-01
   9.6955431e-01
   1.5839714e+00
   1.3163865e+00
   6.6491759e-01
   2.7371359e-01
   2.8565612e-01
   2.9178247e-01
   2.3382863e-01
   3.2898769e-01
   3.6174506e-01
   4.3610629e-01
   6.7243427e-01
   1.2213993e+00
   1.8386226e+00
   1.5965990e+00
   8.2041723e-01
   1.3574076e-01
  -3.0665200e-03
   1.7033029e-01
   2.7362296e-01
   3.5910651e-01
   3.8494104e-01
   2.6267159e-01
   2.4669470e-01
   1.9178699e-01
   2.2252819e-01
   3.3044770e-01
   4.0376213e-01
   4.5475155e-01
   3.1839845e-01
   2.1231051e-01
   2.8104582e-01
   2.7039579e-01
   2.2627926e-01
   1.4180470e-01
  -1.7333210e-02
  -3.6269918e-02
   9.5106557e-02
   3.0822107e-01
   3.9336538e-01
   2.3909318e-01
   8.5165501e-03
  -1.2785606e-01
  -9.0653777e-02
   1.4368375e-01
   5.8476818e-01
   1.1141130e+00
   1.2494088e+00
   8.2942736e-01
   2.8830054e-01
   1.0755219e-01
   7.4749774e-01
   2.0412014e+00
   2.4334438e+00
   1.6369070e+00
   6.9930160e-01
   2.9221642e-01
   6.8712533e-01
   1.5214684e+00
   1.6726395e+00
   1.0914822e+00
   5.4635000e-01
   3.7077802e-01
   3.6900738e-01
   6.8719202e-01
   3.6930041e+00
   8.7586422e+00
   9.8005991e+00
   6.2234259e+00
   2.6607544e+00
   8.5912567e-01
   2.7952206e-01
   1.9133975e-01
   8.8335596e-02
   1.5583488e-01
   5.9058720e-01
   1.4540941e+00
   1.5355393e+00
   1.1381508e+00
   5.9053022e-01
   1.9930497e-01
   3.2296978e-02
   2.2569040e-02
   1.0254904e-01
   2.5370789e-01
   4.0622026e-01
   5.5119503e-01
   3.9207262e-01
   1.4378408e-01
   8.6478889e-02
   7.7198096e-02
   9.6209340e-02
   1.0950246e-01
   1.2647469e-01
   1.4131038e-01
   1.8068177e-01
   2.4432969e-01
   3.6406788e-01
   5.0239915e-01
   3.3045113e-01
   1.4784332e-01
  -6.3423803e-03
   8.2841344e-02
   1.6892293e-01
   2.0895518e-01
   1.6786952e-01
   9.7026713e-02
   4.8839290e-02
   1.3294242e-02
   1.6572073e-02
   4.1287895e-02
   9.6642084e-02
   1.4953586e-01
   1.0682317e-01
   9.6110426e-02
   6.4574815e-02
   1.0841568e-01
   1.2311465e-01
   9.1515280e-02
   8.6919609e-03
  -1.8585514e-02
   4.6894759e-02
   1.4623597e-01
   2.5437543e-01
   1.9408952e-01
   4.9676578e-02
  -1.9904170e-03
  -6.6638440e-02
  -4.4884589e-02
   1.7399143e-01
   5.7042491e-01
   6.7664045e-01
   5.1190531e-01
   2.3734163e-01
   1.4661211e-01
   2.6901758e-01
   4.1119927e-01
   4.7890654e-01
   3.1781036e-01
   3.8201168e-02
   1.9335395e-01
   1.0087622e+00
   1.8039204e+00
   1.6723094e+00
   9.1939008e-01
   3.2605612e-01
   6.0547054e-02
   1.5610230e-01
   1.8248585e+00
   6.8004842e+00
   1.1151184e+01
   9.9594126e+00
   5.5552735e+00
   2.1753862e+00
   6.4095271e-01
   1.8699105e-01
   8.5520163e-02
   8.9506790e-02
   3.8063586e-01
   1.2055790e+00
   1.7635230e+00
   1.5368216e+00
   1.0606552e+00
   5.2218729e-01
   1.8392488e-01
   7.4347101e-02
   1.0515941e-01
   1.4764158e-01
   2.2808608e-01
   4.5328024e-01
   5.3539193e-01
   3.3453637e-01
   1.4717355e-01
   8.7353729e-02
   1.0945396e-01
   7.1969196e-02
   1.2600964e-01
   1.1751285e-01
   1.5270953e-01
   2.0170222e-01
   2.3905227e-01
   2.3644099e-01
   1.9239184e-01
   1.5798213e-01
   4.8068587e-02
   4.1968536e-02
   8.2884863e-02
   9.7437233e-02
   1.5390599e-01
   1.4059259e-01
   6.5245099e-02
  -3.7785636e-03
  -7.2958842e-03
  -1.3532119e-02
   9.0865359e-02
   1.2545565e-01
   1.5208581e-01
   1.2041801e-01
   1.0435709e-01
   8.4796406e-02
   3.7908949e-02
   5.8167834e-02
   2.0429397e-02
   3.7284583e-02
   6.3600488e-02
   1.1752871e-01
   2.1026278e-01
   1.3813013e-01
   9.0786003e-02
   2.9467104e-02
   2.0946834e-02
   3.2670751e-02
   1.2934144e-01
   2.9772034e-01
   3.8101733e-01
   3.5577121e-01
   2.0183754e-01
   9.1003053e-02
   1.0617849e-01
   1.7529236e-01
   2.9921594e-01
   2.9663458e-01
   1.4497852e-01
   1.2120777e-01
   2.5298131e-01
   4.9346694e-01
   5.3477079e-01
   3.3210990e-01
   1.4768730e-01
  -1.7054226e-02
   4.1361628e-03
   3.3188659e-01
   1.4960828e+00
   2.9406621e+00
   3.1154301e+00
   2.0088990e+00
   8.3362520e-01
   2.6425073e-01
   8.0386713e-02
   2.9935429e-02
   5.5436425e-02
   1.1616375e-01
   3.5370860e-01
   5.2111733e-01
   4.8645106e-01
   3.4635282e-01
   1.8827604e-01
   4.6437684e-02
   2.4814224e-02
   5.3047281e-02
   9.1139585e-02
   1.4767928e-01
   2.0423265e-01
   2.2973588e-01
   1.3719824e-01
   8.1327751e-02
   6.1454568e-02
   6.3709922e-02
   4.0544167e-02
   3.4542978e-02
   3.6556404e-02
   7.9324841e-02
   1.0895300e-01
   1.0501605e-01
   6.9942676e-02
   7.4888177e-02
   6.2121749e-02
   4.2136434e-02
   3.7204243e-02
   3.3964977e-02
   2.9368522e-02
   4.1063871e-02
   4.4693548e-02
   7.0108689e-02
   8.8064708e-02
   4.2267807e-02
   2.2416569e-02
   3.3237766e-03
   6.6827126e-02
   7.0659801e-02
   7.6692104e-02
   5.7882790e-02
   8.1686772e-02
   9.0209752e-02
   5.8683157e-02
   1.3159611e-02
   1.1455781e-02
   6.7566946e-02
   9.4263345e-02
   8.1619829e-02
   1.0399902e-01
   4.4951934e-02
   3.0986434e-02
   3.6525831e-02
   1.8366901e-02
   4.5895506e-02
   1.2991802e-01
   1.3649035e-01
   5.3818159e-02
   2.3795618e-02
   3.8262725e-02
   4.6434864e-02
   6.9993086e-02
   8.5893929e-02
   6.2095206e-02
   5.0652988e-02
   8.6808860e-02
   1.9684553e-01
   2.5053018e-01
   1.9232573e-01
   9.2641503e-02
   3.4895401e-02
   1.2442170e-02
   5.6062397e-02
   4.4643021e-01
   1.0653614e+00
   1.2332827e+00
   8.2547075e-01
   3.4179860e-01
   8.0117106e-02
   2.3828663e-02
  -1.7378539e-02
   2.4130056e-02
   7.4022084e-02
   1.4380114e-01
   1.8584451e-01
   1.9871862e-01
   1.1480787e-01
   2.7118064e-02
   1.0913974e-03
   9.7948266e-03
   1.3447075e-02
   1.3783303e-02
   2.8645260e-02
   9.5221043e-02
   1.0333139e-01
   9.1077894e-02
   3.1143166e-02
   3.1734481e-02
   6.0241386e-02
   6.6174142e-02
   9.1391519e-02
   9.7852118e-02
   7.5724326e-02
   6.5415375e-02
   5.6720283e-02
   3.9706238e-02
   3.6662124e-02
   6.3949563e-03
   1.0841081e-02
   4.9805675e-02
   5.6647401e-02
   5.3967394e-02
   5.4121140e-02
   3.9225791e-02
   4.1619029e-02
   2.7198348e-02
   1.4214413e-02
   1.5510205e-02
   3.9742842e-02
   3.0306928e-02
   3.2997847e-02
   4.3914147e-02
   7.6757066e-02
   7.0931956e-02
   6.6943556e-02
   4.3887313e-02
   2.6794240e-02
   2.3568930e-02
   3.8559962e-02
   4.3923449e-02
   2.0915169e-02
   1.9772304e-02
   3.1766858e-02
  -8.0235105e-04
   3.4106035e-02
   3.5757579e-02
   3.7694957e-02
   7.8362860e-02
   5.1131502e-02
   3.5075672e-02
   4.3553002e-02
   4.1461945e-02
   4.7289040e-02
   5.2058496e-02
   8.5377529e-02
   3.2233145e-02
   1.4826540e-02
   3.9342184e-02
   1.1281624e-01
   1.3127817e-01
   6.5516770e-02
   9.2545385e-03
   4.4938151e-02
   4.7604740e-02
   1.0340159e-01
   2.9296821e-01
   4.2229939e-01
   3.1066546e-01
   1.7417493e-01
   1.0174903e-01
   4.9123205e-02
   7.5613149e-04
   3.0162735e-03
   1.2955232e-02
   2.1273192e-02
   4.8931565e-02
   7.0669122e-02
   7.6047719e-02
   3.0652303e-02
   3.0981380e-02
   3.8481478e-02
   4.1407533e-02
   5.0585810e-02
   3.7183788e-02
   3.4000006e-02
   4.4586048e-02
   2.8519351e-02
   1.9036919e-02
   3.6118641e-02
   2.1539837e-02
   2.9754899e-02
   4.0126536e-02
   7.1051858e-02
   7.6599941e-02
   4.4183228e-02
   3.7988435e-02
   4.3679155e-02
   4.1038629e-02
   2.5296854e-02
   4.2500056e-02
   6.7810901e-02
   5.2404959e-02
   7.6473363e-02
   7.5004742e-02
   4.4240404e-02
   2.6459521e-02
   5.2085333e-02
   9.7871736e-02
   4.2084016e-02
   3.0219413e-02
   4.6691455e-02
   1.1091035e-01
   1.0429532e-01
   8.3190344e-02
   1.1058324e-01
   9.1884784e-02
   8.2174748e-02
   8.8785738e-02
   8.3468191e-02
   1.2049130e-01
   1.1276169e-01
   7.1627833e-02
   4.8309378e-02
   2.8050736e-02
   5.4321539e-02
   9.1553420e-02
   1.3369322e-01
   1.6150841e-01
   7.7867866e-02
   2.3625601e-02
   4.0153313e-02
   9.6581891e-02
   1.5305139e-01
   2.0400546e-01
   1.1471022e-01
   1.0284130e-01
   3.5707910e-02
   2.2773856e-02
   9.6324682e-02
   1.8147738e-01
   1.9347966e-01
   1.5405969e-01
   9.8689385e-02
   6.5207973e-02
   4.9215209e-02
   2.0582592e-01
   4.1076067e-01
   3.9365867e-01
   1.9106624e-01
   5.0732084e-02
   1.7279185e-02
   3.6370296e-02
   1.7490859e-01
   3.7629128e-01
   3.0310446e-01
   2.0703153e-01
   6.7652993e-02
   2.0897677e-02
   6.0356010e-02
   3.7713459e-01
   7.4823326e-01
   7.0012838e-01
   4.6173832e-01
   1.6125676e-01
   5.8431949e-02
   9.9891342e-02
   2.9103529e-01
   4.2675450e-01
   3.9378950e-01
   2.2862218e-01
   8.5558780e-02
   6.7109182e-02
   1.1944237e-01
   2.9797941e-01
   3.3062744e-01
   2.3171121e-01
   1.5803073e-01
   7.8751497e-02
   1.6028481e-02
   1.2458438e-01
   2.7659634e-01
   2.9272503e-01
   2.0372161e-01
   1.4709961e-01
   1.0275911e-01
   1.2625559e-01
   9.9425472e-02
   5.9925009e-02
   2.3495646e-02
   4.6357185e-02
   9.0005152e-02
   1.2724411e-01
   1.8201558e-01
   1.5867527e-01
   1.1810507e-01
   5.6257945e-02
   9.3620550e-03
   2.3096163e-02
   7.4694358e-02
   7.1349420e-02
   4.4856716e-02
   5.1709104e-02
   2.7766399e-02
   8.8684298e-02
   9.7779803e-02
   1.0753573e-01
   8.1521332e-02
   6.6657938e-02
   3.3650775e-02
   2.1574391e-02
  -2.4832229e-04
   2.0088468e-02
   2.0125197e-02
   4.8920918e-02
   7.8310207e-02
   5.4725081e-02
   3.5447665e-02
   3.1296544e-02
   5.4376420e-02
   6.3423097e-02
   4.6400096e-02
   6.3474968e-02
   9.5724858e-02
   6.6282317e-02
   4.9455032e-02
   1.3072179e-01
   1.6491610e-01
   1.4831842e-01
   9.3270518e-02
   7.6576807e-02
   6.5082959e-03
   3.5445042e-02
   1.0997149e-01
   1.6636933e-01
   1.1594032e-01
   8.7530062e-02
   5.6882802e-02
   2.1672091e-02
   6.9675423e-02
   2.5758797e-01
   3.3216485e-01
   2.9572779e-01
   1.6127059e-01
   6.3069418e-02
   1.7660320e-02
   6.0156096e-02
   1.5921897e-01
   1.5967612e-01
   1.1774986e-01
   5.3152837e-02
   2.4656916e-02
   2.5862770e-02
   7.9408996e-02
   1.7062797e-01
   1.3458779e-01
   6.8051741e-02
   3.0376589e-02
   4.7901835e-02
   8.3168603e-02
   1.5205073e-01
   1.6246666e-01
   9.9709451e-02
   8.1460737e-02
   7.2318047e-02
   6.5970220e-02
   4.3320064e-02
   6.0164288e-02
   6.0727815e-03
  -2.4699163e-02
   4.2861607e-02
   5.6985106e-02
   8.4308334e-02
   1.1558730e-01
   9.8491773e-02
   6.4726561e-02
   5.3266726e-02
   5.8266915e-02
   2.1989368e-02
   2.2927269e-02
   1.9147201e-02
   3.2656144e-02
   2.3861723e-02
   5.9065297e-02
   4.5410570e-02
   5.9710432e-02
   9.9922746e-02
   9.2361964e-02
   7.2287232e-02
   5.0299801e-02
   2.2317709e-02
   3.6285382e-02
   1.7109407e-02
   4.0863138e-02
   3.9819967e-02
   3.4654021e-02
   2.0487268e-02
   3.1595577e-02
   5.2098926e-02
   5.9670318e-02
   5.5511951e-02
   3.1606708e-02
   2.2569014e-02
   3.9093591e-02
   4.2579502e-02
   4.7959883e-02
   2.0573230e-02
   2.0992389e-02
   2.1408211e-02
   3.1407323e-02
   3.9268307e-02
   7.3010482e-02
   8.6353801e-02
   7.4781224e-02
   6.4118892e-02
   4.2890217e-02
   1.6539942e-02
   3.3391051e-02
   1.0333416e-01
   1.7633308e-01
   1.9811127e-01
   1.3523348e-01
   8.4347002e-02
   1.8016145e-02
   3.3819810e-02
   8.8967718e-02
   1.3033310e-01
   1.1495177e-01
   6.0489260e-02
   4.3679994e-02
   2.3977052e-02
   1.8247133e-02
   6.3624345e-02
   7.0585445e-02
   6.6802569e-02
   3.7876286e-02
   5.1889945e-02
   3.0648343e-02
   7.0011280e-02
   9.9350207e-02
   1.0726772e-01
   7.1725734e-02
   5.6909923e-02
   2.6109781e-02
   2.6540071e-02
   4.1809149e-02
   7.0338860e-02
   5.0102346e-02
   2.8139038e-02
   5.5362921e-02
   5.5539533e-02
   6.3757800e-02
   5.8424029e-02
   2.9410429e-02
   1.9289946e-02
   2.4218135e-02
   2.4235902e-02
   2.6385130e-02
   3.5894949e-02
   7.1291784e-03
   1.7653188e-02
   3.8165756e-02
   5.5495963e-02
   5.5400528e-02
   3.9470449e-02
   8.3243333e-02
   6.2078182e-02
   6.4458184e-02
   2.4314022e-02
   4.1422550e-02
   3.9805770e-02
   3.4409743e-02
   9.1470573e-03
   2.6108341e-02
   2.9510345e-02
   3.9625760e-02
   3.2518990e-02
   2.8414313e-02
   3.0680627e-02
   2.7761068e-02
   4.7188673e-02
   7.9131551e-02
   6.4750329e-02
   2.5501067e-02
   3.9938629e-02
   7.3891193e-02
   4.2105678e-02
   3.4304008e-02
   2.9685052e-02
   3.2980110e-02
   4.9636200e-02
   5.8043603e-02
   5.7357594e-02
   2.4561838e-03
   9.1677252e-03
   1.9498974e-02
   4.4913791e-02
   8.4533289e-02
   9.6783474e-02
   7.9100698e-02
   5.9139356e-02
   3.3993479e-02
   2.7978502e-02
   2.2061782e-02
   2.7934995e-02
   4.3391418e-02
   1.4412504e-02
   3.5026450e-02
   3.1037211e-02
   3.9208580e-02
   5.9497096e-02
   6.2508509e-02
   2.6319629e-02
   3.5345841e-02
   3.7841219e-02
   1.3312438e-02
   3.0554887e-02
   4.0225111e-02
   4.5077886e-02
   5.6304829e-03
   4.3054200e-03
   6.9092293e-03
   5.0891574e-02
   3.2051504e-02
   3.1507500e-02
   3.7713900e-02
   3.8889367e-02
   4.0401984e-02
   5.8153946e-02
   4.0999372e-02
   5.0002344e-02
   4.2586166e-02
   5.3719904e-02
   6.2062953e-02
   3.8806539e-02
   2.6845010e-02
   2.9626900e-02
   2.6596397e-02
   2.9129997e-02
   4.9194913e-02
   3.9590459e-02
   3.0112045e-02
   6.6413611e-02
   5.5624720e-02
   3.0367704e-02
   4.3557245e-02
   5.5637881e-02
   4.4769768e-02
   5.7835445e-02
   4.0907171e-02
   3.1988028e-02
   3.4921117e-02
   2.3432475e-02
   1.8735228e-02
   4.3994877e-02
   4.9240198e-02
   3.4753770e-02
   1.3761970e-02
  -3.9270995e-03
   3.2759208e-02
   3.5046335e-02
   3.4755524e-02
   3.7993982e-02
   3.1247437e-02
   1.3679283e-02
   1.5708167e-02
   5.2962165e-02
   2.7095605e-02
   1.2618662e-02
   2.6689326e-02
   2.8391188e-02
   3.5908192e-02
   2.7261315e-02
   3.1550601e-02
   5.2226260e-02
   6.8155393e-02
   5.7375826e-02
   4.5897670e-02
   4.9415629e-02
   1.3743584e-02
   1.0345445e-02
   4.8493192e-02
   6.3795291e-02
   4.4911508e-02
   1.4548670e-02
   3.4764130e-03
   1.0156136e-02
   3.6776539e-02
   4.0382974e-02
   2.9019650e-02
   1.8692262e-02
   1.4332671e-02
   4.1653831e-02
   5.6866083e-02
   3.7679691e-02
   3.9771009e-02
   2.2667782e-02
   1.8660240e-02
   3.5400629e-02
   4.0419523e-02
   4.5230612e-02
   3.7357323e-02
   2.5234120e-02
   2.7942374e-02
   2.7082769e-02
   4.5703705e-02
   4.9748734e-02
   5.5885457e-02
   4.9580611e-02
   2.3266306e-02
   1.8979449e-02
   1.8852524e-02
   1.0379464e-02
   2.7171316e-02
   2.3218293e-02
   2.6650511e-02
   3.5424080e-02
   2.0760953e-02
   1.5495627e-02
   1.2353746e-02
   2.3516612e-02
   4.1163020e-02
   2.8715407e-02
   1.3237110e-02
   2.2861922e-02
   4.1847792e-02
   3.3873469e-02
   1.0093985e-02
   1.7110486e-02
   1.7410755e-02
   4.0005788e-02
   2.4345923e-02
   1.3029510e-02
   2.7161721e-02
   8.1317695e-03
   3.0269999e-02
   3.0294191e-02
   3.6566149e-02
   1.2542686e-02
   2.4882117e-02
   2.2459710e-02
   2.2241658e-02
   3.1287108e-02
   3.2881863e-02
   4.0358003e-02
   1.9500323e-02
   3.5887998e-02
   2.4436263e-02
   2.8626570e-02
   2.9527904e-02
   5.1872637e-02
   2.1762062e-02
   5.7913300e-02
   3.4013085e-02
   2.3983661e-02
   2.5741814e-02
   3.0104335e-02
   2.4185775e-02
   4.6714373e-02
   2.0200202e-02
   2.9435240e-02
   3.9376620e-02
   2.8919825e-02
   2.8697347e-02
   2.5228867e-02
   2.0815654e-02
   2.4316853e-02
   5.2003708e-02
   2.7273331e-02
   4.8626270e-02
   5.9945721e-02
   3.0295108e-02
   3.6048040e-02
   3.2109652e-02
   2.8103191e-02
   2.8449154e-02
   3.3935227e-02
   4.0181588e-02
   3.7485648e-02
   2.5032375e-02
   1.9971902e-02
   3.2461543e-02
   4.2919278e-02
   4.6054244e-02
   2.7729310e-02
   1.3783455e-02
   2.0601651e-02
   3.4361962e-02
   7.5675012e-03
   1.3444040e-02
   4.0827472e-02
   3.6789373e-02
   3.7119631e-02
   2.6482273e-02
   1.6419368e-02
   3.9585307e-02
   4.1462604e-02
   2.1693101e-02
   1.4510272e-02
   4.0886444e-03
   6.8030464e-03
   1.3174389e-02
   1.3956497e-02
   3.0340852e-02
   2.1896146e-02
   3.4848753e-02
   3.8176417e-02
   3.0046191e-02
   3.0802812e-02
   2.7362619e-02
   1.9269794e-02
   2.5186043e-02
   2.8268438e-02
   1.5263970e-02
   3.6704306e-02
   3.3504043e-02
   1.2391586e-02
   7.8701451e-03
   2.2878905e-03
   6.7148120e-03
   3.9432734e-02
   4.6359185e-02
   4.2505667e-02
   3.1189786e-02
   7.7834441e-03
   1.9921174e-02
   3.3826169e-02
   3.6541838e-02
   3.5917658e-02
   2.7905289e-02
   2.5574729e-02
   1.6398665e-02
   1.5353800e-02
   2.2382662e-02
   1.8693792e-02
   2.8561274e-02
   1.9548804e-02
   1.4163384e-02
   2.8600296e-02
   3.1226991e-02
   2.8692242e-02
   1.3307326e-02
   3.0809054e-02
   2.2417175e-02
   3.3082135e-02
   4.0963151e-02
   3.7918337e-02
   1.8785762e-02
   9.7748702e-03
   2.4942338e-02
   2.4194177e-02
   1.4799174e-02
   3.2533318e-02
   2.4363171e-02
   1.9538067e-02
   1.8232903e-02
   9.8612672e-03
   1.8098466e-02
   3.4725767e-02
   2.1669960e-02
   1.8978171e-02
   3.0520527e-02
   2.5658440e-02
   2.1528115e-02
   1.1500891e-02
   3.7026998e-02
   2.3646550e-02
   2.3431826e-02
   2.9920658e-02
   6.9725662e-03
   3.0629855e-02
   3.7323277e-02
   3.2016620e-02
   1.6802678e-02
   7.3690810e-03
   1.9747995e-02
   2.2733571e-02
   3.9047986e-02
   2.7137645e-02
   1.8762676e-02
   3.1791095e-02
   2.9990239e-02
   2.4497200e-02
   4.1983686e-02
   1.4973923e-02
   2.2037841e-02
   2.3877610e-02
   4.9249228e-02
   4.3609187e-02
   3.6440194e-02
   4.1994572e-02
   2.4285376e-02
   1.7152566e-02
   2.1191468e-02
   9.8276157e-03
   4.5896377e-02
   7.3335268e-02
   6.8508491e-02
   3.3172607e-02
   1.1950733e-02
   1.3517920e-02
   8.8215154e-03
   3.8533136e-02
   9.9437244e-02
   8.6018994e-02
   6.1670292e-02
   4.3239862e-02
   2.7408645e-02
   4.0850472e-02
   9.1768600e-02
   1.1282953e-01
   7.2648540e-02
   3.9031666e-02
   4.8798859e-02
   3.1552132e-02
   2.0440578e-02
   2.7252316e-02
   1.8229846e-02
   2.7221024e-02
   3.3887081e-02
   6.5784059e-02
   7.5777985e-02
   4.5277655e-02
   3.3639647e-02
   2.6741272e-02
   3.4096662e-02
   3.4805551e-02
   3.5340399e-02
   1.4073163e-02
   3.4520559e-02
   4.4419624e-02
   3.8180269e-02
   3.0103778e-02
   7.2028283e-03
   3.0170666e-02
   2.2826482e-02
   3.5633456e-03
   9.5949508e-03
   3.3634208e-02
   1.0213852e-02
   2.2008853e-02
   3.4623392e-02
   3.5742674e-02
   1.8207228e-02
   1.4561584e-02
   2.5472334e-02
   3.1050485e-02
   2.0409143e-02
   2.7902098e-02
   2.9468980e-02
   3.8888570e-02
   3.4288213e-02
   3.6434550e-02
   4.9643021e-02
   3.4998104e-02
   1.4489281e-02
   1.4720764e-02
   3.1086782e-02
   2.6706668e-02
   2.3432169e-02
   3.4631763e-02
   2.2149371e-02
   1.7723275e-02
   3.4457892e-02
   4.0837638e-02
   2.4781218e-02
   1.4223826e-02
   2.9690942e-02
   2.7823525e-02
   1.9423231e-02
   1.0854268e-02
   3.8033575e-02
   4.0278569e-02
   2.3418326e-02
   3.8610879e-02
   3.7016477e-02
   3.7915837e-02
   3.3358686e-02
   3.0248726e-02
   4.2349290e-02
   8.2512656e-03
   1.4010877e-02
   2.3273174e-02
   3.8260605e-02
   2.6082257e-02
   1.2129077e-02
   1.3415125e-02
   3.0332400e-02
   2.9366698e-02
   3.4531567e-02
   2.8213417e-02
   2.1573475e-02
   1.4305203e-02
   2.8081831e-02
   3.4180645e-02
   3.7102703e-02
   2.8880784e-02
   3.0053822e-02
   3.6470287e-02
   1.8280689e-02
   2.6458044e-02
   3.2601926e-02
   3.7279688e-02
   5.0233409e-02
   3.1789474e-02
   1.3770489e-02
   2.0806443e-02
   2.1987734e-02
   1.0852961e-02
   3.1636689e-02
   2.8350992e-02
   3.6295876e-02
   2.2418402e-02
   1.2934382e-02
   3.8382243e-02
   1.6239090e-02
   1.6905094e-02
   4.1692328e-02
   2.6776206e-02
   8.6904671e-03
   9.9585336e-03
   3.3771805e-02
   2.4559848e-02
   3.1300340e-02
   2.6997777e-02
   3.0952225e-02
   3.5640214e-02
   1.1707240e-02
  -2.2777487e-03
   4.7422848e-03
   1.6541153e-02
   3.2071203e-02
   2.7628515e-02
   2.8924761e-02
   2.9914761e-02
   2.9265752e-02
   2.3498043e-02
   3.0783331e-02
   3.8728278e-02
   1.9971229e-02
   2.2589676e-02
   2.6371375e-02
   3.1760756e-02
   1.8487774e-02
   2.5804766e-02
   2.4815988e-02
   2.5913425e-02
   2.6774723e-02
   2.1857433e-02
   1.6919015e-02
   3.1659253e-02
   6.8718448e-02
   4.4921923e-02
   1.7478012e-02
   9.2699081e-03
   1.9502318e-02
   2.3512876e-02
   2.3084883e-02
   2.7439708e-02
   3.3419274e-02
   1.9726999e-02
   2.0365762e-02
   2.8327035e-02
   1.0796802e-02
   1.2062993e-02
   1.8973440e-02
   2.5953192e-02
   3.9425511e-03
   9.7400947e-03
   2.0421799e-02
   1.3648454e-02
   1.4193095e-02
   1.7887399e-02
   2.0917453e-02
   3.2630123e-02
   1.7470725e-02
   2.7486123e-02
   2.8280096e-02
   2.3823949e-02
   2.0127079e-02
   2.8860232e-02
   1.6502656e-02
   3.8284335e-02
   4.0636074e-02
   2.9374212e-02
   1.4601586e-02
   1.4626388e-02
   2.8574504e-02
   2.4055216e-02
   1.1107648e-02
   4.9659056e-03
   1.2059404e-02
   1.2706457e-02
   2.2374187e-02
   4.3669328e-02
   3.1398736e-02
   1.9350212e-02
   8.3958916e-03
   3.2574829e-02
   3.3364460e-02
   3.7754741e-02
   3.8915917e-02
   5.3675082e-02
   1.3459989e-02
   2.1927144e-02
   2.1945065e-02
   1.5039464e-02
   2.3380298e-02
   1.3267562e-02
   1.5086026e-02
   2.3656473e-02
   1.8266639e-02
   2.7148489e-02
   2.7741890e-02
   3.9489124e-02
   2.5782872e-02
   1.7868459e-02
   1.8536484e-02
   2.8381644e-02
   2.8767059e-02
   3.6847271e-02
   3.8195089e-02
   1.9184461e-02
   2.5154848e-02
   2.4084967e-02
   1.4787808e-02
   2.9823069e-02
   2.2335855e-02
   2.5136797e-02
   2.9267823e-02
   3.5406429e-02
   2.6430683e-02
   3.8853534e-02
   3.0690247e-02
   1.7820440e-02
   3.4270260e-02
   2.9134266e-02
   1.7538294e-02
   2.7568599e-02
   2.9706908e-02
   2.2572277e-02
   2.6086569e-02
   1.8973611e-02
   2.3430441e-02
   2.8219324e-02
   1.8815465e-02
   1.5613592e-02
   2.9826211e-02
   4.2065876e-03
   1.8887142e-02
   2.9479587e-02
   4.0500563e-02
   2.5896894e-02
   9.3233669e-03
   2.9337551e-02
   4.8937783e-02
   4.1492667e-02
   2.6251446e-02
   3.6666594e-02
   1.7687805e-02
   1.3245734e-02
   2.2126477e-02
   1.6875379e-02
   1.8396333e-02
   1.4817491e-02
   7.0205219e-03
   8.1397556e-03
   1.8943941e-02
   4.1618999e-02
   2.2616167e-02
   2.7294129e-02
   3.5953198e-02
   3.7512116e-02
   2.3305576e-02
   3.0137783e-02
   4.4454455e-02
   3.1250108e-02
   1.5889905e-02
   1.1865476e-02
   2.3920774e-02
   2.8800528e-02
   2.2686042e-02
   2.2773206e-02
   2.7721975e-02
   1.9764982e-02
   1.4169848e-02
   3.2123603e-02
   4.2332362e-02
   2.3160102e-02
