   4.0937468e-02
   4.3384165e-02
   4.9416624e-02
   7.1311504e-02
   8.9812137e-02
   7.8001387e-02
   4.6331104e-02
   9.6297942e-02
   9.8575935e-02
   6.6406153e-02
   3.8695324e-02
   3.1712350e-02
   8.9663565e-02
   6.6030443e-02
   5.0472856e-02
   5.5703841e-02
   5.0536525e-02
   8.7918803e-02
   7.6366149e-02
   7.7436946e-02
   3.5116035e-02
   4.0387873e-02
   5.5876002e-02
   6.0564019e-02
   5.6579992e-02
   4.8748773e-02
   6.6273555e-02
   7.4125893e-02
   1.0198953e-01
   7.8946993e-02
   1.0736705e-01
   1.6515258e-01
   9.0580210e-02
   8.8785701e-02
   7.9551518e-02
   1.0944388e-01
   1.4670923e-01
   9.8080859e-02
   1.1232262e-01
   9.2329346e-02
   6.3371353e-02
   8.3469905e-02
   7.5164445e-02
   8.2820572e-02
   5.4014500e-02
   3.1157168e-02
   7.9225138e-02
   5.5731233e-02
   3.5683800e-02
   5.1550876e-02
   4.5535170e-02
   1.2288377e-01
   1.0378864e-01
   6.3890748e-02
   9.9396303e-02
   4.3303326e-02
   7.5267367e-02
   3.4509681e-02
   1.0813743e-02
   4.8515618e-02
   2.5578596e-02
  -1.3532626e-02
   2.7467549e-02
   4.4991426e-02
   5.5864178e-02
   5.7776611e-02
   3.6888845e-02
   8.3804414e-02
   4.5893442e-02
   5.6163281e-02
   8.6413316e-02
   6.7718074e-02
   4.4904955e-02
   3.8534909e-02
   8.0197379e-02
   6.7925587e-02
   6.3043341e-02
   8.5593507e-02
   6.5369897e-02
   3.5303209e-02
   4.8456933e-02
   6.5641113e-02
   6.1510939e-02
   1.1926626e-02
   3.5339102e-02
   2.5651660e-02
   6.0449131e-02
   2.1154227e-02
   5.1933274e-02
   4.4002756e-02
   5.8367513e-02
   5.5584367e-02
   5.5141695e-02
   2.6082462e-02
   6.2774317e-03
   5.5024404e-02
   2.0217538e-02
   7.0020482e-02
   7.7655524e-02
   8.4363028e-02
   1.1521009e-01
   8.6806037e-02
   4.4555049e-02
   7.1756564e-02
   9.5117420e-02
   9.1484211e-02
   9.1102168e-02
   9.4201975e-02
   1.1863197e-01
   8.3916530e-02
   3.5478745e-02
   1.7363315e-02
   1.0335380e-01
   2.7153978e-01
   3.8294369e-01
   2.7432024e-01
   1.2701295e-01
   7.1894884e-02
   8.0789864e-02
   7.8446530e-02
   8.2928829e-02
   4.8566394e-02
   5.5437669e-02
   3.3898175e-02
   5.1365420e-02
   4.9361758e-02
   3.8175698e-02
   5.3126492e-02
   1.2022164e-01
   1.1926188e-01
   9.2869811e-02
   1.0489270e-01
   7.5807311e-02
   9.7324938e-02
   1.7095268e-02
   4.4252940e-02
   7.7633396e-02
   6.5144308e-02
   7.2747007e-02
   5.7788212e-02
   5.6635000e-02
   5.5577278e-02
   5.0526965e-02
   4.9607694e-02
   4.7948241e-02
   7.4570403e-02
   4.9844995e-02
   4.5271195e-02
   1.4513809e-02
   4.5131575e-02
   1.0124180e-01
   7.0863955e-02
   5.7378009e-02
   4.5071829e-02
   6.5484054e-02
   8.8154353e-02
   1.2348534e-01
   6.1960321e-02
   8.8465340e-02
   5.9747104e-02
   1.2849565e-01
   5.5946421e-02
   2.7033821e-02
   4.3664116e-02
   9.3893968e-02
   3.5566822e-02
   6.5946266e-02
   1.2479676e-01
   9.1059908e-02
   1.1542308e-01
   3.7032746e-02
   3.1762555e-02
   3.9981894e-02
   2.2458734e-02
   6.4788766e-02
   6.7655928e-02
   5.1604848e-02
   7.1204804e-02
   1.0208334e-01
   5.9647862e-02
   5.1438712e-02
   9.1481142e-02
   5.0624877e-02
   7.2628304e-02
   4.0896706e-02
   7.6384090e-02
   4.9884487e-02
   5.2674841e-02
   5.9171204e-02
   6.0039960e-02
   1.0768631e-01
   1.1155284e-01
   5.5256441e-02
   3.1618282e-02
   1.1932230e-02
   7.9576224e-02
   1.0891673e-01
   2.3937721e-02
   9.6582239e-03
   6.1069183e-02
   7.8269303e-02
   3.3961125e-02
   8.9730926e-02
   5.1361807e-02
   3.7464824e-02
   3.8362939e-02
   9.0163700e-02
   4.2751882e-02
   3.7539624e-02
   7.0276827e-02
   9.1385446e-02
   6.1590698e-02
   5.9094306e-02
   3.7999500e-02
   1.8038590e-02
   1.3268384e-02
   2.3257526e-02
   5.9063837e-02
   2.7045378e-02
   4.8293676e-02
   7.8905091e-02
   1.0685395e-01
   3.6182657e-02
   3.1404801e-02
   1.0405687e-01
   9.9586301e-02
   5.7308577e-02
   6.5917380e-02
   3.4635786e-02
   1.0785061e-02
   6.5579943e-02
   5.7695869e-02
   6.2764838e-02
   8.2128376e-02
   9.3432635e-02
   1.1460695e-01
   1.4015636e-01
   1.1715040e-01
   1.0282481e-01
   6.7318358e-02
   1.0259441e-01
   2.3530604e-01
   1.6647333e-01
   8.6422130e-02
   6.7206793e-02
   1.0432915e-01
   7.2974652e-02
   9.1225885e-02
   8.8635400e-02
   1.0126606e-01
   1.2155174e-01
   4.5360286e-02
   2.4528446e-02
   4.1550562e-02
   7.3879100e-02
   9.0519376e-02
   9.7842105e-02
   5.4441679e-02
   6.4253464e-02
   7.7834003e-02
   3.2872856e-02
   2.0779090e-02
   7.0330583e-02
   1.0150600e-01
   4.4859689e-02
   1.0338292e-01
   1.6086063e-01
   9.9739298e-02
   5.1674042e-02
   7.5066090e-02
   9.1792956e-02
   6.5355666e-02
   3.6544301e-02
   6.0656786e-02
   5.4593056e-02
   5.5640880e-02
   3.4408446e-02
   4.6253022e-02
   5.0361786e-02
   7.0345551e-02
   6.7768291e-02
   4.7299497e-02
   1.5589437e-02
   5.2346580e-02
   6.0048528e-02
   1.1931048e-01
   9.7740896e-02
   7.6832950e-02
   1.0662115e-01
   4.2398993e-02
   1.0489010e-02
   2.5050858e-02
  -2.3158763e-03
   7.3613524e-02
   1.4362250e-01
   9.4720155e-02
   7.7295564e-02
   6.4141437e-02
   5.6825198e-02
   7.6451249e-02
   1.4212225e-01
   3.4040293e-01
   2.0687266e-01
   7.7279150e-02
   1.0090613e-01
   1.4813402e-01
   1.4338754e-01
   1.1124943e-01
   1.0431058e-01
   1.2363266e-01
   1.0505567e-01
   1.8687923e-01
   2.3874664e-01
   1.8482882e-01
   6.5398343e-02
   5.1493682e-02
   5.7646774e-02
   2.5315110e-02
   4.1474383e-02
   4.2682260e-02
   2.0205120e-02
   3.1646207e-02
   4.9953323e-02
   5.7978936e-02
   5.9154030e-02
   6.8928972e-02
   6.8631835e-02
   1.5097529e-02
   3.4061130e-02
   3.6439046e-02
   8.9943878e-02
   6.4325742e-02
   7.0522778e-02
   5.9306432e-02
   1.3022044e-01
   1.1774758e-01
   1.1158510e-01
   5.6050088e-02
   1.2178618e-02
   4.2400587e-02
   1.0579658e-01
   9.5131539e-02
   5.7029992e-02
   5.8633734e-02
   1.1000657e-01
   8.2669266e-02
   7.7277392e-02
   5.7227291e-02
   7.9071976e-02
   1.1579143e-01
   8.9813001e-02
   7.6758042e-02
   5.4472916e-02
  -1.0470503e-02
   4.1100189e-02
   8.1395254e-02
   6.5255366e-02
   1.2718664e-01
   7.5211294e-02
   7.5061329e-02
   6.3256934e-02
   3.9189439e-02
   5.5816747e-02
   6.9538526e-02
   6.5297991e-02
   7.7212937e-02
   9.9506013e-02
   7.9236135e-02
   6.8829730e-02
   1.1615602e-01
   9.5708936e-02
   9.5155656e-02
   3.8609162e-02
   9.9064052e-02
   1.1543145e-01
   1.4519611e-01
   1.2516184e-01
   1.2570687e-01
   8.5568301e-02
   1.1922667e-01
   1.6805042e-01
   1.4124696e-01
   1.0530454e-01
   1.3555197e-01
   1.0544669e-01
   5.9281494e-02
   5.7006989e-02
   9.1408812e-02
   9.0859704e-02
   5.3577557e-02
   1.0457758e-01
   1.9450977e-01
   1.4927143e-01
   6.0029119e-02
   1.1939833e-01
   6.7921951e-02
   3.0035948e-02
   3.5554137e-02
   5.2313175e-02
   9.1448762e-02
   1.0479878e-01
   1.1667030e-01
   8.4418170e-02
   1.5933447e-02
   4.6722014e-02
   9.0718627e-02
   1.0685129e-01
   4.5923904e-02
   4.6559166e-02
   1.0974965e-01
   7.7950209e-02
   7.9521582e-02
   1.4660312e-01
   1.0667328e-01
   1.5329321e-01
   1.2366337e-01
   1.0574552e-01
   9.3895733e-02
   7.4342318e-02
   9.3000010e-02
   4.3301787e-02
   1.6095079e-01
   1.4217319e-01
   5.9597049e-02
   9.0374120e-02
   5.1463477e-02
   9.2387542e-02
   1.1372734e-01
   8.9717522e-02
   9.3120679e-02
   1.0640128e-01
   8.8115439e-02
   1.0434441e-01
   5.6734551e-02
   5.0846178e-02
   5.8987264e-02
   6.2598266e-02
   1.1358599e-01
   8.9295581e-02
   7.9153083e-02
   2.4146836e-02
   6.0288984e-02
   8.2391687e-02
   7.1107268e-02
   7.1311422e-02
   5.0420418e-02
   4.6465855e-02
   1.3674495e-01
   1.1315175e-01
   8.5879996e-02
   1.1633664e-01
   1.0564750e-01
   4.8172463e-02
   8.5345812e-02
   6.1820596e-02
   2.4855100e-02
   2.1582238e-02
   6.2749252e-02
   7.1493223e-02
   3.4573052e-02
   4.5755453e-02
   5.8792908e-02
   4.5918092e-02
   7.6168768e-02
   1.0015294e-01
   7.3358744e-02
   1.0561059e-01
   1.0044198e-01
   1.1391407e-01
   6.2357482e-02
   2.9315757e-02
   4.6603031e-02
   8.2095288e-02
   9.7530186e-02
   6.9497615e-02
   6.7276627e-02
   8.1839584e-02
   1.0699199e-01
   5.6622636e-02
   6.3918605e-02
   8.7332077e-02
   8.9088552e-02
   2.3768911e-02
   5.1431336e-02
   1.0406994e-01
   1.3901241e-01
   1.0107008e-01
   5.8191773e-02
   4.0446628e-02
   7.0098564e-02
   5.6971107e-02
   9.0579301e-02
   8.0578119e-02
   7.4766025e-02
   1.0350348e-01
   6.1008487e-02
   4.0830027e-02
   8.4543034e-02
   8.1696548e-02
   1.2111904e-02
   2.5895460e-02
   6.8398260e-02
   7.1934253e-02
   9.4998591e-02
   1.1206410e-01
   1.0161860e-01
   7.3691219e-02
   5.3604964e-02
   5.9516925e-02
   4.2387974e-02
   2.1004265e-02
   6.3353620e-02
   5.7441562e-02
   7.0495203e-02
   7.2546422e-02
   3.0566504e-02
   5.9502006e-02
   7.7937871e-02
   4.3389570e-02
   3.6765356e-02
   6.1068829e-02
   5.4748505e-02
   8.0980875e-02
   9.4868138e-02
   5.8081694e-02
   4.5996483e-02
   4.4682581e-02
   8.9403234e-02
   1.0545736e-01
   1.1412075e-01
   7.5170182e-02
   7.2253264e-02
   5.7070285e-02
   3.1144325e-02
   2.4158524e-02
   5.1339526e-02
   5.8833584e-02
   7.8924693e-02
   7.8548960e-02
   6.5391928e-02
   6.5763980e-02
   1.9859206e-02
   6.0348082e-02
   4.6870172e-02
   9.2921510e-02
   1.1380376e-01
   6.1907113e-02
   4.2602565e-02
   1.8998047e-02
   3.2850232e-02
   6.6145994e-02
   6.5110132e-02
   8.5425325e-02
   6.5778978e-02
   7.5316787e-02
   6.4233132e-02
   7.0317760e-02
   1.6907468e-02
   1.8965080e-02
   3.5792992e-02
   9.3834870e-02
   1.5141384e-01
   6.0614634e-02
   2.2024482e-02
   3.3744369e-02
   6.0477495e-02
   1.4126986e-02
   5.3296026e-02
   8.0987707e-02
   7.4559286e-02
   7.2972737e-02
   4.1118145e-02
   5.6884144e-02
   6.4453095e-02
   4.9100760e-02
   3.1637855e-02
   3.5872463e-02
   1.3333314e-02
   2.8583564e-02
   4.6274744e-02
   7.0890933e-02
   7.6755255e-02
   5.8267374e-02
   1.7127777e-02
   4.8567917e-02
   7.7848069e-02
   5.6089461e-02
   8.5912675e-02
   1.0096861e-01
   1.6089606e-01
   7.6788679e-02
   2.5524423e-02
   1.8172000e-02
   2.4678087e-02
   5.6809582e-02
   7.8256391e-02
   3.5440964e-01
   4.1343138e-01
   2.9935181e-01
   1.1934367e-01
   3.3081979e-02
   9.1412842e-01
   2.9725652e+00
   2.7788174e+00
   1.2198597e+00
   2.8952372e-01
   2.2163676e-01
   3.7886593e-01
   4.2991903e-01
   7.6104075e-01
   5.8888757e-01
   2.8796601e-01
   1.0568565e-01
   3.7012026e-02
   7.5823821e-02
   1.7740564e-01
   3.1328884e-01
   3.7775496e-01
   2.2332211e-01
   1.2926412e-01
   5.3353161e-02
   1.0059314e-01
   1.0396037e-01
   1.3969833e-01
   1.3011329e-01
   1.2200815e-01
   1.7529747e-01
   8.2594305e-02
   5.8972526e-02
   7.9995185e-02
   9.0824001e-02
   7.5688362e-02
   7.1878918e-02
   8.1663370e-02
   6.5432511e-02
   9.6338801e-02
   6.1344910e-02
   3.1420175e-02
   4.7598977e-02
   7.1237192e-02
   5.5461891e-02
  -6.8810806e-03
   2.5073413e-02
   4.7111005e-02
   6.2839657e-02
   6.4901195e-02
  -2.4374500e-02
   6.6368073e-02
   1.5829550e-01
   1.0869225e-01
   7.7127986e-02
   1.0192648e-01
   1.9357394e-01
   3.1583586e-01
   2.1043859e-01
   6.6227011e-02
   1.3535407e-01
   1.7184450e-01
   9.2402548e-02
   1.1797813e-01
   1.0886803e-01
   1.0744993e-01
   5.0560886e-01
   4.8103496e-01
   2.2670932e-01
   1.1491214e-01
   5.2670468e-02
   9.6854448e-02
   7.1150698e-02
   1.4808242e-01
   1.4147519e-01
   6.3623160e-02
   8.8064365e-02
   9.0268694e-02
   6.9102079e-02
   6.9002412e-02
   7.5719491e-02
   7.7347457e-02
   5.0644770e-02
   4.6764880e-02
   5.4378767e-02
   9.7692668e-02
   6.8776429e-02
   4.7521926e-02
   4.9199100e-04
   9.0685390e-02
   1.0418292e-01
   9.7358629e-02
   1.2181164e-01
   1.0261189e-01
   6.3706152e-02
   7.3896572e-02
   8.7621190e-02
   1.2325871e-01
   9.3661979e-02
   9.7337849e-02
   4.2965472e-02
   4.0071949e-02
   1.3190739e-02
   5.6567393e-02
   7.5433083e-02
   2.6385263e-02
   5.4228686e-02
   1.3042441e-01
   1.0673834e-01
   4.5014031e-02
   5.0169181e-02
   1.5273748e-01
   6.3774638e-02
   3.2459836e-02
   7.4293301e-02
   1.3050963e-01
   1.5752506e-01
   1.3065363e-01
   3.5617687e-02
   1.0925041e-01
   4.5926318e-01
   6.1137098e-01
   3.4513026e-01
   2.4068628e-02
   9.7786605e-02
   7.7050203e-01
   9.4951820e-01
   5.2767563e-01
   2.8899565e-01
   1.7726906e-01
   2.1832639e-01
   3.2203621e-01
   3.0786869e-01
   2.3537076e-01
   1.5143229e-01
   1.2871279e-01
   7.1824819e-02
   7.7100381e-02
   4.0502690e-02
   5.0126929e-02
   8.7524749e-02
   1.3887216e-01
   8.9724742e-02
   6.3860662e-02
   1.8104415e-02
   3.0974593e-02
   5.3794492e-02
  -1.9560851e-02
  -3.6173001e-02
  -2.0440863e-02
   5.7149936e-02
   6.5400586e-02
   7.6304957e-02
   7.3613890e-02
   4.5527250e-02
   1.0057042e-01
   4.6758633e-02
   4.1555058e-02
   5.5725392e-02
   1.0699837e-01
   8.2505725e-02
   7.8483693e-02
   5.0677706e-02
   1.8088356e-02
   6.4059243e-02
   1.2459879e-01
   1.2292011e-01
   1.0340865e-01
   3.3932328e-02
   3.1839933e-02
   7.1307048e-02
   1.0445039e-01
   2.3346279e-02
   4.8450727e-02
   7.9639748e-02
   1.1685962e-01
   8.0824830e-02
   6.6361800e-02
   7.2305746e-02
   1.7154653e-01
   1.9604249e-01
   1.4473443e-01
   3.7285641e-02
   8.2936145e-02
   1.2486815e-01
   1.8776774e-01
   1.5717585e-01
   7.3423214e-02
   6.5794036e-02
   1.0459186e-01
   6.5356679e-02
   7.0538871e-02
   3.2937858e-02
   7.3890463e-02
   1.4837413e-01
   9.1932513e-02
   6.7374103e-02
   8.6468168e-02
   6.1177522e-02
   3.8029261e-02
  -3.9264867e-03
   4.1967850e-02
   6.0522307e-02
   4.5377344e-02
   4.7594216e-02
   1.3465337e-01
   1.5022680e-01
   8.1243262e-02
   7.2029911e-02
   5.1228922e-02
   3.0323878e-02
   5.7982333e-02
   7.6742962e-02
   4.4389531e-02
   3.3092301e-02
   2.4199173e-02
   3.3296645e-02
   4.3734908e-02
   6.3090749e-02
   8.7638311e-02
   8.5183911e-02
   4.9713239e-02
   1.0505752e-01
   9.2050292e-02
   7.6357014e-02
   2.2898434e-02
   4.3958638e-02
   9.6282780e-02
   8.1440784e-02
   3.4979660e-02
   3.1567641e-02
   6.4594105e-02
   7.3084779e-02
   9.3955614e-02
   4.0275287e-02
   6.2592565e-03
   1.8019756e-02
   6.7399457e-02
   1.0420701e-01
   4.6364646e-02
   3.6462527e-02
   3.5459496e-02
   4.6440277e-02
   4.6332356e-02
   3.2418840e-02
   4.1765988e-02
   8.1659399e-02
   1.1282181e-01
   1.5054546e-01
   1.0311972e-01
   1.1012167e-01
   7.7364996e-02
   8.8801220e-02
   1.4266545e-02
   7.2332107e-02
   1.1097906e-01
   1.6888073e-01
   1.3074388e-01
   1.1281263e-01
   7.3940307e-02
   4.6857137e-02
   9.9998288e-02
   1.7667514e-01
   1.8232873e-01
   9.7665176e-02
   9.5010281e-02
   2.2865546e-01
   6.0713035e-01
   6.6306168e-01
   3.1240758e-01
   1.0090791e-01
   1.5280682e-01
   2.5789216e-01
   2.8657386e-01
   2.3464017e-01
   1.6983114e-01
   1.0061207e-01
   1.5661694e-01
   1.9935201e-01
   1.1850215e-01
   1.0703596e-01
   4.9392842e-02
   4.3249205e-02
   1.5161920e-02
   5.2584860e-02
   1.1586160e-01
   7.4858978e-02
  -5.0280304e-03
   5.8908783e-02
   5.6135412e-02
   3.6862824e-02
   2.0635007e-02
   2.1087341e-02
   5.2487351e-02
   1.1791655e-01
   8.9350656e-02
   2.7722662e-02
   2.4827380e-02
  -9.1418475e-03
   4.0279798e-02
   5.6585629e-02
   5.1505327e-02
   1.4800377e-02
   4.9470082e-02
   4.7782507e-02
   6.4548083e-02
   9.5507003e-02
   1.3191219e-01
   1.0473491e-01
   7.1445785e-02
   4.7063619e-02
   4.5990456e-02
   3.8932398e-02
   7.7294596e-02
   5.6580212e-02
   6.4922199e-02
   8.0663703e-02
   9.6913047e-02
   8.7214477e-02
   8.1810944e-02
   8.8316999e-02
   7.7374920e-02
   2.6647184e-02
   9.6394360e-02
   1.9574088e-01
   1.7369305e-01
   1.1595085e-01
   1.4060983e-01
   1.2560944e-01
   1.4104164e-01
   8.2176708e-02
   6.0047310e-02
   8.6973906e-02
   6.0519267e-02
   6.2175732e-02
   1.5546278e-02
   4.1236624e-02
   1.5256596e-01
   1.4439766e-01
   8.0623619e-02
   3.8862910e-02
   8.5880689e-02
   1.7075782e-01
   1.3144739e-01
   8.4919959e-02
   5.6766957e-02
   1.0603961e-01
   1.8864717e-01
   1.9941312e-01
   1.8779555e-01
   9.7404160e-02
   1.4800510e-01
   2.5416315e-01
   2.4716422e-01
   2.5332379e-01
   1.4667606e-01
   2.0030376e-01
   4.7797447e-01
   3.7896219e-01
   1.3728420e-01
   8.5361160e-02
   5.4646707e-01
   8.8425106e-01
   5.3461587e-01
   1.0549343e-01
   9.7886667e-02
   1.3882443e+00
   3.1573315e+00
   2.3417692e+00
   7.8127420e-01
   3.7618956e-01
   1.7247334e+00
   2.8684659e+00
   2.2320497e+00
   1.2353717e+00
   6.2945348e-01
   7.8356385e-01
   9.7120494e-01
   5.0431728e-01
   2.9668221e-01
   3.1188703e-01
   4.1725671e-01
   4.3257269e-01
   2.4906780e-01
   1.9668713e-01
   2.4297252e-01
   2.1938594e-01
   1.4621715e-01
   9.4912358e-02
   1.0405450e-01
   4.6897214e-02
   1.9821780e-02
   4.3009691e-02
  -1.8988630e-03
  -1.9592165e-03
   7.8157656e-02
   1.1329971e-01
   1.0317872e-01
   7.5844072e-02
   1.0329188e-01
   9.7230792e-02
   1.3988434e-01
   4.4832081e-02
   1.0712869e-02
  -5.0455593e-03
   6.3628465e-02
   1.5142114e-01
   8.2614139e-02
   1.4503960e-01
   2.2487919e-01
   2.3275357e-01
   1.7762314e-01
   3.9478369e-02
   1.0108579e-01
   1.5439729e-01
   1.1015339e-01
   1.7215505e-01
   1.5942857e-01
   2.0572594e-01
   1.3289368e-01
   9.4523571e-02
   6.8184979e-02
   2.3406962e-01
   6.0930419e-01
   5.0484222e-01
   2.0601276e-01
   9.4021820e-02
   1.8005975e-01
   3.3365798e-01
   2.7851138e-01
   1.8296896e-01
   1.6841751e-01
   1.6314811e-01
   2.3360756e-01
   1.5536435e-01
   7.8268267e-02
   1.0153515e-01
   1.5114687e-01
   1.1267906e-01
   1.1041224e-01
   2.2127684e-02
   1.1090408e-02
   2.5162380e-02
   5.5059161e-02
   4.1580893e-02
   1.0685414e-01
   1.7725347e-01
   2.0062387e-01
   9.1552570e-02
   1.0456645e-01
   3.5939578e-02
   8.2753144e-02
   1.2159368e-01
   1.7818445e-01
   1.2807424e-01
   2.0522320e-01
   2.3750971e-01
   1.0759961e-01
   7.1253993e-02
   8.1796929e-02
   5.1195558e-02
   6.9773801e-02
   5.7904426e-02
   5.9621017e-03
  -1.3820421e-02
   7.1497202e-02
   1.2544258e-01
   1.3510548e-01
   9.5701493e-02
   1.1896208e-01
   1.3582607e-01
   3.6487091e-01
   5.4558325e-01
   4.5645183e-01
   2.8349045e-01
   1.9614887e-01
   1.4647192e-01
   2.0673046e-01
   3.4466049e-01
   4.7169855e-01
   3.1615508e-01
   1.3384284e-01
   1.3413477e-01
   3.7474075e-01
   4.4041127e-01
   2.6099375e-01
   2.1818863e-01
   1.5404949e-01
   1.9006725e-01
   1.2900588e-01
   8.2627222e-02
   8.0520004e-02
   1.3123211e-01
   1.0511438e-01
   6.8356372e-02
   5.8585655e-02
   5.5440929e-02
   4.4569772e-02
  -5.2196803e-03
   7.4609257e-02
   4.7329292e-02
   3.6819164e-02
   6.1051019e-02
   1.9522825e-02
  -8.1310654e-03
   3.8245339e-02
   2.8360516e-02
   3.8578544e-02
   1.4768316e-01
   1.9401379e-01
   1.2061386e-01
   5.1476311e-02
   7.0446916e-02
   6.4713985e-02
   1.1093960e-01
   7.1970791e-02
   3.6597934e-02
   8.0006912e-02
   1.1452802e-01
   1.0871001e-01
   4.2907193e-02
   9.2254438e-02
   6.1792184e-02
   3.9005093e-02
   2.8411547e-02
   7.6115780e-02
   6.0388591e-02
   1.0946131e-01
   1.5427214e-01
   1.1154889e-01
   1.5543886e-01
   1.5852596e-01
   1.2300213e-01
   1.3274731e-01
   1.4512156e-01
   1.0152909e-01
   1.0633725e-01
   6.4201124e-02
   8.2274705e-02
   1.1123133e-01
   1.2674618e-01
   8.5884027e-02
   1.5181248e-01
   1.4770648e-01
   5.2818418e-02
   4.9627762e-02
   1.1833782e-01
   1.4143263e-01
   1.1702477e-01
   7.0512511e-02
   3.9816078e-02
   1.9629288e-02
   3.2422911e-02
   4.3578226e-02
   1.0651623e-01
   1.2849270e-01
   1.0683222e-01
   6.5637939e-02
   3.6984958e-02
   2.5687503e-02
   4.4860352e-02
   5.1496178e-02
   8.1056580e-02
   9.5270641e-02
   8.3362743e-02
   1.1390020e-01
   7.0740305e-02
   3.3205573e-02
   6.8135247e-02
   8.0538183e-02
   2.8489009e-02
   3.1507403e-02
   4.4091903e-02
   4.4117279e-02
   7.4012838e-02
   4.9605455e-02
   8.3613575e-02
   1.0519572e-01
   3.9300125e-02
   3.6123782e-02
   7.0554897e-02
   1.2862279e-01
   1.5169986e-01
   1.2197809e-01
   9.7839452e-02
   7.4969225e-02
   6.2854797e-02
   3.4543488e-02
   9.1288753e-02
   5.2128438e-02
   1.1048523e-01
   6.0858756e-02
   9.0102367e-02
   1.8350551e-01
   1.3437547e-01
   8.6221427e-02
   5.4160420e-02
   5.7843924e-02
  -4.0226560e-03
   3.0201692e-02
   6.3165344e-02
   6.7484356e-02
   2.5481261e-02
   1.5218263e-02
   3.3440080e-02
   3.3598144e-02
   5.3358156e-02
   8.2928702e-02
   8.7448150e-02
   3.7880704e-02
   4.0695943e-02
   6.0796812e-02
   9.5179193e-02
   8.8176116e-02
   5.0736006e-02
   7.6720044e-02
   1.3579206e-01
   7.8993894e-02
   1.1631407e-01
   1.4715785e-01
   8.9238480e-02
   6.3090578e-02
   1.0634873e-01
   9.6600793e-02
   7.9126082e-02
   3.4503669e-02
   5.3319238e-02
   9.6260041e-02
   1.3633609e-01
   6.1735019e-02
   7.4722849e-02
   4.8323929e-02
   1.7763898e-02
   6.1013654e-02
   7.3542483e-02
   5.7432149e-02
   3.0097591e-02
   4.7990277e-02
   4.9032457e-02
   9.5667630e-02
   6.5185405e-02
   4.0553275e-02
   2.7375713e-02
   8.0304451e-02
   8.1847571e-02
   7.6329470e-02
   9.3530595e-02
   6.8970166e-02
   1.0249196e-01
   1.0291965e-01
   8.7844990e-02
   5.8664948e-02
   5.9221992e-03
   2.8564677e-02
   3.6226716e-02
   5.9369288e-02
   5.2130383e-02
   7.1187131e-02
   1.3656585e-02
   4.2428002e-02
   4.8189789e-02
   6.7283332e-02
   4.3189794e-02
   3.8781248e-02
   8.6813934e-02
   8.6493641e-02
   4.4994343e-02
   2.9670946e-02
   5.3430188e-02
   6.6658705e-02
   1.7257148e-02
   6.1733268e-02
   8.1220351e-02
   6.8419635e-02
   6.7292348e-02
   5.2850567e-02
   6.8730213e-02
   6.5470718e-02
   4.9370393e-02
   9.4510578e-02
   8.7757885e-02
   5.2288245e-02
   4.2663328e-02
   5.9777450e-02
   3.3612512e-02
   6.0578652e-02
   8.4392279e-02
   1.0629935e-01
   7.1393028e-02
   3.7989546e-02
   2.6541250e-02
   7.3586933e-02
   5.7035100e-02
   2.1281680e-02
   6.0367249e-02
   4.4687551e-02
   6.6629142e-02
   4.0780146e-02
   2.9705292e-02
   3.0637164e-02
   5.2436318e-02
   7.0100360e-02
   8.6493030e-02
   4.7245722e-02
   6.4392328e-02
   6.6955164e-02
   6.0943913e-02
   1.0076892e-01
   8.3655827e-02
   8.9164391e-02
   1.9794056e-02
   5.1103760e-02
   4.1594099e-02
   7.9665415e-02
   2.3589801e-02
   3.2939013e-02
   8.4264874e-02
   6.0978521e-02
   3.5731830e-02
   2.0840898e-02
   8.3325200e-02
   8.9400105e-02
   6.0326889e-02
   4.1600391e-02
  -3.9175032e-03
   5.2269977e-02
   8.5777082e-02
   3.1725109e-02
   7.1332246e-02
   2.5131095e-02
   1.1875804e-02
   6.6103183e-02
   4.8427504e-02
   3.2370985e-02
   5.7016894e-02
   2.4432456e-02
   3.5514232e-02
   9.0528712e-02
   1.1821357e-01
   7.4889921e-02
   2.9337732e-02
   7.0276959e-03
   4.7343392e-02
   1.2840059e-01
   1.3919555e-01
   2.2041084e-01
   1.6219841e-01
   9.3259290e-02
   6.8925478e-02
   4.2464244e-01
   1.2138681e+00
   1.0372591e+00
   4.0576515e-01
   1.4311361e-01
   3.2131970e-01
   4.7108150e-01
   4.8254755e-01
   3.8366073e-01
   1.7906502e-01
   1.2254030e-01
   1.2504862e-01
   1.9225693e-01
   1.4889190e-01
   1.5210779e-01
   1.2096931e-01
   7.5541273e-02
   4.3028343e-02
   6.4360991e-02
   1.4157355e-01
   1.0102282e-01
   5.1289417e-02
   5.6962185e-02
   6.5866321e-02
   3.8645804e-02
   5.7853952e-02
   6.6732921e-02
   5.5745140e-02
   2.2594118e-02
   3.7439242e-02
   6.1243769e-02
   6.5444157e-02
   3.2495141e-02
   2.4808452e-02
   2.9145872e-02
   5.1997785e-02
   4.1977219e-02
   5.5689663e-02
   5.4349016e-02
   4.4139538e-02
   4.0439587e-02
   7.3438384e-02
   8.3468601e-02
   6.4761855e-02
   3.6900710e-02
   1.0458409e-01
   7.4999221e-02
   9.8335855e-02
   9.7615376e-02
   8.7392248e-02
   2.5599135e-02
   5.7367962e-02
   8.7057218e-02
   1.5026519e-01
   1.9456026e-01
   8.9428693e-02
   3.1822219e-02
   4.4635735e-02
   9.3226433e-02
   5.8809575e-02
   8.3803684e-02
   8.6074211e-02
   8.9151904e-02
   8.1797227e-02
   1.0129005e-01
   5.7203297e-02
   1.7820863e-02
   7.2768643e-02
   3.9598279e-02
   3.4761764e-02
   4.0878888e-02
   6.3463941e-02
   5.4527421e-02
   3.7533604e-02
   4.0867813e-02
   6.4272560e-02
   8.4224619e-02
   4.4913933e-02
   6.8786047e-02
   4.9087916e-02
   2.4342595e-02
   4.2988926e-02
   6.0874764e-02
   2.0277014e-02
   5.6624487e-02
   5.7136856e-02
   4.9078386e-02
   3.8197219e-02
   3.3944480e-02
   1.8194649e-02
   2.7116528e-02
   3.5530958e-02
   3.8013056e-02
   5.1690303e-02
   7.0160784e-02
   8.4071927e-02
   8.0572858e-02
   8.3498850e-02
   7.2770894e-02
   1.0282002e-01
   9.2987254e-02
   3.1970743e-02
   2.0533394e-02
   2.2172485e-02
   1.5363151e-02
   5.9224892e-02
   9.9394716e-02
   6.1965916e-02
   7.5699873e-02
   8.2192548e-02
   5.6595985e-02
   3.7343781e-02
   6.3419543e-02
   6.1274901e-02
   4.4781804e-02
   6.4959817e-02
   7.7080488e-02
   5.9080277e-02
   2.9610362e-02
   2.9482750e-02
   5.2059986e-02
   4.1865237e-02
   5.8642436e-02
   6.6114075e-02
   8.2338341e-02
   4.3136545e-02
   2.0785270e-02
   2.2283100e-02
   2.9462526e-02
   8.4310345e-02
   5.7084255e-02
   6.4946420e-02
   7.7759765e-02
   8.1660427e-02
   7.6542772e-02
   9.8162137e-02
   5.2605577e-02
   3.1701002e-02
   4.8378430e-02
   4.8451621e-02
   4.4758670e-02
   2.6710758e-02
   8.7230742e-02
   1.2058488e-01
   6.9811076e-02
   9.4628766e-02
   9.0121560e-02
   2.8487351e-02
   5.1162019e-02
   6.1464857e-02
   8.5195877e-02
   6.1108943e-02
   3.2235067e-02
   4.1634075e-02
   9.4973311e-02
   7.4957810e-02
   8.8323005e-02
   1.0792564e-01
   8.7978400e-02
   7.1366966e-02
   3.6420885e-02
   5.5185046e-02
   3.2075752e-02
   3.0231660e-02
   6.1703108e-02
   6.3656226e-02
   4.0663984e-02
   6.7118183e-02
   7.2380982e-02
   4.1395269e-02
   3.3606119e-02
   8.9049220e-02
   6.4724900e-02
   3.9325573e-02
   7.8543440e-02
   8.5260741e-02
   5.9077241e-02
   1.5341205e-02
   8.2444564e-02
   9.9779464e-02
   1.1884555e-01
   8.8462852e-02
   7.0153140e-02
   6.8063997e-02
   3.5604451e-02
   7.3838331e-02
   7.2840683e-02
   4.4885807e-02
   1.1218321e-02
   7.2452128e-02
   8.8950597e-02
   7.2311856e-02
   7.7083729e-02
   8.4854528e-02
   8.5442871e-02
   8.4538653e-02
   2.8687160e-02
   2.3741383e-02
   3.3608943e-02
   6.4595230e-02
   8.1389494e-02
   7.3968746e-02
   3.4374952e-02
   3.0169964e-02
   1.8855173e-02
   2.3390081e-02
   3.3016384e-02
   3.0275440e-02
   5.3038377e-02
   6.3109271e-02
   5.7869773e-02
   8.2585424e-02
   5.4190103e-02
   2.9607803e-02
   8.2920991e-02
   3.1054201e-02
   1.7765990e-02
   3.3319969e-02
   5.9987031e-02
   6.6968955e-02
   3.1201525e-02
   5.2252311e-02
   4.2248879e-02
   6.9489270e-02
   5.1844701e-02
   3.9926454e-02
   1.0882994e-01
   7.7977404e-02
   5.2713010e-02
   7.1689971e-02
   3.1491697e-02
   5.7366770e-02
   6.4635195e-02
   8.2775868e-02
   8.7419964e-02
   4.7429174e-02
   3.8880941e-02
   2.9334335e-02
   2.0569352e-02
   3.1579033e-02
   7.3432669e-02
   6.8671785e-02
   1.0581705e-01
   1.0814758e-01
   5.4643918e-02
   9.6046194e-02
   8.7686889e-02
   5.8846030e-02
   5.4079868e-02
   5.2194223e-02
   3.4493808e-02
   3.9964989e-02
   8.0085307e-02
   5.0514683e-02
   5.4278396e-02
   2.9486805e-02
   2.9031349e-02
   1.3236753e-02
   1.1730407e-02
   6.8118975e-02
   9.7455144e-02
   9.3944304e-02
   9.8152280e-02
   4.2165667e-02
   8.5484289e-02
   1.0009244e-01
   9.9111304e-02
   4.5894645e-02
   5.2823905e-02
   6.5761901e-02
   6.1359316e-02
   8.4401913e-02
   9.6576102e-02
   9.3419783e-02
   5.2139089e-02
   5.1028904e-02
   9.6306868e-02
   6.3965887e-02
   6.9439426e-02
   6.8635397e-02
   5.0505627e-02
   6.0751773e-02
   3.7111983e-02
   1.0316201e-01
   1.2336452e-01
   9.4313465e-02
   8.1842475e-02
   8.0038808e-02
   6.9618277e-02
  -1.5876722e-03
   5.2585483e-02
   6.0007665e-02
   7.9734445e-02
   5.6513079e-02
   9.3550548e-02
   6.6860095e-02
   7.1564093e-02
   3.4156650e-02
   5.4133367e-02
   5.4985464e-02
   7.7025697e-02
   4.7002174e-02
   5.1100336e-02
   3.5993498e-02
   6.7365170e-02
   8.3938375e-02
   8.3145328e-02
   8.6230569e-02
   6.8538800e-02
   1.0600060e-01
   1.0518523e-01
   7.0747472e-02
   4.6958353e-02
   1.4041703e-02
   3.2305684e-02
   5.3945526e-02
   3.2825794e-02
   6.6395372e-02
   5.7134368e-02
   3.1138847e-02
   2.8488880e-02
   8.3942361e-02
   9.4275415e-02
   4.5340169e-02
   2.8911229e-02
   4.2428978e-02
   7.0666507e-02
   3.9603990e-02
   2.8112140e-02
   6.1438695e-02
   4.1275252e-02
   5.3124893e-02
   3.0414730e-02
   3.6872633e-02
   6.7798458e-02
   5.8108676e-02
   3.1777970e-02
   2.9646210e-02
   2.7105074e-02
   2.6633102e-02
   3.6450975e-02
   1.7472791e-02
   4.1098330e-02
   7.5808637e-02
   9.8930277e-02
   1.3809027e-02
   4.7913808e-02
   6.3483141e-02
   3.8827371e-02
   3.0984502e-02
   5.7338025e-02
   8.2909554e-02
   5.8695193e-02
   7.0181206e-02
   4.1224182e-02
   6.8060279e-02
   2.2584874e-02
   3.9653998e-02
   2.4937375e-02
   5.3199299e-02
   3.4960475e-02
   5.9877139e-02
   2.2031225e-01
   2.8820592e-01
   1.8755381e-01
   1.3173018e-01
   1.1074592e-01
   6.2805332e-02
   5.5767223e-02
   8.1724904e-02
   3.6987673e-02
   3.9966358e-03
   2.1381890e-02
   7.0006713e-02
   5.0631102e-02
   6.5374918e-02
   8.7950982e-02
   7.2058707e-02
   7.1828634e-02
   3.7886988e-02
   4.7940921e-02
   4.1276865e-02
   1.8565992e-02
   3.5911899e-02
   8.0486618e-02
   9.1287382e-02
   4.3398269e-02
   4.0681273e-02
   3.3296708e-02
   5.1488746e-02
   6.5784045e-02
   9.5887065e-02
   7.0865899e-02
   4.0790517e-02
   4.4675373e-02
   4.7624629e-02
   7.8942120e-02
   4.6062719e-02
   6.7039274e-02
   4.8393101e-02
   9.4639383e-02
   4.7687139e-02
   6.1912932e-02
   8.8837318e-02
   1.1387515e-01
   9.7312339e-02
   5.5948932e-02
   3.4882244e-02
   2.3582390e-02
   2.9493667e-02
   5.2584313e-02
   4.5051772e-02
   1.9878797e-02
   5.7788566e-02
   6.1474767e-02
   7.9458930e-02
   1.3007955e-01
   8.8544227e-02
   6.8459094e-02
   2.9935230e-02
   4.5386061e-02
   1.5590616e-02
   2.9943395e-02
   4.9960293e-02
   5.3905711e-02
   5.3368118e-02
   2.3559388e-02
   2.8249351e-02
   5.6517996e-02
   5.3931613e-02
   7.9632051e-02
   4.1467205e-02
   4.7818892e-02
   7.9032369e-02
   7.6507337e-02
   4.8253149e-02
   3.5187576e-02
   3.4834549e-02
   3.4198131e-02
   5.9149384e-02
   3.6404949e-02
   1.9059023e-02
   1.3391711e-02
   4.9546558e-02
   5.2511133e-02
   3.1284068e-02
   5.3609543e-02
   9.8175213e-02
   7.2086304e-02
   9.0868771e-02
   6.0309224e-02
   1.0134954e-01
   4.9008604e-02
   1.2729481e-02
   5.3738214e-02
   5.1676869e-02
   6.8895251e-02
   6.8630271e-02
   3.3275396e-02
   4.5827601e-02
   8.1600785e-02
   9.3647629e-02
   9.9884145e-02
   6.4980112e-02
   5.3125262e-02
   6.9371738e-02
   9.2694297e-02
   7.1672395e-02
   4.4809505e-02
   4.5899116e-02
   4.1990545e-02
   2.7471615e-02
   5.9856884e-02
   5.2678172e-02
   2.8272526e-02
   7.0669837e-03
   2.3502337e-02
   2.0283407e-02
   6.2386781e-02
   8.0215000e-02
   4.6561252e-02
   7.1304336e-02
   5.1200453e-02
   2.7246367e-02
   2.1334715e-02
   6.1674286e-02
   9.0458132e-02
   9.0060942e-02
   6.7269437e-02
   6.7472234e-02
   6.9560058e-02
   4.8194613e-02
   7.2805464e-02
   9.5676489e-02
   2.9891390e-02
   4.7242884e-02
   5.0626703e-02
   1.0379440e-01
   1.0562435e-01
   8.8216543e-02
   7.1628071e-02
   3.9315999e-02
   4.4775520e-02
   3.8348008e-02
   1.8694699e-02
   2.0869607e-02
   1.5217422e-02
   2.5245387e-02
   5.6251105e-02
   4.5028985e-02
   5.7191040e-02
   2.4367429e-02
   3.9029323e-02
   7.0233338e-02
   9.4831116e-02
   3.2126658e-02
   3.3076376e-02
   3.3010449e-02
   5.7300035e-02
   4.0936522e-02
   1.8402960e-02
   7.3543660e-02
   7.3880926e-02
   3.3867266e-02
   1.3634676e-02
   3.5822723e-02
   6.3050836e-02
   7.1817376e-02
   5.6869276e-02
   5.5384651e-02
   4.6929415e-02
   6.2396545e-02
   7.5846575e-02
   7.4628279e-02
   5.3475007e-02
   3.3205055e-02
   4.7805469e-02
   6.6125944e-02
   6.3729718e-02
   4.8452072e-02
   4.1149858e-02
   7.5519472e-02
   7.6023944e-02
   3.3841316e-02
   3.2000985e-02
   6.6177800e-02
   3.8684431e-02
   6.0179614e-02
   5.2777056e-02
   6.3379973e-02
   4.9598727e-02
   6.1475661e-02
   2.8943837e-02
   1.2087957e-02
   3.8948957e-02
   5.5835221e-02
   4.4855129e-02
   6.8370484e-02
   5.1410221e-02
   2.1534350e-02
   3.9107222e-02
   6.0764026e-02
   4.5555845e-02
   6.6209160e-02
   5.9116989e-02
   4.1388039e-02
   6.8226233e-02
   9.6531898e-02
   8.9811206e-02
   7.0070133e-02
   4.7357265e-02
   4.4043902e-02
   5.2477445e-02
   3.9778780e-02
   3.3431999e-02
   4.0603954e-02
   9.8322019e-02
   7.8433543e-02
   3.6775332e-02
   5.2502308e-02
   5.0965514e-02
   5.3333230e-02
   1.0451889e-01
   8.4609129e-02
   5.1044922e-02
   5.2272819e-02
   9.0418905e-02
   6.0487024e-02
   8.5014291e-02
   7.9185501e-02
   3.3984866e-02
   7.0715286e-02
   8.9301489e-02
   9.8100379e-02
   1.1000106e-01
   9.0853095e-02
   5.7761140e-02
   2.5109494e-02
   1.4471301e-02
   4.6638958e-02
   2.0722158e-02
   4.3284804e-02
   5.6795310e-02
   5.6406412e-02
   6.1760139e-02
   9.1764674e-02
   5.8329392e-02
   5.2028950e-02
   6.4312220e-02
   5.3408593e-02
   5.9253082e-02
   3.3679623e-02
   2.7518675e-02
   4.6384934e-02
   4.0874775e-02
   3.6748555e-02
   8.2646303e-02
   2.4236811e-02
   3.3472192e-02
   5.2334078e-02
   3.2536317e-02
   2.5793277e-02
   7.1467295e-02
   4.3578502e-02
   2.0951739e-02
   2.4532316e-02
   4.2012256e-02
   4.0220685e-02
  -3.5055180e-03
   3.9895810e-02
   3.9333269e-02
   2.9732715e-02
   5.7717260e-02
   7.3936708e-02
   4.1161902e-02
   4.3712370e-02
   3.8964562e-02
   5.7798948e-02
   6.0596850e-02
   7.8695536e-02
   1.2079720e-01
   8.6658120e-02
   4.5335889e-02
   1.4243471e-02
   5.4439638e-02
   8.6593382e-02
   4.3766618e-02
   3.8177978e-02
   6.8502754e-02
   7.4498676e-02
   8.9014515e-02
   6.7678533e-02
   5.4893203e-02
   7.6674871e-02
   4.5174781e-02
   3.6958680e-02
   3.5101082e-02
   1.8161813e-02
   4.9666762e-02
   9.1951869e-02
   2.9071365e-02
   5.4414857e-02
   5.1477239e-02
   3.0011825e-02
   2.5297131e-02
   5.9054535e-02
   4.0306833e-02
   2.4139144e-02
   8.5747652e-02
   4.5713823e-02
   4.7510251e-02
   7.3220931e-02
   6.7014664e-02
   3.4087367e-02
   5.4335415e-02
   7.7244893e-02
   5.0604999e-02
   5.9092980e-02
   8.4153146e-02
   2.2879122e-02
   6.2409874e-02
   3.3738490e-02
   5.9290748e-02
   6.1431009e-02
   1.0723379e-01
   1.1879430e-01
   1.2526096e-01
   1.1308561e-01
   5.8065601e-02
   5.3335186e-02
   7.2984248e-02
   9.1039561e-02
   7.1102329e-02
   7.1214624e-02
   1.2858032e-01
   1.0199227e-01
   6.5353617e-02
   1.9848501e-02
   5.9170902e-02
   5.4333646e-02
   6.2601514e-02
   8.3830126e-02
   1.3679303e-02
   1.7891508e-02
   4.2422436e-02
   7.0964910e-02
   3.9667152e-02
   6.2476750e-02
   1.3259204e-01
   1.3332683e-01
   9.5173359e-02
   9.0902731e-02
   3.7140895e-02
   2.3509072e-02
   2.1127477e-02
   3.3133354e-02
   6.9225706e-02
   8.3023168e-02
   8.3874397e-02
   3.4170348e-02
   3.1655710e-02
   6.6733368e-02
   1.0255109e-01
   5.4622605e-02
   2.4143927e-02
   2.6433643e-02
   5.5128530e-02
   5.7377819e-02
   3.7264064e-02
   6.7983583e-02
   4.5372207e-02
   7.8348339e-02
   6.0223915e-02
   1.5052737e-02
   3.4914073e-02
   7.5270399e-02
   7.1925454e-02
   6.4727396e-02
   6.8201482e-02
   8.6392544e-02
   6.9846950e-02
   7.7522486e-02
   7.3489994e-02
   6.2858433e-02
   2.2887431e-02
   1.7293865e-02
   6.1741933e-02
   4.5992389e-02
   4.1228391e-02
   3.8265206e-02
   6.2058739e-02
   4.3957628e-02
   6.4380102e-02
   4.1637570e-02
   3.5209529e-02
   4.2314432e-03
   4.5523115e-02
   5.6278557e-02
   2.8085932e-02
   5.0991662e-02
   4.6451561e-02
   5.3428393e-02
   1.0324911e-01
   9.7173505e-02
   7.8394733e-02
   6.6529378e-02
   1.0476555e-01
   4.9984828e-02
   6.4453177e-02
   7.4237682e-02
   5.1570233e-02
   4.1880216e-02
   4.4639774e-02
   4.5670073e-02
   3.0677080e-02
   6.4605251e-02
   6.2649667e-02
   5.2976064e-02
   5.3547651e-02
   6.3413665e-02
   3.1671517e-02
   2.2674553e-02
   1.2572652e-01
   2.3811752e-01
   2.4507391e-01
   1.7303684e-01
   1.4590628e-01
   8.7790444e-02
   8.3281003e-02
   2.8619796e-02
   5.0237287e-02
   1.1739895e-01
   9.2234433e-02
   5.2591138e-02
   7.2087809e-02
   5.9012376e-02
   7.6724648e-02
   1.0324837e-01
   2.0167437e-01
   1.9373633e-01
   1.6971675e-01
   8.5084312e-02
   2.5378317e-02
   4.3555368e-02
   2.8174024e-02
   1.3827915e-01
   3.0018711e-01
   4.2702201e-01
   2.3373759e-01
   9.8124281e-02
   7.9668522e-02
   8.9898281e-02
   4.1148312e-02
   2.0984460e-02
   5.1674921e-02
   4.7665972e-02
   5.6912970e-02
   5.2042764e-02
   1.1777386e-01
   9.6790858e-02
   4.5670632e-02
   7.2870240e-02
   7.9518892e-02
   2.2422124e-02
   3.3727456e-02
   6.1422288e-02
   3.7852973e-02
   1.8890558e-02
   1.1997796e-02
   1.6991803e-02
   4.0277902e-02
   5.2194063e-02
   7.1223199e-02
   4.8440959e-02
   2.7021572e-02
   3.5303615e-02
   3.0835947e-02
   8.1488140e-02
   1.3345410e-01
   1.6585571e-01
   1.3851926e-01
   6.3828632e-02
   6.0391044e-03
   3.5281688e-02
   8.1886947e-02
   6.6921227e-02
   4.4674136e-02
   3.3465415e-02
   2.6884407e-02
   4.3714281e-02
   7.3649742e-02
   6.9082595e-02
   5.8952257e-02
   2.3788847e-02
   4.9379509e-02
   7.2074719e-02
   1.0265782e-01
   8.7871410e-02
   7.6877400e-02
   7.1976855e-02
   3.8524471e-02
   2.5698086e-02
   3.2920968e-02
   4.9717322e-02
   4.8873235e-02
   2.9183630e-02
  -5.9104078e-03
   7.2467752e-02
   8.6827919e-02
   1.1307618e-01
   7.1985781e-02
   6.9283143e-02
   5.3185180e-02
   2.8353183e-02
   4.1235086e-02
   9.9347599e-02
   1.1686043e-01
   1.1782402e-01
   2.8236676e-02
   1.3448299e-02
   2.2656858e-02
   7.1375236e-02
   1.2507215e-01
   1.4700595e-01
   9.6465357e-02
   3.8175296e-02
   2.7297633e-02
   4.1695345e-02
   8.1673384e-02
   1.9034936e-01
   5.4005224e-01
   7.7966893e-01
   6.1868292e-01
   2.7814987e-01
   5.5535924e-02
   3.3142921e-02
   1.0430232e-02
   9.9871419e-02
   1.5760419e-01
   1.2803330e-01
   1.0285977e-01
   1.5277378e-01
   1.8676327e-01
   9.9528976e-02
   5.4097429e-02
   2.2068615e-01
   3.1540519e-01
   2.4821739e-01
   1.4382085e-01
   8.3849698e-02
   7.0889868e-02
   3.4094628e-02
   6.2661044e-02
   6.4214684e-02
   3.3597175e-02
   1.6202383e-02
   4.6822306e-02
   1.1277407e-01
   1.2740481e-01
   1.0015706e-01
   1.0426357e-01
   8.4308028e-02
   5.4716893e-02
   4.8945062e-02
   3.8130574e-03
   2.7752822e-02
   1.7864158e-02
   4.8926629e-02
   4.9636096e-02
   9.3777426e-02
   9.9766679e-02
   8.7515980e-02
   1.1100485e-01
   9.9271715e-02
   9.2061318e-02
   5.9410751e-02
   5.8453262e-02
   1.2884530e-01
   1.3266160e-01
   1.8193947e-01
   1.2708664e-01
   9.0886474e-02
   7.7061348e-02
   5.7896841e-02
   5.6545217e-02
   6.2492851e-02
   7.1056344e-02
   2.7283328e-02
   2.3917941e-02
   3.8391899e-02
   3.9784323e-02
   5.6809645e-02
   1.1212890e-01
   9.8993845e-02
   1.3953828e-02
   7.2450630e-02
   6.4676046e-02
   2.6578151e-02
   5.0222576e-02
   8.0137432e-02
   3.9007388e-02
   8.2755275e-02
   8.0825798e-02
   4.6019960e-02
   5.8532458e-02
   6.1332207e-02
   7.7146657e-02
   9.9436373e-02
   3.7071165e-02
   3.1875461e-02
   9.0209477e-02
   1.4156856e-01
   1.1031809e-01
   8.0682479e-02
   6.6759355e-02
   3.5782233e-02
   4.3822255e-02
   5.5853579e-02
   8.4283188e-02
   1.6619954e-01
   2.7760163e-01
   2.7298200e-01
   1.9932695e-01
   2.2176148e-01
   1.6250411e-01
   1.1289851e-01
   2.6727784e-01
   2.5597596e-01
   1.4451319e-01
   2.6180589e-01
   6.2127095e-01
   7.4814349e-01
   3.8219425e-01
   2.1573028e-01
   2.7152315e-01
   2.5817227e-01
   2.5901607e-01
   1.8876360e-01
   1.0015494e-01
   6.5803953e-02
   5.9103362e-02
   4.3940898e-02
   5.8332078e-02
   1.1748906e-02
   1.7609911e-03
   4.1136354e-02
   2.0674270e-02
   2.6824655e-02
   8.0261901e-02
   5.5029891e-02
   9.5228162e-03
   3.7833028e-02
   7.4693590e-02
   1.3769553e-02
   6.8269469e-02
   3.8323548e-02
   3.1233804e-02
   4.9038954e-02
   5.5219244e-02
   4.9788021e-02
   6.6053517e-02
   1.3633847e-01
   8.9213692e-02
   8.7960027e-02
   1.1255869e-01
   1.6475707e-01
   1.8230754e-01
   1.4302208e-01
   3.0354314e-02
   6.9223210e-02
   1.1794609e-01
   7.4594550e-02
   1.2013533e-01
   9.6398264e-02
   1.2037548e-01
   1.7054079e-01
   1.9105351e-01
   1.1167812e-01
   5.6990936e-02
   7.7391207e-02
   8.8440880e-02
   9.5818810e-02
   7.1131773e-02
   1.7471787e-02
   4.5793783e-02
   9.8043844e-02
   5.6306168e-02
   3.1042831e-02
   6.4013675e-02
   5.3394679e-02
   4.1596774e-02
   8.9220487e-02
   1.9906671e-01
   2.3891348e-01
   1.7210551e-01
   1.0634100e-01
   2.1982763e-02
   8.1024598e-03
   4.6465669e-02
   1.1772247e-01
   8.8693872e-02
   6.8017013e-02
   8.8172123e-02
   1.7580730e-01
   9.0942398e-02
   8.2932360e-02
   9.9972501e-02
   4.7896679e-02
   3.0140849e-02
   4.2877942e-02
   5.1381689e-02
   6.4436004e-02
   6.8473168e-02
   2.8207781e-02
   5.6327984e-02
   6.8844266e-02
   3.5436407e-02
   2.4171978e-02
   7.7680133e-02
   1.3948891e-01
   1.3801442e-01
   1.0163570e-01
   8.4924296e-02
   4.5849863e-02
   8.8534921e-02
   7.3318847e-02
   5.4621596e-02
   1.3711659e-02
   4.2997986e-02
   4.5273840e-02
   3.9516326e-02
   4.8253682e-02
   3.8879100e-02
   5.3837243e-02
   4.3759245e-02
   9.8680004e-02
   8.1722379e-02
   9.0454593e-02
   9.9230558e-02
   5.3145684e-02
   4.2455148e-02
   1.7456701e-03
   5.0853752e-02
   6.8480045e-02
   6.3260198e-02
   4.2984225e-02
   1.2747262e-01
   1.3097003e-01
   5.9243634e-02
   2.3826048e-02
   8.3356053e-02
   7.4138530e-02
   6.8076476e-02
   3.1563692e-02
   7.1038067e-02
   1.1751024e-01
   1.4252113e-01
   1.7709403e-01
   8.4254406e-02
   7.1173184e-02
   1.7785658e-01
   2.4567956e-01
   2.2208208e-01
   1.3247575e-01
   3.4749529e-01
   6.2796575e-01
   4.9052030e-01
   1.9145830e-01
   1.0440116e-01
   1.0966822e-01
   1.5302972e-01
   1.8184260e-01
   1.2303315e-01
   9.2624240e-02
   8.5344739e-02
   3.3772614e-02
   9.0618066e-02
   1.0182170e-01
   9.0162620e-02
   5.0923705e-02
   4.7535479e-02
   6.3275151e-02
   1.0441856e-02
   3.3164486e-02
   9.9913798e-02
   7.4073508e-02
   4.1256528e-02
   1.0228220e-01
   1.2766552e-01
   9.9976465e-02
   6.9616050e-02
   7.8376159e-02
   1.0652405e-01
   3.7766099e-02
   6.8095922e-02
   1.0650527e-01
   6.2706225e-02
   8.8239670e-02
   1.1794855e-01
   1.1076382e-01
   8.4791169e-02
   5.4030091e-02
   6.9957137e-02
   6.5118030e-02
   1.3186377e-02
   1.1565777e-01
   1.4104100e-01
   1.6319473e-01
   1.5798947e-01
   1.9371520e-01
   9.2804782e-02
   5.9996773e-02
   5.7239391e-02
   3.5384100e-02
   8.4370852e-02
   6.5398768e-02
   7.5253248e-02
   7.7502593e-02
   2.8609643e-02
   1.2931494e-02
   2.6720205e-02
   9.3301880e-04
   8.0912374e-02
   8.2438163e-02
   2.8275510e-02
   9.3250901e-02
   7.6421618e-02
   7.4081913e-02
   2.6654635e-02
   5.3038470e-02
   6.1883792e-02
   7.6026998e-02
   7.9104848e-02
   8.5690051e-02
   6.1682619e-02
   8.9667737e-02
   6.5732501e-02
   1.3265179e-02
   7.8337435e-03
   8.2008414e-02
   1.0891041e-01
   7.0860945e-02
   5.6909855e-02
   9.3988344e-02
   4.2090669e-02
   6.6959009e-02
   8.1108779e-02
   4.7055349e-02
   5.3216476e-02
   9.8288529e-02
   3.0834934e-02
   5.3988971e-02
   1.0067426e-01
   1.4315456e-01
   7.3545091e-02
   4.7883801e-02
   8.2251593e-02
   7.2643310e-02
   9.9673323e-02
   9.2605576e-02
   6.5143295e-02
   7.6761588e-02
   2.2491770e-02
   5.7685811e-02
   1.0145876e-01
   3.1838053e-01
   4.7648904e-01
   3.3546975e-01
   2.2658733e-01
   1.2440928e-01
   6.8618611e-02
   3.7913185e-02
   1.8668639e-02
   4.1317035e-02
   6.0916897e-02
   1.0021693e-01
   1.7581749e-01
   1.1537632e-01
   7.4695088e-02
   9.2012264e-02
   5.1135957e-02
   1.7100522e-02
   2.3696534e-02
   9.4342418e-03
   4.4923875e-02
   5.4997616e-02
   5.9616167e-02
   6.7393608e-02
   4.4024616e-02
   1.5958596e-03
   2.8223205e-02
   4.6912521e-02
   6.2815584e-02
   4.5788255e-02
   4.0125128e-02
   3.0042993e-02
   4.7292359e-02
   1.1022820e-01
   1.8471237e-01
   2.0512426e-01
   1.5173899e-01
   1.2434062e-01
   6.5678388e-02
   6.7856498e-02
   9.5822968e-02
   4.4432927e-02
   1.1296028e-02
   7.0737321e-03
   8.4813960e-02
   1.4893544e-01
   1.7132895e-01
   1.6549177e-01
   9.4290987e-02
   5.9849691e-02
   5.9138283e-02
   2.5467396e-02
   6.4133495e-02
   1.5946034e-01
   1.6155435e-01
   1.3724609e-01
   6.3586451e-02
   7.4473523e-02
   1.2959823e-01
   7.3586948e-02
   1.7182002e-02
   2.9940430e-02
   2.2919096e-02
   6.4141259e-02
   1.3972639e-01
   2.6870406e-01
   1.9366007e-01
   8.3232231e-02
   6.2520757e-02
   5.2383877e-02
   4.8903987e-02
   4.6008620e-02
   2.7028617e-01
   6.3706219e-01
   6.0193849e-01
   4.7408587e-01
   3.3208314e-01
   3.6499381e-01
   3.2384384e-01
   2.3837344e-01
   1.4787623e-01
   4.6192043e-02
   3.3217803e-02
   3.7217951e-01
   1.4316365e+00
   2.6386361e+00
   2.2918715e+00
   1.2886260e+00
   5.4017216e-01
   1.1757536e-01
   1.2433244e-01
   1.2099830e+00
   7.3084917e+00
   1.5592400e+01
   1.5589046e+01
   9.0030174e+00
   3.4200521e+00
   1.0533246e+00
   2.3547089e-01
   4.0785756e-02
   5.9493002e-02
   1.4907281e-01
   1.2117748e+00
   2.7288539e+00
   2.9087653e+00
   2.1240916e+00
   9.4569421e-01
   3.0692324e-01
  -3.5977650e-02
   2.4133610e-02
   2.1665172e-01
   3.9050761e-01
   6.2778413e-01
   7.4282008e-01
   7.1385956e-01
   3.4875149e-01
   1.2660077e-01
   2.1094546e-02
   1.6100494e-02
   6.8017602e-02
   1.3803379e-01
   1.6648498e-01
   2.0117080e-01
   2.1194522e-01
   2.6053315e-01
   4.5592353e-01
   4.2260477e-01
   2.7586216e-01
   7.6642923e-02
   1.4792394e-02
   9.7298443e-02
   1.3510607e-01
   1.6430552e-01
   5.2117251e-02
   1.1818780e-01
   8.3970435e-02
   5.1107842e-02
   8.3449692e-02
   4.5991339e-02
   1.0644922e-01
   1.5722351e-01
   1.3766393e-01
   6.1935574e-02
   1.2624305e-01
   7.9292879e-02
   1.0664828e-01
   1.0459769e-01
   4.1035131e-02
  -1.1640923e-02
   8.0037192e-03
   8.3845526e-02
   1.1507706e-01
   9.6695591e-03
  -4.1006442e-02
  -3.4484997e-02
   1.1475885e-02
   6.8138234e-02
   2.9587922e-01
   4.7720745e-01
   3.3306840e-01
   2.1959096e-01
   6.4038724e-02
   1.0654861e-02
   3.7221617e-01
   1.1630759e+00
   1.3158087e+00
   8.6023074e-01
   3.5251889e-01
   1.3653752e-01
   1.8812294e-01
   3.6663312e-01
   4.6039566e-01
   3.4957966e-01
   1.9627936e-01
   2.3581818e-01
   1.5227030e-01
   2.1050826e-01
   9.9323463e-01
   2.2027247e+00
   2.5411167e+00
   1.5144804e+00
   5.6938130e-01
   1.9185932e-01
   7.8227885e-02
   2.2622734e-02
  -1.2106749e-03
   2.3015587e-02
   1.7138179e-01
   4.2498130e-01
   4.7242215e-01
   3.5501614e-01
   1.7857729e-01
   9.5002510e-02
   7.3058218e-02
   7.5429887e-02
   9.7916715e-02
   1.1457921e-01
   1.0711153e-01
   1.3541365e-01
   1.5040940e-01
   3.3726826e-02
   6.3442186e-02
   7.3902868e-02
   8.1413753e-02
   5.8925424e-02
   1.6647115e-02
   3.9211009e-02
   5.2285843e-02
   9.4544508e-02
   1.2529704e-01
   1.0929305e-01
   1.3421007e-01
   1.2893984e-01
   5.6677856e-02
   5.2066375e-02
   1.1320114e-01
   1.4299862e-01
   7.0495501e-02
   4.6691138e-02
   1.0861050e-01
   6.7810364e-02
   7.4902177e-02
   6.3935541e-02
   7.7762812e-02
   1.1513056e-01
   2.4410874e-01
   2.2006512e-01
   1.0616796e-01
   1.2962531e-01
   5.9103802e-02
   4.6625588e-02
   6.6363603e-02
   1.1110197e-01
   1.5129381e-01
   1.5658303e-01
   1.6000123e-01
   1.4757727e-01
   4.2373527e-02
  -8.0361282e-03
   6.3973904e-02
   9.6543312e-02
   2.1175009e-01
   2.4862984e-01
   1.6790856e-01
   1.3636488e-01
   8.2564116e-02
   1.4507633e-01
   3.9746654e-01
   4.9125272e-01
   4.6290311e-01
   2.0456405e-01
  -5.5146613e-03
   5.8226239e-02
   4.7878325e-01
   1.4890647e+00
   2.0174706e+00
   1.4126327e+00
   8.4207267e-01
   3.0315477e-01
   7.9900704e-02
   8.3405900e-01
   2.6385987e+00
   4.2461653e+00
   3.7228785e+00
   2.1799245e+00
   1.1185921e+00
   5.5153656e-01
   2.7309993e-01
   2.1016522e-01
   3.3602896e-01
   3.9818794e-01
   6.3515896e-01
   7.8622133e-01
   6.9190300e-01
   4.7505081e-01
   3.5525137e-01
   2.2253969e-01
   1.5870260e-01
   1.2269686e-01
   1.1618868e-01
   1.6365974e-01
   2.0302412e-01
   2.1033016e-01
   1.8747327e-01
   6.1368976e-02
   1.0966365e-01
   1.5170883e-01
   7.6476097e-02
   8.3402328e-02
   1.0533131e-01
   1.0195052e-01
   1.9440429e-01
   1.7130813e-01
   9.9257104e-02
   1.2269063e-01
   8.8495709e-02
   9.2549801e-02
   1.2979832e-01
   1.3406724e-01
   4.2357702e-02
   8.0780968e-02
   1.3794112e-01
   9.2114411e-02
   4.9046025e-02
  -2.4004037e-02
   4.8217338e-02
   4.0898371e-02
   8.3399430e-02
   7.9519056e-02
   5.0329346e-02
   3.6829799e-02
   6.2594928e-02
   1.0856772e-01
   8.5015841e-02
   1.1539593e-01
   7.2970957e-02
   1.4057219e-01
   2.2340344e-01
   1.9044559e-01
   2.0409134e-01
   1.2268788e-01
   3.1798203e-02
   1.1781995e-02
   3.3824179e-02
   8.6401299e-02
   1.4361444e-01
   1.1683439e-01
   1.5118968e-01
   5.5329174e-02
   3.0980529e-02
   1.0445846e-01
   1.2613693e-01
   5.9928261e-02
   2.7012702e-02
   1.2875409e-02
   7.3383562e-02
   1.3763742e-01
   2.9126832e-01
   4.6443701e-01
   4.4060650e-01
   3.3334583e-01
   5.3450618e-02
   3.3112552e-02
   1.3145268e-01
   4.0068281e-01
   6.9697231e-01
   7.3768902e-01
   5.3866059e-01
   3.0896139e-01
   1.8115456e-01
   9.3068391e-02
   4.3655220e-02
   1.2624554e-01
   2.8278786e-01
   2.9734382e-01
   3.0515504e-01
   2.2767010e-01
   2.0362581e-01
   1.7237972e-01
   7.4692495e-02
   5.5391043e-02
   1.2038644e-01
   1.9155081e-01
   9.7033553e-02
   9.5739059e-02
   9.3536519e-02
   1.2263756e-01
   1.2760800e-01
   6.3928969e-02
   4.8739519e-02
   1.8789243e-02
   4.9240641e-02
   2.8192716e-02
   2.4741372e-02
   6.6428147e-02
   5.7419229e-02
   6.8979621e-02
   6.2950514e-02
   4.2097297e-02
   2.7657152e-05
   6.5518335e-02
   5.0973892e-02
   1.0112047e-01
   8.0375440e-02
   1.1495226e-01
   7.6909862e-02
   6.9205716e-02
   4.7381558e-02
   1.6085960e-02
   5.6131780e-03
   8.3839439e-02
   1.0374347e-01
   1.5032145e-01
   1.9506045e-01
   1.4340696e-01
   1.3667864e-01
   5.0602794e-02
   6.2054627e-02
   7.7062815e-02
   9.6299805e-02
   9.5708989e-02
   7.5969875e-02
   7.5936198e-02
   5.8787066e-02
   6.1175093e-02
   3.1414073e-02
   4.2604581e-02
   7.0295304e-02
   5.4702036e-02
   6.3068554e-02
   4.5348041e-02
   1.4336308e-02
   6.9071665e-02
   8.9754969e-02
   6.4242564e-02
   1.2041638e-01
   8.1012540e-02
   1.1169955e-02
   5.5081751e-02
   7.6609887e-02
   1.3394552e-01
   1.9851577e-01
   1.7685945e-01
   4.5944847e-02
   4.7928520e-02
   6.2864475e-02
   1.0182727e-01
   2.5344011e-01
   2.6084867e-01
   1.6568446e-01
   1.4463137e-01
   7.0953421e-02
   8.5255019e-02
   7.1071781e-02
   2.0581806e-01
   2.5355667e-01
   1.6035013e-01
   1.2935427e-01
   1.0777626e-01
   1.0724198e-01
   1.1936003e-01
   1.7068161e-01
   1.0990684e-01
   6.5778993e-02
   1.0154830e-01
   6.5854765e-02
   1.3713486e-01
   2.0226523e-01
   2.0123515e-01
   3.1384468e-01
   1.9378251e-01
   7.1330674e-02
  -8.0350228e-04
   6.6407993e-02
   2.8410056e-01
   4.6453723e-01
   4.2121762e-01
   1.1610220e-01
  -1.3044885e-02
  -9.4819693e-03
   8.1616662e-02
   6.5413833e-01
   1.6128926e+00
   1.8223411e+00
   1.3029691e+00
   6.0709339e-01
   1.6736767e-01
   6.7411184e-02
   2.3001377e-01
   5.8983332e-01
   5.9202337e-01
   4.7552466e-01
   4.9202806e-01
   3.0894476e-01
   1.8884398e-01
   1.2653285e-01
   1.7371818e-01
   2.9276952e-01
   1.6332367e-01
   9.4675280e-02
   5.3887263e-02
   1.4877133e-01
   1.0055809e-01
   4.6664551e-02
  -3.5539237e-03
   4.5118108e-02
   3.3967905e-02
   2.5254309e-02
   9.8270871e-02
   4.7308613e-02
   4.9997091e-02
   3.4748692e-02
   5.7787146e-02
   8.3147280e-02
   1.0499427e-01
   7.5626351e-02
   7.5302951e-02
   5.5854019e-02
   1.1000730e-02
   4.0159605e-02
   7.5962193e-02
   1.3369465e-01
   1.2326431e-01
   1.1936244e-01
   1.1000241e-01
   1.6361494e-01
   1.2254264e-01
   1.4420031e-01
   2.1913260e-01
   2.0815326e-01
   1.1114944e-01
   9.2477776e-02
   1.0122974e-01
   1.6119806e-02
   5.9307691e-02
   1.7320912e-01
   1.6178332e-01
   1.4113975e-01
   1.6551395e-01
   1.1536563e-01
   1.3071056e-02
   3.6883276e-02
   4.3098319e-02
   9.6061766e-02
   2.0331115e-01
   1.6216987e-01
   9.6612170e-02
   1.0082889e-01
   1.4488505e-01
   1.1081312e-01
   5.8461003e-02
   1.1379635e-01
   1.0964204e-01
   1.2268904e-01
   7.2683491e-02
   8.4612481e-02
   1.0020700e-01
   1.3651221e-01
   3.5518680e-02
   4.4014178e-02
   4.3490790e-02
   1.5600741e-02
   1.3608286e-01
   3.4886888e-01
   4.5121768e-01
   2.9004398e-01
   1.3075829e-01
   8.1913762e-02
  -1.7419726e-02
   9.6544370e-02
   1.7425686e-01
   1.8546222e-01
   2.3122118e-01
   2.1882699e-01
   1.8375242e-01
   2.0888063e-01
   1.3787223e-01
   1.7896105e-01
   1.9573146e-01
   2.2005954e-01
   2.0621686e-01
   2.0598614e-01
   3.1755367e-01
   2.6220205e-01
   1.7107113e-01
   4.3450978e-02
  -1.5870363e-02
   8.9815147e-02
   3.1690764e-01
   3.3378160e-01
   3.3709860e-01
   3.0152681e-01
   1.3871667e-01
   9.3386501e-02
   2.5156793e-01
   4.9430549e-01
   6.2242824e-01
   6.2835133e-01
   3.6725289e-01
   8.2204290e-02
   9.8657668e-02
   3.3761808e-01
   6.8155634e-01
   8.2708317e-01
   8.5143542e-01
   8.6400253e-01
   6.6254783e-01
   4.7352481e-01
   9.0520132e-01
   1.5253280e+00
   1.5270729e+00
   1.0142881e+00
   4.6211466e-01
   9.9007435e-02
   3.7484968e-01
   1.4216884e+00
   2.3169458e+00
   1.9590040e+00
   1.1399677e+00
   4.5813215e-01
  -1.4565300e-02
   5.0000846e-01
   3.3141317e+00
   7.2058067e+00
   8.0281134e+00
   5.2162371e+00
   2.0777864e+00
   7.1476609e-01
   6.5739471e-01
   2.2377057e+00
   3.9683559e+00
   3.8860819e+00
   2.9480400e+00
   2.1799855e+00
   1.5554726e+00
   1.1212065e+00
   1.6347165e+00
   1.9584280e+00
   1.7892801e+00
   1.1967934e+00
   9.9807179e-01
   5.7889378e-01
   6.8972325e-01
   1.2103207e+00
   1.2198679e+00
   8.1454748e-01
   5.2819759e-01
   3.3688164e-01
   3.4223258e-01
   3.3080336e-01
   2.2575936e-01
   1.1092140e-01
   1.9954698e-01
   2.8711671e-01
   2.6897714e-01
   2.8619608e-01
   1.4475887e-01
   2.7027354e-01
   3.1930476e-01
   2.2707875e-01
   1.3247769e-01
   8.7336823e-02
   4.0919539e-02
   8.8762768e-02
   2.0890388e-01
   1.6582671e-01
   4.8041478e-02
   6.0778901e-02
   1.6978687e-01
   1.1034127e-01
   1.4565365e-01
   9.6610799e-02
   4.9992844e-02
   6.1990183e-02
   3.7447870e-02
   5.7811733e-02
   1.8217185e-01
   3.7760815e-01
   3.8083342e-01
   2.3738234e-01
   7.9489149e-02
   4.5571603e-02
   1.3253751e-01
   2.8898674e-01
   5.7507014e-01
   5.3272486e-01
   3.2514638e-01
   1.9370730e-01
   2.1375047e-01
   2.7008802e-01
   3.1717679e-01
   3.0667242e-01
   1.5706465e-01
   1.3506730e-01
   2.7962598e-01
   5.3718263e-01
   5.9730631e-01
   3.5313174e-01
   1.3139266e-01
   2.2837432e-02
  -6.5964021e-02
   4.2522320e-01
   1.3267705e+00
   1.9231610e+00
   1.4905176e+00
   7.5586134e-01
   1.7436498e-01
  -3.5909194e-02
   2.0004484e-01
   6.3896054e-01
   9.0985495e-01
   7.5325334e-01
   5.9181303e-01
   3.5798463e-01
   2.1506801e-01
   2.5168359e-01
   4.3377465e-01
   4.6200442e-01
   2.6323327e-01
   2.5410923e-01
   1.8102871e-01
   1.3131462e-01
   2.1486466e-01
   3.8149282e-01
   3.5125655e-01
   2.3372100e-01
   1.0367606e-01
   6.3381486e-02
   1.0712323e-01
   1.5921812e-01
   1.2212066e-01
   1.3786215e-01
   1.0480740e-01
   7.8473337e-02
   1.1422686e-01
   3.2462317e-01
   3.5777083e-01
   3.4289971e-01
   2.2746411e-01
   7.9604901e-02
   1.5442600e-02
   1.2520163e-01
   9.8448783e-02
  -2.5038704e-02
   1.1643355e-01
   1.4242738e-01
   9.5752135e-02
   9.7885512e-02
   1.5394777e-01
   1.4969626e-01
   1.2272404e-01
   5.9372604e-02
   7.8129336e-02
   8.2948215e-02
   1.0626196e-01
   1.6634224e-01
   1.6903043e-01
   1.4462839e-01
   6.3012004e-02
   2.6095924e-03
   1.3462825e-03
   3.2485627e-02
   1.7826134e-01
   2.7220768e-01
   3.4860468e-01
   3.0794075e-01
   1.8545333e-01
   1.3554285e-01
   1.2895782e-01
   1.0620260e-01
   3.0041662e-01
   9.5369852e-01
   1.5766628e+00
   1.3443128e+00
   8.9716697e-01
   4.2947891e-01
   1.7538646e-01
   1.9213173e-01
   4.0268508e-01
   5.8155549e-01
   6.8951130e-01
   1.1211489e+00
   1.1629094e+00
   8.6082435e-01
   3.3981964e-01
   1.4084422e-02
  -3.9124945e-03
   1.6149439e-01
   4.5360956e-01
   5.0590551e-01
   4.2544994e-01
   2.2196959e-01
   1.2873715e-01
   7.4219286e-02
   8.7887861e-02
   1.2998594e-01
   1.6107947e-01
   1.0661244e-01
   1.8945360e-01
   1.1527415e-01
   1.7991719e-01
   1.7283891e-01
   1.9294633e-01
   1.2137324e-01
   1.0559597e-01
   9.1248825e-02
   7.5132906e-02
   3.2116260e-02
   1.0224404e-01
   1.0330925e-01
   6.2145121e-02
   2.5898516e-02
  -1.3171727e-02
   1.1797930e-01
   1.3924679e-01
   1.8513985e-01
   1.4092368e-01
   4.5858495e-02
   9.8212101e-03
   6.9603451e-02
   4.9279071e-02
   8.0157042e-02
   6.7843065e-02
   1.2043672e-01
   9.3768112e-02
   7.0422180e-02
   8.1925191e-02
   1.2185922e-01
   1.0304780e-01
   7.2339691e-02
   9.9842019e-02
   6.6616744e-02
   1.0474575e-01
   1.0349552e-01
   1.2618753e-01
   1.4546253e-01
   1.3591728e-01
   1.1110654e-01
   8.2003698e-02
   1.2119569e-01
   6.9765098e-02
   1.0972938e-01
   1.6921401e-01
   8.0699354e-02
  -5.6952559e-03
   3.9692502e-02
   6.8040140e-02
   8.9667700e-02
   8.3924152e-02
   1.8721433e-01
   2.2252350e-01
   2.1146642e-01
   1.6900352e-01
   1.0994743e-01
   9.5584065e-02
   1.0108916e-01
   1.4070861e-01
   1.4751109e-01
   1.7671871e-01
   3.0587491e-01
   3.2104602e-01
   2.6071811e-01
   1.2146215e-01
   2.3178682e-02
   2.5366724e-02
   1.8456648e-01
   1.6645408e-01
   1.8275368e-01
   1.2926489e-01
   4.2221058e-02
   9.3099497e-02
   9.6933007e-02
   5.6793313e-02
   4.8135441e-02
   6.0456146e-02
   2.0406181e-03
   5.6210402e-02
   9.1402851e-02
   1.5641518e-01
   1.6274862e-01
   9.9916339e-02
   3.4918275e-02
   7.5634472e-02
   4.7883689e-02
   6.0192868e-02
   7.7438906e-02
   9.5981643e-02
   9.9183410e-02
   2.9884188e-02
   3.4561884e-02
   5.4311816e-02
   1.1198729e-01
   1.3492146e-01
   4.1636851e-02
   4.0384319e-02
   9.4906688e-02
   8.6171038e-02
   1.1259048e-01
   1.4292271e-01
   9.3261518e-02
   7.7180423e-02
   6.7843288e-02
   1.3180879e-01
   8.1377804e-02
   4.8850421e-02
   1.1052227e-01
   1.1318575e-01
   9.4683371e-02
   9.0255260e-02
   9.7771518e-02
   9.4366454e-02
   9.3134828e-02
   1.3328160e-01
   9.0082541e-02
   4.3957166e-02
   4.2230021e-03
   3.4499869e-02
   2.8026804e-02
   4.1833878e-02
   1.1144393e-01
   1.0004444e-01
   8.1441373e-02
   4.8993062e-02
   5.4102518e-02
   7.5327247e-02
   8.8181235e-02
   3.8563173e-02
   6.7906588e-02
   1.1935766e-01
   9.8609351e-02
   9.9413522e-02
   6.5632313e-02
   6.3123517e-02
   9.5486403e-02
   7.8351729e-02
   1.0504162e-01
   1.5339771e-01
   1.4441901e-01
   5.0927836e-02
   4.6176512e-02
   8.8682277e-03
   7.7313490e-02
   8.0830500e-02
   1.2941846e-01
   7.4633986e-02
   5.7346158e-02
   1.3114001e-01
   8.4340058e-02
   7.5475119e-02
   9.8616235e-02
   7.6125331e-02
   7.6104894e-02
   2.6296504e-02
   9.2377424e-02
   7.7085070e-02
   2.6958095e-02
   9.4454840e-02
   1.4340851e-01
   7.8409500e-02
   5.1156424e-02
   7.9688057e-02
   7.7693425e-02
   9.2026599e-02
   8.5882537e-02
   9.5686741e-02
   5.1895484e-02
   4.8009127e-02
   6.5600976e-02
   5.6976955e-02
   2.1364518e-02
   5.4976225e-02
   3.4497324e-02
   8.1748247e-02
   6.2709369e-02
   6.4467460e-02
   8.1289567e-02
   1.2449100e-02
   3.8509738e-02
   6.5490775e-02
   1.8139070e-02
   1.2706971e-02
   7.1239926e-02
   1.1167458e-01
   7.7291317e-02
   4.8656598e-02
   4.7869962e-02
   4.3824274e-02
   3.9034776e-02
   3.6794215e-02
   2.1831637e-02
   2.0772818e-02
   5.1706597e-02
   4.2233724e-02
   4.5322958e-02
   5.9513971e-02
   3.9467636e-02
   4.9981385e-02
   7.2289549e-02
   7.8868106e-02
   5.3568620e-02
   1.8210292e-02
   6.8964660e-02
   9.4468325e-02
   7.9841949e-02
   5.5256043e-02
   8.1306562e-02
   6.3483573e-02
   8.0583781e-02
   8.9578964e-02
   9.1847509e-02
   5.3141329e-02
   4.7808647e-02
   5.1590871e-02
   5.7421695e-02
   4.6408884e-02
   1.0005498e-01
   2.3832651e-02
   2.9841281e-02
   8.7490089e-02
   6.6083051e-02
   4.9367927e-02
   4.0116880e-02
   4.0597085e-02
   1.0127176e-01
   5.8443114e-02
   3.8222767e-02
   1.9106651e-02
   7.3696651e-02
   5.5562608e-02
   5.9570521e-02
   5.5366904e-02
   1.0446393e-01
   4.8078217e-02
   4.5307107e-02
   2.3373440e-02
   5.1672805e-02
   9.4966419e-02
   5.5901155e-02
   7.3798418e-02
   9.5071331e-02
   7.7659458e-02
   3.8484540e-02
   5.7527497e-02
   3.5940114e-02
   5.8822788e-02
   1.0041394e-01
   3.8218774e-02
   3.9640814e-02
   5.9817415e-02
   4.1293375e-02
   7.1480528e-02
   8.2529932e-02
   8.0567457e-02
   6.4938247e-02
   4.3284588e-02
   2.1839011e-02
   3.8622949e-02
   5.2669570e-02
   4.8565704e-02
   5.4385945e-02
   6.5363944e-02
   8.6879894e-02
   1.0368428e-01
   7.5290613e-02
   6.1066329e-02
   7.5584404e-02
   4.6061486e-02
   7.9951115e-02
   4.9053974e-02
   4.0637922e-02
   6.7977302e-02
   7.4589290e-02
   3.6786456e-02
   2.7957229e-02
   3.7850421e-02
   3.0735979e-02
   3.6106654e-02
   1.1365058e-01
   1.0548045e-01
   7.0946164e-02
   7.9499178e-02
   6.9354706e-02
   1.7725803e-02
   1.3961778e-02
   1.6570210e-02
   3.5584643e-02
   5.5865150e-02
   9.2011586e-02
   1.0746945e-01
   8.2828514e-02
   8.0066688e-02
   8.9469649e-02
   5.6192897e-02
   3.4086592e-02
   7.5924031e-02
   1.5030929e-01
   2.5910610e-01
   2.7639773e-01
   1.3961850e-01
   1.1787818e-01
   7.2535135e-02
   4.1992784e-02
   8.0522835e-02
   1.5334475e-01
   1.5222545e-01
   1.0321879e-01
   9.5875934e-02
   4.0349837e-02
   4.8910417e-02
   1.2384031e-01
   7.5408943e-02
  -1.0915393e-02
   3.9146665e-02
   7.0712999e-02
   4.7224808e-02
   4.2161301e-02
   1.9466877e-02
   1.4265364e-02
   7.9159409e-02
   1.0947811e-01
   1.6466670e-01
   1.6764030e-01
   8.6715817e-02
   6.2850267e-02
  -5.4611644e-04
   3.6232188e-02
   1.1607132e-01
   9.9312045e-02
   7.4784316e-02
   6.7016751e-02
   8.6536199e-02
   7.4321955e-02
   9.6136980e-02
   4.2965550e-02
   3.8497701e-02
   8.3690450e-02
   3.9563913e-02
   5.4017385e-03
   2.8983885e-02
   2.8383553e-02
   9.7246677e-02
   1.0390797e-01
   8.7716170e-02
   5.0028451e-02
   2.3613622e-02
   2.6000123e-02
   1.5245053e-01
   1.8273823e-01
   2.4835271e-01
   1.7040944e-01
   1.3209547e-01
   1.1208416e-01
   1.4102823e-01
   1.2826194e-01
   1.0345250e-01
   1.2397287e-01
   9.9980503e-02
   3.0047917e-01
   5.8139127e-01
   8.2049125e-01
   4.8494723e-01
   2.1062849e-01
   3.1215271e-02
   2.3171559e-01
   1.4864209e+00
   3.4855022e+00
   3.6440160e+00
   2.2718937e+00
   1.0429481e+00
   3.1950471e-01
   4.1884765e-01
   9.4544017e-01
   1.1764287e+00
   1.1762199e+00
   1.2189592e+00
   1.0668466e+00
   6.1764717e-01
   2.4030167e-01
   8.5398793e-02
   1.5629421e-01
   3.9475653e-01
   5.5215979e-01
   3.8089368e-01
   2.8755653e-01
   2.2959051e-01
   7.0871435e-02
   1.0437852e-01
   4.5645222e-02
   7.0781909e-02
   1.8358925e-01
   1.4911832e-01
   1.2463914e-01
   1.4054631e-01
   4.8386589e-02
   8.2593955e-02
   3.3134364e-02
   8.2547158e-02
   1.4702705e-01
   9.6529178e-02
   9.6768215e-02
   1.3466215e-01
   5.1703360e-02
   9.8652644e-03
   6.9893852e-02
   4.0619820e-02
   8.7233968e-02
   1.2879825e-01
   8.2480066e-02
   8.5673533e-02
   1.4959078e-01
   1.2441892e-01
   5.1841918e-02
   3.6272679e-02
   4.2516708e-02
   4.5092246e-03
   9.7105592e-02
   8.8043138e-02
   3.5966545e-02
   7.0447728e-02
   8.4374711e-02
   1.0488620e-01
   1.2885614e-01
   1.0912977e-01
   2.1103187e-01
   1.6144465e-01
   6.2276497e-02
   3.6775541e-02
   6.0142256e-02
   4.1138150e-02
   9.1242362e-03
   3.5888024e-02
   3.2508053e-02
   1.4167643e-01
   2.7836320e-01
   1.4743477e-01
   6.6804692e-02
   1.0273533e-01
   1.0065181e-01
   2.2094561e-01
   4.3262157e-01
   5.5580539e-01
   4.1419262e-01
   1.4859265e-01
   4.6334896e-02
   3.4181856e-02
   1.0838018e-01
   1.9082439e-01
   1.6398001e-01
   2.2337390e-01
   1.8802550e-01
   1.2264952e-01
   5.0642598e-02
   4.7597390e-02
   2.2052100e-02
   3.6247004e-02
   7.3758699e-02
   6.6653721e-02
   8.8081539e-02
   8.8234216e-02
   3.8602203e-02
   4.9227320e-02
   4.6504389e-02
   1.7366238e-02
   6.8163455e-02
   8.8420354e-02
   4.8199303e-02
   4.5937009e-02
   2.5907386e-02
   5.7387352e-02
   5.9861865e-02
   5.2215979e-02
   9.4207734e-02
   9.4067402e-02
   6.5364823e-02
   1.1942943e-02
   2.8405787e-02
   5.2108664e-02
   7.6665774e-02
   7.8950308e-02
   8.8171251e-02
   9.7426899e-02
   7.0588000e-02
   8.5576221e-02
   5.8846924e-02
   3.8233101e-02
   4.9435064e-02
   2.6222086e-02
   5.0388310e-02
   4.4500779e-02
   7.4113004e-02
   7.0148967e-02
   4.1969329e-02
   7.2999023e-02
   6.6318415e-02
   3.2782514e-02
   7.7040672e-02
   8.5925892e-02
   1.1250111e-01
   7.2608605e-02
   8.8101469e-02
   2.7425190e-02
   3.8484139e-03
   7.0227630e-02
   5.7466924e-02
   6.4225413e-02
   7.6015390e-02
   7.3881380e-02
   4.9202226e-02
   8.8377364e-02
   7.5772882e-02
   4.3742333e-02
   8.5555770e-02
   1.1123958e-01
   1.6611186e-01
   1.7704919e-01
   8.9798912e-02
   3.8794242e-02
   3.4832690e-02
   8.1172504e-02
   8.6686537e-02
   9.4254673e-02
   1.2075209e-01
   5.8505923e-02
   4.4821218e-02
   8.5412070e-02
   5.6192763e-02
   2.2551928e-02
   8.0769703e-02
   8.2685433e-02
   4.8459783e-02
   3.3676490e-02
   1.9940924e-02
   5.0094794e-02
   5.6168653e-02
   6.9814794e-02
   7.8769296e-02
   7.8810863e-02
   7.8193262e-02
   2.9357068e-02
   4.4957999e-02
   7.4976251e-02
   9.0565413e-02
   4.6890467e-02
   6.8625018e-02
   9.5054194e-02
   5.8019120e-02
   5.2081469e-02
   6.5311320e-02
   2.5436504e-02
   3.7896156e-02
   5.5812735e-02
   6.8558261e-02
   3.4214187e-02
  -7.9083387e-03
   3.0481514e-02
   6.4869523e-02
   4.8194468e-02
   6.5531678e-02
   5.2070908e-02
   3.5821147e-02
   4.4254486e-02
   5.2376185e-02
   2.6744805e-02
   4.9399648e-02
   6.7655951e-02
   5.0402921e-02
   1.0845254e-01
   1.2078843e-01
   7.3415622e-02
   4.8810668e-02
   3.3891283e-02
   3.2121655e-02
   2.6822677e-03
   5.6337357e-02
   3.0013865e-02
   7.5804223e-03
   7.7697985e-02
   4.4674803e-02
   4.9267810e-02
   5.8293477e-02
   6.0425647e-02
   8.0981992e-02
   1.0148463e-01
   4.8439614e-02
   5.2115433e-02
   4.5347936e-02
   4.5261379e-02
   8.7520994e-02
   7.2701640e-02
   7.3469229e-02
   7.8695923e-02
   7.5192697e-02
   2.5466897e-02
   4.9207237e-02
   7.3802404e-02
   8.1723005e-02
   5.4005187e-02
   5.6671325e-02
   2.8726235e-02
   3.4971975e-02
   1.6694460e-02
   1.8106040e-02
   3.1176711e-02
   5.8046672e-02
   4.2196013e-02
   3.7569769e-02
   3.5276055e-02
   9.7130060e-02
   7.5290330e-02
   5.4751132e-02
   2.8027179e-02
   6.8355598e-02
   7.7780530e-02
   4.4491872e-02
   4.1516289e-02
   3.8734276e-02
   3.1651910e-02
   3.8235597e-02
   7.3349312e-02
   5.3977326e-02
   2.9016314e-02
   4.7499724e-02
   3.9171636e-02
   6.4445168e-02
   8.1779957e-02
   8.2227699e-02
   2.8438220e-02
   7.3077798e-02
   5.3494737e-02
   4.7019996e-02
   5.2703869e-02
   4.6718240e-02
   4.8778471e-02
   6.3314587e-02
   4.8727978e-02
   3.8603779e-02
   5.0849434e-02
   5.8985911e-02
   2.6969768e-02
   3.3923753e-02
   2.4289140e-02
   3.7061162e-02
   7.0788756e-02
   4.0991798e-02
   5.8005314e-02
   6.2759392e-02
   3.3010487e-02
   6.0056362e-02
   7.3190637e-02
   4.8178826e-02
   3.4931540e-02
