   4.0597260e-02
   6.3490443e-02
   2.8496260e-02
   3.0466298e-02
   2.0459376e-02
   3.4779045e-03
   2.0594174e-02
   5.0340626e-02
   8.4380619e-02
   6.6313900e-02
   5.4342788e-02
   5.2171096e-02
   4.2989302e-02
   4.5803367e-04
   2.6944956e-02
   1.2425828e-02
   4.5910262e-02
   8.3932273e-02
   7.1096472e-02
   2.9856496e-02
   2.9804293e-02
   5.9030678e-02
   3.3372998e-02
   2.7943760e-02
   8.3579212e-02
   1.1189182e-01
   4.9577348e-02
   5.2883938e-02
   5.7479210e-02
   5.6716412e-02
   9.0305202e-02
   8.1238359e-02
   6.0249310e-02
   3.4076847e-02
   6.9576330e-02
   5.0381582e-02
   6.7164004e-02
   2.5620325e-02
   3.3073533e-02
   3.9142448e-02
   4.7090013e-02
   5.6263171e-02
   5.6815200e-02
   7.5778350e-02
   5.1751442e-02
   3.1036189e-02
   3.5086524e-02
   7.0122950e-02
   4.1093182e-02
   5.3097781e-02
   7.3814541e-02
   5.7173472e-02
   3.5193171e-02
   6.1930094e-02
   4.1599259e-02
   3.5755523e-02
   3.7138466e-02
   5.2983310e-02
   5.3979266e-02
   3.5703279e-02
   3.0360000e-02
   2.1960351e-03
   1.6742926e-02
   2.2188943e-02
   1.0793558e-02
   4.1026000e-02
   6.0083728e-02
   5.3403612e-02
   5.4117545e-02
   1.2830943e-02
   2.6359597e-02
   5.9914406e-02
   7.1980357e-02
   4.1924201e-02
   3.8978063e-02
   2.2053814e-02
   3.8868252e-02
   6.0214035e-02
   4.5097969e-02
   1.4743013e-02
   3.4298833e-02
   3.5855670e-02
   3.4454916e-02
   4.0254381e-02
   2.5628703e-02
   3.8117979e-02
   3.5219979e-02
   8.1494302e-02
   2.9168334e-02
   2.5935940e-02
   1.9161800e-02
   4.5177355e-02
   5.7432491e-02
   2.2030894e-02
   5.0831083e-02
   5.4709066e-02
   4.6908479e-02
   4.2304788e-02
   6.9086432e-02
   7.0534296e-02
   3.5866290e-02
   4.4937614e-02
   6.8851203e-02
   6.7434050e-02
   5.8027621e-02
   2.4034988e-02
   3.2277226e-02
   3.5776757e-02
   3.9165065e-02
   2.4560332e-02
   2.9070403e-02
   4.2539950e-02
   7.1051195e-02
   1.3676515e-01
   1.5770856e-01
   1.1351316e-01
   8.3022505e-02
   6.9571324e-02
   3.1595118e-02
   7.9672329e-02
   5.6779537e-02
   5.5386279e-02
   3.6351763e-02
   3.4095693e-02
   2.9766016e-02
   3.2691788e-02
   6.8134651e-02
   4.3875817e-02
   5.4274969e-02
   5.2965406e-02
   7.3051624e-02
   8.9078464e-02
   6.5507732e-02
   4.4879947e-02
   3.3908088e-02
   4.0177174e-02
   3.3605810e-02
   4.9803577e-02
   1.6147280e-02
   2.9490624e-02
   3.2524597e-02
   4.3163445e-02
   3.8043801e-02
   1.0909135e-02
   1.1086008e-02
   5.9730574e-02
   8.9807823e-02
   6.8301752e-02
   2.4882846e-02
   4.0534925e-02
   2.7832067e-02
   4.9952224e-02
   2.0954296e-02
   4.4678438e-02
   5.2963961e-02
   2.5220031e-02
   5.7471681e-02
   4.7481745e-02
   5.1256213e-02
   4.4873443e-02
   3.1542256e-02
   3.7012707e-02
   1.2651914e-02
   9.6363472e-03
   3.4326773e-02
   3.9267052e-02
   6.5215841e-02
   3.9738733e-02
   4.9061362e-02
   5.8994144e-02
   3.0712111e-02
   3.4816753e-02
   5.4246068e-02
   6.4070329e-02
   7.8187406e-02
   4.5484137e-02
   4.9232963e-02
   8.0170576e-03
   4.0815741e-02
   6.2057160e-02
   3.0901503e-02
   4.6035886e-02
   4.8844561e-02
   4.1591834e-02
   5.1122237e-02
   2.6612828e-02
   1.3329820e-02
   6.7277782e-02
   6.6215314e-02
   5.7069793e-02
   4.7512900e-02
   3.8214751e-02
   8.1830911e-02
   1.7273193e-02
   2.7504677e-02
   3.5233997e-02
   2.0670682e-02
   2.5515189e-02
   4.6037722e-02
   7.2350823e-03
   2.2356179e-02
   2.8094817e-02
   1.9426802e-02
   4.2689241e-02
   3.0525621e-02
   3.4012612e-02
   3.6131602e-02
   4.2331114e-02
   6.1521418e-02
   6.9977500e-02
   4.6390492e-02
   3.8273018e-02
   3.7365798e-02
   3.1070676e-02
   2.5969328e-02
   4.4394605e-02
   3.3333551e-02
   2.5487220e-02
   4.0523693e-02
   5.4341558e-02
   4.0041517e-02
   3.4445785e-02
   3.7328877e-02
   2.0248804e-02
   5.9917517e-02
   7.7039137e-02
   8.0821030e-02
   6.9480434e-02
   3.0127393e-02
   2.1496087e-02
   3.7630796e-02
   6.1969869e-02
   7.3109768e-02
   7.4857704e-02
   8.0095217e-02
   8.3027907e-02
   1.0924220e-01
   8.7654769e-02
   7.9075107e-03
   1.3791279e-04
   6.1168518e-02
   1.2261707e-01
   1.0377269e-01
   3.3862531e-02
   2.6244612e-02
   3.2365687e-02
   7.7056997e-02
   6.6083193e-02
   6.4582944e-02
   7.1222290e-02
   7.3629297e-02
   3.5892721e-02
   2.4501164e-02
   3.3972397e-02
   3.5216026e-02
   4.2437803e-02
   3.5572734e-02
   1.7491940e-02
   6.2663950e-02
   8.1361279e-02
   7.1442805e-02
   1.8932864e-02
   4.2349990e-02
   7.0871480e-02
   6.7324102e-02
   4.0603600e-02
   4.9536690e-02
   1.8515851e-02
   4.6439126e-02
   2.9252768e-02
  -6.1581526e-03
   2.1939069e-02
   4.4196788e-02
   6.5660410e-02
   9.2997409e-02
   3.6736682e-02
   6.1361294e-02
   4.6887454e-02
   3.3085722e-02
   3.1097030e-02
   4.1406814e-02
   9.2795203e-03
   4.6636225e-03
   2.8474053e-02
   2.9348630e-02
   3.4247335e-02
   3.1176817e-02
   2.2935955e-02
   1.5407133e-02
   3.0711688e-02
   3.9917149e-02
   1.9708747e-02
   3.9531928e-02
   1.0119567e-01
   7.7720806e-02
   3.6241088e-02
   9.6260481e-02
   1.0747574e-01
   7.2511986e-02
   6.3743651e-02
   7.6244757e-02
   1.2979022e-01
   6.0623869e-02
   2.4291782e-02
   5.3970397e-02
   5.7610206e-02
   8.6046286e-02
   1.0256702e-01
   6.7273058e-02
   5.1885482e-02
   3.2048903e-02
   8.4548816e-02
   1.3398105e-01
   5.5156536e-02
   3.6884252e-02
   5.2667711e-02
   4.3029521e-02
   5.0062820e-02
   1.0617210e-01
   5.4060381e-02
   5.1119074e-02
   4.7952462e-02
   5.5708714e-02
   1.7813094e-02
   3.1011237e-02
   5.3484928e-02
   4.2265296e-02
   6.5460943e-02
   5.8355246e-02
   1.7394131e-02
   4.8332933e-02
   5.0611485e-02
   2.5111962e-02
   3.3929437e-02
   6.3591816e-02
   6.7664370e-02
   5.1704846e-02
   1.6008671e-02
   4.8119243e-02
   4.8171081e-02
   3.5122197e-02
   1.3305941e-02
   6.8882950e-02
   7.9493642e-02
   8.6542994e-02
   6.5564811e-02
   8.4443368e-02
   5.6886900e-02
   2.4721466e-02
   2.0390624e-02
   4.2500864e-03
   3.4185167e-02
   3.9004471e-02
   4.8203945e-02
   6.9463059e-02
   1.8316094e-02
   1.6823048e-02
   3.1137967e-02
   1.7896915e-02
   4.0370207e-02
   6.9897495e-02
   6.0935691e-02
   2.3193400e-02
   4.6761531e-02
   2.6921410e-02
   4.4532347e-02
   3.1677011e-02
   3.6851734e-02
   4.7271810e-02
   3.2749988e-02
   2.8449005e-02
   3.9087217e-02
   5.1851481e-02
   7.1388982e-02
   2.6735438e-02
   2.8767085e-02
   7.1991637e-02
   1.7766002e-01
   1.7471369e-01
   1.2852362e-01
   8.3312184e-02
   6.0071230e-02
   7.8802377e-02
   6.3828729e-02
   9.1760479e-02
   4.3766703e-02
   4.6420179e-02
   1.1209834e-01
   5.8121547e-02
   2.5916744e-02
   2.1354105e-02
   6.2396802e-02
   8.1750974e-02
   1.2442230e-01
   6.1412152e-02
   3.4267385e-02
   3.1219296e-02
   4.3413661e-02
   6.0833342e-02
   7.1713902e-02
   8.3558567e-02
   3.5644703e-02
   1.8324944e-03
   4.1799221e-02
   5.8803760e-02
   4.5729995e-02
   5.5923709e-03
   6.0901131e-02
   5.8639523e-02
   6.2720507e-02
   7.2681852e-02
   6.1247360e-02
   3.9947547e-02
   3.6645077e-02
   7.0960961e-02
   8.9335687e-02
   5.8370955e-02
   4.2822901e-02
   1.1356737e-02
   4.9364347e-02
   5.0138056e-02
   6.9183685e-02
   5.9848700e-02
   4.3468963e-02
   7.6032571e-02
   3.9138973e-02
   5.4040149e-02
   5.5799831e-02
   4.8313696e-02
   3.0870205e-02
   3.2998547e-02
   3.9749078e-02
   5.5267490e-02
   4.8614215e-02
   6.3594021e-02
   3.4030318e-02
   2.2133332e-02
   4.6536919e-02
   2.8358269e-02
   6.9483772e-02
   4.3280788e-02
   3.1628065e-02
   6.1789718e-02
   9.1344848e-02
   5.5130236e-02
   5.5260379e-02
   4.4221260e-02
   3.5566468e-02
   4.4438347e-02
   4.2803977e-02
   4.6417464e-02
   1.3611366e-02
   3.6036290e-02
   7.8033142e-02
   4.7887139e-02
   4.5261800e-02
   6.6218816e-02
   5.4554943e-02
   5.3703379e-02
   5.5440083e-02
   5.1518705e-02
   2.7078809e-02
   6.5146737e-02
   4.3370385e-02
   3.4901969e-02
   4.9288027e-02
   1.0372234e-01
   7.5672805e-02
   2.5003348e-02
   3.1945027e-02
   8.0797285e-02
   6.6928387e-02
   5.9628144e-02
   8.6284474e-02
   7.2074413e-02
   8.8572934e-02
   5.9927735e-02
   6.4531557e-02
   6.7252599e-02
   5.0838448e-02
   4.3927312e-02
   3.6647774e-02
   5.0428227e-02
   7.7880085e-02
   5.1137909e-02
   1.2789583e-02
   4.7426336e-02
   2.7070118e-02
   2.9948162e-02
   1.0599004e-02
   5.4739498e-02
   5.2222963e-02
   5.8937337e-02
   4.8129745e-02
   6.7999631e-02
   9.7769298e-02
   9.9151887e-02
   6.0358264e-02
   8.8291511e-02
   5.4865245e-02
   3.6374047e-02
   4.4536624e-02
   8.2073346e-02
   5.9770446e-02
   1.0880747e-01
   7.9256073e-02
   9.2939816e-02
   6.9380991e-02
   4.2840421e-02
   4.7458678e-02
   6.2564090e-02
   8.6098097e-02
   5.3654160e-02
   4.5032594e-02
   5.0756089e-02
   2.8876489e-02
   5.4030508e-02
   7.3100008e-02
   3.4268953e-02
   3.8433913e-02
   3.9122514e-02
   3.7342798e-02
   3.3715546e-02
   5.4544736e-02
   5.5454675e-02
   6.1276145e-02
   7.1947120e-02
   7.8687079e-02
   5.3073887e-02
   5.6166373e-02
   6.7786932e-02
   1.0589582e-02
   8.0790639e-02
   3.6025953e-02
   4.5200191e-02
   5.7433866e-02
   4.7359582e-02
   7.8605093e-02
   1.6952468e-01
   1.2261436e-01
   7.5760573e-02
   3.5161357e-02
   5.9381250e-02
   3.9102416e-02
   3.4799322e-02
   7.3748514e-02
   6.0572702e-02
   5.6285076e-02
   2.2144958e-02
   2.9936261e-02
   3.7695356e-02
   1.7821196e-02
   2.8866841e-02
   5.2097473e-02
   5.9686504e-02
   6.4585820e-02
   5.2182503e-02
   2.2893080e-02
   4.7249883e-02
   7.9442717e-02
   8.2068093e-02
   9.4180666e-02
   1.1940579e-01
   6.0282379e-02
   2.5361961e-02
   7.8436010e-02
   4.5942698e-02
   4.7466002e-02
   7.5644620e-02
   1.6380109e-01
   9.3907036e-02
   7.6557785e-02
   2.8386507e-02
   3.1845145e-02
   5.8614440e-02
   5.5171657e-02
   5.7019897e-02
   3.4062814e-02
   3.4973223e-02
   6.8783924e-02
   1.8301269e-02
   2.3824803e-03
   4.4268481e-02
   8.8171028e-02
   9.7051047e-02
   5.1579673e-02
   2.1587223e-02
   5.3152621e-02
   1.7207772e-01
   1.3617082e-01
   1.0565821e-01
   9.6631333e-02
   7.5889215e-02
   1.9648796e-02
  -3.8489795e-03
   1.3856970e-01
   5.1782048e-01
   6.2623918e-01
   3.4531006e-01
   1.3390476e-01
   1.3919467e-01
   1.3254467e+00
   4.4232683e+00
   4.1729784e+00
   1.7388312e+00
   4.5706925e-01
   2.9128522e-01
   3.4367129e-01
   4.8333150e-01
   9.0725112e-01
   8.9284796e-01
   5.0654900e-01
   1.4943802e-01
   1.1308533e-01
   1.7758355e-01
   1.9123863e-01
   3.5437253e-01
   4.3088990e-01
   2.9527059e-01
   1.9314952e-01
   5.0173901e-02
   9.3761623e-02
   1.0975903e-01
   1.6362545e-01
   1.8064466e-01
   1.8833487e-01
   1.1034621e-01
   3.7576571e-02
   7.1764700e-02
   8.1696264e-02
   9.1064468e-02
   5.7821136e-02
   4.6955593e-02
   8.5151248e-02
   5.7621237e-02
   8.0056615e-02
   3.5352703e-02
   4.5557160e-02
   6.3039303e-02
   3.7081052e-02
   1.1732970e-02
   1.0877363e-02
   3.1634443e-02
   6.2375137e-04
   3.9624583e-02
   5.7268966e-02
   5.3507529e-02
   8.4348097e-02
   1.6088121e-01
   1.8657292e-01
   8.0815248e-02
   7.6684609e-02
   3.3045104e-01
   4.2231181e-01
   1.9402641e-01
   1.0115989e-01
   4.7403496e-02
   7.9484165e-02
   8.4423341e-02
   9.0258673e-02
   1.0493560e-01
   2.0002213e-01
   4.2617577e-01
   4.8737404e-01
   2.3262830e-01
   3.7125967e-02
   4.6117641e-03
   1.2569850e-02
   1.5570593e-02
   9.5536135e-02
   7.9957493e-02
   3.6187198e-02
   1.9694027e-02
   3.5099834e-02
   5.5575788e-02
   2.6694890e-02
   1.3541847e-02
   2.4649657e-02
   2.2864629e-02
   2.1607801e-02
   3.0830000e-02
   3.5520509e-02
   4.4162169e-02
   3.2050326e-02
   2.8908512e-02
   2.9973609e-02
   4.7366709e-02
   3.7026387e-02
   1.4449690e-02
   1.9921094e-02
   1.3470965e-02
   5.2113321e-02
   1.6665304e-02
   3.0279057e-02
   9.4766058e-02
   4.8823725e-02
   4.0451396e-02
   4.5691725e-02
   4.2664222e-02
   6.1872274e-02
   6.5942161e-02
   6.2427692e-02
   6.4709388e-02
   7.6571271e-02
   6.8529822e-02
   5.7836652e-02
   8.2905568e-02
   1.1928338e-01
   1.1512172e-01
   3.6707394e-02
   2.5342744e-02
   1.1034614e-01
   1.5575169e-01
   8.4058709e-02
   5.7422232e-02
   1.1385109e-01
   3.9216754e-01
   5.2861780e-01
   2.7177203e-01
   6.6134945e-02
   2.2995424e-01
   9.0275693e-01
   1.1807008e+00
   6.3277346e-01
   2.5617304e-01
   1.3504559e-01
   1.9930641e-01
   2.4084617e-01
   2.2473693e-01
   2.6759970e-01
   1.5332659e-01
   9.4696552e-02
   1.2075255e-01
   7.0153408e-02
   6.9134317e-02
   9.3523614e-02
   1.3549833e-01
   1.5125790e-01
   3.0637326e-02
   1.8480007e-02
   6.4590387e-02
   6.2065583e-02
   6.1330378e-02
  -4.8024724e-03
  -1.2187119e-02
   6.0142409e-02
   8.4052317e-02
   4.8255499e-02
   4.8390362e-02
   4.5561511e-02
   3.5499152e-02
   2.1097301e-02
   3.0531771e-02
   3.7639968e-02
   7.6041050e-02
   5.1245529e-02
   2.6514841e-02
   1.0463884e-02
   1.4836639e-02
   4.9765069e-02
   6.1432756e-02
   8.7415367e-02
   3.9021727e-02
   2.4611969e-02
   7.3986262e-02
   4.4138856e-02
   3.3391915e-02
   9.9738874e-02
   4.2829789e-02
   4.6627052e-02
   4.1471843e-02
   1.0154694e-01
   7.2174273e-02
   5.3630695e-02
   3.9508417e-02
   1.4638422e-01
   1.4126821e-01
   7.6211557e-02
   2.4434511e-02
   6.2076144e-02
   1.5166242e-01
   1.7963445e-01
   8.9873485e-02
   4.5580074e-02
   1.4157816e-02
   2.2988096e-02
   5.3817973e-02
   5.7644416e-02
   5.7192378e-02
   3.2113299e-02
   6.4643994e-02
   7.3501311e-02
   1.0876203e-01
   6.6916376e-02
   5.6527875e-02
   4.7528464e-02
   2.9083148e-02
   7.8290887e-03
   1.7626816e-02
   8.2326218e-02
   1.5525904e-01
   2.1523832e-01
   1.8789011e-01
   8.5588910e-02
   5.9899509e-02
   2.4273373e-02
  -2.3170679e-03
   2.7908811e-02
   4.2050723e-02
   2.5454007e-02
   2.7017990e-02
   5.4139178e-02
   6.4243801e-02
   7.0348181e-02
   9.5241450e-02
   5.2941568e-02
   5.1043767e-02
   3.1264223e-02
   8.5499980e-02
   7.6163441e-02
   1.9571874e-02
  -5.5259089e-03
   1.6245544e-02
   3.8102385e-02
   3.0574551e-02
   3.0805185e-02
   5.2358482e-02
   7.8338407e-02
   4.8633493e-02
   4.8689239e-02
   2.6074145e-02
   9.5566474e-03
   5.0156176e-02
   8.4404878e-02
   7.0681743e-02
   6.2180981e-03
   6.4374566e-02
   2.9314157e-02
   3.3746682e-02
   9.9880576e-02
   6.2446907e-02
   3.9615512e-02
   7.4239239e-02
   1.1355740e-01
   1.3012120e-01
   7.4771933e-02
   3.4655649e-02
   1.3091939e-02
   5.7205994e-02
   6.0779862e-02
   9.4206549e-02
   8.7870874e-02
   1.1027503e-01
   1.2802933e-01
   1.3590266e-01
   9.8214068e-02
   4.8747204e-02
   1.0961045e-01
   2.0231026e-01
   1.2543552e-01
   7.6425076e-02
   7.5022742e-02
   1.9432417e-01
   5.6438953e-01
   6.0505694e-01
   2.4264029e-01
   9.1487445e-02
   1.4871508e-01
   2.3367685e-01
   2.8186411e-01
   2.0782396e-01
   1.3211855e-01
   9.5081888e-02
   1.6193233e-01
   1.6297059e-01
   4.3940447e-02
   3.9958540e-02
   1.6809434e-02
   3.3917371e-02
   5.4820228e-02
   4.1610632e-02
   3.5801504e-02
   4.0116534e-02
   5.0144650e-02
   2.6774151e-02
   1.5880812e-02
   2.1420261e-03
   1.5253378e-02
   4.7904253e-02
   2.6309842e-02
   3.5643090e-02
   7.2126560e-02
   5.2640699e-02
   5.8639299e-02
   2.4718041e-02
   4.0976148e-02
   8.0921929e-03
   2.7805731e-02
   4.4704951e-02
   3.3146609e-02
   5.4078341e-02
   4.0934365e-02
   6.8995029e-02
   5.6624781e-02
   4.8684739e-02
   4.5785796e-02
   3.7860129e-02
   3.8277138e-02
   7.8719683e-02
   4.1362878e-02
   2.6145166e-02
   3.7785314e-02
  -3.7254749e-03
   3.8244691e-02
   4.8508547e-02
   4.0917501e-02
   6.1390676e-02
   5.4503445e-02
   2.5627978e-02
   2.8986212e-02
   5.0729834e-02
   1.3986668e-01
   6.0275335e-02
   1.7759703e-03
   5.2564714e-02
   5.1371418e-02
   8.2821488e-02
   6.8774000e-02
   8.4644496e-02
   8.6804606e-02
   1.2867415e-01
   1.0309070e-01
   4.2163614e-02
   3.8605392e-02
   1.1114610e-01
   4.5644753e-02
   4.1091360e-02
   7.0224956e-02
   7.6769896e-02
   5.8662858e-02
   7.7097215e-02
   8.4946766e-02
   1.0023245e-01
   1.4668302e-01
   1.4219913e-01
   4.7285352e-02
  -7.6027340e-03
   6.3515641e-02
   1.7460240e-01
   1.3868806e-01
   1.9241217e-01
   1.1954383e-01
   2.2092310e-01
   3.3042189e-01
   2.2993557e-01
   9.5286205e-02
   3.6427323e-02
   3.3472818e-01
   5.5855846e-01
   3.6911646e-01
   1.5800378e-01
   1.0521347e-01
   1.0505058e+00
   2.0713151e+00
   1.3831927e+00
   4.4005698e-01
   1.8314369e-01
   1.0301102e+00
   1.8264624e+00
   1.4396380e+00
   7.8662622e-01
   3.3431357e-01
   4.5730612e-01
   5.6865424e-01
   3.2220885e-01
   1.8601607e-01
   2.1365392e-01
   2.9803494e-01
   2.4487028e-01
   1.6776767e-01
   1.5823600e-01
   1.8744558e-01
   2.0919544e-01
   1.3859586e-01
   8.8077076e-02
   6.1159976e-02
   6.1115388e-02
   7.4707337e-02
   4.6770994e-02
  -1.9320125e-02
  -1.4506134e-02
   6.3269384e-02
   1.4811715e-03
   3.3918079e-02
   6.4381078e-02
   9.0824954e-02
   3.4613848e-02
   3.7479009e-02
   4.2347543e-02
  -8.8118166e-03
   3.4453154e-02
   1.3111736e-01
   1.5621482e-01
   9.5322803e-02
   1.3257702e-01
   1.5042312e-01
   1.6937618e-01
   1.3175762e-01
   1.3239233e-01
   6.1210826e-02
   7.9863168e-02
   9.7992025e-02
   6.9429547e-02
   4.1063797e-02
   5.8038842e-02
   8.5184120e-02
   7.1891800e-02
   5.2188061e-02
   1.4044487e-01
   3.8661841e-01
   3.2529625e-01
   9.8157257e-02
   9.3869098e-02
   1.2528576e-01
   1.6230924e-01
   1.6969787e-01
   1.1080499e-01
   7.0174038e-02
   1.3445540e-01
   1.3672286e-01
   1.3441508e-01
   1.1065294e-01
   5.5927049e-02
   9.9924825e-02
   1.0141619e-01
   7.4641883e-02
   2.3732707e-02
   2.7273785e-02
  -5.7457918e-03
  -1.1007929e-02
   6.0911886e-03
   3.2873873e-02
   1.0234287e-01
   1.0569771e-01
   1.3733674e-03
  -1.6476482e-02
  -1.6340619e-02
   1.5264979e-02
   1.4389204e-02
   4.8550129e-02
   6.2199630e-02
   1.4032282e-01
   1.7933732e-01
   1.0954714e-01
   6.8621360e-02
   6.2572114e-02
   4.5997418e-02
   6.0082711e-02
   4.8859898e-02
   2.1590484e-02
   4.9091306e-02
   5.0306369e-02
   5.3642664e-02
   7.7899672e-02
   6.0808461e-02
   8.6831436e-02
   1.2818885e-01
   2.8887415e-01
   4.8823029e-01
   3.7217408e-01
   1.8545760e-01
   7.1224265e-02
   1.6596195e-01
   1.9193877e-01
   3.0360481e-01
   2.8362256e-01
   1.6749218e-01
   1.0498834e-01
   1.2865476e-01
   2.1318670e-01
   2.6508102e-01
   1.7573981e-01
   9.5614590e-02
   6.1793108e-02
   4.1227948e-02
   6.9012314e-02
   1.2804872e-01
   8.6908028e-02
   5.4624137e-02
   4.6679311e-02
   4.7445416e-02
   2.9498899e-02
   2.1008901e-02
   5.1328890e-02
   4.9363989e-02
   9.0021215e-02
   2.8501239e-02
   1.0179271e-02
   1.9807290e-02
   7.3446780e-02
   2.1864874e-02
   8.6891847e-03
   1.0260710e-02
   2.1835241e-02
   2.9576492e-02
   6.9109194e-02
   5.8136154e-02
   9.2183627e-02
   6.2402770e-02
   4.9550194e-02
   9.9941105e-02
   5.2948300e-02
   4.1473273e-02
   4.3883309e-02
   8.2043126e-02
   7.1727872e-02
   4.6444803e-02
   4.7178604e-02
   4.9889211e-02
   1.9599419e-02
   5.3655185e-02
   6.2008251e-02
   7.5361446e-02
   6.0978100e-02
   1.1000262e-01
   1.1632802e-01
   1.1931863e-01
   1.3002932e-01
   8.3514452e-02
   9.2481449e-02
   1.2419856e-01
   9.7414002e-02
   6.3332804e-02
   5.5669613e-02
   6.1014354e-02
   4.2280480e-02
   3.4935076e-02
   6.2895924e-02
   7.3581353e-02
   9.1618299e-02
   5.3882733e-02
   3.1145182e-02
   8.6579040e-02
   1.2207097e-01
   1.4926763e-01
   7.6561533e-02
   3.2236613e-02
   5.2962448e-02
   4.9628053e-02
   5.8497041e-02
   5.9617594e-02
   4.2303123e-02
   6.0814773e-03
   3.7508693e-02
   6.8198338e-02
   1.4618334e-02
  -1.0944997e-03
   1.4234917e-02
   6.9214270e-02
   1.0784642e-01
   8.5783817e-02
   4.8008714e-02
   6.3020222e-02
   6.3578859e-02
   5.6941852e-02
   4.9368285e-02
   2.4578303e-02
   3.1387936e-02
   5.8444943e-02
   4.9588650e-02
   1.9425571e-02
   2.0679737e-02
   1.0101103e-02
  -1.4750537e-04
   1.7511997e-02
   4.0073290e-02
   6.2908784e-02
   6.3432656e-02
   5.7573717e-02
   4.8884906e-02
   6.2481113e-02
   2.7182264e-02
   3.4195855e-02
   6.8719916e-02
   6.1292809e-02
   7.7195413e-02
   5.7628963e-02
   4.2204056e-02
   6.9617920e-02
   6.4424776e-02
   8.7036103e-02
   5.8498800e-02
   4.0734228e-02
   2.6563065e-02
  -3.6846003e-03
   3.6595374e-02
   7.9537287e-02
   3.6700703e-02
   1.6214209e-02
   5.2103151e-02
   2.0596912e-02
   2.6493186e-02
   5.2849490e-02
   5.1398907e-02
   4.2202841e-02
   2.7039608e-02
   2.5474381e-02
   4.4949885e-02
   3.9467640e-02
   4.5844909e-02
   5.8291297e-02
   4.0775850e-02
   5.6447472e-02
   4.5206245e-02
   4.4863861e-02
   6.7571275e-02
   4.7373388e-02
   6.5610781e-02
   8.4159508e-02
   8.1896871e-02
   5.2944098e-02
   3.7168443e-02
   3.8430989e-02
   4.2882275e-02
   6.4462677e-02
   2.4791030e-02
   2.8613657e-02
   6.9758348e-02
   5.7215806e-02
   6.0532309e-02
   5.8292974e-02
   4.4634260e-02
   6.9284946e-02
   7.3499478e-02
   2.9502379e-02
   2.5879776e-02
   6.4618282e-02
   5.8089543e-02
   6.4719930e-02
   6.8797775e-02
   6.5047562e-02
   1.3331829e-02
   5.9855483e-02
   6.9098897e-02
   7.6343715e-02
   6.5998256e-02
   4.9859371e-02
   1.9817106e-02
   4.0125120e-02
   7.7264272e-02
   6.4464614e-02
   2.1660330e-02
   5.9257697e-02
   4.6923961e-02
   3.3490092e-02
   3.0720872e-03
   3.2022439e-02
   4.9072962e-02
   5.5992458e-02
   5.2263215e-02
   5.4130353e-02
   1.5686424e-02
   2.0147149e-02
   1.8456193e-02
   4.0065836e-02
   3.0348895e-02
   5.7577647e-02
   7.5413838e-02
   9.1975279e-02
   5.4402471e-02
   5.0411616e-02
   5.1808622e-02
   4.5786854e-02
   7.9277404e-02
   5.2267101e-02
   5.8758900e-02
   6.6999868e-02
   2.0564221e-02
   1.6939797e-02
   8.2087949e-02
   8.3660364e-02
   4.9295254e-02
   3.1294513e-02
   5.1802542e-02
   5.8965892e-02
   8.5189892e-03
   3.8851697e-02
   7.6388665e-02
   4.6765737e-02
   1.7127488e-02
   4.1340634e-02
   7.7174343e-02
   7.3446721e-02
   5.1993042e-02
   2.3347605e-02
   4.6323497e-02
   5.1646881e-02
   1.4140336e-01
   1.2758647e-01
   7.8977883e-02
   5.3448670e-02
   4.1252099e-02
   6.6629045e-02
   5.5183567e-02
   7.2803870e-02
   4.0946927e-02
   6.8180680e-02
   3.5243727e-02
   4.5042422e-02
   4.4175822e-02
   5.3976547e-02
   2.5187625e-02
   3.2805026e-02
   1.3383686e-02
   4.2521443e-02
   4.6852447e-02
   4.7767267e-02
   6.5303333e-02
   1.7730774e-02
   3.4242619e-02
   9.3690418e-03
   3.0669948e-02
   2.2918550e-02
   3.5151757e-02
   1.4580747e-02
   2.6474029e-02
   4.4354539e-02
   4.6266738e-02
   2.3486760e-02
   1.7451745e-02
   2.8261313e-02
   1.2129055e-02
   4.5609102e-03
   3.8028091e-02
   6.8546452e-02
   6.6064067e-02
   5.5160992e-02
   8.2344025e-02
   3.2301150e-02
   3.3699781e-02
   5.8045927e-02
   1.9451006e-01
   1.4936234e-01
   3.6865838e-02
   2.9669847e-02
   4.2965442e-01
   1.2868820e+00
   1.1531681e+00
   4.3662819e-01
   1.6700485e-01
   3.7379977e-01
   5.3814787e-01
   5.2885288e-01
   4.2031604e-01
   2.2420633e-01
   1.6783072e-01
   1.5900978e-01
   1.6130517e-01
   1.4493583e-01
   1.0383640e-01
   4.9462859e-02
   4.9809143e-02
   5.1966753e-02
   5.7985149e-02
   7.6399021e-02
   7.7731885e-02
   4.5627758e-02
   2.4725353e-02
   4.9938165e-02
   4.8146017e-02
   4.6487976e-02
   5.5513214e-02
   5.7942696e-02
   4.2411111e-02
   2.1673897e-02
   2.7526030e-02
   2.7332211e-02
   3.8461957e-02
   4.1612510e-02
   4.0975273e-02
   1.9874653e-02
   4.0788662e-02
   3.6109481e-02
   6.1308671e-02
  -5.7636872e-03
   2.7246883e-02
   1.0192817e-01
   1.1304941e-01
   1.8039646e-02
   5.7634264e-02
   5.5497386e-02
   6.6274107e-02
   5.3948935e-02
   6.0550652e-02
   3.2455839e-02
   1.3930038e-02
   5.2382540e-02
   1.8512925e-02
   1.3460048e-01
   1.7997243e-01
   1.2236250e-01
   7.0206836e-02
   6.4624771e-02
   9.0265408e-02
   7.8383937e-02
   9.9290468e-02
   8.0865905e-02
   3.3608735e-02
   3.0194419e-02
   5.2397363e-02
   7.6114647e-02
   8.7322176e-02
   3.3243205e-02
   1.2140950e-02
   2.2002699e-02
   4.4559054e-02
   2.9658401e-02
  -2.0554152e-03
   1.9878650e-02
   4.7116719e-02
   5.0499856e-02
   3.3730593e-02
   2.4037806e-02
   2.2713121e-02
   4.5766853e-02
   5.3546540e-02
   5.2948724e-02
   7.1430884e-02
   5.0604057e-02
   4.9274355e-02
   5.9128728e-02
   6.2100846e-02
   7.2331183e-02
   6.5699227e-02
   6.3293956e-02
   6.9446504e-02
   5.1841695e-02
   1.0336944e-01
   5.7449479e-02
   5.1136769e-02
   4.2767961e-02
   1.8559432e-02
   1.8784955e-02
   4.6513073e-02
   1.3297704e-02
   3.9150517e-02
   4.5910865e-02
   4.4778127e-02
   3.1836767e-02
   4.6597984e-02
   9.3245365e-02
   8.5323907e-02
   8.3384477e-02
   6.2264603e-02
   5.4484181e-02
   5.4475807e-02
   7.2584279e-02
   6.5753959e-02
   6.6609271e-02
   6.0952805e-02
   2.9854218e-02
   4.1688859e-02
   2.3113966e-02
   1.6097805e-02
   5.5047166e-02
   6.2521473e-02
   6.1512452e-02
   3.8138267e-02
   7.8041814e-02
   7.4679926e-02
   4.1265581e-02
   3.3600911e-02
   4.2837154e-02
   2.3820559e-02
   4.3735426e-02
   4.3815080e-02
   3.0706698e-02
   7.1586609e-02
   8.0111198e-02
   5.3453848e-02
   6.4909741e-02
   4.0265523e-02
   3.7899271e-02
   3.6639422e-02
   4.2830177e-02
   6.0336437e-02
   3.6198597e-02
   4.4348810e-02
   1.1634205e-02
   1.5916498e-02
   5.0472558e-02
   3.2643143e-02
   1.8316530e-02
   3.9881404e-02
   3.2683190e-02
   5.0983842e-02
   2.3947498e-02
   5.1660195e-02
   4.0169619e-02
   4.1051514e-02
   1.1476393e-02
   3.8156979e-02
   5.0490785e-02
   2.7984055e-02
   7.1830221e-02
   1.1287266e-02
   2.5267281e-02
   6.4782806e-02
   5.6180913e-02
   7.1829863e-02
   3.7603680e-02
   2.2353860e-02
   2.8753109e-02
   2.6604455e-02
   4.1919947e-02
   3.9752558e-02
   1.2166336e-02
   3.0164108e-02
   2.7719621e-02
   3.0773245e-02
   5.6499243e-02
   6.8806730e-02
   6.7996986e-02
   4.4907387e-02
   8.0155768e-02
   4.0186908e-02
   2.5550013e-02
   4.5127969e-02
   8.7856889e-02
   6.3001439e-02
   5.3542390e-02
   7.1885504e-02
   3.2933887e-02
   3.5025138e-02
   5.3475294e-02
   2.0974325e-02
   4.7342803e-02
   6.3804992e-02
   4.8068836e-02
   2.1771073e-02
   7.1929730e-03
   3.9279785e-02
   3.3096407e-02
   5.4361243e-02
   7.0098549e-02
   4.3238211e-02
   3.7365433e-02
   2.9048741e-02
   2.0912614e-02
   3.2686163e-02
   6.3407019e-02
   5.1123265e-02
   3.6936693e-02
   5.2216440e-03
   1.7113633e-02
   1.3557043e-02
   2.7337475e-02
   9.2787087e-02
   6.8780169e-02
   5.2850503e-02
   2.8646782e-02
   5.5401403e-02
   5.5734210e-02
   3.0368600e-02
   3.2726530e-02
   2.4780726e-02
   5.2899241e-02
   8.7614469e-02
   6.3379720e-02
   3.2597724e-02
   4.2590924e-02
   5.8118667e-02
   6.5779850e-02
   7.9476692e-02
   6.5670192e-02
   2.6947966e-02
   3.8392343e-02
   6.4149059e-02
   3.9234661e-02
   4.8992720e-02
   4.7294486e-02
   3.7260607e-02
   1.2759436e-02
   7.1305171e-02
   5.3683266e-02
   6.9053598e-02
   8.4021382e-02
   4.4320635e-02
   3.0549174e-02
   3.2184817e-02
   7.8757733e-02
   8.2499981e-02
   4.4461343e-02
   3.0835578e-02
   2.2876667e-02
   2.5235308e-02
   3.0095881e-02
   6.4401306e-02
   4.3612566e-02
   1.3336359e-03
   3.0523371e-02
   1.3701421e-02
   1.8834615e-02
   3.9493117e-02
   6.7188568e-02
   7.5462438e-02
   7.1584493e-02
   3.9156917e-02
   1.1655881e-02
   5.6204762e-02
   6.6523463e-02
   4.3233171e-02
   3.7014097e-02
   2.6555512e-02
   3.2293674e-02
   4.5598313e-02
   1.0191758e-02
   2.2906141e-02
   3.5991482e-02
   3.9151926e-02
   4.1020360e-02
   4.7340412e-02
   3.7787039e-02
   2.5896680e-02
   3.7381463e-02
   5.8159318e-02
   2.7537851e-02
   3.9039113e-02
   2.2153672e-02
   3.2605849e-02
   7.1162112e-02
   3.9350502e-02
   1.7436041e-02
   3.6278632e-02
   3.1850092e-02
   2.8974624e-02
   2.5920527e-02
   1.7797232e-02
   6.1428096e-02
   4.7797862e-02
   1.7503235e-02
   3.8832884e-02
   6.9851637e-02
   7.2767302e-02
   6.6585951e-02
   3.8413126e-02
   5.5815898e-02
   4.0487748e-02
   2.0658627e-02
   5.9877031e-02
   8.8899925e-02
   6.4406954e-02
   2.7288621e-02
   4.3163389e-02
   2.7762251e-02
   3.5168391e-02
   4.9795661e-02
   4.6833273e-02
   5.0396506e-02
   3.2281004e-02
   2.1804566e-02
   4.0868420e-02
   6.8823203e-02
   6.2371422e-02
   3.7538569e-02
   2.8841250e-02
   3.4289312e-02
   7.3705856e-03
   4.0340174e-02
   4.0278468e-02
   5.9829693e-02
   5.4185919e-02
   2.9765023e-02
   6.0621940e-02
   8.1816800e-02
   4.2399291e-02
   4.9130447e-02
   5.6604516e-02
   4.3440085e-02
   2.9862249e-02
   3.1130046e-02
   4.1681662e-02
   3.3938706e-02
   2.8893795e-02
   8.5334675e-03
   3.6948361e-02
   6.1916634e-02
   5.9230741e-02
   4.9821112e-02
   6.1635140e-02
   4.4949055e-02
   6.7772470e-02
   6.4775907e-02
   1.9118154e-02
   3.5958230e-02
   1.4379200e-02
   2.2154240e-02
   5.7813741e-02
   5.9388433e-02
   6.7069143e-02
   7.2516561e-02
   6.3144095e-02
   7.1282946e-02
   2.8812138e-02
   6.4802349e-02
   3.7105981e-02
   6.0765844e-02
   1.4089638e-01
   1.3926230e-01
   9.5114797e-02
   4.4111293e-02
   3.2224718e-02
   3.7443567e-02
   3.1388178e-02
   1.2550859e-02
   5.1678866e-03
   1.3815593e-02
   4.6108603e-02
   1.3669588e-02
   2.6814893e-04
   2.8207291e-02
   5.7857588e-02
   3.3501774e-02
   5.1248088e-02
   4.7912814e-02
   2.1840919e-02
   2.0817215e-02
   5.8319964e-02
   5.2361898e-02
   2.9006561e-02
   5.9111726e-02
   4.6123352e-02
   7.4555315e-02
   5.5442210e-02
   4.4310439e-02
   1.4146514e-02
   4.7906909e-02
   1.1250002e-01
   6.1259657e-02
   6.4058423e-02
   5.8343597e-02
   7.0920087e-02
   9.2713274e-02
   5.3261481e-02
   4.3155331e-02
   4.0333901e-02
   4.3965850e-02
   2.3957049e-02
   7.3136106e-02
   1.1228327e-01
   8.2955830e-02
   5.9361368e-02
   1.3988639e-02
   2.8077094e-02
   5.8126464e-02
   3.2162558e-02
   3.2317463e-02
   5.6308359e-02
   6.9186345e-02
   3.3962134e-02
   3.5695735e-02
   5.4726101e-02
   3.3265959e-02
   6.0644008e-02
   3.1296305e-02
   1.2662627e-02
   4.6340909e-02
   7.3576629e-02
   7.4033856e-02
   5.8022298e-02
   1.5764009e-02
   1.9678704e-02
   7.3782653e-02
   6.5713316e-02
   7.2559565e-02
   6.6714980e-02
   4.3774933e-02
   8.5019715e-02
   3.8548511e-02
   1.2690859e-02
   3.8459260e-02
   3.1538643e-02
   2.5368068e-02
   6.1010998e-02
   3.5545886e-02
   2.4277486e-02
   2.3208175e-02
   5.5340286e-02
   5.9071165e-02
   3.6018901e-02
   3.1611830e-02
   3.7088469e-02
   4.5835931e-02
   4.7472350e-02
   5.5893473e-02
   3.8434833e-02
   2.0136340e-02
   4.7263343e-02
   5.2164618e-02
   2.9724928e-02
   3.3840198e-02
   4.2706184e-02
   5.6958165e-02
   3.6561530e-02
   6.8566422e-03
   2.2637160e-02
   2.4839412e-02
   4.0135987e-02
   2.1759152e-02
   3.3557173e-02
   6.1178531e-02
   4.4485345e-02
   3.9150454e-02
   5.9979361e-02
   7.0073321e-02
   6.0811076e-02
   3.6691710e-02
   4.0730931e-02
   1.9341100e-02
   2.8814401e-02
   3.0102016e-02
   2.9406415e-02
   3.6567383e-02
   2.7939787e-02
   2.7360145e-02
   3.3061784e-02
   2.6883071e-02
   1.9031985e-02
   4.2323366e-02
   3.4162626e-02
   4.1115329e-02
   3.6794931e-02
   4.6955224e-02
   5.4889396e-02
   2.3450511e-02
   2.9477604e-02
   2.1800391e-02
   1.8814690e-02
   1.5912428e-02
   2.5669446e-02
   4.0905133e-02
   7.0870697e-02
   6.1551347e-02
   5.9274819e-02
   3.2709301e-02
   8.3560877e-02
   7.1353436e-02
   5.5715896e-02
   1.7124055e-02
   2.9072097e-02
   3.4022998e-02
   1.4191265e-02
   6.0474381e-02
   8.7696455e-02
   6.1986800e-02
   3.3178300e-02
   2.3327278e-02
   5.3432900e-02
   5.0402705e-02
   1.6144374e-02
   3.3826549e-02
   3.9635539e-02
   3.3403091e-02
   5.3681906e-02
   6.9694795e-02
   4.3317422e-02
   1.7941481e-02
   2.1283392e-02
   6.6861622e-02
   4.4865813e-02
   4.3411795e-02
   3.1437110e-02
   5.2317481e-02
   6.7638360e-02
   4.5374535e-02
   3.3332843e-02
   4.2203743e-02
   4.2450294e-02
   5.4681953e-02
   3.3888604e-02
   6.1065510e-02
   5.4467872e-02
   5.2923683e-02
   5.1270146e-02
   3.3151001e-02
   3.5987671e-02
   2.4145933e-02
   1.6240178e-02
   3.3242371e-02
   2.9776249e-02
   4.7958963e-02
   4.5539185e-02
   6.7650430e-02
   6.5123513e-02
   3.1038200e-02
   8.7594902e-03
   3.9172288e-02
   4.3200221e-02
   4.6447992e-02
   3.1256694e-02
   2.7072029e-02
   1.6556222e-02
   2.9552404e-02
   5.5171654e-02
   3.2312997e-02
   2.2395901e-02
   2.1158818e-02
   5.0364416e-02
   1.6639961e-02
   1.7465780e-02
   3.6679626e-02
   3.5429627e-02
   1.3839972e-02
   1.9712169e-02
   2.9552896e-02
   3.8015228e-02
   5.1438335e-02
   1.9794099e-02
   2.8641203e-02
   5.3441944e-03
   3.2149725e-02
   3.7872702e-02
   4.7848683e-02
   3.1317011e-02
   1.7667307e-02
   5.0005060e-02
   3.7742276e-02
   5.6651387e-02
   3.2773133e-02
   5.6468707e-02
   5.9957139e-02
   3.8354266e-02
   2.3291156e-02
   4.7946442e-02
   4.4988129e-02
   4.0146377e-02
   3.1270746e-02
   2.8897056e-02
   4.6001244e-02
   6.1444957e-02
   4.6791159e-02
   2.8051140e-02
   6.1531324e-02
   3.8711682e-02
   4.1903444e-02
   2.4467088e-02
   1.5453198e-02
   6.0804770e-03
   3.0868689e-02
   2.7452616e-02
   2.6111282e-02
   3.1240465e-02
   4.5835476e-02
   4.3501522e-02
   1.9336170e-02
   3.1823784e-02
   2.7641807e-02
   2.0261640e-02
   3.5262369e-02
   5.1592533e-02
   1.5681598e-02
   2.9346153e-02
   4.1067429e-02
   4.0367104e-02
   3.0201703e-02
   3.0277399e-02
   2.8391680e-02
   4.6220880e-02
   3.8342386e-02
   2.3412153e-02
   4.4078175e-02
   3.3343170e-02
   1.3136359e-02
   1.8553061e-02
   2.8438194e-02
   3.5763636e-02
   4.3020513e-02
   2.6756555e-02
   5.6168795e-02
   8.2557738e-02
   4.1610595e-02
   5.7519399e-02
   8.1296444e-02
   3.5225715e-02
   2.6310546e-02
   6.2297743e-02
   5.5138398e-02
   4.3514710e-02
   2.4527736e-02
   3.9182831e-02
   8.5860807e-03
   8.9891599e-03
   3.3611219e-02
   3.5221379e-02
  -1.7538654e-03
   3.4686889e-02
   5.6049641e-02
   6.7919292e-02
   6.7974895e-02
   3.2172319e-02
   4.7062751e-02
   4.2469230e-02
   5.9470713e-02
   4.2226255e-02
   1.3154570e-02
   3.3121318e-02
   2.4134967e-02
   7.7753342e-03
   3.0607326e-02
   7.3698491e-02
   6.7650743e-02
   3.8312532e-02
   2.9773021e-02
   5.1403303e-02
   6.8248540e-02
   8.4868982e-02
   6.3845679e-02
   2.8573070e-02
   3.1313576e-02
   2.5316704e-02
   4.3548200e-02
   2.7238434e-02
   2.5579553e-02
   2.9269505e-02
   3.6849655e-02
   4.0209007e-02
   5.3981829e-02
   1.1940436e-02
   4.6850756e-02
   5.0561454e-02
   8.7517187e-02
   5.6369875e-02
   4.1666590e-02
   7.0716307e-02
   5.3798530e-02
   1.3487358e-02
   4.7727693e-03
   1.3919656e-02
   2.7557557e-02
   2.0905210e-02
   2.3958677e-02
   3.7942354e-02
   3.4365688e-02
   4.2293299e-02
   2.0057611e-02
   7.0028484e-02
   7.7223308e-02
   4.2239942e-02
   4.5556173e-02
   3.7513375e-02
   9.5484294e-03
   6.5323887e-03
   1.7960461e-02
   9.4014198e-02
   1.3089985e-01
   1.1359831e-01
   5.3972278e-02
   8.1452420e-03
   4.8311785e-02
   6.4481623e-02
   4.9517360e-02
   3.3983272e-02
   5.3293698e-02
   3.0743377e-02
   2.4169974e-02
   1.3877464e-02
   7.2128177e-03
   6.1164331e-02
   7.0961587e-02
   5.2628994e-02
   4.2563070e-02
   3.3350028e-02
   2.8671613e-02
   2.2173956e-02
   3.4396835e-02
   3.2138731e-02
   1.7949359e-02
   2.5486488e-02
   7.8594752e-02
   5.1729612e-02
   5.3883452e-02
   3.9610855e-02
   5.0874490e-02
   5.0154470e-02
   1.9087119e-02
   3.7350368e-02
   5.2034743e-02
   6.9356225e-02
   4.0244393e-02
   4.4983771e-02
   2.0474825e-02
   1.9859511e-02
   3.1510592e-02
   2.2838870e-02
   4.8070710e-02
   2.6298504e-02
   1.7807717e-02
   3.7854943e-02
   3.9882571e-02
   9.0473577e-02
   5.4172333e-02
   5.1911462e-02
   3.7338957e-02
   3.8202789e-02
   4.7194872e-02
   4.2693466e-02
   4.0363558e-02
   1.6735835e-02
   1.0696863e-02
   3.6708120e-02
   5.0758954e-02
   2.1480743e-02
   3.3517569e-02
   2.4597449e-02
   3.5004701e-02
   5.8973078e-02
   3.4350552e-02
   5.2779108e-02
   4.2317986e-02
   5.8629155e-02
   5.8434982e-02
   3.5669181e-02
   3.2924324e-02
   3.6442120e-02
   2.2821303e-02
   1.0674943e-02
   4.4454802e-02
   1.1157633e-01
   1.8741593e-01
   1.5501681e-01
   1.4187591e-01
   7.1528129e-02
   2.0665677e-02
   7.7103777e-03
   1.9502398e-02
   5.5940446e-02
   6.0891129e-02
   6.1811823e-02
   4.9788613e-02
   2.3931596e-02
   5.5208083e-02
   3.5784539e-02
   4.6842419e-02
   1.3243605e-01
   2.1292761e-01
   1.2932891e-01
   9.9061720e-02
   1.1117543e-01
   6.0950302e-02
   5.9738688e-02
   9.0404972e-02
   2.3919551e-01
   3.1758863e-01
   2.0397614e-01
   1.0940545e-01
   5.1056877e-02
   2.1832829e-02
   4.5634300e-02
   5.2855413e-02
   3.8560107e-02
   1.7390620e-02
   4.8989531e-02
   9.3438625e-02
   9.3052104e-02
   4.7663655e-02
   4.9769916e-02
   2.2220647e-02
   2.3079550e-02
   2.4328025e-02
   2.8127730e-02
   3.4526307e-02
   7.1754366e-02
   4.4558298e-02
   3.4536470e-02
   3.9786156e-02
   3.7365440e-02
   7.0030615e-02
   1.5898891e-02
   5.0120790e-02
   3.5540391e-02
   3.1654023e-02
   3.4232132e-02
   4.0673915e-02
   8.3955251e-02
   9.8019995e-02
   8.3974779e-02
   6.9069311e-02
   2.3802176e-02
  -9.7058192e-03
   1.8888567e-02
   4.0461268e-02
   7.0989490e-02
   6.2821664e-02
   6.7830361e-02
   5.2820101e-02
   3.2973651e-02
   2.2223912e-02
   5.3291623e-02
   3.1307027e-02
   4.0150117e-02
   3.7496407e-02
   6.6635132e-02
   8.2772776e-02
   3.1614602e-02
   2.3858216e-02
   3.8320556e-02
   1.7472723e-02
   5.0875481e-02
   7.3512927e-02
   5.7519894e-02
   2.8192841e-02
   1.5336510e-02
   3.9431103e-02
   6.5394968e-02
   6.5450899e-02
   3.9231218e-02
   6.1496776e-02
   5.0333146e-02
   2.9289752e-02
   5.2919727e-02
   4.5244846e-02
   5.0416615e-02
   4.5860104e-02
   6.0999598e-02
   7.4337617e-02
   1.1712183e-03
   1.6379865e-02
   3.9542809e-02
   5.0775178e-02
   5.7768155e-02
   5.2839186e-02
   4.7848310e-02
   5.3069789e-02
   4.0828966e-02
   9.2610300e-02
   2.5375706e-01
   3.2382974e-01
   3.0466264e-01
   1.3431592e-01
   8.2860768e-02
   2.5820985e-02
  -1.7470825e-03
   4.3145347e-02
   8.2159422e-02
   6.3188456e-02
   3.5673954e-02
   5.4089967e-02
   5.0535697e-02
   2.7673332e-02
   6.8085775e-02
   1.3705024e-01
   2.8778219e-01
   2.8538433e-01
   1.7163487e-01
   9.1025181e-02
   8.3111353e-02
   4.9258105e-02
   5.0896682e-02
   6.2333301e-02
   4.5900922e-02
   3.2169709e-03
   3.1089026e-02
   1.3440065e-01
   1.2716779e-01
   6.3066378e-02
   3.2245994e-02
   6.3576944e-02
   3.7208851e-02
   1.8987227e-02
   4.2687800e-02
   5.1326629e-02
   3.2382585e-02
   3.1098261e-02
   2.8878642e-02
   4.8388809e-02
   5.1397249e-02
   4.1247189e-02
   5.6187693e-02
   5.5202305e-02
   7.5675271e-02
   7.4436434e-02
   6.6043615e-02
   5.2159861e-02
   8.8913769e-02
   8.8702776e-02
   8.1593581e-02
   7.7165872e-02
   6.1953090e-02
   4.0722083e-02
   5.4236945e-02
   3.6526497e-02
   2.3079207e-02
   7.4731037e-02
   3.9134447e-02
   9.1853375e-03
   5.0185714e-02
   8.0491170e-02
   8.5452385e-02
   7.7558219e-02
   8.4871531e-02
   6.7630991e-02
   2.5911449e-02
   7.4262068e-02
   6.6630162e-02
   9.0833493e-02
   4.6227407e-02
   4.8615251e-02
   5.6755099e-02
   6.2486164e-02
   9.5883301e-03
   1.5546182e-02
   5.4078814e-02
   4.8454996e-02
   2.5653679e-02
   4.6145786e-02
   7.4407846e-02
   1.2491551e-01
   1.2040289e-01
   5.9604250e-02
   3.0778173e-02
   2.6280999e-02
   5.5420835e-02
   3.5328992e-02
   2.7589770e-02
   5.6901548e-02
   7.0894271e-02
   1.1419003e-01
   9.6198089e-02
   1.0415732e-01
   1.2178529e-01
   8.2149081e-02
   9.4273083e-02
   9.2976972e-02
   5.2354440e-02
   1.1667398e-01
   2.6808202e-01
   3.3291498e-01
   1.7972857e-01
   1.0914168e-01
   1.4376430e-01
   1.1588854e-01
   1.5183429e-01
   1.4546424e-01
   1.1795841e-01
   8.5271358e-02
   1.0766109e-02
   5.1136099e-02
   8.0398403e-02
   3.0735174e-02
   5.5964559e-02
   5.5503242e-02
   3.5779801e-04
   1.2278832e-02
   6.1306644e-02
   7.2761104e-02
   5.0905492e-02
   4.8960328e-02
   2.8130710e-02
   3.5190287e-03
  -7.0887189e-03
   1.0369367e-02
   3.0828699e-02
   5.7712194e-02
   4.4777285e-02
   6.4199761e-02
   6.1654486e-02
   7.2770111e-02
   7.1634099e-02
   7.2493084e-02
   8.5052684e-02
   6.5947331e-02
   9.3441486e-02
   8.0504663e-02
   3.6312617e-02
   3.7356451e-02
   8.0264874e-02
   5.6804765e-02
   4.2023301e-02
   3.6261529e-02
   2.7072430e-02
   4.8503526e-02
   1.1536039e-01
   7.6300234e-02
   5.1466443e-02
   2.5922421e-02
   1.1940104e-02
   2.1502703e-02
   3.4919005e-02
   4.2967584e-02
   8.0153063e-02
   7.3328987e-02
   4.6621349e-02
   2.6080070e-02
   5.6106068e-02
   5.2854437e-02
   5.8164839e-03
   1.1953105e-01
   3.1441671e-01
   3.6751568e-01
   2.8768662e-01
   9.5450260e-02
   3.8424280e-02
   5.4098021e-02
   3.8090669e-02
   5.6274973e-02
   6.6291414e-02
   4.6939496e-02
   9.2387043e-02
   1.2450144e-01
   1.3620013e-01
   1.0421029e-01
   7.5026974e-02
   5.2491214e-02
   3.7662119e-02
   2.4078483e-02
   7.1771353e-02
   7.8979000e-02
   8.9102842e-02
   2.9541908e-02
   2.4399564e-03
   4.7531161e-02
   4.2873017e-02
   2.5468228e-02
   5.7759099e-02
   7.6473750e-02
   7.7190019e-02
   5.6447916e-02
   4.6466734e-02
   3.8887069e-02
   3.5059080e-02
   6.1444610e-02
   3.4447674e-02
   3.3024151e-02
   2.4271833e-02
   3.4666110e-02
   5.5284575e-02
   6.5197803e-02
   2.5694080e-02
   2.6110472e-02
   1.8679082e-02
   5.5687919e-02
   1.0385933e-01
   1.2226103e-01
   7.4116863e-02
   7.8215569e-02
   7.0953198e-02
   3.9738018e-02
   5.5120587e-02
   5.2818853e-02
   4.7617108e-02
   4.3711722e-02
   1.0472274e-01
   8.6044796e-02
   7.6399565e-02
   6.4966470e-02
   4.1702811e-02
   5.1899601e-02
   4.0974643e-02
   5.5723436e-02
   8.3781302e-02
   3.4179602e-02
   5.2325189e-02
   1.4188650e-01
   8.3778210e-02
   3.1108357e-02
   5.0750025e-02
   1.4867942e-01
   1.2496201e-01
   5.5492118e-02
   1.5736507e-01
   2.6887941e-01
   2.3526978e-01
   5.3973451e-02
   9.0393178e-02
   8.3389975e-02
   1.0009799e-01
   1.4563264e-01
   7.4192390e-02
   4.8690312e-02
   1.7424183e-03
   6.7763083e-02
   1.0804575e-01
   7.6138005e-02
   2.9884052e-02
   6.5721415e-02
   1.5735161e-01
   1.2194392e-01
   8.4952496e-02
   6.9024697e-02
   3.9342206e-02
   3.5379175e-02
   3.8626730e-02
   7.7111766e-02
   5.5234287e-02
   5.7233032e-02
   7.3890507e-02
   6.6825882e-02
   4.7929559e-02
   2.7795408e-02
   3.0914826e-02
   6.0152169e-02
   3.7911501e-02
   1.3310024e-02
   9.1384411e-02
   1.2403904e-01
   1.0391849e-01
   2.7895652e-02
   5.4645527e-02
   3.9392423e-02
   8.6297080e-02
   1.0203999e-01
   1.8493351e-01
   2.0772918e-01
   1.4488216e-01
   1.1545335e-01
   1.0994183e-01
   6.1694741e-02
   4.5687541e-02
   6.5487094e-02
   9.2776708e-02
   6.9746174e-02
   5.7385255e-02
   1.1730208e-01
   8.2497500e-02
   5.8929812e-02
   4.9316764e-02
   5.2691609e-02
   2.9673228e-02
   1.8426301e-02
   3.8501766e-02
   6.6098288e-02
   1.1458720e-01
   5.4085538e-02
   6.1897516e-02
   4.8506871e-02
   4.7222186e-02
   2.6171647e-03
   3.0258570e-02
   8.4494874e-02
   9.1506846e-02
   6.6111028e-02
   6.8196848e-02
   5.6405392e-02
   3.0528372e-02
   3.0046202e-02
   1.4818242e-02
   4.7643073e-02
   5.4738041e-02
   3.2279797e-02
   5.4579813e-02
   7.6410025e-02
   7.7252209e-02
   6.6226229e-02
   2.1050494e-02
   3.2403249e-02
   8.0276050e-02
   8.4534951e-02
   6.8438731e-02
   7.3881067e-02
   8.2264073e-02
   3.5288744e-02
   5.4230932e-02
   7.4177079e-02
   1.3319422e-01
   7.9268426e-02
   3.9216854e-02
  -1.0574661e-02
   2.1422913e-02
   3.6346041e-02
   1.5551952e-01
   4.8485655e-01
   8.0391085e-01
   6.6704661e-01
   3.7913612e-01
   1.6204751e-01
   4.9606528e-02
   3.9965667e-02
   1.0456258e-02
   3.6846619e-02
   5.9254758e-02
   6.7582764e-02
   1.5919167e-01
   9.6321024e-02
   1.0184404e-01
   9.4723716e-02
   4.4641480e-02
   2.0291548e-02
   4.3148383e-02
   3.8731170e-03
   4.4546023e-02
   7.4499950e-02
   5.5443175e-02
   3.5787702e-02
   1.9237343e-02
   6.2948100e-02
   8.0314584e-02
   1.0478096e-01
   5.5185888e-02
   6.4482585e-02
   5.4278784e-02
   4.4215929e-02
   7.5437568e-02
   1.8431404e-01
   2.6240638e-01
   2.6702097e-01
   2.1095790e-01
   1.4958738e-01
   1.1837144e-01
   1.3290305e-01
   6.9522999e-02
   4.0631235e-02
   3.0814260e-02
   2.5066214e-02
   1.3581264e-01
   2.7323294e-01
   3.5710925e-01
   2.7145383e-01
   1.7461553e-01
   1.1439484e-01
   5.1283389e-02
   4.4093836e-02
   9.7992100e-02
   1.4125878e-01
   2.2202232e-01
   2.3895384e-01
   1.6851345e-01
   1.5021965e-01
   9.3730390e-02
   4.8577797e-02
   9.7199515e-02
   9.0000302e-02
   2.5577344e-02
   7.8559816e-02
   2.3206143e-01
   3.7910563e-01
   4.2370024e-01
   2.5183940e-01
   1.2677352e-01
   5.5566240e-02
   1.2167213e-02
   1.0750308e-01
   5.4634559e-01
   1.1023196e+00
   1.0746243e+00
   8.0771255e-01
   6.0026062e-01
   6.3184690e-01
   5.7950979e-01
   4.6389517e-01
   2.8322333e-01
   1.2723577e-01
   2.8799754e-02
   5.4411578e-01
   2.4118102e+00
   4.2240257e+00
   3.8828316e+00
   2.3294785e+00
   9.6585900e-01
   3.3293897e-01
   1.7518079e-01
   1.9314072e+00
   1.2141899e+01
   2.4977575e+01
   2.4804289e+01
   1.4480739e+01
   5.7626033e+00
   1.6569525e+00
   4.7918952e-01
   1.0990108e-01
   1.2075884e-01
   4.3351188e-01
   1.9475733e+00
   4.3385181e+00
   4.9544168e+00
   3.3252354e+00
   1.4831473e+00
   3.6338186e-01
  -4.5055650e-02
   3.0328799e-02
   4.0023896e-01
   6.0307902e-01
   8.0034262e-01
   1.2112907e+00
   1.1232816e+00
   6.1295396e-01
   3.5784066e-01
   1.3671848e-01
   7.0653513e-02
   5.5123743e-02
   1.6907126e-01
   3.2261083e-01
   4.2788956e-01
   4.5429185e-01
   4.3838859e-01
   4.9162850e-01
   3.9279503e-01
   1.0621092e-01
   1.5365312e-02
   6.4079709e-02
   1.9727126e-01
   2.5470644e-01
   2.4684657e-01
   2.2899896e-01
   1.1119723e-01
   7.9384975e-02
   1.8620703e-02
   1.9297456e-02
   8.3815821e-02
   2.1247931e-01
   1.9523290e-01
   1.4119112e-01
   9.1171801e-02
   1.2278172e-01
   1.3460512e-01
   1.0599835e-01
   5.5857491e-02
   5.5324797e-02
   4.5074891e-02
  -1.6719928e-04
   9.9326640e-02
   2.1069720e-01
   9.0346098e-02
  -1.7227229e-02
  -3.1221423e-02
   3.9094687e-02
   2.7964240e-01
   4.0200639e-01
   5.5162323e-01
   5.6781840e-01
   3.4916770e-01
   1.0058757e-01
   5.4522175e-02
   6.6590828e-01
   1.9505936e+00
   2.2912464e+00
   1.6602051e+00
   7.1115059e-01
   2.7520585e-01
   3.4014148e-01
   5.4916489e-01
   6.2452894e-01
   3.9544186e-01
   2.7263239e-01
   3.4862113e-01
   5.3414172e-01
   4.6617639e-01
   1.2822552e+00
   2.8709259e+00
   3.1276178e+00
   1.9223572e+00
   9.2057109e-01
   3.2923406e-01
   9.5152691e-02
   1.4073327e-01
   7.1395494e-02
   2.9527493e-02
   1.7318834e-01
   4.7365990e-01
   5.6924349e-01
   3.9534542e-01
   2.3494886e-01
   1.2906739e-01
   1.5315657e-02
   4.2811833e-02
   1.3563052e-01
   1.6806854e-01
   2.1587451e-01
   1.5585180e-01
   1.2695898e-01
   9.3463615e-02
   8.0897637e-02
   2.2109639e-02
   3.1336058e-02
   4.1370238e-03
   1.1723475e-01
   1.4834884e-01
   1.5690413e-01
   1.2473962e-01
   7.4219689e-02
   5.1052563e-02
   1.9181924e-02
   3.1164888e-02
   1.1061928e-01
   9.7047076e-02
   6.5046243e-02
   1.1008894e-01
   1.2134244e-01
   3.5505451e-02
   5.3204723e-02
   1.9484723e-02
   7.7521527e-04
  -3.4148134e-02
   9.0267859e-02
   9.9512391e-02
   1.1815604e-01
   1.2859593e-01
   1.1053159e-01
   1.4138764e-01
   5.5307947e-02
   6.2458355e-02
   2.6261590e-02
   5.4858878e-02
   1.5864140e-01
   2.0553993e-01
   2.1102445e-01
   2.3536652e-01
   1.2302906e-01
   1.7519552e-02
   9.8215841e-02
   2.2878878e-01
   2.6167020e-01
   3.1957224e-01
   3.3219081e-01
   1.9714387e-01
   1.0362906e-01
   1.9322346e-01
   3.4395808e-01
   4.4324875e-01
   3.3978814e-01
   1.0819577e-01
   1.1510278e-02
   7.8503691e-02
   5.6948948e-01
   1.6360964e+00
   2.0621066e+00
   1.5829223e+00
   6.5766680e-01
   2.1778041e-01
   7.3803358e-02
   9.4972110e-01
   3.7161765e+00
   5.6661220e+00
   4.6491065e+00
   2.5166757e+00
   1.1146984e+00
   4.7360146e-01
   1.4902426e-01
   1.9171079e-01
   3.7089521e-01
   5.8577698e-01
   1.0074282e+00
   1.0889524e+00
   9.0810311e-01
   4.9000570e-01
   2.4541695e-01
   1.5699260e-01
   1.6425295e-01
   1.4538585e-01
   2.2348008e-01
   2.8756079e-01
   2.8046554e-01
   2.2417949e-01
   1.6998957e-01
   1.2103851e-01
   1.0876094e-01
   4.6674166e-02
   3.5139218e-02
   9.2149347e-02
   1.2042329e-01
   1.1697821e-01
   1.3419205e-01
   6.6133372e-02
   1.9875450e-02
   5.3980026e-02
   5.8247991e-02
   3.1519372e-02
   8.9955002e-02
   9.2091747e-02
   3.1837039e-02
   5.7666436e-02
   2.9464340e-02
   5.0281502e-02
   3.1098070e-02
  -5.1208441e-03
   6.4875558e-02
   6.7143850e-02
   6.7613348e-02
   1.2000997e-01
   7.3555537e-02
   6.1816439e-02
   4.3503687e-02
   3.6029771e-02
   4.1086197e-02
   4.3391880e-02
  -8.2864342e-03
   6.2278725e-02
   1.0993735e-01
   1.2794179e-01
   1.2139700e-01
   5.9447482e-02
   4.9332745e-02
   2.3186836e-02
   3.5768241e-02
   6.5868266e-02
   1.8700840e-01
   1.8368363e-01
   1.4220043e-01
   9.3273684e-02
   5.3017922e-02
   1.0260941e-01
   1.1511175e-01
   1.1308270e-01
   4.9792401e-02
  -6.9459281e-03
  -6.5033445e-03
   9.1490515e-02
   2.7997389e-01
   4.1325116e-01
   3.6420277e-01
   2.5436503e-01
   1.1635100e-01
   9.4357274e-02
   1.7284454e-01
   4.2861679e-01
   7.2742629e-01
   7.6146930e-01
   5.4251277e-01
   3.0419868e-01
   1.7609803e-01
   1.1981992e-01
   1.2261410e-01
   1.5992387e-01
   2.4783885e-01
   2.4263819e-01
   2.1898717e-01
   2.4016434e-01
   1.8420595e-01
   1.3866688e-01
   4.3578342e-02
   1.2383874e-01
   1.5927069e-01
   1.8888193e-01
   8.8423975e-02
   6.1171096e-02
   7.3130310e-02
   1.0098049e-01
   1.2860546e-01
   7.7927776e-02
   1.4036947e-02
   9.5339688e-03
   6.4698406e-02
   6.4501919e-02
   7.8055896e-02
   9.1524601e-02
   5.4916043e-02
   9.9546164e-02
   4.5110077e-02
  -1.1085826e-02
  -8.1426557e-03
   1.2903269e-02
   4.8299056e-02
   1.0347223e-01
   8.8484466e-02
   1.4123325e-01
   9.1879092e-02
   9.2981972e-02
   8.0671325e-02
   5.5541169e-02
   8.7737165e-02
   4.8061382e-02
   4.7361150e-02
   1.5601233e-01
   1.7716607e-01
   1.4309795e-01
   1.0189135e-01
   8.2415119e-02
   6.8491265e-02
   7.6696634e-02
   1.2093765e-01
   1.7364989e-01
   9.5311135e-02
   7.8093424e-02
   3.4263555e-02
   2.6134068e-02
   2.0798126e-03
   8.8898279e-02
   1.0152959e-01
   1.1872153e-01
   9.3493849e-02
   6.8214647e-02
   3.2726467e-02
   8.0058530e-02
   8.0852896e-02
   5.3136006e-02
   8.0337539e-02
   1.1212138e-02
   3.6993451e-02
   2.3717303e-02
   1.0860985e-01
   1.8201794e-01
   1.6579039e-01
   1.0798971e-01
   2.8907431e-02
   4.4119399e-02
   5.0147120e-02
   2.0898345e-01
   2.4830654e-01
   2.9475051e-01
   2.0272554e-01
   1.6373202e-01
   9.2926703e-02
   6.4513974e-02
   5.4663360e-02
   1.7675218e-01
   2.3634183e-01
   1.6461155e-01
   7.3990971e-02
   8.9677751e-02
   7.1142480e-02
   7.6055117e-02
   1.4495003e-01
   1.8274851e-01
   1.8568416e-01
   1.8192807e-01
   8.5084185e-02
   5.3098131e-02
   1.9124335e-01
   2.6002693e-01
   2.5737038e-01
   1.2234142e-01
   8.3849177e-02
  -3.1019237e-02
   9.2532761e-02
   3.4359127e-01
   5.2067852e-01
   3.6407721e-01
   1.8476917e-01
   3.5568163e-02
  -5.9644122e-02
   2.6637159e-02
   6.8386841e-01
   1.6882491e+00
   1.9561813e+00
   1.2819372e+00
   5.6371349e-01
   1.6465516e-01
   2.7451281e-02
   2.8609291e-01
   6.0256791e-01
   7.5055301e-01
   6.2159306e-01
   4.6383491e-01
   3.4894097e-01
   1.9356464e-01
   1.7977850e-01
   2.8127196e-01
   2.9968199e-01
   2.7677137e-01
   2.6199418e-01
   1.7745903e-01
   1.3600957e-01
   5.9667304e-02
   1.4690210e-02
   7.2913291e-03
  -1.4637481e-02
   5.4409213e-02
   6.3240014e-02
   9.3915179e-02
   8.6473636e-02
   8.4350362e-02
   3.8339529e-02
  -1.3853837e-03
   1.0921399e-01
   1.1807846e-01
   1.0634546e-01
   9.1524661e-02
   9.0389147e-02
   4.2222451e-02
   1.4497206e-02
  -7.7617634e-03
   9.0271980e-02
   1.1734127e-01
   9.4508335e-02
   6.2554836e-02
   5.0441783e-02
   7.1085222e-02
   7.2832316e-02
   7.4774019e-02
   3.2336418e-02
   1.5645508e-02
   1.5446401e-02
   4.2132221e-02
   5.1296353e-02
   2.6689017e-02
   5.6018848e-03
   6.9043189e-02
   9.0845317e-02
   9.0477876e-02
   4.8552796e-02
   4.5485355e-02
   2.8945994e-02
   3.9587986e-02
   8.2971916e-02
   1.2813582e-01
   1.1765809e-01
   1.1037304e-01
   7.5674422e-02
   4.5732781e-02
   8.7546460e-02
   1.0584629e-01
   1.5441768e-01
   1.4124855e-01
   7.9225659e-02
   6.1611060e-02
   1.7340751e-01
   1.5211925e-01
   1.5100405e-01
   3.4655020e-02
   4.4335108e-02
   4.4592075e-02
   7.8195773e-02
   1.6099708e-01
   2.8370929e-01
   3.0160108e-01
   2.4254727e-01
   1.3030845e-01
   9.4389990e-02
   8.2560256e-03
   1.1986461e-01
   1.8581508e-01
   1.6520372e-01
   1.2949114e-01
   1.1235671e-01
   1.6573742e-01
   1.0704952e-01
   9.1145225e-02
   1.1364263e-01
   1.4860949e-01
   1.4418012e-01
   1.3704742e-01
   1.3323230e-01
   1.3562249e-01
   1.1116471e-01
   6.9712169e-02
   1.1489320e-02
   4.7060579e-02
   1.1517473e-01
   2.7214682e-01
   2.8268561e-01
   2.0371222e-01
   1.5870698e-01
   4.7642257e-02
   7.4501321e-02
   1.8520139e-01
   5.1488340e-01
   6.3534039e-01
   5.1985031e-01
   3.2803619e-01
   1.2352265e-01
   5.7930443e-02
   1.6340829e-01
   5.0357860e-01
   6.2775248e-01
   6.5946513e-01
   5.2971667e-01
   4.8191676e-01
   3.1760770e-01
   6.1437428e-01
   1.0460303e+00
   1.0789247e+00
   6.8639964e-01
   3.4888306e-01
   1.2634271e-01
   2.7312741e-01
   1.1209701e+00
   1.7447977e+00
   1.4313600e+00
   7.5613856e-01
   3.1543031e-01
   2.2036141e-02
   4.4638553e-01
   2.4849734e+00
   5.0476961e+00
   5.3992710e+00
   3.5201488e+00
   1.7078245e+00
   5.3758264e-01
   3.7213567e-01
   1.6729865e+00
   2.8820858e+00
   2.8616917e+00
   2.0358958e+00
   1.6108487e+00
   1.0238416e+00
   7.5690073e-01
   1.1800989e+00
   1.5569593e+00
   1.4105675e+00
   9.8617423e-01
   6.8062019e-01
   4.4086596e-01
   4.6355826e-01
   7.3564857e-01
   7.2327298e-01
   5.5368316e-01
   3.4540167e-01
   2.7873617e-01
   1.7787541e-01
   1.2432019e-01
   1.2482253e-01
   1.2860574e-01
   1.6934282e-01
   1.6723938e-01
   1.7686392e-01
   1.7605959e-01
   1.6282490e-01
   1.9701064e-01
   1.9597420e-01
   1.3253050e-01
   9.1753118e-02
   5.2479655e-02
   8.6474024e-02
   9.6420690e-02
   1.0742383e-01
   9.7390555e-02
   5.7341214e-02
   6.3510798e-02
   7.4032068e-02
   6.9583185e-02
   8.4890522e-02
   1.1954737e-01
   7.3941709e-03
  -5.7530411e-02
  -3.8721602e-02
   9.4976865e-02
   2.6825473e-01
   4.7421652e-01
   3.6872274e-01
   2.1767466e-01
   9.2207417e-02
   7.3701121e-02
   8.8053443e-02
   1.7218466e-01
   4.6182504e-01
   5.0416273e-01
   2.8477576e-01
   2.4824661e-01
   2.0290957e-01
   1.2750952e-01
   1.5630044e-01
   2.3723964e-01
   2.0632926e-01
   1.0154308e-01
   1.7670561e-01
   3.0679908e-01
   3.0001912e-01
   2.4607563e-01
   1.4228646e-01
   1.0316695e-01
   1.5220788e-02
   1.9196340e-01
   8.5308760e-01
   1.0233042e+00
   8.6915487e-01
   4.8080271e-01
   9.8602347e-02
   2.4771809e-03
   1.5896957e-01
   5.0689167e-01
   5.8500856e-01
   3.7120047e-01
   2.6628676e-01
   2.0583963e-01
   1.2321132e-01
   2.2380039e-01
   2.7160195e-01
   2.6307198e-01
   2.0292801e-01
   1.7785621e-01
   1.4841098e-01
   1.2398069e-01
   2.0567963e-01
   2.2822337e-01
   3.5618892e-01
   1.8319264e-01
   6.3493900e-02
   3.9601307e-02
   4.1993167e-02
   1.3265838e-01
   1.1793288e-01
   3.7136991e-02
   3.5931215e-02
   7.1223661e-02
   1.1392214e-01
   1.5451717e-01
   1.8669210e-01
   1.3550603e-01
   7.3795870e-02
   4.5138273e-02
  -3.6881755e-03
   8.4433910e-03
   1.4339510e-02
   6.1130449e-02
   1.1258889e-01
   1.3077588e-01
   8.5821018e-02
   8.4224559e-02
   1.3417204e-01
   1.7325437e-01
   1.6599081e-01
   8.0955409e-02
   4.9836885e-02
   3.1685635e-02
   1.0583182e-01
   1.2615196e-01
   6.1097804e-02
   1.7778829e-02
  -2.7336678e-03
   2.1638102e-03
   1.5646411e-02
   4.3962345e-02
   8.2036674e-02
   1.1532840e-01
   2.1893740e-01
   2.7967969e-01
   1.9851266e-01
   8.0053762e-02
   5.3700075e-02
   6.9610275e-02
   2.8460833e-01
   9.4554973e-01
   1.5478973e+00
   1.3440127e+00
   7.9602349e-01
   3.1838080e-01
   1.0869993e-01
   2.1817952e-01
   3.9834103e-01
   5.7007134e-01
   5.3189790e-01
   7.4713707e-01
   7.7475172e-01
   4.8291650e-01
   2.0324546e-01
   3.1057972e-02
   2.4396785e-02
   1.5521005e-01
   3.1198332e-01
   2.6257390e-01
   1.8529429e-01
   1.6373605e-01
   8.4115930e-02
   3.2734644e-02
   9.1472343e-02
   1.4696042e-01
   1.7896128e-01
   1.1890550e-01
   9.8223709e-02
   7.8731135e-02
   4.9524397e-02
   1.0683703e-01
   8.9720212e-02
   7.4624009e-02
   3.9856113e-02
   5.0742645e-02
   1.0375493e-01
   5.7660807e-02
   5.6513410e-02
   5.2491207e-02
   2.7844107e-02
   5.7556860e-02
   5.6984466e-02
   1.2709094e-02
   8.3742492e-02
   8.7737940e-02
   6.4183444e-02
   4.3949004e-02
   2.2983387e-02
   5.7883576e-02
   7.7197924e-02
   4.2273039e-03
   3.0809721e-02
   9.0783335e-02
   3.0106708e-02
   8.8501118e-02
   9.8338798e-02
   3.9099384e-02
   7.3661923e-02
   6.0843300e-02
   4.4273574e-02
   8.2965828e-02
   1.0024572e-01
   8.1240334e-02
   8.2851715e-02
   5.8852367e-02
   7.0596203e-02
   1.0778366e-01
   1.5340735e-01
   1.1706822e-01
   2.9874252e-02
   1.0205217e-01
   1.0164621e-01
   1.0902274e-01
   1.4366974e-01
   1.3670264e-01
   8.8244051e-02
   5.0183944e-02
   2.1899676e-02
   8.0553114e-02
   1.2330566e-01
   1.7283072e-01
   1.4367941e-01
   1.1175967e-01
   4.9620457e-02
   5.1785760e-02
   1.2109668e-01
   9.8217584e-02
   1.4360988e-01
   1.7863457e-01
   1.5931036e-01
   8.8219784e-02
   2.8023530e-02
   5.5673909e-03
   6.1069392e-03
   7.9934686e-02
   9.0611674e-02
   8.7915726e-02
   7.3066227e-02
   5.0206389e-02
   5.8929529e-02
   4.9939521e-02
   3.9447088e-02
   2.5094440e-02
   2.5750948e-02
   7.8498200e-02
   6.0318340e-02
   2.8323792e-02
   7.5876743e-02
   8.4417365e-02
   2.9198743e-02
   7.3875715e-03
   8.0920190e-02
   5.0018072e-02
   2.8537374e-02
   3.1266525e-02
   6.8532087e-02
   6.6188268e-02
   1.8324204e-02
   9.6715335e-03
   3.7285607e-02
   7.0770144e-02
   1.0652695e-01
   6.2150035e-02
   2.5815161e-02
   4.0534347e-02
   3.2597926e-02
   6.7803524e-02
   6.4844832e-02
   9.1925323e-02
   1.1913554e-01
   6.5901853e-02
   9.8105125e-02
   1.1420775e-01
   8.5446402e-02
   7.1137123e-02
   7.5110786e-02
   9.1176473e-02
   6.3510649e-02
   6.1543599e-02
   5.7845015e-02
   6.2135000e-02
   4.0611878e-02
   4.7819931e-02
   3.6416054e-02
   1.2372732e-02
   2.3544319e-02
   4.6339605e-02
   3.6043487e-02
   2.4631502e-02
   7.1816996e-02
   7.7837110e-02
   7.3938005e-02
   6.3155578e-03
   1.9560941e-02
   2.1985708e-02
   3.5006642e-02
   9.5112331e-02
   8.7990895e-02
   8.1042998e-02
   2.7167272e-02
   3.4936465e-02
   7.7606395e-02
   7.3016785e-02
   2.3254355e-02
   4.4975508e-02
   7.4016765e-02
   8.7077230e-02
   7.2211951e-02
   6.4779371e-02
   3.0540936e-02
   3.0672528e-02
   5.8139686e-02
   4.1461330e-02
   1.7790465e-02
   6.7350298e-02
   9.2266224e-02
   5.4818481e-02
   1.7050348e-02
   2.4200171e-02
   6.3433260e-02
   6.8153910e-02
   6.5089397e-02
   4.9570508e-02
   4.9562518e-02
   3.9800521e-02
   1.7920557e-02
   1.8214017e-02
   2.4971910e-02
   2.0278839e-02
   2.9553674e-02
   4.9924605e-02
   6.9853012e-03
   3.4281429e-02
   7.3252656e-02
   2.7078539e-02
   6.4781005e-03
   2.5192296e-02
   7.6625079e-02
   5.3854562e-02
   2.4799738e-02
   5.0380148e-02
   6.9744609e-02
   8.5108951e-02
   8.0335326e-02
   6.5545537e-02
   8.7290011e-02
   6.8905398e-02
   1.9407131e-02
   5.0079763e-02
   1.2979435e-02
   5.3299099e-02
   2.7818831e-02
   3.1844798e-02
   2.1183402e-03
   2.7174145e-02
   3.6509592e-02
   5.8631942e-02
   4.8137698e-02
   4.0373493e-02
   3.9027285e-02
   5.2570213e-02
   1.1763985e-02
   3.0156231e-02
   3.8276639e-02
   4.1873328e-02
   5.8446322e-02
   3.9286219e-02
   7.6342277e-02
   6.7597687e-02
   4.4113412e-02
  -6.2181130e-03
   8.4223930e-04
   5.9698403e-02
   4.1937806e-02
   1.3363746e-01
   1.3459834e-01
   9.6661195e-02
   3.7439566e-02
   2.5769303e-02
   1.3754857e-02
   4.5010269e-02
   8.5212871e-02
   7.8947432e-02
   5.6651685e-02
   5.3247303e-02
   4.4556879e-02
   3.3961426e-02
   3.6068141e-02
   3.4267187e-02
   5.9158456e-02
   5.9413191e-02
   3.5542291e-02
   5.4418761e-03
   3.0304480e-02
   2.0391034e-02
   4.2472087e-02
   7.1414478e-02
   2.3592509e-02
   3.7898045e-02
   3.6663495e-02
   6.2508442e-02
   2.2918167e-02
   2.1413449e-02
   5.2587513e-02
   4.6594303e-02
   5.8240991e-02
   5.9893019e-02
   2.0687968e-02
   3.6325395e-02
   2.5200859e-02
   3.4907438e-02
   5.2363586e-02
   1.5636899e-02
   2.7943684e-02
   5.5324648e-02
   7.5764216e-02
   7.8307189e-02
   6.3616179e-02
   2.3629786e-02
   1.1978604e-02
   4.3616317e-02
   6.1920173e-02
   2.9383488e-02
   4.0827724e-03
   7.5494931e-03
   2.5606744e-02
   4.7420867e-02
   5.5036742e-02
   4.9017359e-02
   5.4916706e-02
   7.1114838e-02
   7.6079465e-02
   5.8741059e-02
   2.4426533e-02
   2.3555979e-02
  -2.2213582e-03
   3.0126343e-02
   3.4824651e-02
   5.4346431e-02
   2.7418006e-02
   1.3423385e-02
   3.6009923e-02
   1.0557107e-02
   2.3380958e-02
   6.3213155e-02
   6.3831680e-02
   2.8513931e-02
   1.4278077e-02
   6.4472735e-02
   9.5358372e-02
   6.5552942e-02
   8.0066726e-02
   5.1494714e-02
   4.0262338e-02
   3.0109579e-02
   3.6529109e-02
   1.5039057e-02
   5.6893971e-02
   7.9336353e-02
   7.2616592e-02
   2.2550361e-02
   1.1814267e-02
   1.2297323e-02
   2.2152290e-02
   1.1828797e-01
   3.1334934e-01
   3.1569836e-01
   2.1956603e-01
   1.5025486e-01
   8.4939882e-02
   6.4020470e-02
   6.4064205e-02
   1.5545285e-01
   1.1284199e-01
   9.2641853e-02
   9.3173921e-02
   7.3398814e-02
   3.3281941e-02
   2.9241681e-02
   3.7022533e-03
   1.6447404e-02
   3.0060858e-02
   1.0085783e-01
   1.1305250e-01
   2.8320612e-02
   5.3763958e-03
   3.3747628e-02
   6.3790374e-02
   1.3946484e-01
   1.9454186e-01
   1.7209549e-01
   7.9926334e-02
   1.1419212e-02
  -1.5398060e-03
   5.8470495e-02
   1.1817591e-01
   7.7789046e-02
   7.0644639e-02
   5.9831370e-02
   7.1477473e-02
   7.3118746e-02
   5.2489012e-02
   1.8953869e-02
   1.6518364e-02
   3.2854941e-02
   4.0629018e-02
   1.1359285e-02
   1.7676156e-02
   1.4578849e-02
   6.5258048e-02
   8.4779166e-02
   6.8155989e-02
   3.5062607e-02
   1.5757322e-02
   5.0128508e-02
   9.4127752e-02
   1.4894725e-01
   2.4275050e-01
   2.3520431e-01
   2.2299920e-01
   1.8749711e-01
   2.0159106e-01
   1.8002748e-01
   1.2623495e-01
   4.8652884e-02
   9.8658606e-02
   4.3723732e-01
   8.1028205e-01
   7.8404564e-01
   5.1508790e-01
   1.9156358e-01
   3.7669681e-02
   3.3413777e-01
   1.8591948e+00
   4.3071113e+00
   4.4633570e+00
   2.7647598e+00
   1.0795937e+00
   3.7706971e-01
   3.8439897e-01
   1.0247498e+00
   1.3984954e+00
   1.5529704e+00
   1.4672118e+00
   1.1924844e+00
   6.9233096e-01
   2.8983343e-01
   1.0336809e-01
   1.9662671e-01
   3.6497924e-01
   5.8190614e-01
   5.6018835e-01
   3.8502616e-01
   2.0143661e-01
   1.5454337e-01
   6.5892234e-02
   3.2009870e-02
   1.2505238e-01
   1.7815241e-01
   1.6697969e-01
   1.4780033e-01
   1.3699968e-01
   8.1232168e-02
   1.9113068e-02
   1.0602061e-02
   4.0933732e-02
   8.0360837e-02
   7.9019077e-02
   7.1322381e-02
   4.9755331e-02
   3.3572074e-02
   1.5297389e-02
   4.7235866e-03
   3.1582471e-02
   6.6286907e-02
   1.3495873e-01
   6.0646679e-02
   4.2638991e-02
   5.0428387e-02
   7.0312127e-02
   3.4997657e-02
   3.2431081e-02
   7.3189765e-02
   8.2337402e-02
   9.1875121e-02
   9.5937304e-02
   4.9023584e-02
   7.8739367e-02
   4.0101685e-02
   1.3368655e-02
   6.5763183e-02
   1.5283658e-01
   1.0344958e-01
   1.0339675e-01
   7.8406632e-02
   2.2436392e-02
   5.2154765e-02
   3.7052184e-02
   5.9035819e-02
   7.9447880e-02
   1.1868323e-01
   1.7046425e-01
   1.8562153e-01
   9.3186826e-02
   5.0746959e-02
   2.8800620e-02
   2.7014110e-02
   2.4911307e-01
   4.8701259e-01
   5.9730548e-01
   4.1161820e-01
   1.9214271e-01
   5.4598939e-02
   5.9201244e-02
   1.1682817e-01
   1.5561458e-01
   1.5157187e-01
   1.4381182e-01
   1.4385298e-01
   1.2859857e-01
   6.9581360e-02
   7.6987632e-03
   1.8644322e-02
   6.3939929e-02
   8.4004156e-02
   6.3168667e-02
   6.2029209e-02
   4.9708974e-02
   3.1490326e-02
   6.1811581e-02
   5.6450561e-02
   1.9221567e-02
   3.0772701e-02
   1.8913779e-02
   2.5409311e-02
   2.3841878e-02
   3.5672680e-02
   7.3363051e-02
   5.8330432e-02
   5.0234098e-02
   4.8834700e-02
   3.3810604e-02
   1.0624321e-01
   7.1182542e-02
   3.5607040e-02
   4.6051364e-02
   3.2164231e-02
   5.5712961e-02
   8.0290154e-02
   5.1266193e-02
  -3.4655430e-03
   1.3487607e-02
   2.8472522e-02
   2.8956300e-02
   1.1818111e-02
   5.4444633e-02
   6.3995495e-02
   1.9542176e-02
   3.6370449e-02
   2.2596082e-02
   4.0200736e-02
   6.2366307e-02
   5.0937742e-02
   6.0087543e-02
   4.8301943e-02
   3.8618617e-02
   3.1218085e-02
   3.4017656e-02
   2.6182193e-02
   2.3991885e-02
   1.3759707e-02
   3.9908819e-02
   4.5628838e-02
   5.1265229e-02
   4.1580223e-02
   4.5050994e-02
   2.4427660e-02
   4.7772713e-02
   1.8601283e-02
   5.8963709e-03
   3.8460169e-02
   9.4339646e-02
   1.4694068e-01
   1.4778498e-01
   6.8934999e-02
   3.5819244e-02
   3.5535797e-02
   5.3254604e-02
   5.6911018e-02
   5.2769791e-02
   6.6992164e-02
   8.7437749e-02
   5.9342649e-02
   4.9363602e-02
   7.6434970e-02
   6.6160716e-02
   9.1152348e-02
   7.2176911e-02
   4.8697751e-02
   5.8715466e-02
   4.5541514e-02
   4.9438879e-02
   1.7608732e-02
  -7.8855623e-03
   2.0527050e-02
   2.4862809e-02
   2.3061547e-02
   3.9532576e-02
   4.1219234e-02
   1.7752312e-02
   4.8604012e-02
   4.3124691e-02
   2.9912723e-02
   2.6186919e-02
   4.1931406e-02
   3.6653791e-02
   5.0935388e-02
   3.7261281e-02
   1.3671914e-02
   1.6156862e-02
  -1.9410370e-03
   2.3675183e-02
   5.0901197e-02
   3.5496999e-02
   5.2004252e-02
   7.7463269e-02
   6.1595235e-02
   4.4406403e-02
   3.0898582e-02
   3.6768522e-02
   2.9279280e-02
   2.2338800e-02
   5.3388428e-02
   7.1822457e-02
   4.2641975e-02
   2.6538225e-02
   4.0649075e-02
   5.5876743e-02
   6.9190517e-02
   3.7783016e-02
   2.4205545e-02
   2.0927349e-02
   7.4166814e-03
   2.1242568e-02
   4.2813078e-02
   3.0434547e-02
   2.9383052e-02
   3.8207468e-02
   4.0673293e-02
   3.7682325e-02
   1.8599762e-02
   1.9553995e-02
   2.8287241e-02
   2.0730780e-02
   4.5021508e-02
   4.0712848e-02
   2.9125012e-02
   6.4624704e-02
   4.5760632e-02
   2.5567662e-02
   4.0247735e-02
   5.7010666e-02
   5.2338328e-02
   9.4522402e-02
   7.8907140e-02
   4.8472628e-02
   5.2401561e-02
   5.0693452e-02
   1.3644089e-02
   6.0976725e-02
   7.1592756e-02
   4.9859852e-02
   5.2396894e-02
   7.3070815e-03
   1.5048797e-02
   4.1065466e-02
   4.9289666e-02
   3.4746002e-02
   9.6866498e-03
   4.0999182e-02
   2.2308709e-02
   5.5543493e-02
   5.3345948e-02
   2.1427073e-02
   2.8930666e-02
   2.4993284e-02
   2.3160217e-02
   3.8894624e-02
   3.4442864e-02
   1.6547646e-02
   2.2122147e-02
   3.7454039e-02
   7.6509519e-03
   1.3838040e-02
   2.2788307e-02
   3.4320511e-02
   4.6132434e-02
   2.6008520e-02
   5.5555873e-02
   5.1198162e-02
   2.1642346e-02
   2.4545934e-02
   3.7737228e-02
   2.4339572e-02
   4.9742788e-02
   3.5219036e-02
   8.4359031e-03
   2.5580121e-02
   4.6732891e-02
   5.7948459e-02
   4.9254242e-02
   7.2963551e-02
   3.5020884e-02
   3.1634318e-03
   3.3574861e-02
   4.1883443e-02
   2.1530347e-02
   3.0530205e-02
   1.6545897e-02
   3.8584396e-02
