   3.1907011e-02
   1.2721729e-02
   2.2214822e-02
   1.2961577e-02
   6.0256224e-02
   6.3179657e-02
   2.8351106e-02
   4.7087006e-02
   4.6045553e-02
   1.3698862e-02
   1.6219251e-02
   1.8114712e-02
   2.6088336e-02
   1.7324368e-02
   3.4725055e-02
   5.9982259e-02
   9.2580989e-02
   9.1297776e-02
   8.6981632e-02
   7.5453490e-02
   5.0697096e-02
   2.2295665e-02
   4.6945255e-02
   4.7850739e-02
   3.5148770e-02
   5.9380952e-02
   7.7443667e-02
   4.4516042e-02
   5.8075111e-02
   8.6464167e-02
   1.0088741e-01
   6.3736536e-02
   7.0367962e-02
   6.4075753e-02
   5.1625401e-02
   6.7073517e-02
   5.2053623e-02
   4.2988408e-02
   6.9830388e-02
   8.8313729e-02
   6.6351607e-02
   6.0213070e-02
   2.1060018e-02
   3.6203016e-02
   1.4873404e-02
   1.4233034e-02
   2.1394355e-02
   4.2829223e-02
   4.2211395e-02
   3.8404807e-02
   4.0426720e-02
   3.9436758e-02
   3.1973481e-02
   3.9802857e-02
   4.5017757e-02
   2.5124984e-02
   2.2629023e-02
   3.4050863e-02
   3.0044992e-02
   1.8634906e-02
   3.9551903e-02
   3.3155203e-02
   3.2946542e-02
   1.8251255e-02
   3.8888153e-02
   6.4136006e-02
   5.5226337e-02
   5.6429490e-02
   3.6573011e-02
   6.3203588e-02
   6.5817162e-02
   7.8757450e-02
   2.4552137e-02
   3.5806857e-02
   3.1695422e-02
   3.2441188e-02
   3.6433190e-02
   2.8949197e-02
   3.6486067e-02
   1.9876542e-02
   4.3784842e-02
   2.6077347e-02
   2.2011835e-02
   5.2255213e-02
   6.1377987e-02
   5.6172226e-02
   6.0899783e-02
   4.8584811e-02
   5.7357058e-02
   5.9749529e-02
   5.6736447e-02
   1.8404618e-02
   2.5783884e-03
   9.8040316e-04
   1.1712189e-02
   3.2767329e-02
   3.5322364e-02
   7.0953406e-02
   7.7147759e-02
   4.8796203e-02
   5.1258143e-02
   3.7136067e-02
   2.8472107e-02
   4.4050466e-02
   3.6035370e-02
   4.8659775e-02
   5.5587299e-02
   2.9930864e-02
   4.6728529e-02
   3.3841670e-02
   5.2636240e-02
   2.0508269e-02
   2.6168654e-02
   4.7552500e-02
   8.7204598e-02
   6.4399973e-02
   6.2172543e-02
   4.6226166e-02
   3.7767913e-02
   3.8294744e-02
   3.5208728e-02
   3.6229648e-02
   3.2573264e-02
   3.5730094e-02
   6.6038869e-02
   6.8005428e-02
   3.3727657e-02
   3.8550474e-02
   4.0351402e-02
   3.7988566e-02
   2.7754994e-02
   6.0107168e-02
   7.4506499e-02
   5.0775316e-02
   1.1753137e-02
   1.5050767e-02
   3.5437625e-02
   5.3750195e-02
   3.5599388e-02
   3.6056302e-02
   3.2919012e-02
   1.8955905e-02
   1.1840753e-02
   3.3964161e-03
   3.9839663e-02
   6.8060510e-02
   3.3158686e-02
   4.1038830e-02
   4.7151063e-02
   3.0777108e-02
   3.2349106e-02
   3.2155499e-02
   4.6866115e-02
   4.1698538e-02
   2.9740494e-02
   4.7402125e-02
   4.4507105e-02
   5.1729124e-02
   3.1648397e-02
   2.1875208e-02
   3.1524047e-02
   2.7640771e-02
   4.0528081e-02
   2.0321846e-02
   2.0747196e-02
   1.3922544e-02
   5.1649820e-02
   3.8689006e-02
   5.9425712e-02
   6.2507555e-02
   4.4808123e-02
   2.5108211e-02
   4.6489358e-02
   3.7791092e-02
   2.4995035e-02
   1.5791334e-02
   9.4418712e-03
   3.3608094e-02
   5.9667401e-02
   7.3726475e-02
   4.9223486e-02
   4.5679349e-02
   2.7490210e-02
   2.8224127e-02
   7.6254653e-03
   1.3752745e-02
   1.4180435e-02
   3.1957250e-02
   6.5686412e-02
   5.0202817e-02
   6.9233470e-02
   7.2804123e-02
   2.8594492e-02
   3.5822295e-02
   3.2995131e-02
   5.3242926e-02
   4.2885687e-02
   5.6983013e-02
   6.7726217e-02
   6.9478340e-02
   6.5925278e-02
   3.3543229e-02
   5.4085437e-02
   2.4659097e-02
   3.1183776e-02
   2.1154804e-02
   7.0312987e-03
   1.3200660e-02
   2.1681599e-02
   4.4440262e-02
   3.4615275e-02
   5.5707946e-02
   3.8265683e-02
   5.1504385e-02
   1.5292624e-02
   1.8634899e-02
   2.0343179e-02
   3.2635562e-02
   6.5408558e-02
   3.9721746e-02
   4.1985575e-02
   4.8997544e-02
   3.5529301e-02
   5.7019986e-02
   1.3537265e-01
   1.3808505e-01
   7.4909307e-02
   5.8643088e-02
   2.5354670e-02
   4.5217279e-02
   9.2730507e-02
   4.1550793e-02
   4.3480720e-02
   4.1932002e-02
   3.8337339e-02
   5.0549518e-02
   1.0332189e-01
   7.4381799e-02
   2.8706223e-02
   4.1867096e-02
   1.1704297e-01
   1.6374645e-01
   1.3234049e-01
   5.5837605e-02
   2.9049451e-02
   2.5041370e-02
   2.8799931e-02
   1.2243854e-02
   2.9020939e-02
   5.7807297e-02
   4.2618081e-02
   2.8336043e-02
   2.5864745e-02
   3.9244276e-02
   3.8928445e-02
   3.8404312e-02
   1.7451990e-02
  -1.8881533e-03
   3.5891015e-02
   3.7101198e-02
   4.5713030e-02
   2.9044669e-02
   4.7585558e-02
   6.0777467e-02
   6.3112751e-02
   5.0783839e-02
   3.1651828e-02
   2.3954375e-02
   1.0158570e-02
   4.0068399e-02
   4.4436630e-02
   4.1928936e-02
   4.9603563e-02
   1.4450268e-02
   4.8177119e-02
   4.7914919e-02
   3.1675566e-02
   4.6829920e-02
   3.6906593e-02
   5.6307860e-02
   4.3493647e-02
   3.7637196e-02
   2.8853014e-02
   4.3483797e-02
   7.8272447e-03
  -1.0521946e-02
   2.6569750e-02
   3.2442465e-02
   1.4420575e-02
   1.4834845e-02
   7.2603375e-02
   5.3727295e-02
   2.5619160e-02
   4.4503439e-02
   4.3611433e-02
   6.3459307e-02
   6.2306993e-02
   6.6735491e-02
   8.9273110e-02
   5.4369085e-02
   9.2860274e-02
   1.4994259e-01
   1.2651582e-01
   6.8101332e-02
   6.6846058e-02
   5.8028199e-02
   6.6706873e-02
   7.3238060e-02
   9.3723312e-02
   5.2710678e-02
   2.9089898e-02
   1.0490091e-01
   1.1547975e-01
   7.2417088e-02
   5.5955235e-02
   6.1744973e-02
   3.0005472e-02
   6.6663928e-02
   4.9403522e-02
   2.4025243e-02
   6.2971130e-02
   4.1626703e-02
   2.8203115e-02
   6.3217175e-03
  -2.3201541e-03
   2.7686346e-02
   4.4667680e-02
   5.5815984e-02
   5.8629457e-02
   6.8332523e-02
   8.0748014e-03
   7.3290849e-03
   3.0250125e-02
   4.2870924e-02
   4.5843352e-02
   3.6221102e-02
   4.3873556e-02
   2.2121957e-02
   1.2799860e-02
   2.0190910e-02
   3.2061946e-02
   3.4161128e-02
   4.5866318e-02
   3.8826507e-02
   4.3601520e-02
   5.9323300e-02
   2.9471386e-02
   1.3235771e-02
   3.2791190e-02
   6.3261405e-02
   5.3497210e-02
   5.3995345e-02
   4.5991380e-02
   4.9940132e-02
   4.7390882e-02
   4.2320903e-02
   5.2591413e-02
   7.8421757e-02
   4.6796437e-02
   3.7876558e-02
   5.8314083e-03
   1.8386062e-02
   5.2852329e-02
   4.7510415e-02
   8.2314238e-02
   9.8209210e-02
   5.8035489e-02
   2.9951287e-02
   3.2442971e-03
   5.4485328e-02
   6.7726903e-02
   4.5045868e-02
   6.9771022e-02
   6.6006489e-02
   7.2833218e-02
   3.1899773e-02
   1.3540344e-02
   3.9458483e-02
   3.9883088e-02
   3.4726776e-02
   5.4370798e-02
   3.7676074e-02
   3.8685270e-03
   1.8383218e-02
   2.9577121e-02
   3.3276394e-02
   3.4241892e-02
   3.4674071e-02
   3.7815273e-02
   1.9122148e-02
   2.7464647e-02
   5.6630041e-02
   6.6039503e-02
   6.4367980e-02
   4.2856313e-02
   5.1668540e-02
   5.5903651e-02
   3.7790652e-02
   3.0433666e-02
   3.3058345e-02
   1.8332252e-02
   1.9326609e-02
   3.3690002e-02
   3.2768805e-02
   3.4417309e-02
   2.0576976e-02
   6.1873212e-02
   4.1830782e-02
   2.0646045e-02
   6.2770911e-02
   8.3772190e-02
   5.0998852e-02
   2.6710106e-02
   7.3612809e-02
   9.5793046e-02
   9.6298918e-02
   8.5875846e-02
   5.6437109e-02
   5.3506419e-02
   6.1888445e-02
   5.5126552e-02
   6.5553717e-02
   8.5762106e-02
   7.5785786e-02
   4.3127552e-02
   1.0652709e-02
  -6.7431881e-04
   7.4176891e-03
   4.2219613e-02
   7.4257731e-02
   4.3490093e-02
   5.1579946e-03
   2.3468515e-02
   1.9851046e-02
   1.7973637e-02
   2.6801648e-02
   2.3869297e-02
   6.8196312e-02
   6.7820124e-02
   6.5040447e-02
   5.0180446e-02
   4.1232228e-02
   3.2721274e-02
   6.6342056e-02
   9.7429410e-02
   8.2804807e-02
   6.7713551e-02
   7.1459003e-02
   4.2346254e-02
   6.9632165e-02
   5.5054538e-02
   2.8635669e-02
   3.4196857e-02
   4.7820546e-02
   5.9131328e-02
   3.4080699e-02
   3.0549325e-02
   5.3385589e-02
   2.5870631e-02
   9.1158617e-03
   3.8664334e-02
   2.9858878e-02
   3.1173917e-02
   7.6191112e-02
   5.5875611e-02
   5.1110659e-02
   5.0138224e-02
   3.8332261e-02
   4.8578460e-02
   6.6944338e-02
   4.3794762e-02
   3.5174791e-02
   3.0160999e-02
   3.0334612e-02
   4.5741454e-02
   7.4433483e-02
   7.2759844e-02
   6.0776703e-02
   8.0769941e-02
   5.5415925e-02
   4.9741115e-02
   4.3036867e-02
   5.6973912e-02
   6.7091189e-02
   6.2375110e-02
   5.3445123e-02
   4.5954831e-02
   5.4978568e-02
   5.1507395e-02
   4.3197434e-02
   7.5921677e-02
   4.7352139e-02
   4.6718057e-02
   5.8457296e-02
   7.7487826e-02
   8.4440120e-02
   8.3210282e-02
   1.0187220e-01
   5.9376586e-02
   4.0993579e-02
   4.5714036e-02
  -2.6559120e-03
   3.6756169e-02
   6.4772487e-02
   4.6239763e-02
   5.2703343e-02
   2.7648522e-02
   3.1324480e-02
   6.1423313e-02
   4.5869563e-02
   7.1181558e-02
   6.1986167e-02
   7.4489270e-03
   2.7351990e-02
   1.0084722e-01
   7.6201968e-02
   2.3637313e-02
   4.8121020e-02
   4.8884187e-02
   4.1610096e-02
   2.5955537e-02
   1.0117291e-02
   5.7851225e-02
   7.8370333e-02
   4.9280860e-02
   6.3487276e-02
   7.4147627e-02
   5.6536674e-02
   3.6935687e-02
   3.5084061e-02
   4.4906326e-02
   6.4986110e-02
   9.4363391e-02
   5.5029046e-02
   3.6403820e-02
   8.5895121e-02
   7.2445408e-02
   9.9241108e-02
   1.1976280e-01
   9.6548371e-02
   8.4293835e-02
   5.6869738e-02
   3.0929176e-02
   6.6549636e-02
   7.7517778e-02
   6.1085004e-02
   6.0437620e-02
   6.5341204e-02
   7.5711302e-02
   4.6269700e-02
   2.5400802e-02
   3.1956676e-02
   4.1413929e-02
   3.2654058e-02
   4.2094558e-02
   4.6565775e-02
   5.3109173e-02
   5.6562003e-02
   9.0600587e-02
   1.0944362e-01
   1.5530114e-01
   1.8170722e-01
   1.1259104e-01
   6.5447420e-02
   3.5586488e-02
   1.3101092e-02
   8.1022643e-03
   3.1788565e-02
   1.1246817e-01
   1.4673461e-01
   9.6655607e-02
   8.9897893e-02
   4.4369258e-02
   4.9088024e-02
   1.0290243e-01
   9.5275134e-02
   4.5997784e-02
   8.0844298e-02
   4.8019301e-02
   5.1265676e-02
   1.9210866e-02
   1.6918093e-02
   8.3289623e-02
   7.4438743e-02
   6.1413787e-02
  -1.4374560e-02
  -3.6549028e-02
   5.7410058e-02
   1.7463118e-01
   1.7758879e-01
   1.2326001e-01
   6.7525111e-02
   8.3707295e-02
   6.9971465e-02
   1.5639409e-02
   1.0225368e-01
   5.8066124e-01
   7.6078975e-01
   4.0332282e-01
   1.5223423e-01
   1.1578902e-01
   1.4130292e+00
   5.0792236e+00
   4.7470608e+00
   1.9143020e+00
   4.7029659e-01
   1.8661886e-01
   2.6571938e-01
   4.4123209e-01
   8.3607495e-01
   8.6342388e-01
   4.1729072e-01
   1.6139843e-01
   5.3799249e-02
   1.0099684e-01
   1.8454540e-01
   2.6368955e-01
   3.0236858e-01
   1.9969009e-01
   8.7633170e-02
   6.5831333e-02
   1.0602388e-01
   1.2695356e-01
   1.3435918e-01
   2.4069928e-01
   3.4787098e-01
   2.2438876e-01
   6.1888091e-02
   4.7147803e-02
   1.8278740e-02
   3.5461809e-02
   4.4334594e-02
   5.2966207e-02
   3.2932106e-02
   4.2741831e-02
   3.4936760e-02
   6.3404016e-02
   3.3015192e-02
   2.2908701e-02
   4.3146301e-02
   2.5583666e-02
  -1.3581289e-02
   4.7801729e-02
   9.4912022e-02
   7.2575279e-02
   3.2052279e-02
   2.5298344e-02
   7.0630074e-02
   1.9908200e-01
   2.2213180e-01
   8.2571246e-02
   8.0265880e-02
   2.1266171e-01
   3.1889513e-01
   2.3596270e-01
   1.0212699e-01
   1.4495076e-01
   1.9918883e-01
   1.5019894e-01
   4.7406338e-02
   5.6077290e-02
   2.3448619e-01
   9.9865830e-01
   1.2206429e+00
   5.9033442e-01
   1.7693762e-01
   4.9472947e-02
   3.3400923e-02
   8.3452865e-02
   1.8699589e-01
   2.4950318e-01
   1.5210807e-01
   8.3210625e-02
  -1.3871687e-02
   3.4565937e-02
   9.8251209e-02
   1.0434568e-01
   4.8673168e-02
  -1.4029815e-03
   1.9789319e-02
   4.4470429e-02
   3.4374293e-02
   5.9445746e-02
   3.3090789e-02
   7.8371435e-02
   8.9139365e-02
   8.3854735e-02
   2.7385421e-02
   3.3615068e-02
   1.0434429e-01
   6.3704781e-02
   6.0299974e-02
   5.8817137e-02
   5.0430804e-02
   7.3184676e-02
   6.0263775e-02
   7.5898923e-02
   3.4157135e-02
   5.3785052e-02
   3.4525760e-02
   3.1817418e-02
   5.2546881e-02
   7.3327005e-02
   1.2218472e-01
   1.0359377e-01
   7.7058241e-02
   9.9513665e-02
   1.4097129e-01
   1.3059972e-01
   6.1990704e-02
   4.3318752e-02
   1.8013465e-01
   2.3175308e-01
   1.1131714e-01
   1.7471347e-02
   1.5634364e-01
   6.6305041e-01
   8.0449611e-01
   3.9169207e-01
   1.7053781e-01
   2.3977461e-01
   1.1824411e+00
   1.7188919e+00
   9.6736842e-01
   3.2391137e-01
   1.0781238e-01
   2.2106022e-01
   2.7279976e-01
   3.0434996e-01
   3.0477226e-01
   1.7204651e-01
   5.9140723e-02
   4.0532634e-02
   6.1150126e-02
   7.6349564e-02
   9.3858033e-02
   1.4076369e-01
   1.6177443e-01
   7.6734439e-02
   2.3168975e-02
   1.7798530e-02
   4.1346285e-02
   3.4931071e-02
   3.3469193e-02
   3.4383606e-02
   1.6658494e-02
   2.8301314e-02
   2.0950027e-02
   7.6102719e-02
   7.3397763e-02
   5.1531244e-02
   2.2528391e-02
   8.4288061e-02
   1.0458778e-01
   3.6324956e-02
   4.3817826e-02
   3.0630583e-02
   3.8139384e-02
   3.7099302e-02
   4.9352229e-02
   7.1327887e-02
   1.1230333e-01
   1.1055991e-01
   5.2283484e-02
   4.2809680e-02
   3.8055912e-02
   7.4520923e-02
   1.2826899e-01
   1.0319161e-01
   7.8517079e-02
   1.0132737e-01
   8.9821361e-02
   9.3723170e-02
   6.5029889e-02
   1.4748383e-01
   2.7186736e-01
   2.1594121e-01
   1.2451997e-01
   6.0767543e-02
   1.2410559e-01
   3.6094263e-01
   4.6493325e-01
   2.8345028e-01
   9.9018969e-02
   5.4218784e-02
   7.3535375e-02
   5.3989805e-02
   9.7709179e-02
   1.0782302e-01
   7.8710988e-02
   4.3555383e-02
   4.3884940e-02
   5.7701677e-02
   4.1443404e-02
   2.2031739e-02
   1.1885446e-02
   1.8083956e-02
   2.4807101e-02
   1.6862255e-02
   1.7612189e-02
   1.0139259e-01
   1.8837632e-01
   1.4174251e-01
   8.4366165e-02
   2.6051356e-02
   4.0028602e-02
   2.2160847e-02
   1.0342464e-02
   6.5249674e-02
   5.0629500e-02
   6.7325607e-02
   3.6833823e-02
   5.1638566e-02
   8.9185186e-02
   1.1778729e-01
   9.2761829e-02
   2.7511995e-02
   2.0981742e-02
   8.2718939e-02
   8.2470477e-02
   4.9666755e-02
   4.4767089e-02
   5.4160099e-02
   4.3777242e-02
   5.2891195e-02
   6.2786393e-02
   8.2372077e-02
   4.5242250e-02
   5.4410331e-02
   6.1033312e-02
   6.5806463e-02
   4.3784756e-02
   4.9704522e-02
   8.7217599e-02
   1.2567468e-01
   7.3756106e-02
   1.8018911e-02
   3.4730826e-02
   1.3160883e-01
   1.6517064e-01
   1.3734931e-01
   3.0922566e-02
   4.6490915e-02
   8.4538370e-02
   1.4121963e-01
   1.0756645e-01
   4.8337191e-02
  -1.9226789e-03
  -1.7931266e-03
   2.0161854e-02
   4.6385445e-02
   8.5373402e-02
   1.2032566e-01
   1.1127803e-01
   9.5286220e-02
   5.5864092e-02
   3.3544097e-02
   6.8727434e-02
   1.0213195e-01
   6.0655590e-02
   5.3186052e-02
   7.5615875e-02
   1.5934433e-01
   3.4922457e-01
   3.3248955e-01
   1.7031828e-01
   9.5596157e-02
   8.3904497e-02
   1.9246723e-01
   1.9433688e-01
   1.7983946e-01
   1.0229962e-01
   7.0092261e-02
   1.3603246e-01
   1.0694733e-01
   4.6674866e-02
   8.7917894e-02
   1.1193651e-01
   7.1443133e-02
   5.3982522e-02
   7.0965320e-02
   4.9166881e-02
   3.1833302e-02
   1.2594746e-02
   2.6118880e-02
   3.6429863e-02
   2.8605757e-02
   1.9456571e-02
  -3.6928779e-03
   8.2466705e-03
   8.9588411e-02
   1.0764181e-01
   8.8471197e-02
   3.7636388e-02
   7.1922824e-02
   5.6109209e-02
   7.4140131e-02
   4.6750017e-02
   2.7339745e-02
   1.8150421e-02
   4.2261075e-02
   2.8312201e-02
   4.8139509e-02
   5.6192636e-02
   6.7628920e-02
   4.5076046e-02
   5.1573135e-02
   5.6513485e-02
   4.5702599e-02
   5.7563592e-02
   5.0507050e-02
   2.0491006e-03
   4.3826740e-02
   5.5001300e-02
   3.9133169e-02
   7.7688932e-02
   9.7280860e-02
   9.6847400e-02
   4.1000236e-02
   2.5739629e-02
   6.8872109e-02
   1.4572185e-01
   5.2076980e-02
   3.1278126e-02
   4.2453639e-02
   5.2507609e-02
   2.3163971e-02
   3.9442781e-02
   7.1479447e-02
   6.0378619e-02
   1.6789030e-02
   3.2740276e-02
   5.4730922e-02
   4.9081322e-02
   5.1692471e-02
   3.2957491e-02
   2.0547833e-02
   2.7169712e-02
   1.2902668e-02
   4.1001972e-02
   5.4647684e-02
   4.6577144e-02
   9.7097993e-02
   1.2648079e-01
   1.0912892e-01
   4.3034993e-02
   3.0438561e-02
   4.2593263e-02
   1.0300364e-01
   1.5100099e-01
   1.5775417e-01
   9.9166520e-02
   1.5431003e-01
   2.2178712e-01
   1.8564132e-01
   1.1349141e-01
   1.1257005e-01
   3.2345605e-01
   4.7639373e-01
   3.4218335e-01
   8.4249943e-02
   5.9359487e-02
   6.4884651e-01
   1.4011952e+00
   1.0179998e+00
   3.2462677e-01
   2.3970351e-01
   1.1184127e+00
   2.0280795e+00
   1.5855798e+00
   8.0101192e-01
   3.3580962e-01
   3.5915974e-01
   3.4267291e-01
   2.3553428e-01
   5.5633817e-02
   8.3483070e-02
   2.2389802e-01
   1.9874221e-01
   9.7755186e-02
   6.2686108e-02
   1.6125642e-01
   1.9540156e-01
   1.6613321e-01
   1.1451509e-01
   1.2909828e-01
   6.3863114e-02
   5.3968288e-02
   1.1899716e-02
  -1.1328435e-02
   2.6414646e-03
  -2.5064670e-03
   1.7840600e-02
   6.1458621e-02
   9.2494950e-02
   3.5251763e-02
   4.4895504e-02
   7.9255849e-02
   8.3182216e-02
   4.6151549e-02
   4.6653409e-02
   8.3432123e-02
   1.1922125e-01
   1.4166707e-01
   1.7316701e-01
   1.0630102e-01
   8.8379920e-02
   8.7093405e-02
   4.5195512e-02
   5.6689586e-02
   5.3171489e-02
   2.2587894e-02
   3.8344495e-02
   7.2209679e-02
   1.1054627e-01
   7.5721718e-02
   3.5629220e-02
   3.1164568e-02
   2.2644368e-01
   5.1954120e-01
   4.6265098e-01
   2.2004128e-01
   8.4879376e-02
   1.2710474e-01
   2.3679091e-01
   2.5708687e-01
   1.6426855e-01
   9.0036124e-02
   9.4364688e-02
   1.3544592e-01
   1.0652198e-01
   4.8743263e-02
   7.4572951e-02
   7.7942163e-02
   7.9175338e-02
   4.0253170e-02
   3.6933109e-02
   5.6578919e-02
   3.2861836e-02
   2.7295968e-02
   1.6779711e-02
   7.9988474e-03
   1.5384479e-02
   4.0097963e-02
   6.0096420e-02
  -2.6313434e-03
  -7.2275363e-03
  -2.5956817e-03
   4.5853220e-02
   6.2129647e-02
   8.5956946e-02
   1.3061558e-01
   1.0284476e-01
   6.0154967e-02
   4.3979492e-02
   4.3411274e-02
   7.7216528e-02
   9.1007560e-02
   1.9775094e-02
   1.8526055e-02
   4.1471351e-02
   5.7685059e-02
   6.4873755e-02
   3.0550491e-02
   4.3370899e-02
   6.3494816e-02
   6.0186692e-02
   1.1896130e-01
   2.2744243e-01
   3.1269056e-01
   2.5565529e-01
   1.1288933e-01
   9.1579325e-02
   1.0354745e-01
   2.0818672e-01
   3.1433654e-01
   1.8379810e-01
   7.4938305e-02
   8.6018160e-02
   4.0823829e-01
   5.3331572e-01
   4.0920061e-01
   1.6743943e-01
   6.6239484e-02
   1.2382886e-01
   9.5395856e-02
   5.8414664e-02
   3.5479877e-02
   2.5256768e-02
   5.0826974e-02
   6.3760974e-02
   1.0286329e-02
   3.1163819e-02
   5.0148193e-02
   2.5068052e-02
   5.6795090e-02
   2.6266050e-02
   1.6650189e-02
   5.7163607e-02
   6.3334815e-02
   2.5843853e-02
   5.3073626e-02
   2.8797597e-02
   3.0910510e-03
   4.8061728e-02
   1.2399850e-01
   8.0371596e-02
   5.8208209e-02
   4.3122955e-02
   6.3059211e-02
   9.4387464e-02
   8.0102213e-02
   8.9319594e-02
   8.6208597e-02
   5.9964422e-02
   3.9900251e-02
   5.0849169e-02
   5.2083965e-02
   2.8213413e-02
  -1.0461376e-02
   4.7391360e-03
   4.5343898e-02
   2.0308679e-02
   5.3461380e-02
   5.8945399e-02
   1.1050813e-01
   1.0652570e-01
   5.6447156e-02
   7.0729345e-02
   1.2324201e-01
   1.1601615e-01
   5.4480050e-02
   6.5874606e-02
   4.6690304e-02
   9.1478579e-02
   8.1523545e-02
   1.1661320e-02
   4.4586584e-02
   4.2121969e-02
   5.8127247e-02
   1.0396022e-01
   6.0608886e-02
   6.0935542e-02
   7.1821429e-02
   1.6684876e-01
   1.6643426e-01
   1.0868853e-01
   7.5787120e-02
   5.1032286e-02
   1.0700175e-02
   1.0967647e-02
   2.8893882e-02
   3.0853443e-02
   3.0246569e-02
   3.7383903e-02
   2.6726987e-02
   3.7734114e-02
   5.4451276e-02
   5.8634523e-02
   4.1378472e-02
   5.4845404e-02
   4.6303678e-02
   3.1523019e-02
   3.4278750e-02
   3.9674394e-02
   3.6209829e-02
   2.1194063e-02
   3.8349342e-02
   1.8976776e-02
   2.6389064e-02
   3.8111031e-02
   3.5685234e-02
   6.6736557e-02
   7.0326135e-02
   4.1140672e-02
   3.7183397e-02
   5.2572105e-02
   5.7781920e-02
   9.5988065e-02
   1.0319338e-01
   6.9077268e-02
   5.3679071e-02
   4.0538289e-02
   2.7303575e-02
   4.5151785e-02
   8.9204751e-02
   8.3580896e-02
   7.0198484e-02
   1.0661823e-01
   1.8201460e-01
   1.7701408e-01
   9.0098239e-02
   1.7889600e-02
   5.0088551e-02
   4.7474612e-02
   4.6877887e-02
   3.2809440e-02
   3.8291302e-02
   3.6894552e-02
   3.2627773e-02
   2.6805349e-02
   4.9651884e-02
   3.5024140e-02
   2.9301653e-02
   4.2085886e-02
   7.8223005e-02
   2.6472069e-02
   1.7358415e-02
   4.3211479e-02
   2.6126970e-02
   3.7411954e-02
   5.2242041e-02
   2.2126865e-02
   2.8929615e-02
   2.2021713e-02
   5.1946852e-02
   6.1300352e-02
   1.0802119e-01
   5.1544853e-02
   4.0502571e-02
   3.9539430e-02
   5.4785598e-02
   4.9277712e-02
   3.9015938e-02
   3.3727389e-02
   2.9574296e-02
   5.5914737e-02
   1.8228179e-02
   3.6591209e-02
   4.6660248e-02
   7.9865223e-03
   5.5757970e-02
   4.6516702e-02
   4.7715332e-02
   4.6581093e-02
   4.9736965e-02
   4.6135906e-02
   3.9723381e-02
   4.0610138e-02
   3.1863403e-02
   2.9989477e-02
   3.7530616e-02
   5.7912357e-02
   6.0471643e-02
   4.1076854e-02
   2.0201856e-02
   5.3713936e-02
   5.6600168e-02
   5.1706530e-02
   1.6249595e-03
   2.8828014e-02
   6.5424077e-02
   1.0524672e-01
   7.7060074e-02
   4.3633271e-02
   4.7782972e-02
   3.8597893e-02
   1.4675749e-02
   6.3297586e-03
   2.7333772e-02
   2.4866553e-02
   3.2009196e-02
   4.6393093e-02
   4.2518757e-02
   1.6356710e-02
   2.7360398e-02
   4.3705042e-02
   5.1006138e-02
   5.7389416e-02
   3.6682077e-02
   6.2327038e-02
   3.5903729e-02
   3.2632332e-02
   7.5106835e-03
   2.2796590e-02
   4.7685727e-02
   1.9258339e-02
   2.2466347e-02
   3.1824302e-02
   9.5566148e-03
   4.7967430e-02
   4.4722982e-02
   2.9258130e-02
   3.7818816e-02
   4.1012108e-02
   2.8250976e-02
   3.2907736e-02
   5.3882692e-02
   6.9215827e-02
   4.5158427e-02
   2.7443014e-02
   4.0048949e-02
   9.0394899e-02
   6.6888005e-02
   3.0292602e-02
   5.0973136e-02
   6.1474673e-02
   9.0603761e-02
   8.2772382e-02
   4.6267100e-02
   1.6915616e-02
   2.4170168e-02
   3.5189696e-02
   5.9856638e-02
   3.5486337e-02
   2.1001261e-02
   2.7890585e-02
   8.4249461e-03
   3.6254190e-02
   6.3664779e-02
   4.7873702e-02
   1.7888080e-02
   5.0381005e-02
   4.7409713e-02
   7.0050545e-02
   6.3819692e-02
   4.7805026e-02
   1.8244302e-02
  -2.2426307e-04
   1.5672717e-02
   3.3881519e-02
   3.8851377e-02
   6.3155219e-02
   4.8689701e-02
   2.9216101e-02
   2.0387629e-02
  -1.3293362e-03
   6.8397257e-03
   3.8090792e-02
   6.4321108e-02
   4.7259655e-02
   1.9193327e-02
   2.0346161e-02
   4.6262145e-02
   7.6979049e-02
   4.0059194e-02
   2.1714475e-02
   1.6726064e-02
   4.5770310e-02
   3.1173386e-02
   1.3267771e-02
   3.5901524e-02
   1.6996942e-02
   1.4636677e-02
   2.7425479e-02
   9.6173741e-02
   2.6525682e-01
   2.3983087e-01
   1.1397684e-01
   4.9112264e-02
   1.0815818e-01
   1.1161408e-01
   7.6631293e-02
   8.6232148e-02
   4.4640485e-02
   2.3780609e-02
   4.0828276e-02
   2.9921338e-02
   3.8283035e-02
   5.7871412e-02
   2.4698563e-02
   4.4438828e-02
   2.6665777e-02
  -8.9972047e-03
   1.5186998e-02
   2.7414711e-02
   3.7649706e-02
   2.8732352e-02
   1.6669167e-02
   3.5249077e-02
   5.1560279e-02
   4.9237747e-02
   6.1625000e-02
   4.1343521e-02
   4.6986584e-02
   3.5428252e-02
   3.1921744e-02
   1.1511041e-02
   1.8193988e-02
   4.4123389e-02
   4.8189465e-02
   2.2039423e-02
   4.1665837e-02
   5.6489889e-02
   6.5376781e-02
   1.7626103e-02
   3.3817016e-02
   5.8627363e-02
   1.4426748e-02
   3.0157089e-02
   4.1223321e-02
   3.9115753e-02
   3.9734200e-02
   3.9849330e-02
   4.8310667e-02
   4.7925275e-02
   1.5076610e-02
   2.7840901e-02
   9.9102959e-02
   9.5424250e-02
   6.9330975e-02
   5.3228382e-02
   8.2835704e-02
   7.4524723e-02
   4.9418606e-02
   5.2924618e-02
   4.4315837e-02
   5.4254223e-02
   3.1697851e-02
   2.6943551e-02
   3.8875941e-02
   4.0968541e-02
   4.2029053e-02
   4.5119472e-02
   6.3705444e-02
   6.7869388e-02
   3.5184842e-02
   5.8377936e-02
   2.9001549e-02
   3.1827446e-02
   4.8377715e-02
   6.2369671e-02
   5.6221254e-02
   4.4089962e-02
   4.6086457e-02
   4.8097506e-02
   4.7214963e-02
   4.0406551e-02
   4.7904350e-02
   3.9406959e-02
   7.9738703e-03
   2.4939952e-02
   1.3446428e-02
   1.4796472e-02
   3.8982529e-02
   7.0365876e-02
   3.3455085e-02
   3.2470644e-02
   3.4109171e-02
   6.4169966e-02
   5.7747871e-02
   7.0251204e-02
   5.9549395e-02
   1.2168873e-02
   4.0863857e-02
   8.6083509e-02
   3.2981802e-02
   1.8981531e-02
   2.6188631e-02
   4.1425459e-02
   3.2507330e-02
   3.4530196e-02
   4.4086516e-02
   1.6128914e-02
   3.6365453e-02
   5.0558895e-02
   4.1927803e-02
   4.7013909e-02
   6.9293663e-02
   4.7820151e-02
   3.0340035e-02
   1.8763516e-02
   5.4982058e-03
   1.3316240e-02
   2.3216417e-02
   1.8713655e-02
   3.2937523e-02
   3.8341999e-02
   4.9971756e-02
   4.0603757e-02
   3.5482865e-02
   2.9726759e-02
   1.5098428e-02
   2.8442314e-02
   2.4692999e-02
   2.1083778e-02
   2.1639386e-04
   5.8302160e-02
   3.2109622e-02
   5.4088347e-02
   4.8166063e-02
   4.1377719e-02
   1.3390569e-02
   2.7287249e-02
   2.1141538e-02
   1.0483817e-02
   5.1778127e-02
   3.0959556e-02
   1.9304486e-02
   3.0897712e-02
   5.5922762e-02
   5.5311818e-02
   4.6128601e-02
   3.1178556e-02
   3.0638816e-02
   1.8088080e-02
   1.7628923e-02
   5.9551495e-04
   2.0006686e-02
   2.7896419e-02
   3.3221610e-02
   3.0960582e-02
   1.7370647e-02
   2.0820023e-02
   7.0849329e-02
   6.8939872e-02
   3.3110280e-02
   2.2660863e-02
   2.9342230e-02
   3.3807732e-02
   3.5961237e-02
   5.9289910e-02
   3.0578855e-02
   1.9750251e-02
   3.5836637e-02
   1.7971620e-02
   2.3223357e-02
   3.7298266e-02
   4.4201713e-02
   6.3565694e-02
   8.3055362e-02
   5.5259690e-02
   3.9196372e-02
   4.3472279e-02
   1.9948643e-02
   2.4277331e-02
   3.2959111e-02
   1.0835061e-02
   1.3825472e-02
   4.8050817e-02
   2.5506126e-02
   1.6525144e-02
   1.5553948e-02
   2.6969668e-02
   5.7587698e-02
   4.6904869e-02
   2.5649454e-02
   3.0517282e-02
   3.4147110e-02
   3.3678487e-02
   3.8247671e-02
   4.6554562e-02
   5.7087120e-02
   3.0887626e-02
   1.8578079e-02
   4.4174377e-02
   5.1422089e-02
   3.7517585e-02
   4.0486895e-02
   4.2724185e-02
   3.6649797e-02
   4.2375080e-02
   2.2623330e-02
   2.8515916e-02
   3.1904478e-02
   2.7549390e-02
   3.6252052e-02
   4.4376828e-02
   3.1638544e-02
   5.6272976e-02
   3.4994639e-02
   2.4197940e-02
   4.4948868e-02
   5.0812747e-02
   4.9995970e-02
   2.5713274e-02
   5.9364969e-03
   3.8318366e-02
   2.6999345e-02
   3.1430237e-02
   3.3072148e-02
   2.7199589e-02
   2.5494277e-02
   3.2917399e-02
   3.8503300e-02
   6.3050903e-02
   4.8096109e-02
   4.9907181e-02
   4.1580100e-02
   3.6029816e-02
   1.3982568e-02
   3.2257199e-02
   3.5486538e-02
   4.6814714e-02
   7.6983958e-02
   4.5652729e-02
   2.9609509e-02
   4.2015363e-02
   1.9082256e-02
   4.4384174e-02
   4.7772776e-02
   1.2206275e-02
   2.2434911e-02
   2.8968863e-02
   3.7062094e-02
   5.0663251e-02
   2.2878595e-02
   2.4721619e-02
   5.9587549e-02
   2.7440302e-02
   2.6795758e-02
   2.3503192e-02
   2.8965890e-02
   1.9267209e-02
   1.9546075e-02
   2.1256216e-02
   4.6374764e-02
   1.7915457e-02
   1.8920695e-02
   3.6170855e-02
   4.9273714e-02
   4.1707527e-02
   3.8906030e-02
   3.7797730e-02
   2.4369139e-02
   4.0818054e-02
   3.5937350e-02
   1.1950319e-02
   9.0700593e-03
   1.7683869e-02
   6.7586079e-03
   8.3222426e-03
   1.2515292e-02
   4.4374108e-02
   4.0151920e-02
   1.6732208e-02
   1.0099095e-02
   3.2742210e-02
   5.3335965e-02
   2.0015018e-02
   1.9124860e-02
   2.9428659e-02
   3.7171286e-02
   4.2220689e-02
   3.8008537e-02
   2.3660412e-02
   2.4419520e-02
   2.6927430e-02
   4.2001922e-02
   1.8962476e-02
   3.1241419e-02
   2.3545729e-02
   2.9812533e-02
   2.2943970e-02
   1.7428854e-02
   2.7805418e-02
   2.0907506e-02
   3.8146537e-02
   5.4988921e-02
   2.9067824e-02
   4.1403320e-02
   3.7559129e-02
   3.2220364e-02
   6.1210211e-02
   9.4764836e-02
   6.0933888e-02
   6.1559997e-02
   5.3516299e-02
   3.9694395e-02
   2.5067016e-02
   5.5736203e-02
   7.3488258e-02
   3.0467633e-02
   5.9474789e-02
   6.1185833e-02
   4.9418148e-02
   4.3448035e-02
   6.0311560e-02
   3.7588395e-02
   1.2662794e-02
   2.4876140e-02
   3.0766821e-02
   5.1690698e-02
   3.2718528e-02
   5.2553739e-02
   5.7067852e-02
   4.9574304e-02
   6.5175816e-02
   5.8162197e-02
   6.2153853e-02
   7.0833020e-02
   7.2803840e-02
   4.8606470e-02
   4.8050951e-02
   6.5172091e-02
   3.7161205e-02
   2.2256844e-02
   2.6305137e-02
   4.3809146e-02
   3.8905434e-02
   4.1597221e-02
   1.1311679e-02
   2.7799973e-02
   1.6751243e-02
   1.1005323e-02
   1.9273920e-02
   4.1767955e-02
   6.6911593e-02
   5.1265404e-02
   3.2321990e-02
   2.8824607e-02
   1.0434389e-02
   2.1800449e-02
   1.7177859e-02
   2.6443740e-02
   1.4126795e-02
   3.4179661e-02
   1.1839421e-01
   1.4284240e-01
   1.1064840e-01
   4.5981098e-02
   3.2955971e-02
   3.2587472e-02
   3.2416701e-02
   1.6701611e-02
   2.1225367e-02
   2.5209529e-02
   3.2917976e-02
   3.5304256e-02
   3.1469822e-02
   2.9850913e-02
   2.2291584e-02
   5.4090027e-02
   5.5700947e-02
   3.6312256e-02
   3.3495702e-02
   2.9035145e-02
   5.1203899e-02
   1.9764950e-02
   3.3348322e-02
   2.0921810e-02
   2.1128526e-02
   6.6277268e-03
   2.5883354e-02
   5.0138406e-02
   1.3446776e-02
   3.2453850e-02
   3.4684416e-02
   4.3328788e-02
   2.1601617e-02
   2.9531503e-02
   5.2329149e-02
   3.0530715e-02
   2.3930738e-02
   1.7684419e-02
   2.2063887e-02
   5.1282767e-02
   3.0028354e-02
   8.0343008e-02
   1.1187895e-01
   8.0911256e-02
   4.0010728e-02
   1.8909918e-02
   5.1816180e-03
   9.0313498e-03
   3.3796966e-02
   2.1124825e-02
   1.5640641e-02
   2.9361585e-02
   3.6463227e-02
   3.7726879e-02
   5.9916325e-02
   3.8514301e-02
   5.4963805e-02
   4.4868477e-02
   3.9236147e-02
   2.9765049e-02
   3.2463521e-02
   2.1855835e-02
   2.7677959e-02
   2.3844808e-02
   2.8817162e-02
   4.4499550e-02
   4.1253496e-02
   2.8451726e-02
   2.4351509e-02
   2.0881778e-02
   3.6552809e-02
   3.2840125e-02
   4.2198680e-02
   3.5530876e-02
   3.2156423e-02
   3.9042540e-02
   2.6987355e-02
   7.9153599e-03
   2.2702346e-02
   5.4890499e-02
   5.2678008e-02
   2.8110527e-02
   3.1043820e-02
   1.6049430e-02
   2.3656720e-02
   1.7557455e-02
   2.8961062e-02
   2.8347103e-02
   6.9918066e-02
   3.8059685e-02
   5.9426364e-02
   5.3411454e-02
   3.7858598e-02
   3.8940210e-02
   1.2379767e-02
   2.4776643e-02
   5.3769499e-02
   2.7127871e-02
   3.9962161e-02
   3.5280477e-02
   5.1934209e-02
   3.7056368e-02
   4.1788615e-02
   3.0718578e-02
   2.0507919e-02
   2.7837064e-02
   3.4135625e-02
   2.2652667e-02
   5.3861409e-02
   6.6570342e-02
   5.0130982e-02
   2.2091068e-02
   3.4860078e-02
   4.1893419e-02
   3.7043903e-02
   3.4532338e-02
   4.6606075e-02
   5.8537070e-02
   5.0654594e-02
   2.5408324e-02
   2.1573544e-02
   4.7196202e-02
   3.2381080e-02
   4.9679846e-02
   5.0353222e-02
   4.6503741e-02
   6.8355836e-02
   1.7701736e-02
   3.6681194e-02
   5.0627802e-02
   4.3235719e-02
   4.1819472e-02
   3.2142539e-02
   2.9423684e-02
   4.2404138e-02
   2.6395129e-02
   2.9957544e-02
   3.8915452e-02
   2.7320618e-02
   5.2429970e-02
   6.6718526e-02
   5.8078196e-02
   2.3783740e-02
   4.2346649e-02
   2.9958205e-02
   1.2275220e-02
   1.9599205e-02
   2.4389168e-02
   1.2207636e-02
   1.1524975e-02
   5.8563087e-02
   4.6574734e-02
   5.5325732e-02
   3.9614663e-02
   1.7702291e-02
   1.0743678e-02
   1.7660318e-02
   1.6102081e-02
   4.2566471e-02
   4.3135602e-02
   3.5197966e-02
   3.5770644e-02
   3.2723371e-02
   2.8013298e-02
   5.0522517e-02
   4.0728964e-02
   6.0610447e-02
   4.9384810e-02
   4.2345542e-02
   3.8064513e-02
   2.8329177e-02
   3.6084831e-02
   4.0328760e-02
   3.5994988e-02
   3.7616182e-02
   3.0055802e-02
   1.7377915e-02
   5.8460876e-02
   1.9435411e-02
   2.2482488e-02
   4.8714042e-02
   3.2267440e-02
   2.8845141e-02
   3.1686384e-02
   2.6077140e-02
   3.8004011e-02
   3.7649535e-02
   3.0578429e-02
   4.8044421e-02
   3.7630543e-02
   3.7364628e-02
   3.6933955e-02
   3.1515889e-02
   4.4026352e-02
   4.1422442e-02
   3.8304538e-02
   2.9493300e-02
   1.9116422e-02
   1.9451708e-02
   1.4650927e-02
   2.0731181e-02
   2.0911131e-02
   3.4182247e-02
   2.2770455e-02
   3.9319832e-02
   4.9060233e-02
   3.1294819e-02
   3.1331766e-02
   4.1920818e-02
   2.8017083e-02
   1.6279699e-02
   1.5244842e-02
   5.7427295e-02
   2.6111156e-02
   1.8076189e-03
   4.4965863e-02
   4.3191351e-02
   3.1740226e-02
   5.3218137e-02
   5.8179118e-02
   4.8089169e-02
   3.8224638e-02
   3.3070583e-02
   4.6301052e-02
   3.5612114e-02
   3.2066099e-02
   2.9439291e-02
   3.0941099e-02
   3.6105596e-02
   4.2455450e-02
   3.6372956e-02
   3.6635511e-02
   4.7157172e-02
   2.3094045e-02
   3.9117854e-02
   4.7381219e-02
   4.8355572e-02
   3.5897151e-02
   2.9554604e-02
   2.2766383e-02
   2.1376790e-02
   2.2101462e-02
   1.5084603e-02
   1.9681545e-02
   3.6052912e-02
   5.1475678e-02
   4.2385437e-02
   5.6378353e-02
   5.8532346e-02
   3.9866585e-02
   3.0063832e-02
   3.6462322e-02
   1.6186872e-02
   1.1574084e-02
   2.4614921e-02
   1.9848369e-02
   3.4330625e-02
   5.2902188e-02
   5.8796771e-02
   3.9986905e-02
   5.4429583e-02
   5.2043490e-02
   5.4191072e-02
   3.5683472e-02
   2.4634143e-02
   3.1415291e-02
   2.6448602e-02
   2.2258425e-02
   1.6637001e-02
   3.1020297e-02
   6.2454470e-02
   3.4395568e-02
   5.7916343e-02
   7.3729068e-02
   3.8967498e-02
   2.5701586e-02
   3.4377694e-02
   8.2208654e-03
   2.6123159e-02
   3.9614536e-02
   3.6890440e-02
   1.9658851e-02
   1.2233533e-02
   1.9155800e-02
   1.8593311e-02
   1.5207204e-02
   1.2752634e-02
   2.1515522e-02
   3.5495465e-03
   3.1855378e-02
   4.0596634e-02
   4.1330982e-02
   3.4961253e-02
   2.6297733e-02
   3.2056004e-02
   5.2769922e-02
   2.1385366e-02
   4.3535221e-02
   3.6126453e-02
   4.9609091e-02
   7.5820357e-02
   6.0250085e-02
   5.1438633e-02
   4.5432504e-02
   6.3456088e-02
   2.7688770e-02
   3.2231625e-02
   4.2032361e-02
   5.5205148e-02
   5.6781996e-02
   3.1938199e-02
   3.2330167e-02
   2.1382367e-02
   3.2010898e-02
   3.6517944e-02
   2.3348549e-02
   2.3645807e-02
   2.3354899e-02
   4.3551918e-02
   3.4426056e-02
   1.1259469e-02
   1.5860196e-02
   2.6328119e-02
   1.0444621e-01
   1.0061045e-01
   6.7511104e-02
   4.4708796e-02
   3.3440441e-02
   3.0181229e-02
   1.2987969e-02
   2.8815294e-02
   4.6173599e-02
   1.9001627e-02
   2.8229134e-02
   4.0019386e-02
   1.9649606e-02
   1.8279914e-02
   3.1909630e-02
   7.2099000e-02
   7.7059813e-02
   4.2098887e-02
   3.5525348e-02
   3.6231458e-02
   1.9877695e-02
   3.7484402e-03
   3.1561717e-02
   6.5386422e-02
   9.7253144e-02
   9.2578560e-02
   6.6274710e-02
   3.8482253e-02
   2.6750408e-02
   2.4035063e-02
   2.9646857e-02
   3.1776600e-02
   8.8493591e-03
   7.5461674e-03
   5.2005056e-02
   2.7231844e-02
   1.8754918e-02
   4.9338501e-02
   6.7869917e-02
   7.4690312e-02
   5.9785470e-02
   4.4080961e-02
   5.0142262e-02
   1.6011825e-02
   3.2972947e-02
   5.5344608e-02
   6.0313724e-02
   6.7821108e-02
   5.2963205e-02
   2.5302783e-02
   1.5848663e-02
   5.4201711e-02
   5.8757119e-02
   6.0251132e-02
   2.3347709e-02
   4.1112237e-02
   5.4405134e-02
   5.8724374e-02
   6.9898307e-02
   4.4911601e-02
   2.6622063e-02
   2.3832543e-02
   3.8956326e-02
   5.2630056e-02
   1.8847449e-02
   2.9293837e-02
   2.4628969e-02
   5.5506926e-02
   6.8607025e-02
   5.5682883e-02
   5.0441183e-02
   1.1921283e-02
   2.4806365e-02
   3.2514337e-02
  -1.5812056e-03
   4.5744967e-02
   6.0473982e-02
   6.7461297e-02
   4.5231141e-02
   3.5350598e-02
   4.2685986e-02
   8.2138419e-02
   5.1477339e-02
   6.7880243e-02
   3.7486281e-02
   3.0547881e-02
   3.4893155e-03
   1.0964588e-02
   3.8548853e-02
   7.1503520e-02
   1.0699636e-01
   8.0113657e-02
   4.8935883e-02
   6.8590507e-02
   5.0401531e-02
   3.6571588e-02
   6.3897736e-02
   2.2365272e-01
   4.3371612e-01
   3.6729592e-01
   2.0220298e-01
   9.0816736e-02
   5.5974994e-02
   3.3098176e-02
   4.2102564e-02
   6.7138202e-02
   8.2346708e-02
   7.2373278e-02
   6.0454626e-02
   8.8885911e-02
   8.4392428e-02
   4.2360935e-02
   9.2963263e-02
   2.0052469e-01
   2.2203010e-01
   1.8605770e-01
   8.6627297e-02
   2.5717137e-02
   8.8266535e-03
   2.2244543e-02
   1.3603872e-01
   3.7489432e-01
   4.5588794e-01
   3.2848102e-01
   1.3241984e-01
   9.0762436e-02
   2.5041638e-02
   2.4675271e-02
   2.6190551e-02
   3.9359067e-02
   3.5600264e-02
   3.1594288e-02
   2.2840314e-02
   7.4518092e-02
   6.0991153e-02
   7.5291716e-02
   6.4142719e-02
   5.0696202e-02
   7.7645741e-02
   5.2592479e-02
   5.7208709e-02
   6.0570031e-02
   4.4922207e-02
   2.0708460e-02
   1.2751583e-02
   3.1403773e-02
   2.8690154e-02
   5.2987840e-02
   7.7171944e-02
   6.0334381e-02
   4.8470240e-02
   6.3638680e-02
   7.3631458e-02
   8.9112870e-02
   8.5780159e-02
   8.6343870e-02
   3.2836609e-02
   4.9707863e-02
   7.6293275e-03
   1.2251239e-02
   3.3302914e-02
   3.3758905e-02
   6.8514623e-02
   5.7943385e-02
   6.0230102e-02
   3.5186924e-02
   3.5044387e-02
   3.0916262e-02
   4.4862438e-02
   5.3489424e-02
   5.1500253e-02
   6.6171654e-02
   7.5170569e-02
   3.7638657e-02
   2.2850955e-02
   1.6545629e-02
   1.4823099e-02
   5.4788325e-02
   5.4779720e-02
   1.7571058e-02
   2.0915195e-02
   4.2884622e-02
   1.9087847e-02
   3.1549323e-02
   6.7273408e-02
   6.9536857e-02
   7.5869508e-02
   2.1811167e-02
   1.0360479e-03
   3.8226876e-02
   1.1526810e-01
   9.8152786e-02
   4.6277862e-02
   4.2555325e-02
   2.3394804e-02
   1.7215716e-02
   3.6753330e-02
   7.4007608e-02
   7.0721045e-02
   4.3516301e-02
   3.1171551e-02
   6.3400208e-03
   2.2023803e-02
   3.5626441e-02
   6.5174624e-02
   1.6335462e-01
   3.3538011e-01
   2.7943429e-01
   1.3939983e-01
   6.5962180e-02
   4.1042656e-02
   3.2868700e-03
   3.1392667e-02
   1.0332073e-01
   1.1162857e-01
   8.1158631e-02
   3.5901718e-02
   4.6658549e-02
   2.3545645e-02
   3.5036430e-02
   1.1674672e-01
   1.8014660e-01
   2.0752059e-01
   1.0643633e-01
   6.6904880e-02
   3.0580357e-02
   4.1725509e-02
   5.3340700e-02
   4.8572641e-02
   1.5177754e-02
  -3.8148751e-03
   6.7194253e-02
   1.2938662e-01
   8.9935169e-02
   7.0707060e-02
   5.5740092e-02
   4.3088790e-02
   7.0340909e-02
   4.7087923e-02
   4.6274364e-02
   5.3436983e-02
   3.4933917e-02
   7.6925475e-03
   2.2113476e-02
   5.3124636e-02
   1.0674085e-01
   1.0568187e-01
   8.2470044e-02
   4.8117947e-02
   4.5726541e-02
   5.9491985e-02
   6.0531065e-02
   5.0615199e-02
   5.0767943e-02
   6.0206473e-02
   3.0271597e-02
   5.0298218e-02
   4.2359278e-02
   6.4096324e-02
   5.0663028e-02
   3.0771332e-02
   4.5568768e-02
   4.5877397e-02
   5.8579825e-02
   5.2832484e-02
   7.8324340e-02
   5.4647170e-02
   4.6131566e-02
   7.3602982e-02
   4.5897312e-02
   2.8519519e-02
   1.7216288e-02
   1.1977470e-02
   4.5735040e-03
  -6.9228350e-03
   1.5125611e-02
   4.3696862e-02
   7.7694207e-02
   5.4153260e-02
   6.4508943e-03
   2.0246040e-02
   4.2488568e-02
   4.9986605e-02
   2.5745016e-02
   4.2741105e-02
   9.6809454e-02
   1.6974126e-01
   1.6290013e-01
   1.1879288e-01
   6.0495403e-02
   5.1420867e-02
   7.7385493e-02
   5.1226813e-02
   5.4814667e-02
   7.5894922e-02
   1.6983356e-01
   2.2497779e-01
   1.7751315e-01
   1.2159035e-01
   1.1336215e-01
   8.6226031e-02
   1.6686964e-01
   1.6051891e-01
   1.2087364e-01
   1.4636020e-01
   3.6937788e-01
   4.2862305e-01
   1.9737022e-01
   1.2678070e-01
   1.8037836e-01
   2.0940112e-01
   1.7995805e-01
   1.5954676e-01
   1.4315446e-01
   9.2438027e-02
   7.8565955e-02
   6.2376980e-02
   9.6353374e-02
   4.3289132e-02
   8.1998650e-03
   9.1831982e-03
   1.4552706e-02
   2.3013011e-02
   2.2486631e-02
   4.2423785e-02
   3.5730496e-02
   2.1345427e-02
   1.4024620e-02
   3.5372764e-02
   3.0453859e-02
   1.4245325e-02
   6.8058342e-02
   1.0055380e-01
   8.4173329e-02
   5.3768318e-02
   3.0486193e-02
   2.9419256e-02
   2.3278702e-02
   3.4546670e-02
   6.6856742e-02
   7.5302392e-02
   4.4078603e-02
   8.6995587e-02
   8.1300840e-02
   7.6191761e-02
   4.5784768e-02
   5.2991871e-02
   5.7394560e-02
   6.4222239e-02
   6.4182021e-02
   1.5616833e-01
   1.0384507e-01
   4.9357384e-02
   1.0899453e-02
   2.3670843e-02
   7.1330592e-02
   3.2046776e-02
   1.1305886e-02
   4.4734698e-02
   6.2970422e-02
   5.1067781e-02
   5.3151917e-02
   2.0951862e-02
   2.5035685e-02
   4.9886059e-02
   7.0695184e-02
   1.2821610e-01
   3.6144221e-01
   4.3028718e-01
   2.9239181e-01
   1.5265486e-01
   6.5010071e-02
   2.0466730e-02
  -2.9935106e-04
   2.9916333e-02
   6.2005185e-02
   1.6511459e-02
   6.7917012e-02
   1.1810181e-01
   1.2125465e-01
   5.1818289e-02
   6.8205371e-02
   4.9685817e-02
   3.4033298e-02
   4.3925639e-02
   7.7562779e-02
   9.0832941e-02
   7.8392319e-02
   6.5771043e-02
   4.3928795e-02
   5.7407353e-02
   6.3263118e-02
   4.9087711e-02
   9.6725903e-02
   1.0465378e-01
   9.0684012e-02
   5.5094671e-02
   4.7265172e-02
   4.8698600e-02
   8.1810191e-02
   8.5162714e-02
   6.7421675e-02
   5.4200955e-02
   1.7633194e-02
   1.1809791e-02
   1.2949972e-02
   1.2222549e-02
   2.7276110e-02
   3.5264801e-02
   5.5462334e-02
   7.5640187e-02
   8.4929444e-02
   5.4899924e-02
   1.1150738e-01
   8.6197272e-02
   6.3774817e-02
   4.0951289e-02
   7.0060007e-02
   1.5368870e-02
  -9.9010328e-03
   2.0770574e-02
   1.5591827e-01
   1.7193483e-01
   1.1626352e-01
   8.0089599e-02
   2.3142084e-02
   7.3279195e-02
   5.6006983e-02
   5.6588102e-02
   6.7938946e-02
   1.1198214e-01
   9.9932007e-02
   9.3984596e-02
   1.4078811e-01
   1.2701330e-01
   1.4475565e-01
   1.6226108e-01
   7.7827655e-02
   1.3663124e-01
   3.4107283e-01
   4.1737106e-01
   2.5339898e-01
   2.3023842e-01
   3.6287132e-01
   2.8078270e-01
   1.0980023e-01
   5.9556175e-02
   1.1402459e-01
   8.8063300e-02
   7.4581467e-02
   5.5702183e-02
   7.2477110e-02
   4.1409485e-02
   4.5541994e-02
   3.6568310e-02
   1.1554292e-01
   1.1255293e-01
   9.3670160e-02
   5.6990065e-02
   9.7434074e-02
   2.7587499e-02
   2.3556845e-02
   5.4246116e-02
   8.4527299e-02
   3.2147579e-02
   1.3913071e-02
   5.6931101e-02
   6.1695751e-02
   9.6358638e-03
   5.4567140e-02
   6.7487903e-02
   3.8257640e-02
   6.8572171e-02
   1.6949643e-01
   2.2072624e-01
   9.7773619e-02
   8.8437960e-02
   6.8462655e-02
   1.7677514e-02
   3.9642315e-02
   1.6440210e-01
   3.4623376e-01
   3.7904978e-01
   3.1310514e-01
   2.3157911e-01
   1.8589559e-01
   1.3810371e-01
   1.2189857e-01
   1.2555866e-01
   6.2222622e-02
   2.6351467e-02
   5.4809649e-02
   8.5329428e-02
   5.4575253e-02
   5.5832818e-02
   4.5092329e-02
   4.0742081e-02
   2.7426491e-02
   3.3265397e-02
   8.2799971e-02
   9.4633438e-02
   9.5551260e-02
   6.7532398e-02
   5.7062857e-02
   5.8922671e-02
   1.5832433e-02
   3.7731878e-02
   5.3183254e-02
   5.5985261e-02
   4.3399174e-02
   1.0808831e-01
   1.2246987e-01
   1.2231822e-01
   1.2668461e-01
   1.0230996e-01
   5.3955704e-02
   2.0743880e-02
   3.1623308e-02
   2.1138987e-02
   4.5871615e-02
   5.6246221e-02
   9.3671836e-02
   6.9471203e-02
   4.3554027e-02
   3.7264794e-02
   7.9343572e-02
   7.4592687e-02
   6.6864535e-02
   6.4979509e-02
   4.1046977e-02
   3.0828336e-02
   3.7141908e-02
   1.3318728e-01
   1.7577109e-01
   1.6563231e-01
   1.0313477e-01
   6.0598783e-02
   2.3960693e-02
  -6.5960025e-04
   1.0451283e-01
   5.5735272e-01
   8.7714511e-01
   7.4135208e-01
   4.6933973e-01
   2.0926057e-01
   7.3208131e-02
   8.9782767e-02
   6.9838896e-02
   1.3707513e-02
   3.3381641e-02
   1.2551588e-01
   1.4529836e-01
   1.7516331e-01
   1.5592586e-01
   1.1977393e-01
   2.9896855e-02
   3.4393985e-02
   5.9327472e-02
   6.3213579e-02
   3.5232935e-02
   5.0952446e-02
   6.2067099e-02
   1.4617523e-02
   3.5881896e-02
   9.5021904e-02
   1.1630577e-01
   6.9019094e-02
   1.1311157e-01
   1.6128579e-01
   1.0291485e-01
   6.2730171e-02
   4.0979918e-02
   1.9287738e-01
   5.5078572e-01
   6.3957620e-01
   4.1842192e-01
   2.0880568e-01
   7.5926311e-02
   5.1347367e-02
   3.9958071e-02
   5.2472886e-02
   2.8949419e-02
   2.5258673e-02
   1.3673204e-01
   2.9847181e-01
   3.8407770e-01
   2.4665211e-01
   1.8295553e-01
   7.4019201e-02
   3.0183943e-03
   3.6348132e-03
   7.3458582e-02
   2.4884802e-01
   3.4723002e-01
   2.6541650e-01
   1.7597267e-01
   1.3215712e-01
   7.2261617e-02
   7.7899173e-02
   3.5757799e-02
  -5.7938830e-03
  -2.7366795e-02
   6.2233750e-02
   2.6790085e-01
   3.5769659e-01
   3.6795163e-01
   2.3947297e-01
   1.2909648e-01
   4.3802496e-02
  -9.1870705e-04
   8.1863247e-02
   4.9641052e-01
   1.1398128e+00
   1.2738748e+00
   8.6495954e-01
   5.8280069e-01
   6.3348180e-01
   6.3625365e-01
   4.2023793e-01
   2.8954232e-01
   1.0585987e-01
   1.2322711e-02
   5.2166510e-01
   2.5816188e+00
   4.8910818e+00
   4.5231643e+00
   2.6433959e+00
   1.2159424e+00
   4.4599158e-01
   2.0289534e-01
   2.0623143e+00
   1.3030416e+01
   2.7139694e+01
   2.6924707e+01
   1.5629734e+01
   6.0975895e+00
   1.7878546e+00
   4.3626818e-01
   8.9785807e-02
   4.2109840e-02
   2.3909727e-01
   1.5632646e+00
   3.5863066e+00
   3.8729265e+00
   2.6389232e+00
   1.1265719e+00
   1.9040166e-01
  -2.1499363e-01
  -1.3981177e-01
   1.6590813e-01
   3.3175921e-01
   5.9923118e-01
   9.0626162e-01
   6.7609966e-01
   3.9387447e-01
   1.5517196e-01
   1.1544744e-01
   9.8574892e-02
   1.0880730e-01
   1.3599645e-01
   2.1535394e-01
   2.8569981e-01
   3.6917388e-01
   7.2674274e-01
   1.4114622e+00
   1.4648199e+00
   7.7806044e-01
   1.5790495e-01
   3.6447059e-02
   1.6003451e-01
   1.5056594e-01
   2.0919748e-01
   2.0068769e-01
   7.9169601e-02
   1.6327973e-01
   2.1148676e-01
   1.7913067e-01
   1.7604092e-01
   2.1463688e-01
   2.0970276e-01
   9.0315677e-02
   4.0477332e-02
   6.3758835e-02
   1.3149063e-01
   1.3297866e-01
   8.0163099e-02
  -1.4476044e-03
  -2.9644089e-02
   8.1477612e-03
   1.2302765e-01
   1.6409066e-01
   1.2097774e-01
  -4.0504556e-02
  -1.4046437e-01
  -8.5412510e-02
   6.9694325e-02
   2.9426709e-01
   6.8181974e-01
   8.3488387e-01
   5.5901825e-01
   1.9098260e-01
   9.9465884e-02
   4.9191698e-01
   1.2963921e+00
   1.5746551e+00
   1.0371206e+00
   4.0596122e-01
   1.5514272e-01
   5.8102703e-01
   1.3896230e+00
   1.5213997e+00
   9.6753329e-01
   5.5089587e-01
   2.8783581e-01
   2.5143427e-01
   5.0537848e-01
   3.0242658e+00
   7.2235255e+00
   7.8608508e+00
   4.8513451e+00
   2.0750303e+00
   7.9294103e-01
   2.8188720e-01
   1.4580262e-01
   4.9523834e-02
   1.2424876e-01
   5.1915962e-01
   1.1524936e+00
   1.3415405e+00
   9.3756747e-01
   4.0039220e-01
   7.8716569e-02
  -2.2005688e-02
   3.0719997e-02
   1.4645025e-01
   2.9637125e-01
   3.0956885e-01
   3.4985071e-01
   2.2868353e-01
   7.0698984e-02
   9.1732480e-03
   3.8326912e-02
   2.0046202e-02
   3.7906948e-02
   9.1165856e-02
   1.4058110e-01
   1.2647612e-01
   1.1704884e-01
   2.5611883e-01
   5.1833594e-01
   4.3466729e-01
   2.0584646e-01
   8.2351178e-02
  -1.1280944e-03
   1.7914388e-02
   4.7031548e-02
   9.5031045e-02
   7.7878654e-02
   8.1457548e-02
   1.0891480e-01
   8.1760421e-02
   4.8960768e-02
   1.4307389e-01
   1.8789709e-01
   2.3371160e-01
   1.7769367e-01
   1.9096251e-01
   1.6526963e-01
   9.0889551e-02
  -6.2894565e-03
  -4.6604574e-03
   7.8561641e-02
   1.9326791e-01
   2.5232688e-01
   2.8464991e-01
   2.9100418e-01
   2.2125334e-01
   5.1830765e-02
   2.1661939e-01
   3.5436517e-01
   4.7274730e-01
   5.4940504e-01
   5.0347179e-01
   2.0459588e-01
   1.5776771e-01
   2.9791129e-01
   6.2614667e-01
   8.7150925e-01
   7.2458977e-01
   3.3694729e-01
   4.2437959e-02
   2.6705550e-02
   7.7702993e-01
   2.3159735e+00
   3.1183770e+00
   2.3881643e+00
   1.0993072e+00
   3.3728755e-01
   1.7348918e-01
   1.2579507e+00
   4.9485288e+00
   7.9836769e+00
   7.2751384e+00
   4.3793621e+00
   1.9447113e+00
   7.6088184e-01
   2.4990030e-01
   2.9766747e-01
   5.1705986e-01
   7.0417619e-01
   1.0155613e+00
   1.3615768e+00
   1.2116210e+00
   7.6598060e-01
   3.9376664e-01
   3.1293359e-01
   2.7041540e-01
   2.5721899e-01
   2.9247922e-01
   3.5159171e-01
   3.6937591e-01
   3.1473869e-01
   2.2191538e-01
   8.4999971e-02
   3.2551792e-02
   5.0604166e-03
   3.6837876e-02
   1.0245936e-01
   1.2928574e-01
   1.1455141e-01
   1.5922417e-01
   1.4866029e-01
   1.2826999e-01
   1.5470001e-01
   8.9645378e-02
   3.1425830e-02
   2.2807484e-02
   6.4999208e-02
   8.7604366e-02
   7.0176095e-02
   7.9668522e-02
   3.1507067e-02
  -4.3846755e-03
   4.2101573e-02
   4.1098218e-02
   5.6919441e-02
   1.0074804e-01
   8.9842364e-02
   8.5815750e-02
   9.4929256e-02
   6.4708754e-02
   1.0448609e-01
   1.3716721e-02
  -7.5822663e-03
   3.4847833e-02
   9.4549850e-02
   1.9327480e-01
   2.5649771e-01
   2.6761213e-01
   1.4184207e-01
   1.1483998e-01
   5.5318672e-02
   1.2096865e-01
   1.4329182e-01
   3.1537110e-01
   3.3906212e-01
   2.4929665e-01
   1.2163164e-01
   6.1811622e-02
   2.0094360e-01
   3.1899035e-01
   3.0887988e-01
   1.9999222e-01
   8.3110686e-03
  -5.3880852e-02
   1.8547884e-01
   6.7129099e-01
   1.0451241e+00
   9.8669267e-01
   5.5746734e-01
   1.9415095e-01
   2.7459456e-02
   2.1470262e-01
   1.1617588e+00
   2.1844931e+00
   2.2974951e+00
   1.3747883e+00
   6.4560199e-01
   3.7335381e-01
   1.9560027e-01
   1.5136905e-01
   1.9567938e-01
   2.7396032e-01
   4.2222449e-01
   5.5014336e-01
   4.8510760e-01
   4.0385374e-01
   2.6880640e-01
   1.8663494e-01
   9.7767808e-02
   1.7444256e-01
   1.6958749e-01
   2.0122136e-01
   2.0089386e-01
   1.3737227e-01
   1.0206160e-01
   7.5402990e-02
   3.4515359e-02
   5.9910558e-02
   3.3718083e-02
   5.8958963e-02
   2.1064255e-02
   3.5494701e-03
   5.4944426e-02
   7.1037561e-02
   6.7323372e-02
   9.1995582e-02
   7.2504684e-02
   3.3438604e-02
   4.3641411e-02
   5.3966757e-02
   4.5779649e-02
   5.0844163e-02
   3.2720845e-02
   6.8064362e-02
   6.8594761e-02
   3.8320892e-02
   3.2555949e-02
   2.0055810e-02
   4.4797167e-02
   9.6230239e-02
   1.1746838e-01
   1.6168185e-01
   1.6434515e-01
   7.8388654e-02
   4.5633935e-03
   6.3727079e-03
   6.9244899e-02
   9.4652884e-02
   1.4242807e-01
   1.4037886e-01
   1.1487462e-01
   1.7297532e-02
   2.7161747e-02
   6.2269699e-02
   7.9626568e-02
   6.8039499e-02
   1.4474238e-01
   1.2403295e-01
   3.6880996e-02
   2.9465990e-02
   7.6845661e-02
   1.3830428e-01
   1.2080660e-01
   1.2861113e-01
   3.5701260e-02
  -5.4017473e-02
   2.4631688e-02
   1.7832486e-01
   3.5375792e-01
   3.9493561e-01
   2.7841252e-01
   1.2176721e-01
   2.0860152e-02
   2.4625735e-02
   2.5328463e-01
   6.7732298e-01
   6.5626997e-01
   4.6512780e-01
   2.3964870e-01
   7.3821269e-02
   3.0100735e-02
   2.8626971e-02
   8.4322967e-02
   1.5749051e-01
   2.1830069e-01
   1.4709769e-01
   8.3583131e-02
   9.3415119e-02
   4.5727171e-02
   6.3232325e-02
   6.3047305e-02
   6.6994630e-02
   1.0975797e-01
   2.9749868e-02
   7.4550845e-02
   1.1781568e-01
   1.8448548e-01
   1.5528303e-01
   1.0004876e-01
   6.6526279e-02
   6.7828684e-03
   4.0961683e-02
   1.6790380e-01
   2.7672178e-01
   2.4920301e-01
   1.3706400e-01
   2.8749589e-02
  -1.8183593e-02
   2.5443053e-02
   3.4740934e-01
   9.1932398e-01
   1.1586897e+00
   7.5764275e-01
   2.7908018e-01
   5.9625793e-02
   3.5398461e-02
   1.2150102e-01
   3.2095289e-01
   3.4688172e-01
   2.6188546e-01
   1.7633706e-01
   1.5692697e-01
   9.3927413e-02
   7.0837833e-02
   1.5863936e-01
   1.4293534e-01
   9.7659498e-02
   6.2376481e-02
   1.0533294e-01
   6.1121851e-02
   7.3337026e-02
   8.3358765e-02
   4.0460270e-02
   1.1310878e-02
   7.5047575e-02
   1.1026643e-01
   1.1691573e-01
   1.3288409e-01
   6.5060586e-02
   7.1794741e-02
   5.2230630e-02
   7.3564984e-02
   1.0608188e-01
   4.7299568e-02
   7.4852727e-02
   3.2743484e-02
   4.0588574e-03
   3.3151366e-02
   1.1898028e-01
   1.6157748e-01
   1.9740546e-01
   1.4034545e-01
   3.7934978e-02
   1.0899092e-02
   3.3327959e-02
   1.2298732e-01
   2.1262062e-01
   2.4075794e-01
   2.1765457e-01
   1.3173001e-01
   5.1486425e-02
   8.6616110e-03
   5.4721799e-02
   5.9638239e-02
   3.4447372e-02
   5.4342683e-02
   3.6647711e-02
   5.4418273e-02
   2.8328497e-02
   2.2487292e-02
   3.3827510e-02
   5.9105288e-02
   5.5701379e-02
   6.1103437e-02
   5.3437728e-02
   7.6276138e-02
   7.5394303e-02
   8.9089118e-02
   8.0666654e-02
   4.1238654e-02
   5.8228869e-02
   4.2369019e-02
   4.4225216e-02
   9.2614502e-02
   1.2735437e-01
   1.2396688e-01
   1.2002949e-01
   7.9896674e-02
   2.4896005e-02
   4.3969408e-02
   1.2619831e-01
   3.6416829e-01
   4.2709401e-01
   2.5112754e-01
   1.1740371e-01
   4.0829804e-02
   5.6893442e-02
   1.1543728e-01
   2.3119237e-01
   2.2177592e-01
   1.5700702e-01
   1.8545774e-01
   1.1339906e-01
   6.8516538e-02
   9.3303882e-02
   1.0768572e-01
   9.8045707e-02
   5.2795779e-02
   7.5776488e-02
   1.3401654e-01
   2.0920122e-01
   1.3623750e-01
   9.0309083e-02
  -9.2793414e-03
  -1.6373973e-02
   7.5819165e-02
   1.5446651e-01
   2.0983328e-01
   2.1351793e-01
   1.6343144e-01
   6.5646090e-02
   3.0446725e-02
   2.0075926e-01
   3.5792395e-01
   3.9739692e-01
   3.3202571e-01
   2.3985191e-01
   7.6754048e-02
   7.7573426e-02
   1.8045817e-01
   3.8577113e-01
   4.8077822e-01
   4.2179513e-01
   4.3088111e-01
   2.8298366e-01
   2.0790502e-01
   4.3183461e-01
   7.7156991e-01
   7.9181939e-01
   5.1225078e-01
   1.4219674e-01
   6.9833002e-03
   1.4725117e-01
   7.4612063e-01
   1.2587818e+00
   9.4311172e-01
   5.0942361e-01
   1.0444169e-01
  -3.3412464e-02
   2.1161859e-01
   1.6534373e+00
   3.4675760e+00
   3.8464406e+00
   2.4894147e+00
   1.0283569e+00
   3.0859491e-01
   2.5501838e-01
   9.9213529e-01
   1.8620408e+00
   1.7608418e+00
   1.2326159e+00
   7.9006106e-01
   5.4102921e-01
   3.5008296e-01
   6.4449781e-01
   1.0065768e+00
   8.8924640e-01
   6.0419214e-01
   3.5001397e-01
   3.0322838e-01
   4.2199612e-01
   6.7862582e-01
   7.6334995e-01
   5.8770746e-01
   3.2030642e-01
   1.6683975e-01
   1.4029479e-01
   1.6218722e-01
   9.9548660e-02
   7.1521573e-02
   3.9465200e-02
   7.5524375e-02
   8.1984490e-02
   1.3702668e-01
   1.3148101e-01
   1.0294419e-01
   1.0618875e-01
   1.0484346e-01
   1.0410266e-01
   6.5590501e-02
   3.7958406e-02
   3.1879690e-02
   4.9692638e-02
   3.8932476e-02
   4.5276765e-02
   6.2617816e-02
   5.5324633e-02
   4.7147848e-02
   9.2971236e-02
   7.6728508e-02
   7.0590563e-02
   4.1366719e-02
  -3.8304966e-02
   5.5960171e-02
   1.7996906e-01
   2.0914112e-01
   1.8535991e-01
   1.0630524e-01
   2.1047395e-02
   2.6027391e-02
   9.0587310e-02
   2.2187820e-01
   3.6614746e-01
   3.1688440e-01
   2.1684441e-01
   1.5950903e-01
   1.8338823e-01
   2.4980897e-01
   2.3950861e-01
   1.9470802e-01
   1.7580952e-01
   2.2950564e-02
   1.4058955e-01
   3.4804848e-01
   4.3114713e-01
   2.7623224e-01
   1.3201420e-01
   1.9503264e-02
  -3.9679315e-03
   3.2818207e-01
   1.0426006e+00
   1.4841770e+00
   1.2715865e+00
   7.2088569e-01
   2.2799787e-01
   3.6500476e-02
   1.9092999e-01
   5.4038715e-01
   6.4610332e-01
   5.0017852e-01
   3.8317358e-01
   2.5153995e-01
   1.8138823e-01
   2.7618068e-01
   3.7497547e-01
   3.9571524e-01
   3.4199396e-01
   2.1602967e-01
   1.4950463e-01
   1.3312165e-01
   2.2664489e-01
   3.3274987e-01
   2.6068649e-01
   1.9898978e-01
   9.1193438e-02
   1.3883242e-01
   1.2890352e-01
   1.0047276e-01
   6.6403113e-02
   6.4332977e-02
   2.7327428e-02
   7.3790759e-02
   1.0073370e-01
   1.0910983e-01
   1.2116071e-01
   6.1092775e-02
   8.0355279e-02
   2.2661377e-02
   1.9995704e-04
   1.1922479e-02
   9.4898427e-03
   3.3051223e-02
   6.2384412e-02
   1.1516853e-01
   6.2638313e-02
   3.5014328e-02
   6.4678915e-02
   4.9100030e-02
   2.1504113e-02
   1.1594431e-02
   3.2636248e-02
   2.7321717e-02
   4.7001887e-02
   8.9751847e-02
   5.8174007e-02
   2.1235695e-02
   1.5845755e-02
   4.6881672e-02
   5.4724082e-02
   4.6321422e-02
   7.4183822e-02
   1.7074543e-01
   1.9935261e-01
   1.1922642e-01
   9.1484457e-02
   6.2111538e-02
   6.9075808e-02
   8.1142344e-02
   1.7683721e-01
   4.0622708e-01
   7.6425987e-01
   6.9982719e-01
   4.3591538e-01
   2.4707003e-01
   1.3131155e-01
   1.0238685e-01
   1.5368292e-01
   2.6539695e-01
   5.1696128e-01
   8.0800772e-01
   8.6126274e-01
   5.4998076e-01
   2.4111038e-01
   4.6342764e-02
  -2.3434550e-02
   1.3897307e-01
   2.6908880e-01
   2.7949673e-01
   2.4531533e-01
   1.8642347e-01
   9.8865807e-02
   5.3285502e-02
   8.9431562e-02
   1.0887147e-01
   8.0104820e-02
   7.8759171e-02
   7.0157602e-02
   6.1327424e-02
   7.0569359e-02
   8.6858161e-02
   9.8788626e-02
   1.1228896e-01
   7.7440307e-02
   3.6569097e-04
   1.3391666e-02
   2.3928605e-02
   4.2253137e-02
   3.3492047e-02
   5.7019945e-02
   4.6672780e-02
   6.9168538e-02
   1.3415605e-01
   1.4290397e-01
   9.0171553e-02
   7.8910381e-02
   6.1543569e-02
   3.1567227e-02
   8.0412803e-03
   1.0346150e-02
   1.7946362e-02
   5.0152730e-02
   5.8752876e-02
   5.0242696e-02
   3.5257409e-03
   1.3499043e-02
   6.4060599e-02
   6.8630934e-02
   6.3674591e-02
   5.4783504e-02
   1.0782212e-01
   7.6841407e-02
   7.4886210e-02
   8.3406016e-02
   4.3810371e-02
   4.9041037e-02
   4.4055842e-02
   4.5441721e-02
   4.9067196e-02
   9.1598578e-02
   8.2339279e-02
   7.5141378e-02
   4.9846280e-02
   1.0581944e-02
   9.1474010e-03
   3.1315532e-02
   3.5464671e-02
   6.0696654e-02
   1.2472556e-01
   1.9069232e-01
   1.8521301e-01
   7.6246895e-02
   7.5921357e-02
   4.0140375e-02
   2.2643080e-02
   5.6899313e-02
   5.6533057e-02
   1.9092298e-01
   3.2533923e-01
   2.2362949e-01
   2.0008723e-01
   8.8342488e-02
   3.3890795e-02
   1.5337958e-02
   1.1313135e-01
   1.2806405e-01
   1.4904879e-01
   1.1136624e-01
   4.0657800e-02
   1.9382121e-02
   5.3455066e-02
   7.7282771e-02
   9.4759449e-02
   1.0227105e-01
   7.8777879e-02
   5.0428972e-02
   3.0510454e-02
   4.6887267e-02
   7.0247285e-02
   6.1327383e-02
   6.9030873e-02
   4.0955100e-02
   4.7133736e-02
   4.4953484e-02
   4.7567159e-02
   3.5979409e-02
   8.9768361e-04
   1.8142920e-02
   3.7550524e-02
   5.7475790e-02
   7.4631386e-02
   4.3374706e-02
   5.6995030e-02
   5.7957008e-02
   6.2745184e-02
   6.9447950e-02
   4.1342720e-02
   2.3023006e-02
   6.4457417e-02
   1.0005981e-01
   6.1057564e-02
   4.5685563e-02
   4.5678582e-02
   1.9958794e-02
   2.2371411e-02
   5.1313598e-02
   3.7874654e-02
   3.8231477e-02
   2.2675823e-02
   3.2135561e-02
   6.0034312e-02
   4.3544486e-02
   3.6671359e-02
   3.4723453e-02
   2.2570539e-02
   2.6604241e-02
   3.5257060e-02
   5.3496581e-02
   5.8386132e-02
   4.5742773e-02
   3.5595406e-02
   3.4479503e-02
   3.4918923e-02
   4.2346466e-02
   3.1600181e-02
   4.8504733e-02
   4.1915432e-02
   6.5546855e-02
   5.5621497e-02
  -4.8983940e-03
   2.9521329e-02
   1.8862475e-02
   3.2365803e-02
   3.1604022e-02
   4.9401287e-02
   6.6768885e-02
   9.1565639e-02
   4.2322233e-02
   5.4032762e-02
   1.7872889e-02
   1.9677283e-02
   6.1802864e-02
   7.3760271e-02
   9.8077133e-02
   6.2471956e-02
   2.9040983e-02
   1.1639729e-02
   2.4839474e-02
   3.2238211e-02
   3.1377979e-02
   2.5715107e-02
   6.1697766e-02
   8.9362159e-02
   6.7977026e-02
   4.3058977e-02
   6.9106266e-02
   3.8915914e-02
   4.7038324e-02
   2.3820067e-02
   2.9336909e-02
   5.0387442e-02
   4.0466204e-02
   4.0259041e-02
   3.5536014e-02
   2.9178919e-02
   5.7418246e-02
   5.6040559e-02
   4.2988103e-02
   6.0328573e-02
   3.9598759e-02
   1.7232064e-02
   1.9391589e-02
   5.0258521e-02
   5.4077342e-02
   6.0441785e-02
   2.1147307e-02
   4.0340155e-02
   3.3412885e-02
   2.8759269e-02
   1.9515751e-02
   4.2402189e-02
   3.1578310e-02
   3.4476873e-02
   3.2478314e-02
   2.3633916e-02
   2.9017843e-02
   3.4081597e-02
   5.0277773e-02
   4.6114076e-02
   5.0759990e-02
   4.0723953e-02
   9.0573858e-03
  -9.9533079e-03
   5.7954295e-03
   3.6600240e-02
   4.9856499e-02
   3.3902064e-02
   4.5525063e-02
   5.8305778e-02
   5.6508500e-02
   7.3677540e-02
   5.0416127e-02
   4.1953895e-02
   5.9024081e-02
   5.3856615e-02
   4.3660622e-02
   2.8238505e-02
   2.5233990e-02
   3.2785889e-02
   3.7157752e-02
   4.0038720e-02
   5.5814434e-02
   6.6653602e-02
   3.7980400e-02
   2.1122430e-02
   1.8651854e-02
   3.1842154e-02
   2.4471430e-02
   3.1695116e-02
   2.5223497e-02
   1.1854919e-02
   2.2118468e-02
   2.0225646e-02
   2.4578899e-02
   3.9754782e-02
   2.5625987e-02
   5.2933238e-02
   4.2530544e-02
   3.1014217e-02
   1.1291312e-02
   2.0692112e-02
   2.9375868e-02
   4.2897306e-02
   5.7564814e-02
   1.9967441e-02
   3.5824630e-02
   4.0177200e-02
   4.9769204e-02
   3.3406541e-02
   4.4862024e-02
   4.2416234e-02
   3.0471601e-02
   5.7693932e-02
   3.8367130e-02
   2.5695719e-02
   2.5711656e-02
   1.1945732e-02
   6.8637673e-03
   4.4777330e-02
   3.9731875e-02
   4.0252768e-02
   4.4979610e-02
   6.4649351e-02
   4.6537511e-02
   2.7506052e-02
   4.4477962e-02
   4.9183108e-02
   2.3319183e-02
   1.2774930e-02
   4.5284357e-02
   4.6213534e-02
   4.7309104e-02
   5.2567568e-02
   4.8172768e-02
   4.3514851e-02
   2.4679782e-02
   4.5053378e-02
   1.5450203e-02
   2.4403825e-02
   3.4147885e-02
   3.3774812e-02
   3.8069140e-02
   2.0186706e-02
   4.3086395e-02
   4.4820685e-02
   4.5138337e-02
   3.9083514e-02
   4.8523195e-02
   4.2333290e-02
   3.2318190e-02
   3.2714151e-02
   2.9258670e-02
   2.9471185e-02
   2.3572961e-02
   4.6579715e-02
   5.4116286e-02
   5.3651467e-02
   8.3042800e-02
   9.2759646e-02
   8.2006246e-02
   6.2164083e-02
   3.2953203e-02
   1.7147759e-02
   3.1238057e-02
   4.5132827e-02
   6.1820872e-02
   8.6063974e-02
   6.3188978e-02
   5.9939161e-02
   2.3262987e-02
   3.0436968e-02
   3.5523754e-02
   4.1580558e-02
   3.7411537e-02
   2.3201827e-02
   4.4174518e-02
   3.4990549e-02
   1.6300119e-02
   1.8414937e-02
   1.4736782e-02
   3.6081374e-02
   4.8244797e-02
   4.8912842e-02
   5.3461995e-02
   5.2312415e-02
   2.3142885e-02
   2.6733339e-02
   4.0787801e-02
   4.4113487e-02
   6.0854871e-02
   3.1100828e-02
   1.7671414e-02
   2.7132696e-02
   3.6412247e-02
   4.3189403e-02
   4.3210711e-02
   3.0651977e-02
   5.3829014e-02
   5.1552597e-02
   2.8864356e-02
   2.1171827e-02
   5.1368691e-02
   4.6741813e-02
   4.9566876e-02
   4.1870687e-02
   2.2289889e-02
  -4.1358298e-04
   4.2994753e-03
   1.1820284e-02
   1.5051756e-02
   1.9451745e-02
   2.4613241e-02
   2.1971799e-02
   1.2266244e-02
  -5.6303572e-03
   4.6932310e-02
   5.6562375e-02
   7.6775812e-02
   7.3033340e-02
   7.2916619e-02
   5.9488591e-02
   2.1121150e-02
   3.5452083e-02
   4.1839067e-02
   5.1052220e-02
   5.3491324e-02
   1.3753062e-01
   1.8740530e-01
   1.8340461e-01
   1.0645594e-01
   6.0545266e-02
   4.1089922e-02
   8.1146546e-02
   2.8495961e-01
   7.3284346e-01
   7.6103872e-01
   4.6588752e-01
   2.1444318e-01
   5.9611466e-02
   7.7144168e-02
   1.9551858e-01
   2.4698226e-01
   2.3829542e-01
   1.9178544e-01
   1.7525899e-01
   9.0288669e-02
   5.8161885e-02
   3.9267908e-03
   1.1485771e-02
   5.2097540e-02
   3.6584467e-02
   7.6080509e-02
   8.6801708e-02
   6.8557799e-02
   5.4223619e-02
   2.6249057e-02
   4.3111883e-02
   2.7100293e-02
   5.3140927e-02
   4.4578061e-02
   1.3898932e-02
   2.3120908e-02
   3.2710314e-02
   3.2463662e-02
   1.3334587e-02
   3.6795132e-02
   5.9905156e-02
   5.2653998e-02
   5.0577488e-02
   4.6735823e-02
   3.6956202e-02
   1.9190162e-02
   3.4464944e-02
   5.1292792e-02
   5.4042917e-02
   4.1830543e-02
   6.8586975e-02
   4.3832846e-02
   1.2767307e-02
   3.9945990e-02
   2.3510778e-02
   1.1680572e-03
   7.0691812e-03
   2.0423416e-02
   5.4409403e-02
   6.9428384e-02
   8.5027680e-02
   5.2398432e-02
   3.7352744e-02
   1.9866936e-02
   1.9977363e-02
   4.2994991e-02
   3.7669100e-02
   3.3109371e-02
   1.5609904e-02
   3.2967933e-02
   4.5909394e-02
   3.4200709e-02
   5.4242138e-02
   5.0553609e-02
   3.8466349e-02
   5.4149218e-02
   5.9169859e-02
   5.2220792e-02
   4.5256976e-02
   2.1750657e-02
   1.7625356e-02
   8.3828084e-02
   1.7035353e-01
   2.0732267e-01
   1.6384400e-01
   8.6152300e-02
   3.0070951e-02
   1.6877845e-02
   6.1981637e-02
   1.0230383e-01
   9.6077539e-02
   5.7586137e-02
   4.1524403e-02
   4.1657187e-02
   5.0654258e-03
   8.1364522e-03
   1.1374246e-02
   1.8546531e-02
   2.0639502e-02
   4.8255671e-02
   6.4484268e-02
   4.4076890e-02
   2.5450604e-02
   2.2838354e-02
   2.8317822e-02
   2.3155209e-02
   3.2489493e-02
   3.4380183e-02
   1.9279582e-02
   3.1401932e-02
   2.6851857e-02
   4.5102168e-02
   3.1268898e-02
   3.5338514e-02
   3.5086323e-02
   4.9441233e-02
   1.1348114e-02
   2.6394377e-02
   3.2524616e-02
   2.2137657e-02
   2.2151189e-02
   2.1666139e-02
   4.1154820e-02
   3.5494674e-02
   2.7776245e-02
   4.2933889e-02
   3.5561301e-02
   3.2840408e-02
   1.9780291e-02
   2.9471509e-02
   3.7296280e-02
   1.8585032e-02
   1.6620714e-02
   2.7117962e-02
   3.3496767e-02
   5.5398200e-02
   3.0408360e-02
   1.7310128e-02
   2.6607487e-02
   3.0280642e-02
   3.6873024e-02
   3.2760113e-02
   2.4210107e-02
   5.0622053e-02
   4.1198488e-02
   2.1341683e-03
   5.8288188e-03
   3.9678685e-02
   6.1959647e-02
   5.3790648e-02
   3.4007087e-02
   5.8797695e-02
   5.1674552e-02
   6.1781973e-02
   2.7932201e-02
   9.1838650e-02
   8.7875754e-02
   5.3196039e-02
   4.9686655e-02
   4.4388968e-02
   3.6243852e-02
   3.4374230e-02
   3.9872233e-02
   6.9991097e-02
   5.2872512e-02
   6.3256383e-02
   7.2739296e-02
   6.7034878e-02
   2.5330193e-02
   1.9910147e-02
   3.0700451e-02
   1.4932908e-02
   1.8512996e-02
   2.9248517e-02
   7.7886037e-03
   1.8640580e-02
   5.2528691e-02
   4.1565459e-02
   1.2488638e-03
   1.8345967e-02
   3.8500648e-02
   3.0547934e-02
   3.5402186e-02
   3.4626819e-02
   3.9128449e-02
   3.5547033e-02
   3.0353850e-02
   8.3715878e-03
   3.0123301e-02
   3.4408364e-02
   2.9493235e-02
   3.1996686e-02
   3.2595791e-02
   3.1601191e-02
   2.3703707e-02
   2.0567071e-02
   2.6727965e-02
   3.8248289e-02
   3.2423325e-02
   4.0797692e-02
   3.6890056e-02
   1.9577902e-02
   8.5660107e-03
   2.2271076e-02
   1.5862843e-02
   1.2639456e-02
   1.5957616e-02
   2.2936629e-02
   2.0620229e-02
   2.0644577e-02
   3.4197934e-02
   4.9576078e-02
   4.4958998e-02
   2.3684816e-02
   3.9932463e-02
   2.5001399e-02
   5.8823645e-02
   5.7189032e-02
   4.5275558e-02
   3.0289920e-02
   4.6041146e-02
   3.0785533e-02
   3.0037625e-02
   2.4915446e-02
   3.1113282e-02
   1.5642822e-02
   3.3235483e-02
   3.4922048e-02
   2.3512319e-02
   3.7694328e-02
   4.1629873e-02
   3.4898341e-02
   2.6637634e-02
   9.0931170e-03
   5.9547706e-04
   2.0819889e-02
   2.7314706e-02
   2.7974956e-02
   3.6976136e-02
   4.5358580e-02
   3.5983913e-02
   1.2450418e-02
   2.4200600e-02
   2.7782306e-02
   2.6594201e-02
   3.9606851e-02
   3.0904071e-02
   2.0401087e-02
   3.6058426e-02
   1.8921804e-02
   1.9846791e-02
   1.9674968e-02
   1.6542180e-02
   1.8609174e-02
   1.7443972e-02
   3.1440187e-02
   4.1613024e-02
   4.1110460e-02
   3.4876592e-02
   3.4205820e-02
   3.4671735e-03
   2.8187614e-03
   2.1837929e-02
   1.2036909e-02
   5.0239015e-02
   3.5258267e-02
   2.5224319e-02
   8.1158392e-03
   3.1638071e-02
   5.5218462e-02
   3.2341402e-02
   2.0437766e-02
   1.7304284e-02
   1.5895549e-02
   3.0168051e-02
   3.4242749e-02
   1.8995859e-02
   2.1137625e-02
   3.6412418e-02
   1.7926363e-02
   1.0882440e-02
   2.7794255e-02
   5.0271019e-02
   5.5348307e-02
   5.6169327e-02
   2.8462203e-02
   3.4811307e-02
   2.0556703e-02
   4.3782745e-02
   3.4802992e-02
   1.8463327e-02
   3.7751380e-02
   2.9781729e-02
   4.9340885e-02
