   4.0986616e-02
   9.6814204e-03
   1.2915193e-02
   2.7789423e-02
   9.5646055e-03
   1.4836422e-02
   3.5870772e-02
   5.6776945e-02
   6.9958203e-02
   3.8089726e-02
   5.5341352e-02
   2.8000474e-02
   3.8921248e-02
   2.9831966e-02
   2.6255505e-02
   3.1352811e-02
   3.5378784e-02
   2.1300886e-02
   6.2893227e-02
   6.1108578e-02
   4.5031708e-02
   3.7646487e-02
   2.7805762e-02
   1.6645430e-02
   1.2965297e-02
   5.6537278e-02
   6.3641742e-02
   9.3167059e-02
   8.7653510e-02
   6.1432011e-02
   5.8575876e-02
   5.8022548e-02
   5.8261067e-02
   4.1311167e-02
   2.7209118e-02
   2.2122722e-02
   4.2330470e-02
   5.4590695e-02
   6.5181531e-02
   9.4702177e-02
   1.0053080e-01
   8.6555153e-02
   7.1146011e-02
   3.0905915e-02
   4.2224903e-02
   4.5076981e-02
   3.3882655e-02
   5.4339424e-02
   4.3523297e-02
   5.6170315e-02
   5.4248471e-02
   5.7542127e-02
   2.4824342e-02
   2.9442346e-02
   3.4387778e-02
   1.7812584e-02
   3.0992666e-02
   4.4036496e-02
   3.4815110e-02
   3.4005854e-02
   4.9726207e-02
   4.3044832e-02
   1.2787707e-02
   2.4520719e-02
   2.4073934e-02
   1.3783696e-02
   2.1838626e-02
   4.6406005e-02
   3.6378827e-02
   2.8641004e-02
   3.1078411e-02
   2.0510733e-02
   1.0034909e-02
   4.2380862e-02
   1.3962189e-02
   2.4644040e-02
   4.3598093e-02
   4.2247567e-02
   3.2297526e-02
   2.1315375e-02
   4.7669251e-02
   5.8498856e-02
   5.4818567e-02
   2.7059417e-02
   4.7199421e-02
   4.8652396e-02
   5.2000344e-02
   4.5134932e-02
   4.0137112e-02
   3.4473173e-02
   3.7844256e-02
   1.6924381e-02
   3.1555537e-02
   5.5175163e-02
   8.6242661e-02
   5.5245355e-02
   4.1673236e-02
   7.1242668e-02
   7.7003457e-02
   6.1393447e-02
   2.0370713e-02
   4.4922549e-02
   4.5806106e-02
   2.4738561e-02
   2.1247597e-02
   4.8045032e-02
   4.6041835e-02
   1.1236520e-01
   1.0700678e-01
   7.6753303e-02
   3.9869171e-02
   4.1274272e-02
   5.7509422e-02
   5.8636900e-02
   9.3737185e-02
   7.9073191e-02
   5.0299015e-02
   7.2194144e-02
   5.1561911e-02
   5.8129825e-02
   3.3314530e-02
   3.8859557e-02
   6.5261528e-02
   5.5173777e-02
   2.5016248e-02
   3.7840866e-02
   4.9357854e-02
   2.8774148e-02
   3.4127135e-02
   3.8730703e-02
   1.6386483e-02
   4.3743789e-02
   3.5576288e-02
   1.8134430e-02
   3.6342073e-02
   2.7537202e-02
   3.1165892e-02
   2.3566814e-02
   4.4603594e-02
   5.6041602e-02
   2.7586512e-02
   1.0144029e-02
   3.0554373e-02
   5.2174021e-02
   2.6103929e-02
   2.7229749e-02
   2.8603159e-02
   5.4185025e-02
   3.0388614e-02
   2.1061707e-02
   3.2896560e-02
   2.6772756e-02
   2.5547547e-02
   4.1832745e-02
   5.1382329e-02
   3.3864450e-02
   2.8185444e-02
   3.0253788e-02
   3.9498053e-02
   4.7602732e-02
   3.3658966e-02
   2.3451712e-02
   3.8120210e-02
   3.3343300e-02
   2.3915162e-02
   2.4888882e-02
   3.5820592e-02
   5.5341210e-02
   3.3792172e-02
   2.9653393e-02
   3.5466392e-02
   4.6971891e-02
   7.0108645e-02
   7.0247807e-02
   7.8358442e-02
   2.0442322e-02
   1.6443100e-02
   4.6938520e-02
   8.4400453e-02
   7.3636465e-02
   6.2250480e-02
   1.5293573e-02
   1.9566767e-02
   3.2678042e-02
   2.5033046e-02
   1.8744566e-02
   2.3488516e-02
   4.8501465e-02
   2.5327183e-02
   4.3735910e-02
   5.1172830e-02
   4.5439862e-02
   3.7262674e-02
   2.1008041e-02
   4.3454785e-02
   3.8603466e-02
   3.5609085e-02
   2.8460825e-02
  -1.1772622e-02
   1.8994738e-03
   3.8753171e-02
   4.3617137e-02
   2.0365078e-02
   3.4807315e-03
   4.4382200e-02
   4.5965016e-02
   3.4718480e-02
   3.3673376e-02
   6.7648321e-02
   7.3545754e-02
   7.2585277e-02
   5.1373582e-02
   4.8711292e-02
   5.1668528e-02
   4.3011483e-02
   1.6414706e-02
   5.6021292e-02
   4.3920904e-02
   6.2164783e-02
   6.7264915e-02
   3.5241477e-02
   1.0015231e-02
   3.4038845e-02
   2.0212328e-02
   2.5188368e-02
   6.4260155e-02
   7.6605260e-02
   6.0463849e-02
   4.2941127e-02
   5.6835342e-02
   7.0040457e-02
   5.2528806e-02
   4.1121960e-02
   3.4426235e-02
   1.3997799e-02
   5.9063371e-02
   8.0098592e-02
   6.4737722e-02
   9.3028650e-02
   6.1751358e-02
   1.2619515e-01
   1.3487458e-01
   8.4507316e-02
   3.6345448e-02
  -1.5926046e-02
   1.7294776e-02
   5.6357704e-02
   5.4909911e-02
   5.9659604e-02
   7.2850823e-02
   5.8465879e-02
   6.3949242e-02
   5.6781065e-02
   4.6303075e-02
   3.8466133e-02
   2.5965491e-02
   3.3284359e-02
   1.9943645e-02
   1.1066193e-02
   4.5843992e-02
   4.6012618e-02
   3.3286765e-02
   2.6104053e-02
   2.5618007e-02
   3.6951810e-02
   2.1336792e-02
   1.9050511e-02
   1.8170685e-02
   3.3100087e-02
   2.2049692e-02
   3.9026737e-02
   4.2496260e-02
   9.0583740e-03
   1.7206965e-02
   2.2812437e-02
   1.7995620e-02
   4.1488700e-02
   5.0876863e-02
   4.1065443e-02
   4.4500839e-02
   4.0830940e-02
   5.5149138e-02
   4.5322001e-02
   4.5004308e-02
   5.2327927e-02
   4.3924198e-02
   4.6605077e-02
   1.7405968e-02
  -7.6598220e-04
  -1.4028115e-03
   2.4142550e-02
  -8.0745481e-03
   2.1703867e-02
   3.2185271e-02
   6.8635918e-02
   8.8489242e-02
   8.8917747e-02
   4.7466315e-02
   6.6850848e-02
   4.3917503e-02
   3.1304948e-02
   6.1950926e-02
   7.1376763e-02
   6.9643185e-02
   9.0010352e-02
   8.7370701e-02
   9.2900798e-02
   4.8313577e-02
   3.2208133e-02
   6.5986559e-02
   5.4885104e-02
   3.2505229e-02
   5.3879671e-02
   8.5333854e-02
   6.1979797e-02
   3.9380819e-02
   6.3367695e-02
   6.3130952e-02
   4.7081634e-02
   8.1332557e-02
   8.2381628e-02
   5.5556577e-02
   3.8715415e-02
   5.4192729e-02
   3.3196226e-02
   3.3545755e-02
   3.8104381e-02
   5.2367207e-02
   4.4684242e-02
   3.3447091e-02
   3.9906986e-02
   5.6270383e-02
   2.9556394e-02
   4.4921566e-02
   3.3547070e-02
   3.9114188e-02
   3.9866246e-02
   4.1427944e-02
   5.7650551e-02
   3.4542613e-02
   2.4716780e-02
   2.2401495e-02
   3.3378642e-02
   4.2282045e-02
   3.2753587e-02
   9.9805444e-03
   1.5190349e-02
   3.8350716e-02
   4.5549385e-02
   2.8068434e-02
   1.9074267e-02
   2.3968909e-02
   6.9847398e-02
   3.7611149e-02
   3.0677967e-02
   5.0178293e-02
   6.2805265e-02
   6.7727767e-02
   5.4026399e-02
   3.4640905e-02
   3.1093959e-02
   2.9980341e-02
   2.6484299e-02
   2.9417168e-02
   1.9910181e-02
   3.8712427e-02
   6.2508292e-02
   5.1277593e-02
   2.5327962e-02
   2.9628195e-02
   3.9526045e-02
   2.6300315e-02
   3.6082171e-02
   2.3262180e-02
   5.2414279e-02
   5.0178926e-02
   3.2534219e-02
   4.5160346e-02
   4.4774156e-02
   1.5455641e-02
   1.2179581e-02
   2.5553469e-02
   6.4538747e-02
   6.6496953e-02
   3.7727695e-02
   2.1448851e-02
   3.4111556e-02
   2.1095810e-02
   6.1527765e-03
   1.3122172e-02
   8.0899298e-03
   4.1928641e-02
   5.1927727e-02
   5.6802992e-02
   4.4305924e-02
   2.3941770e-02
   3.9387699e-02
   3.8254060e-02
   2.5070691e-02
   3.9521351e-02
   4.4706807e-02
   4.1608632e-02
   3.9306574e-02
   6.2900215e-02
   5.1945571e-02
   1.6908091e-02
   4.1016769e-02
   3.0630883e-02
   4.1662510e-02
   6.4285904e-02
   5.1557757e-02
   6.1238747e-02
   4.3072861e-02
   6.1371505e-02
   5.1486388e-02
   1.0700149e-01
   8.1103042e-02
   4.5209229e-02
   3.5601661e-02
   4.1672811e-02
   6.4526401e-02
   6.8523891e-02
   9.0252452e-02
   7.6915741e-02
   5.3467389e-02
   7.6129315e-03
   1.1267466e-02
   4.2543452e-02
   4.3502655e-02
   2.9808315e-02
   4.3090917e-02
   4.7730781e-02
   5.3675443e-02
   7.7223696e-02
   4.6712190e-02
   4.2686589e-02
   4.1844591e-02
   4.7830604e-02
   5.9712958e-02
   2.2361891e-02
   4.7268864e-02
   3.6000319e-02
   3.1917531e-02
   2.9499892e-02
   2.4205133e-02
   4.0219959e-02
   3.3876233e-02
   3.1110991e-03
   2.0904228e-02
   4.4489212e-02
   2.8343977e-02
   4.1834656e-02
   4.4843551e-02
   4.4860009e-02
   2.9641803e-02
   4.1267302e-02
   2.6530150e-02
   1.6642945e-02
   1.5423471e-02
   3.0518625e-02
   1.4204608e-02
   2.5960684e-02
   1.8352510e-02
   1.9323360e-02
   4.0085852e-02
   5.4569773e-02
   8.7143993e-03
   3.0938078e-02
   3.9763320e-02
   3.5295654e-02
   6.0023602e-02
   3.8566083e-02
   3.0171372e-02
   3.4828726e-02
   2.8451009e-02
   4.1347902e-02
   4.6076261e-02
   3.3919331e-02
   2.2244733e-02
   3.2373000e-02
   2.9953206e-02
   2.6829273e-02
   6.5208644e-02
   4.5431133e-02
   6.4792760e-02
   5.7720337e-02
   2.5715655e-02
   3.6684152e-02
   1.4314360e-02
   2.5981115e-02
   4.9052432e-02
   2.6531629e-02
   3.7321493e-02
   4.1134123e-02
   8.4538557e-02
   9.7018540e-02
   9.1953643e-02
   5.3652402e-02
   1.2717862e-02
   2.1255400e-02
   2.6133005e-02
   3.8859572e-02
   2.1969566e-02
   4.3099005e-02
   5.7415720e-02
   6.2830456e-02
   3.2949686e-02
   5.8839969e-02
   4.2352520e-02
   2.0655267e-02
   2.1974571e-02
   4.2127185e-02
   7.5960889e-02
   6.3721582e-02
   6.0767226e-02
   5.3523988e-02
   4.3436851e-02
   6.5252788e-02
   5.5686682e-02
   1.1044758e-02
   1.2162705e-03
   2.1523260e-02
   6.1076790e-02
   3.0685175e-02
   3.5890095e-02
   4.0061798e-02
   7.2440021e-02
   5.7592288e-02
   2.8620457e-02
   5.0947551e-02
   4.2999908e-02
   6.6281490e-02
   6.9163322e-02
   3.9719973e-02
   3.2962497e-02
   1.9180264e-02
   5.9954677e-02
   1.2232700e-01
   1.8115784e-01
   1.2994160e-01
   6.4195774e-02
   6.4524777e-02
   7.4664310e-02
   5.0756939e-02
   3.9519314e-02
   5.7619456e-02
   4.8871238e-02
   4.7238991e-03
   4.4597737e-02
   4.0094718e-02
   6.5431796e-02
   6.0691655e-02
   6.3109919e-02
   4.4444446e-02
   1.1989291e-02
   9.9290023e-03
   3.0029874e-02
   5.0903115e-02
   7.6745331e-02
   7.2409652e-02
   1.2142941e-01
   1.6632572e-01
   8.1996948e-02
   5.7825286e-02
   6.3975677e-02
   3.8789447e-02
   7.8981714e-03
   5.1297083e-02
   1.1588762e-01
   1.0195769e-01
   4.3459862e-02
  -8.6513869e-03
  -8.3550876e-03
   3.9971404e-02
   6.3422672e-02
   7.3450454e-02
   4.9323160e-02
   2.0956149e-02
   4.5565736e-02
   7.4261879e-03
   1.2951043e-02
   3.6891997e-02
   8.5797198e-02
   7.8157321e-02
   6.3973494e-02
   6.8917242e-03
  -5.9267157e-03
   3.0399704e-02
   1.7404036e-01
   1.9075181e-01
   1.0710259e-01
   1.1320625e-01
   1.0653772e-01
   6.9527298e-02
   6.3275605e-02
   1.7685874e-01
   6.9887710e-01
   9.1309690e-01
   4.7805759e-01
   1.8636350e-01
   1.3112743e-01
   1.4470990e+00
   4.7292256e+00
   4.4323163e+00
   1.8027711e+00
   4.7567809e-01
   1.8895584e-01
   2.0162702e-01
   3.7540144e-01
   9.6104211e-01
   1.0124062e+00
   4.9655980e-01
   2.3185658e-01
   1.1038534e-01
   1.6485526e-01
   2.3161937e-01
   3.8862678e-01
   3.7448937e-01
   1.7920065e-01
   1.1329622e-01
   1.0081568e-01
   1.1573967e-01
   2.1801764e-01
   2.2476850e-01
   2.5902188e-01
   3.0730551e-01
   1.9397093e-01
   4.7653444e-02
   1.2436075e-02
   2.5259381e-02
   6.8241239e-02
   6.8617411e-02
   6.7453906e-02
   3.2840338e-02
   5.7888985e-02
   1.0381861e-01
   5.2234665e-02
   5.6327205e-02
   4.2961966e-02
   3.5061609e-02
   3.8709544e-02
  -1.2549873e-03
   3.0962022e-02
   8.5623987e-02
   6.6829406e-02
   3.4997895e-02
  -1.8432815e-02
   5.5692233e-02
   1.4658186e-01
   1.5727736e-01
   8.0428332e-02
   2.9080063e-02
   2.2124586e-01
   3.3368811e-01
   1.5907040e-01
   8.0277525e-02
   1.8867850e-01
   2.6787177e-01
   1.7571490e-01
   7.8289665e-02
   4.2571411e-02
   2.2148886e-01
   1.1505749e+00
   1.3511615e+00
   6.5461826e-01
   1.4819410e-01
   1.3727566e-02
   4.8551820e-02
   1.0539300e-01
   3.1036130e-01
   3.4619585e-01
   1.6565830e-01
   7.1227744e-02
   2.6866023e-03
   4.9458515e-02
   1.1406269e-01
   1.5265943e-01
   1.2206688e-01
   7.8565434e-02
   6.6770770e-02
   1.6216062e-02
   2.8827297e-02
   6.2315129e-02
   8.2623623e-02
   1.2117124e-01
   1.1563157e-01
   4.1910771e-02
  -4.1446113e-03
   1.5549933e-02
   4.0030342e-02
   3.5256106e-02
   1.2689021e-02
   5.3107660e-02
   4.2882018e-02
   8.5161477e-02
   6.4969718e-02
   6.9575906e-02
   5.5260599e-02
   1.6549330e-02
   2.7875885e-02
   4.6939306e-02
   1.6056137e-02
   3.5938069e-02
   5.8477182e-02
   4.9446918e-02
   3.0362591e-02
   2.0071708e-02
   7.5568281e-02
   1.2679316e-01
   7.5189248e-02
   2.7486579e-02
   5.7774503e-02
   1.1331899e-01
   7.0819408e-02
   3.4862012e-02
   1.3670628e-01
   3.1752855e-01
   2.9922315e-01
   1.4646445e-01
   4.6375927e-02
   2.7500230e-01
   1.3219677e+00
   1.8743260e+00
   1.0008174e+00
   3.0742773e-01
   8.7079272e-02
   1.0904672e-01
   1.5553051e-01
   3.2202080e-01
   4.3489999e-01
   2.6325655e-01
   1.1893717e-01
   4.4039164e-02
   6.1696216e-02
   6.7421146e-02
   1.4766346e-01
   1.3746923e-01
   9.5483534e-02
   3.5714727e-02
   2.4046639e-02
   9.3753047e-02
   1.0614479e-01
   1.1427432e-01
   9.6740857e-02
   9.6007898e-02
   5.3024422e-02
   1.7512115e-02
   3.4360655e-02
   7.9537623e-02
   5.5415917e-02
   5.9781976e-02
   3.5866823e-02
   1.6595555e-02
   5.2485395e-02
   6.2839545e-02
   5.3996343e-02
   4.2977702e-02
   1.4095196e-02
   2.0555820e-02
   3.5481889e-02
   5.3468693e-02
   7.7276550e-02
   6.3547201e-02
   5.0020505e-02
   3.1718623e-02
   4.7587600e-02
   7.1092933e-02
   1.0848965e-01
   1.0892310e-01
   5.8633573e-02
   4.1664936e-02
   6.9730215e-02
   1.0634057e-01
   7.1376935e-02
   7.4034780e-02
   1.5880345e-01
   1.4687714e-01
   1.1604941e-01
   6.0666263e-02
   1.5108846e-01
   5.7871538e-01
   7.2904140e-01
   3.7555599e-01
   1.5016982e-01
   8.0715619e-02
   2.7835065e-02
   5.4898471e-02
   1.5479150e-01
   1.6710722e-01
   1.1921760e-01
   8.8576071e-02
   7.3571227e-02
   6.2920108e-02
   3.5250794e-02
   6.8618819e-02
   5.2481979e-02
   6.1574068e-02
   2.0525385e-02
  -1.2188964e-02
   3.6069375e-02
   8.8777073e-02
   1.0852087e-01
   1.3182881e-01
   8.9947440e-02
   4.3147530e-02
   1.2510355e-02
   2.5354432e-02
   2.6488470e-02
   3.6121134e-02
   3.1023385e-02
   6.5876231e-02
   7.2523251e-02
   6.0496867e-02
   4.6912059e-02
   3.7517659e-02
   7.1637705e-02
   7.3898159e-02
   4.4411335e-02
   4.2400621e-02
   5.1679190e-02
   5.1683843e-02
   4.5228980e-02
   2.8495964e-02
   3.9360104e-03
   3.8512483e-02
   6.6718929e-02
   5.6912825e-02
   3.5297446e-02
   3.0032119e-02
   4.7202945e-02
   2.7811999e-02
   2.9309900e-02
   7.3955193e-02
   6.7284055e-02
   9.4951063e-02
   8.4100224e-02
   4.7015786e-02
   1.0595722e-01
   2.4670406e-01
   3.1969744e-01
   1.8522641e-01
   5.9707560e-02
   7.6388448e-02
   9.8880544e-02
   8.9592867e-02
   1.2710580e-01
   1.3464679e-01
   6.3311040e-02
   2.1007967e-03
   4.0998634e-02
   3.9848763e-02
   4.5164518e-02
   7.1707301e-02
   7.6503351e-02
   4.3222655e-02
   2.4051169e-02
   3.4636073e-02
   7.8472301e-02
   7.1223199e-02
   3.4418285e-02
   9.1215577e-03
  -1.5417141e-02
   2.3253702e-02
   8.2493812e-02
   8.7828070e-02
   3.3711847e-02
   5.5888798e-03
  -7.9245474e-03
   5.6873605e-02
   5.5256616e-02
   5.6481801e-02
   4.0887635e-02
   3.5780322e-02
   6.4459100e-02
   2.4157740e-02
   3.3022080e-02
   4.1114878e-02
   4.7113419e-02
   2.7912285e-02
   4.3501880e-02
   4.8502628e-02
   9.4877392e-02
   6.5005429e-02
   3.1727936e-02
   3.8834307e-02
   3.5638612e-02
   3.1809229e-02
   4.9615856e-02
   4.1150466e-02
   3.0387411e-02
   4.8433635e-02
   4.5322459e-02
   4.7875129e-02
   5.3180594e-02
   6.5439016e-02
   1.0109164e-01
   1.5129085e-01
   1.2585700e-01
   7.4741609e-02
   2.8414683e-02
   1.1270301e-02
   8.6530875e-03
   4.4609860e-02
   8.1735104e-02
   6.7301840e-02
   4.7172725e-02
   2.3718765e-02
   3.7938043e-02
   5.4913558e-02
   3.2734986e-02
   1.5994366e-02
   4.3507632e-02
   2.4027653e-02
   2.3133380e-02
   4.3092515e-02
   7.2131865e-02
   5.7461854e-02
   5.4606091e-02
   1.9034849e-02
   6.8184352e-03
   6.5106571e-02
   1.3464218e-01
   1.0825407e-01
   5.7876691e-02
   4.1030701e-02
   4.9949687e-02
   6.1198894e-02
   6.9005401e-03
   5.5392440e-02
   9.7144946e-02
   9.9690281e-02
   5.6135848e-02
   2.8447209e-02
   5.3881429e-02
   7.9774171e-02
   9.7873814e-02
   4.9157020e-02
   8.1417955e-02
   1.1332143e-01
   1.3887572e-01
   1.2075432e-01
   6.3734271e-02
   9.4153531e-02
   1.3038349e-01
   1.1524618e-01
   9.8613881e-02
   5.9705060e-02
   1.0348979e-01
   1.9467512e-01
   1.4154197e-01
   9.4111286e-02
   6.6581406e-02
   1.4005591e-01
   2.2800660e-01
   1.9522160e-01
   9.2506960e-02
   7.6399431e-02
   2.4177396e-01
   3.0301970e-01
   2.0536757e-01
   1.1251139e-01
   6.0116846e-02
   2.5973123e-01
   4.6926078e-01
   3.4907997e-01
   1.3077037e-01
   1.7931284e-01
   5.7213950e-01
   7.7788198e-01
   5.1117128e-01
   1.9409165e-01
   1.7443049e-01
   3.1917122e-01
   3.0348986e-01
   1.3261770e-01
   1.5784672e-02
   1.2408564e-01
   3.4708834e-01
   3.1806973e-01
   1.7610379e-01
   1.1680470e-01
   1.4444306e-01
   9.6192800e-02
   7.6021738e-02
   5.6320846e-02
   5.7962719e-02
   4.7869369e-02
  -1.7046100e-02
  -2.1873875e-02
   2.4813039e-02
   2.9033341e-02
   2.5010297e-02
   3.5312306e-02
   7.1140364e-02
   9.3739480e-02
   7.1878731e-02
   7.6607220e-02
   1.9989436e-02
   1.2418755e-02
   3.0177979e-02
   6.8343028e-02
   5.1275432e-02
   3.6608502e-02
   4.5112252e-02
   5.8055907e-02
   7.1136244e-02
   4.9343433e-02
   5.1107042e-02
   7.0092827e-02
   6.3990861e-02
   5.7239722e-02
   4.3847669e-02
   5.5793941e-04
   7.3804371e-02
   1.5780678e-01
   1.1721224e-01
   3.0820187e-02
   3.0894987e-02
   1.4658014e-01
   2.4789897e-01
   2.3710574e-01
   1.1730404e-01
   8.1324942e-02
   9.0505935e-02
   1.4176141e-01
   1.3633187e-01
   5.9772015e-02
   4.7580775e-02
   1.1653306e-01
   1.6939394e-01
   1.2226727e-01
   1.1197567e-01
   9.4025306e-02
   1.4212132e-01
   1.3229908e-01
   6.6532709e-02
   2.0580774e-02
   6.0670249e-02
   2.0697614e-02
   2.9116694e-03
   2.4108101e-02
   5.5872370e-02
   6.7959912e-02
   4.8751827e-02
   5.6826040e-02
   4.0982448e-02
   3.0649735e-02
   4.4803899e-02
   1.0778369e-02
   2.9027479e-02
   4.9002491e-02
   4.4600762e-02
   6.5237530e-02
   6.2467184e-02
   5.2108202e-02
   9.9570910e-03
  -4.8594638e-03
   3.9048150e-02
   9.5571950e-03
   2.2121621e-02
   5.1348835e-02
   4.1357785e-02
   2.7732560e-02
   4.2203583e-02
   4.0681072e-02
   7.5547978e-02
   9.8208547e-02
   1.1499225e-01
   1.1670180e-01
   7.9471104e-02
   1.0138515e-01
   5.0550405e-02
   2.8234934e-02
   1.4488729e-02
   1.0667820e-01
   1.8960506e-01
   1.2926356e-01
   9.1389582e-02
   1.1258924e-01
   1.9765145e-01
   2.2749422e-01
   1.8859370e-01
   8.3470225e-02
   6.5772973e-02
   6.9074236e-02
   6.9618158e-02
   3.2162700e-02
   4.9544312e-02
   8.3063543e-02
   1.4135718e-01
   7.9689063e-02
   4.3382268e-02
   2.6572566e-02
   4.3836799e-02
   3.8570911e-02
   4.0177658e-02
   3.9602205e-02
   4.1505434e-02
   1.6980866e-02
   1.1852902e-02
   9.5841736e-03
   8.0968542e-03
  -4.2927936e-03
   6.4031207e-03
   4.2365704e-02
   4.4110883e-02
   6.4246826e-02
   5.8981884e-02
   2.0813454e-02
   3.3326440e-02
   7.0909314e-02
   4.7176428e-02
   2.4718316e-02
   3.7654463e-02
   7.7465199e-02
   4.4155180e-02
   5.0230052e-02
   2.6928028e-02
   2.4644608e-02
   2.7673757e-02
   3.6925223e-02
   2.0732179e-02
   4.6298955e-02
   3.1116180e-02
   4.1821700e-02
   6.5859139e-02
   2.2513777e-02
   4.9208943e-02
   3.7816126e-02
   6.6343598e-02
   1.0119698e-01
   7.9083480e-02
   3.8770910e-02
   3.4077697e-02
   4.8107658e-02
   8.8613398e-02
   6.9764607e-02
   5.7026926e-02
   6.4515464e-02
   6.8959795e-02
   9.3990624e-02
   8.1282750e-02
   3.4123968e-02
   7.5542159e-02
   9.3257159e-02
   3.9142020e-02
   4.3592636e-02
   3.2112546e-02
   2.7511230e-02
   1.2079614e-02
   6.8777064e-03
   4.2638883e-02
   8.4677979e-02
   1.1219299e-01
   4.5516998e-02
   1.5894134e-02
   2.7151691e-02
   3.4409937e-02
   2.6121059e-02
   8.7674642e-03
   2.3800896e-02
   2.2892874e-02
   1.8729409e-02
   3.3903185e-02
   1.5570596e-02
   2.8914990e-02
   2.3307517e-02
   6.4301118e-02
   5.4908447e-02
   4.9656369e-02
   4.3078922e-02
   1.1934414e-02
   1.8387163e-02
   4.8317742e-02
   6.7084290e-02
   6.5183438e-02
   8.3319485e-02
   5.8150116e-02
   7.9530090e-02
   5.7699397e-02
   4.5535885e-02
   2.7039113e-02
  -2.2049074e-03
   3.0290652e-02
   5.9809342e-02
   6.8106450e-02
   6.2014926e-02
   6.6690914e-02
   7.3664822e-02
   1.0560262e-01
   8.7141126e-02
   4.3192778e-02
   5.3506903e-02
   4.6317805e-02
   3.2580812e-02
   1.2621497e-02
   2.8594870e-02
   3.5427716e-02
   5.0075762e-02
   4.2417016e-02
   5.2498553e-02
   4.1136887e-02
   4.3235045e-02
   5.8798615e-02
   5.9404820e-02
   4.3152444e-02
   1.8416025e-02
   5.3133108e-03
   2.1435730e-02
   3.4084860e-02
   1.5947860e-02
   3.3021212e-02
   4.3537930e-02
   3.6416106e-02
   1.9739639e-02
   2.5955221e-02
   1.7306335e-02
   3.9991114e-02
   3.6008947e-02
   3.9864760e-02
   2.9765565e-02
   2.9162413e-02
   1.7247144e-02
   2.0741954e-02
   1.5912475e-02
   2.9069191e-02
   4.2644717e-02
   2.7940221e-02
   1.7420525e-02
   2.8241279e-02
   3.5328943e-02
   2.5893781e-02
   3.6226775e-02
   5.1153231e-02
   8.4745735e-02
   8.8494748e-02
   5.4266967e-02
   3.4604888e-02
   2.8813718e-02
   1.7387271e-02
   3.5165589e-02
   1.8429248e-02
   5.2817985e-02
   7.8554124e-02
   1.0930677e-01
   9.5088601e-02
   4.4223756e-02
   7.3453583e-02
   5.3597599e-02
   3.4123238e-02
   1.6892374e-02
   6.6659153e-02
   5.4246202e-02
   3.8466878e-02
   3.9033476e-02
   3.7529625e-02
   3.7892606e-02
   4.8516657e-02
   5.2654941e-02
   3.4422837e-02
   2.9034153e-02
   4.0191166e-02
   3.8518675e-02
   2.2176243e-02
   1.9483140e-02
   1.7040718e-02
   3.3198137e-02
   1.9918093e-02
   3.0316904e-02
   4.7994718e-02
   9.9551603e-03
   2.3210574e-02
   5.7953514e-02
   4.6397347e-02
   4.1352883e-02
   2.1389598e-02
   2.8527036e-02
   3.2074459e-02
   2.7005529e-02
   6.0575776e-02
   4.0643353e-02
   2.1699546e-02
   4.5566373e-02
   1.6505064e-02
   2.0734070e-02
   6.2534221e-02
   4.1151464e-02
   3.7674852e-02
   2.6897432e-02
   5.2135661e-02
   3.6312390e-02
   6.4061508e-02
   3.1296521e-02
   5.4869384e-02
   4.1965377e-02
   3.9254591e-02
   5.4768302e-02
   6.7359649e-02
   4.5962922e-02
   5.2222844e-02
   2.8759591e-02
   3.0377656e-02
   1.4188605e-02
   4.1466475e-02
   2.9877188e-02
   4.3735489e-02
   1.8452898e-02
   2.2582131e-02
   5.6839500e-02
   4.4806842e-02
   3.7669398e-02
   3.7569050e-02
   4.5488641e-02
   4.5526195e-02
   2.6084606e-02
   7.4679838e-03
   4.2164788e-02
   5.7284694e-02
   4.9600121e-02
   7.6006465e-02
   6.8398423e-02
   6.4077921e-02
   4.7738388e-02
   3.6983427e-02
   4.3498244e-02
   3.9970916e-02
   5.2462645e-02
   2.3135617e-02
   2.0649498e-02
   1.3852589e-02
   3.0005641e-02
   1.1401285e-02
   4.8464973e-02
   5.6070451e-02
   3.2858334e-02
   1.6964281e-02
   4.3878656e-02
   3.3038676e-02
   1.3422808e-02
   6.7397222e-02
   9.3519107e-02
   1.1965150e-01
   1.1045513e-01
   4.3871626e-02
   4.6448473e-02
   9.8532572e-02
   1.8132666e-01
   1.9120716e-01
   9.9494800e-02
   6.5133460e-02
   1.2767066e-01
   1.5147345e-01
   1.2639505e-01
   1.0504353e-01
   9.3625106e-02
   5.9340373e-02
   3.0818125e-02
   3.5305381e-02
   4.4464685e-02
   5.3844616e-02
   3.8174838e-02
   1.3919781e-02
   2.3043731e-02
   4.4756465e-02
   5.7966962e-02
   5.4307967e-02
   1.7485036e-02
   1.6789261e-02
   1.4913601e-02
   1.8617099e-02
   3.2612316e-02
   6.1988816e-02
   3.3969499e-02
   1.2700473e-02
   2.5748352e-02
   2.0258492e-02
   3.3257067e-02
   3.7579268e-02
   2.4795039e-02
   2.4758389e-02
   2.5808910e-02
   9.4285253e-03
   1.3651809e-02
   1.7308000e-02
   2.7695030e-02
   2.7162448e-02
   3.5382494e-02
   4.0977590e-02
   2.9578043e-02
   3.6123481e-02
   4.4735465e-02
   1.4607589e-02
   1.4334569e-02
   4.9751108e-03
   2.2753438e-02
   2.4100667e-02
   1.4624649e-02
   3.3574637e-02
   7.4869856e-02
   7.7516995e-02
   4.5213919e-02
   4.2674277e-02
   3.7963890e-02
   4.1932128e-02
   5.2990437e-02
   6.2508784e-02
   3.9560493e-02
   1.9075898e-02
   3.8403124e-02
   2.4905887e-02
   4.5470405e-02
   1.9663146e-02
   4.0338002e-02
   5.7793133e-02
   2.2649517e-02
   3.8762357e-02
   3.2842871e-02
   1.5186838e-02
   4.7627412e-02
   2.9857907e-02
   2.1607811e-02
   4.6398781e-02
   5.7193879e-02
   3.2783005e-02
   7.8220768e-03
   6.0253132e-02
   6.0398735e-02
   4.6935391e-02
   2.9584585e-02
   3.3978809e-02
   6.0450207e-02
   5.0885439e-02
   2.8676426e-02
   3.6996331e-02
   5.4601628e-02
   3.8789853e-02
   3.2259889e-02
   3.9798658e-02
   3.7662022e-02
   3.7919831e-02
   2.7302328e-02
   3.7990913e-02
   6.4043611e-02
   5.5496063e-02
   6.3654907e-02
   5.6417156e-02
   8.0496266e-02
   6.9342449e-02
   2.4453372e-02
   1.5649732e-02
   1.6771141e-02
   3.2279667e-02
   2.4603935e-02
   2.1839898e-02
   5.4837435e-02
   5.9560195e-02
   1.5055252e-02
   2.8721489e-02
   3.0312538e-02
   2.8215971e-02
   2.6509324e-02
   2.8677249e-02
   1.8626789e-02
   1.3844371e-02
   2.3008695e-02
   2.9810881e-02
   2.5669772e-02
   3.0448455e-02
   3.8787577e-02
   4.3099441e-02
   4.5936313e-02
   2.5088154e-02
   1.6120069e-02
   1.7022312e-02
   2.2137808e-02
   3.1243723e-02
   3.5597708e-02
   2.8101705e-02
   1.3975297e-02
   1.0864922e-02
   2.7715743e-02
   2.1180717e-02
   5.5338316e-02
   7.2228648e-02
   2.0396464e-02
   2.0741830e-02
   6.7307383e-02
   5.3535447e-02
   1.7086694e-02
   2.1140100e-02
   2.4260886e-02
   3.1614795e-02
   5.4010935e-02
   6.1588690e-02
   5.0883256e-02
   4.9100246e-02
   4.4716328e-02
   5.4929215e-02
   4.6079479e-02
   5.0417855e-02
   4.5733314e-02
   2.9722832e-02
   8.3885742e-03
   1.7124163e-02
   1.8663580e-02
   1.0256261e-03
   3.3385172e-03
   1.2147087e-02
   3.4222305e-02
   3.6334708e-02
   2.6362129e-02
   3.4819432e-02
   4.0313881e-02
   2.9809484e-02
   4.3366086e-02
   2.1508025e-02
   3.6923088e-02
   2.7717734e-02
   4.4095710e-02
   3.3189356e-02
   3.8028192e-02
   4.6162412e-02
   5.8966100e-02
   6.3134365e-02
   4.4901714e-02
   3.0886207e-02
   2.4702350e-02
   4.0498446e-03
   2.9236397e-02
   2.4458494e-02
   3.2315429e-02
   6.9593512e-02
   3.8978867e-02
   4.5815688e-02
   5.3992115e-02
   4.8880048e-02
   2.7563712e-02
   3.1985294e-02
   2.2652714e-02
   2.5573885e-02
   2.8438332e-02
   2.3296490e-02
   2.6749806e-02
   1.5746251e-02
   2.2470722e-02
   3.6265559e-02
   4.7443397e-02
   4.7417495e-02
   5.3289831e-02
   5.0613310e-02
   3.9719023e-02
   1.3884449e-02
   1.6047033e-02
   1.5823640e-02
   4.2110007e-02
   3.2148946e-02
   2.5931386e-02
   6.0989082e-02
   4.3885447e-02
   3.7846882e-02
   3.5690680e-02
   3.5893723e-02
   3.9630990e-02
   2.6627570e-02
   2.6431054e-02
   2.9384671e-02
   7.1062513e-02
   4.5767967e-02
   8.3849533e-03
   2.7153982e-02
   3.8530242e-02
   1.4162318e-02
   2.8415147e-02
   3.5945848e-02
   1.9730227e-02
   2.3775419e-02
   2.9454103e-02
   4.1374676e-02
   3.6584660e-02
   1.1513729e-02
   3.4908991e-02
   1.6063442e-02
   3.3337101e-02
   3.6381725e-02
   6.6657633e-02
   4.8835393e-02
   1.6932029e-02
   2.8203556e-02
   5.6778591e-02
   5.3443264e-02
   3.8776714e-02
   4.6563294e-02
   4.5594264e-02
   5.8904443e-02
   5.2966744e-02
   4.5799594e-02
   3.4209061e-02
   4.6191566e-02
   2.6108673e-02
   4.3296866e-02
   4.0823899e-02
   3.9325345e-02
   5.0195035e-02
   5.6417618e-02
   4.6738978e-02
   2.0842405e-02
   1.2458315e-02
   1.9512223e-02
   4.5107353e-02
   4.9600549e-02
   4.4800162e-02
   4.4666994e-02
   6.1404616e-02
   7.8544721e-02
   6.1409995e-02
   5.1916122e-02
   3.9247304e-02
   4.6496905e-02
   5.7224564e-02
   5.6079909e-02
   4.1703552e-02
   4.4454828e-02
   4.1725922e-02
   1.7737320e-02
   1.0255117e-02
   3.1541076e-03
   1.6018435e-02
  -1.3216661e-03
   3.2548666e-02
   7.1064241e-02
   4.2538568e-02
   1.1522719e-02
   9.9257315e-03
   1.1891391e-02
   1.8535230e-02
   2.4759429e-02
   2.9201852e-02
   1.9763779e-02
   2.3895150e-02
   3.3920862e-02
   3.6728788e-02
   2.8609706e-02
   3.7841659e-02
   2.3221498e-02
   2.3985600e-02
   1.1661798e-02
   2.9230816e-02
   1.6874786e-02
   5.7404824e-02
   4.0858977e-02
   1.9704161e-02
   2.5906267e-02
   3.5438940e-02
   4.1741181e-02
   2.1886569e-02
   1.0675536e-02
   1.8099876e-02
   2.0400148e-02
   4.4533201e-02
   1.9315390e-02
   2.8452199e-02
   3.7976518e-02
   2.0470271e-02
   2.2568908e-02
   5.6239691e-02
   4.3478165e-02
   3.5591535e-02
   1.7235860e-02
   1.8404566e-02
   1.0668432e-02
   1.6331548e-02
   3.0355763e-02
   3.4160659e-02
   3.7261188e-02
   1.6020453e-02
   2.8245615e-02
   1.6203418e-02
   2.8401839e-02
   2.6491683e-02
   5.1762104e-02
   2.4166411e-02
   2.1743927e-02
   1.0424311e-02
   6.8660919e-03
   2.8024089e-02
   1.7755516e-02
   4.0906209e-02
   3.6286265e-02
   3.7530251e-02
   5.2158508e-02
   3.7452258e-02
   3.1602658e-02
   4.1033465e-02
   2.6538251e-02
   7.7539221e-03
   1.1871435e-02
   2.9460128e-02
   3.8144477e-02
   6.6550091e-02
   3.4185305e-02
   1.6344797e-02
   3.9815102e-02
   4.4371657e-02
   5.2672341e-02
   2.2380779e-02
   1.3637915e-02
   3.9977085e-02
   4.4707358e-02
   3.8454499e-02
   7.1477734e-02
   7.3722839e-02
   2.9254116e-02
   3.0948896e-02
   2.8950548e-02
   3.1014949e-02
   2.1155501e-02
   2.7350809e-02
   5.2313725e-03
   1.9348163e-02
   4.2087570e-02
   3.4845110e-02
   3.1645160e-02
   3.5294857e-02
   2.8537737e-02
   1.2546963e-02
   3.4998883e-02
   4.5050222e-02
   2.2745674e-02
   1.9868646e-02
   4.4857770e-02
   3.3352710e-02
   2.4764013e-02
   2.4244213e-02
   1.9577408e-02
   1.9151954e-02
   4.4056274e-02
   2.9499982e-02
   1.4933618e-02
   2.5922759e-02
   3.9801899e-02
   5.4053899e-02
   7.4503265e-02
   3.6442600e-02
   2.6682099e-02
   3.3703685e-02
   2.9257521e-02
   1.4854266e-02
   4.5942001e-02
   1.3706714e-01
   2.0853615e-01
   1.9936045e-01
   1.1476409e-01
   6.3600495e-02
   4.7560863e-02
   3.8154006e-02
   2.8119916e-02
   3.1361047e-02
   4.6410553e-02
   3.7904844e-02
   3.3866461e-02
   4.0208660e-02
   4.8733532e-02
   1.6453089e-02
   3.2674883e-02
   4.9014006e-02
   1.7394122e-02
   2.2038067e-02
   2.3926610e-02
   3.4964710e-02
   1.2917190e-02
   3.8658928e-02
   4.3056328e-02
   2.7253764e-02
   3.5357345e-02
   2.6884213e-02
   2.5462093e-02
   2.6135063e-02
   2.2123685e-02
   2.3125404e-02
   2.7544317e-03
   2.1392515e-02
   4.0396307e-02
   2.4867181e-02
   3.8963780e-02
   3.6415730e-02
   4.8786972e-02
   4.4297569e-02
   5.6256887e-02
   3.0552039e-02
   4.1470952e-02
   3.2058265e-02
   3.2035500e-02
   3.9844345e-02
   4.6798266e-02
   1.4959325e-02
   2.3848880e-02
   3.8308777e-02
   3.4529876e-02
   3.0563565e-02
   2.2670930e-02
   3.5608370e-02
   1.3404149e-02
   3.4110256e-02
   3.4018867e-02
   5.9903883e-03
   4.5602798e-02
   5.4223239e-02
   3.9052494e-02
   3.6711309e-02
   3.7895828e-02
   4.4281658e-02
   2.8893201e-02
   7.1604038e-03
   8.6369729e-03
   2.2722168e-02
   2.6676305e-02
   1.1301240e-02
   5.6899767e-03
   3.5719212e-02
   6.1287384e-02
   3.9686643e-02
   3.0361414e-02
   1.7992392e-02
   3.3506602e-02
   3.6227096e-02
   4.5445230e-02
   5.3224277e-02
   3.8288806e-02
   3.9590202e-02
   2.2419298e-02
   2.2763208e-02
   4.5170166e-02
   5.5064168e-02
   4.3603212e-02
   4.3085340e-02
   2.6220696e-02
   2.4375506e-02
   1.7204847e-02
   2.3531657e-02
   6.4409846e-03
   1.4566848e-02
   1.8341353e-02
   2.7630806e-02
   3.9665639e-02
   1.7514624e-02
   2.1381296e-02
   5.4650918e-02
   7.3710792e-02
   6.5057896e-02
   3.1472083e-02
   1.6548395e-02
   2.7035080e-02
   2.0175559e-02
   3.9712097e-02
   3.4206308e-02
   6.4875782e-02
   4.7690302e-02
   4.0136270e-02
   2.6176175e-02
   5.4220099e-02
   5.8957014e-02
   6.4584166e-02
   3.4771711e-02
   1.1268281e-02
   1.2003425e-02
   1.6253864e-02
   2.5240390e-02
   2.8433373e-02
   7.0852875e-03
   1.8684205e-02
   3.6902133e-02
   5.5737350e-02
   6.5964192e-02
   6.0775675e-02
   4.8952285e-02
   3.4527648e-02
   1.9544309e-02
   2.3520643e-02
   5.1668074e-02
   3.0130694e-02
   2.0412251e-02
   1.8706927e-02
   5.6606427e-02
   5.6006342e-02
   4.2268094e-02
   2.6179710e-02
   2.0826871e-02
   1.6515659e-02
   6.3282233e-03
   1.2188960e-02
   2.2673953e-02
   3.1101216e-02
   4.2653251e-02
   4.2187825e-02
   4.4811893e-02
   5.4250073e-02
   3.8094103e-02
   2.4828183e-02
   2.5846759e-02
   2.3957128e-02
   1.6072283e-02
   2.0854279e-02
   2.4042718e-02
   4.5342036e-02
   4.2984322e-02
   2.9101592e-02
   3.7736174e-02
   3.1705648e-02
   3.1540055e-02
   5.4955579e-02
   6.7463115e-02
   3.6317874e-02
   1.9845968e-02
   2.6424544e-02
   3.6157966e-02
   4.2816248e-02
   2.6519360e-02
   2.7029628e-02
   3.4790222e-02
   1.6873263e-02
   1.5257798e-02
   3.6969807e-02
   1.9182995e-02
   1.4890851e-02
   2.9679703e-02
   2.5674943e-02
   4.4067383e-02
   2.4778998e-02
   1.0103526e-02
   3.1641141e-02
   4.8442200e-02
   4.9100690e-02
   3.8129784e-02
   4.9586151e-02
   3.0494431e-02
   4.1426525e-02
   3.1737294e-02
   3.8930349e-02
   3.4119561e-03
   2.3197407e-02
   5.0308540e-02
   4.9353011e-02
   5.0066348e-02
   6.6918254e-02
   5.0397538e-02
   3.9265573e-02
   5.9024010e-02
   3.9759226e-02
   4.7313366e-02
   3.0086527e-02
   2.5986686e-02
   2.3760473e-02
   1.1898083e-02
   3.6664002e-02
   3.7229922e-02
   3.5676371e-02
   6.8686805e-03
   1.0340096e-02
   1.2732724e-02
   3.3565160e-02
   4.3254681e-02
   4.1717712e-02
   3.7481088e-02
   1.7843947e-02
   3.1095341e-02
   5.1284742e-02
   3.2201000e-02
   3.6558472e-02
   6.0392585e-02
   5.9334259e-02
   8.2965456e-03
   1.5363527e-02
   3.3491444e-02
   3.4134999e-02
   2.0638304e-02
   6.0971980e-03
   1.4795146e-02
   3.2704897e-02
   3.5254329e-02
   2.8531374e-02
   3.0244324e-02
   4.6872035e-02
   2.8619617e-02
   1.3772633e-02
   3.7186444e-02
   2.8677201e-02
   5.3302967e-03
   1.5188526e-02
   2.5287542e-02
   4.0474787e-02
   2.1753348e-02
   2.9231792e-02
   3.0388331e-02
   3.4535173e-02
   2.4469819e-02
   2.3828540e-02
   9.4353678e-03
   4.6044227e-02
   2.7127396e-02
   1.8568270e-02
   1.9453160e-02
   6.5793112e-02
   5.2353166e-02
   5.6644503e-02
   4.4975132e-02
   5.2199148e-02
   2.6241031e-02
   1.1420178e-02
   2.4149356e-02
   1.5003460e-02
   2.1173732e-02
   2.5814148e-02
   3.9026331e-02
   2.3577517e-02
   1.7498609e-02
   2.1165714e-02
   4.7333635e-02
   3.9075766e-02
   2.8934011e-02
   1.6808152e-03
   4.7160950e-03
   1.5357457e-02
   3.8991205e-02
   4.6264846e-02
   5.0338231e-02
   5.3939000e-02
   2.5865870e-02
   1.2331013e-02
   1.3851162e-02
   6.8334833e-02
   1.1661719e-01
   8.1341565e-02
   5.3287860e-02
   1.7090242e-02
   3.5747569e-02
   4.4278309e-02
   5.0482839e-02
   6.2572576e-02
   7.3660016e-02
   7.8465179e-02
   5.7835586e-02
   2.0028938e-02
   3.1337913e-03
   1.8782634e-03
   2.9612372e-02
   5.7323392e-02
   6.0308103e-02
   5.3696543e-02
   4.7716666e-02
   2.8701359e-02
   5.3953964e-02
   3.0092586e-02
   3.9762061e-02
   1.0743421e-01
   1.9529791e-01
   1.4579719e-01
   9.4763681e-02
   6.1992154e-02
   4.2720955e-02
   6.5737635e-02
   2.8020093e-02
   4.0103093e-02
   5.3720552e-02
   5.3249389e-02
   3.8268451e-02
   2.7145486e-02
   5.5120062e-02
   4.7437791e-02
   5.9177503e-02
   3.8922973e-02
   3.8172096e-02
   4.1538358e-02
   3.3585265e-02
   3.2261461e-02
   2.7830232e-02
   3.3482552e-02
   2.4861187e-02
   2.3318602e-02
   2.4512541e-02
   3.6909409e-02
   3.5738736e-02
   6.3416347e-02
   5.6194030e-02
   3.6992908e-02
   3.1546954e-02
   4.2458937e-02
   2.3896560e-02
   2.6198480e-02
   5.6123856e-02
   1.7864313e-02
  -4.7763200e-03
   2.5571445e-02
   3.1851687e-02
   1.5790114e-02
   3.6145683e-02
   4.3767340e-02
   6.2396016e-02
   5.0063465e-02
   3.9459735e-02
   2.3949321e-02
   3.9461091e-02
   6.4149119e-02
   5.2304421e-02
   5.2770715e-02
   6.2397379e-02
   4.9328230e-02
   4.1389517e-02
   2.5338421e-02
   3.5576176e-02
   4.0378384e-02
   1.4338780e-02
   1.7017551e-02
   1.7989015e-02
   3.2482244e-02
   2.9312590e-02
   4.2518836e-02
   5.5216067e-02
   3.9403196e-02
   4.7212400e-02
   4.2988140e-02
   5.3240951e-02
   4.2789068e-02
   4.7649719e-02
   3.6418073e-02
   4.9827740e-02
   2.5971372e-02
   1.9562857e-02
   5.7221584e-02
   1.5210447e-01
   1.7708856e-01
   9.0351857e-02
   5.5074066e-02
   1.0129509e-02
   1.0119798e-03
   6.7500975e-03
   3.3876065e-02
   4.6660695e-02
   7.3298238e-02
   5.2166704e-02
   3.3593345e-02
   1.5315985e-02
   2.3642240e-02
   7.5447157e-02
   1.3003328e-01
   1.4799070e-01
   1.0186837e-01
   3.7487742e-02
   4.9517605e-02
   4.1246347e-02
   2.3945272e-02
   7.9057373e-02
   2.4005845e-01
   2.7077460e-01
   1.7701808e-01
   5.2708235e-02
   2.8987901e-02
   5.9111681e-02
   5.9364405e-02
   4.7359481e-02
   3.1893034e-02
   2.7611451e-02
   2.7790647e-02
   4.4132210e-02
   6.0101163e-02
   6.1452877e-02
   5.7228163e-02
   7.2268985e-02
   6.2764920e-02
   3.5057474e-02
   4.3805916e-02
   4.8743863e-02
   3.2025985e-02
   3.0567473e-02
   3.1445429e-02
   1.6354742e-02
   4.3060075e-02
   4.2175006e-02
   3.5407845e-02
   2.8725090e-02
   2.1549832e-02
   3.7725680e-02
   3.3465292e-02
   8.3506107e-03
   6.1678860e-02
   6.9268554e-02
   3.4523278e-02
   2.2825370e-02
   5.0529096e-02
   2.6046239e-02
   2.2586444e-02
   2.1350022e-02
   4.2465709e-02
   7.0460260e-02
   2.9954791e-02
   9.1117285e-03
   2.4133420e-02
   4.0627342e-02
   1.9904537e-02
   4.4780999e-02
   4.7472175e-02
   6.3727401e-02
   5.4419801e-02
   3.5170432e-02
   4.9296618e-02
   3.9868541e-02
   1.8904181e-02
   2.2631058e-02
   1.8988652e-02
   3.0363452e-02
   3.4558244e-02
   3.1640850e-02
   8.0148680e-03
   5.4332960e-02
   4.6014350e-02
   2.2005405e-02
   1.4793665e-02
   2.0599617e-02
   3.4516819e-02
   3.0427260e-02
   6.0782708e-02
   7.2872907e-02
   6.3371815e-02
   4.5710415e-02
   3.8919605e-02
   3.6741164e-02
   1.7687451e-02
   2.3964966e-02
   4.4072244e-02
   4.1820437e-02
   3.1868964e-02
   2.8618230e-02
   4.7924921e-02
   1.1848413e-02
   2.0853542e-02
   5.6951966e-02
   7.9362683e-02
   8.9786835e-02
   6.8628766e-02
   4.2432789e-02
   5.7481445e-02
   1.9675141e-02
   1.5971877e-02
   3.2612845e-02
   8.4030770e-02
   7.1224794e-02
   6.2370524e-02
   2.0626504e-02
   2.4651516e-02
   3.2356210e-02
   9.4038574e-03
   5.9648685e-02
   1.2739488e-01
   1.2536658e-01
   6.8452217e-02
   5.3271279e-02
   4.6910193e-02
   1.4206238e-02
   1.7203154e-02
   6.3816473e-02
   7.1649276e-02
   5.8834076e-02
   6.7662798e-02
   8.3067052e-02
   7.1529485e-02
   3.5235427e-02
   2.7797570e-02
   7.0555612e-02
   7.1397215e-02
   1.8452527e-02
   1.1033873e-02
   3.3845928e-02
   3.1466011e-02
   3.2440230e-02
   4.0464524e-02
   4.7550488e-02
   5.0000682e-02
   7.4974291e-02
   5.7058837e-02
   5.5765923e-02
   5.2178189e-02
   3.1764016e-02
   5.6109577e-02
   5.4663502e-02
   7.7543326e-02
   7.5161792e-02
   3.5839848e-02
   3.2251734e-02
   3.6801316e-02
   3.0047784e-02
   1.0600794e-02
   3.2279439e-02
   4.0045850e-02
   1.5572543e-02
   7.6199388e-03
   2.0900011e-02
   1.5539293e-02
   2.9942479e-02
   6.4813234e-02
   6.5103397e-02
   5.0863478e-02
   1.8013703e-02
   2.1966742e-02
   4.4720173e-02
   3.9606713e-02
   1.5845612e-02
   9.9269180e-03
   2.7087940e-02
   5.0448138e-02
   3.6880933e-02
   4.5109000e-02
   3.0810364e-02
   2.6427189e-02
   6.3962474e-02
   5.3537969e-02
   4.2877413e-02
   1.4359799e-01
   2.2939055e-01
   2.1315320e-01
   1.2172174e-01
   6.7279026e-02
   3.5187643e-02
   2.3555778e-02
   3.7723817e-02
   2.2773530e-02
   4.2565975e-02
   5.5726159e-02
   8.7820016e-02
   8.8321052e-02
   7.3546641e-02
   4.7921270e-02
   1.8271826e-02
   4.1706633e-02
   6.1464127e-02
   4.7138259e-02
   8.9218669e-02
   1.6013144e-01
   1.6896458e-01
   9.6489154e-02
   7.2884947e-02
   8.5418969e-02
   8.4281482e-02
   6.5416239e-02
   6.6240698e-02
   2.6784999e-02
   1.8295282e-02
   1.4029176e-02
   2.5976481e-02
   4.6537310e-02
   3.6440071e-02
   2.9946893e-02
   4.9790950e-03
   2.3187334e-02
   2.7295412e-02
   4.1622732e-02
   3.0054621e-02
   3.5693601e-02
   6.7379079e-03
   2.0548306e-02
   3.4954895e-03
   2.0972621e-02
   2.3125438e-02
   3.6320120e-02
   1.1474112e-01
   1.4872918e-01
   9.3290262e-02
   6.2965967e-02
   4.5667782e-02
   1.7579939e-02
   1.7783726e-02
   3.3863459e-02
   6.2832735e-02
   6.4856507e-02
   8.0879621e-02
   5.2852228e-02
   7.5704694e-02
   4.3307256e-02
   5.3872216e-02
   8.3350115e-02
   8.5301429e-02
   4.9163628e-02
   4.3777529e-02
   6.8189509e-02
   5.6768376e-02
   4.8058074e-02
   5.5272702e-02
   4.6819765e-02
   3.3273712e-02
   1.6722612e-02
   5.8287781e-02
   1.0232782e-01
   7.4419551e-02
   5.1725700e-02
   4.6105307e-02
   3.3146750e-02
   5.1406967e-03
   5.7272986e-03
   1.7700054e-01
   5.5956143e-01
   6.1980671e-01
   4.2911407e-01
   2.0304926e-01
   6.1119255e-02
   5.4453261e-02
   2.3329953e-02
   6.3772206e-03
   3.5206396e-02
   1.0135289e-01
   1.2397733e-01
   1.3478859e-01
   8.8081203e-02
   8.8708431e-02
   5.4800138e-02
   4.5124024e-02
   4.1797124e-03
   5.8649839e-03
   2.9917398e-02
   2.1775806e-02
   4.8412126e-02
   6.3598126e-02
   6.0758065e-02
   5.4449894e-02
   3.6426459e-02
   1.6055197e-02
   5.7156712e-02
   5.2205950e-02
   7.3151641e-02
   5.2878287e-02
   2.1048604e-02
   5.5034194e-02
   4.8599720e-02
   3.9867498e-02
   4.1931212e-02
   6.8269737e-02
   3.7051942e-02
   3.6105659e-02
   4.4812836e-02
   4.7358818e-02
   1.9938452e-02
  -7.3239412e-03
  -8.6057354e-03
   1.3748416e-02
   3.2676287e-02
   5.6998640e-02
   9.6074440e-02
   1.0106242e-01
   5.4863751e-02
   2.7673671e-02
   1.0693530e-02
  -1.4572659e-02
   3.5224352e-03
   3.7674949e-02
   1.6677934e-01
   2.2238663e-01
   1.3273709e-01
   1.0582263e-01
   5.1332504e-02
   4.7790833e-02
   3.4699723e-02
   3.5250857e-02
   8.3829321e-02
   3.7540477e-02
   5.5276223e-02
   8.5805140e-02
   8.1146166e-02
   9.4607122e-02
   8.6856149e-02
   9.1714084e-02
   2.0519592e-02
   6.9054998e-02
   1.1543555e-01
   1.3454920e-01
   8.6678274e-02
   9.3856610e-02
   1.3279112e-01
   1.0327289e-01
   5.9088733e-02
   5.9812650e-02
   7.9394594e-02
   9.6851856e-02
   6.4940624e-02
   4.1730978e-02
   2.4453850e-02
   3.1821046e-02
   5.2966975e-02
   6.4538501e-02
   1.6023764e-01
   1.7059231e-01
   1.6729762e-01
   9.1780782e-02
   2.0300832e-02
  -9.1999453e-03
   1.1607955e-02
   5.0394088e-02
   6.6457927e-02
   5.7119358e-02
   8.8228725e-02
   8.7356418e-02
   6.0319189e-02
   3.8885813e-02
   3.4800649e-02
   2.4716320e-02
   5.3275950e-02
   1.0348262e-01
   1.4420620e-01
   1.6024145e-01
   8.6018160e-02
   4.0743675e-02
   4.8964266e-02
   7.1365009e-03
   6.1622910e-02
   1.6435494e-01
   3.0197170e-01
   4.0761372e-01
   3.1333369e-01
   2.1755797e-01
   1.1195712e-01
   8.0848768e-02
   6.3066825e-02
   7.2355628e-02
   5.4791860e-02
   5.4551255e-02
   1.0144768e-01
   1.3898674e-01
   1.4057274e-01
   1.5443887e-01
   6.5369256e-02
   1.4007536e-02
   2.4676481e-02
   1.6272359e-02
   4.8603594e-02
   6.0764916e-02
   1.0011726e-01
   1.1695641e-01
   8.9051954e-02
   8.2024872e-02
   3.9451297e-02
   2.5789538e-02
   4.0204320e-02
   4.3376002e-02
   6.5834358e-02
   1.2648374e-01
   1.1512179e-01
   8.8305056e-02
   6.0772393e-02
   3.4594096e-02
   5.0352309e-02
   5.6430660e-02
   4.1359380e-02
   8.6799329e-03
   1.9297641e-02
   1.0592927e-01
   9.0737306e-02
   6.4619474e-02
   5.9115179e-02
   4.2020686e-02
   1.2491860e-02
   2.3047522e-02
   6.6797726e-02
   1.0036577e-01
   4.0720809e-02
   1.1406936e-02
   7.7896588e-02
   1.8993117e-01
   2.5824809e-01
   2.0765156e-01
   1.0259188e-01
   2.7841287e-02
   2.1618474e-02
   3.9566506e-02
   1.0174040e-01
   5.2470988e-01
   9.2006147e-01
   8.5527521e-01
   4.8640257e-01
   2.2163367e-01
   1.2056409e-01
   4.5243979e-02
   2.7703527e-02
   1.6919220e-02
  -8.7574957e-04
   9.1116026e-02
   1.3912894e-01
   2.3105776e-01
   1.8393607e-01
   1.1285856e-01
   4.5893706e-02
  -4.7805700e-03
  -2.0015970e-02
  -9.3358187e-03
   2.6441468e-02
   5.0123688e-02
   5.6492757e-02
   5.7254307e-02
   5.3456511e-02
   9.0012297e-02
   1.2705538e-01
   1.1242881e-01
   1.0200819e-01
   1.6079018e-01
   1.1275742e-01
   5.3859256e-02
   8.6937107e-02
   2.0703369e-01
   5.6023127e-01
   6.7057914e-01
   3.9789015e-01
   1.7680494e-01
   1.2409800e-01
   6.3790686e-02
   7.3923588e-02
   2.8820246e-02
   1.6008949e-02
   2.3414414e-02
   2.2922623e-01
   4.6754941e-01
   4.8289850e-01
   3.8128123e-01
   1.9394155e-01
   8.8708870e-02
   5.6392286e-02
   6.0824029e-02
   1.1873607e-01
   3.1505868e-01
   4.5658842e-01
   3.9822686e-01
   2.7680281e-01
   2.2169690e-01
   1.8984775e-01
   1.5000542e-01
   7.2954103e-02
   7.5985886e-02
   4.1240610e-02
   1.1414430e-01
   4.1338235e-01
   6.8231577e-01
   5.9317225e-01
   4.1656873e-01
   2.3257269e-01
   1.2346713e-01
   4.3113064e-02
   1.3139193e-01
   7.0230633e-01
   1.6766649e+00
   2.0105438e+00
   1.4566783e+00
   1.0432503e+00
   1.0605969e+00
   9.8377120e-01
   7.5486755e-01
   4.5726815e-01
   1.4035195e-01
   1.3241136e-01
   9.2143768e-01
   3.7112875e+00
   6.5662794e+00
   6.1318674e+00
   3.4456620e+00
   1.4795930e+00
   5.9141457e-01
   3.0313152e-01
   2.2933447e+00
   1.4205072e+01
   2.9045008e+01
   2.8587872e+01
   1.7235069e+01
   6.9988198e+00
   2.2361100e+00
   5.0221586e-01
   3.3553939e-02
  -2.0092124e-02
   4.0231159e-01
   2.8651152e+00
   5.8592076e+00
   6.0148716e+00
   3.8950007e+00
   1.8804284e+00
   4.7490260e-01
  -1.9517067e-01
  -8.8120401e-02
   3.3030009e-01
   6.2691951e-01
   1.1999241e+00
   1.8697056e+00
   1.7474639e+00
   8.9848018e-01
   3.8350326e-01
   2.3877317e-01
   1.4644875e-01
   1.2881048e-01
   4.3665373e-01
   7.6714134e-01
   9.5353621e-01
   1.1331900e+00
   1.3783792e+00
   1.7057630e+00
   1.4189723e+00
   6.8106174e-01
   1.4104627e-01
  -1.8039336e-02
   1.5388094e-01
   3.2508281e-01
   4.9544743e-01
   3.7789434e-01
   2.8890961e-01
   3.1704625e-01
   2.1901062e-01
   1.5150274e-01
   1.9837531e-01
   2.5918478e-01
   2.7793732e-01
   2.2971559e-01
   2.5450978e-01
   1.6512944e-01
   1.8539934e-01
   1.3049886e-01
   1.3396241e-02
  -5.9112035e-02
  -3.9931629e-02
   2.7507244e-02
   2.2010034e-01
   3.1583968e-01
   2.7642310e-01
   8.2039405e-03
  -1.4571804e-01
  -1.4802019e-01
   5.6598339e-02
   3.3717728e-01
   7.7276766e-01
   9.0158838e-01
   6.0381097e-01
   2.7240819e-01
   8.4874898e-02
   4.9650598e-01
   1.4708683e+00
   1.7562170e+00
   1.1842777e+00
   4.5631436e-01
   2.1904272e-01
   7.1251136e-01
   1.6656493e+00
   1.6681290e+00
   1.0834794e+00
   5.6346762e-01
   3.5447606e-01
   3.9129454e-01
   6.7018491e-01
   3.4255090e+00
   8.1077719e+00
   8.9560394e+00
   5.7878704e+00
   2.6139469e+00
   8.5970014e-01
   2.0744178e-01
   1.0630092e-01
   1.1313158e-01
   1.6848457e-01
   9.8876017e-01
   2.0994895e+00
   2.2874768e+00
   1.4592273e+00
   6.3284308e-01
   1.2019821e-01
   3.3660430e-02
   6.1170585e-03
   1.4754474e-01
   2.9185838e-01
   5.1708031e-01
   7.1662682e-01
   6.5486020e-01
   3.5968986e-01
   1.1496341e-01
  -1.0982103e-03
  -1.8240593e-02
   1.0399968e-01
   2.1450922e-01
   2.5681162e-01
   2.9348218e-01
   3.3998814e-01
   4.7520456e-01
   5.2498567e-01
   3.7446880e-01
   1.1101648e-01
  -2.3540460e-02
   5.6913220e-03
   1.4697362e-01
   1.9644594e-01
   1.6050008e-01
   1.1112851e-01
   9.6291780e-02
   8.6746462e-02
   3.9901268e-02
   3.2489300e-02
   7.9547308e-02
   1.5927029e-01
   1.3825291e-01
   8.1876427e-02
   1.2206926e-01
   1.2068652e-01
   1.0091990e-01
   1.7012682e-02
  -2.2004046e-02
  -2.5432324e-02
   6.9417268e-02
   1.9328684e-01
   2.3429911e-01
   2.2317246e-01
   9.2571117e-02
  -3.4807138e-02
  -4.4633262e-02
   6.4785652e-02
   2.4330886e-01
   4.7182989e-01
   5.6001824e-01
   4.1577190e-01
   1.7804243e-01
   9.6596964e-02
   1.9414793e-01
   3.8269246e-01
   3.9968792e-01
   2.6889625e-01
   4.0401179e-02
   8.5605778e-02
   9.2446661e-01
   1.7435434e+00
   1.7333317e+00
   9.8001903e-01
   3.3229733e-01
   7.0790015e-02
   1.1017736e-01
   1.3059093e+00
   5.0801978e+00
   8.9333200e+00
   8.1454563e+00
   4.8391142e+00
   2.0512359e+00
   6.4054036e-01
   2.0870692e-01
   1.3579106e-01
   1.7240290e-01
   5.6876075e-01
   1.3976780e+00
   2.1360397e+00
   1.8608633e+00
   1.1860216e+00
   5.8676863e-01
   2.4373230e-01
   9.5331416e-02
   1.8805477e-01
   2.8950036e-01
   4.1351256e-01
   6.6914636e-01
   7.1250910e-01
   5.4197836e-01
   2.6718125e-01
   5.2077569e-02
   4.5339122e-02
   2.5804466e-02
   1.4842661e-01
   2.9358274e-01
   3.7245372e-01
   3.6877367e-01
   3.5851339e-01
   2.6704049e-01
   1.8821810e-01
   1.0834983e-01
   2.8615620e-02
   1.4108600e-02
   9.0600193e-02
   1.3779773e-01
   1.3850093e-01
   1.1857247e-01
   1.0591441e-01
   7.8242823e-02
   4.3217607e-02
  -1.3352133e-02
   7.7797301e-02
   1.1280066e-01
   1.5875030e-01
   1.9624388e-01
   1.4396214e-01
   7.2183490e-02
   9.7709961e-02
   2.5413517e-02
   3.1208650e-03
  -2.5644926e-02
   1.8186813e-03
   1.4510654e-01
   1.7771925e-01
   1.5274078e-01
   1.1730644e-01
   5.5164676e-02
   6.9171183e-02
   4.1039657e-02
   1.2331676e-01
   3.0780795e-01
   4.3731651e-01
   3.7872908e-01
   2.2259805e-01
   1.2481222e-01
   1.4731455e-01
   2.0625012e-01
   2.6458919e-01
   2.2658232e-01
   1.6484308e-01
   3.8464535e-02
   2.4892808e-01
   6.4199936e-01
   6.4877528e-01
   4.2308038e-01
   1.9080941e-01
   4.6884187e-02
   3.4866594e-02
   2.9788801e-01
   1.3746989e+00
   2.7508903e+00
   2.9350193e+00
   1.7914656e+00
   8.4472698e-01
   3.5192227e-01
   9.8147728e-02
   5.8142968e-02
   8.3710842e-02
   1.9064839e-01
   5.1743978e-01
   7.5202590e-01
   7.0895374e-01
   4.1575256e-01
   2.3502819e-01
   1.4973035e-01
   7.5917184e-02
   9.2810355e-02
   1.2293106e-01
   1.8857217e-01
   3.0771455e-01
   3.1689116e-01
   2.0913234e-01
   1.2158336e-01
   6.3786440e-02
   3.5015050e-02
  -7.6569170e-03
   4.5889705e-02
   1.3789305e-01
   1.7881957e-01
   1.7621437e-01
   2.0243561e-01
   1.0356912e-01
   1.0760721e-01
   1.0611718e-01
   1.7668027e-02
  -1.8918086e-02
   4.1709516e-02
   9.5192537e-02
   3.8508218e-02
   6.3408934e-02
   7.4251786e-02
   4.6461385e-02
   5.2643128e-02
   4.6358280e-02
   4.0010411e-02
   8.3276562e-02
   1.2948634e-01
   1.0184811e-01
   1.1085325e-01
   1.1794686e-01
   5.1592190e-02
   2.8504100e-02
   3.1973399e-02
   3.9830294e-02
   4.4491857e-02
   1.2411141e-01
   1.3559331e-01
   6.7862250e-02
   2.1414813e-02
   5.6798668e-03
   5.4961208e-02
   6.4850308e-02
   9.1561615e-02
   1.1880603e-01
   1.1293526e-01
   7.3580727e-02
   6.8935119e-02
   4.5252599e-02
   4.0554110e-02
   8.5014828e-02
   9.7107187e-02
   5.7510719e-02
   5.1163107e-02
   9.4624341e-02
   2.4349603e-01
   2.8804883e-01
   2.6316068e-01
   1.1794788e-01
   2.0008784e-02
   1.5327731e-02
   6.1850410e-02
   4.5453617e-01
   9.5554870e-01
   1.1310749e+00
   8.3377844e-01
   4.1585800e-01
   1.4831206e-01
   4.2958338e-02
   2.0225380e-02
   4.7806639e-02
   6.4544715e-02
   1.8517953e-01
   3.0696514e-01
   2.7949798e-01
   1.6533703e-01
   7.8144781e-02
   4.7002390e-02
   8.5346447e-03
   2.2396605e-02
   6.0351416e-02
   7.4716337e-02
   1.3424233e-01
   1.6370682e-01
   1.2177182e-01
   8.6588003e-02
   4.0385883e-02
   6.1973403e-03
  -2.1981180e-02
   4.3050043e-02
   9.3781114e-02
   8.0391161e-02
   9.2014812e-02
   8.0925867e-02
   5.4999117e-02
   3.4531470e-02
   1.3576815e-02
   6.4479999e-02
   1.8228331e-01
   2.0111696e-01
   1.4819588e-01
   1.5003358e-01
   6.2297460e-02
  -1.2476366e-03
   6.4588808e-02
   1.1167803e-01
   1.4860559e-01
   1.1099166e-01
   5.2599579e-02
   1.0018356e-01
   7.6965034e-02
   9.6924521e-02
   1.0133042e-01
   7.4457370e-02
   1.6877813e-02
   5.5662155e-02
   5.7461798e-02
   8.1350110e-02
   1.0179326e-01
   5.1355034e-02
   3.7895817e-02
   1.8703500e-02
   2.4515633e-02
   1.6130114e-02
   4.0258668e-02
   9.4935931e-02
   8.8560939e-02
   6.8607628e-02
   3.4043662e-02
   2.9364832e-02
   5.4339886e-02
   3.4865528e-02
   3.2025557e-02
   2.4496790e-02
   1.0634563e-02
   3.2012191e-02
   1.3870607e-01
   1.7425738e-01
   8.0402985e-02
   5.2390978e-02
   1.8788794e-02
   4.8808318e-02
   4.8985641e-02
   1.5569799e-01
   3.2935464e-01
   4.0795770e-01
   3.7727252e-01
   1.7695402e-01
   3.2080088e-02
   1.2709570e-02
   1.1387145e-02
   1.7100668e-02
   3.0738132e-02
   5.8446649e-02
   8.7148272e-02
   7.0113026e-02
   7.4090376e-02
   8.3463572e-02
   1.6067669e-02
   7.0423158e-03
   3.9020278e-02
   7.1673259e-02
   3.5830166e-02
   6.6330098e-02
   5.4273911e-02
   7.8249261e-02
   4.9136501e-02
   1.4053944e-02
   4.6095461e-02
   3.8601130e-02
   1.5721321e-02
   6.6987723e-02
   1.1620993e-01
   1.3196537e-01
   9.7722262e-02
   8.0498770e-02
   6.1853942e-02
   3.2764815e-02
   8.0923989e-02
   1.6468903e-01
   1.4636223e-01
   6.8044744e-02
   7.4982062e-02
   8.4349073e-02
   1.2044621e-01
   8.9324504e-02
   8.1703916e-02
   1.1056350e-01
   7.4082591e-02
   8.7823533e-02
   1.0018729e-01
   1.0657152e-01
   1.2293141e-01
   1.4438762e-01
   6.6914186e-02
   4.8963040e-02
   7.0430323e-02
   1.6529036e-01
   1.8935563e-01
   1.0909954e-01
   8.7098137e-02
   8.7835751e-02
   3.5514142e-02
   6.0192361e-02
   1.7616756e-01
   2.7872685e-01
   2.2694865e-01
   1.3988118e-01
   4.7576062e-02
   3.3754751e-02
   1.2397792e-01
   2.2402789e-01
   2.9495993e-01
   2.8631830e-01
   2.1898633e-01
   4.6387400e-02
   4.0739793e-02
   2.0464227e-01
   3.2918474e-01
   3.4312728e-01
   3.0914196e-01
   2.3307011e-01
   8.6340897e-02
   1.2423786e-01
   4.3977764e-01
   7.5892949e-01
   6.4184535e-01
   3.3395690e-01
   9.8385274e-02
   4.7662114e-03
   1.4468895e-01
   4.4679135e-01
   7.2951400e-01
   7.1558332e-01
   4.6201661e-01
   1.5159227e-01
  -1.5990028e-02
   5.1825032e-02
   6.6373014e-01
   1.1795382e+00
   1.3224015e+00
   7.8952169e-01
   2.6883391e-01
   7.6744147e-02
   1.9198303e-01
   6.8313098e-01
   9.3846911e-01
   8.2517636e-01
   5.2614725e-01
   3.0749196e-01
   2.1897979e-01
   3.7078962e-01
   7.1419650e-01
   8.6184376e-01
   7.4510038e-01
   4.2040056e-01
   1.9233488e-01
   1.0766959e-01
   2.5547734e-01
   7.1973276e-01
   7.9430240e-01
   5.7336801e-01
   2.9092300e-01
   1.6594973e-01
   1.7166169e-01
   1.6106816e-01
   8.7974057e-02
   1.9714180e-02
   3.8867593e-02
   1.0419530e-01
   1.5090305e-01
   1.8911989e-01
   2.2004911e-01
   1.8927619e-01
   1.2144376e-01
   9.5940381e-02
   8.9566007e-02
   7.7711269e-02
   7.8537151e-02
   8.4947728e-02
   5.4210734e-02
   8.5065790e-02
   7.1025126e-02
   3.9120305e-02
   1.9140262e-02
   4.0847734e-02
   7.5964838e-02
   7.4713059e-02
   3.6068585e-02
   9.4985710e-03
   5.5741906e-02
  -7.0575988e-03
   3.0660015e-02
   1.0563567e-01
   1.4006598e-01
   7.2503567e-02
   5.2579939e-02
   5.5669833e-02
   7.1814157e-02
   1.4691353e-01
   1.6696262e-01
   1.3872181e-01
   5.4763470e-02
   7.3054217e-02
   2.0485161e-01
   1.9818556e-01
   1.7858891e-01
   1.3678934e-01
   5.2415833e-02
   8.3232466e-03
   1.1945115e-01
   1.9956067e-01
   2.1694297e-01
   2.1057458e-01
   1.4174159e-01
   5.5753451e-02
   6.6789472e-03
   1.3055508e-01
   3.7600356e-01
   5.8439040e-01
   4.2261767e-01
   2.3885967e-01
   5.9845775e-02
   3.7703246e-02
   1.3073897e-01
   2.6887441e-01
   3.2457644e-01
   2.3781663e-01
   1.4315817e-01
   7.1094774e-02
   8.9189097e-02
   2.3243831e-01
   3.0426282e-01
   2.7792352e-01
   1.6933694e-01
   1.1215173e-01
   8.0284156e-02
   1.4145550e-01
   2.5084639e-01
   4.1773862e-01
   3.3430582e-01
   1.4415464e-01
   9.2287011e-02
   9.5061593e-02
   8.3182573e-02
   2.4545075e-02
   3.1285752e-02
   5.7707105e-02
   3.7287090e-02
   7.4266210e-02
   1.0804896e-01
   1.0079470e-01
   8.9870259e-02
   1.0268189e-01
   8.7463535e-02
   5.4960109e-02
   3.7379332e-02
   5.1242165e-02
   3.6375705e-02
   5.1774971e-02
   1.8349836e-02
   4.7801409e-02
   3.3929057e-02
   5.3694412e-02
   5.8710959e-02
   7.0642121e-02
   6.9521293e-02
   8.5710727e-02
   3.1738326e-02
   1.8648285e-02
   1.5767751e-02
   9.3947127e-02
   1.0206776e-01
   6.9179326e-02
   1.1135985e-03
   8.1353663e-03
   4.5711622e-02
   4.9378268e-02
   7.9273269e-02
   9.5110349e-02
   6.0127590e-02
   7.0926502e-02
   6.2618785e-02
   1.0559624e-01
   1.1556687e-01
   8.4510572e-02
   5.9309166e-02
   7.1462117e-02
   1.2761036e-01
   1.1076951e-01
   1.3649824e-01
   1.8318133e-01
   1.1323652e-01
   4.9487725e-02
   2.5390349e-02
   5.9394963e-02
   1.4140405e-01
   3.2510686e-01
   4.0066001e-01
   2.1158583e-01
   1.0912398e-01
  -1.3035169e-02
   3.1576172e-02
   1.6006033e-01
   2.2722493e-01
   2.1789841e-01
   1.2983543e-01
   1.1769859e-01
   7.0503682e-02
   5.3830631e-02
   1.2934706e-01
   1.6140902e-01
   1.5820055e-01
   1.1126463e-01
   5.3244956e-02
   4.0578891e-02
   1.1493242e-01
   2.2364417e-01
   2.1302938e-01
   1.3999073e-01
   8.7853611e-02
   9.6078686e-02
   8.8345259e-02
   5.6967732e-02
   1.1609157e-01
   6.4183772e-02
   1.2896624e-02
   8.8269070e-02
   8.0013394e-02
   7.7224351e-02
   7.2286889e-02
   1.0332409e-01
   5.7834290e-02
   3.8317271e-02
   7.0579313e-02
   6.0814857e-02
   6.9569811e-02
   9.6648693e-02
   7.6934494e-02
   8.2747653e-02
   6.5454617e-02
   4.5420650e-02
   6.6047512e-02
   7.1019575e-02
   8.6021960e-02
   2.3784513e-02
   1.2914297e-03
   2.7961910e-02
   2.0220060e-02
   4.0822688e-02
   3.4858257e-02
   4.6263136e-02
   2.5939897e-02
   5.2628707e-02
   6.5166675e-02
   6.8800874e-02
   7.8143835e-02
   4.6637777e-02
   3.5929456e-02
   4.0779263e-02
   2.5950804e-02
   4.6726670e-02
   4.6429284e-02
   3.4967959e-02
   4.6285305e-02
   4.2189099e-02
   6.3293807e-02
   6.1702948e-02
   5.7060745e-02
   3.0220708e-02
   4.1133832e-02
   2.8292617e-02
   9.4309924e-03
   3.8202155e-02
   7.6421119e-02
   1.3690871e-01
   1.3767895e-01
   1.0906120e-01
   4.2274259e-02
   6.5870765e-03
   1.7411459e-02
   6.0064595e-02
   1.0277657e-01
   6.5512158e-02
   7.7762678e-02
   6.6382438e-02
   4.2168509e-02
   5.2929059e-02
   8.2696445e-02
   1.0386815e-01
   8.9638025e-02
   5.9505530e-02
   4.5723610e-02
   4.9907502e-02
   8.0930322e-02
   1.3873997e-01
   1.2461283e-01
   7.2130427e-02
   3.2327142e-02
   6.7400523e-02
   4.7680080e-02
   9.9219799e-02
   7.6546691e-02
   6.7536503e-02
   7.2963431e-02
   5.3686615e-02
   8.0787025e-02
   8.9764342e-02
   5.4076791e-02
   5.8066018e-02
   3.6265105e-02
   4.1127212e-02
   5.7615075e-02
   2.2825001e-02
   1.0920078e-03
   1.8522641e-02
   2.0611795e-02
   3.4686796e-02
   4.4063006e-02
   4.9329542e-02
   2.5761394e-02
   4.1798245e-02
   3.1702790e-02
   2.6734307e-02
   2.7119415e-02
   3.9931439e-02
   2.5855076e-02
   1.4745521e-02
   3.6773548e-02
   3.7310872e-02
   4.9383726e-02
   2.0079611e-02
   5.2258395e-02
   7.3625833e-02
   7.4833564e-02
   3.6475826e-02
   2.2291357e-02
   4.7431089e-02
   4.8805334e-02
   4.8304945e-02
   2.8282681e-02
   3.0458644e-02
   6.9232307e-02
   6.9032915e-02
   8.1858009e-02
   6.0087286e-02
   6.7487754e-02
   6.7733705e-02
   4.0795922e-02
   2.3009030e-02
   7.7506066e-03
   4.6532836e-02
   8.0549933e-02
   1.1868361e-01
   6.8924621e-02
   6.0247134e-02
   7.0223130e-02
   6.3289106e-02
   3.9602295e-02
   5.4025073e-02
   6.8720654e-02
   5.1879328e-02
   4.7314223e-02
   6.3866556e-02
   5.5975482e-02
   8.3181605e-02
   9.9001735e-02
   5.6319915e-02
   2.4660135e-02
   3.6057848e-03
   1.5686912e-02
   6.2969565e-02
   8.4128946e-02
   6.4299703e-02
   4.8802964e-02
   2.6627118e-02
   5.3319953e-02
   6.7899555e-02
   3.4125175e-02
   1.7826512e-02
   2.7674008e-02
   3.4771428e-02
   1.7717784e-02
   3.4473591e-02
   3.2331489e-02
   1.8955681e-02
   5.0590523e-02
   1.7569253e-02
   2.4363611e-02
   6.1679281e-02
   4.7847189e-02
   5.7436258e-02
   4.3460906e-02
   1.3187943e-02
   3.3662453e-02
   6.8017654e-02
   5.4733429e-02
   5.0607402e-02
   4.4907261e-02
   2.3845199e-02
   1.2772960e-02
   5.1760789e-02
   3.0818194e-02
   4.0719304e-02
   6.8008110e-02
   3.3409104e-02
   1.9367334e-02
   2.2636244e-02
   3.9574560e-02
   3.0158721e-02
   2.3005569e-02
   5.9755702e-02
   6.3292123e-02
   2.8763644e-02
   4.2232335e-02
   3.1891610e-02
   4.2367443e-02
   3.6965474e-02
   4.9044475e-02
   3.6809001e-02
   4.1225072e-02
   4.4018984e-02
   5.0098825e-02
   6.5503210e-02
   5.8795951e-02
   4.2398698e-03
   1.6461775e-02
   9.4924998e-03
   1.2062177e-02
   4.1833777e-02
   7.2481617e-02
   4.1853361e-02
   3.6936168e-02
   5.6327414e-02
   3.0998381e-02
   3.0012587e-02
   5.2776668e-02
   2.4568543e-02
   2.7292036e-02
   4.1336823e-02
   6.0916193e-02
   4.8862968e-02
   2.7824555e-02
   3.7258238e-02
   1.0159130e-02
   2.1722615e-02
   7.7322251e-03
   4.3608759e-02
   5.4940313e-02
   5.2437715e-02
   5.6753524e-02
   5.8111612e-02
   1.0808465e-02
   2.4480043e-02
   2.9585453e-02
   4.2706486e-02
   3.6195364e-02
   4.9938925e-02
   5.7445329e-02
   3.0230641e-02
   2.7249705e-02
   5.7075780e-02
   5.2727468e-02
   2.9036414e-02
   3.8216889e-02
   2.6916098e-02
   3.8754478e-02
   1.0126838e-02
   1.8634556e-02
   2.7163099e-02
  -2.0923137e-03
   8.2658259e-03
   3.6998313e-02
   4.9805056e-02
   5.7490245e-02
   5.2555200e-02
   2.6194779e-02
   5.0427914e-02
   2.6196787e-02
   2.8843993e-02
   3.9188568e-02
   1.9676242e-02
   2.5979027e-02
   4.1524433e-02
   4.2307250e-02
   4.0497676e-02
   3.7617125e-02
   5.8366299e-02
   7.9354607e-02
   5.7723295e-02
   2.5879446e-02
   2.5064491e-02
   8.4703686e-03
   2.2999439e-02
   5.3016391e-02
   2.7021505e-02
   1.3806695e-02
   8.9791464e-03
   3.9616328e-02
   3.2235716e-02
   5.5760503e-02
   2.9426346e-02
   4.7672600e-02
   4.3700289e-02
   4.6419390e-02
   2.7266540e-02
   7.1952321e-02
   2.0037647e-02
   3.0987926e-02
   1.1340053e-02
   1.8518573e-02
   3.0128460e-02
   5.6159146e-02
   6.9404028e-02
   2.6399717e-02
   5.2385624e-02
   7.1254253e-02
   4.4144191e-02
   5.1084265e-02
   5.1103808e-02
   4.1108645e-02
   3.9913610e-02
   4.8252620e-02
   4.7240485e-02
   5.7611953e-02
   3.0413570e-02
   1.6998980e-02
   5.0240677e-02
   6.4142123e-03
   5.1216099e-02
   3.8339041e-02
   3.9865687e-02
   4.7675937e-02
   1.7529702e-02
   1.6625367e-02
   3.1773042e-02
   4.7800619e-02
   3.8826589e-02
   4.4595100e-02
   7.5315908e-02
   9.4851293e-02
   6.6522457e-02
   6.0767058e-02
   4.8591897e-02
   3.3042025e-02
   5.7392754e-02
   4.1267663e-02
   1.9623326e-02
   4.4693176e-02
   3.6093298e-02
   2.4717255e-03
   1.6366534e-02
   1.3179075e-02
   5.1220484e-02
   5.7284243e-02
   2.9561879e-02
   1.5801977e-02
   3.8334157e-02
   4.7878407e-02
   1.4790243e-02
   2.8190432e-02
   5.4896910e-02
   5.0042652e-02
   5.2195545e-02
   9.7180836e-02
   7.5411953e-02
   1.9404029e-02
   1.2252671e-02
   2.4239834e-02
   4.7153786e-02
   3.4779254e-02
   1.8295156e-02
   3.3580981e-02
   7.7361256e-02
   1.4360121e-01
   1.4247636e-01
   9.1496944e-02
   1.7500436e-02
  -3.4052341e-03
   7.4639231e-02
   2.4536437e-01
   4.5173237e-01
   4.3509096e-01
   2.5757962e-01
   7.7562690e-02
   3.5413947e-02
   8.7163866e-02
   2.1932663e-01
   2.7577803e-01
   2.6617423e-01
   1.7490041e-01
   1.3706481e-01
   9.5164083e-02
   8.2824856e-02
   4.2214423e-02
   6.0365472e-02
   1.0505628e-01
   1.4496788e-01
   1.4174449e-01
   1.3126133e-01
   9.1861121e-02
   7.1679078e-02
   3.4804698e-02
   3.7918318e-02
   8.3806403e-02
   8.6948067e-02
   8.9150980e-02
   9.9227719e-02
   7.4565299e-02
   4.1913010e-02
   5.4535285e-02
   6.0064729e-02
   3.0779086e-02
   2.4162693e-02
   2.3596723e-02
   4.5889553e-02
   6.1238058e-02
   4.4748403e-02
   1.8437842e-02
   1.9355649e-02
   4.2343140e-02
   5.2017003e-02
   7.7761628e-02
   6.4877808e-02
   3.2635406e-02
   5.1819533e-02
   6.3940480e-02
   2.3573719e-02
   2.8808920e-02
   4.9076132e-02
   3.0294703e-02
   2.9324476e-02
   7.5594559e-02
   5.3595088e-02
   3.3369511e-02
   1.3494447e-02
   5.0705578e-02
   6.2447589e-02
   7.2942510e-02
   3.4470685e-02
   6.7657046e-03
   1.6935816e-02
   4.6362780e-02
   3.8343363e-02
   3.6237955e-02
   2.1696540e-02
   3.7524067e-02
   2.9530443e-02
   3.7015401e-02
   5.9435785e-02
   3.4897998e-02
   8.1953267e-03
   4.0207479e-02
   3.7939567e-02
   8.3054967e-02
   1.8003333e-01
   1.7904557e-01
   1.4559825e-01
   4.9201153e-02
   1.5316593e-02
   3.5866804e-02
   1.0166077e-01
   1.1110390e-01
   1.4518620e-01
   9.3904823e-02
   5.5816475e-02
   3.1121621e-02
   1.8891662e-02
   3.3993103e-02
   4.3596566e-02
   2.5367158e-02
   1.0246054e-02
   3.3262584e-02
   3.3402130e-02
   2.1994079e-02
   2.3308158e-02
   3.1083832e-02
   3.1074094e-02
   1.2455408e-02
   5.1174890e-02
   5.0399091e-02
   2.0554356e-02
   2.8618248e-02
   4.4742495e-02
   2.9305423e-02
   9.4523467e-03
   3.0171100e-02
   2.9831259e-02
   3.8351413e-02
   5.8494348e-02
   1.8619213e-02
   3.1656556e-02
   4.4826780e-02
   1.3077581e-02
   7.4939919e-03
   1.2861544e-02
   2.5484515e-02
   6.0205620e-02
   3.8659874e-02
   1.1272409e-02
   2.6120819e-02
   2.7170373e-02
   1.2654523e-02
   1.8651752e-02
   4.1014601e-02
   4.2850599e-02
   2.1967508e-02
   3.8423847e-02
   3.1045388e-02
   2.9706700e-02
   2.5360852e-02
   5.8770474e-02
   4.2601362e-02
   2.5715498e-02
   1.0521536e-02
   4.1752443e-02
   2.9713798e-02
   2.6259569e-02
   3.3480253e-02
   3.9749231e-02
   6.5950230e-02
   3.2330662e-02
   6.7355260e-02
   5.2277025e-02
   5.7319973e-02
   4.0876407e-02
   4.5347486e-02
   3.7780587e-02
   3.8402256e-02
   7.3960096e-02
   8.7535031e-02
   5.7468515e-02
   3.7737034e-02
   3.1480130e-02
   4.3498024e-02
   4.4988498e-02
   6.2221844e-02
   7.0685744e-02
   7.5801075e-02
   3.3970606e-02
   2.0669337e-02
   5.4273598e-02
   3.2126624e-02
   1.7144557e-02
   1.5702223e-02
   2.1776862e-02
   1.7782092e-02
   5.8574598e-02
   7.2823487e-02
   3.1419516e-02
   3.9147072e-02
   1.8069142e-02
   3.8236070e-02
   4.3423809e-02
   2.8135752e-02
   3.1357933e-02
   2.7788116e-02
   4.9124245e-02
   4.4997703e-02
   1.8786188e-02
   2.1492574e-02
   3.4438048e-02
   5.1789444e-02
   3.1737871e-02
   9.0062432e-03
   1.5292698e-02
   5.1166147e-02
   4.6597049e-02
   4.6602249e-02
   3.2486495e-02
   2.6223157e-02
   1.3569396e-02
   3.1611618e-02
   1.9052370e-02
   1.4706254e-02
   2.0804800e-02
   3.9742760e-02
   5.3252660e-02
   3.4921870e-02
   4.4883113e-02
   6.2125266e-02
   7.2562277e-02
   3.9543688e-02
   4.3030113e-02
   6.2475767e-02
   4.5781076e-02
   3.0990882e-02
   1.3042349e-02
   1.6257862e-02
   3.4490217e-02
   3.2308206e-02
   4.1348819e-02
   6.1833702e-02
   3.9835297e-02
   3.9510768e-02
   6.2690735e-02
   4.2118084e-02
   2.7108587e-02
   1.1226717e-02
   1.7723607e-02
   5.0800472e-02
   5.5062082e-02
   5.2512314e-02
   2.8347798e-02
   3.2402359e-02
   3.0664962e-02
   4.3398671e-02
   3.1144243e-02
   4.4892896e-02
   5.9274592e-02
   5.5827916e-02
   6.1922625e-02
   6.3115247e-02
   5.4107815e-02
   2.4132401e-02
  -9.6794241e-04
   1.6856903e-02
   3.2863509e-02
   3.8473096e-02
   1.8356787e-02
   2.5232701e-02
   2.4632856e-02
   1.9141536e-02
   3.2516405e-02
   3.8965035e-02
   3.0845866e-02
   2.9810503e-02
   2.4904979e-02
   1.4507180e-02
   1.8324476e-02
   3.3709101e-02
   1.5920185e-02
   3.5421427e-02
   2.7179671e-02
   1.2714648e-02
   4.6423946e-02
   4.3479249e-02
   4.0384766e-02
   3.6041565e-02
   3.6374461e-02
   3.9128680e-02
   3.0562414e-02
   1.6162110e-02
   1.6418545e-02
   1.7592240e-02
   1.7493652e-02
   5.2837627e-03
   3.3213090e-02
   3.6810666e-02
   4.4044804e-02
   2.6582014e-02
   1.2775416e-02
   2.4172889e-02
   1.0266148e-02
   4.6470789e-03
   2.7401479e-02
   1.8324245e-02
   4.7844037e-02
   4.6735112e-02
   2.5714956e-02
   3.9220355e-02
   2.1538200e-02
   2.6193891e-02
   3.7567824e-02
   4.7746990e-02
   3.5750795e-02
   3.1055579e-02
