   1.5613072e-02
   2.5805660e-02
   1.3640979e-02
   1.6934000e-02
   8.5290428e-03
   4.2982273e-02
   5.5996217e-02
   7.2124951e-02
   2.7081190e-02
   2.5047051e-02
   1.9266026e-02
   3.2387603e-02
   2.3165319e-02
   3.0262101e-02
   4.5611724e-02
   6.5652281e-02
   2.8373132e-02
   1.1725687e-02
   3.5051905e-02
   4.1199360e-02
   7.4333012e-02
   5.7157438e-02
   4.5981959e-02
   4.4635803e-02
   3.2136742e-02
   4.8590258e-02
   7.9558015e-02
   6.6053860e-02
   4.9743019e-02
   5.8841564e-02
   4.9973171e-02
   2.4295589e-02
   1.1021652e-02
   2.9433012e-02
   2.7856484e-02
   4.2198211e-02
   6.7071289e-02
   6.1000705e-02
   3.5674825e-02
   5.0982170e-02
   5.6806885e-02
   5.1151361e-02
   1.4104757e-02
   2.2899389e-02
   2.3963640e-02
   2.0023087e-02
   4.7695663e-02
   4.4824176e-02
   1.3838875e-02
   2.3096656e-02
   3.5654750e-02
   2.1125199e-02
   1.3401858e-02
   3.4286890e-02
   7.4597441e-02
   6.0408548e-02
   1.7612891e-02
   3.6264442e-02
   3.6366455e-02
   3.8849063e-02
   3.2841630e-02
   5.1121075e-02
   4.4366959e-02
   2.5598522e-02
   4.5786425e-02
   7.2159208e-02
   3.8029592e-02
   4.5090619e-02
   2.4801118e-02
   3.0265881e-02
   1.7536426e-02
   1.3176830e-02
   2.9446259e-02
   4.0188365e-02
   4.2728826e-02
   2.5153279e-02
   4.2354237e-02
   4.1109301e-02
   4.7919553e-02
   5.1725090e-02
   3.9870616e-02
   4.7476348e-03
   1.6860602e-02
   1.8169310e-02
   2.0063041e-02
   2.7691241e-02
   4.2569477e-02
   2.7434375e-02
   2.3689676e-02
   2.7540242e-02
   2.8388092e-02
   1.0428915e-02
   1.7405061e-02
   3.3319559e-02
   3.1131826e-02
   5.0754234e-02
   3.1898789e-02
   3.8683496e-02
   5.9094530e-02
   7.1896434e-02
   6.9092952e-02
   4.1929126e-02
   4.7697905e-02
   5.0160188e-02
   2.4686299e-02
   2.1882027e-02
   1.5845517e-02
   2.8013773e-02
   4.8763499e-02
   3.6202494e-02
   1.7974641e-02
   2.2536688e-02
   8.9063949e-04
   3.9077207e-02
   4.6627063e-02
   4.3630272e-02
   4.5727443e-02
   3.7607931e-02
   2.3536338e-02
   4.6674486e-02
   4.1917801e-02
   2.6010083e-02
  -4.6404696e-04
   1.0002489e-02
   1.4425148e-02
   1.6770190e-02
   2.2924747e-02
   2.3380540e-02
   6.2951565e-02
   3.4918107e-02
   3.2308221e-02
   5.1814683e-02
   3.7197601e-02
   1.3853039e-02
   1.9721618e-02
   1.3994432e-02
   4.2316135e-02
   1.9056989e-02
   4.1264787e-02
   4.6429865e-02
   4.6212293e-02
   5.2278742e-02
   3.6547191e-02
   3.2456428e-02
   2.8062334e-02
  -2.4361382e-03
   2.2125844e-02
   7.1259633e-02
   6.0090862e-02
   3.2657363e-02
   3.4462187e-02
   4.4508915e-02
   3.6630295e-02
   4.7485042e-02
   1.6324742e-02
   4.2202976e-02
   4.6069857e-02
   1.8008053e-02
   3.1216457e-02
   4.9395844e-02
   6.1446544e-02
   4.2004071e-02
   3.9415363e-02
   5.6431815e-02
   4.7621220e-02
   2.3384714e-02
   1.9556696e-02
   6.4198479e-02
   6.0301304e-02
   3.5540137e-02
   4.3073520e-02
   3.2435708e-02
   4.0175669e-02
   3.8274914e-02
   2.4379689e-02
   2.8064840e-02
   4.5762561e-02
   5.6491166e-02
   8.7310776e-02
   6.1863244e-02
   2.2206331e-02
   3.6402273e-03
   4.6484794e-02
   2.4575517e-02
  -4.0755761e-03
   1.0575895e-03
   3.7209831e-02
   2.5392717e-02
   3.3003762e-02
   3.0166296e-02
   5.4129571e-02
   3.9498031e-02
   1.3417615e-02
   3.8101446e-02
   4.6056390e-02
   2.9666174e-02
   2.7849762e-02
   2.2329548e-02
   6.6114843e-02
   7.1287654e-02
   4.4625778e-02
   4.4752866e-02
   5.8370657e-02
   4.4080563e-02
   3.1007210e-02
   1.5543759e-02
   3.0427415e-02
   6.0346566e-02
   7.5039104e-02
   3.9856307e-02
   3.4645014e-02
   2.2992902e-02
   1.8548045e-02
   3.0966369e-02
   3.4746256e-02
   2.9400114e-02
   2.0843122e-02
   3.3352960e-02
   5.3296190e-02
   6.4137548e-02
   7.6035991e-02
   3.8443401e-02
   3.2282263e-02
   7.1799266e-03
   3.3001367e-02
   2.5651125e-02
   6.0684014e-02
   5.4992951e-02
   3.8605809e-02
   5.7875175e-02
   4.3711245e-02
   3.5940833e-02
   6.2066566e-02
   5.0419729e-02
   8.1810459e-02
   7.0781507e-02
   7.1423970e-02
   6.0721107e-02
   3.9097220e-02
   5.3474143e-02
   4.8506714e-02
   9.8071538e-02
   8.8167809e-02
   3.2656539e-02
   2.3768824e-02
   1.1133074e-02
   1.1969000e-02
   1.2045843e-02
   1.4325836e-03
   3.3329986e-02
   5.2322220e-02
   5.3481966e-02
   6.1890863e-02
   2.4906473e-02
  -4.4807256e-04
  -3.4025274e-03
   1.7551208e-02
   2.3795210e-02
   4.9997568e-02
   5.4747473e-02
   3.2590453e-02
   3.8199697e-02
   5.3034019e-02
   4.1513942e-02
   2.8680591e-02
   1.7601453e-02
   3.3134039e-02
   2.1207506e-02
   4.1300438e-02
   6.0013805e-02
   6.1327863e-02
   5.3026177e-02
   7.2048984e-02
   5.0703727e-02
   5.1202200e-02
   2.0170573e-02
   1.3533693e-02
   7.4334908e-03
   2.6793629e-02
   2.1983089e-02
   2.7655102e-02
   2.6305687e-02
   6.1580613e-02
   4.7850646e-02
   4.5280058e-02
   4.0001933e-02
   3.4287561e-02
   4.6311107e-02
   2.9850544e-02
   4.8525237e-02
   6.2422439e-02
   3.1833127e-02
   1.9921871e-02
   1.2094552e-02
   1.9868642e-02
   2.0319108e-02
   5.1265337e-02
   4.1383512e-02
   4.0548682e-02
   1.4851849e-02
   5.2788168e-02
   6.6971280e-02
   2.3316536e-02
   2.4131266e-02
   3.5819523e-02
   4.5950748e-02
   5.9300657e-02
   5.8055796e-02
   3.2559104e-02
   3.8117912e-02
   6.7960970e-02
   7.9200767e-02
   7.5804524e-02
   6.0371514e-02
   2.8181082e-02
   3.1574961e-02
   7.4603714e-02
   5.6622740e-02
   4.0353049e-02
   5.8041800e-02
   2.6281865e-02
   2.4904348e-02
   4.5350850e-02
   4.3464571e-02
   2.0412246e-02
   4.2970031e-02
   3.5684615e-02
   3.4544948e-02
   3.3646416e-02
   2.7518032e-02
   4.8537813e-02
   5.9295267e-02
   1.5879493e-02
   6.5961680e-03
   4.0899172e-02
   7.4085712e-02
   7.4031010e-02
   3.2237306e-02
   3.3688933e-02
   4.4299185e-02
   2.3318766e-02
   3.3218309e-02
   4.7242295e-02
   4.7424711e-02
   4.6405777e-02
   2.3642788e-02
   3.5860248e-02
   1.4851898e-02
   2.9247656e-02
   1.0222585e-02
   1.5060327e-02
   2.8396277e-02
   3.3392031e-02
   6.7657262e-02
   1.9710714e-02
   1.6936455e-02
   4.0287878e-02
   4.9494032e-02
   9.5307298e-02
   7.0047863e-02
   2.9428478e-02
  -6.6657611e-03
  -2.5692428e-03
   2.0267511e-02
   5.4305632e-02
   5.1650096e-02
   4.1254118e-02
   3.7891481e-02
   5.4323830e-02
   3.3224333e-02
   3.3122271e-02
   3.2289717e-02
   2.3995457e-02
   6.1971970e-02
   3.3250377e-02
   4.9560785e-02
   6.1362270e-02
   8.9558296e-02
   7.3137417e-02
   2.3703320e-02
   1.0754325e-02
   1.7672403e-02
   2.7280364e-02
   4.9079367e-04
   1.0842250e-02
   1.6722076e-02
  -4.7918476e-04
  -3.2661185e-03
  -1.0325098e-02
   1.6814724e-02
  -6.2028307e-04
   2.1467509e-02
   3.0495826e-02
   3.1957913e-02
   3.2860521e-02
   5.3310540e-02
   2.8923430e-02
   2.1509405e-02
   6.9137807e-03
   2.7193772e-02
   4.6448614e-02
   3.5709519e-02
   5.6228131e-02
   4.2093839e-02
   6.0580600e-02
   2.9449744e-02
   1.8398698e-02
   4.3525130e-02
   5.8619171e-02
   4.6428904e-02
   5.3437721e-02
   5.7172719e-02
   5.3328000e-02
   5.0294410e-02
   8.8209674e-02
   1.6555271e-01
   1.4349426e-01
   7.6898307e-02
   2.7754135e-02
   3.4359351e-02
   6.2242080e-02
   3.4542020e-02
   3.5665624e-02
   4.8089754e-02
   5.2382305e-02
   7.6171592e-02
   3.6650311e-02
   1.7755436e-02
   2.8452052e-02
   4.8222832e-02
   6.0302228e-02
   1.9457918e-02
   3.1442951e-02
   3.0642522e-02
   2.8674660e-02
   3.5550084e-02
   4.1041866e-02
   1.2415396e-02
   4.0275939e-03
   1.5972272e-02
   3.0268298e-02
   4.7937162e-02
   6.0292255e-02
   2.5870880e-02
   4.4771239e-02
   3.8199868e-02
   3.2157980e-02
   5.6687217e-02
   5.9615970e-02
   7.5234972e-02
   4.2756345e-02
   2.2129232e-02
   2.0637956e-02
   5.8549758e-02
   5.2928057e-02
   3.2957032e-02
   4.4833262e-02
   4.1821145e-02
   6.3860461e-02
   5.5846464e-02
   5.9677243e-02
   5.4222226e-02
   5.7549875e-02
   3.6775943e-02
   3.0642198e-02
   3.9115049e-02
   5.0626606e-02
   5.4568525e-02
   4.8559465e-02
   5.1812846e-03
   1.5946088e-03
   2.0932185e-02
   1.7135568e-02
   2.1310893e-03
   1.4246841e-02
   2.4573732e-02
   3.9375413e-02
   5.7866774e-02
   4.4048447e-02
   4.2948645e-02
   1.6142434e-02
   2.3465481e-02
   6.3313790e-02
   4.4649705e-02
   5.4142926e-02
   4.7577545e-02
   8.6930878e-03
   5.2284868e-03
   1.3063992e-02
   2.7414955e-02
   4.7035061e-02
   6.1151735e-02
   4.3239772e-02
   4.8397377e-02
   3.8142070e-02
   8.4877625e-02
   1.0396239e-01
   9.6147180e-02
   3.4913726e-03
   1.1537297e-02
   3.2112289e-02
   4.3030754e-02
   3.5937466e-02
   5.3765684e-02
   4.7258597e-02
   5.5245504e-02
   5.0071813e-02
   3.3452071e-02
   4.6578337e-02
   2.8453989e-02
   1.4797566e-02
   1.9248229e-02
   5.2815121e-02
   6.0744222e-02
   2.9421948e-02
   5.2713621e-02
   3.6208481e-02
   3.2375190e-02
   3.1538732e-02
   2.9102692e-02
   4.4394233e-03
   3.2227643e-02
   4.9653571e-02
   4.6062917e-02
   5.5646345e-02
   3.3670492e-02
   3.4253649e-02
   3.3635747e-02
   4.1995704e-02
   1.3536181e-02
  -8.9476183e-03
   4.1717809e-02
   5.5579387e-02
   7.4656457e-02
   3.6136676e-02
   1.8027551e-02
   4.9625490e-02
   1.2759863e-01
   1.7928053e-01
   1.3409543e-01
   7.4385226e-02
   4.0502131e-02
   2.7672965e-02
   1.6166147e-02
   3.4126718e-02
   2.1358104e-02
   7.4381687e-02
   6.1961297e-02
   3.6507059e-02
   1.5059777e-02
   2.3054494e-02
   3.5538550e-02
   3.9132051e-02
   4.1970722e-02
   3.5575680e-02
   1.5187620e-02
   3.7216727e-02
   4.0711157e-02
   7.4809946e-02
   7.9221562e-02
   1.3107717e-01
   1.8786845e-01
   1.2358831e-01
   5.7938557e-02
   2.4932588e-02
   1.5948422e-02
   3.7213620e-02
   4.1544285e-02
   1.1283631e-01
   1.1341561e-01
   8.3356597e-02
   3.8548619e-02
   2.1932742e-02
   2.8027719e-02
   6.5518595e-02
   5.6156129e-02
   2.4855992e-02
   2.1510873e-02
   2.8564785e-02
   1.5286570e-02
  -1.0984658e-04
   2.2943461e-02
   8.6756036e-02
   8.8040911e-02
   3.5477806e-02
  -1.0452800e-02
   5.0363094e-03
   1.0325649e-01
   2.3559169e-01
   2.8819168e-01
   1.8368043e-01
   1.4259212e-01
   7.5334482e-02
   7.7611133e-02
   3.4903638e-02
   2.0290850e-01
   9.8422670e-01
   1.2723007e+00
   7.2939068e-01
   2.1142006e-01
   1.3548283e-01
   2.0910828e+00
   7.0129981e+00
   6.5809498e+00
   2.6405833e+00
   6.7107403e-01
   2.0762371e-01
   2.0025375e-01
   3.3670905e-01
   9.4645679e-01
   1.0469420e+00
   5.8034569e-01
   1.8942437e-01
   6.7803003e-02
   1.1947864e-01
   2.3305315e-01
   3.5581696e-01
   3.5184786e-01
   2.0592169e-01
   1.3475031e-01
   5.3273465e-02
   8.8845968e-02
   1.0718520e-01
   1.7362142e-01
   2.6761103e-01
   3.2538861e-01
   1.7015913e-01
   1.5318411e-02
   2.0615587e-02
   7.2529495e-02
   6.6585369e-02
   7.6447055e-02
   3.8504872e-02
   2.9405134e-02
   3.8916036e-02
   5.9528291e-02
   6.2752903e-02
   3.4674264e-02
   4.7903188e-02
   6.1865244e-02
   6.3671814e-03
  -1.2108488e-02
   1.4842520e-02
   4.5711674e-02
   2.5086761e-02
  -1.1772212e-02
  -1.1152730e-02
   8.7834097e-02
   1.9672014e-01
   2.0554908e-01
   1.1437082e-01
   8.4206261e-02
   3.3465666e-01
   5.4487216e-01
   3.2830116e-01
   1.4069016e-01
   1.4798005e-01
   2.1176410e-01
   1.6466002e-01
   7.8193992e-02
   7.7516682e-02
   1.2918761e-01
   6.4419949e-01
   7.3648137e-01
   3.7288684e-01
   9.3998037e-02
   3.2292385e-02
   2.8181668e-02
   2.1200188e-02
   1.0205699e-01
   1.1585940e-01
   8.4791236e-02
   4.8551556e-02
   5.9634983e-03
   5.5305090e-02
   9.5572740e-02
   6.3448571e-02
   2.1353029e-02
  -1.3340841e-02
   2.0497320e-04
  -1.7862719e-03
   1.0917071e-02
   5.6492817e-02
   4.4732869e-02
   3.8714331e-02
   7.7783749e-02
   5.4073140e-02
   3.3044547e-02
   2.7275426e-02
   3.0971844e-02
   3.0029887e-02
   9.5001319e-03
   3.9881341e-02
   5.8508679e-02
   3.5998251e-02
   5.7597920e-02
   2.6161222e-02
   2.0506347e-02
   3.5436705e-02
   2.2687303e-02
   4.0479943e-02
   4.6191569e-02
   6.8051621e-02
   8.3619066e-02
   7.8664966e-02
   4.7042437e-02
   5.8707420e-02
   7.1484126e-02
   7.5941890e-02
   3.9543372e-02
   6.1558921e-02
   1.3579920e-01
   1.3983828e-01
   6.6357940e-02
   6.5712407e-02
   1.8171684e-01
   3.4404913e-01
   2.8545168e-01
   8.5738085e-02
   3.2623515e-02
   3.4778437e-01
   1.4285994e+00
   1.6239598e+00
   8.7232566e-01
   2.4250545e-01
   4.7515426e-02
   7.6657079e-02
   1.2369862e-01
   2.8042266e-01
   2.3735264e-01
   1.0276455e-01
   4.0306211e-02
  -7.9926690e-03
   2.6059686e-03
   4.1945770e-02
   6.6108152e-02
   6.5827906e-02
   6.0273182e-02
   3.7007667e-02
   2.7372318e-03
   4.2339817e-02
   3.7270684e-02
   2.2150662e-02
   2.7281171e-02
   2.9419426e-02
  -1.2178686e-02
   2.1465424e-02
   4.9214423e-02
   5.9527293e-02
   5.2631006e-02
   3.1501375e-02
   2.5299141e-02
   2.1023473e-02
   6.3973434e-02
   8.4090546e-02
   7.1905456e-02
   4.2747714e-02
   3.3336204e-02
   3.8503908e-02
   4.1223586e-02
   2.0333346e-02
   6.6473141e-02
   7.3051535e-02
   8.4265031e-02
   1.7230103e-02
   2.4826260e-02
   7.4814737e-02
   7.7292919e-02
   3.7333030e-02
   2.4816709e-02
   3.9598390e-02
   4.4615850e-02
   1.7432204e-02
   3.9224997e-02
   7.8159064e-02
   1.4518633e-01
   1.1359210e-01
   1.9266361e-02
   1.1147733e-02
   8.5029811e-02
   2.2635587e-01
   2.1861702e-01
   1.6769943e-01
   8.9819722e-02
   2.2893444e-02
   2.2338206e-02
   3.7970446e-02
   6.7968272e-02
   8.1831612e-02
   3.4612723e-02
   4.6433859e-02
   7.0015110e-02
   6.3327536e-02
   6.9922723e-02
   4.6079550e-02
   4.2196918e-02
   2.1207049e-02
   3.6300551e-02
   5.4470744e-02
   7.1347058e-02
   6.9888107e-02
   7.5784244e-02
   7.1659766e-02
   3.7916444e-02
   2.8199365e-02
   3.3568658e-02
   2.6346812e-02
   2.3131935e-02
   4.3467429e-02
   4.8809316e-02
   2.9226515e-02
   5.1926043e-02
   6.0886573e-02
   5.5182159e-02
   8.6828984e-02
   9.7509541e-02
   5.3685218e-02
   1.6382646e-02
   2.8351652e-02
   6.1485730e-02
   7.3411979e-02
   2.0554040e-02
   2.5434537e-02
   4.0709458e-02
   1.6889650e-02
   4.3919992e-02
   3.7594423e-02
   1.5228403e-02
   2.2645423e-02
   1.9758521e-02
   2.7675204e-02
  -1.5067091e-02
   4.5330585e-03
   2.8417664e-02
   1.6712602e-02
   4.4808779e-02
   2.1553492e-02
   3.7682783e-02
   5.1418856e-02
   8.7730847e-02
   3.3431605e-02
   1.9128101e-02
   2.2676580e-02
   6.3173756e-02
   6.0238466e-02
   3.8042516e-02
   2.6126219e-02
   2.5562976e-02
   3.7436612e-02
   5.9926026e-02
   2.7002854e-02
   2.5771616e-02
   3.8098164e-02
   3.6322284e-02
   7.1446799e-02
   7.0847936e-02
   3.9369956e-02
   3.7731089e-02
   4.9051691e-02
   3.6588371e-02
   3.4534693e-02
   1.5848443e-02
   5.3286593e-02
   1.7979555e-01
   1.8917970e-01
   8.0047444e-02
   4.8348565e-02
   6.3482292e-02
   1.0906683e-01
   1.1751757e-01
   6.7503013e-02
   3.7443537e-02
   2.9190432e-02
   7.6212987e-02
   6.9323525e-02
   3.0923802e-02
   2.4774803e-02
   4.1518226e-02
   5.3008709e-02
   5.8406029e-02
   2.3505636e-02
   4.2379972e-02
   5.7776321e-02
   3.9399914e-02
   2.3000089e-02
   3.4504302e-02
   2.9355311e-04
   1.4178458e-02
   2.3766607e-02
   5.2430555e-03
   6.0754806e-02
   5.0938308e-02
   1.7877162e-02
   2.2689180e-02
   4.7808710e-02
   5.3993773e-02
   3.4961473e-02
   1.6777180e-02
   3.2555010e-02
   1.3032491e-02
   6.0359295e-03
   2.5039762e-02
   4.0935237e-02
   5.8372308e-02
   3.1780876e-02
   3.6332175e-02
   2.1115901e-02
   2.2059869e-02
   2.6783947e-02
   2.0863138e-02
   1.1387093e-02
   5.3857058e-02
   3.6443338e-02
   4.6156771e-02
   5.1713422e-02
   5.1376048e-02
   7.6002970e-02
   2.5622392e-02
   1.4943838e-02
   2.1050485e-02
   6.0276300e-02
   5.3126462e-02
   3.1568438e-02
   3.5291523e-02
   4.7720015e-02
   2.6276780e-02
   3.3776857e-02
   3.1257801e-02
   2.7503995e-02
   5.1530723e-02
   7.2561182e-02
   1.0066794e-01
   7.8318037e-02
   6.5611281e-02
   4.9579494e-02
   8.2324110e-02
   6.4169325e-02
   6.6634022e-02
   1.0062204e-01
   9.7629212e-02
   5.7644848e-02
   5.1446609e-02
   9.2554063e-02
   1.5560102e-01
   1.7418262e-01
   4.7074329e-02
   3.8732860e-02
   1.0026055e-01
   2.0086992e-01
   1.9645046e-01
   1.4821835e-01
   9.7280905e-02
   2.3052621e-01
   3.5712400e-01
   2.1559799e-01
   1.3481621e-01
   8.1913576e-02
   3.0523074e-01
   4.4934261e-01
   2.5400263e-01
   6.6040777e-02
   6.3736074e-02
   5.5919898e-01
   1.2147671e+00
   8.2607138e-01
   2.4997696e-01
   1.3482226e-01
   5.7865626e-01
   8.9104015e-01
   5.9760451e-01
   2.4293315e-01
   1.2925349e-01
   2.8674528e-01
   3.4200254e-01
   1.5905592e-01
   8.7383203e-02
   1.0000471e-01
   2.2115478e-01
   2.0446855e-01
   1.0033503e-01
   5.6798466e-02
   1.1377412e-01
   7.8415968e-02
   4.2736143e-02
   1.1286457e-02
   4.1463289e-02
   4.5581523e-02
   1.2805718e-02
   2.6499340e-02
  -8.0720605e-03
  -1.7709414e-02
   1.4779795e-02
   1.5842995e-02
   5.5629071e-02
   3.1572297e-02
   1.2686148e-02
   4.5583941e-02
   5.9147421e-02
   8.1367176e-03
   2.7317859e-03
   3.9363448e-02
   7.0731275e-02
   3.5252091e-02
   4.8501320e-02
   4.2639751e-02
   7.3288471e-02
   1.1462297e-01
   1.0877924e-01
   6.5809295e-02
   7.5946793e-02
   5.9084360e-02
   8.0591016e-02
   4.8786998e-02
   8.0752343e-02
   1.1966939e-01
   1.0612833e-01
   7.2430961e-02
   5.2200247e-02
   1.0682431e-01
   2.0820139e-01
   2.5148314e-01
   1.4490913e-01
   6.5302700e-02
   1.2088127e-01
   1.8999422e-01
   1.6700545e-01
   5.2631848e-02
   4.3840505e-02
   1.2173647e-01
   1.3598405e-01
   7.7663094e-02
   3.2767951e-02
   5.2926414e-02
   7.3299319e-02
   6.3174881e-02
   2.7695989e-02
   1.1522357e-02
   5.7019208e-02
   2.2549110e-02
   2.3702705e-02
   3.3967163e-02
   5.2451976e-02
   1.0911888e-01
   1.1109463e-01
   6.9984935e-02
   3.0001644e-02
   4.0330388e-02
   3.4859985e-02
   2.7994275e-02
   5.3212952e-02
   7.0238188e-02
   1.0348603e-01
   1.0911519e-01
   8.4304281e-02
   5.1474497e-02
   3.6841627e-02
   1.7240081e-02
   5.2026073e-03
   2.2150131e-02
   3.0031681e-02
   2.4021825e-02
   2.8561410e-02
   4.7708243e-02
   4.6485715e-02
   2.6435371e-02
   3.1144880e-02
   2.8451428e-02
   6.0032398e-02
   1.0993062e-01
   9.4363339e-02
   8.1137069e-02
   4.6462618e-02
   5.4845512e-02
   4.7644362e-02
   7.6810703e-02
   9.2977457e-02
   7.8318991e-02
   3.2022547e-02
   1.2718718e-02
   7.5348355e-02
   1.4463963e-01
   8.7489121e-02
   1.9400680e-02
   1.7522776e-02
   3.5661153e-02
   4.3539766e-02
   2.9698705e-02
   1.7240070e-02
   3.2774426e-02
   2.9928928e-02
   3.5692763e-02
   1.7228305e-02
   3.0471936e-02
   6.5544277e-02
   4.0856227e-02
   2.1875072e-02
   1.0891913e-02
   3.4332357e-02
   5.8048733e-02
   3.0913385e-02
   2.7079299e-02
   3.2779213e-02
   4.3019813e-02
   3.0741867e-02
   5.1452082e-02
   1.4446218e-01
   5.2720010e-02
   3.5903189e-02
   2.1654192e-02
   3.3618007e-02
   6.2464666e-02
   3.4358077e-02
   5.5859820e-03
   3.0270950e-03
   2.6893992e-02
   5.3366289e-02
   1.7023042e-02
   2.7343240e-02
   3.3144921e-02
   2.1477615e-02
   7.6809470e-03
   3.7038412e-02
   2.2587698e-02
   3.4055248e-02
   5.5330545e-02
   4.7328223e-02
   5.2075174e-02
   2.4929443e-02
   1.9825236e-03
   5.1766019e-02
   5.2466962e-02
   3.4234971e-02
   3.6586509e-03
   3.0629907e-02
   2.7231341e-02
   4.9223281e-02
   4.7450710e-02
   4.9997326e-02
   6.1879743e-02
   6.5748908e-02
   4.4070899e-02
   3.9220281e-02
   2.4154743e-03
   1.1378100e-02
   3.7119213e-02
   3.8423162e-02
   1.6011842e-02
   2.9042529e-02
   3.1157952e-02
   3.9271444e-02
   4.1804578e-02
   4.0204473e-02
   1.8645355e-02
   3.5142720e-02
   1.5595512e-02
   1.8721657e-02
   1.8377760e-02
   2.8379641e-02
   3.2580439e-02
   3.1326398e-02
   5.4184571e-02
   3.2930937e-02
   5.4120803e-03
   4.2952683e-02
   3.2613873e-02
   1.5037321e-02
   5.6920111e-02
   4.0294778e-02
   4.1786939e-02
   1.9134915e-02
   3.5104804e-02
   4.2178228e-02
   3.4752894e-02
   3.4222353e-02
   2.4003368e-02
   2.2020949e-02
   5.1588103e-02
   3.5479065e-02
   4.9882140e-02
   5.3512704e-02
   4.8367683e-02
   2.8689610e-02
   3.6547296e-02
   1.4408548e-02
   2.6103860e-02
   4.4541553e-02
   1.0535191e-02
   1.4616895e-02
   2.7198622e-02
   2.9849060e-02
   2.4074089e-02
   4.2296555e-02
   2.1383101e-02
   1.8456008e-02
   4.9471028e-02
   4.1150104e-02
   5.6971990e-02
   2.4864966e-02
   1.5077438e-02
   2.9681243e-02
   2.8659321e-02
   1.5946820e-02
   2.9786862e-02
   4.4879362e-02
   2.5875378e-02
   1.5521373e-02
   1.7971721e-02
   4.8838805e-02
   5.6033034e-02
   3.6527231e-02
   5.6221098e-02
   8.0546044e-02
   1.0289047e-01
   8.0534108e-02
   1.3297318e-01
   2.2778392e-01
   1.0622435e-01
   3.2834064e-02
   3.5014402e-02
   4.0195726e-02
   3.9196398e-02
   3.5123471e-02
   3.8214359e-02
   3.4217618e-02
   4.3242086e-02
   4.3495610e-02
   4.6266444e-02
   4.1706804e-02
  -9.0111457e-03
   1.8480856e-02
   1.0409389e-02
   3.2276958e-02
   3.2642279e-02
   3.5464033e-02
   3.4009889e-02
   4.1059628e-02
   6.1315723e-02
   4.6563584e-02
   5.5179983e-02
   3.3255588e-02
   2.8236235e-02
   2.6784644e-02
   4.4132896e-02
   5.7343930e-02
   6.9291778e-02
   4.0065974e-02
   2.7707785e-02
   5.0172042e-02
   3.6454640e-02
   5.4862473e-02
   7.2432525e-02
   7.4803978e-02
   5.9560709e-02
   2.4300877e-02
   3.3240698e-02
   1.6867835e-02
   9.4786780e-03
   1.3474297e-02
   2.9251643e-02
   3.1860851e-02
   4.0023323e-02
   2.2847973e-02
   1.1516562e-02
   1.3826756e-02
   1.4485547e-02
   1.8513646e-02
   3.0727904e-02
   2.1470025e-02
   2.6341343e-02
   2.0321302e-02
   2.4836831e-02
   1.8421575e-02
   4.1354723e-02
   3.0048244e-02
   2.2486985e-02
   2.5596233e-02
   3.4777671e-02
   1.8469853e-02
   8.3626965e-03
   1.5544486e-02
   1.7190607e-02
   4.7520235e-02
   1.2230009e-02
   2.5107678e-02
   5.6777496e-02
   3.9000545e-02
   3.4448165e-02
   1.8088022e-02
   1.6697912e-02
   1.4222439e-02
   1.2181154e-02
   2.1672959e-02
   2.7299700e-02
   3.0904982e-02
   4.2169441e-02
   4.3989874e-02
   2.2596406e-02
   3.4203857e-02
   3.3779725e-02
   3.8941395e-02
   4.9682580e-02
   2.1784324e-02
   1.0215377e-02
   4.2524409e-02
   3.5717808e-02
   2.1919597e-02
   2.3530498e-02
   3.9964508e-02
   3.4654513e-02
   1.1062047e-02
   3.2348163e-02
   4.4427257e-02
   1.5452658e-02
   1.1588421e-02
   2.8580137e-02
   3.0073976e-02
   1.0147602e-02
   2.6711032e-02
   4.6302553e-02
   3.1387601e-02
   9.4114747e-03
   1.4998993e-02
   1.7859975e-02
   4.1084524e-02
   3.9185077e-02
   2.2855386e-02
   2.5997208e-02
   1.7629534e-02
   5.4571971e-02
   2.0457685e-02
   5.5624712e-03
   1.1535725e-02
   1.2453455e-02
   1.8154331e-02
   4.7118880e-02
   7.3634677e-02
   4.5349535e-02
   2.5889188e-02
   8.4630204e-03
   2.6379099e-02
   4.8862424e-02
   7.9904921e-02
   4.6301693e-02
   2.0925585e-02
   1.0007760e-02
   1.1924294e-01
   3.6818603e-01
   3.1926042e-01
   1.5072392e-01
   6.3549355e-02
   1.4937286e-01
   2.6354197e-01
   2.3163147e-01
   1.2644105e-01
   5.9264619e-02
   4.2560104e-02
   4.4958480e-02
   7.1119614e-02
   6.7504250e-02
   5.9819080e-02
   5.0172072e-02
   5.9015937e-02
   5.7737079e-02
   3.8443655e-02
   4.7509212e-02
   6.4864688e-02
   4.0826280e-02
   3.3769052e-02
   4.3044534e-02
   2.6758667e-02
   2.2863612e-02
   3.0041115e-02
   4.2707447e-02
   3.6571842e-02
   1.4176146e-02
   3.6944475e-02
   3.3961438e-02
   6.1013669e-02
   1.7559407e-02
   3.0644663e-02
   4.2377353e-02
   3.9803196e-02
   4.9384892e-02
   1.8081758e-02
  -6.7075687e-03
   3.9727348e-03
   4.4632137e-02
   2.9975330e-02
   3.4555521e-02
   3.4431543e-02
   1.2914468e-02
   3.7048571e-02
   2.3230858e-02
   3.9674636e-02
   2.9206507e-02
   4.6471056e-02
   4.5380902e-02
   4.3928139e-02
   5.4358102e-02
   5.7086330e-02
   3.1669829e-02
   5.2363619e-02
   4.5297444e-02
   5.2960444e-02
   2.8606992e-02
   2.2517404e-02
   2.8267713e-02
   1.8247092e-02
   1.9739881e-02
   4.3210100e-02
   6.7076430e-02
   3.5708018e-02
   1.8978870e-02
   2.7784612e-02
   4.1114550e-02
   4.8518289e-02
   5.0382324e-02
   1.8237337e-02
   2.1888945e-02
   5.3356379e-02
   3.2574061e-02
   2.2905167e-02
   3.6690030e-02
   2.2500452e-02
   1.0301433e-02
   3.5658572e-02
   3.6104742e-02
   3.8734619e-02
   2.9909246e-02
   5.7766389e-02
   6.4522088e-02
   4.8531912e-02
   3.1363405e-02
   4.0935446e-02
   1.5350244e-02
   2.8512927e-02
   4.1141402e-02
   7.5147962e-03
   2.6317356e-02
   4.1571710e-02
   4.0922251e-02
   3.6787409e-02
   3.0110987e-02
   2.1162115e-02
   3.0215144e-02
   4.5996524e-02
   3.4802698e-02
   4.2723376e-02
   4.4853739e-02
   3.8427841e-02
   3.1885162e-02
   2.5622491e-02
   2.0122085e-02
   3.4765333e-02
   3.9807353e-02
   2.0270864e-02
   2.8949687e-02
   1.9184412e-02
   4.4312231e-02
   2.7973492e-02
   1.4066178e-02
   3.3763189e-02
   2.8156446e-02
   1.6943717e-02
   7.7205678e-03
   1.4069517e-02
   2.9500635e-02
   2.4225395e-02
   2.4976704e-02
   2.8502263e-02
   2.0153152e-02
   3.8368154e-02
   2.4437979e-02
   3.3588819e-02
   3.6460064e-02
   5.4165214e-02
   4.7794130e-02
   3.4918420e-02
   3.6108881e-02
   4.0711511e-02
   2.7609246e-02
   2.7843194e-02
   1.4475134e-02
   1.7860051e-02
   3.8060356e-02
   3.8938358e-02
   3.5535671e-02
   3.3667132e-02
   3.2233160e-02
   3.2152154e-02
   3.3037994e-02
   4.7608741e-02
   5.7696696e-02
   3.1012278e-02
   2.8788378e-02
   3.9291129e-02
   4.2232752e-02
   5.8164597e-02
   2.7892882e-02
   3.6833834e-02
   3.9868385e-02
   3.0428451e-02
   3.1752281e-02
   4.0047109e-02
   4.4297121e-02
   6.7940988e-02
   5.4517843e-02
   4.1681584e-02
   5.3388622e-02
   3.7908223e-02
   3.8305137e-02
   2.3507727e-02
   2.1873403e-02
   3.1809330e-02
   3.1732168e-02
   2.1176597e-02
   1.1846703e-02
   3.1549659e-02
   6.1229127e-03
   4.4285867e-02
   4.3418504e-02
   4.0074576e-02
   6.5391876e-02
   2.3433292e-02
   3.0996583e-02
   1.3407203e-02
   3.8508799e-02
   5.0044715e-02
   3.0627292e-02
   3.3636849e-02
   1.5761837e-02
   2.6382899e-02
   3.7310544e-02
   2.5896706e-02
   3.5306666e-02
   2.6096538e-02
   5.4620244e-03
   1.9920083e-02
   4.2475577e-02
   2.6516866e-02
   4.6002440e-02
   5.5862479e-02
   3.9954353e-02
   4.6485242e-02
   3.3231027e-02
   3.7736952e-02
   7.4750744e-02
   5.7285506e-02
   3.4007423e-02
   3.4046367e-02
   2.6696103e-02
   4.7682278e-02
   3.4309637e-02
   1.4900451e-02
   1.1777776e-02
   2.7454043e-02
   6.3403167e-02
   6.2059056e-02
   5.3645167e-02
   5.2678887e-02
   2.6386270e-02
   3.4864064e-02
   4.6185579e-02
   2.9892555e-02
   3.0871060e-02
   2.5754198e-02
   3.2079317e-02
   3.0524399e-02
   2.2753574e-02
   3.1547349e-02
   3.4151867e-02
   2.0879721e-02
   1.1731192e-02
   4.1500855e-02
   1.8553091e-02
   3.0001339e-02
   2.5563084e-02
   1.7640306e-02
   3.3331767e-02
   1.6449684e-02
   3.8759321e-02
   3.2134514e-02
   1.9920589e-02
   2.3465738e-02
   3.0990232e-02
   1.9102165e-02
   5.7030946e-02
   4.2031426e-02
   4.2644409e-03
   1.4952673e-02
   5.1989153e-02
   3.0964535e-02
   2.6152607e-02
   3.3038262e-02
   3.2928195e-02
   2.6242491e-02
   2.2465009e-02
   2.3209749e-02
   2.0778144e-02
   3.3819981e-02
   3.4869917e-02
   4.1021496e-02
   4.0096749e-02
   1.7769245e-02
   4.3636117e-02
   3.7903272e-02
   2.1746159e-02
   1.9184867e-02
   3.7802268e-02
   1.4678585e-02
   8.6991750e-03
   2.3653358e-02
   3.6481827e-02
   1.3428997e-02
   3.0670065e-02
   4.4665199e-02
   2.7581710e-02
   2.7954388e-02
   6.9943722e-03
   2.2565590e-02
   6.2638603e-02
   4.7204934e-02
   3.5116725e-02
   3.0734168e-02
   4.6514310e-03
   2.7374303e-02
   2.6527314e-02
   3.3779576e-02
   6.0532186e-02
   5.4168459e-02
   2.5213826e-02
   2.0662239e-02
   2.6263064e-02
   1.4352132e-02
   2.6515417e-02
   4.2382669e-02
   3.6231723e-02
   5.4196097e-02
   3.5877828e-02
   1.6110387e-02
   1.9813299e-02
  -2.1258800e-03
  -5.7190954e-04
   2.0634813e-02
   3.6691383e-02
   3.9806239e-02
   2.2413906e-02
   2.9993119e-02
   4.5538459e-02
   3.4969971e-02
   2.8841028e-02
   3.2275945e-02
   3.9643761e-02
   2.4876796e-02
   1.7431868e-02
   3.9695885e-02
   4.0165514e-02
   1.0700832e-02
   2.3438815e-02
   4.1217022e-02
   3.4364659e-02
   1.3613068e-02
   2.0875312e-02
   1.7830476e-02
   3.2721974e-02
   4.7542568e-02
   1.5495458e-02
   4.3468151e-02
   3.4730900e-02
   3.2472599e-02
   3.9245751e-02
   3.1578485e-02
   2.5710862e-02
   1.7386647e-02
   2.9402846e-02
   4.5541707e-02
   4.5156315e-02
   3.6898095e-02
   2.2317830e-02
   5.0830357e-03
   1.6162740e-02
   2.2093983e-02
   3.5278231e-02
   1.4190530e-02
   9.9608647e-03
   4.6018820e-02
   2.4453294e-02
   1.6801191e-02
   6.5601043e-02
   3.9312527e-02
   2.8803889e-02
   2.0730902e-02
   6.5733232e-03
   2.2775291e-02
   2.2887832e-02
   1.0946661e-02
   3.0919129e-02
   7.0540346e-02
   7.8567803e-02
   8.2009040e-02
   5.7046894e-02
   4.3987881e-02
   3.3055402e-02
   2.4111995e-02
   4.3098781e-02
   2.0626020e-02
   2.2084441e-02
   6.3479491e-02
   5.3573478e-02
   6.2574632e-02
   4.5143679e-02
   3.1435519e-02
   4.1356880e-02
   4.9612790e-02
   3.1779569e-03
  -7.5945875e-04
  -4.3009096e-03
   2.3821188e-02
   3.3665881e-02
   1.9242497e-02
   2.3238825e-02
   1.1447871e-02
   1.3872843e-02
   3.5396907e-02
   3.9949704e-02
   3.0888746e-02
   3.3497211e-02
   4.4248875e-02
   6.2878907e-02
   6.0746614e-02
   3.5286956e-02
   3.6725920e-02
   4.5776810e-02
   3.7661370e-02
   3.6876764e-02
   3.7152231e-02
   5.3362280e-02
   4.6057269e-02
   2.4165127e-02
   5.1578373e-02
   8.8851452e-02
   9.0121649e-02
   4.1777376e-02
   1.6284870e-02
   3.6631756e-02
   2.3138853e-02
   2.0901365e-02
   2.4238784e-02
   1.7634727e-01
   2.5886568e-01
   2.0005947e-01
   1.1528362e-01
   8.6727336e-02
   5.1400173e-02
   4.0844344e-02
   1.7596377e-02
   3.7310775e-02
   4.2689748e-02
   4.9982894e-02
   5.5540547e-02
   6.5835260e-02
   5.7770677e-02
   3.3214848e-02
   3.7171856e-02
   3.2256383e-02
   1.1101216e-02
   9.0724397e-03
   1.3437808e-02
   7.0894323e-03
   1.1662647e-02
   2.7533922e-02
   5.0967149e-02
   2.7498974e-02
   2.9681109e-02
   5.0987143e-02
   1.8155796e-02
   2.7757641e-02
   2.8675919e-02
   2.5163017e-02
   4.0724620e-02
   2.3129214e-02
   3.7265901e-02
   2.8853342e-02
   4.3963108e-02
   3.6947820e-02
   3.4606121e-02
   3.6102504e-02
   3.2019515e-02
   1.8972550e-02
   2.1147463e-02
   2.5058761e-02
   3.5871375e-02
   3.0456057e-02
   6.4104646e-03
   3.1007051e-02
   2.3962567e-02
   1.5599572e-02
   2.3976127e-02
   8.7052835e-03
   2.2921970e-02
   3.3258721e-02
   4.5233931e-02
   2.7765069e-02
   4.2169366e-02
   3.5300277e-02
   3.2433890e-02
   2.6278302e-02
   3.0185409e-02
   5.1855143e-02
   1.4345391e-02
   6.5427586e-03
   1.9812934e-02
   1.8086063e-02
   2.1681482e-02
   2.3882130e-02
   3.4733076e-02
   6.3979201e-02
   5.1505040e-02
   4.6696268e-02
   3.0873114e-02
   1.9105028e-02
   2.7827065e-02
   3.2090891e-02
   4.2591251e-02
   2.8423533e-02
   2.5408547e-02
   5.4713544e-02
   1.6817445e-02
   1.8145707e-02
   2.9978584e-02
   3.8866144e-02
   5.3168707e-02
   4.0325087e-02
   1.4173040e-02
   9.5288511e-03
   2.6408834e-02
   3.2145571e-02
   1.6805187e-02
   1.6471049e-02
   1.7823054e-03
   4.1556903e-03
   3.5249278e-02
   2.1268208e-02
   3.2783910e-03
   6.8862261e-03
   2.6677456e-02
   4.4126820e-02
   5.7505857e-02
   3.4739267e-02
   3.3999681e-02
   3.6178842e-02
   2.5930006e-02
   3.0451378e-02
   4.7260128e-02
   4.4831745e-02
   3.1794474e-02
   4.0916234e-02
   4.1523855e-02
   4.2833317e-02
   3.9277546e-02
   5.1788125e-02
   2.8273286e-02
   2.8451726e-02
   3.1355545e-02
   1.9492375e-02
   2.8940158e-02
   1.2370078e-02
   3.2306429e-02
   2.6071385e-02
   6.4754500e-03
   2.9592784e-02
   5.3803325e-02
   5.3270686e-02
   7.1821086e-02
   4.5236055e-02
   3.6487635e-02
   2.1313615e-02
   6.2150476e-03
   2.4149843e-02
   4.7772612e-02
   3.0528387e-02
   2.2345677e-02
   2.8934831e-02
   3.4106489e-02
   3.2534719e-02
   3.8541988e-02
   4.4493727e-02
   4.1151166e-02
   5.5137798e-02
   2.4313018e-02
   1.4394186e-02
   2.5065066e-02
   5.6894742e-02
   5.1524147e-02
   2.9959906e-02
   1.3718070e-02
   2.5469771e-02
   2.3386303e-02
   2.0448005e-02
   1.6062593e-02
   1.9187635e-02
   3.0419609e-02
   1.4538445e-02
   1.0329651e-02
   3.7085313e-02
   1.4003444e-02
   8.5205678e-03
   3.3954013e-02
   6.2299374e-02
   6.5449007e-02
   4.3468960e-02
   4.3068197e-02
   6.0237996e-02
   4.4333488e-02
   5.2229866e-02
   4.1793510e-02
   3.0918151e-02
   2.6077744e-02
   2.6698399e-02
   4.2516910e-03
   1.3981376e-02
   3.4571387e-02
   3.8870592e-02
   1.8066393e-02
   3.0080043e-02
   5.7006711e-03
   2.3019800e-02
   4.9157418e-02
   4.9976405e-02
   3.4208123e-02
   9.2524467e-03
   2.0318074e-02
   3.4385607e-02
   4.4516150e-02
   3.9316107e-02
   5.4322306e-02
   3.9923795e-02
   2.4516303e-02
   2.0481197e-02
   2.1700874e-02
   4.9508683e-02
   6.7312807e-02
   8.0151051e-02
   9.1419347e-02
   5.7742406e-02
   3.8074363e-02
   6.0072072e-02
   2.7519215e-02
   1.2880178e-02
   3.7042361e-02
   1.7463280e-02
   3.0357499e-02
   1.9935181e-02
   2.0161560e-02
   2.6339635e-02
   2.6302036e-02
   3.9810307e-02
   4.9235146e-02
   3.1663500e-02
   2.5096122e-02
   2.0841122e-02
   2.1926723e-02
   3.7297744e-02
   4.3416634e-02
   2.9322907e-02
   3.6607727e-02
   3.0532254e-02
   2.6534531e-02
   4.4388659e-02
   3.7888780e-02
   6.7439415e-02
   4.7172729e-02
   3.6462814e-02
   1.6272331e-02
  -1.6041051e-04
   1.6136127e-02
   3.7692849e-02
   2.0356018e-02
   2.3236595e-02
   2.9896589e-02
   3.7131276e-02
   2.5752965e-02
   3.2369133e-02
   2.4392243e-02
   2.4791420e-02
   4.4334866e-02
   2.4431862e-02
   1.1431674e-02
   3.2045895e-03
   3.3391263e-02
   2.8541584e-02
   2.7506471e-02
   2.1631366e-02
   2.7579276e-02
   1.9210575e-02
   3.7148740e-02
   3.5053898e-02
   1.3019018e-02
   1.3056741e-02
   5.1792320e-03
   1.5802778e-02
   4.8295897e-02
   7.3461130e-02
   5.8127701e-02
   2.9358815e-02
   3.5438653e-02
   2.9407145e-02
   4.9288712e-02
   3.9148971e-02
   3.2402489e-02
   5.3925835e-02
   4.7265090e-02
   2.4650360e-02
   3.3152785e-02
   2.2116486e-02
   3.6406640e-02
   5.4079480e-02
   2.0646604e-02
   2.6067076e-02
   3.0982884e-02
   1.1812485e-02
   4.0423151e-02
   1.6930271e-02
   2.4846874e-02
   3.7215590e-02
   2.5829356e-02
   1.8784208e-02
   1.5261068e-02
   1.4577058e-02
   2.1262622e-02
   1.8596908e-02
   2.6840642e-02
   2.6991496e-02
   2.8291823e-02
   3.2703664e-02
   5.7377834e-02
   6.5533146e-02
   4.3339461e-02
   2.9481424e-02
   2.5705803e-02
   2.0861970e-02
   1.9383492e-02
   1.5211060e-02
   2.7201058e-02
   4.0756099e-02
   3.4691043e-02
   4.0186573e-02
   4.6300590e-02
   2.4843911e-02
   1.9212916e-02
   4.0647224e-02
   1.8828588e-02
   1.9075051e-02
   5.5751435e-02
   1.1024462e-01
   1.0155884e-01
   4.6968427e-02
   2.4631485e-02
   2.7205404e-02
   5.3618051e-02
   5.4882392e-02
   6.0833219e-02
   4.0760294e-02
   5.8202371e-02
   3.8454857e-02
   2.3387577e-02
   3.6320880e-02
   5.0453730e-02
   4.6599109e-02
   6.7217819e-02
   6.6355832e-02
   5.3845253e-02
   2.0707360e-02
   3.0093595e-02
   3.0881682e-02
   3.8017008e-02
   3.2673478e-02
   2.0106589e-02
   1.7972382e-02
   4.3585468e-02
   2.1504680e-02
   4.0092614e-02
   6.0652796e-02
   5.9196658e-02
   4.8697777e-02
   2.5757715e-02
   7.3414212e-03
   2.8307362e-02
   1.0750799e-02
   2.4835465e-02
   3.8826346e-02
   3.1555042e-02
   1.2340483e-02
   2.9056089e-02
   3.5203658e-02
   4.1358940e-02
   4.5462396e-02
   4.6361018e-02
   5.4533795e-02
   4.5974672e-02
   4.2842355e-02
   2.7900930e-02
   3.7078131e-02
   3.8151108e-02
   5.5214699e-02
   5.7550777e-02
   2.9516594e-02
   5.0117504e-02
   4.4729143e-02
   5.1339317e-02
   3.2188933e-02
   7.5617526e-03
   5.0751504e-02
   3.2226961e-02
   4.6032414e-02
   2.8905259e-02
   2.3229361e-02
   3.1177066e-02
   2.2065144e-02
   2.0105077e-02
   3.8433865e-02
   2.6693340e-02
   1.6788594e-02
   3.2875754e-02
   1.7156240e-02
   1.4694908e-02
   2.2534046e-02
   4.3457646e-02
   7.1649455e-02
   9.4095826e-02
   7.4450195e-02
   5.3675808e-02
   2.1217637e-02
   2.2046275e-02
   1.0440473e-02
   2.2885634e-02
   2.8055044e-02
   3.0923869e-02
   3.9684508e-02
   3.3392146e-02
   2.7767364e-02
   1.4417956e-02
   5.1003929e-02
   1.0646315e-01
   1.2969880e-01
   7.9581015e-02
   6.6542059e-02
   7.6835938e-02
   2.7954886e-02
   1.8503385e-02
   6.6839926e-02
   1.6815801e-01
   1.8399069e-01
   1.4361475e-01
   4.3116692e-02
   2.3953794e-02
   3.5653129e-02
   2.3612645e-02
   5.5092562e-02
   2.7297921e-02
   3.2037146e-02
   2.1293461e-02
   3.5701066e-02
   4.2771723e-02
   6.6379830e-02
   5.0524633e-02
   7.9842977e-02
   6.4075328e-02
   7.5547911e-02
   6.2864892e-02
   3.7151530e-02
   1.7054163e-02
   2.4530491e-02
   3.6378805e-02
   2.8858624e-02
   3.2869224e-02
   3.1819597e-02
   4.9410056e-02
   4.9527913e-02
   2.1191923e-02
   2.0756738e-02
   2.1011427e-02
   1.1636848e-02
   4.0855110e-02
   5.1845148e-02
   4.3263439e-02
   2.2495180e-02
   5.4187838e-02
   3.2249659e-02
   2.0291250e-02
   4.0738665e-02
   4.9958356e-02
   6.8820730e-02
   7.2192140e-02
   6.2720813e-02
   2.8728779e-02
   2.6556252e-02
   2.5318015e-02
   8.8490974e-03
   3.8948998e-02
   3.7190050e-02
   4.8347015e-02
   4.3361552e-02
   4.2216558e-02
   4.1566167e-02
   3.2216933e-02
   2.1732429e-02
   4.9649831e-02
   3.6671299e-02
   3.9124511e-02
   4.3501362e-02
   2.4314538e-02
   4.4728436e-02
   1.0023125e-02
   3.8444605e-02
   3.3847000e-02
   3.9209560e-02
   3.7780944e-02
  -4.5172684e-03
   2.8002728e-02
   3.5909064e-02
   4.8438795e-02
   5.3014070e-02
   3.2798700e-02
   2.2322051e-02
   2.8308498e-02
   2.2309393e-02
   4.7356457e-02
   4.8609149e-02
   3.4278300e-02
   4.0451601e-02
   3.2351270e-02
   2.2665035e-02
   1.1896732e-02
   8.4432296e-02
   1.6589125e-01
   2.4288128e-01
   1.7420846e-01
   8.0988109e-02
   5.3018145e-02
   4.5379340e-03
   1.5099496e-02
   9.6915206e-03
   3.4297220e-02
   6.4233191e-02
   4.8043199e-02
   3.4719221e-02
   1.5929418e-02
   1.2728538e-02
   4.1334517e-02
   9.9240117e-02
   1.3855551e-01
   9.5365308e-02
   7.3754340e-02
   4.4185687e-02
   8.3698340e-02
   6.0986545e-02
   5.1027030e-02
   6.6779755e-02
   1.1509354e-01
   6.9427639e-02
   4.9602382e-02
   8.0669872e-02
   1.0211495e-01
   6.3292406e-02
   2.2543140e-02
   5.1521648e-02
   5.4783300e-02
   1.5111712e-02
   1.3280530e-02
   3.9030388e-02
   2.5563695e-02
   2.2028547e-02
   2.2728149e-02
   2.8047662e-02
   8.0673866e-02
   6.1299812e-02
   6.1810113e-02
   3.0925144e-02
   9.7734695e-03
  -3.3865876e-03
   1.7998522e-02
   4.3945163e-02
   7.0922293e-02
   8.2049899e-02
   4.8421387e-02
   4.3787956e-02
   1.0065684e-02
   2.4182644e-02
   1.5440012e-02
   1.1673828e-02
   3.0038776e-02
   3.3721261e-02
   3.3197451e-02
   5.9254620e-02
   6.5912917e-02
   7.7861965e-02
   6.3199468e-02
   5.1908821e-02
   3.8211554e-02
   3.2004468e-02
   4.1662604e-02
   4.2295516e-02
   6.2468000e-02
   2.5402896e-02
   2.8322503e-02
   2.5430046e-02
   4.5006081e-02
   4.3716580e-02
   2.8557686e-02
   3.3880033e-02
   1.7028734e-02
   2.1718862e-02
   3.3998184e-02
   5.2827861e-02
   1.9491181e-01
   3.6704707e-01
   3.2326621e-01
   1.7906474e-01
   1.0365169e-01
   1.1000060e-01
   1.0704580e-01
   5.1327202e-02
   6.4896114e-02
   1.4377454e-01
   1.9704400e-01
   2.3199826e-01
   1.8826984e-01
   1.6026029e-01
   1.6119243e-01
   1.5181282e-01
   2.6063135e-01
   2.3727363e-01
   1.3315293e-01
   1.6969180e-01
   5.1418436e-01
   6.0705191e-01
   3.2953343e-01
   1.2672664e-01
   1.4498970e-01
   1.4500108e-01
   1.5555292e-01
   9.4417527e-02
   3.3969864e-02
   4.4409152e-02
   3.4178175e-02
   2.9363623e-02
   4.9236301e-02
   4.9335979e-02
   3.6259040e-02
   2.6282598e-03
  -1.0383354e-02
   1.7504517e-02
   4.9878493e-02
   2.9019604e-04
   1.6761554e-02
   5.2339606e-02
   6.1012331e-02
   2.3023972e-02
   2.2190984e-02
   2.9391304e-02
   6.8639189e-02
   1.3628340e-01
   1.8205720e-01
   9.4251230e-02
   8.7897867e-02
   4.8735041e-02
   9.3496861e-03
   1.6820787e-02
   1.0099648e-01
   1.4498115e-01
   1.3540424e-01
   1.0214065e-01
   8.6175099e-02
   5.8054183e-02
   6.3423172e-02
   9.6904881e-02
   9.9659801e-02
   7.7183351e-02
   8.6431690e-02
   1.4766850e-01
   1.3839421e-01
   8.8442616e-02
   3.6278822e-02
   4.4845305e-02
   4.8244063e-02
   2.4918932e-02
   2.4790309e-02
   7.4203417e-02
   1.2566274e-01
   1.0159581e-01
   1.0323612e-01
   1.1084466e-02
  -7.0050214e-03
  -4.8933071e-03
   1.8673390e-02
   2.4721180e-01
   7.3248076e-01
   8.2988286e-01
   5.1751012e-01
   2.2085591e-01
   4.2592309e-02
   1.6090631e-02
   2.6311042e-02
   1.4985564e-02
   7.6330543e-02
   6.6381633e-02
   1.2258337e-01
   1.6389111e-01
   1.0161697e-01
   7.2275221e-02
   9.9069931e-02
   1.0571346e-01
   5.3441264e-02
   5.6171946e-02
   5.5500954e-02
   5.7167970e-02
   6.6748291e-02
   5.7812065e-02
   5.4253619e-02
   1.6557937e-02
   2.1024454e-02
   4.2254943e-02
   7.1060784e-02
   8.7896042e-02
   9.5147625e-02
   1.1553705e-01
   7.0168056e-02
   3.6986489e-02
   7.3303305e-02
   1.3353908e-01
   8.9136839e-02
   9.8977633e-02
   7.0710771e-02
   6.4789779e-02
   4.3252330e-02
   8.8019878e-02
   1.5339117e-01
   4.9169507e-02
   6.3924119e-02
   1.9692111e-01
   2.2171548e-01
   1.3750081e-01
   1.6669779e-01
   2.3488565e-01
   1.6761214e-01
   1.2562141e-01
   8.3654754e-02
   8.1139185e-02
   4.7602389e-02
   1.2381415e-01
   2.6986310e-01
   3.3182374e-01
   2.1562575e-01
   1.5202872e-01
   1.6923447e-01
   1.3687229e-01
   8.0804691e-02
   9.9520296e-02
   2.0449902e-01
   2.2319633e-01
   3.0820280e-01
   3.9576203e-01
   3.3119538e-01
   1.0097639e-01
   2.6784351e-01
   5.4441857e-01
   3.5497135e-01
   1.5845840e-01
   5.4716450e-01
   1.2129732e+00
   8.6583370e-01
   3.4502727e-01
   1.4609960e-01
   1.8859370e-01
   2.0083208e-01
   1.0442176e-01
   4.4443332e-02
   5.8267232e-02
   2.5046499e-02
  -1.7926317e-03
   3.8845760e-03
   2.4046162e-02
   3.0651778e-02
   3.9561756e-02
   1.1285029e-01
   1.9374102e-01
   7.9423137e-02
   6.2381968e-02
   5.2792359e-02
   1.3206063e-02
   2.3347862e-02
   8.8654064e-02
   1.2232436e-01
   4.7784377e-02
   4.6079800e-02
   7.6772943e-02
   1.2064465e-02
   1.5919520e-02
   5.8472499e-02
   1.0337792e-01
   8.4484227e-02
   1.0528793e-01
   2.4127965e-01
   2.7298892e-01
   1.4229064e-01
   1.3870759e-01
   5.1957600e-02
  -9.3222959e-03
   5.2044895e-02
   2.2129533e-01
   3.4379941e-01
   3.3502278e-01
   3.2439721e-01
   3.7073496e-01
   2.5313905e-01
   7.0901856e-02
   4.1148931e-02
   3.6651380e-02
   2.3521705e-02
   3.4309890e-02
   3.4237675e-02
   7.0646532e-02
   6.7872487e-02
   5.0757706e-02
   3.7456013e-02
   1.4805592e-02
   3.1565592e-02
   2.0425867e-02
   3.1878039e-02
   3.5979018e-02
   7.1185224e-02
   6.9494613e-02
   6.8012252e-02
   4.7583252e-02
   6.8620853e-03
  -7.1469357e-04
   4.4407036e-02
   5.0337359e-02
   3.1703401e-02
   4.1103262e-02
   2.6824046e-02
   5.1065512e-02
   9.5893458e-02
   7.5497799e-02
   9.7465906e-03
  -6.2616803e-03
   3.3441838e-02
   7.1983822e-02
   4.9075529e-02
   8.9865513e-02
   1.1997655e-01
   1.1454897e-01
   9.6847571e-02
   7.8388236e-02
   5.7655495e-02
   7.1226425e-02
   8.2133949e-02
   1.0058025e-01
   5.1283907e-02
   2.5686104e-02
   1.2618427e-01
   2.5582096e-01
   3.2095772e-01
   2.7075315e-01
   1.2198516e-01
   4.8882071e-02
   3.3379905e-02
   3.1981371e-02
   1.6362573e-01
   6.8132478e-01
   1.1495283e+00
   1.0036979e+00
   5.5083621e-01
   2.2038764e-01
   9.8303087e-02
   1.9337445e-02
   2.7638242e-02
  -5.3664809e-03
   3.3921182e-02
   1.1590081e-01
   1.5357761e-01
   1.6672842e-01
   1.7388816e-01
   1.0044641e-01
   1.3902277e-02
   1.6086323e-02
   1.3891470e-02
   1.9152205e-02
   7.3164448e-02
   4.8453640e-02
   4.3883514e-02
   6.0149167e-02
   9.1648974e-02
   8.7946177e-02
   1.2187731e-01
   1.6517584e-01
   1.1468732e-01
   7.1132928e-02
   2.2010900e-02
   3.8211420e-02
   9.6664190e-02
   2.7594432e-01
   5.3768384e-01
   6.0498035e-01
   3.8438421e-01
   2.3773150e-01
   1.7808546e-01
   6.4685211e-02
   1.6675463e-02
   2.0584369e-02
  -5.7992954e-03
   4.0108722e-02
   2.2839390e-01
   4.9951002e-01
   5.6834328e-01
   3.8409480e-01
   1.8083927e-01
   7.9527587e-02
   5.3090505e-02
   4.3196112e-02
   1.0116205e-01
   3.4644029e-01
   4.9714059e-01
   4.1757840e-01
   2.9693961e-01
   2.7187034e-01
   1.7304546e-01
   1.3987917e-01
   9.5026307e-02
   1.7167551e-02
   3.2607358e-02
   1.2182253e-01
   4.6684951e-01
   8.6165917e-01
   9.0216881e-01
   6.1373919e-01
   3.1922007e-01
   1.5120481e-01
   4.8932318e-02
   1.2614496e-01
   8.8968998e-01
   2.0614471e+00
   2.5001533e+00
   1.8202219e+00
   1.3519522e+00
   1.4744405e+00
   1.3474894e+00
   1.0827124e+00
   6.4562297e-01
   2.1191750e-01
   1.0980935e-01
   1.0926472e+00
   4.8677335e+00
   8.7615242e+00
   8.1756477e+00
   4.7149796e+00
   1.9771140e+00
   7.8281927e-01
   5.7705903e-01
   3.2597044e+00
   1.8277733e+01
   3.7024208e+01
   3.6649765e+01
   2.1794962e+01
   8.9656439e+00
   2.8273547e+00
   8.2989997e-01
   3.0653566e-01
   6.6411361e-02
   3.6099470e-01
   2.3466187e+00
   4.8948054e+00
   5.0717902e+00
   3.2395787e+00
   1.5197942e+00
   4.1744363e-01
  -4.5048334e-02
  -4.8237227e-02
   2.8110254e-01
   5.8289355e-01
   1.1346873e+00
   1.5673447e+00
   1.4451506e+00
   7.7861929e-01
   3.2685682e-01
   2.5405702e-01
   1.9365509e-01
   1.4141162e-01
   2.1446857e-01
   2.7797526e-01
   4.8712775e-01
   7.7394307e-01
   1.0155078e+00
   1.4814943e+00
   1.2520567e+00
   5.7918137e-01
   7.5388871e-02
  -7.7203722e-03
   1.4355889e-01
   2.4863596e-01
   2.8522593e-01
   3.5582718e-01
   2.1400684e-01
   1.3827690e-01
   5.8920816e-02
   9.8145179e-02
   2.5140992e-01
   2.9236451e-01
   3.4324020e-01
   1.8572810e-01
   1.9068298e-01
   2.0944810e-01
   2.5382677e-01
   2.1827395e-01
   7.8788847e-02
  -8.5182965e-02
  -8.3530515e-02
   1.7595800e-02
   2.4945559e-01
   3.2034904e-01
   1.7845906e-01
   3.6347084e-02
  -1.1710097e-01
  -6.6260792e-02
   2.3747782e-01
   5.9404939e-01
   9.7065985e-01
   9.6344429e-01
   5.8055449e-01
   1.3015045e-01
   9.8003529e-02
   7.6440865e-01
   2.1400948e+00
   2.5178068e+00
   1.6822002e+00
   6.7047185e-01
   1.9851480e-01
   4.0123793e-01
   1.0149237e+00
   1.0858732e+00
   7.0820981e-01
   3.4525958e-01
   2.9601714e-01
   2.5473633e-01
   4.5981988e-01
   2.0457625e+00
   4.6590061e+00
   5.1310320e+00
   3.1459754e+00
   1.3111826e+00
   4.3132630e-01
   2.0482966e-01
   1.2917887e-01
   3.4959711e-02
   3.4179792e-02
   2.2613284e-01
   7.2564638e-01
   7.5164223e-01
   5.0358838e-01
   1.8220288e-01
   4.2371001e-02
   8.0783535e-03
   1.6497418e-02
   4.3015692e-02
   1.4925699e-01
   2.9211658e-01
   2.9616770e-01
   1.9602554e-01
   1.0766979e-01
   2.4752449e-02
   4.1427627e-02
   3.5711512e-02
   6.1894000e-02
   6.8915300e-02
   5.6277446e-02
   8.8367909e-02
   1.5928727e-01
   2.0131083e-01
   1.8851559e-01
   1.1230538e-01
   2.8766274e-02
   3.0818840e-02
   1.1905222e-01
   1.4452863e-01
   1.1216919e-01
   9.8065741e-02
   8.5808277e-02
   3.1635068e-02
  -9.9667292e-03
   5.4154969e-03
   6.2587209e-02
   5.2838393e-02
   1.0545138e-01
   1.2707345e-01
   1.1170959e-01
   3.7502199e-02
   1.0124297e-01
   1.1995374e-01
   6.5784864e-02
   9.1316029e-03
   2.2699442e-02
   1.1634952e-01
   2.3836161e-01
   2.8742868e-01
   2.1411522e-01
   7.7153668e-02
  -1.2539056e-02
   2.0848384e-02
   7.3309384e-02
   2.4221167e-01
   5.3021365e-01
   5.8861125e-01
   3.6909324e-01
   2.2521771e-01
   2.8755218e-01
   3.0944926e-01
   4.0164414e-01
   3.7754241e-01
   1.3671762e-01
   7.7976091e-03
   1.3719963e-01
   9.5184529e-01
   1.8212619e+00
   1.6600193e+00
   8.8598317e-01
   2.2447130e-01
  -5.6497343e-03
   5.8441024e-02
   1.4156299e+00
   5.5635977e+00
   8.2085829e+00
   6.3965468e+00
   3.2931731e+00
   1.2244140e+00
   3.7136489e-01
   4.6436369e-02
   1.9073347e-02
   1.1208823e-01
   3.2144529e-01
   8.2808787e-01
   1.0861017e+00
   8.2478827e-01
   4.5835403e-01
   2.1078391e-01
   4.8993412e-02
   1.1992140e-02
   8.2297206e-02
   1.1736439e-01
   2.3002613e-01
   3.5678852e-01
   3.3637762e-01
   2.0365034e-01
   1.2630412e-01
   9.5441133e-02
   6.6921398e-02
   8.7139808e-02
   1.0482897e-01
   1.0731440e-01
   1.1209999e-01
   1.3364749e-01
   1.3805634e-01
   1.2036817e-01
   9.6460015e-02
   5.2361142e-02
   2.7303544e-03
   2.7588243e-02
   3.5660882e-02
   6.0145508e-02
   9.9472523e-02
   1.1364529e-01
   6.1764434e-02
   2.7498221e-02
  -3.1014219e-02
   2.6200276e-02
   6.5780863e-02
   7.4583881e-02
   1.0284192e-01
   8.2838461e-02
   5.1832855e-02
   7.0657685e-02
   6.9373533e-02
   4.7975343e-02
   4.7544647e-02
   3.3197213e-02
   3.9887968e-02
   8.2377575e-02
   1.6910726e-01
   1.2886792e-01
   9.2998296e-02
   1.4585192e-02
  -2.1937102e-02
   2.0672847e-02
   7.1213551e-02
   1.8754381e-01
   2.2716634e-01
   1.9524671e-01
   1.3421075e-01
   8.1567124e-02
   6.4561762e-02
   8.7296493e-02
   1.0151664e-01
   7.5457990e-02
   4.5353957e-02
   6.9448538e-02
   1.2207496e-01
   2.5821176e-01
   2.5117034e-01
   1.6278411e-01
   5.4060031e-02
   2.9348928e-02
   2.8405432e-02
   1.3261166e-01
   6.7592239e-01
   1.1419743e+00
   9.9117976e-01
   5.9637338e-01
   3.0653235e-01
   1.7220297e-01
   9.9445589e-02
   2.5433687e-02
   9.1508068e-02
   2.4110237e-01
   2.7047235e-01
   1.9713567e-01
   1.8031754e-01
   1.5652388e-01
   5.6281351e-02
   3.8140863e-02
   5.6643292e-02
   7.3637739e-02
   1.0015447e-01
   1.1063156e-01
   9.3778625e-02
   7.4501432e-02
   1.0081916e-01
   6.4145513e-02
   1.9787977e-02
   2.1958599e-02
   4.0214948e-04
   4.4905089e-02
   6.6671386e-02
   3.7949059e-02
   8.5312173e-02
   7.4818455e-02
   3.6920562e-02
   2.9765483e-02
   5.4938071e-03
   3.0579671e-02
   5.1855765e-02
   6.3014328e-02
   3.5523761e-02
   1.9913904e-02
   7.8382529e-03
   5.3178448e-02
   5.5178568e-02
   5.0497416e-02
   9.5365196e-02
   3.3436168e-02
   6.3163899e-02
   8.2442671e-02
   8.1555068e-02
   7.9553187e-02
   1.3986284e-01
   1.2240782e-01
   8.6245656e-02
   8.9991570e-02
   5.8617223e-02
   9.8549388e-02
   7.8858912e-02
   6.7216821e-02
   7.9805784e-02
   6.6628352e-02
   9.4046101e-02
   7.5417832e-02
   2.6129561e-02
   3.5632305e-02
   1.0090856e-01
   7.3646426e-02
   3.0564658e-02
   4.2687286e-02
   6.8444282e-02
   6.6260606e-02
   5.7073910e-02
   1.4652183e-02
   1.5250752e-02
  -4.1294135e-03
   1.8033601e-02
   6.2990613e-02
   8.6124815e-02
   9.1117926e-02
   8.3529986e-02
   1.3873624e-02
  -2.1895364e-02
   5.7705566e-02
   1.7322010e-01
   2.6607427e-01
   2.6429260e-01
   1.9413717e-01
   7.3452398e-02
   3.2840494e-02
   2.8860305e-02
   4.2764578e-02
   7.6895863e-02
   1.2730055e-01
   1.2872192e-01
   5.8235288e-02
   4.8809748e-02
   7.5401567e-02
   2.4738761e-02
   6.1053727e-02
   4.4321917e-02
   2.3893762e-02
   3.3854079e-02
   1.2051841e-02
   4.8169526e-04
   7.2637945e-02
   1.4292081e-01
   1.2669984e-01
   9.6256077e-02
   5.9919577e-02
   4.4464812e-02
   4.9693108e-02
   1.0228051e-01
   1.5982935e-01
   1.3242449e-01
   1.1366139e-01
   5.5485979e-02
   1.0863071e-02
   4.1286010e-02
   1.4434263e-01
   3.1613174e-01
   3.7163448e-01
   3.0137515e-01
   1.3040654e-01
   6.2134955e-02
   4.5231305e-02
   1.1549982e-01
   2.3150431e-01
   2.1518451e-01
   1.3682412e-01
   1.1177763e-01
   5.4678641e-02
  -4.5084953e-03
   9.2972845e-02
   1.5223518e-01
   1.1056630e-01
   5.3157389e-02
   4.8177179e-02
   4.8329331e-02
   4.2056963e-02
   4.3181598e-02
   2.1998363e-02
   2.4993688e-02
  -2.4158951e-02
   2.4232367e-02
   7.3164947e-02
   5.7523504e-02
   4.4912219e-02
   6.3158900e-02
   2.6699929e-02
   3.2304030e-02
   5.1241841e-02
   6.2668078e-02
   4.0230028e-02
   3.3371869e-02
   1.3686493e-03
   3.4745511e-02
   2.0245722e-02
   6.9123574e-02
   5.7707589e-02
   3.1699698e-02
   1.0384237e-02
   2.1723812e-02
   2.3151694e-02
   3.1879853e-02
   6.1681304e-02
   7.0799604e-02
   1.0348924e-01
   8.2965150e-02
   2.3550309e-02
   2.4996033e-02
   2.4936374e-02
   5.7154901e-02
   5.7678666e-02
   4.2582396e-02
   1.1692498e-01
   4.1214023e-02
   2.6311094e-02
   3.0753482e-02
   5.2645527e-02
   7.8338586e-02
   7.5427666e-02
   1.2627494e-01
   8.5137822e-02
   4.1686304e-02
   3.3649433e-02
   5.7894882e-02
   9.0522662e-02
   4.9573265e-02
   7.4577026e-02
   5.3092122e-02
   6.6228904e-02
   1.1018645e-01
   6.8346791e-02
   1.0584515e-01
   6.6701464e-02
   6.7797177e-02
   5.9978180e-02
   7.7813208e-02
   1.5111668e-01
   1.7527142e-01
   1.6019697e-01
   1.2075383e-01
   8.7207623e-02
   1.0069364e-01
   1.1059112e-01
   1.2457721e-01
   1.3072024e-01
   8.5074119e-02
   8.1011899e-02
   1.1689576e-01
   1.5307124e-01
   1.3123129e-01
   1.2578908e-01
   1.3383311e-01
   1.0688403e-01
   9.7024284e-02
   2.8059911e-02
   7.5950086e-02
   1.7804632e-01
   2.3156591e-01
   2.3108345e-01
   1.2578385e-01
   3.1188080e-02
   4.0573914e-02
   1.1667101e-01
   2.2212407e-01
   2.7828482e-01
   2.8570303e-01
   1.3189819e-01
   6.5630637e-02
   5.1621769e-02
   1.9824424e-01
   4.0839005e-01
   4.5869619e-01
   4.1120464e-01
   2.6307335e-01
   6.9812842e-02
   3.2375336e-02
   2.7763590e-01
   4.9109796e-01
   6.1011177e-01
   5.0957435e-01
   2.9232562e-01
   1.8053846e-01
   2.4455233e-01
   5.7245284e-01
   8.8508129e-01
   8.8400853e-01
   5.5144513e-01
   2.4764162e-01
   3.6828008e-02
   1.4730352e-01
   7.0051187e-01
   1.1166503e+00
   9.5540631e-01
   5.1190060e-01
   1.3956472e-01
   2.7844984e-02
   2.4150875e-01
   1.1433804e+00
   2.3794196e+00
   2.4933546e+00
   1.6373211e+00
   6.5213835e-01
   7.8324407e-02
   1.4796257e-01
   7.2625083e-01
   1.3497297e+00
   1.1743327e+00
   7.1724713e-01
   3.9689654e-01
   2.5609413e-01
   2.9818121e-01
   6.1192095e-01
   8.3693230e-01
   6.6738546e-01
   3.8316628e-01
   2.2005744e-01
   2.1274352e-01
   3.1815556e-01
   4.2281207e-01
   5.1877993e-01
   3.7310219e-01
   2.0953555e-01
   1.1710574e-01
   1.3810387e-01
   1.4528306e-01
   8.2280494e-02
   5.5687908e-02
   5.9757818e-02
   1.4991641e-01
   1.2028329e-01
   1.4001660e-01
   1.4582720e-01
   9.7252697e-02
   9.9507920e-02
   7.7520303e-02
   5.1405121e-02
   5.1378768e-02
   6.1294269e-02
   8.0002941e-02
   6.6783860e-02
   4.0851049e-02
   7.0848748e-02
   1.0096169e-01
   6.8956777e-02
   2.8086048e-02
   3.4085516e-02
   4.3164670e-02
   1.2568746e-02
   1.5643293e-02
   2.5314247e-02
   4.6696730e-02
   1.1534122e-01
   1.2366869e-01
   6.6264190e-02
   3.4463573e-02
  -2.0944424e-02
   4.9591068e-02
   8.9190431e-02
   1.1814665e-01
   1.9308525e-01
   2.1500476e-01
   1.1232513e-01
   8.3307788e-02
   1.0142124e-01
   1.3395037e-01
   1.2924245e-01
   1.2826554e-01
   8.2887501e-02
   1.0088827e-02
   6.3355118e-02
   1.9806510e-01
   2.5805616e-01
   2.0825274e-01
   5.1815987e-02
   2.7635746e-02
   2.8307207e-03
   1.5693665e-01
   4.5130503e-01
   5.7342243e-01
   4.7974461e-01
   2.7442563e-01
   6.7303613e-02
   8.1531376e-02
   1.7952237e-01
   2.7326471e-01
   2.8842899e-01
   2.2839229e-01
   1.7604487e-01
   8.9106798e-02
   8.8319369e-02
   1.4106542e-01
   1.6219185e-01
   1.9752884e-01
   1.1699712e-01
   8.9560226e-02
   8.1070326e-02
   8.6540245e-02
   1.2239026e-01
   1.4123899e-01
   1.4731884e-01
   3.4006890e-02
   5.4842651e-02
   9.4916128e-02
   7.4515559e-02
   2.1812428e-02
   2.8063942e-02
   4.0462453e-02
   4.9069252e-02
   5.3636152e-02
   1.0161458e-01
   1.5131043e-01
   2.3145345e-01
   1.3625753e-01
   3.6523137e-02
   1.5773339e-02
   2.1657258e-02
   4.5084439e-02
   5.4141089e-02
   4.5529254e-02
   3.7416458e-02
   2.4459254e-02
   3.3879340e-02
   4.0753633e-02
   7.0598051e-02
   1.4011924e-01
   8.8445559e-02
   4.4243738e-02
   4.1327059e-02
   2.5288766e-02
   2.9002722e-02
   2.6073826e-02
   3.1394944e-02
   3.7329931e-02
   1.3501218e-02
   1.8918933e-02
   2.9470772e-02
   5.2526958e-02
   4.6188790e-02
   6.4987309e-02
   4.7186241e-02
   1.8829515e-02
  -3.5126944e-04
   2.3213908e-02
   7.1461275e-02
   8.2285188e-02
   1.1733077e-01
   1.4884764e-01
   1.6972773e-01
   1.8207552e-01
   1.0665959e-01
   8.6338185e-02
   6.1194491e-02
   8.2202449e-02
   1.2321419e-01
   1.1637532e-01
   1.8982191e-01
   2.4542667e-01
   2.1010740e-01
   1.6063632e-01
   5.6436803e-02
   3.3123177e-02
   4.2546436e-02
   6.5909058e-02
   1.4486331e-01
   1.6538760e-01
   1.2688193e-01
   6.3131616e-02
   3.0434223e-02
   2.7526002e-02
   5.3422149e-02
   4.5597211e-02
   4.9679209e-02
   5.4941531e-02
   4.0269919e-02
   4.3988187e-02
   9.2465080e-02
   1.1736562e-01
   9.8433435e-02
   7.0836343e-02
   1.2314222e-02
   2.3964304e-02
   5.7101823e-02
   2.8358364e-02
   4.4930324e-02
   4.7339231e-02
   2.9695421e-02
   5.0346952e-02
   5.9956990e-02
   6.7515120e-02
   6.8379208e-02
   3.4907341e-02
   2.5021041e-02
   1.3984405e-02
   3.6806181e-02
   1.1203749e-02
   2.6048422e-02
   5.6405984e-02
   3.8520560e-02
   1.7313579e-02
   2.7078327e-02
   2.3723140e-02
   2.1645388e-02
   6.7865081e-02
   7.4094854e-02
   3.6953840e-02
   1.6277136e-02
   1.7259670e-02
   7.5246572e-02
   5.8899343e-02
   2.1487763e-02
   2.2721302e-02
   4.8073623e-02
   3.4293227e-02
   1.9754836e-02
  -5.4714130e-03
   1.0177016e-02
   1.4371922e-02
   1.8418325e-02
   4.1250348e-02
   3.2128725e-02
   1.3751190e-02
   1.7199386e-02
   3.2520644e-02
   2.0540381e-02
   1.8013284e-02
   2.6425535e-02
   2.7489286e-02
   6.5707117e-02
   5.9257437e-02
   5.5125233e-02
   4.6211347e-02
   3.8871430e-02
   4.2953588e-02
   8.0029890e-02
   5.0423406e-02
   5.8338229e-02
   5.0340950e-02
   3.8012534e-02
   3.4573633e-02
   2.4023071e-02
   2.5557505e-02
   1.9259004e-02
   3.3010051e-02
   6.3414931e-02
   4.0262245e-02
   4.4772368e-02
   2.2662083e-02
  -1.9216307e-03
   1.5761504e-02
   3.2661628e-02
   5.2367479e-02
   2.6633432e-02
   3.6730759e-02
   6.1434921e-02
   4.4565313e-02
   3.7402175e-02
   5.6062602e-02
   3.5782404e-02
   3.1809930e-02
   1.7031789e-02
   4.2748567e-02
   3.2142665e-02
   2.4875158e-02
   2.9626265e-02
   2.9393764e-02
   3.5724219e-02
   3.5020456e-02
   6.5978795e-02
   6.6465594e-02
   4.5261811e-02
   3.3476323e-02
   3.1782225e-02
   2.1157334e-02
   1.9395202e-02
   5.6696869e-02
   4.0697057e-02
   3.1733911e-02
   2.8779365e-02
   2.6763566e-02
   5.2592609e-02
   4.5736130e-02
   3.1991836e-02
   3.5693105e-02
   2.8135911e-02
   4.3587487e-02
   8.3469115e-03
   4.0005874e-02
   5.2337166e-02
   3.1878408e-02
   3.2726970e-02
   2.7851587e-02
   4.5194853e-02
   4.6021882e-02
   5.3185590e-02
   5.7454772e-02
   4.9185421e-02
   5.0832018e-02
   3.4818094e-02
   3.6048926e-02
   2.4676258e-02
   4.2962648e-02
   3.9402951e-02
   2.9288935e-02
   6.4520985e-02
   8.3298832e-02
   3.6065713e-02
   2.1131787e-02
   4.4011168e-02
   5.4574467e-02
   1.0862733e-02
   1.2243570e-02
   2.9957555e-02
   2.4899995e-02
   5.2545045e-02
   4.7443517e-02
   1.9658698e-02
   7.4873324e-03
   2.0691622e-02
   1.3902274e-02
   3.2058679e-02
   4.4698991e-02
   2.2446413e-02
   2.5668345e-02
   4.5052189e-02
   2.9797148e-02
   2.8521406e-02
   3.4331914e-02
   3.6354393e-02
   4.2202160e-02
   2.9879015e-02
   2.4891568e-02
   4.2297453e-02
   5.8787294e-02
   3.5118319e-02
   3.6798146e-02
   2.0899005e-02
   4.2448644e-02
   2.3258129e-02
   3.0994106e-02
   1.0877652e-02
   9.3401298e-03
   1.7515487e-03
   2.1989107e-02
   2.0074286e-02
   3.4403961e-02
   3.2207191e-02
   2.8129283e-02
   3.8975041e-02
   3.4212586e-02
   3.6810767e-02
   3.2891598e-02
   5.9009399e-02
   4.3505210e-02
   1.4249817e-02
   3.6587436e-02
   5.4996587e-02
   3.1363979e-02
   2.8150827e-02
   3.0201491e-02
   3.8655154e-02
   2.3255108e-02
   3.5575546e-02
   1.3214344e-02
   4.9322799e-02
   2.8548639e-02
   1.5045990e-02
   3.9052233e-02
   3.9357189e-02
   1.1796723e-02
   2.6460038e-02
   2.9537909e-02
   2.9957084e-02
   3.3176266e-02
   3.8368031e-02
   4.3796759e-02
   6.3041694e-02
   6.4312443e-02
   1.5072066e-02
   3.7611898e-02
   6.0007054e-02
   4.2509120e-02
   3.5237774e-02
   4.5388408e-02
   3.8074888e-02
   2.4761181e-02
   3.6665950e-02
   5.3346079e-02
   1.1252437e-02
   3.9074879e-02
   4.8180554e-02
   1.3369558e-02
   2.9836928e-02
   5.1408488e-02
   4.5667540e-02
   4.6641648e-02
   4.3472264e-02
   2.9726725e-02
   3.2683987e-02
   4.5086931e-02
   2.9015187e-02
   3.5439514e-02
   1.3490276e-02
   3.7997216e-02
   2.6057169e-02
   2.3205003e-02
   1.4671125e-02
   1.7087255e-02
   3.7452742e-02
   3.5003576e-02
   3.8968395e-02
   2.0596007e-02
   2.8830843e-02
   2.6036112e-02
  -1.2998123e-03
   2.3313399e-02
   1.1332213e-02
  -2.5990708e-03
   3.8611934e-02
   3.7673470e-02
   1.6973961e-02
   1.0569954e-02
   1.8578343e-02
   1.5950318e-02
   3.8661122e-02
   3.2877970e-02
   7.3302989e-03
   2.3544880e-02
   2.3802435e-02
   1.5957613e-02
   4.2994183e-02
   3.2898851e-02
   3.2877579e-02
   4.9876966e-02
   4.0857624e-02
   1.0609297e-03
   1.8747928e-02
   1.5981119e-02
   1.0734683e-02
   2.9817069e-02
   3.3037320e-02
   1.0122404e-02
   2.0830121e-02
   2.9859714e-02
   1.5571755e-02
   1.5022968e-02
   3.0668007e-02
   3.4143213e-02
   2.2339974e-02
   3.0243801e-02
   3.4161948e-02
   4.2791735e-02
   1.6319295e-02
   9.7452225e-03
   1.2492421e-02
   1.5760118e-02
   2.9512482e-02
   1.3142901e-02
   1.3297119e-02
   1.9809494e-02
   2.6277965e-02
   1.3899693e-02
   3.0224400e-02
   2.0644931e-02
   2.9216316e-02
   2.9954219e-02
   3.1759441e-02
   5.2737765e-02
   1.9189002e-02
   1.6335212e-02
   3.4263887e-02
   9.0318210e-03
   3.6246270e-02
   1.6138356e-02
   3.8968790e-02
   2.6669485e-02
   1.0533322e-02
   1.8728312e-02
   3.2627560e-02
   4.8058081e-02
   3.8954418e-02
   1.9641442e-02
   1.3175163e-02
   6.0883719e-03
   3.8750097e-02
   2.9421037e-02
   9.5271161e-03
   1.6554419e-02
   3.3387903e-02
   2.9145801e-02
   1.9788373e-02
   3.8475011e-02
   4.7778919e-02
   3.0428130e-02
   1.8993190e-02
   3.8935814e-02
   5.0321873e-02
   8.8245764e-02
   4.9994227e-02
   1.0923699e-02
   3.5122294e-02
   5.5896658e-02
   3.0265814e-02
   3.5440594e-02
   3.6720470e-02
   3.1125426e-02
   1.2461110e-02
   4.6786986e-02
   4.0023476e-02
   3.2974906e-02
   2.9072795e-02
   1.4277625e-02
   1.3301638e-02
   7.8423396e-03
   1.7309722e-02
   4.8759367e-02
   4.3678924e-02
   3.5092849e-02
   3.4236494e-02
   3.5954509e-02
   1.5473568e-02
   1.7559355e-02
   6.2595300e-02
   8.5286841e-02
   6.8924561e-02
   8.5297242e-02
   5.4879013e-02
   7.3802069e-02
   8.0374561e-02
   3.7876084e-02
   1.6114656e-02
   3.9576847e-02
   4.7532178e-02
   1.1319973e-01
   2.2019187e-01
   2.2183441e-01
   1.2900327e-01
   1.4419780e-02
  -6.6005755e-03
   8.9006029e-02
   4.2413977e-01
   8.9693230e-01
   9.3513906e-01
   5.6233799e-01
   1.9980909e-01
   6.7273483e-02
   1.4441152e-01
   3.9852360e-01
   5.1747453e-01
   4.2214605e-01
   2.8086713e-01
   1.8336941e-01
   1.5826656e-01
   9.0513438e-02
   5.1753838e-02
   3.9305627e-02
   8.3396815e-02
   1.2644777e-01
   1.4555666e-01
   1.3876869e-01
   9.9390432e-02
   5.3544391e-02
   2.1190653e-02
   2.9328221e-02
   7.2726056e-02
   6.6895738e-02
   3.7781104e-02
   5.6808114e-02
   4.9001813e-02
   4.5781203e-02
   4.1802749e-02
   1.1882260e-02
   3.2850511e-02
   1.7821843e-02
   3.2797553e-02
   4.3750089e-02
   1.5604842e-02
   2.9138777e-02
   4.5561265e-02
   3.5692859e-02
   2.8968073e-02
   1.3673696e-02
   3.3374820e-02
   2.4226267e-02
   3.9712209e-02
   1.8723760e-02
   1.4533180e-02
   3.6219709e-02
   1.8833430e-02
   3.6503490e-02
   4.3338735e-02
   5.4718778e-02
   7.2874606e-02
   4.0185466e-02
   2.2356674e-02
   3.5240985e-02
   4.4664167e-02
   5.8327433e-02
   5.1808931e-02
   7.2713286e-02
   5.9459951e-02
   4.5869224e-02
   2.9001324e-02
   2.4639813e-02
   2.0353533e-02
   5.3725351e-02
   3.0787444e-02
   4.7970828e-02
   8.4643751e-02
   7.4911669e-02
   4.1345727e-02
   7.5493911e-03
   3.0263446e-02
   1.9468069e-02
   6.7833684e-02
   1.3669533e-01
   1.0711536e-01
   6.1526608e-02
   4.7822647e-02
   5.2955024e-02
   4.9832258e-02
   5.1189981e-02
   7.2812907e-02
   6.9014885e-02
   5.6761824e-02
   6.8654381e-02
   2.3360200e-02
  -6.3791913e-03
   7.6285079e-03
   2.8797450e-02
   2.4126396e-02
   4.8909970e-02
   5.2938644e-02
   3.4666169e-02
   2.7335640e-02
   3.5635818e-02
   2.6743200e-02
   3.0077869e-02
   7.0272577e-03
   1.8454917e-02
   2.7761352e-03
   2.8676344e-02
   4.6736266e-02
   2.4266556e-02
   2.0774860e-02
   1.9421896e-02
   3.3383619e-02
   5.0230704e-02
   4.7612567e-02
   3.3673052e-02
   1.3166578e-02
   1.5630990e-02
   2.3943026e-02
   2.5102731e-02
   2.6187712e-02
   1.4281347e-02
   3.3482369e-02
   3.2651283e-02
   2.1877563e-02
   2.8869525e-02
   5.6025218e-02
   3.3970084e-02
   1.8770812e-02
   3.1792156e-02
   4.9600746e-02
   4.8391670e-02
   3.5141535e-02
   2.2304414e-02
   8.0562960e-03
   1.3534334e-02
   7.5452784e-03
   1.3656688e-02
   3.7532743e-02
   4.9032867e-02
   4.8408736e-02
   2.8446695e-02
   2.3974990e-02
   3.6963049e-02
   1.9057084e-02
   1.5582419e-02
   2.5518460e-02
   3.7398476e-02
   3.6717981e-02
   3.3035547e-02
   3.5333212e-02
   2.4513898e-02
   3.7788268e-02
   4.3900829e-02
   2.6890974e-02
   4.2262323e-02
   4.3295760e-02
   6.4665652e-03
   6.5191085e-03
   1.3181801e-02
   4.8082694e-03
   2.4918022e-02
   2.9979035e-02
   3.0762164e-02
   3.5406459e-02
   2.6308496e-02
   7.2237272e-03
   9.8118726e-03
   2.3535918e-02
   9.1927843e-03
   2.8445711e-02
   2.1695143e-02
   1.9225469e-02
   2.2360295e-02
   2.6555436e-02
   2.6567798e-02
   2.8707493e-02
   3.6170088e-02
   3.9062347e-02
   2.8762162e-02
   4.2856712e-02
   2.7628651e-02
   1.4611929e-02
   2.6879687e-02
   1.8692724e-02
   1.9787187e-02
   3.9929248e-02
   3.9994549e-02
   3.7583955e-02
   5.6297105e-02
   4.2052504e-02
   1.9463744e-02
   3.0300463e-02
   2.1165041e-02
   4.4571380e-03
   2.0867206e-02
   3.4701850e-02
   1.5180538e-02
   1.1332575e-02
   3.7221804e-02
   3.3258107e-02
   1.5637087e-02
   2.3968207e-02
   1.6112497e-02
   4.3440312e-02
   3.4703728e-02
   2.8572993e-02
   2.4673607e-02
   2.6994051e-02
   4.6083033e-02
   7.2988912e-02
   4.5199007e-02
   2.6383359e-02
   2.4291195e-02
   3.8106114e-02
   2.4772188e-02
   3.0595034e-02
   2.1794157e-02
   1.8442877e-02
   3.6823671e-02
   2.1204079e-02
   1.4678678e-02
   3.5276096e-02
   3.7511859e-02
   2.5344605e-02
   2.2863716e-02
   3.8447320e-02
   2.5895024e-02
   3.5689566e-02
   3.5395619e-02
   3.5446782e-02
   4.2145059e-02
   1.4012868e-02
   2.4635498e-03
   1.5659373e-02
   3.6876380e-02
   4.4483908e-02
   3.8428426e-02
   2.4710862e-02
   1.9093752e-02
   2.5037453e-02
   1.8491780e-02
   1.8917022e-02
   2.5205528e-02
   3.8838543e-02
   1.0341215e-02
   1.7602369e-02
   5.2227113e-02
   3.0853091e-02
   2.4151541e-02
   2.3688870e-02
   1.5413126e-02
   2.9534915e-02
   2.8086685e-02
   2.4566516e-02
   1.6135095e-02
   2.3154566e-02
   3.5891496e-02
   1.7866125e-02
   2.1497060e-02
   1.0404830e-02
   2.3543308e-02
   2.4082415e-02
   2.0117274e-02
   4.0495664e-02
   4.2187966e-02
   2.3595337e-02
   2.8967699e-02
   4.2133939e-02
   4.5412607e-02
   3.8767636e-02
   2.4709918e-02
   4.8827220e-02
   3.7527736e-02
   2.7198341e-02
   2.9624917e-02
   2.3422888e-02
   5.0853151e-03
   5.5064554e-03
   1.2336165e-02
   1.7320735e-02
   3.4631740e-02
   3.1243879e-02
   5.2392047e-02
   6.5240249e-02
   4.3524548e-02
   3.9082367e-02
   3.8986389e-02
   1.6167855e-02
   3.3805247e-02
   4.7286041e-02
   2.9466428e-02
   4.0782403e-02
