   2.9980389e-02
   5.0584830e-02
   3.1313617e-02
   2.6139315e-02
   2.2109378e-02
   1.5777195e-02
   2.8693162e-02
   6.3443132e-02
   3.8316332e-02
   1.2894193e-02
   3.1986352e-02
   4.3133579e-02
   2.0075623e-02
   4.5740511e-02
   6.0596932e-02
   3.8288027e-02
   6.9212720e-02
   7.0835486e-02
   6.9902249e-02
   4.9894262e-02
   7.3487394e-02
   2.7021075e-02
   2.3696281e-02
   4.1494474e-02
   2.1052878e-02
   3.0862549e-02
   5.7952873e-02
   6.4531296e-02
   4.9102861e-02
   1.2413892e-02
   2.6590150e-02
   8.9918505e-03
   2.3075528e-02
   1.8641789e-02
   2.0150891e-02
   5.7303183e-02
   9.3398333e-02
   6.1971355e-02
   3.3972319e-02
   5.3914934e-02
   4.9278799e-02
   4.9845047e-02
   3.8373761e-02
   2.9623020e-02
   2.5023868e-02
   5.9710197e-02
   4.6781395e-02
   2.2988237e-02
   4.2605530e-02
   2.9971069e-02
   1.8915422e-02
   3.0722611e-02
   3.8268816e-02
   3.7001088e-02
   2.4241284e-02
   2.9768074e-02
   4.6915799e-02
   2.3840746e-02
   2.9838737e-02
   2.7505687e-02
   1.9757476e-02
   4.6567883e-02
   3.7629355e-02
   2.6804287e-02
   2.2154896e-02
   4.2844757e-02
   2.6366647e-02
   3.4769803e-02
   3.6529288e-02
   2.6215717e-02
   2.3054233e-02
   5.1797014e-02
   3.5201434e-02
   4.3586332e-02
   3.6640622e-02
   2.6483813e-02
   2.9025812e-02
   1.8822381e-02
   1.6498545e-02
  -4.2811371e-03
   3.4776639e-02
   2.4659783e-02
   2.2865370e-02
   3.2026000e-02
   6.8833634e-02
   6.4003818e-02
   2.1778334e-02
   3.3587787e-02
   4.2809967e-02
   3.2727122e-02
   3.2832433e-02
   4.9322966e-02
   4.3551002e-02
   2.6082708e-02
   4.9515799e-02
   7.4451253e-02
   7.7922486e-02
   6.3412957e-02
   3.1426221e-02
   3.6227044e-02
   5.3577591e-02
   4.2530641e-02
   4.3692462e-02
   4.1703928e-02
   3.8318448e-02
   2.4940571e-02
   6.4972557e-02
   8.0570616e-02
   6.4317130e-02
   1.7460268e-02
   2.1232080e-02
   5.3438440e-02
   4.5482781e-02
   4.9352273e-02
   4.0849157e-02
   4.2392910e-02
   3.8492985e-02
   2.9214371e-02
   4.8189271e-02
   5.5098392e-02
   5.4372810e-02
   3.3786163e-02
   4.2700782e-02
   3.1914473e-02
   9.8531907e-03
  -2.6311153e-03
   8.9677414e-03
   1.2462677e-02
   3.7569541e-02
   3.7193440e-02
   2.9241854e-02
   2.6435019e-02
   4.4767495e-02
   4.2951170e-02
   4.0784784e-02
   2.8131334e-02
   2.7652554e-02
   4.9115054e-02
   4.9565498e-02
   5.0932653e-02
   6.5943621e-02
   5.1445544e-02
   2.9994480e-02
   4.8089877e-02
   4.0151354e-02
   1.5152381e-02
   3.9366253e-02
   4.7486652e-02
   3.3444975e-02
   6.9488220e-02
   5.8442786e-02
   5.3684998e-02
   5.5280495e-02
   2.3358539e-02
   3.7775766e-02
   3.6282025e-02
   2.2604268e-02
   3.1056006e-02
   1.0540096e-02
   3.1309776e-02
   3.7223857e-02
   1.9096760e-02
   3.3350024e-02
   5.4696672e-02
   3.7881318e-02
   3.7577476e-02
   4.0331524e-02
   5.5327579e-02
   4.2390648e-02
   5.4057110e-02
   4.7442652e-02
   6.2206052e-02
   9.7376302e-02
   8.0661394e-02
   4.6140742e-02
   3.9038081e-02
   7.1544754e-03
   1.7089402e-02
   4.9308229e-02
   6.6243544e-02
   5.0882660e-02
   4.8197903e-02
   7.9070434e-02
   5.1516291e-02
   4.3790191e-02
   3.8527582e-02
   2.4374001e-02
   3.6260400e-02
   3.5852883e-02
   2.8297577e-02
   5.1345300e-02
   3.0969435e-02
   1.7541740e-02
   3.0326229e-02
   3.2137379e-02
   1.9754980e-02
   4.5595389e-02
   3.0791689e-02
   3.8290855e-02
   4.2357858e-02
   5.2063424e-02
   1.2231458e-02
   2.8425856e-02
   4.2690039e-02
   6.9741152e-02
   8.5281894e-02
   4.0563703e-02
   3.0531652e-02
   3.4139369e-02
   4.7082726e-02
   5.0949529e-02
   2.9359244e-02
   1.2043761e-02
   2.7006878e-02
   5.7114650e-02
   5.1076218e-02
   5.5343013e-02
   4.7512323e-02
   2.6670076e-02
   2.7222041e-02
   4.4771843e-02
   4.8155162e-02
   6.3491981e-03
   1.5806325e-02
   2.2758074e-02
   6.2083080e-02
   6.6790447e-02
   4.6114340e-02
   2.7887469e-02
   4.4213817e-02
   6.4720437e-02
   3.2285269e-02
   3.9047398e-02
   3.8599566e-02
   1.6259307e-02
   3.7467618e-02
   5.3044755e-02
   5.3168595e-02
   6.2060937e-02
   4.4568080e-02
   1.0576960e-01
   1.5623483e-01
   8.2807459e-02
   1.6419146e-02
   2.6571473e-02
   4.1801821e-02
   4.7491230e-02
   4.2088009e-02
   5.2984811e-02
   2.3604412e-02
   2.8325308e-02
   3.9501406e-02
   6.5627411e-02
   6.5684140e-02
   4.9647342e-02
   3.3636585e-02
   3.0175272e-02
   3.0177083e-02
   3.9116230e-02
   3.1974640e-02
   5.1293600e-02
   5.0644010e-02
   1.6921751e-02
   2.8824197e-02
   5.7974000e-02
   4.0527493e-02
   4.7707636e-02
   3.7713490e-02
   3.8822211e-02
   2.7567044e-02
   3.3616122e-02
   3.9307967e-02
   2.5411587e-02
   3.1218171e-02
   3.5166685e-02
   4.6750944e-02
   3.5397071e-02
   3.0081496e-02
   2.9345909e-02
   1.8556427e-02
   2.5529474e-02
   5.5105980e-02
   5.6396313e-02
   8.2477726e-02
   4.3061312e-02
   1.4428744e-02
   2.4142694e-02
   5.4526396e-02
   4.3404538e-02
   3.2263558e-02
   3.3120893e-02
   4.3433398e-02
   2.5688896e-02
   1.3037705e-02
   6.8208911e-02
   6.7878261e-02
   5.9389327e-02
   4.3749139e-02
   2.7755223e-02
   1.3403187e-02
   1.0603186e-04
   1.3618070e-02
   2.0493640e-02
   2.4429133e-02
   5.4228999e-02
   6.5815680e-02
   8.5965052e-02
   5.5826776e-02
   4.9338512e-02
   1.0610202e-03
   3.0740891e-02
   7.3016793e-02
   7.0936777e-02
   7.4429616e-02
   6.5250553e-02
   5.7825461e-02
   2.5009640e-02
   1.8112607e-02
   3.4162391e-02
   6.2614843e-02
   2.0477694e-02
   2.1693259e-02
   7.6571554e-02
   5.3775046e-02
   5.9648458e-02
   2.8153531e-02
   1.1245590e-02
   6.1488979e-02
   6.0602013e-02
   2.8170703e-02
   3.6484599e-02
   3.3305973e-02
   4.2160504e-02
   4.2110559e-02
   3.4377970e-02
   2.1266604e-02
   4.4423185e-02
   4.8648663e-02
   3.1883921e-02
   3.4370564e-02
   2.6051234e-02
   2.7526697e-02
   1.3941783e-02
   4.2993952e-02
   3.8883794e-02
   4.1080069e-02
   3.3320352e-02
   3.6608897e-02
   1.7681194e-02
   2.6281152e-02
   1.2584714e-02
   3.6939222e-02
   8.2257930e-03
   3.1443641e-02
   8.4216513e-02
   6.5619998e-02
   7.5886793e-02
   9.3959749e-02
   1.2551500e-01
   9.0345874e-02
   2.9266670e-02
   1.7017109e-02
   3.9500192e-02
   5.5829208e-02
   7.3792219e-02
   4.2510118e-02
   6.0853187e-02
   4.8897743e-02
   6.4409584e-02
   2.4903238e-02
   1.4413914e-02
   3.0755766e-02
   3.8620736e-02
   6.9977172e-02
   3.0070225e-02
   2.2377808e-02
   2.0159720e-02
   7.6460816e-02
   5.0538119e-02
   4.4565737e-02
   5.8185425e-02
   3.8279545e-02
   2.7108805e-02
   3.9738826e-02
   2.1360133e-02
   2.7421588e-02
   2.2935802e-02
   2.8958766e-02
   1.1293001e-02
   4.2619612e-02
   1.9566074e-02
   2.5711309e-02
   6.6530198e-02
   6.5740384e-02
   3.6002152e-02
   5.4078568e-02
   5.0736953e-02
   3.3106614e-02
   4.2229332e-02
   4.9871899e-02
   5.3153500e-02
   5.4317378e-02
   3.2721888e-02
   3.6724668e-02
   2.0247255e-02
   1.8345501e-02
   3.7757520e-02
   3.1206407e-02
   2.5483239e-02
   4.9057152e-02
   5.9958514e-02
   5.4207250e-02
   4.7945715e-02
   3.2068241e-02
   7.2495207e-02
   2.0536719e-01
   1.5637061e-01
   6.4572081e-02
   1.9077923e-02
   1.9698141e-02
   2.5054418e-02
   2.8953115e-02
   2.8056651e-02
   2.3117663e-02
   2.5879417e-02
   4.4836435e-02
   4.7474962e-02
   5.1202554e-02
   4.4400126e-02
   4.0934078e-02
   3.2244284e-02
   5.5761486e-02
   4.7700364e-02
   2.7788272e-02
   2.8730454e-02
   3.4760308e-02
   4.6067644e-02
   3.1040737e-02
   3.5940968e-02
   4.0965453e-02
   5.9748709e-02
   3.5075217e-02
   3.0351097e-02
   1.3887302e-02
   2.1281529e-02
   1.2451859e-02
   4.5580130e-02
   4.0477850e-02
   4.8542481e-02
   3.1963814e-02
   3.0920533e-02
   4.2147491e-02
   5.8231276e-02
   7.8916989e-02
   8.0107510e-02
   2.6829574e-02
   2.8896630e-02
   3.1927027e-02
   9.2988713e-03
   4.4278961e-02
   1.6104838e-02
   5.4277375e-02
   4.9887300e-02
   4.4291127e-02
   5.1604062e-02
   3.5648894e-02
   2.7693413e-02
   4.5418385e-02
   2.8380230e-02
   2.5186559e-02
   2.8332157e-02
   1.6409844e-02
   3.0876396e-02
   4.5200903e-02
   4.7991470e-02
   4.8838872e-02
   4.6737362e-02
   3.9328642e-02
   3.7225343e-02
   2.6067844e-02
   1.7202243e-02
   1.5976716e-02
   3.9444190e-02
   2.5366465e-02
   2.9777691e-02
   4.6097752e-02
   3.4450114e-02
   2.8860414e-02
   4.5472905e-02
   5.2669726e-02
   6.7572236e-02
   6.1788250e-02
   1.9428916e-02
   3.2169923e-02
   3.1332493e-02
   6.9024824e-02
   8.4576413e-02
   5.6753255e-02
   5.8342133e-02
   4.6713073e-02
   3.9112076e-02
   2.3849091e-02
   2.2218283e-02
   2.7498083e-02
   3.8134977e-02
   4.5516826e-02
   2.8211392e-02
   2.3690501e-02
   5.0768979e-02
   3.0022964e-02
  -2.3796356e-03
   2.3170637e-02
   5.8738314e-02
   4.9973633e-02
   3.1862881e-02
   2.3165306e-02
   1.6220666e-02
   2.6405254e-02
   3.0788044e-02
   2.8310539e-02
   4.5339935e-02
   4.9772751e-02
   5.1419333e-02
   4.2875171e-02
   4.1229274e-02
   3.0097317e-02
   2.7369417e-02
   3.2988496e-02
   3.8541548e-02
   3.3075571e-02
   2.8400356e-02
   4.8487708e-02
   6.2978528e-02
   6.5392792e-02
   5.6262810e-02
   2.7265243e-02
   3.3174682e-02
   1.5919988e-01
   2.1368970e-01
   1.1813503e-01
   3.4928989e-02
   3.9639119e-02
   2.0846978e-02
   2.2351088e-02
   6.9793814e-04
   5.4645255e-02
   4.9819857e-02
   2.8456254e-02
   1.5685601e-02
   1.0455543e-02
   6.1239317e-02
   5.8675293e-02
   4.4242058e-02
   1.7052693e-02
   4.9315598e-02
   5.4545004e-02
   4.8334643e-02
   3.4227464e-02
   2.7590336e-02
   5.1861562e-02
   1.2209010e-01
   1.6011454e-01
   1.2212856e-01
   1.0030793e-01
   6.3376799e-02
   4.4175692e-02
   3.0411392e-02
   5.9366573e-02
   9.9589072e-02
   1.3653405e-01
   7.2882950e-02
   2.6374493e-02
  -2.1773083e-02
  -7.1366034e-03
   5.5424254e-02
   6.9713213e-02
   3.8862068e-02
   2.9598041e-02
   1.2215384e-02
  -1.5798811e-02
  -4.0193081e-02
  -1.8928966e-02
   8.0054730e-02
   1.3346688e-01
   7.1934387e-02
   2.3889076e-02
   1.1282290e-02
   8.3265483e-02
   3.4531006e-01
   3.7312073e-01
   2.2349940e-01
   2.0324063e-01
   1.7667343e-01
   9.8122172e-02
   5.3314179e-02
   2.4068621e-01
   1.0427061e+00
   1.3985124e+00
   7.4446917e-01
   2.1253248e-01
   1.4366901e-01
   1.7197286e+00
   5.6983848e+00
   5.2594900e+00
   2.2707527e+00
   6.0193551e-01
   1.5365459e-01
   7.4833952e-02
   2.8431094e-01
   9.5530891e-01
   1.0240084e+00
   5.5672538e-01
   2.0266463e-01
   4.4430289e-02
   9.5427327e-02
   1.7711443e-01
   3.5200834e-01
   3.1610063e-01
   1.2977053e-01
   7.7296212e-02
   1.0657033e-01
   6.6304654e-02
   8.4125221e-02
   1.3847634e-01
   2.6361489e-01
   3.9973930e-01
   2.0889452e-01
   4.3199223e-02
   3.1273384e-02
   9.3893990e-02
   7.3578127e-02
   5.0823987e-02
   4.8983645e-02
   1.9165846e-02
   2.3742767e-02
   7.3305666e-02
   2.1797713e-02
   3.4908295e-02
   3.2734267e-02
   6.3631356e-02
   3.3249404e-02
  -1.4996544e-03
   4.5230962e-02
   7.1128607e-02
   5.0403472e-02
  -4.7350852e-03
  -6.2792660e-03
   6.4985827e-02
   1.8471478e-01
   1.9844495e-01
   6.4574748e-02
   6.7382075e-02
   2.8118181e-01
   4.3938187e-01
   2.3881388e-01
   1.1023667e-01
   1.1840475e-01
   1.6623795e-01
   1.1462117e-01
   6.6595204e-02
   7.1499921e-02
   1.3822454e-01
   5.3294879e-01
   5.8732486e-01
   2.5430262e-01
   1.1411480e-01
   3.4816116e-02
   3.7140094e-02
   5.7230117e-03
   7.9854794e-02
   1.1768056e-01
   7.2208047e-02
   1.7981730e-02
   2.2966174e-02
   3.5426248e-02
   5.7910938e-02
   7.9928018e-02
   6.4108729e-02
   1.4823861e-02
   2.2316696e-02
   3.7423607e-02
   3.4537509e-02
   8.9015529e-02
   7.1383268e-02
   3.3689562e-02
   6.5649167e-02
   7.9595685e-02
   5.0575789e-02
   6.3670345e-02
   6.6760659e-02
   8.6841598e-02
   4.5160480e-02
   3.5092730e-02
   6.1289769e-02
   5.7996113e-02
   4.4937972e-02
   5.8276743e-02
   7.0729546e-02
   2.4335643e-02
   2.2354942e-02
   2.9904265e-02
   4.8203576e-02
   5.4536115e-02
   9.2853189e-02
   8.8441655e-02
   3.4125920e-02
   3.1900134e-02
   9.4368704e-02
   1.1171005e-01
   1.0757178e-01
   1.0750238e-01
   7.8620583e-02
   6.3045964e-02
   5.1128041e-02
   6.8740189e-02
   2.1075536e-01
   3.5329986e-01
   2.4809617e-01
   1.2694533e-01
   9.0210333e-02
   3.2004660e-01
   1.3244379e+00
   1.5085307e+00
   7.2350329e-01
   2.3732038e-01
   6.8439640e-02
   3.8833734e-02
   6.8494432e-02
   2.4883902e-01
   3.0636877e-01
   1.8296652e-01
   8.1306808e-02
   2.4245929e-02
   2.2187661e-02
   7.7232055e-02
   9.8726094e-02
   9.7858101e-02
   5.3121805e-02
   4.8736565e-02
   6.0764357e-02
   7.5788304e-02
   6.3473880e-02
   6.5772906e-02
   6.0994752e-02
   5.3322326e-02
   4.4991594e-02
   3.6125116e-02
   2.6778949e-02
   7.3439687e-02
   4.9174957e-02
   3.6728323e-02
   4.2418726e-02
   6.9462724e-02
   6.4047225e-02
   2.2314638e-02
   2.6689108e-02
   3.5573613e-02
   5.4225419e-02
   4.0838316e-02
   2.8645273e-02
   3.2712579e-02
   3.8644847e-02
   6.2217675e-02
   1.8397106e-02
   2.1489173e-02
   7.1180046e-02
   1.0452209e-01
   4.9937431e-02
   5.8912776e-02
   7.6654921e-03
   3.1323355e-02
   7.6361187e-02
   6.4808950e-02
   5.4642923e-02
   6.6871665e-02
   1.0962537e-01
   7.8935303e-02
   5.2510541e-02
   2.4976075e-02
   6.4838782e-02
   1.9716938e-01
   2.3489706e-01
   1.1721801e-01
   5.9018690e-02
   2.3376359e-02
   3.8234387e-02
   4.6112847e-02
   6.6276915e-02
   5.2572895e-02
   4.5109060e-02
   5.1560003e-02
   4.5524687e-02
   3.5912480e-02
   3.0556412e-02
   3.6748104e-02
   4.6098802e-02
   4.7566071e-02
   2.1206301e-02
   8.1293117e-03
   5.4856855e-04
   2.1884877e-02
   7.5422384e-02
   6.6469818e-02
   4.3688886e-02
   5.1731434e-02
   8.0367271e-03
   9.7033586e-03
   2.9859390e-02
   6.3318849e-02
   4.3900423e-02
   2.5014056e-02
   3.5357878e-02
   4.4913266e-02
   5.7797600e-02
   2.3476470e-02
   3.6910918e-02
   4.1621841e-02
   5.2340053e-02
   4.4431772e-02
   2.1616627e-02
   2.6713625e-02
   3.4895416e-02
   3.9665069e-02
   1.9147580e-02
   4.1116264e-02
   3.5551962e-02
   4.0037557e-03
   2.1639144e-02
   4.4648107e-02
   4.8439156e-02
   5.1097207e-02
   5.1104803e-02
   2.1193845e-02
   2.6558490e-02
   1.3889011e-02
   4.1938584e-02
   3.1314772e-02
   2.7532903e-02
   4.8956983e-02
   7.0784800e-02
   4.6913840e-02
   5.1379759e-02
   3.5273880e-02
   4.1404452e-02
   5.6462899e-02
   5.5825412e-02
   1.2362126e-02
   3.0707940e-02
   3.0421285e-02
   2.2379262e-02
   5.8957327e-02
   8.6938366e-02
   5.6290038e-02
   5.1138971e-02
   1.9353699e-02
   2.5920788e-02
   1.4683701e-02
   1.3616908e-02
   6.2884409e-03
   1.2586121e-02
   1.1689828e-02
   3.6592092e-02
   6.5961286e-02
   4.6635926e-02
   5.9777655e-02
   1.0707111e-02
   6.5703518e-03
   3.8697228e-02
   4.1767549e-02
   3.8064331e-02
   3.9810896e-02
   5.8114193e-02
   3.8760778e-02
   3.4950338e-02
   4.2907543e-02
   3.5505455e-02
   2.8051561e-02
   3.6639832e-02
   4.7862716e-02
   2.9034864e-02
   3.0200854e-02
   3.6427457e-02
   3.5615426e-02
   3.2931209e-02
   6.0456395e-02
   4.5593426e-02
   1.0759739e-02
   2.5745498e-02
   4.1970886e-02
   2.7367322e-02
   3.8006660e-02
   5.1166933e-02
   4.2409074e-02
   3.2887813e-02
   2.9881246e-02
   3.9732441e-02
   2.9265998e-02
   4.7705166e-02
   2.1265909e-02
   4.6248928e-02
   4.5217969e-02
   5.4454394e-03
   4.5237835e-02
   5.2414533e-02
   5.0542884e-02
   3.5477467e-02
   3.2026261e-02
   4.1928068e-02
   5.3393081e-02
   4.7000535e-02
   6.2699281e-02
   3.1052465e-02
   6.5435586e-03
   3.6975339e-02
   2.4540637e-02
   3.4876883e-02
   3.1314380e-02
   4.4973329e-02
   4.1058507e-02
   9.8736892e-03
   2.0987030e-02
   7.2926417e-02
   8.1629254e-02
   1.0323817e-02
   2.7730497e-02
   4.8829272e-02
   5.7798073e-02
   1.6861007e-02
   4.7556937e-02
   4.2597376e-02
   6.9352202e-03
   4.2685445e-02
   4.0634695e-02
   5.6309164e-02
   8.0101989e-02
   9.5787100e-02
   7.2152577e-02
   5.2375127e-02
   6.0940366e-02
   7.9036035e-02
   7.6465786e-02
   8.1682794e-02
   8.1198715e-02
   1.1891057e-01
   1.1732969e-01
   6.5697588e-02
   5.5910610e-02
   8.3020821e-02
   8.9061432e-02
   5.1475585e-02
   3.3651885e-02
   2.5584899e-02
   6.5991774e-02
   9.3386248e-02
   4.7221929e-02
   2.3427209e-02
   7.0551664e-02
   1.3270520e-01
   1.5921509e-01
   1.1704135e-01
   1.7444054e-02
   4.3232022e-03
   9.8066695e-02
   1.5604237e-01
   1.0410085e-01
   3.9159868e-02
   6.8688311e-02
   2.9318970e-01
   4.1361427e-01
   2.8498498e-01
   1.2039802e-01
   7.1516588e-02
   1.1540048e-01
   7.9839550e-02
   2.6927458e-02
   1.6802751e-02
   4.5894034e-02
   8.6610705e-02
   7.8300126e-02
   6.1370566e-02
   9.5170259e-02
   1.1532675e-01
   8.2095094e-02
   6.5548487e-02
   6.2627934e-02
   4.9421038e-02
   2.7124092e-02
   5.9743249e-04
   1.3104829e-02
   3.0012585e-03
   3.2993093e-02
   2.0649804e-02
   3.1137707e-02
   7.9198718e-02
   5.6995153e-02
   4.0815771e-02
   3.8790110e-02
   3.7031598e-02
   2.6396489e-02
   2.0484850e-02
   1.9184276e-02
   3.8804278e-02
   3.7212566e-02
   3.6932867e-02
   4.0897500e-02
   6.3121580e-02
   3.4712728e-02
   3.7369017e-02
   7.1950026e-02
   6.1999571e-02
   4.5910396e-02
   6.5411881e-02
   5.2011520e-02
   8.0386482e-02
   1.0730992e-01
   4.5214403e-02
   4.1928641e-02
   3.6057279e-02
   5.3232737e-02
   7.7215657e-02
   6.1459161e-02
   2.3598857e-02
   4.4022132e-02
   5.7562973e-02
   5.4539561e-02
   2.8135231e-02
   4.7613766e-02
   7.8359269e-02
   9.5706232e-02
   6.7499645e-02
   5.5060968e-02
   2.7835784e-02
   4.0516462e-02
   6.8888627e-02
   6.0791317e-02
   3.8657475e-02
   3.3274058e-02
   1.7369188e-02
   2.7264792e-02
   1.9930914e-02
   3.7616953e-02
   3.7703838e-02
   2.9385380e-02
   3.3078074e-02
   3.1862454e-03
   3.3317469e-02
   4.1868951e-02
   7.2972611e-02
   5.9903864e-02
   4.3836862e-02
   5.7160292e-02
   6.0711797e-02
   4.2898577e-02
   4.9783751e-02
   5.9996583e-02
   8.1850821e-03
   1.5801122e-02
   3.8727272e-02
   4.5408450e-02
   6.2643908e-02
   5.3433016e-02
   3.1592276e-02
   1.4276357e-02
   2.5740961e-02
   3.3224229e-02
   3.1837124e-02
   5.4027177e-02
   4.7573302e-02
   4.3501329e-02
   6.0989778e-02
   5.0529644e-02
   4.4448245e-02
   3.1573627e-02
   2.7108841e-02
   6.6959448e-02
   4.8100512e-02
   3.0572655e-02
   1.0072297e-02
   2.0657651e-02
   7.2755046e-02
   7.6728404e-02
   4.0793326e-02
   3.5059050e-02
   2.5432196e-02
   5.1489633e-02
   5.0836574e-02
   2.5019333e-02
   5.4472531e-03
   1.3203027e-02
   2.5195168e-02
   4.2748962e-02
   5.7751220e-02
   3.8899470e-02
   3.2547459e-02
   3.5576694e-02
   4.0476501e-02
   4.4829309e-02
   3.7371468e-02
   2.7183343e-02
   3.0483503e-02
   3.3069719e-02
   2.4929173e-02
   4.0371187e-02
   4.5490023e-02
   2.2274083e-02
   1.3999623e-02
   2.7483301e-02
   4.8971821e-02
   3.6833439e-02
   4.3172725e-02
   7.6737307e-02
   5.4924566e-02
   3.0694081e-02
   1.6211845e-02
   3.4209106e-02
   4.3548413e-02
   1.9743631e-02
   3.9351031e-02
   3.4136932e-02
   2.4911914e-02
   2.9344017e-02
   3.2598346e-02
   3.1221798e-02
   4.9932975e-02
   6.0786821e-02
   4.8981220e-02
   5.0439816e-02
   3.2104608e-02
   3.2066356e-02
   4.3036267e-02
  -2.4449041e-03
  -1.4876300e-02
   5.4653231e-02
   5.1848873e-02
   5.7794739e-02
   3.7291080e-02
   6.0643826e-02
   3.8262591e-02
   3.5948060e-02
   3.8768977e-02
   5.2605215e-02
   5.5471152e-02
   4.6374794e-02
   6.1492573e-02
   6.0805347e-02
   7.7454157e-02
   5.9400976e-02
   3.3106301e-02
   1.8903717e-02
   1.1859239e-02
   1.6897131e-02
   3.5035100e-02
   4.6585534e-02
   2.8780552e-02
   9.2499349e-03
   1.0132537e-02
   4.2280212e-02
   5.2563533e-02
   7.0486948e-02
   2.2209631e-02
   2.3194937e-02
   4.6074484e-02
   3.4306925e-02
   2.6193136e-02
   1.8156461e-02
   4.0655218e-02
   6.5907866e-02
   5.6477312e-02
   3.2350462e-02
   4.0840343e-02
   3.3307310e-02
   4.8630115e-02
   4.6237361e-02
   2.5257757e-02
   2.1364493e-02
   2.8588779e-02
   4.2186342e-02
   6.5092556e-02
   7.0272341e-02
   3.2597575e-02
   5.5199910e-02
   1.2206805e-02
   1.6482063e-02
   1.2639640e-02
   2.4044765e-02
   2.1692693e-02
   5.3119626e-02
   6.5219507e-02
   5.2584611e-02
   5.1714409e-02
   6.5533005e-02
   2.6280673e-02
   2.6348894e-02
   2.3494296e-02
   1.4528831e-02
   1.2087906e-02
  -7.5760456e-03
   1.4090802e-02
   3.4809530e-02
   4.2702697e-02
   3.2038283e-02
   1.3158477e-02
   1.1075201e-02
   1.5787911e-02
   1.6631771e-02
   2.9284403e-02
   3.8906671e-02
   4.3032240e-02
   3.5258535e-02
   2.7221626e-02
   4.0439311e-02
   4.4489861e-02
   3.5982169e-02
   1.8807516e-02
   4.5028407e-02
   6.9708742e-02
   5.1815413e-02
   2.5159162e-02
   4.9127765e-02
   3.3131786e-02
   3.6038253e-02
   1.4211924e-02
   1.3725085e-02
   7.3950766e-03
   2.8981173e-02
   3.8569357e-02
   2.5146144e-02
   4.4835169e-02
   2.9151270e-02
   2.0226717e-02
   2.4259618e-02
   2.6003579e-02
   1.6557990e-02
   1.8539509e-02
   1.7670756e-02
   2.0621067e-02
   2.3909952e-02
   3.5650279e-02
   2.0699563e-02
   3.4550991e-02
   3.2748837e-02
   2.7271546e-02
   2.9451959e-02
   3.2114517e-02
   6.7636028e-02
   4.3455973e-02
   2.6600832e-02
   3.4735736e-02
   4.8273478e-02
   2.7739177e-02
   2.2319445e-02
   4.7379803e-02
   4.8929367e-02
   4.7185779e-02
   5.5892080e-02
   3.2844786e-02
   5.9200734e-02
   3.5968956e-02
   1.6627166e-02
   8.4048603e-03
   6.4556804e-03
   9.7468747e-03
   2.6846921e-02
   2.5951324e-02
   5.8485817e-02
   5.9985667e-02
   2.8974092e-02
   3.3856113e-02
   4.1920729e-02
   3.9451752e-02
   2.5077332e-02
   2.6813192e-02
   6.3513465e-02
   6.6906951e-02
   3.9934352e-02
   2.3234062e-02
   3.0356368e-02
   6.1570112e-02
   3.4531124e-02
   2.1818090e-04
   6.7091715e-03
   5.1696072e-03
   3.2388482e-02
   2.8434467e-02
   4.7272988e-02
   4.2726170e-02
   2.1999763e-02
   3.3425018e-02
   4.2104591e-02
   3.1429254e-02
   3.7796237e-02
   2.8461546e-02
   2.8453926e-02
   4.5209680e-02
   1.9687675e-02
   1.6364450e-02
   3.5914164e-02
   4.8640113e-02
   5.1822819e-02
   3.6159068e-02
   3.5719994e-02
   2.1347499e-02
   2.2962140e-02
   3.6419071e-02
   3.9484915e-03
   2.9467715e-02
   1.9424515e-02
   2.1514369e-02
   2.9313663e-02
   3.5799965e-02
   2.6941674e-02
   3.4708824e-02
   2.2514803e-02
   1.7086266e-02
   2.7292697e-02
   3.2456566e-02
   3.7667498e-02
   3.1724479e-02
   2.8401501e-02
   1.5909530e-02
   3.0603956e-02
   3.5247989e-02
   2.7273502e-02
   4.4169512e-02
   1.2739995e-02
   2.4218528e-02
   2.6618553e-02
   4.8586380e-02
   3.2144383e-02
   3.8767196e-02
   4.2129099e-02
   1.5154405e-02
   7.9308823e-03
   4.4963751e-02
   6.1545655e-02
   2.8952869e-02
   2.9517826e-02
   3.8059089e-02
   3.8401499e-02
   5.3589609e-02
   4.6617802e-02
   7.2864160e-02
   5.5051420e-02
   4.1421294e-02
   1.7860480e-02
   5.4285020e-02
   7.6058522e-02
   6.4652555e-02
   4.5887228e-02
   3.4529775e-02
   7.6035887e-02
   7.6620765e-02
   3.0795263e-02
   1.8343486e-02
   4.2754143e-02
   2.3719095e-02
   1.9209372e-02
   2.7317967e-02
   2.6773822e-02
   4.3152578e-02
   2.7953666e-02
   5.2844238e-02
   3.4804124e-02
   6.2691323e-02
   4.2082597e-02
   4.4223089e-02
   3.9991926e-02
   5.5903740e-02
   5.5033226e-02
   4.0294662e-02
   3.7024565e-02
   2.4042834e-02
   3.8939785e-02
   3.5354741e-02
   2.2127224e-02
   3.7138574e-02
   4.5237042e-02
   6.2861615e-03
   2.0614879e-02
   5.6280424e-03
   5.3022794e-02
   2.8743902e-02
   5.1276736e-02
   4.2967513e-02
   1.6681019e-02
   2.1923210e-02
   2.8289793e-02
   2.2057639e-02
   1.7765742e-02
   2.5395991e-02
   1.2707367e-02
   3.2220192e-02
   3.1086046e-02
   4.4452365e-02
   2.0601738e-02
   2.1583430e-02
   4.8707835e-02
   3.4439616e-02
   3.0954381e-02
   2.5145745e-02
   1.1157964e-02
   2.6752530e-02
   3.5321597e-02
   5.1246535e-02
   3.9258141e-02
   3.7944268e-02
   3.6881112e-02
   1.7596293e-02
   1.0243226e-02
   2.5766699e-02
   6.1226651e-02
   5.2782383e-02
   3.7609443e-02
   4.0128630e-02
   2.4516573e-02
   2.1794444e-02
   1.7142488e-02
   3.4139468e-03
   2.0632554e-02
   2.9950764e-02
   3.8816884e-02
   1.9495791e-02
   3.9237797e-02
   2.8528694e-02
   1.9922508e-02
   1.0111749e-02
   1.9783525e-02
   2.7743245e-02
   9.2449188e-03
   3.1070510e-02
   3.5155058e-02
   2.9690640e-02
   1.6653679e-02
   2.4220577e-02
   3.4504097e-02
   2.8372284e-02
   4.0390573e-02
   4.7026746e-02
   5.2564956e-02
   4.4874549e-02
   6.5012542e-03
   6.0051206e-02
   7.5062670e-02
   9.3156353e-02
   6.2562749e-02
   3.2957159e-02
   2.5957089e-02
   2.1588519e-02
   3.6281280e-02
   4.5747060e-02
   1.2413877e-02
   3.3276759e-02
   2.8828934e-02
   2.1059800e-02
   3.4799643e-02
   4.0603936e-02
   4.0304191e-02
   4.7237348e-02
   3.1720128e-02
   2.5165237e-02
   2.3820158e-02
   1.9356869e-02
   9.4703799e-03
   2.6737319e-02
   3.5191592e-02
   4.0573809e-02
   2.0812172e-02
   3.4893204e-02
   2.9017527e-02
   2.4226869e-02
   3.6059830e-02
   1.0018040e-02
   4.5949472e-03
   2.3972550e-02
   2.6420351e-02
   1.4655286e-02
   1.9870069e-02
   1.8407503e-02
   3.5378780e-02
   5.2553065e-02
   6.4053982e-02
   2.1776881e-02
   9.5558604e-03
   1.6592767e-02
   3.0167559e-02
   3.2146912e-02
   2.9029744e-02
   3.0809186e-02
   1.4201622e-02
   2.6290240e-02
   5.1578317e-02
   4.0306553e-02
   2.8160241e-02
   5.4791220e-02
   4.1751891e-02
   2.7037788e-02
   2.5550826e-02
   1.4889490e-02
   2.1408124e-02
   3.0262103e-02
   2.8344994e-02
   3.3882014e-02
   4.6049885e-02
   3.2566644e-02
   4.3405607e-02
   4.6955772e-02
   4.3515444e-02
   4.4948932e-02
   5.3755414e-02
   3.8275234e-02
   1.7910173e-02
   5.3623505e-03
   1.7623790e-02
   3.4665499e-02
   3.9847296e-02
   3.7507333e-02
   5.9093874e-02
   6.1036583e-02
   1.6851947e-02
   5.2082766e-02
   6.8615638e-02
   3.0401839e-02
   3.8379632e-02
   4.7813892e-02
   3.4189846e-02
   4.4615060e-02
   3.6439866e-02
   4.9867734e-02
   3.9374035e-02
   3.6508642e-02
   3.3788618e-02
   4.0888481e-02
   4.3853231e-02
   4.8091836e-02
   6.8706825e-02
   5.7563089e-02
   2.6451185e-02
   2.9001726e-02
   1.5054120e-02
   2.0582840e-02
   3.6886148e-02
   2.9446723e-02
   3.3275489e-02
   2.5918325e-02
   5.1281847e-02
   4.1758247e-02
   2.4281893e-02
   1.3371138e-02
   3.0929117e-02
   2.8281121e-02
   2.0412214e-02
   3.2780748e-02
   3.6528695e-02
   2.5026627e-02
   4.3248028e-02
   2.1125322e-02
   3.8380403e-02
   6.8192787e-02
   4.0432815e-02
   2.3910228e-02
   4.2623404e-02
   5.1380832e-02
   3.1480111e-02
   3.7878972e-02
   5.7827838e-02
   3.6716484e-02
   3.4570348e-02
   2.1020230e-02
   4.2784382e-02
   5.4716352e-02
   4.2220902e-02
   4.4830684e-02
   5.9589453e-02
   5.7887767e-02
   2.3639416e-02
   3.4734856e-02
   2.9332466e-02
   2.5808180e-02
   4.4453613e-02
   5.1941656e-02
   3.8642172e-02
   5.1093407e-02
   3.4907140e-02
   4.2688619e-02
   3.0558664e-02
   3.6657672e-02
   3.2950468e-02
   2.4637016e-02
   2.4875604e-02
   3.3297561e-02
   2.5087342e-02
   1.9809801e-02
   5.6338403e-02
   1.8989250e-02
   1.7725330e-02
   1.2656383e-02
   4.4009626e-02
   6.5893173e-02
   5.3546220e-02
   2.9083332e-02
   2.9824173e-02
   4.5765258e-02
   2.4817297e-02
   1.9100012e-02
   2.0994173e-02
   3.0689796e-02
   3.1351060e-02
   2.7719539e-02
   3.4536313e-02
   3.7806775e-02
   4.2367812e-02
   3.3823773e-02
   3.7225503e-02
   3.3390697e-02
   2.6025781e-02
   2.9079568e-02
   9.1547901e-03
   2.2227507e-02
   1.6090091e-02
   2.5943685e-02
   4.7555719e-02
   5.0155964e-02
   3.8820352e-02
   3.6983460e-02
   3.2041509e-02
   2.4742266e-02
   2.0421915e-02
   2.2502257e-02
   4.6279360e-02
   9.2182085e-02
   7.1734563e-02
   4.5259718e-02
   3.3913020e-02
  -6.1972410e-04
   5.7219092e-02
   4.7820456e-02
   4.8806451e-02
   4.9265731e-02
   3.9519046e-02
   4.1069243e-02
   4.0531617e-02
   1.6987130e-02
   4.2585243e-02
   6.9052748e-02
   4.4150878e-02
   4.8593108e-02
   2.8616225e-02
   3.0049246e-02
   3.3137243e-02
   4.3233607e-02
   2.2463908e-02
   2.0070754e-02
   4.7389418e-02
   2.9643640e-02
   1.7110463e-02
   2.9070854e-02
   5.9883684e-02
   4.9657464e-02
   5.0729249e-02
   4.4496190e-02
   2.8838959e-02
  -6.3894466e-03
   8.9445645e-03
   3.2544859e-02
   4.1004412e-02
   4.4750720e-02
   5.3086620e-02
   3.3848070e-02
   2.4048397e-02
   3.3934698e-02
   3.7176486e-02
   2.3415310e-02
   2.9991752e-02
   4.1418955e-02
   4.3940984e-02
   3.7081663e-02
   2.7312383e-02
   3.6580995e-02
   4.3222610e-02
   2.9182974e-02
   2.5698869e-02
   2.6475286e-02
   4.8751622e-02
   3.1826917e-02
   2.3212649e-02
   3.1618204e-02
   4.8156530e-02
   7.5557500e-02
   9.4015084e-02
   1.1600125e-01
   7.0787497e-02
   4.1996267e-02
   2.7322950e-02
   5.3232271e-02
   4.3100983e-02
   9.3690800e-03
   1.8483678e-02
   1.0803015e-01
   1.8181023e-01
   1.5662794e-01
   8.9332268e-02
   4.0706232e-02
   4.3674409e-02
   3.7890386e-02
   1.3389792e-02
   6.9182198e-03
   2.3550406e-02
   1.3006018e-02
   1.5481482e-02
   4.9426492e-02
   6.0121562e-02
   6.4997286e-02
   5.6815404e-02
   1.5314380e-02
   2.5384706e-03
   1.9539982e-02
   3.4846026e-02
   3.3148441e-02
   5.7478484e-02
   4.4170193e-02
   1.6780939e-02
   1.3761262e-02
   4.1364063e-02
   5.4528698e-02
   4.9128551e-02
   5.0409671e-02
   8.1198215e-02
   1.0676130e-01
   8.2941584e-02
   4.0789753e-02
   5.0781567e-02
   7.6228969e-02
   4.2133592e-02
   5.1649101e-02
   5.4354589e-02
   4.7373250e-02
   3.4131825e-02
   5.3158686e-03
   4.9515057e-02
   1.2109809e-01
   1.5076442e-01
   1.4581943e-01
   8.3861776e-02
   3.7213840e-02
   1.8491326e-02
   1.7921254e-02
   1.0204426e-02
   5.2792076e-02
   2.5780195e-01
   4.4452393e-01
   3.2338011e-01
   1.6957170e-01
   8.0408737e-02
   4.7463078e-02
   4.3380819e-02
   3.0975450e-02
   1.7036708e-02
   2.8521767e-02
   3.7652012e-02
   5.3977646e-02
   5.8711033e-02
   8.0199018e-02
   4.1262638e-02
   3.3220023e-02
   2.6760539e-02
   2.2574613e-02
   1.1193514e-02
   1.1191661e-02
   2.3061119e-02
   2.1477925e-02
   2.2380581e-02
   5.4723740e-02
   4.0332157e-02
   2.7212044e-02
   2.3706330e-02
   1.1897346e-02
   1.9687818e-02
   2.9194646e-02
   3.2877438e-02
   5.1822193e-02
   4.3049019e-02
   1.9689329e-02
   2.5130050e-02
   4.3577123e-02
   3.3793826e-02
   3.4072097e-02
   3.7323426e-02
   3.9444622e-02
   1.9566864e-02
   2.8229140e-02
   1.9886645e-02
   8.8568991e-03
   1.8318804e-02
   3.2771055e-02
   4.4661067e-02
   7.3812030e-02
   3.9589595e-02
   2.8287994e-02
   3.1048911e-02
   4.0556394e-02
   4.1306190e-02
   5.9060402e-02
   4.5954175e-02
   1.8928522e-02
   1.9847425e-02
   1.6984705e-02
   1.7874630e-02
   4.2106658e-02
   3.5835780e-02
   5.3783976e-02
   3.0466631e-02
   4.7213707e-02
   4.1550685e-02
   3.0347951e-02
   8.2583101e-03
   1.0137578e-02
   4.3095168e-02
   5.2234553e-02
   5.3104904e-02
   4.4148482e-02
   2.4667859e-02
   4.0215675e-02
   3.4341116e-02
   2.7702380e-02
   1.0707725e-02
   2.4570949e-02
   3.1902537e-02
   3.8038176e-02
   2.4184175e-02
   3.8632173e-02
   4.9309690e-02
   5.5122968e-02
   4.7848865e-02
   3.0848658e-02
   1.8428547e-02
   1.9904040e-02
   2.3516973e-02
   3.2863341e-02
   4.1013323e-02
   2.5860578e-02
   2.7367964e-02
   2.6262134e-02
   2.1475395e-02
   2.9310299e-02
   3.4320146e-02
   2.4362352e-02
   4.5780696e-02
   5.9342984e-02
   1.8481137e-02
   2.4591928e-02
   2.4924366e-02
   3.7832458e-02
   1.8495798e-02
   2.1876223e-02
   1.5935821e-02
   2.1161659e-02
   3.3449978e-02
   2.1258000e-02
   3.6676705e-02
   5.0347980e-02
   4.1018847e-02
   2.6772618e-02
   4.3555036e-02
   4.1430824e-02
   1.7867288e-02
   4.0956747e-02
   2.8389139e-02
   2.8947592e-02
   2.7117563e-02
   2.9887605e-02
   5.0108954e-03
   3.0868040e-02
   6.2591568e-02
   8.4727950e-02
   6.3638099e-02
   4.5352798e-02
   3.2325648e-02
   3.3236161e-02
   2.7343236e-02
   2.7916119e-02
   1.9317096e-02
   3.5098121e-02
   6.3262179e-02
   8.5997455e-02
   3.5685111e-02
   2.4434520e-02
   2.3808118e-02
   1.7803257e-02
   2.2119019e-02
   3.5025492e-02
   1.9897399e-02
   4.5201354e-02
   4.3768831e-02
   4.1936457e-02
   2.7880728e-02
   5.4189131e-02
   5.7560395e-02
   4.2636994e-02
   2.8841387e-02
   1.8585077e-02
   3.6774863e-02
   4.3253504e-02
   3.6702801e-02
   2.3025600e-02
   1.1662028e-02
   2.5726860e-02
   8.8716606e-03
   1.8035600e-02
   1.9810446e-02
   5.5111222e-02
   6.7105673e-02
   4.4123877e-02
   1.4358406e-02
   2.1703796e-02
   2.5386486e-02
   3.5554271e-02
   4.8595551e-02
   2.2125565e-02
   1.6106760e-02
   2.9832881e-02
   4.7154367e-02
   4.6961568e-02
   3.9744213e-02
   1.8581869e-02
   1.0172034e-02
   3.7997570e-02
   3.2813676e-02
   1.1218901e-02
   4.2158263e-03
   1.3351851e-02
   1.9209595e-02
   5.0555203e-02
   4.1708555e-02
   6.4398058e-02
   6.5908492e-02
   4.1713629e-02
   4.4854771e-02
   3.4452271e-02
   2.8399231e-02
   2.9183691e-02
   3.2848414e-02
   7.3776551e-02
   8.4798872e-02
   7.4496664e-02
   4.6226289e-02
   4.7518134e-02
   3.1771813e-02
   3.2402769e-02
   1.8754348e-02
   2.5043057e-02
   3.1649359e-02
   1.8249143e-02
   2.5207298e-02
   3.9674316e-02
   3.2796208e-02
   2.4353158e-02
   4.2550471e-02
   1.9219128e-02
   1.0391506e-02
   7.6100165e-03
   2.5239378e-02
   7.7929711e-03
   2.8913250e-02
   3.6813553e-02
   4.3826886e-02
   3.4373008e-02
   3.6652226e-02
   4.1096248e-02
   3.3817817e-02
   3.4603208e-02
   2.0761939e-02
   8.5418308e-03
   2.1724451e-02
   2.7210277e-02
   1.7591782e-02
   1.0254418e-02
   3.5257537e-02
   6.3455105e-02
   3.1206712e-02
   2.9832009e-02
   4.1548770e-02
   4.7906622e-02
   3.9639793e-02
   3.7244409e-02
   1.7258102e-02
   1.2333013e-02
   4.1001130e-02
   4.2212829e-02
   3.0263813e-02
  -2.0194259e-03
   2.8691035e-02
   1.7858146e-02
   1.3063017e-02
   2.9204817e-02
   3.5974752e-02
   2.5715226e-02
   3.2958616e-02
   4.7885399e-02
   5.6116056e-02
   6.4666241e-02
   5.6525990e-02
   5.3472202e-02
   6.9030538e-02
   4.8337568e-02
   6.3791042e-03
   1.9085495e-02
   2.6038257e-02
   3.7496146e-02
   3.2382451e-02
   5.3021997e-02
   4.1272592e-02
   2.0960247e-02
   1.9583536e-02
   1.0455674e-02
   4.7471706e-02
   4.3898165e-02
   2.6737435e-02
   2.0839654e-02
   3.1418581e-02
   2.2872038e-02
  -1.7323352e-03
   2.8958760e-02
   4.7126450e-02
   3.1886298e-02
   3.1133208e-02
   2.6650405e-02
   3.5607096e-02
   4.8679090e-03
   3.2667220e-02
   8.6730756e-02
   7.2810434e-02
   5.6051500e-02
   5.4876402e-02
   4.6803936e-02
   2.5553472e-02
   9.3601039e-03
   4.5320950e-02
   7.2979920e-02
   3.3726178e-02
   1.3239841e-02
   3.6876619e-02
   2.9532274e-02
  -7.6504826e-04
   1.7723510e-02
   3.9793707e-02
   6.3005254e-02
   8.7534644e-02
   5.4085903e-02
   3.8505498e-02
   2.1739360e-02
   1.9246662e-02
   2.7598284e-02
   4.5555517e-02
   1.0663478e-01
   1.4398962e-01
   9.2913672e-02
   4.0329285e-02
   3.3063609e-02
   2.3982024e-02
   2.5161905e-02
   5.2033976e-02
   5.5956673e-02
   3.6803868e-02
   4.3261457e-02
   4.0646594e-02
   1.6369063e-02
   5.6511845e-02
   7.4037358e-02
   6.7165546e-02
   6.5306470e-02
   4.3217622e-02
   5.9920594e-02
   3.6763299e-02
   3.7882250e-02
   5.7134878e-02
   1.7945020e-02
   3.3804748e-02
   3.8308680e-02
   5.8386661e-02
   4.4111874e-02
   1.4739728e-02
   8.7669805e-02
   5.4264527e-02
   4.8235938e-02
   6.4414367e-02
   2.4140468e-02
   2.2436997e-02
   5.7297420e-02
   5.6735735e-02
   2.8904406e-02
   9.8027512e-03
   2.8920308e-02
   2.6737409e-02
   6.0771402e-02
   5.5097859e-02
   4.6817921e-02
   5.1083293e-02
   5.3381518e-02
   4.2575315e-02
   5.5268491e-03
   3.1068442e-02
   4.1377269e-02
   1.3016659e-02
   2.9342135e-02
   4.1625399e-02
   4.7674555e-02
   3.2110028e-02
   4.2005833e-02
   4.4193640e-02
   4.1481744e-02
   2.7125634e-02
   2.6601927e-02
   2.1776395e-02
   1.6261045e-02
  -2.1353844e-03
   5.3976148e-02
   1.7121306e-02
   2.4360791e-03
   3.4137469e-02
   5.4265156e-02
   7.8002699e-02
   9.1578573e-02
   4.7758549e-02
   4.5571934e-02
   3.6094811e-02
   3.3854853e-02
   4.7345690e-02
   5.1012155e-02
   9.8883718e-02
   1.1337669e-01
   1.0686119e-01
   6.5042429e-02
   5.0889455e-02
   6.5852068e-02
   8.7669000e-02
   7.6098002e-02
   3.3559844e-02
   8.3206616e-02
   1.0005650e-01
   5.3774763e-02
   3.7433174e-02
   1.2689296e-02
   8.1497349e-02
   1.6405915e-01
   1.5105915e-01
   8.2319856e-02
   6.1642729e-02
   4.7375534e-02
   3.3299077e-02
   1.5118483e-02
   1.1806623e-01
   2.4849023e-01
   3.0302653e-01
   2.0778678e-01
   1.0919572e-01
   5.2825905e-02
   3.1640794e-02
   3.6707856e-02
   1.6949061e-02
   3.4571145e-02
   3.5161972e-02
   4.6899997e-02
   7.8240648e-02
   7.5202011e-02
   9.3569271e-02
   5.5016920e-02
   4.5985296e-02
   8.4004976e-02
   4.9875956e-02
   2.2232754e-02
   5.2157819e-02
   6.9783993e-02
   2.3568111e-02
  -6.4387284e-03
   3.4231983e-02
   6.6823743e-02
   3.5915840e-02
   2.2909448e-02
   4.4896197e-02
   1.9141329e-02
   1.9123206e-02
   3.3833575e-02
   2.9148785e-02
   5.4822288e-02
   7.0857346e-02
   3.1610634e-02
   3.0912705e-02
   3.0212333e-02
   1.8102052e-02
   5.0843030e-02
   4.8719313e-02
   1.0615017e-01
   1.1630961e-01
   8.8202156e-02
   5.2073136e-02
   4.6847160e-03
   1.0845268e-03
   1.1930191e-02
   1.5074364e-02
   4.0166058e-02
   7.5042553e-02
   6.7853965e-02
   6.0798787e-02
   3.0144231e-02
   4.3408576e-02
   4.3265228e-03
   3.5778373e-02
   4.3248869e-02
   4.0092323e-02
   4.9716953e-02
   2.1075385e-02
   9.0772575e-03
   3.1262305e-02
   3.6158998e-02
   4.6652697e-02
   2.4839791e-02
   9.4501358e-03
   1.9828098e-02
   1.8174972e-02
   1.8112516e-02
   9.0704672e-03
   3.3385690e-02
   6.1796322e-02
   4.7674380e-02
   3.7940696e-02
   3.5284758e-02
   2.6316613e-02
   4.0903784e-02
   5.2357677e-02
   4.0727716e-02
   6.0563043e-02
   2.7529294e-02
   2.5641853e-02
   5.6794874e-02
   3.0798620e-02
   2.0203609e-02
   4.8455961e-02
   4.1589204e-02
   2.6290379e-02
   2.2444149e-02
   2.3899412e-02
   2.5970543e-02
   1.5808085e-02
   4.4986874e-02
   6.0649697e-02
   3.2391638e-02
   3.6292572e-02
   3.6527250e-02
   2.2995077e-02
   4.4769537e-02
   6.2056907e-02
   6.0891390e-02
   5.9641004e-02
   5.8756433e-02
   6.2826827e-02
   5.8231447e-02
   4.8027355e-02
   4.2119339e-02
   5.1161405e-02
   7.3045162e-03
   2.7808098e-02
   4.8813365e-02
   9.1814756e-02
   4.5156255e-02
   2.3913575e-02
   3.7131451e-02
   2.6268817e-02
   2.3000075e-02
   4.6400160e-02
   3.3922713e-02
   2.7996540e-02
   2.9758304e-02
   4.7369853e-02
   5.4489061e-02
   3.5568155e-02
   7.4720591e-02
   6.9181010e-02
   3.6863804e-02
   3.5449143e-02
   4.5019064e-02
   3.4933314e-02
   2.6004327e-02
   2.7809909e-02
   2.9475670e-02
   4.6913244e-02
   6.1578229e-02
   4.6764299e-02
   7.1133085e-02
   6.5807953e-02
   7.4727029e-02
   6.6766001e-02
   6.8421368e-03
   8.9549161e-03
   2.1949897e-02
   5.2963052e-02
   8.1754424e-02
   6.2880777e-02
   7.3698647e-02
   4.4767797e-02
   4.4130083e-02
   5.2579589e-02
   4.3989301e-02
   3.2410361e-02
   1.3835587e-02
   2.7140303e-02
   2.2330487e-02
   3.4882393e-02
   8.0377802e-02
   1.0446008e-01
   7.6084048e-02
   4.1859522e-02
   2.8669337e-02
   4.0888637e-02
   3.8627312e-02
   7.6538064e-02
   3.5829094e-01
   5.8598375e-01
   5.2346313e-01
   3.0321535e-01
   1.5070447e-01
   6.7327552e-02
   4.5452032e-02
   4.9756560e-02
   1.2547228e-02
   1.2282020e-02
   5.5057693e-02
   7.9833061e-02
   1.1376029e-01
   8.3099820e-02
   4.5952030e-02
   4.5695603e-02
   4.2727701e-02
   2.2385938e-02
   3.5941195e-02
   5.5191364e-02
   9.1283582e-02
   6.6445835e-02
   5.4916665e-02
   5.8971524e-02
   2.3467416e-02
   3.7413813e-02
   6.2426139e-02
   8.0615744e-02
   6.1018482e-02
   4.4196185e-02
   1.9691369e-02
   3.9663684e-02
   6.9933608e-02
   5.0330475e-02
   5.9644025e-02
   1.6581628e-02
   5.0570397e-04
   2.8319342e-02
   4.4593103e-02
   3.7103165e-02
   3.6197193e-02
   2.6701035e-02
   2.7429936e-02
   1.6367141e-02
   6.5870360e-03
   3.0495133e-03
   9.5897213e-02
   2.4649090e-01
   3.3790702e-01
   2.2034386e-01
   1.2530114e-01
   4.4611610e-02
   5.0237257e-02
   3.9299816e-02
   8.2851648e-02
   1.4756618e-01
   1.5615474e-01
   1.4815742e-01
   1.2839805e-01
   6.4744130e-02
   5.5185586e-02
   1.4637397e-01
   2.2001515e-01
   1.3870575e-01
   1.1005002e-01
   9.3797475e-02
   8.9239903e-02
   1.0885827e-01
   1.0142156e-01
   4.8865180e-02
   1.0041827e-02
   3.2016647e-03
   5.6380719e-02
   1.6654283e-01
   2.8028882e-01
   3.2034829e-01
   2.2331344e-01
   7.2924472e-02
   2.4594955e-02
   1.0461636e-02
   6.4709045e-02
   4.1357583e-01
   1.1138004e+00
   1.3510333e+00
   8.7391555e-01
   4.1400161e-01
   1.4073336e-01
   9.8567372e-03
   1.9392300e-02
   4.1545916e-02
   5.4964948e-02
   8.3923049e-02
   1.8584782e-01
   2.0123148e-01
   1.6455282e-01
   1.1994165e-01
   4.2265739e-02
   2.1650814e-02
   1.9399825e-03
   1.4440907e-02
   6.7120746e-02
   5.5133246e-02
   3.8188417e-02
   5.0073400e-02
   1.7543282e-02
   2.4101920e-02
   3.5031024e-02
   6.1871976e-02
   8.0530465e-02
   5.6773417e-02
   2.3568442e-02
   3.9858595e-02
   3.7316963e-02
   5.3805900e-03
   2.3955133e-02
   5.8609616e-02
   6.5319397e-02
   5.2396938e-02
   3.4698300e-02
   7.0241481e-02
   7.1813583e-02
   9.0910591e-02
   7.6136649e-02
   2.7703192e-02
   2.9764762e-02
   1.8661737e-02
   7.6855466e-02
   1.4626838e-01
   2.5469115e-01
   2.5915805e-01
   2.0098519e-01
   1.0860630e-01
   3.7481874e-02
   2.3715660e-02
   2.0032922e-02
   1.5362030e-01
   4.0422988e-01
   4.5567632e-01
   3.0214891e-01
   1.8838702e-01
   9.7082227e-02
   7.0720755e-02
   2.7389493e-02
   1.6265629e-02
   4.6273947e-02
   5.8389168e-02
   9.2376858e-02
   1.3345250e-01
   1.3510159e-01
   9.3960062e-02
   7.6272644e-02
   5.0931390e-02
   6.0771458e-02
   1.9691227e-02
   3.4444094e-02
   1.0187113e-01
   1.1057492e-01
   8.2977064e-02
   5.3464144e-02
   2.5474645e-02
   2.3851531e-02
   7.5510475e-03
   3.5604876e-02
   3.3385899e-02
   2.0854848e-02
   2.3753094e-02
   2.6175039e-02
   4.0488839e-02
   5.4403376e-02
   9.8030724e-02
   1.4926341e-01
   1.5583092e-01
   1.3981946e-01
   7.7655219e-02
   1.6923370e-02
   1.3216536e-02
   4.8150931e-02
   6.0956564e-02
   6.7553259e-02
   7.8545630e-02
   1.2155816e-01
   7.6215081e-02
   7.9893224e-02
   4.6459496e-02
   2.0158587e-02
   2.5966419e-02
   3.7257511e-02
   1.1036845e-01
   2.4095939e-01
   2.1088164e-01
   1.2172111e-01
   6.8956524e-02
   2.3498949e-02
   2.3911247e-02
   1.6408419e-02
   1.5282217e-01
   4.0455216e-01
   4.3524033e-01
   3.1562227e-01
   2.1219639e-01
   7.3075078e-02
   8.9175878e-03
  -3.8614466e-03
   1.6886018e-02
   2.8516054e-03
   1.1113743e-02
   6.1152447e-02
   1.2648627e-01
   1.2450647e-01
   8.7501734e-02
   5.0696008e-02
   1.3544800e-02
  -5.4396596e-03
   1.3174364e-02
   3.1639732e-02
   3.0514864e-02
   7.3745929e-02
   8.6376280e-02
   6.6811897e-02
   5.7966303e-02
   4.7748663e-02
   1.7669622e-02
   3.4380522e-02
   2.3974689e-02
   5.4807812e-02
   5.2156251e-02
   4.7399390e-02
   5.6876864e-02
   7.4088968e-02
   7.1655147e-02
   4.4635419e-02
  -3.6820711e-03
   5.2930950e-03
   1.6460508e-02
   1.5077569e-02
   9.2166141e-02
   1.4960912e-01
   1.1029337e-01
   9.1397732e-02
   9.2120796e-02
   1.0952651e-01
   1.2283847e-01
   6.3303441e-02
   4.4424251e-02
   1.6088966e-02
   2.2507610e-02
   1.1906509e-01
   3.2752877e-01
   4.5511648e-01
   3.7670648e-01
   1.8242499e-01
   7.2965160e-02
   4.0002711e-02
   1.5444665e-02
   1.4132605e-01
   7.2375184e-01
   1.2039928e+00
   1.0742223e+00
   6.2417698e-01
   3.1539550e-01
   1.0268281e-01
   7.6333568e-02
   6.0247976e-02
   2.3284269e-02
   1.6231318e-03
   1.0617166e-01
   2.2317153e-01
   2.4194881e-01
   1.6130176e-01
   1.7716166e-01
   1.1861282e-01
   8.6544737e-02
   1.0555323e-01
   8.3470643e-02
   5.8140028e-02
   9.8171659e-02
   9.5839880e-02
   3.7460953e-02
   5.6708626e-02
   1.7830491e-01
   3.4711775e-01
   3.1135076e-01
   2.2843228e-01
   1.5747494e-01
   9.8402925e-02
   7.4397542e-02
   9.5283777e-02
   3.8202518e-01
   9.1727680e-01
   1.0316404e+00
   7.4395376e-01
   4.9574646e-01
   3.3482510e-01
   1.8575890e-01
   7.5482309e-02
   5.4498564e-02
   7.5484529e-02
   1.8236716e-01
   4.2846605e-01
   8.4878880e-01
   1.0060356e+00
   6.6109341e-01
   3.8522899e-01
   2.2305715e-01
   1.0830337e-01
   9.2966251e-02
   2.1644932e-01
   5.5906200e-01
   7.3059928e-01
   7.0673752e-01
   5.9873885e-01
   5.3272569e-01
   4.9984878e-01
   3.3606920e-01
   1.5691637e-01
  -1.1960237e-02
  -4.4063363e-02
   2.4481292e-01
   8.4615034e-01
   1.6740456e+00
   1.6679572e+00
   1.0938389e+00
   4.7194225e-01
   1.5994434e-01
   1.8631405e-01
   2.5353852e-01
   1.2142788e+00
   3.3350458e+00
   4.1200843e+00
   3.1263728e+00
   2.3188837e+00
   2.4255753e+00
   2.4026947e+00
   1.7920885e+00
   9.2373687e-01
   2.0040925e-01
   1.2361089e-01
   1.5687963e+00
   6.4825382e+00
   1.1749009e+01
   1.1236559e+01
   6.4824629e+00
   2.7403510e+00
   1.0072981e+00
   4.0262756e-01
   3.1022234e+00
   1.8265129e+01
   3.7839520e+01
   3.7314877e+01
   2.2848307e+01
   9.7898560e+00
   3.1617620e+00
   9.6323055e-01
   2.5966832e-01
  -2.9106366e-02
   3.0206612e-01
   2.9881227e+00
   6.2001081e+00
   6.3007417e+00
   4.3669572e+00
   2.3325009e+00
   8.8972366e-01
   8.3865367e-02
  -8.5969545e-02
   3.6892575e-01
   7.5975049e-01
   1.3030082e+00
   1.8919817e+00
   1.5600064e+00
   9.1221726e-01
   5.1246852e-01
   5.5389851e-01
   4.4080633e-01
   3.0050063e-01
   3.2078150e-01
   2.5686708e-01
   5.7163841e-01
   8.4439671e-01
   1.5190189e+00
   2.2477307e+00
   2.0287893e+00
   1.0651860e+00
   3.0447295e-01
   6.5424129e-02
   1.8108429e-01
   3.0245677e-01
   3.5859439e-01
   3.6481732e-01
   3.6755851e-01
   2.7102900e-01
   2.5876892e-01
   2.3330177e-01
   2.6402089e-01
   4.2712289e-01
   4.9922702e-01
   3.2631770e-01
   3.2404909e-01
   3.0616343e-01
   3.3828244e-01
   3.3131051e-01
   1.6894269e-01
  -5.8736354e-02
  -6.3886814e-02
   1.4445661e-01
   3.7588522e-01
   4.5193881e-01
   3.2194120e-01
   8.6066589e-02
  -8.3834246e-02
  -5.0920468e-02
   2.1630473e-01
   7.0972329e-01
   1.0981330e+00
   1.1265746e+00
   7.4180174e-01
   3.0995157e-01
   1.4523192e-01
   6.4513934e-01
   1.7768818e+00
   2.2417660e+00
   1.3713202e+00
   4.9612451e-01
   1.8300147e-01
   3.7171394e-01
   1.0118874e+00
   1.1740154e+00
   7.0410335e-01
   2.4181126e-01
   2.4146122e-01
   2.3139752e-01
   2.8613770e-01
   1.8606524e+00
   4.5226502e+00
   4.9468083e+00
   2.9953506e+00
   1.3128132e+00
   3.9795357e-01
   1.3196406e-01
   1.1959953e-01
   1.0190932e-01
   8.4037073e-02
   3.5273293e-01
   9.1724896e-01
   9.7866887e-01
   6.3927388e-01
   3.1094703e-01
   1.1202818e-01
   9.4460743e-03
  -7.6364130e-03
   1.2124234e-01
   2.2808339e-01
   3.6371040e-01
   3.6623010e-01
   2.8541610e-01
   1.0611323e-01
   5.9616603e-02
   4.4195939e-02
  -4.4483966e-03
   3.9953735e-02
   1.0028221e-01
   1.4949171e-01
   1.6627759e-01
   2.0945251e-01
   2.7551952e-01
   2.7823773e-01
   1.9301425e-01
   6.7358926e-02
  -4.7522099e-03
   3.0381234e-02
   1.2790978e-01
   1.2670900e-01
   7.9965696e-02
   7.2507858e-02
   2.0672351e-02
   3.1127054e-02
   4.1931603e-02
   7.1815848e-02
   1.8913589e-01
   2.2309382e-01
   1.5805413e-01
   9.3379356e-02
   8.3082519e-02
   9.3463071e-02
   1.0804149e-01
   5.1575754e-02
  -3.0890560e-02
   2.3203813e-03
   2.0275402e-01
   3.5026610e-01
   3.8585269e-01
   2.8707787e-01
   1.2132303e-01
   6.9105998e-02
   7.9513289e-02
   4.6885729e-02
   3.7125543e-01
   7.4584961e-01
   8.8394022e-01
   6.8296516e-01
   3.8215053e-01
   3.7577438e-01
   4.3332812e-01
   3.4949312e-01
   2.6561219e-01
   1.0540794e-01
   3.7708469e-02
   4.4573236e-01
   1.4452747e+00
   2.1717420e+00
   1.8745046e+00
   9.9071264e-01
   2.7807745e-01
   1.9750395e-03
   8.1316255e-02
   1.7801079e+00
   6.0707178e+00
   8.7587404e+00
   7.0560966e+00
   3.7455423e+00
   1.4470125e+00
   4.5617282e-01
   1.1077062e-01
   1.9720627e-02
   3.3134736e-02
   4.3565542e-01
   1.1267869e+00
   1.4496849e+00
   1.2306442e+00
   8.2938635e-01
   3.6696422e-01
   1.1503021e-01
   7.9343587e-02
   1.8881336e-01
   2.1400215e-01
   4.0599316e-01
   4.9812585e-01
   4.3859234e-01
   2.6298448e-01
   1.3308865e-01
   6.5270826e-02
   5.1814210e-02
   1.3663608e-01
   8.7518342e-02
   9.9951833e-02
   2.0461793e-01
   2.3312870e-01
   1.8806042e-01
   1.5916517e-01
   1.2477258e-01
   7.5171128e-02
   4.8042960e-02
   6.7245670e-02
   5.7814211e-02
   1.1789063e-01
   1.1994573e-01
   1.0164090e-01
   7.3489547e-02
   3.1594843e-02
   2.5580000e-02
   7.7681765e-02
   9.2874371e-02
   1.4817926e-01
   1.2155439e-01
   1.0380143e-01
   1.2828162e-01
   1.1455555e-01
   9.5529236e-02
   4.2723101e-02
   3.0906735e-02
  -6.9950740e-03
   2.7396623e-02
   1.2055212e-01
   1.6736990e-01
   1.4492351e-01
   6.8732813e-02
   2.4481339e-02
   3.8464058e-02
   5.1556151e-02
   7.5379319e-02
   2.0935610e-01
   3.1588593e-01
   2.4589023e-01
   1.6231887e-01
   5.4210566e-02
   7.9610124e-02
   1.1602125e-01
   1.1556935e-01
   1.3200152e-01
   1.0612453e-01
   9.0187401e-02
   1.5977347e-01
   3.3944210e-01
   3.6735144e-01
   2.1640468e-01
   5.7932727e-02
   2.1186844e-02
   3.7294395e-02
   2.1396951e-01
   6.9919276e-01
   1.2061710e+00
   1.0726278e+00
   7.2107702e-01
   3.2484478e-01
   1.1466245e-01
   6.1419889e-02
   1.5911633e-02
   2.2119008e-02
   8.1988208e-02
   1.6996640e-01
   2.4900483e-01
   2.3647606e-01
   1.8804838e-01
   1.0640825e-01
   4.3605477e-02
   2.2939684e-02
   6.0210802e-02
   1.5653770e-02
   4.1139979e-02
   1.1011531e-01
   1.5014024e-01
   1.0280036e-01
   5.6246426e-02
   5.0885708e-04
   1.4343907e-02
   5.7729438e-02
   7.7513210e-02
   7.6477103e-02
   7.2235480e-02
   1.2903783e-01
   1.0118242e-01
   6.5032229e-02
   3.7206225e-02
   3.5039730e-02
   3.1842977e-02
   4.7155224e-02
   4.2997014e-02
   8.5100763e-02
   8.0828853e-02
   6.9212861e-02
   8.1952862e-02
   3.5500154e-02
   6.3975878e-02
   6.7669354e-02
   5.6958873e-02
   5.7141300e-02
   4.3560304e-02
   6.4177722e-02
   8.4441438e-02
   4.4375028e-02
   8.8820204e-02
   9.0286188e-02
   6.8366893e-02
   7.8137986e-02
   7.0501119e-02
   9.1395922e-02
   8.9662500e-02
   4.8519455e-02
   5.5811297e-02
   3.4452211e-02
   9.8800818e-03
   1.4691852e-02
   4.2053457e-02
   6.3484609e-02
   7.7750556e-02
   7.0757464e-02
   5.3260263e-02
   4.9940251e-02
   5.4352310e-02
   5.2497976e-02
   2.8426154e-02
   1.1270097e-02
   2.9551571e-02
   6.7760512e-02
   1.0567212e-01
   1.2808605e-01
   9.0943091e-02
   9.4761252e-02
   3.3551246e-02
   1.3138126e-02
   6.2703066e-02
   1.9428930e-01
   3.2446662e-01
   3.6164045e-01
   2.5267282e-01
   1.2812696e-01
   5.1670581e-02
   3.0648944e-03
   4.9845530e-03
   3.3148393e-02
   3.6135547e-02
   6.9564752e-02
   1.0904695e-01
   7.6922424e-02
   6.4458214e-02
   2.9165184e-02
   3.6271669e-02
   5.8943015e-02
   1.9087411e-02
   3.3357129e-02
   2.9323155e-02
   5.2345216e-02
   4.8623953e-02
   5.2465156e-02
   4.9013700e-02
   3.2031279e-02
   3.8597729e-02
   8.4200467e-04
   1.3631055e-02
   6.8125635e-02
   8.4499829e-02
   4.4104282e-02
   2.9568158e-02
   1.0992138e-02
   3.6492340e-02
   6.0834508e-02
   6.7810506e-02
   6.2443964e-02
   6.4351700e-02
   6.5347083e-02
   4.7139235e-02
   4.3383725e-02
   5.3983644e-02
   2.3567587e-02
   3.2338936e-02
   3.5272367e-02
   2.1978265e-02
   2.1502757e-02
   8.6649861e-03
   1.0923835e-02
   3.6679093e-02
   6.3121453e-02
   7.8079604e-02
   8.3087757e-02
   5.2269995e-02
   4.9604721e-02
   5.8249149e-02
   6.3290745e-02
   5.7013761e-02
   2.7407426e-02
   1.6614815e-02
   4.6937767e-02
   3.5067782e-02
   3.3291221e-02
   6.8254553e-02
   6.8929173e-02
   5.3348172e-02
   2.0722816e-02
   2.0084735e-03
   4.9429700e-02
   6.8748452e-02
   8.4803671e-02
   3.3236850e-02
   2.9260419e-02
   3.7999090e-02
   9.9585518e-02
   8.6552538e-02
   3.5334934e-02
   3.3799618e-02
   4.3902390e-02
   2.6927281e-02
   2.0938823e-02
   8.6655669e-02
   8.4376514e-02
   8.8510767e-02
   9.1583058e-02
   1.0501762e-01
   1.0097416e-01
   3.9216600e-02
   2.2897158e-02
   2.8889267e-02
   5.1202234e-02
   2.9067872e-02
   4.0896386e-02
   5.3180948e-02
   6.5242246e-02
   6.1374791e-02
   3.6960479e-02
   5.9744693e-02
   4.6621248e-02
   4.4639941e-02
   2.7288496e-02
   5.0489966e-02
   4.1732468e-02
   5.9447959e-03
   2.6701445e-02
   5.1134124e-02
   3.7324928e-02
   2.9013721e-02
   4.3561514e-02
   5.9995446e-02
   4.4374987e-02
   3.6970954e-02
   3.3876915e-02
   4.1631903e-02
   8.9825794e-02
   6.3107193e-02
   3.7829798e-02
   6.2293191e-02
   7.8359812e-02
   5.0180886e-02
   6.2035531e-02
   3.4185205e-02
   4.4838887e-02
   1.0084893e-01
   7.3768228e-02
   2.7586197e-02
   6.9146030e-02
   6.5310039e-02
   4.2633742e-02
   5.2388664e-02
   6.4350113e-02
   7.3173806e-02
   7.4680232e-02
   4.4049896e-02
   8.3639257e-02
   1.2591536e-01
   1.2640536e-01
   1.3916510e-01
   1.0566983e-01
   8.2935914e-02
   1.0948762e-01
   7.7681877e-02
   1.2491269e-01
   1.6319323e-01
   1.6148995e-01
   1.5304585e-01
   1.3833651e-02
   2.7032701e-02
   1.1613636e-01
   2.0774044e-01
   1.8957561e-01
   1.5142059e-01
   9.6927643e-02
   6.1120924e-02
   5.3724885e-02
   1.3950153e-01
   2.2609985e-01
   2.2243868e-01
   2.0956561e-01
   1.5875973e-01
   6.0525727e-02
   4.9492698e-02
   1.7074725e-01
   2.8384978e-01
   2.6420304e-01
   1.1588369e-01
   3.9436627e-02
   1.1670255e-02
   3.6547355e-02
   1.4631985e-01
   2.5908059e-01
   2.6764867e-01
   1.1817933e-01
   3.6990579e-02
   1.7549563e-02
   9.7811244e-02
   2.3643622e-01
   3.3110526e-01
   3.0534583e-01
   1.7744459e-01
   6.5323666e-02
   4.4242758e-02
   8.4284902e-02
   2.0228218e-01
   3.1042543e-01
   2.3640244e-01
   1.3258477e-01
   5.6413624e-02
   2.1221288e-02
   9.3548276e-02
   2.4116890e-01
   2.6591122e-01
   1.4499298e-01
   1.0957113e-01
   8.0702953e-02
   5.5435944e-02
   6.8609416e-02
   1.9189878e-01
   2.1539639e-01
   1.5453790e-01
   6.2628604e-02
   9.8078273e-02
   9.4950415e-02
   9.6727729e-02
   8.6521976e-02
   3.8992897e-02
   2.6592461e-02
   4.0397454e-02
   4.4775106e-02
   1.2581210e-01
   1.2218664e-01
   1.1864142e-01
   9.3671329e-02
   5.1019516e-02
   3.2969087e-02
   4.7088038e-02
   5.9108347e-02
   5.3292852e-02
   6.2097311e-02
   1.1277904e-02
   3.6413066e-02
   7.1455210e-02
   5.5161040e-02
   4.5774788e-02
   4.1811261e-02
   3.7092172e-02
   1.9622391e-02
   4.8444632e-02
   7.4573673e-02
   3.9628845e-02
   2.5415799e-02
   7.3464461e-02
   5.2273005e-02
   2.4652563e-02
   4.1712552e-02
   6.0494971e-02
   7.4606143e-02
   6.4093627e-02
   7.6999344e-02
   1.1115394e-01
   4.4598162e-02
   1.7574061e-02
   8.3699301e-02
   1.1130193e-01
   9.9722616e-02
   6.3156992e-02
   4.1131936e-02
   3.6596083e-03
   3.0515930e-02
   7.3532671e-02
   6.8794727e-02
   5.6402408e-02
   2.3204217e-02
   2.5572656e-02
   5.3853948e-02
   9.9127501e-02
   1.0617472e-01
   8.9123182e-02
   1.0178749e-01
   6.1978165e-02
   4.9708501e-02
   5.8271803e-02
   4.8171140e-02
   8.0263257e-02
   7.5508952e-02
   6.3687757e-02
   5.1535055e-02
   1.2545768e-02
   1.5758945e-02
   8.6175539e-02
   9.2830792e-02
   9.4695933e-02
   6.4998291e-02
   6.8567701e-02
   4.6433523e-02
   4.4916876e-02
   8.7088726e-02
   1.0449035e-01
   1.0557080e-01
   5.5634502e-02
   2.4828991e-02
   6.6578805e-02
   5.5485994e-02
   6.3185461e-02
   4.0167950e-02
   2.6093841e-02
   1.7351279e-02
   1.8444911e-02
   5.4554120e-02
   7.3233187e-02
   8.0715545e-02
   6.6545717e-02
   6.6910453e-02
   6.3011169e-02
   4.0890504e-02
   4.2139895e-02
   1.1581323e-02
   4.3519940e-02
   6.4799406e-02
   5.3347737e-02
   5.9599098e-02
   1.2454499e-02
   1.5850672e-02
   3.5091788e-02
   3.5797223e-02
   4.0382918e-02
   1.5216840e-02
   1.9309441e-02
   5.5184122e-02
   6.8477944e-02
   3.7787512e-02
   9.8582162e-03
   2.4444049e-02
   3.5209913e-02
   3.7074573e-02
   6.2362000e-02
   3.9015733e-02
   3.6764238e-02
   5.4651879e-02
   1.6957780e-02
   2.2242879e-02
   4.7580943e-02
   3.8132805e-02
   3.8685013e-02
   4.1354802e-02
   7.0772395e-02
   7.2350644e-02
   5.7065167e-02
   4.4326726e-02
   3.6935914e-02
   2.8331099e-02
   2.9862504e-02
   9.1437530e-03
   4.2229291e-02
   6.2535405e-02
   8.4051684e-02
   7.4143998e-02
   4.0624592e-02
   3.9257456e-02
   4.5039512e-02
   2.6149260e-02
   5.4319598e-02
   7.5740680e-02
   6.7630149e-02
   6.8568148e-02
   6.0321465e-02
   3.9610013e-02
   2.2708433e-02
   2.9093198e-02
   5.2797843e-02
   5.3168040e-02
   4.9309012e-02
   2.2346506e-02
   2.6253371e-02
   5.6805152e-02
   6.0852554e-02
   5.6248877e-02
   5.9067436e-02
   5.5686627e-02
   5.5192649e-02
   4.8767492e-02
   4.1689318e-02
   2.7559599e-02
   2.0551849e-02
   4.5332771e-02
   7.3964767e-02
   6.9007292e-02
   6.1617695e-02
   5.8746472e-02
   5.3007666e-02
   2.7631843e-02
   3.6665313e-02
   6.2134333e-02
   5.2040972e-02
   2.7223853e-02
   3.2371696e-02
   2.2384044e-02
   4.4938240e-02
   5.5197541e-02
   3.2824676e-02
   3.7979506e-02
   5.0938860e-02
   5.8034364e-02
   6.1482854e-02
   5.6602087e-02
   2.8085167e-02
   1.1079905e-02
   3.6537673e-02
   5.3633548e-02
   4.9243718e-02
   2.7894404e-02
   3.9656699e-02
   5.4604501e-02
   3.6687270e-02
   3.1689409e-02
   2.3613835e-02
   3.1984512e-02
   4.2948581e-02
   2.6704647e-02
   1.2571171e-02
   4.4506129e-02
   5.6834914e-02
   5.0880123e-02
   3.7578128e-02
   4.3723658e-02
   5.6690011e-02
   3.7284136e-02
   3.4127276e-02
   3.7067551e-02
   4.7040023e-02
   2.2353219e-02
   2.5578363e-02
   2.7678413e-02
   4.4117637e-02
   3.7512142e-02
   5.9329089e-02
   3.5289947e-02
   3.0013062e-02
   3.9609820e-02
   4.4988219e-02
   4.3423321e-02
   3.0244105e-02
   1.3678982e-02
   1.8061468e-02
   2.1321675e-02
   2.9989615e-02
   3.0405242e-02
   7.5807399e-03
   4.1051488e-02
   4.9587667e-02
   4.3079592e-02
   2.0358490e-02
   1.5107346e-02
   5.0708938e-02
   3.8535461e-02
   2.3832971e-02
   5.5555731e-02
   6.8766356e-02
   4.7786161e-02
   5.2931491e-02
   4.3161023e-02
   2.6783997e-02
   6.1677445e-02
   6.7377791e-02
   2.3204882e-02
   2.7471142e-02
   4.7037929e-02
   5.6102209e-02
   5.2866828e-02
   3.6613081e-02
   2.3799097e-02
   1.0392896e-02
   1.2958542e-02
   2.7785104e-02
   2.4341738e-02
   4.6596542e-02
   5.2306347e-02
   1.9853165e-02
   3.9114565e-02
   4.0035151e-02
   3.1879529e-02
   4.5031141e-02
   3.3393051e-02
   2.8414607e-02
   2.9188527e-02
   5.5809069e-02
   3.2716893e-02
   3.9178122e-02
   4.7408354e-02
   6.2070997e-03
   1.2260728e-02
   2.3099372e-02
   2.0327333e-02
   1.9746367e-02
   2.7747607e-02
   4.8973151e-02
   4.3868899e-02
   2.4978936e-02
   3.2459658e-02
   2.1900849e-02
   2.4080392e-02
   5.6507472e-02
   3.8096245e-02
   5.3111609e-02
   2.9754868e-02
   4.6257749e-02
   2.4694532e-02
   2.0422319e-02
   3.0736219e-02
   1.3219724e-02
   7.2784219e-03
   2.1991365e-02
   3.7359279e-02
   2.0407725e-02
   3.3840321e-02
   4.7660436e-02
   3.8220584e-02
   1.4165130e-02
   6.0174274e-03
   2.3840841e-02
   2.5806764e-02
   2.5132621e-02
   1.9832298e-02
   3.9738320e-02
   5.3228345e-02
   5.7380795e-02
   3.8059913e-02
   2.9866545e-02
   2.5495598e-02
   3.5745870e-02
   3.3155903e-02
   1.9936347e-02
   2.0148618e-02
   2.6686013e-02
   3.8381536e-02
   2.9193060e-02
   3.2524936e-02
   2.7613685e-02
   8.9677172e-03
   2.2563083e-02
   4.2281065e-02
   3.7448857e-02
   2.9146113e-02
   4.2880487e-02
   4.6313208e-02
   8.1942799e-03
   1.5264536e-02
   1.6498977e-02
   8.9182891e-03
   1.3964795e-02
   2.3248447e-02
   3.1238535e-02
   3.0115258e-02
   3.2393776e-02
   3.2747429e-02
   2.9454509e-02
   3.4969360e-02
   3.4246992e-02
   3.6896162e-02
   3.1177206e-02
   2.6070880e-02
   1.9868454e-02
   2.6544312e-02
   2.5935182e-02
   1.4118246e-02
   1.9877382e-02
   1.6057119e-02
   3.7875794e-02
   3.9147604e-02
   1.6376585e-02
   1.4454938e-02
   1.3006382e-02
   2.8823318e-03
   2.6521353e-02
   2.4676522e-02
   2.4874412e-02
   2.0409904e-02
   3.0562034e-02
   2.5832411e-02
   1.0420457e-02
   3.3743333e-02
   3.8221680e-02
   4.3366496e-02
   3.3700235e-02
   4.2583629e-02
   3.2590527e-02
   2.0530332e-02
   2.4645822e-02
   2.2081435e-02
   1.5728623e-02
   1.8172747e-02
   2.2707544e-02
   2.8874533e-02
   1.0843531e-02
   1.3171974e-02
   1.0588653e-02
   2.2792075e-02
   2.5176071e-02
   4.0384009e-02
   3.9703220e-02
   2.8488662e-02
   1.7301679e-02
   1.6491743e-02
   3.4072973e-02
   3.5001818e-02
   1.8405160e-02
   2.1132547e-02
   3.5623603e-02
   1.7336776e-02
   1.8337389e-02
   1.4015188e-02
   2.1227993e-02
   1.6388981e-02
   1.3327586e-02
   1.3952707e-02
   7.3470548e-03
   2.3028769e-02
   2.1437967e-02
   3.0414611e-02
   4.4562973e-02
   2.9344255e-02
   2.6158415e-02
   3.7992287e-02
   3.4925163e-02
   2.2955528e-02
   2.1934746e-02
   1.8378289e-02
   2.9926763e-03
   3.8285285e-02
   3.5073292e-02
   3.0528413e-02
   2.9337486e-02
   2.6274635e-02
   1.9744996e-02
   2.1112472e-02
   1.1464023e-02
   2.5225449e-02
   3.7514322e-02
   3.0558363e-02
   2.3213308e-02
   1.9492222e-02
   4.3140747e-02
   6.3039735e-02
   5.6121707e-02
   3.7420519e-02
   3.3077206e-02
   3.1745166e-02
   3.1597655e-02
   2.8362982e-02
   4.5566674e-02
   4.5404419e-02
   1.2635257e-02
   8.0499304e-03
   2.6386743e-02
   1.6389104e-02
   3.7074918e-03
   2.6492732e-02
   1.9467989e-02
   1.6566150e-02
   2.4563788e-02
   1.3070669e-04
   1.5788123e-02
   3.2352358e-02
   3.5275329e-02
   5.3161267e-02
   3.5802640e-02
   2.3088349e-02
   3.3579055e-02
   1.6142346e-02
   1.4424278e-02
   1.1585855e-02
   2.0559026e-02
   3.3349693e-02
   2.5487585e-02
   2.8127844e-02
   3.8116321e-02
   3.3243097e-02
   1.4943146e-02
   1.0641651e-02
   2.6222741e-02
   3.5869814e-02
   2.4622858e-02
   1.9201333e-02
   3.9197575e-02
   6.3160695e-03
   2.2507999e-02
   5.3422805e-02
   3.0946299e-02
   3.2409884e-02
   1.6811879e-02
   1.4903583e-02
   1.6939649e-02
   2.4794905e-02
   3.7092429e-02
   3.2212477e-02
   2.9994547e-02
   4.4132955e-02
   2.3669515e-02
   2.4955129e-02
   5.1330313e-02
   2.0471126e-02
   2.6537336e-02
   3.1905442e-02
   3.6157954e-02
   2.7100937e-02
   1.3305427e-02
   3.5420302e-02
   2.6022784e-02
   2.9451005e-02
   2.0418044e-02
   1.3071816e-02
   2.2578044e-02
   2.9674264e-02
   2.6268777e-02
   3.2852333e-02
   2.7053002e-02
   4.7580618e-03
   2.0908725e-02
   2.4410319e-02
   8.7791597e-03
   2.5879400e-02
   4.0817190e-02
   2.7238755e-02
   3.6314953e-02
   3.4161314e-02
   3.6400039e-02
   3.9020739e-02
   1.6688086e-02
   1.1486466e-02
   1.3509730e-02
   1.7282734e-02
   2.4456434e-02
   5.1060468e-02
   4.8131961e-02
   1.9695710e-02
   1.9963913e-02
   1.2583233e-02
   1.1826433e-02
   5.6423116e-02
   8.9849509e-02
   1.0948101e-01
   5.9018739e-02
   1.9154299e-02
   2.7529061e-02
   2.6901791e-02
   5.4427549e-02
   8.8791594e-02
   8.7574564e-02
   4.7954209e-02
   2.4532050e-02
   4.7656205e-02
   3.0935006e-02
   2.2297036e-02
   2.8970420e-02
   2.8053479e-02
   4.4482376e-02
   4.2233564e-02
   3.6249939e-02
   4.3525454e-02
   3.1440850e-02
   2.0165453e-02
   1.7911987e-02
   3.1777568e-02
   3.1126045e-02
   2.5741469e-02
   2.5224501e-02
   3.5339907e-02
   3.5204057e-02
   2.2499729e-02
   1.0145647e-02
   2.9582217e-02
   3.3908810e-02
   3.6199495e-02
   2.2813097e-02
   8.5480092e-03
   2.8364271e-02
   2.6836764e-02
   1.4817010e-02
   8.3936937e-03
   1.3340830e-02
   1.4149602e-02
   3.3093680e-02
   8.4152753e-03
   3.0920949e-02
   1.9843260e-02
   1.3374322e-02
   1.3082714e-02
   1.7013641e-02
   2.6843606e-02
   3.4554292e-02
   1.8999301e-02
   2.8323665e-02
   2.6008209e-02
   1.3443703e-02
   2.5276601e-02
   9.4166519e-03
   3.5757400e-02
   3.0820174e-02
   6.4290813e-03
   3.7423475e-03
   2.7293772e-02
   2.7672764e-02
   2.3587087e-02
   1.7112970e-02
   1.8866241e-02
   2.0786004e-02
   2.1150535e-02
   3.1889867e-02
   2.5833465e-02
   1.4953668e-02
   8.8117430e-03
   8.8943448e-03
   1.9453986e-02
   2.2090351e-02
   2.2310805e-02
   2.2343634e-02
   2.0216359e-02
   2.6495032e-02
   1.3050189e-02
   2.6923999e-02
   3.7046421e-02
   3.5913389e-02
   2.0246906e-02
   2.0461855e-02
   1.6239339e-02
   5.7712304e-03
   1.2705738e-02
   1.8026274e-02
   8.1213489e-03
   3.3715054e-02
   4.2713203e-02
   4.6151228e-02
   4.0549923e-02
   1.7105157e-02
   2.3239467e-02
   2.3392271e-02
   2.7072895e-02
   2.1493409e-02
   1.6833102e-02
   2.2505805e-02
   1.8009448e-02
   7.6710419e-03
   2.1387642e-02
   2.1445818e-02
   7.8078005e-03
   2.0738209e-02
   1.2179143e-02
  -2.1028444e-03
   1.7766623e-02
   2.0318715e-02
   7.8688096e-03
   1.5629252e-02
   2.8216973e-02
   3.5346951e-02
   3.7491128e-02
   2.2883514e-02
   1.1985638e-02
   1.4922756e-02
   2.3886370e-02
   2.1428728e-02
   2.6777731e-02
   9.1422508e-03
   1.4849972e-02
   1.3134352e-02
   2.7946236e-02
   2.9197678e-02
   6.2832818e-03
   8.9243725e-03
   1.3964121e-02
   2.0967448e-02
   2.4261627e-02
   1.8067043e-02
   2.7577406e-02
   2.9207466e-02
   3.5588745e-02
   2.4785765e-02
   2.7608080e-02
   1.2731594e-02
   3.4054518e-02
   2.1083759e-02
   2.0239210e-02
   1.9350195e-02
   2.2121258e-02
   2.2660047e-02
   7.3556565e-03
   1.9149173e-02
   1.7272156e-02
   9.6215410e-03
   1.2977976e-02
   2.6264297e-02
   3.2568067e-02
   2.7579036e-02
   3.1309709e-02
   2.6579864e-02
   2.8576426e-02
   2.1510620e-02
   1.5653307e-02
   2.2106400e-02
   2.6065318e-02
   3.0773351e-02
   1.5041197e-02
   1.9098550e-02
   2.2756858e-02
   2.7542811e-02
   8.3792154e-03
   2.8277088e-02
   3.8886908e-02
   3.0207740e-02
   1.8786188e-02
   2.0956067e-02
   1.9259976e-02
   2.5578614e-02
   1.1234046e-02
   2.9356839e-02
   2.4725828e-02
   1.4030036e-02
   2.9750118e-02
   3.3526037e-02
   2.3551036e-02
   3.0085200e-02
   3.6716361e-02
   2.0771623e-02
   1.8366972e-02
   1.7083836e-03
   2.1071665e-02
   2.3239460e-02
   1.6883302e-02
   1.4836449e-02
   1.5172432e-02
   3.9572891e-02
   2.6152676e-02
   7.0787924e-03
   1.1021195e-02
   2.3331065e-02
   4.7227014e-03
   2.0565694e-02
   2.6699204e-02
   1.7989973e-02
   2.2861782e-02
   1.2628770e-02
   1.6714660e-02
   7.1574380e-03
   2.2195041e-02
   2.3827065e-02
   3.3067536e-02
   2.3334702e-02
   1.6566394e-02
   1.1359073e-02
   1.4886297e-02
   1.4551800e-02
   1.7710084e-02
   2.1737045e-02
   2.1641711e-02
   2.5712058e-02
   2.4043595e-02
   1.1641538e-02
   1.0222463e-02
   1.6947662e-02
   2.3916984e-02
   2.3594452e-02
   1.0587954e-02
   9.1545498e-03
   1.2383407e-02
   1.9516287e-02
   2.5686195e-02
   2.7894419e-02
   2.0295544e-02
   9.2493678e-03
   1.6852589e-02
   3.0522915e-02
   2.1625509e-02
   2.3012923e-02
   4.3539520e-02
   2.8721116e-02
   1.5017757e-02
   1.1072190e-02
   1.1234866e-02
   1.5571653e-02
   3.0271959e-02
   2.4345523e-02
   2.9300317e-02
   1.6543498e-02
   1.0670595e-02
   1.7743342e-03
   1.2283836e-02
   1.3792000e-02
   1.6375795e-02
   2.5714146e-02
   1.7987164e-02
   1.0685046e-02
   8.9523839e-03
   7.7168811e-03
   3.7512574e-02
   4.1536950e-02
   3.2864649e-02
   2.3449147e-02
   2.4796477e-02
   2.0269953e-02
  -4.1110017e-03
   4.6052323e-03
   3.7163403e-02
   3.9604150e-02
   1.8949211e-02
   2.8371584e-02
   2.2344191e-02
   2.8067270e-02
   3.2932516e-02
   1.4458768e-02
   1.5222887e-02
   2.9281095e-02
   1.9228144e-02
   1.1698241e-02
   2.7283037e-02
   1.1508662e-02
   1.9423312e-02
   1.4496427e-02
   8.2214992e-04
   1.8933291e-02
   1.1624257e-02
   6.0548661e-03
   1.2394613e-02
   3.4509584e-02
   2.1148888e-02
   2.2976071e-02
   2.6062783e-02
