   4.0712319e-02
   7.4731074e-02
   5.2708339e-02
   3.4244955e-02
   2.0394716e-02
   8.4442690e-02
   7.4658647e-02
   1.1696336e-01
   7.3901534e-02
   3.8701840e-02
   3.2242399e-02
   6.7508630e-02
   6.0554873e-02
   3.9961886e-02
   6.1098814e-02
   2.2774193e-02
   6.4523205e-02
   8.7458856e-02
   9.4207816e-02
   7.3588602e-02
   4.0966850e-02
   2.0568416e-02
   8.0206044e-02
   8.5808560e-02
   6.3917398e-02
   1.4074709e-01
   1.3457423e-01
   1.1342350e-01
   1.3025415e-01
   1.8650225e-01
   1.3029778e-01
   9.9776611e-02
   7.8384712e-02
   5.4681648e-02
   4.2452861e-02
   9.1837555e-02
   9.4405234e-02
   1.0514089e-01
   1.1153607e-01
   1.1759824e-01
   1.2633674e-01
   7.9698533e-02
   9.7248614e-02
   5.7535470e-02
   6.2467474e-02
   3.9298337e-02
   4.2461336e-02
   1.1012141e-01
   6.3888311e-02
   7.3292807e-02
   8.5676230e-02
   8.4117353e-02
   9.1560565e-02
   8.1898168e-02
   5.7354499e-02
   8.0893107e-02
   6.4400740e-02
   3.3048317e-02
   5.4095767e-02
   8.3565407e-02
   6.7307547e-02
   9.1014616e-02
   1.0219271e-01
   9.7437613e-02
   6.5053292e-02
   3.7295561e-02
  -1.0795015e-02
   4.5357194e-02
   9.7481653e-02
   6.6923156e-02
   1.9933278e-02
   4.6607994e-02
   6.2379658e-02
   5.2762482e-02
   6.7022949e-02
   7.6567404e-02
   1.2333156e-01
   1.1295603e-01
   6.7049734e-02
   7.0703723e-02
   3.9581586e-02
   2.0616742e-02
   3.8887434e-02
   2.4311766e-02
   1.4044547e-02
   6.0566217e-02
   1.3644031e-01
   1.2573244e-01
   1.2815510e-01
   1.3594890e-01
   2.5213975e-02
   4.5972727e-02
   7.9046257e-02
   7.5111575e-02
   5.6572720e-02
   9.8558567e-02
   1.2123295e-01
   1.0540159e-01
   9.3725845e-02
   9.8629199e-02
   1.2510884e-01
   5.8627844e-02
   5.0689086e-02
   7.6214522e-02
   8.0843195e-02
   1.4242484e-01
   7.8743339e-02
   1.1374005e-01
   1.4526016e-01
   9.0330429e-02
   1.0313917e-01
   7.4665830e-02
   5.0533738e-02
   1.5151685e-01
   1.7787758e-01
   1.1416268e-01
   7.7299252e-02
   9.5699474e-02
   6.7650631e-02
   9.3374476e-02
   1.5272513e-01
   1.2664886e-01
   8.8102005e-02
   2.5132613e-02
   3.8862705e-02
   8.3310522e-02
   7.1077794e-02
   9.3582377e-02
   9.4737358e-02
   8.6782314e-02
   1.0923631e-01
   7.8606769e-02
   8.5276522e-02
   6.9396228e-02
   4.8329461e-02
   1.9189877e-02
   7.8453600e-02
   9.9116370e-02
   6.3613102e-02
   7.9688109e-02
   1.2158997e-01
   9.8827556e-02
   1.8840697e-02
   8.2942553e-02
   1.0262277e-01
   6.0925409e-02
  -1.2339859e-02
   2.0433068e-02
   6.4919323e-02
   8.4566489e-02
   7.8183398e-02
   1.0696886e-01
   1.0915705e-01
   6.7653507e-02
   6.6834196e-02
   5.6577463e-02
   4.5303367e-02
   7.3074415e-02
   1.1872418e-01
   1.1304449e-01
   1.0580818e-01
   1.1687804e-01
   5.8588509e-02
   5.8001611e-02
   4.0698241e-02
   4.5806073e-02
   1.1565477e-01
   1.1350334e-01
   1.1332877e-01
   8.1746407e-02
   1.1688865e-01
   1.0404088e-01
   1.1915158e-01
   1.1531582e-01
   8.5915715e-02
   5.3977661e-02
   3.2300819e-02
   3.4997888e-02
   9.4344154e-02
   1.6191944e-01
   1.3413234e-01
   1.0876508e-01
   8.1375487e-02
   5.0645526e-02
   3.6349989e-02
   5.1319640e-02
   7.3623180e-02
   7.1037471e-02
   8.3245330e-02
   1.0201243e-01
   1.0410025e-01
   6.0877584e-02
   3.8258776e-02
   5.4536700e-02
   3.4319237e-02
   2.9467221e-02
   2.8716035e-02
   2.2176512e-02
   9.7995117e-02
   1.0631874e-01
   1.1181498e-01
   7.0152484e-02
   3.5747148e-02
   1.1435892e-02
  -1.1260533e-02
   2.5183158e-02
   9.0765744e-02
   6.8086706e-02
   6.3234501e-02
   5.5684425e-02
   1.3733679e-01
   1.0833921e-01
   7.0656709e-02
   6.6283412e-02
   6.8129770e-02
   6.2730812e-02
   8.1223287e-02
   7.2296269e-02
   1.4714994e-01
   1.0478178e-01
   8.1398129e-02
   7.5992659e-02
   6.8184853e-02
   1.2636313e-01
   1.1522761e-01
   1.0797356e-01
   7.5034589e-02
   6.5788969e-02
   1.2776846e-01
   5.9624881e-02
   3.0207407e-02
   6.1432417e-02
   1.1001501e-01
   4.6693187e-02
   3.9068382e-02
   1.3157383e-01
   1.4514881e-01
   1.1006603e-01
   5.0336652e-02
   8.1319191e-02
   9.1791391e-02
   1.5877472e-01
   1.1816654e-01
   3.3183925e-02
   5.0856356e-02
   5.0790858e-02
   4.8567969e-02
   5.7686828e-02
   1.0406478e-01
   8.4116071e-02
   1.3643147e-01
   9.9822409e-02
   5.9835777e-02
   3.4756832e-02
   6.8319835e-02
   6.6144265e-02
   5.4345924e-02
   4.3216411e-02
  -1.5934981e-02
   6.0499057e-02
   8.0178827e-02
   5.0197914e-02
   3.6266159e-02
   4.4988491e-02
   5.6489922e-02
   8.6657509e-02
   4.3677647e-02
   6.9702879e-02
   7.2980724e-02
   4.6837602e-02
   8.7335762e-03
   6.2326860e-02
   8.3125658e-02
   3.3457689e-02
   2.3724174e-02
   7.3179185e-02
   3.2315873e-02
   7.1666487e-02
   1.1134785e-01
   4.3187648e-02
   5.7955656e-02
   6.5597288e-02
   1.2451499e-01
   1.2381767e-01
   1.1254737e-01
   6.9904469e-02
   7.7102348e-02
   3.8638491e-02
   7.7816285e-02
   6.4519994e-02
   4.7917936e-02
   3.1834945e-02
   1.1677084e-01
   1.6509540e-01
   1.1611823e-01
   1.5169321e-01
   1.1424664e-01
   7.7465266e-02
   1.1662286e-01
   5.5024728e-02
   7.1588472e-02
   9.8682679e-02
   5.4321785e-02
   8.2368836e-02
   9.9594437e-02
   1.1314077e-01
   1.0346647e-01
   9.5457360e-02
   1.0929365e-01
   5.1908080e-02
   5.8704205e-02
   7.8836292e-02
   9.6372202e-02
   9.5455699e-02
   9.1562487e-02
   8.8846661e-02
   8.4559269e-02
   1.1117016e-01
   1.0452186e-01
   9.2234984e-02
   8.8438570e-02
   5.6225572e-02
   4.5605715e-02
   9.4422475e-02
   8.1374608e-02
   7.3812030e-02
   8.2782499e-02
   6.9905110e-02
   5.2656546e-02
   5.7273749e-02
   5.2804817e-02
   8.4365726e-02
   7.0369288e-02
   8.9505889e-02
   8.1209660e-02
   8.1582867e-02
   7.4055456e-02
   2.8639683e-02
   8.5205115e-02
   9.3572214e-02
   5.1300626e-02
   2.5773166e-02
   4.5173943e-02
   3.9109990e-02
   2.8439339e-02
   5.6308616e-02
   5.1973004e-02
   6.9242485e-02
   7.5126238e-02
   6.7269392e-02
   4.0521566e-02
   2.7769633e-02
   2.7961649e-02
   8.9322612e-02
   1.0247510e-01
   1.0404570e-01
   1.0900199e-01
   1.1252996e-01
   1.0600086e-01
   8.0994755e-02
   1.1972064e-01
   7.4005730e-02
   5.2257974e-02
   1.0059537e-01
   1.1173886e-01
   1.1552069e-01
   4.9342882e-02
   1.0301118e-01
   8.3743751e-02
   9.7464405e-02
   1.4782618e-01
   6.9117256e-02
   1.3301755e-01
   1.5428768e-01
   9.3475655e-02
   5.8495194e-02
   5.5585027e-02
   6.3935496e-02
   8.6883381e-02
   1.1311261e-01
   8.0539018e-02
   1.2816983e-01
   1.5454420e-01
   1.0669179e-01
   1.0091911e-01
   7.4177220e-02
   1.2387152e-02
   1.1597984e-01
   7.5912222e-02
   7.8519940e-02
   1.0817380e-01
   9.7069383e-02
   7.3436633e-02
   9.1752499e-02
   1.1791223e-01
   3.4027331e-02
   5.9013970e-02
   9.4161876e-02
   8.8156834e-02
   4.3190304e-02
   6.7589737e-02
   1.1372028e-01
   1.0782595e-01
   1.8666886e-01
   8.8638686e-02
   6.1764229e-02
   1.1216864e-01
   1.4167044e-01
   1.2324822e-01
   9.3182862e-02
   8.5382611e-02
   9.6231699e-02
   3.2053772e-02
   9.0394117e-02
   4.0391751e-02
   1.1606114e-01
   1.3621788e-01
   6.9488652e-02
   8.9615241e-02
   1.2621993e-01
   1.3164181e-01
   1.5875939e-01
   9.3651839e-02
   5.7992063e-02
   7.9604745e-02
   6.9832757e-02
   1.0166889e-01
   7.3801748e-02
   5.5595998e-02
   4.6336964e-02
   1.0473218e-01
   1.0983016e-01
   9.7316168e-02
   5.1026519e-02
   1.2339419e-02
   7.9449467e-02
   1.0754380e-01
   1.0337711e-01
   6.7729101e-02
   9.9281482e-02
   9.5985383e-02
   1.2323218e-01
   5.6632057e-02
   6.1677229e-02
   5.3682618e-02
   4.9975760e-02
   1.0035861e-01
   1.0457330e-01
   9.3897149e-02
   1.2261546e-01
   4.8458684e-02
   4.9212776e-02
   7.0623532e-02
   1.1188742e-01
   9.1501631e-02
   9.6414618e-02
   8.4365420e-02
   3.4915835e-02
   1.0860207e-01
   1.3018623e-01
   8.8094383e-02
   5.0004009e-02
   1.1503086e-01
   3.2449983e-02
   9.7974487e-02
   1.0993402e-01
   9.6075848e-02
   3.1583443e-02
   7.8917801e-02
   1.3006707e-01
   1.3349071e-01
   1.0610821e-01
   1.3315895e-01
   1.2642190e-01
   1.2686269e-01
   1.0871622e-01
   5.4683164e-02
   1.1477665e-01
   1.4303088e-01
   1.1250109e-01
   6.3690886e-02
   8.1625074e-02
   1.1564306e-01
   9.8354109e-02
   7.4176267e-02
   4.7675204e-02
   1.1044715e-01
   1.0754812e-01
   6.1495502e-02
   4.1300960e-02
   8.0060355e-02
   1.3964553e-01
   1.3582186e-01
   7.8662634e-02
   9.9280179e-02
   1.1469782e-01
   8.0056220e-02
   9.4493024e-02
   7.4095093e-02
   6.1905857e-02
   4.6867657e-02
   1.6138753e-02
   7.0543632e-02
   8.0584787e-02
   8.6977161e-02
   4.1701149e-02
   1.0642717e-01
   1.3830258e-01
   1.7218859e-01
   1.0962075e-01
   4.9772482e-02
   1.9279014e-02
   8.2069770e-02
   1.3904822e-01
   8.6018912e-02
   6.4830013e-02
   1.3973099e-01
   9.3620062e-02
   8.1161931e-02
   1.0040064e-01
   1.1056463e-01
   7.4520424e-02
   3.9223045e-02
   4.8171662e-02
   1.3130674e-01
   1.0377562e-01
   1.8612909e-01
   5.7847921e-02
   1.1685394e-01
   8.3949551e-02
   2.1030197e-02
   1.0259710e-01
   1.5398616e-01
   1.0136566e-01
   1.3471062e-01
   8.5267775e-02
   6.2120531e-02
   1.6510387e-01
   2.3311178e-01
   1.8130104e-01
   1.2697139e-01
   1.0710270e-01
   8.6361378e-02
   7.4965850e-02
   6.5525211e-02
   4.6297804e-02
   9.8440327e-02
   1.4879517e-01
   1.3883328e-01
   9.6939124e-02
   8.0618046e-02
   9.6846491e-02
   8.4814236e-02
   9.1944635e-02
   1.0597230e-01
   1.7370962e-01
   1.3248183e-01
   8.5832939e-02
   1.1770257e-01
   1.6807701e-01
   1.5298034e-01
   1.8658885e-01
   1.9522122e-01
   1.0741425e-01
   4.9491949e-02
   9.8413669e-02
   8.8020682e-02
   9.3781263e-02
   1.9038282e-01
   1.6169207e-01
   6.9374427e-02
   1.4232378e-02
  -2.5405742e-03
   4.4635300e-02
   1.2462981e-01
   1.0579015e-01
   1.0879813e-01
   1.1472224e-01
   1.5174688e-01
   1.2014747e-01
   9.1478683e-02
   1.0084576e-01
   9.5216401e-02
   1.2572053e-01
   1.3105355e-01
   7.4155949e-02
   4.5927349e-02
   1.1834609e-01
   2.3907262e-01
   2.0737989e-01
   1.3884500e-01
   9.6114509e-02
   1.6936328e-01
   2.2928195e-01
   1.8352884e-01
   2.9883698e-01
   7.5456166e-01
   9.0267444e-01
   5.5660468e-01
   2.2760913e-01
   2.0442168e-01
   1.2394674e+00
   3.9980304e+00
   3.8085892e+00
   1.5212421e+00
   4.3456116e-01
   3.9885679e-01
   5.0955713e-01
   5.8748162e-01
   8.4374237e-01
   7.2734427e-01
   3.4923628e-01
   1.9968548e-01
   2.2392876e-01
   2.2979158e-01
   2.4120916e-01
   3.1477332e-01
   3.2255584e-01
   2.3546825e-01
   2.4951048e-01
   1.6110580e-01
   1.4708784e-01
   2.3985817e-01
   1.9577499e-01
   3.4657598e-01
   3.7683848e-01
   2.8063628e-01
   8.5872240e-02
   4.5105245e-02
   6.3516892e-02
   1.0861669e-01
   1.4813596e-01
   1.3227880e-01
   1.2767592e-01
   1.0859758e-01
   1.2279128e-01
   1.4613731e-01
   2.0734303e-01
   2.3689802e-01
   2.1344082e-01
   1.8297544e-01
   1.9605151e-01
   2.4218538e-01
   2.4815740e-01
   3.3166113e-01
   2.9787368e-01
   2.2721189e-01
   2.8754476e-01
   3.6510754e-01
   3.7896106e-01
   3.1229267e-01
   4.0293685e-01
   5.4883295e-01
   5.3413975e-01
   5.7215965e-01
   5.3126997e-01
   4.8448601e-01
   5.2920276e-01
   5.7282764e-01
   5.2793443e-01
   4.8885602e-01
   6.9052160e-01
   1.0874006e+00
   1.0910270e+00
   7.0217568e-01
   5.8463472e-01
   6.0638785e-01
   5.3192574e-01
   3.9549109e-01
   5.2042842e-01
   7.1415520e-01
   5.0595713e-01
   4.0790623e-01
   4.6220136e-01
   5.2002525e-01
   5.2260178e-01
   5.1211417e-01
   4.8838693e-01
   6.0120726e-01
   4.0897521e-01
   4.3767032e-01
   4.3622100e-01
   3.4463531e-01
   4.1254401e-01
   4.9457434e-01
   5.9269673e-01
   2.9442000e-01
   2.5593200e-01
   3.6997232e-01
   3.7589899e-01
   3.3309820e-01
   4.4045085e-01
   5.4985201e-01
   3.6250889e-01
   4.4402596e-01
   4.5449728e-01
   4.0278491e-01
   5.2432072e-01
   3.4682876e-01
   2.7136859e-01
   2.8307602e-01
   2.6604486e-01
   2.7210182e-01
   3.2751495e-01
   4.7996959e-01
   4.0313748e-01
   3.7095103e-01
   3.4859946e-01
   4.5860323e-01
   4.7709596e-01
   4.8981965e-01
   5.8403099e-01
   4.2918414e-01
   4.3348953e-01
   3.8576472e-01
   5.1162994e-01
   6.6264385e-01
   5.6837761e-01
   5.2321237e-01
   3.4833428e-01
   4.5594400e-01
   1.3025780e+00
   1.6144037e+00
   1.1655533e+00
   5.7934844e-01
   3.0923530e-01
   4.4553107e-01
   6.2171042e-01
   6.0357291e-01
   6.1566401e-01
   4.7043574e-01
   3.7127995e-01
   3.8693020e-01
   3.0884805e-01
   3.0386209e-01
   3.5805637e-01
   3.9067394e-01
   3.6191535e-01
   2.6461858e-01
   3.2899031e-01
   2.8445455e-01
   2.3115654e-01
   2.0789665e-01
   2.3962089e-01
   1.9841941e-01
   2.4861673e-01
   1.5672666e-01
   1.4157961e-01
   9.9558681e-02
   1.7754301e-01
   1.3655333e-01
   1.7177807e-01
   2.1371871e-01
   1.7149135e-01
   1.5300117e-01
   1.4971417e-01
   1.5328957e-01
   1.1485875e-01
   1.5156637e-01
   2.0433366e-01
   1.9150749e-01
   2.0986968e-01
   1.2662882e-01
   2.1108711e-01
   1.1830837e-01
   1.8360534e-01
   2.4143933e-01
   1.6855380e-01
   1.8275777e-01
   1.3714670e-01
   1.3942218e-01
   1.8864447e-01
   2.0957685e-01
   2.3573521e-01
   1.6500869e-01
   2.3466644e-01
   2.2720459e-01
   1.0603516e-01
   1.5670614e-01
   1.2281432e-01
   2.9291317e-01
   4.2846507e-01
   4.0167558e-01
   2.5668043e-01
   2.0924225e-01
   2.1207748e-01
   2.0575731e-01
   1.3447471e-01
   2.0667550e-01
   1.1578946e-01
   9.5335014e-02
   1.3427188e-01
   2.1208666e-01
   1.0745661e-01
   1.1989346e-01
   1.2797232e-01
   1.5726577e-01
   1.4936082e-01
   1.4916578e-01
   1.0431005e-01
   6.9060542e-02
   1.0967626e-01
   1.3798779e-01
   7.0464097e-02
   1.0066133e-01
   6.8525970e-02
   6.8784721e-02
   2.8020451e-02
   1.4234748e-02
   1.1095814e-01
   1.3983825e-01
   1.1508524e-01
   7.8739569e-02
   5.1567070e-02
   5.4224350e-02
   6.3430175e-02
   3.5147417e-02
   1.0154915e-01
   8.4484525e-02
   8.6249083e-02
   1.0568917e-01
   6.8985261e-02
   7.0566304e-02
   4.8832115e-02
   3.8096115e-02
   8.6853184e-02
   4.6095662e-02
   8.2066044e-02
   8.8909484e-02
   6.9855265e-02
   7.5890496e-02
   9.0186507e-02
   9.4881162e-02
   6.5777935e-02
   5.6120247e-02
   9.0903394e-02
   6.0635004e-02
   1.3381721e-01
   1.8275675e-01
   1.4136869e-01
   7.6124020e-02
   1.9111520e-02
   9.7880758e-02
   1.4371669e-01
   1.5211482e-01
   1.3825360e-01
   3.2203365e-02
   1.2597455e-04
   8.5949726e-02
   1.3199940e-01
   1.0008990e-01
   1.9861896e-01
   2.4373595e-01
   2.5035951e-01
   2.4754140e-01
   1.6254093e-01
   3.1399500e-02
   4.4143189e-02
   1.7732105e-01
   1.7265077e-01
   1.8115389e-01
   2.2003219e-01
   3.2295442e-01
   4.0991461e-01
   3.1675115e-01
   1.4702709e-01
   1.2125065e-01
   2.1706915e-01
   3.3517981e-01
   3.2666236e-01
   1.6620444e-01
   9.7968414e-02
   1.2241696e-01
   2.1190228e-01
   2.1751295e-01
   1.0157683e-01
   1.3740027e-01
   1.1265583e-01
   5.9133604e-02
   6.9147080e-02
   7.0053406e-02
   6.1818853e-02
   4.4507764e-02
   2.3948485e-02
   3.6668051e-02
   6.7998894e-02
   1.7910130e-02
   7.2263859e-02
   1.1758978e-01
   2.1138500e-01
   9.4975688e-02
   4.0972911e-02
   6.6089898e-02
   8.0328733e-02
   7.6093644e-02
   1.5165025e-01
   1.4109282e-01
   1.0675658e-01
   1.0524696e-01
   1.0468487e-01
   1.8075947e-01
   8.9217506e-02
   8.0324812e-03
   7.6352730e-02
   7.7731706e-02
   6.0950048e-02
   6.5689340e-02
   1.0303613e-01
   8.3502330e-02
   1.4468166e-01
   5.8876142e-02
   1.1138052e-01
   1.0204018e-01
   1.5863624e-01
   2.7094055e-02
   4.2096093e-02
   9.3863308e-02
   1.3920124e-01
   1.6475806e-01
   1.4189294e-01
   1.4109136e-01
   1.3732754e-01
   1.5374082e-01
   9.1356233e-02
   1.6840717e-01
   2.3950423e-01
   1.8749750e-01
   7.1908481e-02
   9.0165921e-02
   1.1912668e-01
   1.5641560e-01
   2.0244271e-01
   2.3231520e-01
   1.4853945e-01
   9.5612794e-02
   8.0378748e-02
   4.7367424e-02
   8.0232590e-02
   2.0781490e-01
   2.3568770e-01
   1.6441680e-01
   7.1028002e-02
   2.3251271e-01
   3.3631521e-01
   2.2999692e-01
   1.8634535e-01
   1.2829891e-01
   2.2988829e-01
   2.6638511e-01
   3.0740836e-01
   1.8970014e-01
   5.8692012e-02
   3.1788290e-01
   5.0235724e-01
   3.5806507e-01
   2.0534739e-01
   9.4761759e-02
   3.8784593e-01
   6.8585902e-01
   5.6601775e-01
   1.6627313e-01
   1.2532076e-01
   4.9840534e-01
   1.0213801e+00
   6.8436044e-01
   2.4368021e-01
   3.1144953e-01
   9.5380902e-01
   1.1044301e+00
   6.5035474e-01
   2.0291981e-01
   2.6865557e-01
   7.4963957e-01
   9.4021857e-01
   4.9225554e-01
   1.8822093e-01
   3.5796320e-01
   8.5967332e-01
   8.0523211e-01
   3.1975698e-01
   1.6238296e-01
   2.1462725e-01
   1.2280267e-01
   7.5493217e-02
   2.1327402e-01
   2.4229205e-01
   1.2948930e-01
   1.5257086e-01
   1.9176207e-01
   4.3996866e-03
   1.1537500e-01
   1.2913671e-01
   1.7379043e-01
   1.5915896e-01
   1.4446700e-01
   1.0412423e-01
   1.1981954e-01
   1.5543313e-01
   1.3736616e-01
   1.0545997e-01
   1.0208508e-01
   1.2471994e-02
  -2.9854177e-02
   2.2905119e-02
   5.4835510e-02
   5.7131778e-02
   9.3236677e-02
   6.6425957e-02
   2.1823490e-02
   1.0450340e-01
   1.4865845e-01
   1.1161725e-01
   7.3603839e-02
   1.9050759e-01
   2.4403529e-01
   1.2721023e-01
   9.6318252e-02
   4.0329963e-02
   1.3007820e-01
   2.5778648e-01
   2.1019822e-01
   9.4501309e-02
   1.6846383e-01
   2.9856625e-01
   2.6534024e-01
   1.2262682e-01
   1.0917990e-01
   9.9725977e-02
   2.2122683e-01
   2.1240243e-01
   2.4372391e-01
   1.4004847e-01
   1.7773767e-01
   2.5586146e-01
   1.8027581e-01
   1.3273869e-01
   8.0375247e-02
   1.0503934e-01
   5.3494096e-02
   5.4816168e-02
   7.6156154e-02
   8.2393967e-02
   7.2102889e-02
   8.7173507e-02
   8.3533950e-02
   1.1601683e-01
   5.9031360e-02
   6.6127814e-02
   4.9842525e-02
   5.4007139e-02
   5.0260197e-02
   1.0912450e-01
   1.0996081e-01
   7.9474457e-02
   1.1377499e-01
   1.3750821e-01
   7.4410863e-02
   1.6710493e-01
   1.4136010e-01
   4.2390440e-02
   6.6048168e-02
   6.4260602e-02
   6.2947810e-02
   2.9274035e-02
   4.3815460e-02
   1.0460237e-01
   7.7934168e-02
   1.3262030e-01
   1.3753708e-01
   1.2404043e-01
   1.4002874e-01
   1.1935213e-01
   9.6615441e-02
   1.9494635e-01
   2.2349413e-01
   2.1406324e-01
   1.0280660e-01
   8.6890049e-02
   1.5864930e-01
   2.1573216e-01
   1.7075261e-01
   1.4651692e-01
   1.2671229e-01
   1.7065763e-01
   1.9358571e-01
   1.7490168e-01
   1.3970253e-01
   1.1073513e-01
   1.4425524e-01
   2.0273939e-01
   1.1655390e-01
   6.6802129e-02
   6.0414400e-02
   7.4839212e-02
   2.8601380e-02
   7.5527713e-02
   8.8530250e-02
   4.3566365e-02
   5.9158299e-02
   6.9834061e-02
   3.2672986e-02
   3.1831965e-02
  -1.5193252e-02
   1.8166112e-02
   8.2626350e-02
   1.0782407e-01
   6.4262144e-02
   1.2822288e-01
   1.5455142e-01
   1.1576791e-01
   6.1076708e-02
   6.9121040e-02
   4.2162053e-02
   5.5717748e-02
   1.0600233e-01
   1.1854295e-01
   2.2233201e-02
   1.1283492e-01
   9.9716611e-02
   8.2118407e-02
   1.2534849e-01
   1.1754750e-01
   1.5850756e-01
   1.3014005e-01
   8.5008785e-02
   2.8254891e-02
   2.9990846e-02
   4.1430384e-02
   3.9821457e-02
   1.2968722e-01
   1.1363366e-01
   9.5306709e-02
   2.1922743e-02
   7.8169718e-02
   7.1679600e-02
   1.2004709e-01
   8.9805275e-02
   9.9048816e-02
   1.0171789e-01
   1.1897234e-01
   1.3468795e-01
   8.7545656e-02
   4.1933674e-02
   1.1895011e-01
   1.4966254e-01
   1.1397690e-01
   1.0849354e-01
   1.0338153e-01
   6.8240516e-02
   2.5368877e-02
   7.2020508e-02
   5.6567181e-02
   5.3988133e-02
   8.9680187e-02
   1.1249824e-01
   3.0546462e-02
   3.9373524e-02
   6.7616940e-02
   1.0597030e-01
   1.5166774e-01
   1.2182476e-01
   7.6495342e-02
   4.6162151e-02
   3.8485941e-02
   3.5924502e-02
   8.9753933e-02
   5.4482568e-02
   8.8212930e-02
   7.4662432e-02
   6.1337002e-02
   1.7332613e-01
   8.6887106e-02
   7.9064853e-02
   1.2159044e-01
   7.1396232e-02
   9.3505576e-02
   1.1147554e-01
   1.4697817e-01
   1.1331782e-01
   1.1226331e-01
   9.5424958e-02
   4.6010707e-02
   5.5871964e-02
   8.4300250e-02
   1.2740582e-01
   1.4332061e-01
   1.0801217e-01
   7.1021833e-02
   7.8527771e-02
   1.0492793e-01
   6.6164583e-02
   3.2068655e-02
   5.5468395e-02
   8.1192523e-02
   1.0430492e-01
   8.4363118e-02
   8.3933972e-02
   5.8667131e-02
   7.4202798e-02
   1.8165523e-01
   1.1168918e-01
   1.2528509e-01
   1.1300658e-01
   1.4277329e-01
   8.1189752e-02
   6.3814148e-02
   6.3910492e-02
   1.3047057e-02
   7.0499815e-02
   3.2758504e-02
   4.4798654e-02
   9.0235010e-02
   8.8990122e-02
   5.6419715e-02
   1.0059882e-01
   1.0425261e-01
   5.9501290e-02
   8.7949730e-02
   1.3877782e-01
   1.1942599e-01
   1.4034499e-01
   1.3412592e-01
   8.1698023e-02
   4.7983199e-02
   9.6658282e-02
   1.4002092e-01
   8.3246700e-02
   1.3893272e-01
   7.0248082e-02
   5.9784602e-02
   1.3933638e-01
   1.0877112e-01
   5.0276145e-02
   1.3423802e-01
   1.3356824e-01
   8.2002342e-02
   9.2274033e-02
   5.7696108e-02
   6.5402538e-02
   1.1045759e-01
   9.8269723e-02
   7.6281950e-02
   4.1077457e-02
   1.2446667e-01
   1.1023919e-01
   1.2804529e-01
   1.0685408e-01
   1.0739832e-01
   9.4353557e-02
   9.6238427e-02
   5.6865692e-02
   3.9276525e-02
   1.2209510e-01
   1.0018207e-01
   4.9693182e-02
   8.5122466e-02
   6.8477832e-02
   7.5510286e-02
   6.3058048e-02
   1.1839460e-01
   6.7469679e-02
   8.6963132e-02
   8.6205184e-02
   9.9172093e-02
   6.6746764e-02
   1.7719006e-02
   8.3578639e-02
   5.3643599e-02
   9.3746945e-02
   9.5318146e-02
   4.0312659e-02
   3.0079378e-02
   5.2422490e-02
   4.6457849e-02
   1.1873927e-01
   1.1917022e-01
   1.0277485e-01
   7.5523756e-02
   9.4951920e-02
   7.6681018e-02
   8.3123781e-02
   3.1040967e-02
   2.5834672e-02
   1.0896786e-01
   1.0553902e-01
   8.3446965e-02
   4.7083348e-02
   7.0844382e-02
   3.7337430e-02
   3.5698503e-02
   7.7846676e-02
   9.2872784e-02
   4.3500647e-02
   1.1371240e-01
   1.1582993e-01
   5.5593219e-02
   5.0516475e-02
   6.0352828e-02
   9.3904302e-02
   5.7534024e-02
   6.6487968e-02
   1.0485823e-01
   8.7931372e-02
   5.4296631e-02
   9.8825715e-02
   8.3913848e-02
   1.0156109e-01
   2.3499519e-02
   4.7338169e-02
   1.1595064e-01
   1.3190888e-01
   9.9217623e-02
   4.7722656e-02
   6.6876031e-02
   5.0591074e-02
   7.6357730e-02
   4.2927966e-02
   1.2264560e-01
   1.3901323e-01
   9.2052259e-02
   5.0034821e-02
   6.8067960e-02
   6.3684575e-02
   3.7782412e-02
  -5.9860209e-03
   2.7085401e-02
   8.7305732e-02
   1.1069678e-01
   8.8009089e-02
   7.8521661e-02
   7.4641421e-02
   1.0473664e-01
   8.8893168e-02
   8.2604624e-02
   7.9671308e-02
   2.1992000e-02
   7.8986235e-02
   6.0745217e-02
   1.3181221e-01
   1.2719657e-01
   1.1562123e-01
   5.9700381e-02
   6.1036993e-02
   8.6911365e-02
   7.7149101e-02
   2.1706931e-01
   3.9723852e-01
   3.0684832e-01
   1.1787585e-01
   9.5533729e-02
   2.2356798e-01
   3.3614665e-01
   2.0827995e-01
   1.7338926e-01
   2.1061219e-01
   1.0853020e-01
   5.5620275e-02
   1.1840567e-01
   1.0513368e-01
   1.0775167e-01
   7.7485748e-02
   6.8235032e-02
   4.4222891e-02
   4.0179290e-02
   7.2758853e-02
   8.2285367e-02
   6.9274694e-02
   5.9229866e-02
   8.0089882e-02
   6.0139026e-02
   6.6574521e-02
   7.8329176e-02
   6.5318920e-02
   6.7320853e-02
   6.9430232e-02
   5.0223749e-02
   2.7245384e-02
   1.9457342e-02
   5.1715992e-02
   5.6313954e-02
   5.5656247e-02
   6.1952446e-02
   3.7129194e-02
   6.1103441e-02
   7.5090729e-02
   7.1644403e-02
   6.6468470e-02
   9.5176980e-02
   1.1258257e-01
   8.4013134e-02
   1.2482811e-02
   4.9500953e-02
   8.1977941e-02
   9.4074108e-02
   1.1589833e-01
   5.2015010e-02
   2.5272030e-02
   8.9437403e-02
   8.3011538e-02
   5.2759062e-02
   1.0582205e-01
   5.5658773e-02
   5.9857566e-02
   9.9350765e-02
   8.6696833e-02
   7.9505160e-02
   6.7657948e-02
   1.7466849e-02
   2.6852205e-02
   5.1525399e-02
   6.6974498e-02
   1.5362523e-02
   5.8505252e-02
   8.8444486e-02
   9.0376452e-02
   6.8685219e-02
   9.1246799e-02
   4.0966753e-02
   7.4636638e-02
   9.3063079e-02
   8.6233191e-02
   8.3683826e-02
   7.8853145e-02
   8.9212246e-02
   7.1437016e-02
   4.2408336e-02
   2.1644557e-02
   1.1635753e-03
   4.4814706e-02
   8.6969726e-02
   4.4139672e-02
   8.8347368e-02
   8.0707386e-02
   6.0019124e-02
   8.4830761e-02
   5.4245729e-02
   6.3865185e-02
   4.8003189e-02
   5.7883076e-02
   9.0918638e-02
   1.2418241e-01
   1.0377266e-01
   7.6145411e-02
   1.0152706e-01
   6.6962831e-02
   5.4128841e-02
   7.9436842e-03
   4.0943742e-02
   1.2156582e-02
   3.5775505e-02
   1.2694728e-01
   8.3361000e-02
   6.5753922e-02
   7.5691126e-02
   6.8749502e-02
   8.2094088e-02
   5.7209961e-02
   4.6690792e-02
   7.6758891e-02
   6.7013644e-02
   5.9259575e-02
   8.7208204e-02
   1.0697447e-01
   6.9565848e-02
   4.2582694e-02
   1.7218793e-02
   2.8955843e-02
   6.7448333e-02
   3.3170551e-02
   6.8767749e-02
   5.8859471e-02
   3.6004003e-02
  -9.3534011e-03
   3.2308836e-02
   7.8642197e-02
   7.2436444e-02
   9.4898254e-02
   5.0983328e-02
   8.5880190e-02
   2.6004024e-02
   2.3181276e-02
   4.0668689e-02
   3.3924866e-02
   6.2841423e-02
   8.0461830e-02
   7.3330365e-02
   7.4143454e-02
   8.0801286e-02
   8.9167535e-02
   7.3170535e-02
   1.2103599e-01
   1.3760297e-01
   7.6400407e-02
   7.8683138e-02
   1.2002611e-01
   1.2003028e-01
   9.5609806e-02
   3.5116546e-02
   1.7897036e-02
   1.0063481e-01
   1.0775729e-01
   9.8884314e-02
   5.7998549e-02
   7.3175170e-02
   1.1260213e-01
   9.3212649e-02
   8.7405264e-02
   4.3375455e-02
   7.1393259e-02
   1.0557325e-01
   1.0287163e-01
   8.9712895e-02
   6.4546846e-02
   7.6106764e-02
   3.5215318e-02
   2.0161591e-02
   6.8483800e-02
   6.0977191e-02
   5.1934112e-02
   8.5846424e-02
   8.6452350e-02
   4.9623311e-02
   1.1960071e-01
   1.4413235e-01
   1.3277085e-01
   3.1708781e-02
   1.5516094e-02
   4.5918345e-02
   8.0125533e-02
   9.4887897e-02
   9.9903151e-02
   8.7537229e-02
   3.4393176e-02
   4.8515037e-02
   2.0150525e-02
   6.7235179e-02
   7.1470745e-02
   1.0798323e-01
   1.2533469e-01
   1.0685676e-01
   7.2493598e-02
   3.9848682e-02
   6.9490463e-02
   8.3092131e-02
   5.5907711e-02
   6.1371364e-02
   1.0050571e-01
   9.1770135e-02
   9.2479669e-02
   1.2605484e-01
   7.4660189e-02
   7.8735448e-02
   7.1315132e-02
   3.5176605e-02
   3.6505550e-02
   5.1443692e-02
   6.5062352e-02
   9.7886905e-02
   6.6688545e-02
   3.7763879e-02
   8.2021266e-02
   5.3412367e-02
   8.2481407e-02
   6.8684019e-02
   2.9413013e-02
   7.1397565e-02
   9.4850503e-02
   1.1864481e-01
   6.6353969e-02
   3.6225263e-02
   6.8686873e-02
   4.3756992e-02
   6.3646257e-02
   6.7795731e-02
   9.0472005e-02
   3.9590385e-02
   4.0575638e-02
   8.7015569e-02
   8.6933404e-02
   3.0749593e-02
   6.0705233e-02
   6.5434791e-02
   6.8139344e-02
   1.0451885e-01
   1.5441932e-01
   1.3115671e-01
   6.9445178e-02
   7.9292163e-02
   7.5418517e-02
   3.3920664e-02
   6.1930258e-02
   2.9716162e-02
   6.1738078e-02
   8.6763404e-02
   7.0686281e-02
   9.4638184e-02
   1.0016433e-01
   1.2985657e-01
   4.7887377e-02
   7.7934690e-02
   1.0244391e-01
   8.9891613e-02
   1.1117992e-01
   2.8352244e-02
   4.8464946e-02
  -1.3351279e-02
   3.4572177e-02
   1.1317612e-01
   5.6039449e-02
   9.9926285e-02
   8.4407963e-02
   8.9621373e-02
   1.1245904e-01
   6.4845547e-02
   2.4628146e-02
   5.6557003e-02
   6.6251338e-02
   1.1947903e-01
   7.9731725e-02
   6.1201390e-02
   8.3785869e-02
   6.8455555e-02
   5.5676512e-02
   4.6706751e-02
   3.2587018e-02
   6.2701091e-02
   7.4843846e-02
   8.4339567e-02
   3.7849776e-02
   3.1241877e-02
   1.5004062e-02
   6.1664600e-02
   9.3220346e-02
   9.4489127e-02
   6.0181595e-02
   8.3903119e-02
   1.4356363e-01
   5.3800080e-02
   5.0853722e-02
   6.6462591e-02
   8.2042590e-02
   6.2551551e-02
   3.8426243e-02
   2.8062465e-02
   6.5495163e-02
   8.2843728e-02
   9.7489558e-02
   1.1094955e-01
   7.5839162e-02
   3.9901581e-02
   2.4569288e-02
   4.6662163e-02
   7.0141613e-02
   6.2419288e-02
   8.7253042e-02
   7.2044820e-02
   9.1645624e-03
   1.7074367e-02
   6.4460166e-02
   7.8438804e-02
   4.6517428e-02
   5.9769642e-02
   9.1597609e-02
   4.4495396e-02
   1.0302202e-01
   3.7890520e-02
   1.0079929e-01
   6.6998847e-02
   6.1269827e-02
   8.8498183e-02
   4.4129957e-02
   5.6029204e-02
   1.2833275e-01
   1.0681298e-01
   9.3017451e-02
   8.9720301e-02
   2.5571864e-02
   6.4533524e-02
   1.1168124e-01
   1.0290420e-01
   1.2912676e-01
   6.8044737e-02
   1.0003553e-04
   5.4820228e-02
   3.0308817e-02
   3.3127226e-02
   5.6847129e-02
   6.2577404e-02
   1.2126970e-01
   1.6296029e-01
   7.9920307e-02
   7.0056371e-02
   4.2428657e-02
   6.1733216e-02
   1.0002527e-01
   1.5239868e-01
   6.6306055e-02
   8.4691204e-02
   4.4151898e-02
   4.5866441e-02
   2.6785104e-02
   4.7703125e-02
   5.4689463e-02
   6.8681844e-02
   5.3082328e-02
   4.0143214e-02
   6.5131813e-02
   4.8108120e-02
   5.6671381e-02
   1.1452194e-01
   9.4833963e-02
   8.5067689e-02
   7.8463703e-02
   9.9918067e-02
   6.5190829e-02
   8.7750636e-02
   4.0799830e-02
   5.1296037e-02
   4.3944210e-02
   2.5255676e-02
   6.9479495e-02
   8.2683280e-02
   3.2635793e-02
   1.0566870e-01
   5.3228550e-02
   6.6563122e-02
   9.9772103e-02
   6.5365739e-02
   5.8286041e-02
   3.5803229e-02
   2.2839941e-02
   1.1622165e-01
   7.0080042e-02
   6.1645586e-02
   6.7417040e-02
   4.6894431e-02
   1.4253890e-02
   2.4440831e-02
   6.7413546e-02
   7.8687347e-02
   7.2403662e-02
   1.0908845e-01
   1.5184341e-01
   9.4757855e-02
   1.1255204e-01
   6.4324141e-02
   3.4542929e-02
   4.4245265e-02
   9.4206288e-02
   1.8651591e-01
   1.5002637e-01
   1.1630008e-01
   1.3270232e-01
   1.6869804e-01
   6.1945733e-02
   1.6103175e-02
   4.0718216e-02
   3.8974021e-02
   3.2861933e-02
   5.0008573e-02
   4.4071607e-02
   6.5341525e-02
   8.5551389e-02
   9.7674355e-02
   4.8867334e-02
   3.3009205e-02
   2.0946300e-02
   6.7908518e-02
   6.5971904e-02
   3.7262257e-02
   7.0645459e-02
   1.3913739e-01
   1.0896166e-01
   6.3645557e-02
   7.7093259e-02
   7.4505925e-02
   5.4414425e-02
   4.8990981e-03
  -7.7776110e-04
   4.8211746e-02
   7.8797564e-02
   6.5324165e-02
   4.7118913e-02
   7.3230766e-02
   7.0459925e-02
   1.7444959e-02
   3.1172678e-02
   5.8742963e-02
   5.7687204e-02
   5.0311320e-02
   1.0099630e-01
   7.7436343e-02
   2.4097761e-02
   5.4197102e-03
  -4.0776399e-03
   4.4313505e-02
   6.0548000e-02
   2.6942998e-02
   1.5659807e-02
   4.5331363e-02
   4.3219350e-02
   6.5192141e-02
   9.2541084e-02
   4.9275111e-02
   6.2662557e-02
   4.8190240e-02
   5.5162422e-02
   9.3513653e-02
   8.8896282e-02
   2.8321683e-02
   6.0196068e-02
   1.0115926e-01
   7.3034279e-02
   6.1071161e-02
   6.4710930e-02
   5.7718631e-02
   8.0519378e-02
   7.7904001e-02
   6.0551360e-02
   3.1063901e-02
   2.8604323e-02
   4.2878561e-02
   6.2040038e-02
   6.0526006e-02
   9.9931620e-02
   7.1082242e-02
   5.6713657e-04
   6.4722933e-02
   9.7447895e-02
   4.2514846e-02
   4.5441184e-02
   6.2057994e-02
   3.9298519e-02
   7.9398729e-02
   1.1178841e-01
   7.6910011e-02
   6.3165538e-02
   2.4493936e-02
   7.0671186e-02
   4.1245602e-02
   7.6064885e-02
   1.0443831e-01
   6.5542549e-02
   4.3258194e-02
   5.0555989e-02
   1.1302531e-01
   8.1787713e-02
   6.6226445e-02
   4.5650374e-02
   2.4169588e-02
   7.1639068e-02
   5.5608153e-02
   5.1038034e-02
   6.0135081e-02
   5.2410677e-02
   2.1995438e-02
   4.5172043e-02
   9.9529207e-02
   9.7676702e-02
   8.4622532e-02
   1.0066891e-01
   8.1384376e-02
   8.5058808e-02
   4.9763184e-02
   3.3118583e-02
   4.8944049e-02
   9.1580063e-02
   1.9324716e-02
   5.2781399e-02
   5.0095204e-02
   6.7532182e-02
   5.7290513e-02
   1.2872426e-02
   6.6348068e-02
   6.3472465e-02
   4.4757839e-02
   8.9199923e-02
   8.9226097e-02
   1.5780080e-02
   5.6252807e-02
   9.0066433e-02
   5.8771420e-02
   7.7235423e-02
   7.4972093e-02
   6.0541183e-02
   1.1719682e-01
   6.8353847e-02
   8.5502401e-02
   7.6962352e-02
   1.0102675e-01
   9.5831230e-02
   7.2409093e-02
   1.1705819e-01
   7.5043477e-02
   6.0726725e-02
   6.6618338e-02
   1.0266348e-01
   1.0617363e-01
   2.4494877e-02
   2.0638241e-02
   5.9414331e-02
   1.0877354e-01
   5.2507687e-02
   7.5781167e-02
   6.5460339e-02
   9.2160076e-02
   1.1321710e-01
   5.2743882e-02
   4.8837747e-02
   1.1003380e-01
   1.3082205e-01
   5.0212070e-02
   4.6435826e-02
   8.9680023e-02
   1.3959676e-02
   2.9519703e-02
   1.3016030e-01
   1.0508534e-01
   7.1542472e-02
   8.1438653e-02
   1.0543408e-01
   1.1586853e-01
   8.7950833e-02
   4.9572822e-02
   7.2107084e-02
   7.5605094e-02
   1.6261060e-02
   1.8665671e-02
   2.7047170e-02
   5.4970477e-02
   7.1548179e-02
   3.9677028e-02
   8.3783537e-02
   8.5405938e-02
   8.3263211e-02
   8.3019555e-02
   1.1368848e-01
   9.0107612e-02
   8.4489562e-02
   5.2492656e-02
   6.0535204e-02
   6.0279619e-02
   5.0421070e-02
   9.4048314e-02
   8.7606780e-02
   8.1821322e-02
   6.4659916e-02
   3.3058751e-02
   2.6845621e-02
   3.5240583e-02
   3.8803775e-02
   7.6794140e-02
   4.8534453e-02
   5.2038636e-02
   6.6180207e-02
   8.5062914e-02
   1.0151330e-01
   6.0678042e-02
   6.4851321e-02
   1.1099979e-01
   9.1052637e-02
   9.4780810e-02
   7.4774653e-02
   2.8880896e-02
   2.6037710e-02
   4.0161900e-02
   2.6946533e-02
   8.3324440e-02
   8.3090141e-02
   8.9591913e-02
   9.2491090e-02
   6.3887373e-02
   7.6119848e-02
   1.0187600e-01
   8.3083071e-02
   7.4807927e-02
   9.4501682e-02
   1.0784444e-01
   8.1762560e-02
   1.0244416e-01
   5.8310006e-02
   4.5982439e-02
   6.6434078e-02
   9.9773116e-02
   7.8778379e-02
   1.0138065e-01
   4.5106512e-02
   3.3326421e-02
   7.2560169e-02
   6.3624151e-02
   6.2693842e-02
   5.3702652e-02
   8.4092535e-02
   9.9625967e-02
   9.8683998e-02
   8.4557489e-02
   7.7199943e-02
   9.9047691e-02
   9.9477246e-02
   9.9007167e-02
   9.5226830e-03
   2.9102260e-02
   6.3700616e-02
   8.6006917e-02
   6.4516656e-02
   4.9266305e-02
   6.5612189e-02
   8.5025415e-02
   3.4918342e-02
   3.8616166e-02
   6.7812376e-02
   6.5304898e-02
   3.0726373e-02
   5.5690922e-02
   7.7307157e-02
   2.6075108e-02
   3.8882948e-02
   3.7426598e-02
   1.2788790e-02
   1.2177676e-01
   1.3493030e-01
   5.1010206e-02
   7.6905176e-02
   1.4139973e-01
   8.7309852e-02
   2.6232714e-02
   4.7268067e-02
   7.2108209e-02
   6.7883834e-02
   1.0128614e-01
   1.0688654e-01
   1.0143753e-01
   1.0551523e-01
   9.4231844e-02
   4.3376397e-02
   3.1276796e-02
   5.8911305e-02
   8.8152051e-02
   1.1042598e-01
   1.2023716e-01
   3.5451576e-02
   3.2583486e-02
   6.0346905e-02
   3.9191164e-02
   4.3476112e-02
   9.9345632e-02
   8.4339149e-02
   1.4600672e-01
   9.0194851e-02
   8.9347303e-02
   3.2740142e-02
   4.0875897e-02
   4.6273723e-02
   9.5719762e-02
   1.8011740e-01
   1.9904724e-01
   1.3303317e-01
   4.0518112e-02
   4.2201180e-02
   4.6516780e-02
   9.0999916e-02
   8.6747669e-02
   8.0850787e-02
   5.4693539e-02
   4.6722475e-02
   7.5454980e-02
   7.0585184e-02
   1.1651948e-01
   1.2776926e-01
   1.0656849e-01
   2.9035022e-02
   4.2615958e-02
   4.9408294e-02
   9.7681619e-02
   7.9955041e-02
   7.5227238e-02
   5.7078343e-02
   1.6909784e-02
   6.1657574e-02
   1.2505309e-01
   8.5620284e-02
   7.0030101e-02
   3.2762922e-02
   5.7099007e-02
   7.2769202e-02
   6.2355004e-02
   8.9895874e-02
   5.8876928e-02
   1.6010718e-02
   4.0832963e-02
   6.1274190e-02
   7.2836198e-02
   7.5842209e-02
   1.0329982e-01
   9.5678993e-02
   5.3972870e-02
   7.3094584e-02
   6.4622380e-02
   7.8228317e-02
   5.3044647e-02
   4.9577694e-02
   7.1054973e-02
   4.5417558e-02
   6.1957613e-02
   8.0683395e-02
   2.7159402e-02
   7.4074954e-02
   1.2872502e-01
   9.4592139e-02
   3.0109428e-02
   4.3086633e-02
   7.3823899e-02
   7.0727140e-02
   1.6507359e-02
   3.1699188e-02
   1.6658764e-02
   4.2078495e-02
   5.2598722e-02
   5.4556869e-02
   6.6365689e-02
   1.1128485e-01
   9.0014495e-02
   6.7112014e-02
   7.8964278e-02
   3.5516456e-02
   6.3499399e-02
   6.6811390e-02
   1.4656079e-01
   1.8792488e-01
   2.0109038e-01
   1.5574631e-01
   4.9292393e-02
   5.0739430e-02
   7.4001923e-02
   2.2866584e-02
   5.4854248e-02
   8.2958952e-02
   8.5434213e-02
   4.9293194e-02
   4.6051148e-02
   5.1828980e-02
   1.1280288e-03
   4.2366214e-02
   9.4588034e-02
   1.7221449e-01
   1.5988436e-01
   1.2764986e-01
   8.0057755e-02
   5.6497149e-02
   9.9405348e-03
   9.9121548e-02
   3.3012930e-01
   3.6879373e-01
   2.3350589e-01
   7.3136352e-02
   8.1821326e-03
   4.7950562e-02
   7.9796255e-02
   1.1192966e-01
   7.1917914e-02
   2.4164306e-02
   3.0294729e-02
   1.0040968e-01
   1.1469258e-01
   1.4304616e-01
   1.8254359e-01
   1.5865561e-01
   8.2509868e-02
   8.1035778e-02
   5.6460567e-02
   5.1110093e-02
   4.0414002e-02
   1.2612039e-01
   6.8321325e-02
   7.1523160e-02
   1.2207168e-01
   1.2621328e-01
   4.6866607e-02
   7.1550868e-02
   1.0049538e-01
   8.9673251e-02
   5.5541873e-02
   2.7778151e-02
   7.7013493e-02
   9.0195082e-02
   4.9178153e-02
   5.8476932e-02
   6.5066218e-02
   2.5360148e-02
   3.1964317e-02
   5.0662745e-02
   7.1515359e-02
   1.1735369e-01
   9.0432890e-02
   7.6202154e-02
   6.3729331e-02
   2.4838841e-02
   4.1777778e-02
   4.3332506e-02
   9.6544445e-02
   6.8815812e-02
   4.9315725e-02
   8.5275978e-02
   7.5068444e-02
   4.3499716e-02
   4.4660475e-02
   6.1835475e-02
   9.6962765e-02
   4.6246499e-02
   2.8509535e-02
   2.9391736e-02
   6.1958354e-02
   1.5004997e-02
   4.9396336e-02
   9.3070798e-02
   8.4910758e-02
   8.2563482e-02
   3.5886936e-02
   9.6079960e-02
   8.0330335e-02
   1.2972197e-01
   1.3867469e-01
   8.4121250e-02
   8.9553475e-02
   7.9943195e-02
   5.5881571e-02
   6.0578458e-02
   8.0879822e-02
   7.8154363e-02
   8.6310342e-02
   5.1209424e-02
   7.0254696e-03
   1.3913395e-02
  -2.7153445e-03
   6.5669738e-02
   1.4132337e-01
   1.3179493e-01
   1.2660521e-01
   9.8577619e-02
   6.2609665e-02
   2.0140143e-02
   2.1454742e-02
   2.7533727e-02
   1.3120659e-01
   7.5752869e-02
   1.0000037e-01
   1.0540451e-01
   5.8599431e-02
   5.4405741e-02
   7.9429254e-02
   7.5879171e-02
   5.9546605e-02
   6.2710844e-02
   1.0213952e-01
   5.7518948e-02
   7.0310727e-02
   5.3764008e-02
   4.4267431e-02
   5.1142380e-02
   6.7332149e-02
   5.9496343e-02
   5.9971530e-02
   9.9126086e-02
   4.3463219e-02
   2.2258528e-02
   4.8501782e-02
   4.2147972e-02
   7.9366431e-02
   8.9480937e-02
   6.4859927e-02
   8.9245439e-02
   4.1853793e-02
   4.4739854e-02
   4.3989077e-02
   7.2135881e-02
   6.6129945e-02
   4.0205114e-02
   1.1203285e-01
   1.3380487e-01
   4.4115823e-02
   2.5555788e-02
   4.3234587e-02
   7.6655187e-02
   9.3425475e-02
   5.7724778e-02
   6.4059369e-02
   5.7623710e-02
   4.7890920e-02
   8.9682840e-02
   6.3010752e-02
   1.6586138e-02
   3.0472560e-02
   1.1793129e-02
   5.8131456e-02
   7.7939056e-02
   7.2240010e-02
   4.7843840e-02
   6.8688430e-02
   3.5399362e-02
   5.4987047e-02
   4.7949206e-02
   5.4660015e-02
   2.3577146e-02
   6.7524821e-02
   3.4551609e-02
   3.3221252e-02
   2.8542113e-02
   2.3194527e-02
   6.1462946e-02
   7.6801576e-02
   3.2218296e-02
   5.2565943e-02
   1.1655743e-01
   7.5760335e-02
   9.1827460e-02
   2.0234369e-01
   2.9293326e-01
   2.7493346e-01
   1.5944888e-01
   7.7152841e-02
   7.2757646e-02
   9.4411522e-02
   9.2523061e-02
   4.5599252e-02
   7.1447477e-02
   4.8252378e-02
   5.4156214e-02
   1.1878131e-01
   8.0685221e-02
   3.1641889e-02
   3.2434665e-02
   1.1123230e-01
   9.7795181e-02
   7.9657212e-02
   6.6428930e-02
   9.2550404e-02
   1.5544990e-01
   1.3925077e-01
   8.1153095e-02
   8.3083607e-02
   1.3157466e-01
   7.6803409e-02
   1.0597771e-01
   4.6686385e-02
   4.5236543e-02
   3.7858885e-02
   3.3583093e-02
   6.4826399e-02
   3.6157899e-02
   6.0657114e-02
   6.5993488e-02
   7.3350206e-02
   4.8074353e-02
   3.0943621e-02
   4.9530100e-02
   4.2737253e-02
   6.7544155e-02
   7.2309956e-02
   3.9353594e-03
   1.9603858e-02
   5.1850546e-02
   6.6343620e-02
   1.1176145e-01
   1.1432625e-01
   9.8126598e-02
   6.2553041e-02
   6.8325274e-02
   6.4067923e-02
   6.0440771e-02
   2.8897261e-02
   5.3992927e-02
   8.6802386e-02
   7.4824557e-02
   7.5891010e-02
   2.5696851e-02
   2.5453052e-02
   6.4606160e-02
   9.5669605e-02
   1.4931048e-01
   1.1671238e-01
   6.1870497e-02
   6.0884714e-02
   6.9185331e-02
   2.3722967e-02
   2.0970814e-02
   4.9359605e-02
   1.7408121e-02
   4.2112309e-02
   1.2560642e-01
   1.7142074e-01
   1.2415824e-01
   6.7842074e-02
   2.3140199e-02
  -4.6859329e-04
   4.1586623e-02
   1.0374768e-01
   1.6406545e-01
   3.8563618e-01
   4.4749236e-01
   3.0812290e-01
   1.6181555e-01
   1.2099268e-01
   7.7407524e-02
   7.2808988e-02
   5.8844052e-02
   7.0047908e-02
   1.0168995e-01
   1.1200194e-01
   9.7464867e-02
   1.0679736e-01
   1.0484548e-01
   4.3074250e-02
   4.7656123e-02
   1.7563565e-02
   2.8739206e-02
   5.1116299e-02
   1.1760660e-01
   1.0621038e-01
   4.9987044e-02
   5.7087615e-02
   5.0295647e-02
   5.6943376e-02
   2.1751903e-02
   8.2259886e-02
   3.6179483e-02
   5.3615607e-02
   9.7216144e-02
   7.2968014e-02
   3.4243543e-02
   2.7429461e-02
   2.1491870e-02
   9.4307743e-02
   7.6595984e-02
   8.6092003e-02
   4.5598175e-02
   6.6780254e-02
   6.7918919e-02
   3.6425214e-02
   5.8679719e-02
   3.9685119e-02
   1.0163049e-01
   8.6333774e-02
   5.7671856e-02
   4.3944266e-02
   1.0669003e-01
   9.4829470e-02
   6.5028101e-02
   7.6828122e-02
   1.0110464e-01
   6.9632016e-02
   9.7658880e-02
   1.3878673e-01
   1.8683609e-01
   1.8833695e-01
   9.4606861e-02
   1.1397007e-01
   3.1969562e-02
   6.5255910e-02
   1.4422890e-02
   1.0893396e-01
   1.7339721e-01
   1.2384164e-01
   1.3052067e-01
   1.1663795e-01
   8.4027767e-02
   9.3380414e-02
   1.2012693e-01
   1.3761669e-01
   2.8676314e-02
   8.4429771e-02
   1.8756410e-01
   1.7621630e-01
   1.2340510e-01
   1.1496523e-01
   8.2390018e-02
   1.7378453e-02
   5.9264090e-02
   3.5997704e-02
   5.8389772e-02
   9.0116255e-02
   4.2192031e-02
   7.4336231e-02
   1.0471688e-01
   5.9929349e-02
   4.8538961e-02
   7.8893334e-02
   8.0280282e-02
   1.2191846e-01
   9.3402639e-02
   8.8745795e-02
   8.7513581e-02
   7.1753956e-02
   7.0665561e-02
   1.4412999e-01
   7.7570751e-02
   9.9388860e-02
   6.2048707e-02
   1.0492855e-01
   8.5663587e-02
   4.7696191e-03
   5.1430192e-02
   1.0583179e-01
   8.9678124e-02
   1.2480050e-01
   1.8543188e-01
   6.0459595e-02
   6.4177878e-02
   8.5993730e-02
   6.1963759e-02
   6.8760924e-02
   9.0533316e-02
   1.6551790e-01
   2.0825192e-01
   1.2317365e-01
   1.4795874e-01
   1.5524139e-01
   6.2878646e-02
   4.2012934e-02
   5.1976860e-02
   4.0261801e-02
   1.2357889e-02
   4.4620689e-02
   4.7905717e-02
   5.2525658e-02
   4.0313616e-02
   6.8830107e-03
   6.0586352e-02
   3.6663391e-02
   4.5956474e-02
   1.7654940e-02
   6.0647115e-02
   1.1305376e-01
   1.0537043e-01
   3.5289779e-02
   3.1295616e-02
   3.0664885e-03
   7.5580046e-02
   9.5770441e-02
   6.5299369e-02
   6.4238384e-02
   9.5712647e-02
   7.3414482e-02
   8.1495382e-02
   7.9348013e-03
   1.6022021e-02
   1.9122705e-02
   1.9624066e-02
   2.3722790e-02
   4.0108021e-02
   6.0682867e-02
   6.9507755e-02
   1.0398369e-01
   1.3945630e-01
   6.6443294e-02
   7.5754896e-02
   5.9154414e-02
   1.1288063e-02
   7.0079938e-02
   6.6276789e-02
   5.8683213e-02
   4.3079246e-02
   1.0712712e-01
   1.6652386e-01
   1.8872194e-01
   1.2468204e-01
   5.5624139e-02
   7.3531501e-02
   8.4640257e-02
   7.5088575e-02
   1.7161758e-01
   4.4038907e-01
   6.3928235e-01
   5.5949897e-01
   4.0896180e-01
   2.2630411e-01
   1.2343569e-01
   6.9907226e-02
   1.4716226e-02
   9.5315538e-03
   6.1568633e-02
   1.0283583e-01
   1.2321086e-01
   1.0222467e-01
   1.1606441e-01
   6.3696578e-02
   7.6925881e-02
   1.2403717e-01
   4.7108445e-02
   5.9821315e-02
   5.4987289e-02
   4.2230871e-02
   3.8627032e-02
   5.2973859e-02
   8.1402529e-03
   9.3130447e-02
   1.3795523e-01
   6.3499868e-02
   4.6305027e-02
   4.9721412e-02
   6.5661572e-02
   6.0049046e-02
   5.4031689e-02
   1.3469163e-01
   3.3512172e-01
   4.4780031e-01
   3.0902421e-01
   1.4639239e-01
   1.2741697e-01
   1.1926667e-01
   1.0259601e-01
   6.2407319e-02
  -5.1005860e-03
   2.9289309e-02
   1.1881243e-01
   3.5371363e-01
   3.2407370e-01
   2.3030412e-01
   1.6204856e-01
   4.7949452e-02
   6.2963210e-02
   4.9599245e-02
   1.7300336e-01
   2.9275969e-01
   2.7774733e-01
   2.4452862e-01
   2.2013058e-01
   1.5074238e-01
   1.4897190e-01
   1.3741967e-01
   1.1474485e-01
   4.3301947e-02
  -1.3761134e-03
   8.3784662e-02
   2.2531295e-01
   4.2117566e-01
   4.7668332e-01
   2.7393937e-01
   1.0277211e-01
   1.2667149e-01
   2.2601061e-02
   1.8737799e-01
   6.5382200e-01
   1.2626493e+00
   1.4663303e+00
   1.0787786e+00
   8.0845064e-01
   8.3957875e-01
   7.9064924e-01
   5.0554883e-01
   3.1647781e-01
   1.5531915e-01
   5.4880951e-02
   6.0606146e-01
   2.6344807e+00
   4.7708774e+00
   4.3669100e+00
   2.4738398e+00
   9.3353504e-01
   3.6540979e-01
   2.0712927e-01
   1.5412139e+00
   9.3936224e+00
   1.9017210e+01
   1.8951586e+01
   1.1196340e+01
   4.5280347e+00
   1.3081632e+00
   3.5338154e-01
   5.7046004e-02
  -1.9283913e-02
   2.5749004e-01
   1.4215190e+00
   2.7251751e+00
   2.9149091e+00
   1.9483918e+00
   1.0088270e+00
   3.6047509e-01
  -1.4921890e-02
  -1.0191716e-01
   6.7371070e-02
   1.8374762e-01
   4.4678271e-01
   8.8538271e-01
   7.2484666e-01
   3.4780464e-01
   1.8669155e-01
   1.6026269e-01
   1.1053295e-01
   8.6342618e-02
   6.1714131e-02
   1.5534738e-01
   3.4156004e-01
   4.4549835e-01
   6.5089369e-01
   8.2747018e-01
   6.7387855e-01
   4.1750163e-01
   1.0990114e-01
  -9.8364636e-02
   1.3195352e-01
   2.2380194e-01
   2.3525162e-01
   2.3817329e-01
   2.2242834e-01
   1.8387721e-01
   6.6566624e-02
  -1.3131179e-03
   1.5419948e-01
   1.9269674e-01
   2.1183373e-01
   1.8606867e-01
   2.0201410e-01
   2.2858074e-01
   1.5075631e-01
   2.1385424e-01
   1.7637315e-01
   1.4580450e-02
  -4.1194737e-02
   4.8744924e-02
   1.8471521e-01
   2.1465333e-01
   1.0946923e-01
   3.9824773e-02
  -3.0074348e-03
  -1.2626720e-02
   7.1233355e-02
   2.4606687e-01
   4.7676963e-01
   5.0920552e-01
   3.9687306e-01
   1.6939493e-01
   1.2709561e-01
   4.0408668e-01
   1.0173724e+00
   1.0818141e+00
   7.1239519e-01
   2.8907746e-01
   8.2323432e-02
   3.5038853e-01
   8.1708878e-01
   8.4697527e-01
   5.6775188e-01
   2.7451521e-01
   2.1968701e-01
   1.3469258e-01
   2.9239160e-01
   1.3850524e+00
   3.1788383e+00
   3.5932074e+00
   2.3239815e+00
   1.0792474e+00
   4.4888327e-01
   2.2630304e-01
   1.7478222e-01
   3.7838724e-02
   7.7200510e-02
   3.9478052e-01
   7.0102352e-01
   7.3303711e-01
   5.3329319e-01
   2.2640827e-01
   8.6862437e-02
   1.8475043e-02
   5.0574921e-02
   1.7833825e-02
   9.7720288e-02
   2.8535134e-01
   3.4703678e-01
   2.0335200e-01
   1.1127697e-01
   8.2118303e-02
   2.8410923e-02
   7.0801519e-02
   7.9532459e-02
   1.4712189e-02
   4.5751423e-02
   1.3863224e-01
   1.2631609e-01
   1.9224279e-01
   2.4823536e-01
   1.8980588e-01
   1.4598964e-01
   6.9801219e-02
   5.9182372e-02
   1.0085006e-01
   1.3199182e-01
   8.9652762e-02
   1.5032764e-01
   1.3677529e-01
   4.2465739e-02
   5.1028188e-02
   1.6292436e-02
   1.2947673e-01
   1.8485329e-01
   1.6319333e-01
   9.5632888e-02
   7.7614389e-02
   9.7204566e-02
   1.0072012e-01
  -2.9828434e-04
   3.2282665e-02
   1.0439013e-01
   2.0305501e-01
   2.5509831e-01
   3.0373833e-01
   3.3316970e-01
   1.0036666e-01
   4.1391637e-02
   5.3985424e-02
   1.7863038e-01
   2.7364862e-01
   3.4418544e-01
   3.8125420e-01
   2.8981724e-01
   1.6834824e-01
   2.8055441e-01
   4.4750488e-01
   3.9943260e-01
   2.9110986e-01
   1.6757180e-01
  -1.2202021e-02
   1.2790209e-01
   7.1015489e-01
   1.3268605e+00
   1.2623069e+00
   8.7952167e-01
   2.7517951e-01
   1.2618604e-01
   1.4416106e-02
   8.6663735e-01
   3.4933989e+00
   5.4158549e+00
   4.6298132e+00
   2.4359307e+00
   1.0149796e+00
   3.5356194e-01
   1.0841754e-01
   2.0425755e-01
   3.7468037e-01
   3.8462225e-01
   8.0307847e-01
   1.0031132e+00
   7.4379033e-01
   4.7835606e-01
   3.1623888e-01
   2.5481674e-01
   1.6279785e-01
   1.2073943e-01
   1.2711291e-01
   1.5929335e-01
   1.5733686e-01
   1.8709022e-01
   1.4686711e-01
   8.8392228e-02
   1.0641605e-01
   9.4940670e-02
   3.9901137e-02
   1.3382286e-01
   1.5226848e-01
   1.1085232e-01
   9.4466053e-02
   1.5683119e-01
   1.5134020e-01
   3.6748700e-02
   2.8411781e-02
   6.8037063e-02
   1.5414728e-01
   6.0233917e-02
   1.3506992e-01
   1.3324463e-01
   7.4143425e-02
   8.0043204e-02
   1.8211557e-02
   3.3179130e-02
   8.3259024e-02
   1.0271697e-01
   1.5671109e-01
   1.5219951e-01
   1.5596472e-01
   1.5947267e-01
   1.8827301e-01
   1.0922958e-01
   3.6165401e-02
   1.1251446e-02
   6.6984020e-02
   1.1002000e-01
   1.4797056e-01
   1.6811056e-01
   1.5668744e-01
   1.8707600e-01
   5.5455647e-02
   9.5096305e-02
   1.1672759e-01
   1.9100718e-01
   2.0835170e-01
   2.3164907e-01
   2.2637105e-01
   2.4075329e-01
   1.8042509e-01
   1.3448812e-01
   1.9065008e-01
   1.5538956e-01
   1.5563473e-01
   8.2462683e-02
   5.0135925e-02
   1.7641594e-01
   2.6271936e-01
   3.1238008e-01
   2.4915908e-01
   1.2961625e-01
   6.6162303e-02
   5.9071224e-02
   2.2587563e-01
   6.5952229e-01
   1.1194142e+00
   1.1584649e+00
   7.2138143e-01
   2.9819986e-01
   1.8967460e-01
   1.1395029e-01
   8.9296237e-02
   4.7225639e-02
   1.1199459e-01
   1.5492553e-01
   2.2059314e-01
   2.8965861e-01
   2.4463156e-01
   2.0141837e-01
   1.0590325e-01
   1.1257403e-01
   1.2459600e-01
   7.4590258e-02
   1.1964686e-01
   1.3045402e-01
   1.0152902e-01
   8.8388227e-02
   9.4868876e-02
   3.6835097e-02
   5.8156997e-02
   1.1651417e-01
   1.3760871e-01
   8.2999468e-02
   8.5730635e-02
   1.5356678e-01
   2.0259160e-01
   1.4424278e-01
   1.1938129e-01
   9.5133252e-02
   1.0306274e-01
   1.1185193e-01
   1.1383098e-01
   1.4747483e-01
   8.7421261e-02
   1.0123630e-01
   1.1189065e-01
   1.1345654e-01
   1.2591055e-01
   8.9558654e-02
   5.1026598e-02
   8.1193715e-02
   1.2886603e-01
   1.1141089e-01
   9.6067011e-02
   2.5072107e-02
   1.7025158e-02
   5.3806221e-03
   2.2968771e-02
   1.1450394e-01
   1.2776738e-01
   1.1843836e-01
   1.2286533e-01
   1.2943362e-01
   1.1012647e-01
   7.9030670e-02
   1.0202486e-01
   4.9433332e-02
   1.6128999e-01
   1.5343408e-01
   1.1476808e-01
   2.2889997e-03
   6.5319926e-02
   1.4452460e-01
   1.5444663e-01
   5.9216414e-02
   9.0531416e-02
   6.3726440e-02
   2.8844154e-02
   7.6900192e-02
   2.1492523e-01
   2.1661916e-01
   1.7541121e-01
   1.3326424e-01
   4.9979690e-02
   3.8345996e-02
   5.2195769e-02
   2.2375494e-01
   5.8632571e-01
   5.5973560e-01
   3.0883655e-01
   1.7690453e-01
   3.7409421e-02
   4.7754347e-02
   1.3264748e-01
   2.3376124e-01
   1.8980098e-01
   1.7688058e-01
   5.1826410e-02
   1.4391757e-02
   2.3136010e-02
   1.0299100e-01
   2.2128072e-01
   2.3434903e-01
   1.5452372e-01
   8.2392789e-02
   8.3602160e-02
   1.5358494e-01
   2.0636319e-01
   2.8114673e-01
   2.5675383e-01
   1.7777780e-01
   1.0845891e-01
   9.3618885e-04
   1.5868105e-01
   2.8056231e-01
   3.5458863e-01
   2.6699212e-01
   1.7503168e-01
   5.2027114e-02
   3.7047137e-02
   8.1373096e-02
   3.3801606e-01
   5.7513040e-01
   6.1681581e-01
   4.0380800e-01
   1.9601990e-01
   3.7741099e-02
   9.0729445e-02
   3.2165864e-01
   5.3624493e-01
   5.8517468e-01
   3.8069513e-01
   1.5727349e-01
   1.2868612e-01
   5.9613220e-02
   2.4571557e-01
   4.4000635e-01
   6.1104143e-01
   4.3460700e-01
   2.5504836e-01
   1.8255734e-01
   1.8499435e-01
   1.1681351e-01
   1.4699170e-02
   4.9397055e-02
  -6.1333952e-03
   9.9803589e-02
   5.2314240e-02
   1.4228418e-01
   8.3542451e-02
   1.1180819e-01
   4.8872329e-02
   6.5023556e-02
   6.1123282e-02
   1.3164522e-01
   9.4109535e-02
   1.3737357e-01
   7.8834295e-02
   6.1597388e-02
   1.3083637e-01
   8.3139114e-02
   7.1899354e-02
   7.7729702e-02
   1.0146665e-01
   1.4790380e-01
   9.4289839e-02
   1.1561882e-01
   1.2336664e-01
   2.0810217e-01
   2.4731672e-01
   2.5633875e-01
   2.1193951e-01
   7.8172788e-02
   5.0824612e-02
   7.9580680e-02
   1.0249071e-01
   9.3290940e-02
   4.5825340e-02
  -4.0385835e-03
   1.1035505e-02
   1.0284673e-01
   1.2514640e-01
   4.9865883e-02
   6.0580105e-02
   1.0703596e-01
   7.7241413e-02
   7.0974901e-02
   1.1729825e-01
   1.5504844e-01
   1.1996043e-01
   1.2562294e-01
   1.1662856e-01
   9.3262672e-02
   5.7250708e-02
   7.2775267e-02
   1.7119700e-01
   1.5888503e-01
   9.9260576e-02
   4.6012051e-02
   9.3109263e-03
   8.6344592e-02
   1.7455158e-01
   2.1374784e-01
   3.2622108e-01
   2.3209214e-01
   1.4122410e-01
   3.4146424e-02
   2.8163429e-02
   1.5731385e-01
   2.8672135e-01
   2.6699170e-01
   2.2757860e-01
   1.8816896e-01
   1.6488200e-01
   1.7964800e-01
   2.2280350e-01
   2.0045741e-01
   1.6571081e-01
   1.0575123e-01
   1.2860660e-01
   1.5560107e-01
   1.3388924e-01
   2.7727348e-01
   2.9456788e-01
   6.1849117e-02
  -1.3121175e-02
  -8.0588631e-02
   1.1241259e-01
   2.5686806e-01
   2.8633061e-01
   2.5040710e-01
   1.4695057e-01
   3.3005878e-02
  -4.9338922e-02
   3.2041484e-01
   4.9192530e-01
   4.1292113e-01
   4.0743420e-01
   2.5459912e-01
   7.1659908e-02
   1.1783509e-01
   4.4242972e-01
   7.0483112e-01
   7.3594564e-01
   6.0202861e-01
   3.7495938e-01
   2.0469624e-01
   6.2800981e-02
   4.9021184e-01
   9.9452448e-01
   9.3622458e-01
   5.4897153e-01
   3.5454968e-01
   7.2192848e-02
   1.8475831e-01
   8.8731337e-01
   1.4071262e+00
   1.1449935e+00
   7.1065426e-01
   2.8385618e-01
  -1.6246485e-02
   2.5814158e-01
   1.1905396e+00
   1.9370093e+00
   1.8047168e+00
   1.1197642e+00
   3.9178866e-01
   8.4669873e-02
   4.5056438e-01
   1.3941119e+00
   1.9963022e+00
   1.7049757e+00
   9.4024575e-01
   4.7647804e-01
   3.2468501e-01
   6.5549856e-01
   1.5353589e+00
   2.0172610e+00
   1.4604470e+00
   8.7853545e-01
   5.0591081e-01
   3.0530059e-01
   5.9032804e-01
   1.3766054e+00
   1.7473887e+00
   1.2482744e+00
   7.1239686e-01
   4.2206165e-01
   3.3260444e-01
   2.4221256e-01
   1.9851679e-01
   1.1739200e-01
   1.0944971e-01
   3.7148651e-01
   3.9859757e-01
   4.7452483e-01
   4.0204850e-01
   2.7338704e-01
   1.9791667e-01
   2.0670883e-01
   1.8693501e-01
   1.0152943e-01
   4.2879984e-02
   9.8744892e-02
   1.0152154e-01
   1.6547108e-01
   1.7275015e-01
   1.4465453e-01
   1.3675216e-01
   1.0990708e-01
   1.1889423e-01
   1.8180138e-01
   7.0366010e-02
   4.2630077e-04
  -1.2931689e-02
   3.5248905e-02
   1.5495838e-01
   2.1294828e-01
   1.2673706e-01
   7.9279073e-02
   4.2882401e-02
   1.2249299e-01
   2.1107902e-01
   2.4154595e-01
   2.4625851e-01
   1.8191166e-01
   1.1850978e-01
   6.9285095e-02
   1.6205651e-01
   2.2364956e-01
   2.3919450e-01
   2.1529235e-01
   1.4435381e-01
   9.1858491e-02
   1.4258589e-01
   3.1263497e-01
   3.7389567e-01
   3.7176347e-01
   2.2692424e-01
   9.0424009e-02
   3.1237112e-02
   1.9003810e-01
   5.4265320e-01
   6.5195704e-01
   4.9206930e-01
   1.3933517e-01
   1.3627738e-01
   7.5606100e-02
   2.5991744e-01
   4.7042754e-01
   6.1678356e-01
   3.4326440e-01
   1.6928382e-01
   2.9576534e-02
   4.5690738e-02
   4.0416574e-01
   5.6833446e-01
   5.8507961e-01
   3.2764304e-01
   2.2916307e-01
   1.1959475e-01
   1.2752157e-01
   3.7944919e-01
   6.4919960e-01
   5.4817146e-01
   3.1137675e-01
   2.0592412e-01
   1.2729646e-01
   9.1668777e-02
   1.8727559e-01
   1.2803334e-01
   9.1597870e-02
   1.0705387e-01
   1.0319573e-01
   1.7886946e-01
   2.9145581e-01
   2.3285972e-01
   1.2220784e-01
   9.7312175e-02
   8.4675103e-02
   2.9035885e-02
   2.9116364e-03
   2.7233047e-02
   1.0304724e-01
   1.0732982e-01
   6.3779876e-02
   8.9461885e-02
   9.6305571e-02
   9.9520735e-02
   1.2744546e-01
   6.0311988e-02
   1.3395556e-02
  -7.7823531e-03
   7.1639106e-02
   9.1465816e-02
   1.0164302e-01
   1.0578243e-01
   7.0306510e-02
   4.5676686e-02
   2.5819687e-02
   4.2967517e-02
   1.1215458e-01
   7.6923296e-02
   9.0279661e-02
   1.5658526e-01
   1.4095956e-01
   1.3758580e-01
   8.7592855e-02
   1.3870876e-01
   1.4048988e-01
   1.8374984e-01
   1.8492314e-01
   3.0237284e-01
   2.9742739e-01
   2.3438966e-01
   2.0248860e-01
   1.2665112e-01
   7.9194970e-02
   1.4842603e-01
   1.8843943e-01
   2.0971705e-01
   3.3406949e-01
   3.6998221e-01
   2.3991907e-01
   1.4999737e-01
  -4.5822281e-02
  -1.1068060e-02
   1.8460898e-01
   3.7279916e-01
   2.6432821e-01
   1.4955615e-01
   1.0236467e-01
   2.3816135e-02
   1.1836167e-01
   3.6193764e-01
   2.5604722e-01
   2.3658095e-01
   2.2427616e-01
   1.3111508e-01
   1.1631009e-01
   2.5173172e-01
   3.9041904e-01
   3.6044106e-01
   2.4252166e-01
   2.1334857e-01
   1.3570169e-01
   1.7774725e-01
   1.9089526e-01
   8.7843210e-02
   4.1513141e-02
   1.2207417e-04
   5.4430403e-03
   8.3283089e-02
   9.6375145e-02
   7.2817557e-02
   1.0887511e-01
   9.1510169e-02
   1.0331550e-01
   1.0746907e-01
   1.0349455e-01
   5.9596036e-02
   6.5747060e-02
   5.8866024e-02
   9.3245789e-02
   1.0718387e-01
   1.7126051e-01
   1.5697372e-01
   1.3156053e-01
   1.4633420e-01
   1.1602578e-01
   8.3032951e-02
   9.0068035e-02
   9.3289532e-02
   2.0582121e-02
   3.3605862e-02
   6.6273861e-02
   8.7095395e-02
   6.7465283e-02
   2.8631585e-02
   8.4289104e-02
   6.8941519e-02
   9.4043076e-02
   5.8271527e-02
   1.2207588e-01
   1.6056421e-01
   9.6225135e-02
   1.1676628e-01
   5.3057764e-02
   3.2311752e-02
   1.0824534e-01
   1.4139055e-01
   1.2045534e-01
   1.1766271e-01
   8.4040634e-02
   1.3750406e-01
   1.0647460e-01
   7.1911871e-02
   7.5462177e-02
   1.2536307e-01
   1.6701154e-01
   1.6218376e-01
   1.0642318e-01
   5.1780440e-02
   3.4469850e-02
   9.7278371e-02
   1.8047750e-01
   1.5588392e-01
   1.3404456e-01
   1.1076070e-01
   3.3083498e-02
   4.9746472e-02
   7.5611383e-02
   8.6654775e-02
   9.4534934e-02
   1.2119030e-01
   1.8541541e-02
   6.2721178e-02
   6.0123473e-02
   1.3955162e-01
   1.5634534e-01
   1.6263717e-01
   1.4958553e-01
   6.4796098e-02
   9.7046390e-02
   4.7104880e-02
   7.9192124e-02
   1.1218963e-01
   1.1378556e-01
   1.0481402e-01
   1.0555292e-01
   6.9618165e-02
   8.3043069e-02
  -2.5230052e-03
   6.0605559e-02
   1.0214020e-01
   9.8232441e-02
   8.8600375e-02
   4.7473446e-02
   1.0514522e-01
   9.1339879e-02
   1.2742665e-01
   4.6477482e-02
   1.3472172e-02
   4.6543263e-02
   9.4036214e-02
   8.7682843e-02
   1.3252391e-02
   5.9555177e-02
   7.9450555e-02
   6.3691109e-02
   1.3886428e-01
   1.7114781e-01
   1.3986385e-01
   1.1354107e-01
   1.4161119e-01
   1.1744691e-01
   8.9940578e-02
   6.0589150e-02
   4.3400649e-02
   6.5980025e-02
   9.0791233e-02
   3.9432395e-02
   5.7589527e-02
   5.1415674e-02
   6.7504771e-02
   7.7343896e-02
   8.5148938e-02
   5.3788759e-02
   1.0925085e-01
   8.3954148e-02
   6.5046087e-02
   1.1612248e-01
   4.4785988e-02
   4.2881906e-02
   7.7687591e-02
   3.9916676e-02
   8.1092879e-02
   1.2035459e-01
   1.2043850e-01
   4.7396045e-02
   7.0792824e-02
   8.2979769e-02
   1.0654380e-01
   1.0989220e-01
   7.9286188e-02
   2.4804426e-02
   9.1739893e-02
   6.3041247e-02
   8.9459799e-02
   1.2209796e-01
   1.1573163e-01
   7.3237069e-02
   6.0884599e-02
   1.7272979e-02
   2.6481224e-02
   3.4093369e-02
   7.8039333e-02
   1.2529573e-01
   4.5166336e-02
   7.6386154e-02
   8.7088987e-02
   4.4407077e-02
   4.1946027e-02
   6.1850101e-02
   4.0528022e-02
   7.1474731e-02
   1.2219319e-01
   1.3405645e-01
   6.1090201e-02
   9.5058195e-02
   1.0282113e-01
   9.5238842e-02
   8.3909340e-02
   6.4318553e-02
   9.2382945e-02
   5.5117324e-02
   3.8126916e-02
   8.7153129e-02
   6.8593748e-02
   8.3417274e-02
   8.4920041e-02
   7.9924904e-02
   4.9280394e-02
   7.0864201e-02
   5.6207620e-02
   5.9360944e-02
   4.5635875e-02
   7.6042190e-02
   6.7703657e-02
   2.7517812e-02
   7.5034089e-02
   2.8572895e-02
   6.4648658e-02
   6.8904921e-02
   4.8474662e-02
   8.5361548e-02
   9.5526114e-02
   6.3558400e-02
   6.1655764e-02
   6.4401768e-02
   8.3070323e-02
   5.1780272e-02
   4.5581799e-02
   2.9173460e-02
   2.8389065e-02
   4.6316769e-02
   7.6022647e-02
   7.9156823e-02
   9.9760517e-02
   5.2202966e-02
   2.9095391e-02
   6.3427262e-02
   5.0681502e-02
   7.3082909e-02
   6.7651428e-02
   4.7971316e-02
   2.5476396e-02
   9.2278831e-02
   9.6874699e-02
   7.3643178e-02
   3.1607579e-02
   9.5622517e-02
   1.0883080e-01
   5.1489893e-02
   3.5833415e-02
   3.0473553e-02
   7.8165032e-02
   4.8646223e-02
   1.0530587e-01
   7.7263325e-02
   6.4421013e-02
   4.8413835e-02
   4.0070836e-02
   6.5056741e-02
   2.3936568e-02
   5.7847690e-02
   7.0086241e-02
   1.3724536e-01
   5.6652978e-02
   1.7838104e-02
   6.1164685e-02
   9.3729764e-02
   1.2858468e-01
   6.3780881e-02
   5.6969631e-02
   2.0643728e-02
   2.3430450e-02
   3.5608817e-02
   4.1443292e-02
   8.4938459e-02
   7.7401407e-02
   1.0658255e-01
   6.7222424e-02
   8.3208993e-02
   9.3702719e-02
   4.9206171e-02
   6.9783881e-02
   4.6656683e-02
   1.8754721e-02
   5.6645248e-02
   5.5795696e-02
   1.4446005e-01
   1.2240406e-01
   5.0270982e-02
   5.8588363e-02
   6.4268932e-02
   6.5283090e-02
   6.5857053e-02
   4.6990674e-02
   9.3883023e-02
   1.1552615e-01
   6.8201005e-02
   6.7564987e-02
   6.9216430e-02
   8.7121874e-02
   9.1560714e-02
   5.4472193e-02
   2.3752589e-02
   4.9835131e-02
   3.8354527e-02
   9.2172705e-02
   7.3416069e-02
   5.3124733e-02
   7.4764937e-02
   1.0176343e-01
   8.2733743e-02
   7.1981467e-02
   8.2781531e-02
   1.1101151e-01
   1.2285914e-01
   9.4741173e-02
   5.0063625e-02
   8.0596246e-03
   2.8236302e-02
   2.2820327e-02
   4.4658445e-02
   3.8127601e-02
   7.5367197e-02
   3.3762433e-02
   5.6167033e-02
   4.6614680e-02
   5.3355630e-02
   6.8321817e-02
   4.4141177e-02
   9.0233475e-02
   6.3364364e-02
   9.2962839e-02
   7.0494719e-02
   7.1030535e-02
   4.2841759e-02
   8.0616690e-02
   3.1496849e-02
   5.1779661e-02
   5.5110972e-02
   4.0011667e-02
   1.9819407e-02
   2.3082206e-03
   6.2379643e-02
   5.2542381e-02
   5.0363690e-02
   7.9617441e-02
   6.0720623e-02
   6.2713094e-02
   6.7415930e-02
   7.8955062e-02
   6.7438617e-02
   5.0577849e-02
   5.6054834e-02
   4.7830414e-02
   1.1546761e-01
   6.4966545e-02
   2.3024548e-02
   7.8833140e-02
   5.6568578e-02
   3.9991245e-02
   4.2013902e-02
   5.1962852e-02
   5.6263905e-02
   1.2883335e-02
   1.1192529e-02
   4.2871617e-02
   6.0447309e-02
   3.0025944e-02
   1.9827694e-02
   6.9574229e-02
   5.0680142e-02
   1.0769054e-01
   1.1793428e-01
   1.0729904e-01
   5.3289741e-02
   5.4253019e-02
   8.3814502e-02
   8.8696241e-02
   6.4685509e-02
   8.8536792e-02
   6.8871714e-02
   5.7583805e-02
   1.1091717e-01
   2.5045124e-01
   2.1206695e-01
   1.0468506e-01
   6.0254219e-03
   2.5782481e-02
   1.0701504e-01
   3.3879098e-01
   6.1317778e-01
   6.5136451e-01
   3.7005073e-01
   1.9467694e-01
   1.3831557e-01
   2.4070792e-01
   5.3099269e-01
   6.9062901e-01
   5.5325478e-01
   3.7671080e-01
   2.1622978e-01
   1.0491117e-01
   1.3093787e-01
   9.7056977e-02
   6.5485381e-02
   1.4147483e-01
   2.5248012e-01
   2.6397365e-01
   2.1998945e-01
   8.7623745e-02
   7.9354450e-02
   1.1236979e-01
   1.2261170e-01
   8.1948787e-02
   6.9864690e-02
   9.3392842e-02
   3.5203617e-02
   6.6403300e-02
   9.3977481e-02
   1.1793030e-01
   6.0085732e-02
   9.1241673e-02
   6.5506145e-02
   3.3951268e-02
   7.1338266e-02
   1.0460148e-01
   8.6509787e-02
   1.0248130e-01
   4.9172867e-02
   1.0586661e-01
   8.9744180e-02
   6.4717628e-02
   4.8390459e-02
   6.1062478e-02
   3.9029792e-02
   1.5869349e-02
   1.5819985e-02
   5.1036604e-02
   8.1300601e-02
   1.1260188e-01
   1.4340127e-01
   8.0162607e-02
   1.2135725e-01
   4.8563052e-02
   5.8240075e-02
   4.9046315e-02
   1.1744002e-01
   7.5453416e-02
   4.6990130e-02
   4.3610029e-02
   5.4502446e-02
   7.0999399e-02
   1.7651368e-02
   6.5964684e-02
   5.0546411e-02
   3.2845709e-02
   4.7777697e-02
   9.4654769e-02
   6.9847666e-02
   8.8739581e-02
   4.0156770e-02
   3.5934545e-02
   7.4138254e-02
   9.2953280e-02
   2.0810315e-01
   1.6199368e-01
   1.2259686e-01
   5.1258091e-02
   7.8808494e-02
   5.0479282e-02
   9.3798965e-02
   1.9420145e-01
   1.3134249e-01
   7.5491652e-02
   1.7577145e-02
  -5.8833300e-04
   2.6879916e-02
   2.9524427e-02
   9.3867972e-02
   6.8589024e-02
   6.8953991e-02
   9.3545422e-02
   8.1260487e-02
   5.9741940e-02
   6.4594589e-02
   6.1759189e-02
   4.5410227e-02
   1.9179659e-02
   3.3313125e-02
   6.9261044e-02
   3.6483727e-02
   7.1154580e-02
   8.2771160e-02
   3.3002369e-02
   5.2640311e-02
   6.3479535e-02
   3.3825342e-02
   5.0201979e-02
   4.1695587e-02
   3.8378004e-02
   6.4464971e-02
   9.5620804e-02
   1.0005306e-01
   5.7596892e-02
   8.9802347e-02
   6.7493573e-02
   7.3373713e-02
   1.0750280e-01
   5.6284968e-02
   8.9374401e-02
   8.8412978e-02
   1.5421648e-02
   3.8843144e-02
   2.2520581e-02
   3.0320305e-02
   4.9162328e-02
   4.0241033e-02
  -1.4587387e-02
   1.8305846e-02
   3.7029907e-02
   5.0731774e-02
   8.8545829e-02
   9.1102846e-02
   7.3899761e-02
   8.5163623e-02
   8.6093396e-02
   5.3643756e-02
   3.2044090e-02
   3.0319782e-02
   4.1780811e-02
   4.9200099e-02
   4.3800298e-02
   3.9194521e-02
   8.4488161e-02
   6.9923773e-02
   3.7615001e-02
   5.6051642e-02
   7.2652608e-02
   8.9517720e-02
   7.5806551e-02
   6.3603781e-02
   1.0059150e-01
   4.8513670e-02
   3.5167754e-02
   8.0431759e-02
   5.7621010e-02
   4.3958552e-02
   7.5896658e-02
   4.0351793e-02
   7.4495770e-02
   1.5993299e-02
   1.1623678e-02
   3.7187576e-02
   7.9162322e-02
   8.0839887e-02
   8.5364714e-02
   7.0300072e-02
   4.3804359e-02
   5.0991926e-02
   3.9834198e-02
   3.6338318e-02
   5.2308980e-02
   3.4374252e-03
   5.4896157e-02
   4.6318978e-02
   2.1701697e-02
   3.4364700e-02
   5.6162216e-02
   5.0786164e-02
   7.6570861e-02
   7.2457746e-02
   3.1359583e-02
   4.8406735e-02
   7.3350534e-02
   6.4254075e-02
   3.4867004e-02
   1.1235148e-01
   7.3879294e-02
   3.3597805e-02
   5.2315842e-02
   6.0694501e-02
   8.3993070e-02
   1.0621116e-01
   5.7876978e-02
   4.9091116e-02
   4.7037341e-02
   6.5387771e-02
   1.1115944e-01
   1.0538751e-01
   3.8416252e-02
   2.1945618e-02
   7.3643237e-02
   3.7336219e-02
   4.1353308e-02
   7.5700924e-02
   3.2303970e-02
   4.4410504e-02
   4.3907437e-02
   6.2505640e-02
   8.6482398e-02
   4.1812476e-02
   7.4797980e-02
   5.2358050e-02
   3.9407864e-02
   5.4403808e-02
   5.6705613e-02
   4.4814140e-02
   6.2336478e-02
   7.4102685e-02
   8.4294535e-02
   9.5074482e-02
   8.2705006e-02
   5.0647896e-02
   4.6881307e-02
   4.4165064e-02
   7.5115383e-02
   7.3362403e-02
   7.4484631e-02
   5.0671846e-02
   3.0078672e-02
   2.8023314e-02
   7.3210508e-02
   4.7760089e-03
   4.8675589e-02
   7.4108280e-02
   8.6631276e-02
   6.7236073e-02
   6.4293064e-02
   1.0624801e-01
   6.7381315e-02
   7.2480902e-02
   5.9893053e-02
   4.4849940e-02
   2.8213484e-02
   5.9784312e-02
   4.8195995e-02
   7.6948069e-02
   4.2228293e-02
   5.2498069e-02
   8.7102085e-02
   8.5742511e-02
   4.3955650e-02
   5.5851322e-02
   8.4770262e-02
   6.7835338e-02
   5.8054015e-02
   4.5463894e-02
   1.6431296e-02
   2.2225138e-02
   4.2882364e-02
   8.7695040e-02
   9.5303409e-02
   5.9949830e-02
   3.7809186e-02
   4.8942562e-02
   7.5901277e-02
   5.0477102e-02
   6.7154229e-02
   8.9136317e-02
   1.0282227e-01
   9.9851973e-02
   6.0236782e-02
   9.1749027e-02
   6.0780272e-02
   7.2882272e-02
   1.5156838e-01
   7.6496042e-02
   4.7121391e-02
   4.5879968e-02
   2.0907504e-02
   5.8749102e-02
   4.3310672e-02
   7.0568278e-02
   4.6462528e-02
   8.3190948e-02
   8.3448872e-02
