   2.4247942e-02
   2.6905840e-02
   6.1150538e-03
   1.3379740e-02
   2.5389176e-02
   4.1115418e-02
   4.8067510e-02
   4.8671283e-02
   2.6172761e-02
   1.6898163e-02
   4.7872495e-02
   5.0824363e-02
   4.4303861e-02
   6.2387981e-02
   5.5367064e-02
   6.2393911e-02
   5.2523300e-02
   2.3825750e-02
   2.7695423e-02
   2.3085061e-02
   4.1639194e-02
   9.8208347e-03
  -1.2277652e-02
   7.0530544e-03
   2.9871013e-02
   5.5131439e-02
   4.8205279e-02
   5.2029286e-02
   4.0998124e-02
   3.1240856e-02
   3.6736500e-02
   6.3961402e-02
   2.1531591e-02
   9.3794763e-03
   3.3482425e-02
   3.9820731e-02
   5.7621438e-02
   6.5912113e-02
   5.0266888e-02
   3.1849969e-02
   3.8891554e-02
   2.8210949e-02
   7.2437194e-03
   1.0378621e-02
   3.2375034e-02
   1.8101614e-02
   2.2798413e-02
   2.4980277e-02
   4.7741253e-02
   7.5113602e-02
   5.2406557e-02
   3.1538725e-02
   3.6828179e-02
   3.2201782e-02
   1.8603167e-02
   4.2746637e-02
   4.3858878e-02
   2.0540621e-02
   1.2104390e-02
   2.5356367e-02
   5.1662564e-02
   4.0853564e-02
   6.6742203e-03
   3.0792819e-03
   2.3333093e-02
   1.6462274e-02
   4.5340210e-02
   4.8210450e-02
   2.6528450e-02
   2.5799170e-02
   2.0986671e-02
   2.4066761e-02
   3.7942462e-02
   2.1371830e-02
   2.8325805e-02
   3.7966587e-02
   3.2996111e-02
   2.1924801e-02
   5.4097258e-02
   6.7266591e-02
   4.7070850e-02
   2.6708296e-02
   5.7421084e-02
   2.0895367e-02
   1.1187797e-02
   3.5072006e-02
   3.4719314e-02
   4.3610092e-02
   5.2272797e-02
   4.6960715e-02
   2.0379120e-02
   6.3065300e-03
   2.1328706e-02
   1.5684037e-02
   1.5606077e-02
   4.4965643e-02
   4.7430545e-02
   3.9033160e-02
   4.6961907e-02
   1.8569816e-02
   3.3187579e-02
   1.4590996e-02
   2.9289704e-03
   3.0511953e-02
   2.7022831e-02
   2.0486781e-02
   4.5306150e-02
   6.3818298e-02
   2.8574897e-02
   1.5569571e-02
   1.8719025e-02
   2.3276618e-02
   3.3912655e-02
   4.9783010e-02
   1.0003943e-01
   7.9006895e-02
   3.6339086e-02
   5.1140871e-02
   5.4264516e-02
   2.2571921e-02
   3.8855024e-02
   4.1902512e-02
   3.9145581e-02
   1.5411796e-02
   1.3270941e-02
   5.2832112e-02
   4.8589420e-02
   4.0778335e-02
   5.5586323e-02
   7.6954931e-02
   2.6051778e-02
   2.4604529e-02
   1.4371855e-02
   1.0649232e-02
   4.7124811e-03
   2.0266674e-02
   1.8340349e-02
   3.0644968e-02
   3.4048174e-02
   4.0813029e-02
   3.6801584e-02
   9.8111155e-03
   2.6179789e-02
   1.3041793e-02
   1.5361841e-02
   3.6813632e-02
   4.6835765e-02
   2.8381540e-02
   1.7540304e-02
   2.9046396e-02
   5.1596802e-02
   4.8645798e-02
   3.3506300e-02
   2.2931769e-02
   2.6812727e-02
   3.1264063e-02
   5.3790059e-02
   2.9313626e-02
   1.3672724e-02
   2.0974500e-02
   3.1407144e-02
   2.8728830e-02
   2.4629537e-02
   1.9740505e-02
   4.3145485e-02
   2.4206815e-02
   2.1766575e-02
   2.8564483e-02
   3.9373584e-02
   3.8544454e-02
   1.7465420e-02
   3.8263973e-02
   2.5437409e-02
   2.2268508e-02
   3.2269470e-02
   4.7071181e-02
   3.2856710e-02
   3.7556451e-02
   2.9992558e-02
   5.1694874e-02
   4.5089841e-02
   3.1908359e-02
   5.3211931e-02
   5.3132441e-02
   2.4777593e-02
   1.3457048e-02
   2.2891594e-02
   4.8509080e-02
   6.4339131e-02
   2.9610816e-02
   4.7063284e-02
   4.2383593e-02
   6.3363016e-02
   6.3662119e-02
   4.9760539e-02
   2.0460902e-02
   3.3576485e-02
   1.7906835e-02
   1.5507332e-02
   1.0971425e-02
   2.2090118e-02
   2.6854135e-02
   2.8293917e-02
   4.1657016e-02
   2.5437161e-02
   2.0363923e-02
   2.7723256e-02
   4.2554934e-02
   5.2516248e-02
   5.2240402e-02
   3.6055520e-02
   5.8915094e-02
   6.0866088e-02
   3.2996718e-02
   2.5849527e-02
   2.4616068e-02
   4.5463331e-02
   2.6605247e-02
   1.4693554e-02
   4.4900499e-02
   5.9674155e-02
   5.9784753e-03
  -2.0842981e-03
   2.6841883e-02
   7.5461410e-02
   1.0507408e-01
   7.6287746e-02
   5.4241013e-02
   6.2750503e-02
   6.8007469e-02
   7.3913649e-02
   3.5113506e-02
   2.3969131e-02
   3.2586183e-02
   3.6567193e-02
   5.9409391e-02
   8.8757433e-02
   7.8836173e-02
   3.6693595e-02
   1.8280816e-03
   4.1451260e-02
   7.6796763e-02
   7.8829587e-02
   4.4186275e-02
   4.0259432e-02
   5.3720098e-02
   4.7903400e-02
   4.4674523e-02
   4.7782969e-02
   2.2791076e-02
   4.0570386e-02
   3.2122172e-02
   2.9466974e-02
   3.4144510e-02
   2.0089598e-02
   1.7439405e-02
  -2.5075020e-03
   9.6452069e-03
   3.6296070e-02
   4.1424401e-02
   3.6832906e-02
   2.2994176e-02
   3.6220167e-02
   7.4301735e-02
   6.9524184e-02
   3.3601686e-02
   2.7403822e-02
   2.0962588e-02
   4.8440870e-02
   2.4323419e-02
   1.5024722e-02
   2.8617362e-02
   3.7036341e-02
   2.9102804e-02
   2.4328748e-02
   1.5981741e-02
   1.6752563e-02
   4.3901980e-02
   5.5462651e-02
   5.8836035e-02
   4.5507684e-02
   4.0524624e-02
   4.1702531e-02
   3.0592225e-02
   2.4869282e-02
   4.8157062e-02
   2.6328968e-02
   3.5016913e-02
   1.7670192e-02
   4.8370089e-02
   1.8310508e-02
   3.6199596e-02
   4.0589903e-02
   2.6238404e-02
   3.6590613e-02
   4.2784072e-02
   4.8522756e-02
   5.6101265e-03
   2.4271430e-02
   2.9146271e-02
   1.0391324e-01
   1.5826048e-01
   1.2066251e-01
   4.7552690e-02
   2.7915685e-02
   5.7322685e-02
   6.3476183e-02
   5.3435002e-02
   4.1877251e-02
   4.1572295e-02
   4.2432778e-02
   8.4150240e-02
   1.4286348e-01
   8.3472662e-02
   5.0456043e-02
   5.7187915e-02
   3.4470435e-02
   4.2498276e-02
   4.0105995e-02
   4.2131618e-02
   5.1552098e-02
   2.2476027e-02
   5.9760354e-02
   4.1974429e-02
   4.0163409e-02
   4.2232845e-02
   6.8151519e-02
   5.7897218e-02
   4.6631400e-02
   2.7445486e-02
   2.8823167e-02
   3.2448594e-02
   6.4948276e-02
   2.9652532e-02
   3.8016114e-02
   6.4500377e-02
   4.4132069e-02
   4.6368852e-02
   1.8742817e-02
   2.6388040e-03
   1.9225964e-02
   3.5856787e-02
   7.1362227e-02
   6.1892118e-02
   7.9353854e-02
   7.3564701e-02
   2.4049532e-02
   1.2302332e-02
   1.5686085e-02
   1.4142369e-02
   2.1108819e-02
  -9.8481658e-04
   3.0895891e-02
   3.0873284e-02
   3.3353455e-02
   2.3730097e-02
   3.5817228e-02
   6.0695354e-02
   4.3096382e-02
   4.8251402e-02
   6.3000813e-02
   2.7751483e-02
   1.6102929e-02
   9.7203422e-03
   3.7973339e-03
   4.6073485e-02
   5.8037248e-02
   7.0047095e-02
   4.6223331e-02
   2.3242932e-02
   2.1544864e-02
   1.8268203e-02
   3.4972697e-02
   4.0170208e-02
   4.9852654e-02
   6.8702109e-02
   2.5776146e-02
   4.3568719e-02
   3.4997914e-02
   3.4497414e-02
   5.2774828e-02
   2.0275323e-02
   3.0983267e-02
   5.3024910e-02
   2.5759974e-02
   2.8778190e-02
   1.0001000e-02
   6.3394704e-03
   2.0925634e-02
   1.3522063e-02
   3.9807521e-02
   2.8913446e-02
   4.9992174e-02
   3.1062016e-02
   3.0583115e-02
   2.1367731e-02
   1.7901106e-02
   2.0185299e-02
   4.4104885e-02
   2.2948887e-02
   1.5013242e-02
   2.2355940e-02
   2.8006468e-02
   3.3037283e-02
   1.0492829e-02
   2.5119044e-02
   3.0581133e-02
   5.7634037e-02
   3.2636292e-02
   3.5245087e-02
   3.9852943e-02
   2.1645295e-02
   5.6580171e-02
   4.0805250e-02
   4.6040595e-02
   8.4307447e-02
   6.8685785e-02
   4.6807844e-02
   4.0641375e-02
   1.0033249e-02
   3.4840375e-02
   2.4276836e-02
   1.8375061e-02
   2.7456135e-02
   2.8011780e-02
   1.2126747e-02
   2.1178320e-02
   3.2515731e-02
   2.5036061e-02
   3.2497682e-02
   3.6443207e-02
   1.1857557e-02
   2.2174411e-02
   2.8656486e-02
   4.6853844e-02
   4.1375015e-02
   2.6964363e-02
   4.9018800e-02
   7.7611521e-02
   7.1735054e-02
   6.6631675e-02
   5.0906509e-02
   1.4596293e-02
   3.3869456e-02
   6.9450177e-02
   4.1516047e-02
   5.7204831e-02
   3.0877292e-02
   1.4534730e-02
   2.7513485e-02
   5.1427335e-03
   3.8978729e-02
   6.2750012e-02
   5.9492692e-02
   4.4973541e-02
   3.0451503e-02
   2.0248592e-02
   3.2542456e-02
   4.5723621e-02
   6.1085131e-02
   4.7021274e-02
   5.4454837e-02
   5.1188022e-02
   5.2575406e-02
   4.6673778e-02
   1.8543089e-02
   3.8148005e-02
   3.1060165e-02
   5.0565507e-02
   4.7409918e-02
   3.2772981e-02
   3.6852945e-02
   5.2684404e-02
   6.7494586e-02
   2.5184521e-02
   2.2558188e-02
   6.2347375e-02
   7.2973847e-02
   8.4102355e-02
   5.1658969e-02
   3.4873661e-02
   2.0297026e-02
   1.3320082e-02
   3.3187568e-02
   2.7620522e-02
   3.5401430e-02
   2.3259172e-02
   5.1088881e-02
   6.1889172e-02
   3.2768007e-02
   2.8390342e-02
   3.7114304e-02
   5.2498505e-02
   3.7005283e-02
   2.1144144e-02
   3.2377806e-02
   6.3728705e-02
   6.6733114e-02
   6.3536979e-02
   4.3627951e-02
   5.7323851e-02
   3.3453770e-02
   2.5545362e-02
   7.8644775e-02
   8.6576313e-02
   5.5413891e-02
   5.6131057e-02
   6.7927666e-02
   3.5562657e-02
   1.2855201e-02
   2.6862768e-02
   6.3103281e-02
   3.4698956e-02
   2.9250655e-02
   6.2997490e-02
   5.7780910e-02
   2.3172226e-02
   3.0941680e-02
   3.1399205e-02
   4.2852722e-02
   4.7899384e-02
   1.2778515e-02
   4.2762604e-02
   7.3874764e-02
   5.4822318e-02
   5.2462567e-02
   3.3835463e-02
   3.3402137e-02
   4.1821010e-02
   6.9469772e-04
   2.4531731e-02
   4.9424373e-02
   7.0470564e-02
   7.5832725e-02
   4.4674087e-02
   1.2382327e-02
   3.7301011e-02
   7.7102281e-02
   1.2370361e-01
   7.6269850e-02
   2.8719809e-02
   2.3967098e-02
   3.5548192e-02
   2.6384583e-02
   3.1008247e-02
   2.4995768e-02
   3.0584637e-02
   3.4554128e-02
   2.0931179e-02
   6.9602448e-03
   1.3491699e-02
   5.1579822e-02
   7.0497759e-02
   6.0104255e-02
   2.0779166e-02
   3.1692825e-02
   4.4490162e-02
   2.7164215e-02
   4.8436642e-02
   2.7172947e-02
   6.2700309e-02
   8.3702624e-02
   9.5489405e-02
   7.2226651e-02
   5.4517180e-02
   5.3311281e-02
   3.6259204e-02
   3.8967129e-02
   7.2548456e-02
   1.2080218e-01
   8.0678247e-02
   4.8136953e-02
   2.8151879e-02
   2.2160972e-02
   7.6970771e-02
   7.6251864e-02
   5.0503612e-02
   4.5807142e-02
   4.1130979e-02
   1.5453064e-02
   6.7763915e-03
   1.8668395e-02
   6.4919099e-02
   6.0919382e-02
   5.0793178e-02
   1.0930835e-02
   5.3742409e-02
   6.3475326e-02
   1.2728320e-01
   1.1968461e-01
   7.2949439e-02
   1.3609526e-01
   8.2881995e-02
   4.1953202e-02
   1.9211154e-02
   1.3106506e-01
   4.3897972e-01
   5.7975775e-01
   2.9650941e-01
   1.0693729e-01
   7.9798177e-02
   8.8852352e-01
   2.8396232e+00
   2.6676300e+00
   1.1033897e+00
   3.1341401e-01
   2.6763675e-01
   5.5528277e-01
   5.8585411e-01
   7.5792181e-01
   6.1723423e-01
   2.9979521e-01
   8.3883673e-02
   3.6725454e-02
   9.5900007e-02
   1.8536185e-01
   2.3239776e-01
   2.7917349e-01
   2.1280307e-01
   1.1988541e-01
   8.3113723e-02
   8.7982550e-02
   9.0350568e-02
   1.2257031e-01
   1.7334346e-01
   1.5429933e-01
   5.2278079e-02
   2.6433930e-02
   5.0558440e-02
   5.4671105e-02
   4.4748716e-02
   6.7351041e-03
   1.4322545e-02
   3.8750991e-02
   5.3368825e-02
   5.5379953e-02
   1.8788738e-02
   5.3333726e-02
   3.8891587e-02
   1.0836299e-02
  -9.0756938e-03
   7.0928298e-03
   3.7826963e-02
   6.0653750e-02
   4.0986713e-02
   3.9547671e-02
   2.2029363e-02
   2.4241619e-02
   8.6420819e-02
   1.3460805e-01
   5.9483558e-02
   4.7207721e-02
   2.0341177e-01
   2.9716653e-01
   1.4220303e-01
   5.0389200e-02
   6.7838989e-02
   7.3693417e-02
   4.5589779e-02
   8.1435516e-02
   5.4420888e-02
   1.3906953e-01
   4.7259709e-01
   5.4003036e-01
   2.3674028e-01
   5.7306565e-02
   5.4446675e-02
   6.4894895e-04
   1.9494370e-02
   8.8182710e-02
   8.7172434e-02
   7.0688628e-02
  -1.5779166e-03
   3.1575963e-02
   4.1671477e-02
   2.3602491e-02
   3.5567764e-02
   2.4296788e-02
   2.2983853e-02
   5.4041948e-03
   2.9261999e-02
   4.3463208e-02
   3.7642017e-02
   3.8516045e-02
   4.2393990e-02
   3.9903156e-02
   2.8780740e-02
   3.0314054e-02
   2.7050918e-02
   3.0419249e-02
   3.0435422e-02
   5.7143897e-02
   3.7308529e-02
   2.9271346e-02
   7.3024794e-02
   9.4641231e-02
   1.3977079e-01
   1.2621778e-01
   5.2255861e-02
   7.0010096e-02
   1.0374486e-01
   1.3440749e-01
   1.7450322e-01
   1.7443894e-01
   1.2626255e-01
   1.7897852e-01
   2.0838626e-01
   1.8040033e-01
   1.4636146e-01
   1.0399091e-01
   2.2706486e-01
   3.4717017e-01
   3.7727293e-01
   2.1914700e-01
   8.3068699e-02
   2.4987119e-01
   8.9082271e-01
   1.0815370e+00
   5.5060065e-01
   1.4541702e-01
   1.8409739e-01
   7.7426630e-01
   1.0272826e+00
   6.9039160e-01
   2.8673750e-01
   1.3508987e-01
   3.4418610e-01
   4.9482045e-01
   3.9436030e-01
   2.8302315e-01
   1.3200124e-01
   1.3804977e-01
   1.1531822e-01
   3.3675939e-02
   5.0185908e-02
   4.4217117e-02
   8.1540070e-02
   7.6421052e-02
   4.0718522e-02
   3.8317364e-02
   3.3286292e-02
   4.2806484e-02
   4.1732546e-02
   1.5553471e-02
  -1.0066930e-02
   2.6368622e-02
   5.0760437e-02
   2.9458217e-02
   1.2565902e-02
   2.8308092e-02
   2.6660249e-02
   3.5230555e-02
   7.1990468e-02
   3.3001244e-02
   6.1989136e-02
   6.1379254e-02
   2.4253510e-02
   1.6033057e-02
   2.6885660e-02
   2.4142683e-02
   5.1857680e-02
   1.2112439e-01
   1.2023108e-01
   6.3504741e-02
   3.2408021e-02
   5.1984455e-02
   6.9476284e-02
   6.5156467e-02
   8.1261270e-02
   3.3054877e-02
   7.8435354e-02
   1.1930426e-01
   8.8605545e-02
   3.4486424e-02
   1.0230602e-01
   2.5173071e-01
   2.9549026e-01
   1.3901183e-01
   5.0450765e-02
   8.2241803e-02
   2.3287492e-01
   2.6396874e-01
   1.5520723e-01
   8.2592510e-02
   2.7072670e-02
   3.3351995e-02
   6.6483028e-02
   3.0584473e-02
   5.7844471e-02
   6.2088445e-02
   7.2017625e-02
   4.9880922e-02
   2.6481204e-02
   2.4777785e-02
   3.4574814e-02
   4.7853351e-02
   1.6712273e-02
   4.2039601e-04
   3.2279339e-02
   3.5590112e-02
   7.8652069e-02
   1.3811053e-01
   1.1891986e-01
   8.8895075e-02
   6.8633243e-02
   5.2716754e-02
   2.0983536e-02
   1.9432954e-02
   2.7758967e-02
   9.8677131e-04
   3.4437530e-02
   1.9500254e-02
   1.3799810e-02
   1.8693825e-02
   6.4181164e-02
   7.5190291e-02
   4.5438495e-02
   3.6952987e-02
   2.8575923e-02
   2.9100578e-02
   5.2830532e-02
   9.5686819e-03
   1.4571813e-02
   4.7508799e-02
   5.5592999e-02
   3.7575208e-02
   2.7662715e-02
   3.3847492e-02
   5.6861710e-02
   8.1092492e-02
   4.3757889e-02
   3.3429936e-02
   4.4343520e-02
   1.2622896e-01
   1.9897215e-01
   1.3208620e-01
   4.9607765e-02
   2.6089830e-02
   1.2121546e-01
   1.3548829e-01
   5.5983562e-02
   2.8382117e-02
   3.6939617e-02
   1.4699437e-01
   1.8832403e-01
   1.3224834e-01
   7.0970200e-02
   1.7874880e-02
   3.6506295e-02
   4.8436709e-02
   4.8848391e-02
   3.0613497e-02
   2.3534669e-02
   1.1631165e-01
   9.9709943e-02
   4.8729785e-02
   5.1027678e-02
   1.0389742e-01
   1.1294435e-01
   1.0578045e-01
   8.0994383e-02
   8.1800580e-02
   1.2605390e-01
   4.6260211e-01
   5.3754324e-01
   2.3844038e-01
   4.9363624e-02
   9.9882253e-02
   1.5116611e-01
   1.8191256e-01
   1.7968905e-01
   9.7844042e-02
   8.3149269e-02
   1.0054211e-01
   6.3229471e-02
   6.2047038e-02
   7.1408570e-02
   8.5853830e-02
   4.4136975e-02
   3.3746898e-02
   2.8155383e-02
   6.2139668e-02
   5.2310396e-02
   1.5395660e-02
   8.6166682e-03
   3.1170350e-02
   5.0540838e-02
   4.3582853e-02
   5.4720629e-02
   3.4370217e-02
   4.4386681e-02
   6.6356853e-02
   3.9058808e-02
   7.6844707e-02
   3.3130284e-02
   1.7247798e-02
   4.9476217e-02
   8.6417526e-02
   6.8512820e-02
   4.8112847e-02
   1.1330082e-02
   2.2270726e-02
   3.7600875e-02
   5.9643999e-02
   3.8806729e-02
   3.0926147e-02
   4.1019838e-02
   6.2056188e-02
   3.0768922e-02
   1.5381757e-02
   4.2415265e-02
   1.7230995e-02
   1.2219752e-02
   5.4220811e-02
   6.7592636e-02
   9.7420260e-02
   9.9242650e-02
   4.3568723e-02
   3.4097195e-02
   2.7033065e-02
   1.1617838e-01
   1.2667906e-01
   1.0263802e-01
   6.4929567e-02
   5.5719264e-02
   5.9118267e-02
   4.4037662e-02
   6.5623887e-02
   7.0618190e-02
   9.5593683e-02
   9.5837437e-02
   4.6107728e-02
   7.7582166e-02
   1.3362758e-01
   1.1730108e-01
   9.3462922e-02
   4.2093251e-02
   6.7803666e-02
   1.3049594e-01
   1.0396537e-01
   8.4593646e-02
   7.2566777e-02
   8.3135553e-02
   2.2638956e-01
   2.2903864e-01
   1.5788935e-01
   6.5531515e-02
   9.3193747e-02
   2.0446542e-01
   2.3066126e-01
   2.1776001e-01
   1.6419658e-01
   2.2739832e-01
   4.1778472e-01
   3.3889708e-01
   1.4517991e-01
   1.0127271e-01
   4.2958185e-01
   6.8973738e-01
   3.9384896e-01
   1.1604200e-01
   9.4897002e-02
   8.9508671e-01
   1.6694341e+00
   1.1540238e+00
   3.2574198e-01
   1.8465629e-01
   8.4775329e-01
   1.3941085e+00
   1.0421065e+00
   4.7128427e-01
   1.9715866e-01
   2.9030141e-01
   3.0307901e-01
   1.9731966e-01
   1.1571880e-01
   1.1393451e-01
   2.3156658e-01
   2.1071711e-01
   5.5733819e-02
   5.0821118e-02
   7.9790846e-02
   1.1033756e-01
   1.1846676e-01
   1.8281470e-01
   7.5893916e-02
  -1.2913950e-02
  -2.8742367e-02
   2.0010747e-02
  -2.3539398e-02
  -3.4993000e-02
   7.8497538e-03
   9.2451666e-03
   3.4177937e-02
   6.9310173e-02
   5.1545076e-02
   4.6066862e-02
   8.2314715e-02
   4.3680906e-02
   3.3477828e-02
   7.7552229e-02
   6.4590424e-02
   6.0594629e-02
   4.8386071e-02
   5.6431629e-02
   6.4441562e-02
   1.3883813e-01
   1.1701857e-01
   4.4714920e-02
   1.0843724e-01
   7.8237616e-02
   6.6086002e-02
   7.3688217e-02
   9.1141880e-02
   1.3608006e-01
   1.2327631e-01
   4.4690017e-02
   3.2433242e-02
   2.2302885e-01
   4.4305509e-01
   3.6962670e-01
   1.8256311e-01
   9.3754731e-02
   1.2843280e-01
   1.9552130e-01
   1.9100092e-01
   6.8306856e-02
   4.7160599e-02
   1.0280722e-01
   1.3170226e-01
   5.8058321e-02
   2.6553763e-02
   4.8614562e-02
   1.0838099e-01
   7.7256672e-02
   6.5191582e-02
   6.6817828e-02
   5.0546333e-02
   1.5189488e-02
   1.7962707e-02
   3.6957286e-02
   7.7464245e-02
   7.7108875e-02
   6.2535837e-02
   6.0182046e-02
   4.2421930e-03
  -1.9639423e-03
   9.9459039e-03
   5.7054374e-02
   1.0019983e-01
   1.9704947e-01
   2.8922713e-01
   2.5249687e-01
   9.3113281e-02
   5.0627168e-02
   4.3538757e-02
   4.6751842e-02
   2.5403313e-02
   1.6176114e-02
   5.3685140e-02
   8.7423801e-02
   7.8463100e-02
   5.8762137e-02
   7.0890404e-02
   6.8479940e-02
   4.7160476e-02
   6.5132640e-02
   6.1173540e-02
   1.7183907e-01
   2.3218721e-01
   2.2163039e-01
   1.2607123e-01
   1.0439796e-01
   1.1092362e-01
   1.7597188e-01
   2.1758251e-01
   1.5432107e-01
   8.1350163e-02
   7.8113161e-02
   1.7622901e-01
   2.2576340e-01
   1.8387625e-01
   1.0624114e-01
   7.9182252e-02
   8.5049182e-02
   5.5330649e-02
   3.9705239e-02
   2.5324041e-02
   5.7304215e-02
   6.9460578e-02
   2.0052776e-02
   1.2351216e-02
   2.6970424e-03
   2.7979616e-02
   1.3417798e-02
   1.0011640e-02
   1.4648712e-02
   4.2088613e-02
   4.8478384e-02
   4.5562483e-02
   4.7078345e-02
   4.6459444e-02
   4.7817953e-02
   6.7295218e-03
   4.2238832e-02
   2.8660225e-02
   4.2530101e-02
   5.7328608e-02
   9.1163792e-02
   1.0676955e-01
   9.5937163e-02
   6.9107793e-02
   6.9190018e-02
   3.9361876e-02
   1.4148718e-02
   8.1493527e-02
   6.4483412e-02
   8.3486401e-03
   8.4923999e-03
   2.1218032e-02
   1.7140793e-02
  -6.2075292e-04
   5.7856753e-03
   4.6455704e-02
   1.0501116e-01
   1.6739461e-01
   2.2383462e-01
   1.6310394e-01
   6.9191553e-02
   9.1397926e-02
   9.4564937e-02
   7.1046405e-02
   2.0818661e-03
   8.2530547e-05
   3.9707270e-02
   8.1529208e-02
   4.6333622e-02
   2.3952495e-02
   5.3236317e-02
   5.8395267e-02
   5.8864277e-02
   3.7314594e-02
   4.4738967e-02
   5.6711294e-02
   1.1272828e-01
   8.9338921e-02
   2.9204695e-02
   2.5350852e-02
   1.5931489e-02
   3.1226089e-02
   4.7702327e-02
   2.6952894e-02
   2.6267676e-02
   4.3396514e-02
   2.6681816e-02
   3.2541934e-02
   2.4164520e-02
   4.9528010e-02
   3.8901534e-02
   1.9619109e-02
   3.3821534e-02
   6.4402543e-02
   5.5751707e-02
   5.6953222e-02
   1.8862171e-02
   1.0007722e-02
   1.0427936e-02
   2.1539947e-02
   1.8330982e-02
   3.8826935e-02
   4.4981711e-02
   3.1121247e-02
   3.3093095e-02
   2.6094325e-02
   2.5764532e-02
   3.5002351e-02
   3.7989460e-02
   3.2912452e-02
   7.1134485e-02
   8.1999764e-02
   9.1687404e-02
   8.7516464e-02
   4.1393280e-02
   5.2050423e-02
   5.5680279e-02
   6.8360493e-02
   3.2808475e-02
   2.5983106e-02
   2.5811452e-02
   5.7733543e-02
   9.0618372e-02
   6.7384563e-02
   2.4144184e-02
   2.6473891e-02
   5.6140717e-02
   1.9215874e-02
   3.4475587e-02
   5.9519492e-02
   6.8666965e-02
   6.4560018e-02
   2.9404210e-02
   1.9942587e-02
   3.6172900e-02
   4.8857141e-02
   2.6961230e-02
   1.1289185e-02
   3.5514951e-02
   2.5371531e-02
   5.0581072e-02
   3.7973169e-02
   5.0539244e-02
   7.8108124e-02
   4.5795165e-02
   5.8391120e-02
   7.0229620e-02
   8.8921100e-02
   1.1157846e-01
   8.2504496e-02
   6.7890882e-02
   7.8254201e-02
   4.4727027e-02
   2.9287750e-02
   6.8723984e-02
   6.9071665e-02
   3.2375216e-02
   1.8391835e-02
   6.5038547e-02
   5.0456531e-02
   8.8252999e-02
   4.7979325e-02
   4.8336491e-02
   4.8666667e-02
   3.4224458e-02
   5.3621721e-02
   6.9051638e-02
   8.8461988e-02
   5.9342857e-02
   1.5991392e-02
   2.6322270e-02
   1.3318903e-02
   2.0494044e-02
   4.1343503e-02
   4.7115579e-02
   4.5950379e-02
   6.1705433e-02
   6.7445561e-02
   6.4673677e-02
   5.3613499e-02
   2.7996253e-02
   3.9604444e-02
   4.9987499e-02
   4.9146328e-02
   4.2721797e-02
   1.2432720e-02
   4.2777773e-02
   3.2770105e-02
   2.5938503e-02
   1.4857489e-02
   2.0803683e-02
   1.9324034e-03
   4.1136190e-02
   4.9457476e-02
   3.6736432e-02
   2.1322887e-02
   2.9500624e-02
   2.5247656e-02
   2.5318021e-02
   2.6102947e-02
   4.0826034e-02
   7.4756138e-02
   5.1507574e-02
   3.1906903e-02
   4.4073228e-02
   3.1039435e-02
   2.9144928e-02
   2.7729515e-02
   3.8940787e-02
   2.5995418e-02
   3.5219032e-02
   3.8067032e-02
   2.3483923e-02
   2.4421776e-02
   2.7091432e-02
   3.7551612e-02
   4.3155074e-02
   3.6108356e-02
   4.1150730e-02
   3.3539746e-02
   4.7708433e-03
   3.3405773e-02
   4.8344657e-02
   4.5460258e-02
   3.4821887e-02
   3.8935646e-02
   2.9243497e-02
   1.1929401e-02
   4.0791381e-02
   2.7182249e-02
   2.3252333e-02
   1.8090596e-02
   2.5701163e-02
   6.1002053e-02
   4.0589344e-02
   1.9140627e-02
   3.5654534e-02
   5.3857509e-03
   4.5947131e-02
   3.5497457e-02
   1.7337646e-02
   2.0315766e-02
   2.3877257e-02
   3.2330234e-02
   4.1379724e-02
   2.5898859e-02
   4.4077110e-02
   2.8685383e-02
   2.2870548e-02
   4.7785915e-02
   3.2023236e-02
   1.2832069e-02
   4.9477067e-02
   5.8308017e-02
   6.1947670e-02
   3.4438439e-02
   1.8776445e-02
   5.4012523e-03
   1.9475140e-02
   3.1965736e-02
   3.0523870e-02
   3.0189946e-02
   3.4732871e-02
   3.4686826e-02
   3.3722736e-02
   3.9898656e-02
   5.3273696e-02
   7.9471745e-02
   4.1732352e-02
   1.3481531e-02
   2.8283712e-02
   2.9287035e-02
   1.2230560e-02
   3.2656472e-02
   3.2605361e-02
   5.0645024e-02
   2.6557636e-02
   5.1806610e-02
   7.5274192e-02
   7.4516363e-02
   5.3376291e-02
   6.3517436e-02
   5.3751830e-02
   5.9132278e-02
   9.4315462e-02
   5.3656306e-02
   3.3818681e-02
   3.6034208e-02
   4.7124919e-02
   3.9486922e-02
   7.0718229e-02
   4.7285382e-02
   5.2363686e-02
   1.2209881e-02
   2.0992279e-02
   4.9550928e-02
   3.1104852e-02
   2.7654201e-02
   2.2096870e-02
   6.9654514e-03
   1.7807620e-02
   2.6636451e-02
   1.8531460e-02
   2.9327672e-02
   1.0652849e-02
   1.9604081e-02
   4.7582813e-02
   3.8845293e-02
   3.4657728e-02
   2.3451142e-02
   2.5066758e-02
   1.5920915e-02
   3.1347603e-02
   4.5011733e-02
   6.1965156e-02
   5.2653730e-02
   2.7179537e-02
   2.4054749e-02
   4.3854464e-02
   3.4444645e-02
   3.9023649e-02
   3.2184504e-02
   4.3032967e-02
   3.9765805e-02
   2.0047117e-02
   1.3745626e-02
   2.8160751e-02
   1.4765792e-03
   2.9769169e-02
   3.5541158e-02
   5.1724650e-02
   2.9324867e-02
   5.3852398e-02
   6.2141493e-02
   3.2737080e-02
   2.7108403e-02
   5.3990997e-02
   3.1472422e-02
   1.2364883e-02
   2.8338024e-02
   3.3877011e-02
   2.6567232e-02
   3.6638211e-02
   2.9676408e-02
   5.7904222e-03
   3.6183409e-03
   2.2315346e-02
   2.4884274e-02
   3.6230549e-02
   2.5540732e-02
   3.3004120e-02
   5.7689436e-02
   5.6770928e-02
   3.9745405e-02
   5.2164719e-02
   2.3810159e-02
   3.8711578e-02
   7.0983291e-02
   5.3546634e-02
   4.0427946e-02
   2.7809262e-02
   3.8639005e-02
   5.5030741e-02
   3.3430714e-02
   3.4470167e-02
   1.9214919e-02
   1.0150477e-02
   1.5361750e-02
   3.1332847e-02
   3.4524094e-02
   3.6053766e-02
   5.5309035e-02
   3.9436147e-02
   4.5380130e-02
   5.0479222e-02
   4.1360267e-02
   2.1432437e-02
   3.8024228e-02
   3.4724858e-02
   3.0541491e-02
   3.4887180e-02
   3.6331818e-02
   3.7834138e-02
   8.5866470e-03
   1.4250767e-02
   6.6748164e-03
   3.8747944e-02
   4.4816863e-02
   5.4030339e-03
   2.8018860e-02
   2.9140543e-02
   2.1317923e-02
   2.3800567e-02
   3.8366575e-02
   3.9991960e-02
   3.2691687e-02
   1.7244605e-02
   1.5969593e-02
   3.9176200e-02
   5.3772181e-02
   5.5575464e-02
   6.2373642e-02
   6.4890303e-02
   2.2526683e-02
   2.2587767e-02
   6.1161455e-02
   5.6583703e-02
   3.1087874e-02
   1.8868852e-02
   3.7539624e-02
   4.6038702e-02
   6.4574696e-02
   4.0709186e-02
   3.4074951e-02
   3.4149408e-02
   1.4787653e-02
   2.4671001e-02
   6.9659591e-02
   6.1787859e-02
   2.3273803e-02
   1.2757820e-02
   2.2801923e-02
   4.8233825e-03
   3.6671769e-02
   4.8309892e-02
   4.3134417e-02
   4.0174510e-02
   3.9807502e-02
   3.9785422e-02
   4.5454707e-02
   3.6250286e-02
   3.5408989e-02
   5.7551946e-02
   4.8449613e-02
   2.2061305e-02
   3.8552791e-02
   5.1740386e-02
   2.2984758e-02
   1.8363534e-02
   2.1905895e-02
   1.7188370e-02
   3.4660969e-02
   3.4896545e-02
   1.5808385e-02
   4.0103346e-02
   1.8311305e-02
   9.1133676e-03
   2.7184790e-02
   5.7171807e-02
   5.2730937e-02
   3.5403397e-02
   3.4115970e-02
   4.9218249e-02
   3.8671855e-02
   3.1584609e-02
   2.9049167e-02
   4.6145577e-02
   4.4549838e-02
   3.0095872e-02
   3.6707442e-02
   1.2046052e-02
   3.7345648e-02
   4.6544220e-02
   3.1693455e-02
   3.2016709e-02
   5.0391573e-02
   4.7916878e-02
   3.1179700e-02
   3.8709011e-02
   5.8502704e-02
   3.9050899e-02
   2.4965493e-02
   4.0788348e-03
   4.3487281e-02
   5.8164444e-02
   4.1296769e-02
   4.0991526e-02
   5.8088012e-02
   4.1899260e-02
   1.8308433e-02
   2.6274210e-02
   3.1715360e-02
   2.4905346e-02
   2.6596354e-02
   3.7298352e-02
   2.0822506e-02
   2.2719465e-02
   3.4844093e-02
   3.9051000e-02
   4.2965177e-02
   1.9017240e-02
   2.7677376e-02
   3.9524894e-02
   4.6902008e-02
   3.8324017e-02
   3.6519114e-02
   7.0056766e-02
   4.2832926e-02
   4.3876547e-02
   5.0724518e-02
   3.1823937e-02
   6.6197948e-03
  -3.5001428e-04
   2.4930561e-02
   4.8167739e-02
   4.1081514e-02
   3.0678220e-02
   5.9996728e-02
   2.0053573e-02
   2.5397254e-02
   2.7154585e-02
   1.6411219e-02
   4.1268684e-02
   5.2512351e-02
   5.5567306e-02
   6.7179471e-02
   5.8263008e-02
   2.2510191e-02
   3.5385471e-02
   5.1787954e-02
   6.5485269e-02
   7.7389970e-02
   1.1484721e-01
   5.4611731e-02
   3.7529476e-02
   1.0226278e-02
   2.5436889e-02
   3.7154242e-02
   2.3889296e-02
   5.0242797e-02
   5.7055440e-02
   2.9834742e-02
   3.5005949e-02
   5.3600192e-02
   5.5533547e-02
   5.7526395e-02
   4.5429956e-02
   3.8492613e-02
   5.9212308e-02
   5.0848130e-02
   4.3930683e-02
   6.2833309e-02
   6.9509797e-02
   6.8758234e-02
   5.1834632e-02
   2.3116551e-02
   8.1783999e-04
   5.9592165e-03
   1.8619424e-02
   3.9101385e-02
   2.7684730e-02
   1.8735206e-02
   2.6375666e-02
   4.3481149e-02
   2.8943444e-02
   2.3086892e-02
   4.1973308e-02
   4.0030651e-02
   3.3125110e-02
   4.6716578e-02
   2.2743886e-02
   4.1778218e-02
   3.2098435e-02
   8.6612897e-03
   1.6237892e-02
   1.3691956e-02
   1.5839383e-02
   4.2144753e-02
   6.2175248e-02
   2.4257112e-02
   3.0736214e-02
   3.8175024e-02
   3.7391115e-02
   3.7909318e-02
   3.7448410e-02
   2.9526528e-02
   3.1443503e-02
   3.0553162e-02
   3.2480523e-02
   3.6760129e-02
   2.9869517e-02
   4.9720787e-02
   4.6725221e-02
   2.9627504e-02
   4.2932983e-02
   2.4977436e-02
   3.2005507e-02
   4.8383806e-02
   2.3957601e-02
   3.0766683e-02
   2.8887386e-02
   4.1706994e-02
   4.0727291e-02
   1.4216458e-02
   3.0998319e-02
   7.8650806e-03
   6.8956199e-03
   3.5353124e-02
   3.4606796e-02
   2.6788946e-02
  -1.1669592e-02
   2.3672841e-02
   4.6068676e-02
   3.6340486e-02
   2.6525274e-02
   2.2094270e-02
   4.3663669e-02
   6.2613361e-02
   3.7083212e-02
   3.3516720e-02
   4.5922074e-02
   5.8423445e-02
   1.7574437e-02
   3.0747058e-02
   3.1611051e-02
   3.5418630e-02
  -3.0435405e-03
   2.4937483e-02
   2.9624216e-02
   3.0223439e-02
   5.9066307e-02
   6.3569017e-02
   4.1284170e-02
   2.4113381e-02
   2.4787029e-02
   2.2533676e-02
   3.7902243e-02
   1.9073641e-02
   3.1141946e-02
   5.0930727e-02
   7.5959422e-02
   6.1669853e-02
   4.3511681e-02
   4.1749343e-02
   4.8204549e-02
   1.4782765e-02
   2.7691171e-02
   3.2539621e-02
   1.2641679e-01
   2.9241061e-01
   3.4459925e-01
   2.0951164e-01
   1.0874066e-01
   3.5693444e-02
   2.9791053e-02
   1.2185980e-02
   3.6395356e-02
   4.0788699e-02
   2.8356900e-02
   2.7205544e-02
   4.7481716e-02
   5.4134272e-02
   5.4372512e-02
   6.1132323e-02
   3.3957642e-02
   1.3845473e-02
   1.8263325e-02
   1.9219540e-02
   1.2702824e-02
   4.6249233e-02
   5.2661650e-02
   2.8545244e-02
   2.4899952e-02
   4.9533006e-02
   3.9934054e-02
   4.2863451e-02
   4.8575036e-02
   3.6245059e-02
   3.8918756e-02
   2.4744425e-02
   3.5280410e-02
   4.9290828e-02
   3.7625317e-02
   5.6659314e-03
   3.3480242e-02
   3.4179643e-02
   3.4964506e-02
   3.3239823e-02
   1.4212647e-02
   2.9460670e-02
   8.8897981e-02
   1.3911994e-01
   1.3161965e-01
   6.8870023e-02
   5.0954212e-02
   5.3513337e-02
   3.5401605e-02
   1.4811525e-02
   1.6954576e-03
   2.5440861e-02
   4.1709103e-02
   4.9533367e-02
   3.2617908e-02
   3.1048495e-02
   2.6100125e-02
   2.9489895e-02
   1.6132189e-02
   1.7987596e-02
   5.3324043e-03
   2.4221506e-02
   6.4053662e-02
   7.5077109e-02
   7.4562043e-02
   3.6026914e-02
   2.1569708e-02
   3.6665104e-02
   4.0369175e-02
   1.8887587e-02
   2.9604385e-02
   1.1612000e-02
   3.3684723e-02
   3.2484267e-02
   1.5560564e-02
   5.5725239e-03
   4.3241244e-02
   6.2047854e-02
   5.6527935e-02
   3.6161244e-02
   4.6059471e-02
   6.9070198e-02
   4.3838650e-02
   4.7525685e-02
   3.3467431e-02
   5.6133319e-02
   2.7851183e-02
   2.9089576e-02
   3.5639562e-02
   4.7480050e-02
   5.1767036e-02
   2.9399138e-02
   1.3404844e-02
   3.3794772e-02
   1.9597074e-02
   2.3192229e-02
   5.5659930e-03
   1.2237718e-02
   5.2507382e-02
   4.7848292e-02
   8.2049772e-02
   8.2409695e-02
   5.6662705e-02
   3.2990735e-02
   4.0634159e-02
   4.2726357e-02
   2.4354279e-02
   3.8487963e-02
   3.7831396e-02
   2.8853729e-02
   3.5986241e-02
   3.1137817e-02
   1.1773173e-02
   2.3824356e-02
   4.9175806e-02
   3.0071663e-02
   3.0862041e-02
   1.0345820e-02
   1.4451948e-02
   3.7088282e-02
   3.8322009e-02
   1.8661616e-02
   1.8915093e-02
   3.3828266e-02
   5.5847071e-02
   8.4505692e-02
   6.0537461e-02
   5.2079350e-02
   4.5823939e-02
   4.2256147e-02
   4.3135729e-02
   2.6120180e-02
   2.2035705e-02
   4.1105352e-02
   3.0164182e-02
   3.6441933e-02
   3.4572922e-02
   2.7584717e-02
   2.9363714e-02
   1.4950537e-02
   2.2939947e-02
   2.7642570e-02
   3.3951126e-02
   4.6354238e-02
   2.5846902e-02
   4.7220424e-02
   4.1874528e-02
   2.6190335e-02
   5.8163161e-04
   1.8232310e-02
   4.4994164e-02
   4.5100104e-02
   3.1686742e-02
   2.7670534e-02
   3.8424745e-02
   3.9587125e-02
   2.2042012e-02
   2.5655609e-02
   3.4810606e-02
   5.7223798e-03
   2.8182326e-02
   4.2552456e-02
   2.1399545e-02
   5.0174568e-02
   3.3983074e-02
   2.4350591e-02
   4.4925496e-02
   4.4673428e-02
   5.0363638e-02
   3.9644394e-02
   2.5884796e-02
   4.7729980e-02
   2.7394045e-02
   2.3582498e-02
   4.5583948e-02
   3.1016441e-02
   4.1990113e-02
   4.3421146e-02
   5.6425001e-02
   5.1391829e-02
   1.7903674e-02
   1.0401235e-02
   4.6450756e-02
   4.7040492e-02
   5.5314776e-02
   5.3933993e-02
   5.9129968e-02
   2.8005809e-02
   3.9527640e-02
   4.1548591e-02
   5.0638437e-02
   4.2009152e-02
   2.4959318e-02
   3.4194693e-02
   8.8257007e-03
   3.2923110e-02
   4.9662516e-02
   4.0667780e-02
   3.5080761e-02
   2.7233243e-02
   2.7625469e-02
   2.3361064e-02
   1.8087387e-02
   4.0206123e-02
   4.6079878e-02
   2.1432031e-02
   2.9754398e-02
   1.8071299e-02
   2.9294588e-02
   2.0191895e-02
   1.0715009e-02
   9.1645019e-03
   3.9171852e-02
   6.3807763e-02
   4.1840065e-02
   4.1509546e-02
   4.0109042e-02
   2.3893991e-02
   3.9385252e-02
   2.7421547e-02
   3.0991890e-02
   1.6604437e-02
   3.7993994e-02
   4.2273022e-02
   3.6036041e-02
   3.0879544e-02
   3.7654292e-02
   3.5936277e-02
   2.9858235e-02
   1.6229682e-02
   2.6262509e-02
   3.4996934e-02
   3.2217730e-02
   4.5112122e-02
   3.0297976e-02
   3.0868728e-02
   4.1992620e-02
   6.3049175e-02
   8.5237347e-02
   1.2360010e-03
   3.9346028e-02
   8.5565642e-02
   5.7279177e-02
   2.9203389e-02
   2.8613657e-02
   2.5979653e-02
   3.1267885e-02
   3.6781605e-02
   5.1399760e-02
   2.1674022e-02
   1.4659406e-02
   3.1797331e-02
   5.1883411e-02
   4.8186839e-02
   3.7793823e-02
   5.5231709e-02
   5.5222198e-02
   2.6030207e-02
   5.3385049e-02
   3.5416201e-02
   3.5130963e-02
   1.6577531e-02
   1.3204638e-02
   4.9682446e-02
   4.8317138e-02
   2.0808885e-02
   3.3879988e-02
   3.8788520e-02
   3.5664067e-02
   3.4678090e-02
   6.6565879e-02
   2.0962181e-02
   2.1397162e-02
   3.3934750e-02
   3.5201509e-02
   3.1009171e-02
   2.8958555e-02
   2.5074176e-02
   3.8353965e-02
   4.9076132e-02
   4.5554820e-02
   5.4797236e-02
   7.2591603e-02
   6.0620222e-02
   3.3894088e-02
   2.6388900e-02
   3.3615287e-02
   4.8303090e-02
   5.4307014e-02
   2.9896960e-02
   3.0111065e-02
   4.3693926e-02
   7.0703395e-02
   3.9706606e-02
   4.0482286e-02
   3.4927927e-02
   5.1175911e-02
   3.1856451e-02
   1.4727630e-02
   1.2847356e-02
   2.1812294e-02
   2.9271049e-02
   3.0644666e-02
   1.9360209e-02
   3.7940383e-02
   2.8541630e-02
   1.7586971e-02
   3.2695360e-02
   2.6573380e-02
   2.7709445e-02
   7.4988785e-03
   7.8479638e-03
   2.5939425e-02
   3.2995686e-02
   2.5712857e-02
   5.6832489e-02
   6.8109363e-02
   8.8703088e-02
   6.2378768e-02
   3.1097081e-02
   3.0550128e-02
   5.1519979e-02
   4.9301706e-02
   1.1563979e-01
   1.5729575e-01
   1.3317189e-01
   7.6791480e-02
   4.8335589e-02
   4.9116071e-02
   4.9192604e-02
   5.0828464e-02
   6.3593991e-02
   5.2654210e-02
   9.2435218e-02
   5.5347785e-02
   6.0906310e-02
   2.0095861e-02
   2.9222462e-02
   1.5639540e-02
   4.8743259e-02
   6.5861136e-02
   9.9717170e-02
   5.3459190e-02
   2.2098482e-02
   7.8301122e-03
   3.7389938e-02
   4.6434943e-02
   8.0496728e-02
   1.1561079e-01
   1.0987335e-01
   4.0154140e-02
   3.4468431e-02
   4.1302122e-02
   5.9122317e-02
   5.2019522e-02
   2.8886542e-02
   2.0968419e-02
   1.5257564e-02
   3.7492011e-02
   4.1569322e-02
   3.7408039e-02
   2.6034564e-02
   4.5450825e-02
   6.7359462e-02
   3.2849606e-02
   2.0931661e-02
   2.6732357e-02
   3.1367406e-02
   4.5929629e-02
   5.2228037e-02
   2.8155366e-02
   4.0757503e-02
   3.7094042e-02
   1.3312223e-02
   2.4096407e-02
  -1.0604450e-02
   3.9301217e-03
   3.6004122e-02
   2.6103700e-02
   2.3715349e-02
   2.0666352e-02
   2.2385549e-02
   4.1629162e-02
   5.7919737e-02
   5.5405091e-02
   2.8958594e-02
   1.8373864e-02
   3.3090442e-02
   2.2101762e-02
   4.1640796e-02
   5.6392308e-02
   5.9141673e-02
   2.5917009e-02
   2.8233675e-02
   1.1857641e-02
   2.5934616e-02
   5.3260170e-02
   2.6096353e-02
   3.6267072e-02
   3.1284738e-02
   5.3363204e-02
   5.7909548e-02
   7.6671883e-02
   7.5290076e-02
   5.0894231e-02
   2.5504192e-02
   3.3212878e-02
   3.4493260e-02
   2.6283192e-02
   2.2558855e-02
   2.1629611e-02
   4.2401664e-02
   5.8581948e-02
   7.4305587e-02
   8.9679286e-02
   5.7618972e-02
   3.3881981e-02
   2.1646200e-02
   1.7881721e-02
   4.8633773e-02
   6.3478433e-02
   1.5742032e-01
   2.9310405e-01
   2.7435997e-01
   1.7369448e-01
   7.6751716e-02
   6.5938912e-02
   7.4213855e-02
   6.8988547e-02
   8.3208874e-02
   9.7821228e-02
   7.8316145e-02
   7.9250060e-02
   7.1718529e-02
   6.9469810e-02
   8.4674256e-03
   1.9479852e-02
   5.0130967e-02
   9.0135865e-02
   6.2810674e-02
   5.8076929e-02
   4.2802241e-02
   3.2751471e-02
   3.7444018e-02
   7.8732580e-02
   1.7561750e-01
   1.8446867e-01
   1.3414450e-01
   7.1254246e-02
   2.5392203e-02
  -1.5793863e-03
   2.6255269e-02
   6.9027923e-02
   6.9599383e-02
   4.6650857e-02
   4.9340833e-02
   2.7974606e-02
   3.1947639e-02
   3.9130434e-02
   4.7770992e-02
   6.5432981e-02
   7.1049072e-02
   5.0002042e-02
   5.4802004e-02
   7.9989083e-02
   6.4166024e-02
   3.4749348e-02
   2.7515115e-02
   2.7411230e-02
   4.2527076e-02
   1.3348965e-02
   3.8174851e-04
   3.8847048e-02
   4.0832236e-02
   4.2075861e-02
   4.6644129e-02
   7.6969683e-02
   1.4202747e-01
   1.6780220e-01
   7.6744378e-02
   1.1908999e-02
   5.5848286e-02
   3.3855405e-02
   1.9959718e-02
   2.5330773e-02
   3.5110507e-02
   6.1208941e-02
   5.3704627e-02
   5.6698982e-02
   6.7597933e-02
   2.7394209e-02
   2.9317427e-03
   4.9856853e-02
   5.6414731e-02
   6.8187512e-02
   6.0302537e-02
   4.2205837e-02
   4.2201519e-02
   3.5928302e-02
   1.1048747e-02
   2.9232590e-02
   5.4184396e-02
   5.4022755e-02
   2.3355974e-02
  -6.6797282e-03
  -8.9134229e-04
   2.5116634e-02
   7.4755028e-02
   1.1176718e-01
   1.1430177e-01
   7.0733994e-02
   8.4825922e-03
   3.6532771e-02
   5.3784743e-02
   1.1382774e-01
   9.1516934e-02
   8.3902895e-02
   8.0243312e-02
   3.4575801e-02
   4.5422520e-02
   7.3690042e-02
   1.6346262e-01
   1.2610914e-01
   1.0932395e-01
   4.8108589e-02
   4.3031346e-02
   1.6793993e-03
   1.3295104e-02
   1.6403489e-01
   5.9167808e-01
   1.0249707e+00
   7.8823334e-01
   3.8547608e-01
   1.2604018e-01
   2.6005935e-02
   2.7447123e-02
   8.9477792e-02
   1.0931250e-01
   8.2600094e-02
   3.9289892e-02
   7.3796034e-02
   8.5799441e-02
   6.5182418e-02
   3.8472030e-02
   1.9901296e-01
   2.8942400e-01
   2.5943035e-01
   1.7471403e-01
   8.5824847e-02
   4.8056412e-02
   3.3966932e-02
   3.7144221e-02
   4.8098404e-02
   6.0844958e-02
   3.9048620e-02
   7.7421844e-02
   8.7590434e-02
   5.9768792e-02
   6.6456124e-02
   6.5202929e-02
   6.1472971e-02
   7.6232627e-02
   6.3318886e-02
   3.1287756e-02
   1.8665534e-02
   6.5934867e-02
   7.2398692e-02
   5.6311429e-02
   4.3187335e-02
   9.1208100e-02
   8.5930884e-02
   4.2078175e-02
   8.8147074e-02
   5.1493004e-02
  -6.6484683e-03
   1.4505639e-02
   5.9436128e-02
   1.2451592e-01
   1.1367038e-01
   1.4539072e-01
   7.5977996e-02
   5.8679175e-02
   2.8619284e-02
   5.0977240e-03
   2.0049604e-02
   2.7578294e-02
   2.4821259e-02
   3.2199815e-02
   2.5613781e-02
   7.1684301e-02
   4.1589301e-02
   6.2676616e-02
   4.5131456e-02
   4.4585928e-02
   4.9681798e-02
   2.3220766e-02
   3.4662578e-02
   7.9055391e-03
   4.2352211e-02
   5.8088716e-02
   7.3998183e-02
   6.1356764e-02
   5.5447750e-02
   1.9267667e-02
   4.5624122e-02
   4.0423997e-02
   4.2734683e-02
   1.8645011e-02
   4.5664355e-02
   1.1236548e-01
   1.8478987e-01
   2.0314603e-01
   9.5576748e-02
   4.5053635e-02
   5.9243727e-02
   5.8269028e-02
   3.0442860e-02
   6.6709571e-02
   6.9312565e-02
   1.1542172e-01
   1.8985327e-01
   2.5257879e-01
   2.0568232e-01
   1.2804596e-01
   6.8522930e-02
   1.3679934e-01
   1.7436701e-01
   9.5723286e-02
   1.0914200e-01
   2.0959009e-01
   2.2154850e-01
   1.4749181e-01
   8.3561502e-02
   1.0989136e-01
   1.0207829e-01
   9.0066276e-02
   1.3792141e-01
   7.7785917e-02
   4.1061636e-02
   1.3847057e-02
   3.7948940e-02
   1.8572150e-02
   5.5451106e-02
   7.9091147e-02
   4.4590883e-02
   1.4843513e-02
   4.4850945e-02
   5.1862519e-02
   5.9439912e-02
   2.9825132e-02
   1.9670172e-02
   3.6413252e-02
   3.5043105e-02
   1.4692256e-02
   1.6704679e-02
   4.2382292e-02
   8.9400880e-02
   8.4970504e-02
   9.1286920e-02
   7.6461665e-02
   7.0956282e-02
   3.4817018e-02
   1.9285807e-02
   1.1218370e-02
   6.3221589e-02
   4.7234114e-02
   8.7582342e-02
   1.1208644e-01
   7.6849781e-02
   6.4321615e-02
   9.2868790e-02
   1.1164622e-01
   6.1599772e-02
   8.9480817e-02
   7.9775289e-02
   5.5051908e-02
   3.5754442e-02
   2.4389358e-02
   5.4568318e-03
   4.1960694e-02
   6.9661774e-02
   5.0547481e-02
   7.5821325e-02
   3.5997011e-02
   2.2303438e-02
   1.2557736e-02
   6.4964979e-03
   4.1481145e-02
   5.1310610e-02
   8.1025466e-02
   1.4748539e-01
   4.3000215e-01
   4.5201063e-01
   3.0809894e-01
   1.8557788e-01
   6.4566955e-02
   5.0808452e-02
   3.5198554e-02
   2.9937478e-02
   4.2201549e-02
   4.4127893e-02
   9.8399833e-02
   1.5620105e-01
   1.1079907e-01
   6.4298660e-02
   1.7412236e-02
   4.7851719e-02
   7.6030850e-02
   1.0167918e-01
   1.0538352e-01
   1.1219176e-01
   1.1020844e-01
   6.5067276e-02
   2.5724197e-02
  -2.0996088e-03
   2.8577080e-02
   2.3991209e-02
   2.8642016e-02
   2.9183265e-02
   3.7856091e-02
   4.3608442e-02
   3.2669477e-02
   4.4589031e-02
   7.4899212e-02
   8.1306227e-02
   8.1391841e-02
   6.4714871e-02
   9.6554272e-02
   1.8677168e-02
   2.8226804e-02
   5.9359655e-02
   3.6269207e-02
   5.7914727e-03
   5.1008738e-03
   4.6010479e-02
   7.4423112e-02
   1.3095745e-01
   1.1855602e-01
   1.1129473e-01
   9.1968730e-02
   4.5566175e-02
   3.1832296e-02
   3.4611423e-02
   4.8833381e-02
   8.0926836e-02
   1.5168053e-01
   2.0099540e-01
   1.1902819e-01
   2.1036444e-02
   6.9918513e-02
   8.5252464e-02
   6.0254581e-02
   7.7240907e-02
   9.4495237e-02
   9.1633379e-02
   1.6009898e-01
   1.9513193e-01
   1.7301042e-01
   7.2611570e-02
   1.6397119e-01
   2.4151126e-01
   1.9175021e-01
   1.5216777e-01
   2.2790942e-01
   4.2728361e-01
   3.5438275e-01
   1.8314779e-01
   1.1475112e-01
   1.3459529e-01
   1.1625946e-01
   8.7072007e-02
   6.9943145e-02
   7.1598068e-02
   8.5831828e-02
   5.3096708e-02
   5.0636284e-02
   2.1822684e-02
   3.7001755e-02
   4.4781052e-02
   1.1361714e-01
   1.3702120e-01
   1.0155404e-01
   5.4124791e-02
   1.2271672e-02
   1.6056275e-02
  -2.1613853e-03
   3.0079171e-02
   4.4881687e-02
   3.3998270e-02
   6.1732002e-02
   9.0171121e-02
   3.7180092e-02
   7.2402857e-02
   6.1848734e-02
   1.0221069e-01
   4.3358602e-02
   7.2724208e-02
   1.5298575e-01
   1.8708353e-01
   1.0852466e-01
   8.5381813e-02
   1.8365653e-02
  -3.5931622e-03
   3.6322363e-02
   1.2349264e-01
   1.7122307e-01
   1.6167271e-01
   2.1172605e-01
   2.0841257e-01
   1.2882009e-01
   3.2364763e-02
   3.8793184e-02
   6.7700088e-02
   6.8870462e-02
   4.6775319e-02
   9.2927761e-02
   1.1697993e-01
   1.0464289e-01
   5.2911326e-02
   6.8828440e-03
   5.1869255e-02
   3.7481401e-02
   3.4683108e-02
   6.1359443e-02
   3.4338027e-02
   6.4436726e-02
   3.4151044e-02
   7.6719448e-02
   9.0027586e-02
   2.5293337e-02
   3.7551228e-02
   7.3006675e-02
   5.5547379e-02
   3.5000309e-02
   4.2116694e-02
   4.1871909e-02
   6.0876314e-02
   7.0170507e-02
   3.7705485e-02
   2.1541882e-02
   4.8236772e-02
   6.0576223e-02
   4.2785384e-02
   1.4779328e-02
   6.5222137e-02
   5.1924322e-02
   4.5808315e-02
   4.6381745e-02
   8.0407202e-02
   7.1472764e-02
   4.8707198e-02
   6.5416925e-02
   8.1265509e-02
   3.8043547e-02
   1.0869372e-02
   6.1501779e-02
   1.3694330e-01
   2.1808897e-01
   1.7359814e-01
   5.7410005e-02
   3.0727534e-02
   1.6635088e-02
   2.6334066e-02
   1.0642759e-01
   4.1044641e-01
   7.3515290e-01
   6.4053875e-01
   3.3554149e-01
   1.3231915e-01
   4.7164474e-02
   5.0218724e-02
   5.0902613e-02
   2.2199119e-02
   2.3998788e-02
   9.9195592e-02
   1.1875191e-01
   1.0209578e-01
   1.0617305e-01
   7.4606016e-02
   4.1071653e-02
   2.9867122e-02
   3.8120173e-02
   6.6881701e-02
   3.3293251e-02
   7.3566586e-02
   7.2513781e-02
   5.3655095e-02
   5.0942879e-02
   9.7630858e-02
   1.3728237e-01
   1.1125367e-01
   9.5114991e-02
   6.3848265e-02
   3.6799178e-02
   2.7345119e-02
   5.8385704e-02
   1.6482845e-01
   3.7557614e-01
   3.7143067e-01
   2.5897405e-01
   1.5848018e-01
   9.9148124e-02
   6.0901653e-02
   2.7104616e-02
   2.8141383e-02
   1.4271429e-02
   1.5872380e-03
   1.4285113e-01
   2.9493994e-01
   3.5559082e-01
   3.0653656e-01
   2.3097898e-01
   1.2555359e-01
   3.8713057e-02
   4.1308410e-02
   8.7852716e-02
   2.3733827e-01
   3.2434624e-01
   3.5157454e-01
   2.5506565e-01
   1.9067456e-01
   1.6234854e-01
   1.2171659e-01
   1.0701264e-01
   3.4888513e-02
   6.1432865e-02
   1.4608438e-01
   2.9455623e-01
   5.0755155e-01
   5.4921484e-01
   3.6346826e-01
   1.5075120e-01
   5.7743482e-02
   6.3279644e-02
   7.9388291e-02
   5.6546277e-01
   1.2744424e+00
   1.5786902e+00
   1.1814727e+00
   7.8636324e-01
   8.0536777e-01
   6.9665569e-01
   4.8552281e-01
   3.5445145e-01
   9.9114060e-02
   7.5284734e-02
   6.2526703e-01
   2.5995562e+00
   4.9998603e+00
   4.7323642e+00
   2.6773226e+00
   1.2280123e+00
   3.7796354e-01
   2.3055793e-01
   1.7487646e+00
   1.0716965e+01
   2.2061752e+01
   2.1967043e+01
   1.2954260e+01
   5.3993368e+00
   1.6592820e+00
   4.1904423e-01
   1.0743491e-01
   4.3939650e-02
   2.1982558e-01
   1.7073325e+00
   3.8071773e+00
   3.9397721e+00
   2.4485660e+00
   1.1135468e+00
   3.0041093e-01
  -6.0840715e-02
  -8.8059261e-02
   3.5809717e-01
   5.1194280e-01
   7.7351922e-01
   1.2607062e+00
   1.1395006e+00
   6.1304855e-01
   2.5470692e-01
   2.0647688e-01
   1.9174881e-01
   1.3343698e-01
   2.2334203e-01
   2.0826583e-01
   3.3799347e-01
   4.9678236e-01
   6.3164771e-01
   7.0465255e-01
   5.3078938e-01
   2.1682183e-01
  -2.9036406e-02
   1.6897211e-03
   1.2902133e-01
   2.3705482e-01
   3.7110296e-01
   3.3871457e-01
   1.7456092e-01
   7.3926918e-02
   5.0916627e-02
   4.2841784e-03
   7.5016439e-02
   1.2666485e-01
   1.5472214e-01
   1.0883243e-01
   1.0713752e-01
   1.4360841e-01
   1.3027067e-01
   1.4043564e-01
   9.8697171e-02
   3.0988657e-03
  -6.7233644e-02
  -2.8377237e-02
   1.0633714e-01
   2.4633479e-01
   7.7278078e-02
  -8.7497801e-02
  -8.7907374e-02
  -2.9361513e-02
   2.2033952e-01
   4.1261190e-01
   6.2541205e-01
   6.2954849e-01
   3.9037809e-01
   1.3337366e-01
   8.9594558e-02
   6.0015732e-01
   1.8051149e+00
   2.2115660e+00
   1.4248834e+00
   4.9267733e-01
   1.2690184e-01
   2.5484905e-01
   8.0156249e-01
   8.8559246e-01
   4.8588675e-01
   1.9083160e-01
   3.4094307e-01
   4.2087162e-01
   3.7139124e-01
   1.6689327e+00
   3.9570932e+00
   4.4249020e+00
   2.9470789e+00
   1.2941554e+00
   4.2410934e-01
   1.0896612e-01
   6.5414913e-02
   3.7623238e-02
   2.5179254e-02
   3.0120134e-01
   7.5306439e-01
   8.5460478e-01
   5.3935617e-01
   1.8924634e-01
   2.6736038e-02
  -6.2585592e-02
  -1.5584372e-02
   7.3080294e-02
   2.2061776e-01
   2.2633168e-01
   2.9732218e-01
   2.3862050e-01
   7.5541086e-02
   1.9145915e-02
  -1.4603989e-02
   2.8340297e-02
   9.4492272e-02
   1.1356489e-01
   1.4573987e-01
   2.1312198e-01
   1.5006889e-01
   2.0195171e-01
   2.3567627e-01
   3.3103055e-01
   2.7021211e-01
   2.1422707e-01
   1.0022002e-01
   1.1183030e-01
   2.1921639e-01
   2.8932154e-01
   4.2309064e-01
   3.3629802e-01
   2.6908648e-01
   2.2332543e-01
   1.6245525e-01
   1.2126177e-01
   2.4278007e-01
   5.0709724e-01
   5.7328010e-01
   6.0775697e-01
   5.5130416e-01
   2.3293941e-01
   8.0465585e-02
   1.4904937e-01
   3.8237876e-01
   6.1751515e-01
   6.4303923e-01
   7.4559939e-01
   6.5390873e-01
   3.6025673e-01
   2.3913750e-01
   7.5551635e-01
   1.1924461e+00
   9.8253185e-01
   8.0225080e-01
   5.7434052e-01
   1.9315612e-01
   1.9798705e-01
   9.7373205e-01
   1.7367158e+00
   1.9013356e+00
   1.3395851e+00
   6.5793443e-01
   8.0278680e-02
  -4.0768303e-02
   9.5520467e-01
   3.3035054e+00
   4.9465842e+00
   4.1604085e+00
   2.1917977e+00
   7.7786708e-01
   3.1355825e-01
   8.8585287e-01
   3.5070758e+00
   5.7233319e+00
   5.2395625e+00
   3.1400311e+00
   1.5715804e+00
   6.9601375e-01
   3.4991714e-01
   4.9750662e-01
   7.3832655e-01
   8.9109874e-01
   1.0481262e+00
   1.1101598e+00
   9.1522068e-01
   6.0992569e-01
   5.6418484e-01
   4.9913019e-01
   3.9468431e-01
   3.5620162e-01
   3.3812088e-01
   2.9211676e-01
   3.5442364e-01
   2.7323568e-01
   1.8331839e-01
   9.8613195e-02
   1.1459310e-01
   1.0077444e-01
   7.8041956e-02
   9.0049252e-02
   7.7312134e-02
   1.3223889e-01
   1.6384014e-01
   1.1718807e-01
   8.4782518e-02
   5.8632620e-02
   4.4489507e-02
  -1.2354945e-02
  -3.2173492e-02
   5.7072077e-02
   8.2112685e-02
   1.1025622e-01
   1.2980603e-01
   9.7796828e-02
   8.6683460e-02
   7.2144225e-02
   6.9757856e-02
   6.8682820e-02
   5.6801122e-02
   1.2888069e-01
   1.3586824e-01
   2.1953742e-01
   1.9229214e-01
   8.1358775e-02
   2.1854280e-02
  -1.1908671e-04
   4.6703834e-02
   1.8507192e-01
   2.4499418e-01
   3.2475910e-01
   3.4979326e-01
   2.5562406e-01
   8.9088134e-02
   1.1274470e-01
   1.7373802e-01
   2.5626844e-01
   2.8538188e-01
   2.9773867e-01
   2.0251469e-01
   9.6621148e-02
   1.7418221e-01
   3.9257658e-01
   4.4480404e-01
   4.2472768e-01
   2.1559578e-01
   5.5371091e-02
  -1.6625585e-02
   1.8883699e-01
   8.1256467e-01
   1.4251590e+00
   1.2566036e+00
   8.1378871e-01
   3.8130364e-01
   5.6922425e-02
   5.0389662e-02
   5.9992462e-01
   1.2975050e+00
   1.1810062e+00
   8.2650530e-01
   4.5312250e-01
   2.4915524e-01
   9.9075399e-02
   7.3583923e-02
   2.6509377e-01
   2.8118646e-01
   2.8004861e-01
   3.2781476e-01
   2.9467863e-01
   2.7850354e-01
   2.0214202e-01
   1.7130743e-01
   1.6611014e-01
   1.9186464e-01
   1.6587038e-01
   1.5856341e-01
   1.4411156e-01
   1.3548036e-01
   1.2501937e-01
   8.8003129e-02
   8.6212650e-02
   3.0871350e-02
   3.8874909e-02
   4.1044332e-02
   4.5622710e-02
   1.1951135e-01
   1.0903832e-01
   1.3072219e-01
   1.4496635e-01
   1.1463948e-01
   7.1132213e-02
   1.0584138e-01
   3.3144552e-02
   2.5929498e-02
   2.7638264e-02
   7.7991247e-02
   1.5177068e-01
   2.0519236e-01
   1.4253482e-01
   7.4081250e-02
   7.6172531e-02
   1.4102279e-02
   3.6273073e-02
   1.7524466e-01
   1.6342932e-01
   2.1675366e-01
   2.1254003e-01
   1.5522997e-01
   6.5050945e-02
   5.4189704e-02
   8.5307874e-02
   1.3644312e-01
   1.9969812e-01
   2.3409930e-01
   1.4243025e-01
  -5.7589705e-04
   5.7384655e-02
   1.0345526e-01
   1.3924095e-01
   9.4287321e-02
   8.1089757e-02
   8.1555001e-02
   3.3215422e-02
   7.0820056e-02
   1.7307176e-01
   2.9389647e-01
   2.7175266e-01
   1.7047136e-01
   3.6916882e-02
  -2.0221684e-02
   1.6467910e-02
   2.4690187e-01
   5.6121063e-01
   6.5755945e-01
   4.8249197e-01
   1.3849270e-01
   5.7669777e-02
   1.9025242e-02
   1.5322196e-01
   4.7975463e-01
   5.4444861e-01
   3.9692435e-01
   2.2196931e-01
   8.0588326e-02
   4.6375006e-02
   1.2305781e-01
   3.2321116e-01
   3.7238324e-01
   2.7611548e-01
   1.2345883e-01
  -1.5896534e-03
   8.4185012e-02
   1.5897547e-01
   2.6343137e-01
   3.0380705e-01
   2.2526960e-01
   2.4221048e-01
   1.7846000e-01
   1.3868880e-01
   3.8795349e-01
   5.6307882e-01
   4.5864871e-01
   2.5433135e-01
   8.0962263e-02
   2.3399419e-04
   8.4852450e-02
   4.0106884e-01
   6.8870300e-01
   5.9423763e-01
   2.9060894e-01
   7.0954673e-02
  -1.5713921e-02
   5.4737192e-02
   5.5240458e-01
   1.4267493e+00
   1.8186195e+00
   1.1522197e+00
   4.8193374e-01
   9.6855745e-02
   3.3674419e-02
   2.3344575e-01
   5.0645137e-01
   6.6653270e-01
   5.4081565e-01
   3.2919288e-01
   2.0110984e-01
   3.0999186e-02
   1.2681864e-01
   2.2780345e-01
   1.8517506e-01
   1.5246102e-01
   1.4888133e-01
   9.0337053e-02
   9.0461798e-02
   7.4854672e-02
   1.4249172e-02
  -1.0054762e-02
   4.4650789e-02
   4.1853014e-02
   3.7458558e-02
   5.2471258e-02
   1.0382732e-01
   3.3783082e-02
   9.5113562e-03
   4.8255756e-02
   8.8987179e-02
   1.0131900e-01
   1.2647578e-01
   1.3794336e-01
   4.2126179e-02
   1.4517220e-05
   2.5792642e-02
   1.2708792e-01
   1.7501724e-01
   2.3968150e-01
   1.8556285e-01
   9.2550561e-02
   5.6536559e-02
   2.8049354e-02
   8.2530804e-02
   1.3639130e-01
   2.3540330e-01
   1.4505365e-01
   1.4079833e-01
   6.0905047e-02
   2.6482617e-02
   5.3073395e-02
   4.1095074e-02
   7.8351945e-02
   1.1258681e-01
   7.1436159e-02
   3.1354025e-02
   7.4736446e-02
   5.9866235e-02
   6.4027965e-02
   1.4544006e-01
   1.2255024e-01
   1.5220782e-01
   1.1676157e-01
   7.4253619e-02
   5.1960517e-02
   1.8233693e-01
   1.8417425e-01
   1.0597783e-01
   1.1228974e-01
   1.1857761e-01
   1.2023973e-01
   2.1734293e-01
   2.1695456e-01
   2.3945284e-01
   1.7331247e-01
   6.4000227e-02
   1.0959889e-01
   1.8292741e-01
   3.2216120e-01
   5.4267579e-01
   5.8111471e-01
   4.8819268e-01
   2.3190790e-01
   1.4049211e-01
   1.3093512e-01
   2.2195557e-01
   3.0306491e-01
   2.0670995e-01
   1.9256568e-01
   2.6545987e-01
   2.6251435e-01
   3.1798276e-01
   3.1934908e-01
   2.4362028e-01
   1.5653500e-01
   1.1262181e-01
   1.0326073e-01
   3.2129183e-01
   4.2752939e-01
   3.4840223e-01
   1.2862957e-01
  -4.5423634e-02
  -9.2868440e-02
   7.5003773e-02
   3.8873482e-01
   4.8889041e-01
   4.1441721e-01
   2.3658821e-01
   5.4226547e-02
   5.4667268e-02
   2.4496353e-01
   6.7447203e-01
   9.0969670e-01
   8.8584387e-01
   4.9369383e-01
   7.0230119e-02
   5.1898882e-02
   3.8651237e-01
   8.6676282e-01
   8.6636972e-01
   8.4347063e-01
   8.4710664e-01
   5.4327434e-01
   5.2883226e-01
   1.1525633e+00
   1.6995685e+00
   1.5566930e+00
   1.0318453e+00
   4.4549072e-01
   1.1995621e-01
   3.3603466e-01
   1.4786090e+00
   2.2623971e+00
   1.9723505e+00
   1.0205079e+00
   3.2663825e-01
  -2.1657027e-02
   2.9251653e-01
   2.1812437e+00
   4.7172322e+00
   5.0317674e+00
   3.3794713e+00
   1.3791286e+00
   3.6179796e-01
   3.2603532e-01
   1.3119591e+00
   2.2791989e+00
   2.2173629e+00
   1.5955945e+00
   1.0411397e+00
   6.2005073e-01
   5.8456540e-01
   9.1828185e-01
   1.3565065e+00
   1.1907351e+00
   7.3555446e-01
   4.5878386e-01
   3.2143354e-01
   4.9307227e-01
   8.5905057e-01
   8.7207955e-01
   6.0760444e-01
   4.0901783e-01
   2.2953151e-01
   2.1918784e-01
   1.8113279e-01
   1.1881944e-01
   1.1472020e-01
   1.7831573e-01
   1.2227474e-01
   1.7556638e-01
   1.4568156e-01
   1.4912134e-01
   1.3880280e-01
   7.6254368e-02
   5.1978964e-02
   5.6970757e-02
   1.1439489e-01
   1.5223643e-01
   7.6025225e-02
   7.8553520e-02
   1.0339351e-01
   2.3770975e-02
   6.7033976e-02
   4.8218142e-02
   9.3189172e-02
   1.2105299e-01
   1.2346302e-01
   4.2477872e-02
  -2.3294756e-02
   1.5033468e-03
   1.6075706e-01
   2.9702625e-01
   3.2777676e-01
   1.6566050e-01
   8.0951720e-02
   2.5375726e-02
   6.8950012e-02
   1.4430133e-01
   3.0723572e-01
   3.9959726e-01
   4.0068182e-01
   2.7846834e-01
   1.7696612e-01
   2.7829671e-01
   3.2557926e-01
   3.1756389e-01
   2.6700979e-01
   1.2688845e-01
   4.7963917e-02
   2.0917177e-01
   5.0580299e-01
   5.9736764e-01
   3.6312747e-01
   1.5027905e-01
   5.8572409e-03
  -5.6144089e-02
   3.4779426e-01
   1.2049534e+00
   1.6889496e+00
   1.2919470e+00
   6.0517818e-01
   1.8620944e-01
   4.4230461e-02
   1.9981697e-01
   5.3640717e-01
   6.0318321e-01
   5.1889312e-01
   3.4741351e-01
   2.1141273e-01
   1.4245787e-01
   2.4321410e-01
   3.9511192e-01
   3.9925745e-01
   2.9912844e-01
   1.9353239e-01
   1.5028469e-01
   1.4492114e-01
   2.9048130e-01
   2.8481397e-01
   2.9310560e-01
   2.0944777e-01
   1.1579519e-01
   3.9125666e-02
   5.1700562e-02
   7.7434719e-02
   8.2847476e-02
   6.2514387e-02
   8.0255710e-02
   4.5317493e-02
   1.1327610e-01
   2.2594419e-01
   1.8847716e-01
   9.3236379e-02
   3.7405808e-02
   8.3270490e-02
  -4.3141167e-03
   2.0317615e-03
   6.5721534e-02
   4.5177236e-02
   9.2868440e-02
   9.7427316e-02
   5.0337281e-02
   6.1486430e-02
   1.0557196e-01
   1.3415438e-01
   1.1971847e-01
   5.0331879e-02
   1.6280487e-02
   7.2268717e-02
   8.5909799e-02
   1.2218206e-01
   1.1644115e-01
   4.7619347e-02
   1.5647288e-02
  -3.4438772e-03
   5.6800772e-02
   9.9776752e-02
   1.0774266e-01
   1.0267045e-01
   1.7773728e-01
   1.4736661e-01
   4.4779371e-02
   5.5866845e-02
   7.6350480e-02
   8.7566942e-02
   1.4480090e-01
   2.7494928e-01
   4.3432635e-01
   4.0127093e-01
   3.5433587e-01
   2.4488796e-01
   1.4365976e-01
   8.2209699e-02
   1.6534556e-01
   2.3401734e-01
   4.3378776e-01
   6.8501884e-01
   7.8660715e-01
   5.6584096e-01
   2.0538592e-01
   4.0662263e-02
   1.5427715e-02
   1.5618683e-01
   2.8806967e-01
   2.8639764e-01
   2.2888362e-01
   1.5322691e-01
   4.1374281e-02
   2.3897968e-02
   1.4906889e-01
   1.7551638e-01
   1.9679098e-01
   1.3691911e-01
   9.1540769e-02
   9.9261954e-02
   1.2238655e-01
   1.1296093e-01
   1.7273000e-01
   1.5229286e-01
   6.5991670e-02
   9.7378619e-02
   7.4157216e-02
   6.4462557e-02
   8.6896524e-02
   9.8573536e-02
   5.9692107e-02
   2.7573776e-02
   3.9267026e-02
   5.1077809e-02
   6.5573208e-02
   1.1827746e-01
   6.7527153e-02
   3.8537078e-02
   2.0938365e-02
   5.0827015e-02
   5.1017672e-02
   6.2635295e-02
   3.8721260e-02
   2.9930459e-02
   3.6350682e-02
   5.5170953e-02
   3.9312020e-02
   3.5465959e-02
   3.4050871e-02
   5.6706954e-02
   6.6453829e-02
   5.4788835e-02
   7.3272288e-02
   4.7723975e-02
   4.7475126e-02
   6.2984727e-02
   3.5864897e-02
   2.3762340e-02
   5.0004911e-02
   2.2287007e-02
   8.3828792e-02
   1.0127458e-01
   4.4257689e-02
   5.7896655e-02
   8.0014564e-02
   7.2174162e-02
   5.0825007e-02
   8.6360566e-02
   3.8988575e-02
   9.0200752e-02
   1.6110063e-01
   1.1825231e-01
   9.1582850e-02
   8.9687385e-02
   6.4396441e-02
   4.4175345e-02
   5.0752681e-02
   4.4002555e-02
   1.2046185e-01
   2.2923246e-01
   2.7136555e-01
   1.6923468e-01
   8.5778855e-02
   1.1737981e-03
  -4.0321560e-03
   7.8268141e-02
   1.4222501e-01
   1.2601121e-01
   8.9844152e-02
   5.2065700e-02
   6.7848466e-02
   3.8908467e-02
   7.3775552e-02
   8.0260202e-02
   8.9243770e-02
   9.9238895e-02
   3.1992629e-02
   4.6097763e-02
   8.1292540e-02
   9.0659797e-02
   9.4064109e-02
   2.8391106e-02
   2.1748483e-02
   1.7637763e-02
   5.3561646e-02
   1.1005048e-01
   8.9297056e-02
   4.1331850e-02
   6.0540587e-02
   5.6118552e-02
   4.4482283e-02
   9.1829389e-02
   9.2280731e-02
   6.5906309e-02
   4.6645124e-02
   2.3317289e-02
   3.3679295e-02
   7.6452948e-02
   5.9412617e-02
   6.2209129e-02
   7.9495281e-02
   9.9187650e-02
   8.7831587e-02
   8.7407440e-02
   4.7033641e-02
   1.7849499e-02
   1.4747818e-02
   5.7462238e-02
   6.4120784e-02
   3.4072898e-02
   3.9820746e-02
   7.0666961e-02
   5.9130359e-02
   8.4904984e-02
   3.9960802e-02
   3.7660211e-02
   6.0601760e-02
   6.5089777e-02
   8.2807466e-02
   5.0132830e-02
   5.7404634e-02
   5.3924862e-02
   5.6341588e-02
   7.3026076e-02
   5.7216134e-02
   3.0362654e-02
   5.3114556e-02
   8.4917508e-02
   9.9619389e-02
   9.5375568e-02
   3.9104827e-02
   2.7966887e-02
   7.7614235e-03
  -1.0779585e-02
   4.6724051e-02
   9.5514856e-02
   1.0835818e-01
   1.4681984e-01
   1.0133222e-01
   6.1593030e-02
   5.0444074e-02
   5.2983269e-02
   5.9519876e-02
   8.5195504e-02
   9.7956970e-02
   6.8409465e-02
   3.0494958e-02
   3.3456773e-02
   2.2603026e-02
   3.8207408e-02
   3.0290894e-02
   3.7477687e-02
   5.5207353e-02
   5.6852538e-02
   4.7054306e-02
   8.1897609e-02
   5.1092416e-02
   3.7937324e-02
   7.1280912e-02
   4.9412820e-02
   5.1908262e-02
   6.6309974e-02
   5.8072947e-02
   3.4836877e-02
   5.7242695e-02
   6.2496230e-02
   5.6811500e-02
   7.2847471e-02
   4.0470786e-02
   4.9063426e-02
   4.6316206e-02
   1.8893272e-02
   4.2753730e-02
   6.3382685e-02
   5.2759349e-03
   3.8609281e-02
   6.0037628e-02
   6.1125550e-02
   5.9286572e-02
   3.9122142e-02
   2.3861674e-03
   3.8650278e-02
   4.5592628e-02
   4.4898067e-02
   2.9994227e-02
   4.0196341e-02
   4.1018434e-02
   5.2451786e-02
   5.6944031e-02
   3.4146942e-02
   5.5185698e-02
   6.8956465e-02
   5.2983332e-02
   2.7716585e-02
   5.7540663e-02
   4.9517959e-02
   4.0874962e-02
   3.7332047e-02
   4.2128999e-02
   4.8781253e-02
   5.6594387e-02
   5.8578186e-02
   2.7331825e-02
   1.5363362e-02
   2.2434261e-02
   6.3704193e-02
   4.4807084e-02
   1.7562870e-02
   4.7759399e-02
   2.5112960e-02
   3.4908935e-02
   7.2907649e-02
   4.4096008e-02
   5.6408856e-02
   4.8665989e-02
   3.8527820e-02
   3.2357335e-02
   2.8822942e-02
   1.9934051e-02
   4.7080174e-02
   4.8946984e-02
   5.3741019e-02
   3.8774699e-02
   3.3514861e-02
   3.2908879e-02
   3.3844087e-02
   1.3448100e-02
   3.9228812e-02
   6.0426485e-02
   4.8012964e-02
   3.8896706e-02
   2.9574748e-02
   3.7810400e-02
   3.1982098e-02
   3.2018624e-02
   6.3780025e-02
   7.0238620e-02
   4.2831589e-02
   4.9187902e-02
   5.2413210e-02
   5.5652417e-02
   6.1961915e-02
   3.8285308e-02
   4.6967920e-02
   4.1384071e-02
   3.7165720e-02
   3.4222707e-02
   6.6470422e-02
   5.5985030e-02
   5.9355699e-02
   6.3185900e-02
   5.1620610e-02
   6.5419309e-02
   4.3603368e-02
   2.0839227e-02
   1.6493244e-02
   1.6598430e-02
   2.6949144e-03
   4.4645626e-02
   4.7166456e-02
   3.3449192e-02
   6.6830829e-02
   4.0439550e-02
   5.3762898e-02
   6.0400195e-02
   1.7143939e-02
   5.3113446e-02
   4.6679825e-02
   4.1861534e-02
   5.2652016e-02
   3.4646720e-02
   2.9797288e-02
   2.9155368e-02
   2.6034182e-02
   3.4894492e-02
   2.7178461e-02
   3.9140936e-02
   5.4738142e-02
   4.7471549e-02
   2.2358684e-02
   4.8562102e-02
   3.8534503e-02
   2.0230785e-02
   2.6018023e-02
   4.0176090e-02
   3.8414828e-02
   6.0485464e-02
   5.4579966e-02
   1.7565601e-02
   5.2858721e-02
   4.3912787e-02
   4.5154300e-02
   7.0103705e-02
   5.5371165e-02
   4.3975364e-02
   3.7922211e-02
   4.3424696e-02
   2.2594322e-02
   4.3199189e-02
   4.2624678e-02
   1.5307470e-02
   2.8303299e-02
   2.8253237e-02
   5.3826654e-03
   2.2935066e-02
   3.1863436e-02
   4.1877098e-02
   3.5630465e-02
   1.9766320e-02
   2.4761628e-02
   3.2250132e-02
   7.9255156e-02
   4.0890452e-02
   4.9068242e-02
   2.1597456e-02
   2.4016852e-02
   2.2923158e-02
   5.2039962e-02
   4.8315305e-02
   4.8722483e-02
   3.2739401e-02
   3.3825312e-02
   1.1364294e-02
   3.9456610e-02
   3.7866678e-02
   3.0940056e-02
   5.9665062e-02
   4.8087746e-02
   3.3541765e-02
   3.3954520e-02
   3.7449095e-02
   3.2807529e-02
   4.6809215e-02
   2.5535308e-02
   4.3711919e-02
   5.2186288e-02
   3.6326613e-02
   1.7147163e-02
   2.9449202e-02
   3.6925644e-02
   3.4948327e-02
   3.6646791e-02
   5.2561689e-02
   5.8290817e-02
   4.4321898e-02
   2.0457091e-02
   4.5607906e-02
   2.4991315e-02
   3.1928625e-02
   3.5227206e-02
   3.8585257e-02
   4.4770069e-02
   5.3973008e-02
   5.1670324e-02
   5.6435686e-02
   7.4240938e-02
   6.9581866e-02
   7.2283313e-02
   8.0635086e-02
   7.8456141e-02
   5.8737960e-02
   6.9137909e-02
   4.9353998e-02
   4.6249148e-02
   1.5991026e-01
   2.6313129e-01
   2.2771341e-01
   1.3475375e-01
   4.3893326e-02
   1.0821842e-02
   3.4818571e-02
   8.8996388e-02
   1.4062335e-01
   1.3298179e-01
   7.8500330e-02
   5.5981681e-02
   7.7469364e-02
   2.4658067e-02
   1.5092452e-02
   6.0229795e-03
   1.9500798e-02
  -4.1077766e-03
   2.7197599e-02
   4.0675253e-02
   2.6682435e-02
   1.5887095e-02
   2.4335535e-02
   6.0426425e-02
   5.5200048e-02
   2.8292835e-02
   3.4740031e-02
   3.7434485e-02
   3.1662103e-02
   3.1289589e-02
   4.4396382e-02
   5.8466338e-02
   4.5111403e-02
   2.6021909e-02
   4.9042862e-02
   3.0395657e-02
   1.3781733e-02
   3.4696456e-02
   4.1683473e-02
   2.5817720e-02
   3.0769095e-02
   3.7149161e-02
   2.6784727e-02
   3.3528235e-02
   2.5520297e-02
   3.8167685e-02
   5.0237056e-02
   4.0568549e-02
   3.8286950e-02
   4.7702353e-02
   1.5657837e-02
   3.6680110e-02
   3.1071397e-02
   3.1533025e-02
   4.7700029e-02
   4.5828849e-02
   2.4761165e-02
   5.3008389e-02
   4.5603514e-02
   5.2796733e-02
   6.0268540e-02
   6.5966845e-02
   3.3261191e-02
   4.6635222e-02
   4.5148142e-02
   5.7816990e-02
   2.9216461e-02
   3.2676194e-02
   5.5915628e-02
   8.0425367e-02
   4.9393259e-02
   6.2932936e-03
   2.7940415e-02
   5.4282311e-02
   3.7773822e-02
   5.6818675e-02
   5.2060541e-02
   3.6924124e-02
   1.7935140e-02
   1.7175477e-02
   4.3551810e-02
   4.0058158e-02
   5.3837765e-02
   5.7908434e-02
   6.9691904e-02
   4.3651056e-02
   4.1183371e-02
   6.2328383e-02
   4.2634036e-02
   1.7745720e-02
   2.5483986e-02
   3.8234528e-02
   2.5704138e-02
   2.1839773e-02
   3.7594184e-02
   3.9868519e-02
   4.7349378e-02
   2.0974645e-02
   1.5903683e-02
   2.6558593e-02
   3.7595917e-02
   2.5172511e-02
   3.4774441e-02
   3.1197272e-02
   2.0642128e-02
   1.7443700e-02
   1.9448007e-02
   7.5305384e-03
   3.9230488e-02
   4.8443470e-02
   5.2727729e-02
   3.3053510e-02
   3.8428217e-02
   3.5804708e-02
   2.1678213e-02
   3.8552817e-02
   3.2479975e-02
   2.0842142e-02
   2.8363071e-02
   1.6058262e-02
   2.0570932e-02
   2.1262059e-02
   3.4361444e-02
   2.4594132e-02
   1.3621663e-02
   4.3024398e-02
   5.3865544e-02
   4.3978393e-02
   3.5131328e-02
   1.5773477e-02
   2.6364660e-02
   3.6462564e-02
   4.6749923e-02
   4.1340981e-02
   4.0361840e-02
   4.8827514e-02
   5.4431926e-02
   3.6014840e-02
   3.8025528e-02
   2.4640115e-02
   3.1931143e-02
   2.8422797e-02
   2.5601590e-02
   2.6562579e-02
   1.2211807e-02
   1.9048206e-03
   1.9901205e-02
   2.9665504e-02
   3.1917986e-02
   2.3134897e-02
   2.0254169e-02
   3.3514500e-02
   3.4723859e-02
   2.7172985e-02
   3.2395028e-02
   2.7166963e-02
   2.7723841e-02
   5.4821037e-02
   4.4904929e-02
   2.2776125e-02
   3.3698518e-02
   1.6973419e-02
   1.8041953e-02
   2.2154788e-02
   8.9102483e-04
   2.0913269e-02
   3.7152264e-02
   4.1498911e-02
   2.8424762e-02
   4.0674418e-02
   2.5937300e-02
   2.5598912e-02
   2.6634261e-02
   3.2211855e-02
   2.6135381e-02
   1.5558084e-02
   2.8226687e-02
   2.3804829e-02
   1.0633006e-02
   8.4812399e-03
   1.9228453e-02
   2.4106979e-02
   1.8152416e-02
   1.7021654e-02
   6.7108870e-03
   2.5575249e-02
   3.7736405e-02
   4.4647962e-02
   2.3851488e-02
   2.1206576e-02
   2.8870121e-02
   3.0786945e-02
   3.2816011e-02
   2.5743885e-02
   3.9444618e-02
   1.9786105e-02
   2.7696157e-02
   4.1356731e-02
   5.1839508e-02
   3.5425927e-02
   3.2418590e-02
   2.3485160e-02
   1.1955270e-02
   6.1551650e-04
   3.8847525e-02
   5.1745631e-02
   3.2313786e-02
   4.8820078e-02
   1.4735222e-02
   1.3989565e-02
   2.2719037e-02
   3.2551888e-02
   3.1759199e-02
   3.1553108e-02
   1.5018301e-02
   1.8181777e-02
   1.6431278e-02
   1.7153533e-02
   3.2704007e-02
   3.6225837e-02
   2.1777578e-02
   3.9657172e-02
   3.0268157e-02
   2.4929401e-02
   3.0441841e-02
   3.4491155e-02
   3.3567380e-02
   3.6304038e-02
   2.3332428e-02
   1.9077947e-02
   5.7558592e-02
   4.6869684e-02
   3.1420324e-02
   2.9302098e-02
   1.4070907e-02
   4.4004215e-04
   2.6220629e-02
   3.0349756e-02
   1.9109951e-02
   1.3210767e-02
   4.3135822e-02
   2.0523723e-02
   1.9848747e-02
   3.2538693e-02
   1.3452352e-02
   8.8940775e-03
   4.1503448e-02
   3.9279912e-02
   5.2522205e-02
   3.1853680e-02
   2.2727320e-02
   3.2758832e-02
   3.9231587e-02
   1.4916923e-02
   1.2317982e-02
   1.5175248e-02
   2.8619133e-02
   3.1599600e-02
   1.8259594e-02
   5.0840531e-02
   2.6997043e-02
   1.5541160e-02
   1.1573315e-02
   2.6056059e-02
   2.0305820e-02
   1.5592325e-02
   1.2547713e-03
   1.4466063e-02
   3.3729285e-02
   2.2554552e-02
   1.3276019e-02
   1.6806986e-02
   1.3380404e-02
   2.5641901e-02
   3.7128124e-02
   2.7083166e-02
   2.9994316e-02
   3.3540748e-02
   2.9539866e-02
   2.1748802e-02
   2.2091469e-02
   2.5284206e-02
   2.7304962e-02
   2.2005735e-02
   2.7820500e-02
   1.3741744e-02
   7.0172218e-03
