   2.5853377e-02
   4.9371044e-03
   1.1488066e-02
   6.1945054e-03
   2.5031216e-02
   2.3725377e-02
   4.0063083e-02
   6.3718334e-02
   5.6522291e-02
   5.7901956e-02
   3.2504484e-02
   1.3445738e-02
   3.1459320e-02
   3.0011265e-02
   4.7776990e-02
   3.2595806e-02
   1.7888190e-02
   4.4239264e-02
   8.2464993e-02
   7.8437828e-02
   4.4686139e-02
   2.0871708e-02
   1.3030860e-02
   8.9733349e-03
   1.4376796e-02
   4.4938654e-02
   4.9129322e-02
   5.2868064e-02
   8.1375308e-02
   8.4712714e-02
   8.8995844e-02
   5.5491313e-02
   2.2592125e-02
   3.6224477e-02
   1.6588476e-02
   2.7619574e-02
   4.8142064e-02
   5.0417140e-02
   4.2217668e-02
   4.7923818e-02
   4.5057654e-02
   3.4672651e-02
   2.9889900e-02
   3.5295840e-02
   1.9092038e-02
   3.7223246e-02
   3.1066369e-02
   3.5996106e-02
   4.3380223e-02
   4.4104297e-02
   5.1208742e-02
   3.1147638e-02
   3.4656528e-02
   2.7226875e-02
   3.3862963e-02
   2.3843549e-02
   4.3179814e-02
   2.2459380e-02
   3.6256649e-02
   3.4703903e-02
   6.0772154e-02
   2.5489448e-02
   1.2056137e-02
   2.4714522e-02
   5.0726492e-02
   4.8447393e-02
   2.5042847e-02
   6.4942628e-02
   3.4965470e-02
   2.9976787e-02
   5.4517932e-02
   4.9083464e-02
   2.7509043e-02
   5.0450437e-02
   4.9613439e-02
   3.0883007e-02
   3.0484548e-02
   3.7098296e-02
   5.9895307e-02
   6.8794146e-02
   3.7845392e-02
   1.7038899e-02
   1.4995490e-02
   3.1435084e-02
   5.1756635e-02
   5.2113011e-02
   6.2510066e-02
   3.3997521e-02
   2.7716180e-02
   6.1780725e-02
   4.5023855e-02
   2.0764563e-02
   5.6388148e-04
  -1.9396814e-03
   2.6315833e-02
   5.6488216e-02
   3.4553103e-02
   5.1970161e-02
   4.0469389e-02
   4.0696315e-02
   4.6452019e-02
   3.3217460e-02
   4.0168993e-02
   3.3932112e-02
   2.0627717e-02
   3.3173557e-02
   4.1131586e-02
   5.8306560e-02
   6.4443484e-02
   4.1412216e-02
   4.2418122e-02
   1.4241957e-02
   1.7554574e-02
   4.1709457e-02
   4.3475904e-02
   2.5502035e-02
   1.0035464e-02
   4.4272151e-02
   4.2302504e-02
   3.1239223e-02
   5.9770752e-02
   5.1544432e-02
   2.6352163e-02
   1.9299546e-02
   4.3380629e-02
   3.4523185e-02
   4.9785312e-02
   5.0425954e-02
   2.4907652e-02
   3.7206747e-02
   6.3742854e-02
   3.9575618e-02
   3.3782396e-02
   4.0534463e-02
   1.1059023e-02
   1.4746281e-03
   1.5871981e-02
   5.2246377e-02
   7.1363159e-02
   6.5026380e-02
   4.1655462e-02
   3.7585974e-02
   3.2267485e-02
   2.8038800e-02
   1.8777741e-02
   2.9753819e-02
  -4.8955772e-03
   1.6300157e-02
   4.9125195e-02
   2.7152002e-02
   2.3040883e-02
   2.2621674e-02
   3.9511241e-02
   9.1636274e-03
   1.2405727e-02
   4.0035900e-02
   4.8517156e-02
   8.5891724e-02
   3.9949194e-02
   5.1395819e-02
   4.8027486e-02
   3.2764629e-02
   4.0322203e-02
   4.8758723e-02
   2.7073069e-02
   2.7216984e-02
   7.0786312e-02
   6.1253775e-02
   4.2229019e-02
   5.7707470e-02
   4.0693611e-02
   5.4643579e-02
   7.5488932e-02
   5.9517704e-02
   3.1232249e-02
   1.2671563e-02
   1.2288455e-02
   2.3175899e-02
   5.4298159e-02
   8.4235892e-02
   4.7387715e-02
   1.2669619e-02
   4.0143777e-02
   2.8807698e-02
   3.0481581e-02
   3.3046834e-02
   2.8489489e-02
   3.7377872e-02
   5.0624974e-02
   5.8204211e-02
   5.1661871e-02
   2.3192197e-02
   2.8420029e-02
   3.9267648e-02
   1.0787590e-02
   1.0656945e-02
   1.5403952e-02
   1.7869102e-02
   4.1240484e-02
   4.3004349e-02
   3.3269286e-02
   2.4755074e-02
   1.9580083e-02
   2.1305850e-02
   3.0526906e-02
  -1.0175533e-03
  -5.7699950e-03
   2.4384540e-02
   5.2605599e-02
   4.0223181e-02
   4.3601766e-02
   3.5953898e-02
   1.4847234e-02
   2.3377312e-02
   2.2795318e-02
   3.4370620e-02
   2.2972854e-02
   6.7460006e-03
   4.1289035e-02
   7.3917121e-02
   3.7346214e-02
   3.2067463e-02
   3.1032991e-02
   3.8412251e-03
   5.1424526e-02
   8.6161256e-02
   3.9627157e-02
   2.7007133e-02
   2.1408103e-02
   2.6938885e-02
   5.7333607e-02
   4.5714125e-02
   1.7445164e-02
   3.6316168e-02
   3.3329081e-02
   4.9643200e-02
   9.0727590e-02
   6.3837342e-02
   4.7673110e-02
   2.5113352e-02
   3.8995385e-02
   1.2587015e-01
   1.0418451e-01
   3.9773352e-02
   2.5057102e-02
   2.7328663e-02
   2.3707634e-02
   3.3162978e-02
   3.8150139e-02
   3.3643294e-02
   4.0747564e-02
   5.0144795e-02
   4.7318269e-02
   8.8126566e-03
   9.9968249e-03
   1.3696438e-02
   4.8584100e-03
   7.1681757e-04
   3.1034380e-02
   3.6121298e-02
   2.5858909e-02
   3.2752849e-02
   4.6562549e-02
   4.3236401e-02
   5.6789555e-02
   4.4474989e-02
   4.6396755e-02
   4.0947676e-02
   3.5726789e-02
   2.2032216e-02
   1.5798442e-02
   1.6121898e-02
   2.4905253e-02
   1.3527725e-02
   5.3898352e-03
   1.1133934e-02
   4.2563561e-02
   6.8375026e-03
   1.6978061e-02
   3.1468220e-02
   3.3111945e-02
   4.9607631e-02
   2.0392321e-02
   1.8475462e-02
   4.0055599e-02
   6.0582347e-02
   5.6232542e-02
   3.5695467e-02
   1.1258231e-03
   3.2250386e-02
   4.4140806e-03
   2.3314798e-02
   1.7783495e-02
   2.8907552e-02
   5.7004295e-02
   9.1241121e-02
   7.4986652e-02
   8.9265391e-02
   5.2041736e-02
   2.8408468e-02
   7.6860189e-02
   1.2576768e-01
   6.5563686e-02
   2.9963613e-02
   2.2756808e-02
   6.8460666e-02
   1.0740206e-01
   9.0693079e-02
   3.9515153e-02
   2.1394065e-02
   3.1854562e-02
   8.8292286e-02
   1.1340856e-01
   6.5294929e-02
   3.7384596e-02
   5.0308052e-02
   4.4175878e-02
   3.4041144e-02
   1.5358273e-02
   1.6120352e-02
   3.0853171e-02
   1.5578236e-02
   4.0928282e-02
   5.0862163e-02
   4.7297843e-02
   2.7923023e-02
   3.7498720e-02
   4.4872239e-02
   5.1987071e-02
   3.2866213e-02
   3.5003368e-02
   1.4030213e-02
   1.8234195e-02
   2.6542647e-02
   4.1776098e-02
   5.8117170e-02
   2.8218044e-02
   5.1143792e-02
   3.8644146e-02
   4.9819093e-02
   4.4669710e-02
   5.8690861e-02
   6.6332288e-02
   8.0798179e-02
   3.8385987e-02
   2.0746404e-02
   2.1930540e-02
   1.4421648e-02
   3.3447571e-02
   2.7531978e-02
   1.9318063e-02
   2.8722933e-02
   2.5149383e-02
   3.8542874e-02
   5.6132276e-02
   5.4992959e-02
   4.7858000e-02
   6.1240580e-02
   6.6217482e-02
   4.7254011e-02
   2.3682352e-02
   2.0674447e-02
   3.7168980e-02
   5.6151535e-02
   3.1548008e-02
   5.4491278e-02
   6.1760075e-02
   1.4003624e-02
  -4.4566970e-03
   1.0651839e-02
  -7.1453629e-03
   3.8096413e-02
   5.7370439e-02
   6.1678048e-02
   1.9827340e-02
   1.9303117e-02
   4.3087270e-02
   8.3029255e-02
   6.7357972e-02
   5.2992467e-02
   3.4788776e-02
   1.6874623e-02
   4.5406330e-02
   3.9775133e-02
   3.3609185e-02
   1.3243160e-02
   2.4440395e-02
   3.7012406e-02
   7.6484578e-03
   1.1470604e-02
   3.7818324e-02
   5.4533392e-02
   2.9472288e-02
   1.7828744e-02
   4.5367803e-02
   2.9072750e-02
   2.4301326e-02
   1.3990489e-02
   1.9011023e-02
   3.3600289e-02
   3.0421264e-02
   6.2923029e-02
   5.4339558e-02
   4.5862999e-02
   4.2519346e-02
   4.1366078e-02
   4.3297607e-02
   4.9257915e-02
   3.2773111e-02
   3.3423211e-02
   1.8276492e-02
   2.0996515e-02
   3.2624926e-02
   6.4300157e-02
   7.6958232e-02
   1.0798926e-01
   7.4669108e-02
   5.5401843e-02
   5.3343292e-02
   3.3729997e-02
   2.7630555e-02
   5.4490373e-02
   6.4550556e-02
   4.6880726e-02
   3.4040302e-02
   4.6138048e-02
   3.8134538e-02
   3.2262824e-02
   5.2538425e-02
   4.4254329e-02
   2.2744196e-02
   5.3075530e-02
   3.9961889e-02
   6.0932200e-02
   3.5702463e-02
   2.0494968e-02
   4.2237289e-02
   3.7786938e-02
   5.7096466e-02
   6.7226760e-02
   5.3706758e-02
   3.2480024e-02
   2.6522025e-02
   2.2166420e-02
   4.8837375e-02
   6.2238909e-02
   3.1003959e-02
   5.8180168e-02
   7.6952837e-02
   1.2946947e-02
   4.4332374e-02
   6.1525255e-02
   2.0304162e-02
   4.1905891e-02
   6.1098412e-02
   2.6003633e-02
   2.7975256e-02
   2.1739211e-02
   1.9804610e-02
   1.8817484e-02
   2.2916015e-02
   3.9375842e-02
   2.7935298e-02
   7.0481976e-03
   2.3677129e-02
   1.8998258e-02
   2.0907555e-02
   8.7668216e-03
   2.1408085e-02
   2.5784327e-02
   2.8004892e-02
   2.0773210e-02
   5.5849921e-02
   2.9938525e-02
   4.8011191e-02
   3.3708978e-02
   4.3709185e-02
   4.6679884e-02
   2.5326988e-02
   1.8070145e-02
   2.1650197e-02
   4.2018641e-02
   4.0049098e-02
   3.9603643e-02
   3.6685776e-02
   2.6647557e-02
   3.2930534e-02
   3.2329049e-02
   3.1096978e-02
   5.9197284e-02
   4.0484369e-02
   1.9103255e-02
   2.9706405e-02
   4.5724172e-02
   5.8206294e-02
   6.2198602e-02
   5.1169124e-02
   5.2796721e-02
   5.2818332e-02
   3.4682829e-02
   1.7664041e-02
   1.9487493e-03
   3.3274930e-02
   7.3249899e-02
   7.5594574e-02
   5.8211863e-02
   4.8378654e-02
   2.5870124e-02
   2.7528089e-02
   3.0982016e-02
   1.4334913e-02
   1.7300477e-02
   2.8076496e-02
   2.9528983e-02
   4.1747309e-02
   3.3098824e-02
   1.7552603e-02
   3.0547900e-02
   5.2336402e-02
   1.6548716e-02
  -1.4831518e-03
   1.4862678e-02
   2.9578418e-02
   4.8499536e-02
   6.5339699e-02
   6.0888741e-02
   5.6909602e-02
   3.2122675e-02
   3.2706190e-02
   1.3252358e-02
   3.5063330e-02
   3.2141890e-02
   6.5929942e-02
   7.0624053e-02
   4.3542389e-02
   8.5290698e-03
   3.1498913e-02
   1.2772749e-01
   1.7242569e-01
   1.2061636e-01
   5.4915734e-02
   3.9261118e-02
   5.3987194e-02
   2.7739279e-02
   3.5624746e-02
   3.1772926e-02
   4.8882302e-02
   4.8380673e-02
   3.9777141e-02
   6.2138390e-02
   6.0058240e-02
   3.7030604e-02
   3.4894131e-02
   3.3573251e-02
   5.0012138e-02
   2.7911330e-02
   4.6141140e-02
   4.6896834e-02
   4.7645248e-02
   5.3577241e-02
   1.0157248e-01
   1.4753671e-01
   1.2274509e-01
   4.7629669e-02
   2.6841110e-02
   2.0016480e-02
  -7.3018461e-03
   5.0892361e-02
   1.3296571e-01
   1.4043374e-01
   8.6916842e-02
   3.6889415e-02
   6.4532124e-02
   2.6278693e-02
   5.2250933e-02
   3.9041083e-02
   5.0223324e-02
  -1.8413168e-03
   2.2170816e-02
   2.8873842e-02
  -1.0539346e-03
   4.2030311e-04
   2.6632760e-02
   4.5811668e-02
   2.4300417e-02
   2.0282472e-02
   1.6542086e-02
   7.7693053e-02
   1.7058596e-01
   1.7119102e-01
   8.9535452e-02
   7.1751431e-02
   9.1701694e-02
   6.2787868e-02
   3.2620311e-02
   1.6964097e-01
   6.0053301e-01
   7.9692543e-01
   4.6026462e-01
   1.3813017e-01
   1.2474495e-01
   1.4850852e+00
   4.7170243e+00
   4.5159898e+00
   1.8091054e+00
   4.3528661e-01
   2.9985642e-01
   4.7836646e-01
   5.5220425e-01
   8.0327260e-01
   7.8210860e-01
   4.0311101e-01
   1.2079827e-01
   4.2107645e-02
   6.3995495e-02
   1.6999377e-01
   2.8661346e-01
   3.0974212e-01
   2.4914441e-01
   1.5029086e-01
   1.0290068e-01
   8.8883504e-02
   9.8647207e-02
   1.0783385e-01
   2.1183445e-01
   3.2592833e-01
   1.7684363e-01
   5.5831559e-02
   3.5054032e-02
   4.4091351e-02
   3.1470880e-02
   5.9787557e-02
   5.2564345e-02
   4.4785630e-02
   4.2579714e-02
   3.1431042e-02
   1.2360487e-02
  -1.2154139e-03
   3.6234055e-02
   2.0458248e-02
  -1.7769396e-02
   6.0779522e-03
   3.7031822e-02
   5.4546610e-02
   2.0755682e-02
   2.6231529e-02
   1.7815547e-02
   6.8489924e-02
   1.5500169e-01
   1.7642850e-01
   7.2775215e-02
   8.1814609e-02
   2.8621349e-01
   4.0228313e-01
   1.9557169e-01
   4.6538495e-02
   1.1939917e-01
   2.1292727e-01
   1.6104054e-01
   9.7838283e-02
   4.6986580e-02
   2.3420365e-01
   8.8009512e-01
   1.0472370e+00
   4.6249199e-01
   1.3407247e-01
   5.7061337e-02
   3.9386429e-02
   2.5232105e-02
   1.1421047e-01
   1.8618320e-01
   1.3580476e-01
   1.3386150e-02
  -8.5705623e-04
   4.2584110e-02
   2.8391689e-02
   5.9973929e-02
   4.7698919e-02
   4.8203405e-02
   4.1447822e-02
   3.9662778e-02
   3.6768623e-02
   3.0476663e-02
   4.3557934e-02
   7.8878410e-02
   1.2375719e-01
   4.2224202e-02
   2.5008276e-02
   2.9803172e-02
   2.9789316e-02
   2.7317708e-02
   1.8966021e-02
   1.7147660e-02
   3.8275655e-02
   4.1492235e-02
   7.5142331e-02
   5.1035013e-02
   4.4847891e-02
   5.8810472e-02
   1.0736814e-03
  -3.1587910e-03
   4.0815320e-02
   3.9626710e-02
   4.3609612e-02
   4.4504046e-02
   3.5939544e-02
   5.8569096e-02
   9.8152786e-02
   7.9851955e-02
   5.0523113e-02
   4.4499222e-02
   1.2141515e-01
   1.6946611e-01
   1.0945507e-01
   4.2150427e-02
   1.6796333e-01
   4.5641020e-01
   5.4260635e-01
   2.8931350e-01
   7.4718177e-02
   2.5766486e-01
   1.1815639e+00
   1.5093056e+00
   7.4995649e-01
   2.6081878e-01
   8.9113936e-02
   2.5263399e-01
   3.8510233e-01
   3.3779475e-01
   2.6150343e-01
   1.6988508e-01
   1.0753553e-01
   6.5143906e-02
   1.7265078e-02
   2.2926062e-02
   6.2417783e-02
   8.3348304e-02
   7.1936332e-02
   5.2216057e-02
   3.7185613e-02
   3.0921319e-02
   7.8493380e-04
  -1.4740363e-04
   1.0481671e-02
   2.9221574e-02
  -1.4521713e-02
  -1.8305901e-02
   2.1660049e-02
   2.5385439e-02
   5.3578615e-02
   5.8239918e-02
   2.6048180e-02
  -4.5292163e-03
   1.6745174e-02
   4.5409739e-02
   3.7425462e-02
   1.8991591e-02
   3.7946019e-02
   3.3273552e-02
   2.2726793e-02
   4.6560589e-02
   8.1002325e-02
   6.6907607e-02
   3.9568502e-02
   3.9852530e-02
   6.0418785e-02
   1.0539861e-01
   8.8949144e-02
   5.6403484e-02
   4.9502518e-02
   7.4333221e-02
   9.3434006e-02
   6.8376876e-02
   5.1721878e-02
   9.1384113e-02
   1.7628209e-01
   1.8718919e-01
   7.7210359e-02
   4.0177915e-02
   8.5602775e-02
   3.0707601e-01
   3.9066246e-01
   2.2843938e-01
   1.1475960e-01
   4.1658923e-02
   6.0219221e-02
   7.0137709e-02
   7.2497599e-02
   7.7594832e-02
   5.2538250e-02
   5.3114921e-02
   4.2928509e-02
   5.1853810e-02
   3.4404725e-02
   3.8759828e-02
   1.8493557e-02
  -1.3464928e-03
   3.7098979e-03
   2.1166453e-02
   1.7664138e-02
   1.0183682e-01
   1.8019567e-01
   1.4672524e-01
   4.7672473e-02
   6.2199980e-03
   2.5586251e-02
   2.9611275e-02
   2.4130352e-02
   3.9275713e-02
   1.8662598e-02
   4.7843058e-02
   5.5929396e-02
   2.8351014e-02
   4.9453370e-02
   5.8905710e-02
   7.6031514e-02
   4.0416654e-02
   2.5265079e-02
   4.9392540e-02
   4.1811693e-02
   4.4179425e-02
   3.5049334e-02
   1.8689826e-02
   1.9070100e-02
   2.8275842e-02
   3.8257372e-02
   4.6560932e-02
   5.0063111e-02
   3.2073822e-02
   3.1161647e-02
   6.0520452e-03
   5.3553511e-03
   2.3471450e-02
   6.3845553e-02
   9.6554495e-02
   6.9299661e-02
   2.1229820e-02
   2.0600660e-02
   9.4157040e-02
   1.5042973e-01
   7.6013342e-02
   3.6656216e-02
   3.4074940e-02
   1.3262232e-01
   1.9506067e-01
   1.0937744e-01
   2.6103297e-02
   2.2323906e-02
   2.2959324e-02
   4.3049872e-02
   5.7974953e-02
   4.9813535e-02
   4.7389727e-02
   9.4541252e-02
   7.7002592e-02
   2.9289583e-02
   8.7946849e-03
   4.2101700e-02
   8.4203102e-02
   5.5265028e-02
   5.2483968e-02
   2.2217346e-02
   1.1237120e-01
   2.6766115e-01
   2.3134778e-01
   1.3180424e-01
   3.3990923e-02
   2.5119947e-02
   1.2100897e-01
   1.1437548e-01
   1.0617408e-01
   8.2073510e-02
   6.3804403e-02
   8.2725376e-02
   7.0853747e-02
   3.2570906e-02
   6.2131338e-02
   4.6577092e-02
   4.0100966e-02
   6.0513820e-02
   5.7582874e-02
   6.6011988e-02
   3.4316227e-02
  -7.8928620e-03
  -1.4227427e-02
   2.9110938e-02
   6.2883191e-02
   4.4172220e-02
   3.8783669e-02
   5.0041795e-02
   8.7415427e-02
   7.2544180e-02
   6.8629622e-02
   5.5815425e-02
   8.3936369e-03
   4.4397589e-02
   8.6159416e-02
   5.9944555e-02
   6.3063964e-02
   4.7131937e-02
   4.5783401e-02
   4.5490496e-02
   1.3783807e-02
   2.1218365e-02
   2.5084181e-02
   3.5894029e-02
   4.1403938e-02
   3.8730651e-02
   4.9169224e-02
   3.2454271e-02
   1.5102588e-02
   5.4759844e-03
   5.0121578e-03
   3.1050757e-02
   6.2613271e-02
   7.3830090e-02
   1.0369091e-01
   8.2946084e-02
   5.6400269e-02
   4.2520203e-02
   7.9451591e-02
   1.2574606e-01
   5.7466552e-02
   1.5423373e-02
   2.2894206e-02
   5.7396412e-02
   3.0110884e-02
   1.2398728e-02
   7.1854800e-02
   8.1960283e-02
   5.0995100e-02
   4.3621652e-02
   3.3708625e-02
   8.5217044e-02
   1.0033837e-01
   5.1166181e-02
   4.6437107e-02
   3.6933940e-02
   1.1708819e-01
   1.2314843e-01
   8.1251167e-02
   8.8486657e-02
   1.2090921e-01
   1.9308093e-01
   2.1379334e-01
   1.4940596e-01
   6.6949040e-02
   1.1268412e-01
   2.2777663e-01
   1.9559224e-01
   1.7563111e-01
   1.1502833e-01
   2.2517751e-01
   3.1606525e-01
   2.8382710e-01
   1.1454922e-01
   1.0121380e-01
   4.2551047e-01
   6.2835044e-01
   3.2629257e-01
   1.0093563e-01
   7.3922120e-02
   7.3639983e-01
   1.4584107e+00
   9.9421835e-01
   3.5862908e-01
   2.3146945e-01
   1.1611372e+00
   1.8517808e+00
   1.3146936e+00
   5.8494329e-01
   3.0035812e-01
   4.5051172e-01
   4.7117597e-01
   2.7973044e-01
   1.2410060e-01
   1.3948564e-01
   3.1184986e-01
   2.8039142e-01
   1.3326073e-01
   9.4283722e-02
   1.3024291e-01
   1.1206946e-01
   9.7411975e-02
   1.0686544e-01
   1.0631858e-01
   8.0283165e-02
   1.7153736e-02
  -2.7793143e-03
  -1.4163990e-04
  -3.5789635e-03
  -1.2071679e-02
   1.3477312e-02
   2.5200510e-02
   6.4431638e-02
   6.3932791e-02
   4.2438060e-02
   5.4329624e-03
  -3.3684368e-03
   1.9839797e-02
   2.7236503e-02
   5.5877574e-02
   1.1023746e-01
   8.8590123e-02
   8.5175574e-02
   1.1896796e-01
   1.0436033e-01
   1.1530856e-01
   8.3042622e-02
   8.8293299e-02
   1.0054869e-01
   8.3218411e-02
   7.6336928e-02
   1.1170740e-01
   2.1516438e-01
   1.4028873e-01
   8.5699186e-02
   1.5399618e-02
   1.8950483e-01
   5.2163905e-01
   4.2595613e-01
   1.6028360e-01
   4.9360987e-02
   1.5374966e-01
   2.2943203e-01
   1.8110193e-01
   1.2425653e-01
   8.7680154e-02
   1.7268887e-01
   2.1715045e-01
   1.3194108e-01
   1.3702837e-01
   1.2232694e-01
   1.4724781e-01
   1.3807164e-01
   8.1113048e-02
   2.5585549e-02
   3.8183507e-02
   6.1138486e-03
  -7.9975976e-04
   9.7147617e-03
   5.8061171e-02
   9.2695892e-02
   8.4756225e-02
   5.1437590e-02
   3.0458773e-02
   1.2897465e-02
   2.9700171e-02
   3.3449654e-02
   5.5728704e-02
   8.7819777e-02
   1.2497627e-01
   1.2704921e-01
   4.6327040e-02
   1.2771442e-02
   2.6114224e-02
   7.0842770e-03
   3.4854857e-03
   4.3076705e-02
   3.6393072e-02
   2.0942159e-02
   4.1791342e-02
   7.1435153e-02
   6.9313429e-02
   5.8690824e-02
   2.4632240e-02
   2.9919639e-02
   1.1364100e-01
   2.0500611e-01
   2.4890758e-01
   2.0023285e-01
   1.2093260e-01
   1.3241354e-01
   1.1988517e-01
   2.1522424e-01
   2.9598927e-01
   1.8769196e-01
   6.6745028e-02
   1.1532270e-01
   3.2168469e-01
   3.7996772e-01
   2.9853645e-01
   1.4579873e-01
   7.2063521e-02
   1.1993105e-01
   9.8390028e-02
   6.1935846e-02
   4.4852100e-02
   6.6425413e-02
   8.4072754e-02
   5.2244414e-02
   1.8635299e-02
   2.3202917e-02
   3.0957079e-02
   1.5771037e-02
   4.2896133e-02
   2.1245485e-02
   2.4899593e-02
   1.8593319e-02
   2.2485463e-02
   1.8941026e-02
   2.6158638e-02
   1.3929269e-02
  -1.5321305e-02
   3.2486390e-02
   4.7027607e-02
   2.7598325e-02
   2.4069041e-02
   2.3427224e-02
   7.1062751e-02
   1.4650147e-01
   1.0817108e-01
   3.4974795e-02
   4.8079662e-02
   4.8083514e-02
   5.1445108e-02
   4.9849410e-02
   4.0466454e-02
   1.2292046e-02
   4.5837992e-04
   9.4543658e-03
   3.0455744e-02
   5.5916637e-02
   6.9842018e-02
   9.1459587e-02
   1.6083959e-01
   1.8377371e-01
   1.3051035e-01
   9.1955960e-02
   1.0795383e-01
   1.1895187e-01
   8.7847792e-02
   5.6867808e-02
   5.6342479e-02
   1.0110291e-01
   9.6139714e-02
   6.3502274e-02
   3.7796028e-02
   6.6074945e-02
   8.5938849e-02
   6.7431822e-02
   3.9088901e-02
   5.4114584e-02
   8.6220369e-02
   1.2288805e-01
   1.2568125e-01
   5.2524984e-02
   3.3366453e-02
   1.2912884e-02
   1.8645553e-02
   2.1991681e-02
   2.0479329e-02
   2.9372562e-02
   1.8604299e-02
   5.3316668e-02
   2.9953023e-02
   5.6260852e-03
   3.2291461e-02
   4.0454384e-02
   1.9414620e-03
   1.5153574e-02
   2.4380742e-02
   2.4853596e-02
   4.1940290e-02
   2.4243763e-02
   7.1393903e-03
   1.5867950e-02
   4.4573050e-02
   3.2123685e-02
   3.9183475e-02
   2.9241612e-02
   7.9916827e-03
   2.9229017e-02
   4.1741300e-02
   2.5435869e-02
   1.2664307e-02
   2.1437397e-02
   4.1371398e-02
   4.6255454e-02
   6.0903814e-02
   3.8509175e-02
   4.4041228e-02
   4.3510962e-02
   3.0433515e-02
   6.3793227e-02
   8.2238115e-02
   5.5433240e-02
   5.5225883e-02
   9.9997588e-02
   1.4914541e-01
   1.3349810e-01
   4.7641952e-02
   2.8354574e-02
   2.8210584e-02
   4.4967622e-02
   3.3287670e-02
   1.4186491e-02
   2.9174751e-02
   4.4521213e-02
   2.1637945e-02
   2.6372386e-02
   2.4501691e-02
   2.2321511e-02
   1.7622860e-02
   1.3972411e-02
   3.7043098e-02
   3.2769281e-02
   2.8218973e-02
   4.6449464e-02
   4.7306411e-02
   3.6001753e-02
   4.3453373e-02
   4.4222616e-02
   2.8032988e-02
   9.2394590e-02
   1.0839462e-01
   4.2978391e-02
   4.9672954e-02
   4.6294484e-02
   2.8737677e-02
   6.1558008e-02
   4.7172070e-02
   5.7578303e-02
   4.7270905e-02
   3.7836965e-02
   1.1930916e-02
   1.0104247e-02
   1.2087134e-02
   3.1566445e-02
   1.3235752e-02
   5.4270774e-02
   2.9646367e-02
   1.9387022e-02
   4.8191518e-02
   2.9966028e-02
   3.1922910e-02
   3.6433622e-02
   3.2343574e-02
   4.1778143e-02
   5.0131094e-02
   2.4842350e-02
   2.2212796e-02
   2.6530653e-02
   4.0985826e-02
   4.3201543e-02
   5.8154713e-02
   4.3494035e-02
   5.7329807e-02
   4.6445914e-02
   2.1037022e-02
   1.5850374e-02
   3.0977594e-02
   3.9260734e-02
   6.3474357e-02
   4.8637252e-02
   1.2523446e-02
   1.3435598e-02
   3.1581502e-02
   3.5295051e-02
   1.6047563e-02
   9.9480217e-03
   2.3116270e-02
   1.0756603e-02
   2.0459596e-02
   1.2786016e-02
   1.9999988e-02
   2.4223592e-02
   1.9956132e-02
   3.0439571e-02
   4.6833254e-02
   1.9291084e-02
   3.0369788e-02
   2.4689674e-02
   3.5383724e-02
   3.1394605e-02
   4.5663118e-02
   2.7377564e-02
   1.8238604e-02
   1.7393909e-02
   2.3828305e-03
   1.9871263e-02
   2.5665896e-02
   2.7244307e-02
   2.6815042e-02
   5.3528439e-02
   5.9208062e-02
   6.9506302e-02
   3.2498293e-02
   4.4804007e-02
   4.1190375e-02
   2.0266036e-02
   2.0559426e-02
   3.0496813e-02
   4.2002589e-02
   4.7178566e-02
   4.9629431e-02
   8.1465326e-02
   1.0214795e-01
   7.6426663e-02
   2.9745203e-02
   1.8101234e-02
   4.7463223e-02
   7.5857691e-02
   3.2988574e-02
   4.1321710e-02
   1.2946304e-02
   8.1774627e-04
  -1.0436507e-02
  -1.0381219e-03
   2.0775227e-02
   1.8675176e-02
   4.0109605e-02
   3.5695504e-02
   6.4686961e-02
   6.7926288e-02
   4.4668350e-02
   2.1349899e-02
   2.3205420e-02
   3.3103097e-02
   3.3640336e-02
   2.3093289e-02
   3.1549115e-02
   2.2754075e-02
   1.5691036e-02
   2.7230004e-02
   4.1576046e-02
   4.3382026e-02
   2.9892953e-02
   3.6763940e-02
   2.5391664e-02
   1.7749609e-02
  -1.3269184e-03
   4.4236150e-02
   8.4129997e-02
   7.4925840e-02
   6.5103404e-02
   6.0081929e-02
   4.3549012e-02
   2.1450095e-02
   1.3916404e-02
   4.9482744e-02
   1.3214378e-01
   1.2443209e-01
   8.3861321e-02
   3.2707121e-02
   2.7098933e-01
   7.6722682e-01
   6.4421505e-01
   2.5436118e-01
   1.2347309e-01
   3.1063154e-01
   4.5436135e-01
   3.3870596e-01
   2.0036146e-01
   1.4641066e-01
   6.5907232e-02
   8.1362553e-02
   1.0920164e-01
   1.1714566e-01
   8.1751995e-02
   5.4543246e-02
   2.9892202e-02
   2.2684366e-02
   1.6734716e-02
   3.5135500e-02
   2.8706230e-02
   3.1662058e-02
   6.0287877e-03
   6.0782139e-03
   9.0552801e-03
   3.9077476e-02
   5.8028288e-02
   5.3710930e-02
   3.5740625e-02
   3.9981581e-02
   4.6471938e-02
   6.4764516e-03
   3.5580512e-02
   1.5362408e-02
   1.6686482e-02
   3.7380636e-02
   4.3222796e-02
   3.5533164e-02
   2.2502927e-02
   1.4461787e-02
   6.3451608e-03
   2.2114579e-02
   3.2186165e-02
   2.7920445e-02
   2.2288039e-02
   2.5028629e-02
   5.6890160e-02
   6.0662761e-02
   3.6616988e-02
   4.9528446e-02
   4.7490787e-02
   1.7020851e-02
   5.0839927e-02
   1.4197701e-01
   1.7589611e-01
   7.9165466e-02
   3.4459747e-02
   6.1414171e-02
   1.0226233e-01
   1.0283155e-01
   4.0676564e-02
   5.4087933e-02
   3.5972003e-02
   6.1453516e-03
   2.2193454e-02
   3.7921675e-02
   5.6849498e-02
   3.0205444e-02
   3.1817269e-02
   4.6597242e-02
   4.2321075e-02
   4.7042374e-02
   2.0481816e-02
   5.7862680e-02
   4.5865089e-02
   3.3358902e-02
   2.7184537e-02
   2.4393771e-02
   1.5491098e-02
   1.3488568e-02
   2.2023521e-02
   3.1146441e-02
   3.0275153e-02
   3.5168007e-02
   3.3196475e-02
   3.2558870e-02
   1.2657302e-02
   2.8085208e-02
   2.4984093e-02
   4.0779591e-02
   2.6966562e-02
   6.6684806e-03
   5.0629526e-03
   2.8790008e-02
   4.0790882e-02
   2.1403836e-02
   2.6423493e-02
   4.3177731e-02
   4.5635976e-02
   4.4656198e-02
   3.6731098e-02
   3.4175575e-02
   1.8180214e-02
   9.8197963e-03
   2.0488640e-02
   4.8333894e-02
   7.4919015e-02
   3.5346232e-02
   8.6292606e-03
   4.7267962e-02
   4.5815654e-02
   4.2917926e-02
   3.9317600e-02
   3.2058898e-02
   3.3558607e-02
   2.7195897e-02
   6.0969735e-03
   1.6859781e-02
  -4.3681441e-03
   2.7495775e-02
   2.7473137e-02
   3.1395093e-02
   6.1407324e-02
   6.9294430e-02
   5.3784065e-02
   3.7165195e-02
   3.1436786e-02
   2.7291119e-02
   2.0782551e-02
   2.5173642e-02
   2.0938559e-02
   2.6281262e-02
   2.1240490e-02
   1.8822026e-02
   1.9564679e-02
   3.5412464e-02
   3.9587941e-02
   3.3702891e-02
   2.3065772e-02
   1.7584108e-02
   3.8141955e-02
   2.4596443e-02
   2.9785184e-03
   2.3109091e-02
   2.9931571e-02
   1.8569946e-02
   4.6668167e-04
   2.6114605e-02
   2.2967886e-02
   1.3452430e-02
   3.2430213e-02
   4.5586247e-02
   5.9424289e-02
   2.8140968e-02
   4.8406902e-03
   2.7412526e-02
   4.4964872e-02
   5.7477042e-02
   6.5274283e-02
   2.3818182e-02
   5.0814498e-02
   5.2911460e-02
   3.5455972e-02
   5.0376132e-02
   4.2422719e-02
   3.4515172e-02
   3.1476211e-02
   1.8159062e-02
   4.2862713e-02
   4.6810631e-02
   4.4305820e-02
   1.8727724e-02
   2.1473764e-02
   2.2115503e-02
   2.6254550e-02
   1.2509587e-02
   2.2194186e-02
   4.1044127e-02
   4.4703167e-02
   2.9675758e-02
   2.4681870e-02
   2.7043805e-02
   2.7198616e-02
   3.2098100e-02
   3.6012162e-02
   2.1682357e-02
   1.9991940e-02
   4.4578690e-02
   4.9887665e-02
   4.1632019e-02
   3.1726886e-02
   1.5645295e-02
   2.1735296e-02
   2.1151233e-02
   4.1823421e-02
   3.4430631e-02
   4.2091023e-02
   3.3331662e-02
   1.7761881e-02
   2.0864986e-02
   2.2936400e-02
   2.0932725e-02
   2.0095026e-02
   2.2912705e-02
   2.3937093e-02
   3.0642081e-02
   2.5270199e-02
   3.8094006e-02
   2.9992202e-02
   3.8938295e-02
   3.5809912e-02
   2.2453634e-02
   3.1784415e-02
   4.1171703e-02
   3.3822488e-02
   2.9692685e-02
   3.7877608e-02
   4.3413755e-02
   3.7328672e-02
   4.2172369e-02
   3.8055498e-02
   3.4504671e-02
   7.5848950e-03
   2.2135716e-02
   1.8134136e-02
   2.2642374e-02
   4.2045575e-02
   2.8190730e-02
   2.2432867e-02
   3.1294569e-02
   3.0394334e-02
   2.3561450e-02
   1.6977891e-02
   3.5153102e-02
   3.5658985e-02
   3.6634270e-02
   1.6748527e-02
   2.5485301e-02
   3.7095170e-02
   3.9774373e-02
   4.0084749e-02
   5.2665442e-02
   5.5867363e-02
   4.4872720e-02
   2.7566694e-02
   4.9620677e-02
   4.6886954e-02
   2.2133332e-02
   1.5520678e-02
   8.3182249e-03
   3.3021223e-02
   5.3790409e-02
   3.9494663e-02
   2.8483372e-02
   6.3530901e-03
   2.5134539e-02
   2.5102526e-02
   1.7571025e-02
   2.2983909e-02
   1.4140740e-02
   2.5260486e-02
   2.6590604e-02
   3.0384842e-02
   2.3104096e-02
   4.2611357e-02
   4.4560432e-02
   2.5772858e-02
  -3.5200091e-03
   1.2082464e-02
   3.6926698e-02
   4.0661428e-02
   4.7100995e-02
   2.9330291e-02
   2.2767501e-02
   2.6001597e-02
   1.6634893e-02
   1.9262709e-02
   2.0465257e-02
   1.7173475e-02
   1.2180501e-02
   3.7382100e-02
   3.8250174e-02
   1.9426785e-02
   1.8029807e-02
   2.3347903e-02
   2.0624371e-02
   2.9741444e-02
   2.9424688e-02
   3.1567287e-02
   4.3484919e-02
   4.0507194e-02
   2.9011805e-02
   3.5149340e-02
   2.6668023e-02
   2.9829683e-02
   3.2087623e-03
   1.6811319e-02
   2.5041739e-02
   3.3130385e-02
   3.0580902e-02
   1.4024206e-02
   2.4923988e-02
   4.7675066e-02
   3.7167847e-02
   4.1181378e-02
   2.6619133e-02
   6.9130459e-03
   1.1090547e-03
   2.6410872e-02
   3.8170602e-02
   4.4741329e-02
   4.8072822e-02
   5.0690431e-02
   5.1880069e-02
   4.7063582e-02
   3.1738732e-02
   2.9121604e-02
   1.8885678e-02
   9.8038130e-03
   2.0069126e-02
   2.6909010e-02
   2.1431401e-02
   5.6594104e-02
   5.6840621e-02
   2.5001535e-02
   1.3725821e-02
   4.5545902e-02
   2.8870756e-02
   1.9076018e-02
   1.5771599e-02
   3.2090265e-02
   2.0133056e-02
   3.9312121e-02
   3.8493235e-02
   2.0694807e-02
   3.2683685e-02
   1.9708863e-02
   2.2405766e-02
   2.1485886e-02
   4.8436124e-02
   2.0337721e-02
   2.3492668e-02
   3.0489419e-02
   1.0556859e-02
   3.3245694e-02
   3.5683129e-02
   4.0570505e-02
   2.8192706e-02
   2.0650743e-02
   8.1271809e-03
   8.6308559e-03
   1.1545426e-02
   4.9978908e-02
   7.5058647e-02
   5.0616894e-02
   4.9261145e-02
   2.8167309e-02
   1.8285194e-02
   4.2302009e-02
   1.4886016e-02
   1.0055347e-02
   3.3127133e-02
   9.3052939e-02
   9.9389531e-02
   5.5660974e-02
   5.2447941e-02
   6.0726747e-02
   3.9852187e-02
   3.1548537e-02
   2.8235868e-02
   2.6417945e-02
   1.6076092e-02
   2.0189419e-02
   1.9092426e-02
   1.7723033e-02
   2.9424520e-02
   3.4955449e-02
   3.2783769e-02
   2.4926838e-02
   2.3489060e-02
   1.4665940e-02
   3.0472822e-02
   5.3337622e-02
   3.2963350e-02
   1.4933308e-02
   1.1440405e-02
   3.3106316e-02
   3.6677159e-02
   3.6646929e-02
   3.6566574e-02
   1.4676085e-02
   2.9536035e-02
   5.3386055e-02
   2.8611200e-02
   4.4086263e-02
   4.3754213e-02
   4.1200101e-02
   4.7405493e-02
   3.9342403e-02
   4.6855353e-02
   3.5696078e-02
   1.5739834e-02
   7.7768387e-03
   5.9493817e-02
   1.2495099e-01
   1.3462970e-01
   4.5356050e-02
   3.7840694e-02
   3.6417104e-02
   2.7669841e-02
   8.3998991e-03
  -4.3198408e-04
   1.0755642e-02
   2.8609522e-02
   2.4738543e-02
   5.0215513e-02
   5.4899115e-02
   2.9379467e-02
   3.6654621e-02
   3.1896900e-02
   1.5314570e-02
   9.1750640e-03
   1.0862541e-03
   7.2441115e-03
   4.4330396e-02
   2.8901638e-02
   3.3531927e-02
   2.1115460e-02
   3.1934105e-02
   3.3196177e-02
   1.9932911e-02
   3.3398416e-02
   2.0922964e-02
   1.3006969e-02
   1.5679114e-02
   3.0705800e-02
   2.2432065e-02
   2.3502843e-02
   8.6627128e-03
   2.7443873e-02
   4.3152239e-02
   3.9645568e-02
   2.3140488e-02
   5.4309011e-02
   4.9799066e-02
   1.6216114e-02
   2.3490382e-02
   2.3788679e-02
   4.5256719e-02
   5.7750344e-03
   3.7897356e-02
   2.6536554e-02
   3.3483781e-02
   1.5700471e-02
   2.8566791e-02
   5.0880671e-02
   2.8529007e-02
   2.7605921e-02
   2.4961924e-02
   5.2110154e-02
   3.3989463e-02
   4.8377533e-02
   3.0145988e-02
   4.0905386e-02
   3.7920505e-02
   1.3176116e-02
   1.7054358e-02
   3.1056076e-02
   2.7537363e-02
   8.7536415e-03
  -4.1514420e-04
   3.7085313e-02
   4.0383130e-02
   3.1742409e-02
   2.7881134e-02
   4.4166166e-02
   5.2189782e-02
   1.7867437e-02
   2.6828302e-02
   2.3804072e-02
   3.9435048e-02
   2.3013366e-02
   2.7895903e-02
   2.5997845e-02
   3.3456672e-02
   2.7254419e-02
   3.8282454e-02
   2.9429466e-02
   3.4213342e-02
   2.9752452e-02
   9.8933959e-03
   1.8162988e-02
   2.5089456e-02
   4.2800188e-02
   3.4822129e-02
   4.0880334e-02
   3.6373008e-02
   2.9385112e-02
   2.8625494e-02
   1.3669509e-02
   2.8055687e-02
   5.6844223e-02
   3.5956450e-02
   3.0181384e-02
   2.0051148e-02
   2.6171746e-02
   2.1967519e-02
   2.1403460e-02
   2.1541528e-02
   2.2794375e-02
   3.0165890e-02
   1.8075101e-02
   1.7463090e-02
   2.6191432e-02
   2.9084042e-02
   2.7441684e-02
   1.5376996e-02
  -8.2291011e-03
  -8.8136354e-03
   1.5159998e-02
   2.1723822e-02
   1.4103915e-02
   2.4657754e-02
   3.2520890e-02
   2.7449103e-02
   1.1374657e-02
  -4.3710009e-03
   2.1494225e-02
   4.3899503e-02
   4.3655526e-02
   4.5118727e-02
   2.5637332e-02
   2.1917442e-02
   3.3499729e-02
   2.5519302e-02
   2.2571538e-02
   2.7362652e-02
   5.1618293e-02
   4.9353175e-02
   3.3395037e-02
   4.3007214e-02
   2.8987441e-02
   1.8248927e-02
   1.4883637e-03
   1.8512893e-02
   2.7183995e-02
   4.4303615e-02
   5.8683451e-02
   2.6790693e-02
   1.2363958e-02
   1.8518953e-02
   2.7866006e-02
   3.1616747e-02
   3.9055459e-02
   3.6310416e-02
   5.0779447e-02
   4.1589614e-02
   1.6735556e-02
   5.2986173e-03
   1.7346295e-02
   3.5225518e-02
   3.2062214e-02
   2.4422584e-02
   2.0777905e-02
   4.3347601e-02
   5.0541155e-02
   8.6221369e-03
   1.0780144e-02
   2.2512749e-02
   3.4514792e-02
   2.3542201e-02
   1.1535725e-02
   3.0397948e-02
   3.9618701e-02
   3.7114490e-02
   2.5207428e-02
   1.2254380e-02
   1.0727559e-02
   2.5023742e-02
   1.6843626e-02
   2.6190681e-02
   1.9487178e-02
   2.3982428e-02
   2.3079539e-02
   2.9555341e-02
   3.3950742e-02
   1.0628389e-02
   1.6390326e-02
   2.7675947e-02
   5.6007829e-02
   4.7013864e-02
   2.3100037e-02
   3.2607242e-02
   3.7756100e-02
   3.2459818e-02
   3.7425991e-02
   4.8955988e-02
   5.4857314e-02
   4.9913004e-02
   4.3373615e-02
   2.6006427e-02
   3.7006564e-02
   3.3514380e-02
   1.2337911e-02
   1.2608822e-02
   2.7311966e-02
   2.3138992e-02
   9.8035801e-03
   2.2282740e-02
   2.8050521e-02
   3.0363973e-02
   4.8680637e-02
   4.6181638e-02
   2.6355509e-02
   1.6553279e-02
   2.8859489e-02
   2.4287988e-02
   2.2496665e-02
   3.0584864e-02
   3.5607133e-02
   5.1355887e-02
   4.2541333e-02
   3.5204871e-03
   5.1302772e-02
   3.7549030e-02
   2.1011462e-02
   1.5615620e-02
   2.7282190e-02
   4.1981094e-02
   2.7884848e-02
   3.4647983e-02
   2.3088511e-02
   4.5580070e-02
   4.4963498e-02
   4.5774158e-02
   4.0906124e-02
   2.0763818e-02
   1.5255402e-02
   1.4588185e-02
   1.5339931e-02
   3.0497218e-02
   6.6416455e-03
   1.2056394e-02
   2.4648719e-02
   2.9803146e-02
   3.2541674e-02
   3.4459963e-02
   2.1778634e-02
   5.8318777e-03
   1.4931751e-02
   3.3647034e-02
   4.3937482e-02
   1.7813405e-02
   2.1437343e-02
   4.2135671e-02
   2.9868318e-02
   1.5805710e-02
   3.0162044e-02
   1.8840302e-02
   1.5318821e-02
   3.5925191e-02
   2.4816580e-02
   1.0776100e-02
   2.6001707e-02
   4.0763147e-02
   4.0440626e-02
   1.8244939e-02
   1.3194595e-02
   3.8516741e-02
   3.1055149e-02
   4.3957040e-02
   4.0524580e-02
   2.1370606e-02
   1.3436713e-02
   3.1234138e-02
   2.4789453e-02
   1.2886982e-02
   3.1277630e-02
   6.5079257e-02
   6.2691845e-02
   3.5468463e-02
   2.8643249e-02
   2.3316087e-02
   1.2814539e-02
   6.1508544e-02
   1.0734013e-01
   9.7627014e-02
   7.4433811e-02
   6.3905776e-02
   2.3096444e-02
   1.8001137e-02
   4.2249277e-02
   2.7305394e-02
   4.9708914e-02
   5.3725533e-02
   3.4847677e-02
   3.3171710e-02
   3.5842683e-02
   3.1093964e-02
   3.1574268e-02
   5.7124991e-02
   7.5395323e-02
   6.8334654e-02
   6.5825053e-02
   2.4769105e-02
   1.2412216e-02
   3.2344300e-02
   1.7200841e-02
   1.0133498e-01
   1.3930836e-01
   1.0596800e-01
   8.3084792e-02
   3.8264275e-02
   2.4812153e-02
   2.0837706e-02
   2.4921872e-02
   6.9872490e-03
   6.3696979e-03
   1.7792761e-02
   6.5610744e-03
   1.9005382e-02
   2.0985898e-02
   3.9728723e-02
   3.9192673e-02
   3.9799832e-02
   2.5811657e-02
   7.4179624e-03
   2.0711917e-02
   1.4817948e-02
   2.3713430e-02
   2.1378495e-02
   1.5407682e-02
   6.1129304e-03
   1.8530075e-02
   2.7188459e-02
   2.8955739e-02
   1.7618923e-02
   2.4858795e-02
   2.1599730e-02
   3.4021728e-02
   3.0844476e-02
   1.8920107e-02
   3.0543044e-02
   3.0333808e-02
   4.9890350e-03
   1.7888756e-02
   1.9669920e-02
   3.3923768e-02
   5.6752224e-02
   3.6776606e-02
   2.5812680e-02
   3.3570785e-02
   2.6563998e-02
   2.6388492e-02
   1.7723899e-02
   3.1918928e-02
   1.7560320e-02
   3.7985630e-02
   2.6593329e-02
   3.0364914e-02
   3.6548160e-02
   4.8108481e-02
   4.3023661e-02
   3.0884875e-02
   2.2462400e-02
   2.4909340e-02
   3.6656290e-02
   2.5723495e-02
   2.0923533e-02
   1.6138123e-02
   2.0354990e-02
   4.3595955e-02
   1.6862758e-02
   2.6455157e-02
   4.5443270e-02
   7.9831854e-02
   6.4247981e-02
   3.4842242e-02
   3.1293716e-02
   3.1939439e-02
   1.2911337e-02
   6.1707892e-02
   1.6896380e-01
   2.9498357e-01
   2.5635934e-01
   1.5243925e-01
   7.8033037e-02
   3.5946731e-02
   9.2113493e-03
   3.1782784e-02
   4.2049110e-02
   7.4105561e-02
   6.3450053e-02
   6.8061985e-02
   5.8296166e-02
   4.1557249e-02
   2.4323324e-02
   5.2996345e-02
   1.0828115e-01
   1.3094500e-01
   9.9376515e-02
   6.9763504e-02
   3.3788212e-02
   1.8492581e-02
   1.7063314e-02
   9.5248602e-02
   2.5249529e-01
   2.6333985e-01
   1.4834638e-01
   7.0063151e-02
   4.2847257e-02
   2.0923197e-02
   8.8715190e-03
  -6.8702330e-03
   3.8134109e-02
   2.7481886e-02
   3.0931918e-02
   4.2958077e-02
   4.3511420e-02
   4.4618107e-02
   7.3118195e-02
   5.1255293e-02
   5.9160657e-02
   5.3347196e-02
   2.9341402e-02
   4.4077625e-03
   2.0935103e-02
   2.8232886e-02
   3.0426335e-02
   4.3181602e-02
   4.3626890e-02
   1.9936368e-02
   2.2437161e-02
   3.8988508e-02
   3.1711593e-02
   2.6512679e-02
   1.8928258e-02
   2.0235267e-02
   4.1328773e-02
   6.7351975e-02
   5.9622824e-02
   4.0749755e-02
   3.7450425e-02
   3.4619212e-02
   2.2855584e-02
   3.1128336e-02
   5.5354889e-02
   5.6063164e-02
   5.0654195e-02
   5.1934671e-02
   2.8360084e-02
   2.7479053e-02
   2.4172235e-02
   1.8520039e-02
   5.5106082e-03
   2.3136299e-02
   4.4622730e-02
   5.0320156e-02
   1.6441228e-02
   8.4863352e-03
   2.6023833e-02
   2.3745446e-02
   4.4948097e-02
   2.9291656e-02
   3.4687221e-02
   3.2653585e-02
   1.0293242e-02
   1.1818384e-02
   3.8978890e-02
   7.2404332e-02
   4.9340677e-02
   2.0068539e-02
   5.5515622e-03
   1.3523761e-03
   4.3321334e-02
   9.2709661e-02
   9.3604825e-02
   7.5041659e-02
   5.6215916e-02
   4.2882740e-02
   2.1329781e-02
   4.6147518e-02
   8.8783257e-02
   8.2073525e-02
   6.8202458e-02
   5.9382334e-02
   4.8432138e-02
   4.4544939e-02
   4.2027805e-02
   1.1302497e-01
   2.8797796e-01
   4.3118805e-01
   3.0874744e-01
   1.4816405e-01
   7.3725373e-02
   8.0158794e-03
  -2.6060834e-03
   4.6366200e-02
   1.0915262e-01
   8.8994183e-02
   7.2429083e-02
   5.3309567e-02
   3.2717846e-02
   3.4879446e-02
   4.1081186e-02
   1.1022968e-01
   2.3841228e-01
   1.9010113e-01
   1.2406872e-01
   9.0564765e-02
   6.2470827e-02
   2.4904195e-02
   2.8021604e-02
   4.7659852e-02
   4.7129989e-02
   3.4695711e-02
   5.1718123e-02
   5.1443767e-02
   5.7632565e-02
   3.5266936e-02
   1.5150649e-02
   2.2710748e-02
   5.1059287e-02
   3.0315101e-02
   2.7398175e-02
   3.1712171e-02
   1.7168408e-02
   4.0069539e-02
   2.1733265e-02
   6.4341478e-02
   9.1394581e-02
   6.6288158e-02
   3.4158912e-02
   2.8480018e-02
   3.3201046e-02
   4.1560285e-02
   3.8776726e-02
   7.9811849e-02
   7.8277461e-02
   7.7971160e-02
   7.5406738e-02
   3.0158490e-02
   3.4864157e-02
   3.0942630e-02
   3.6323354e-02
   3.4688264e-02
   2.7285589e-02
   1.8508350e-02
   8.7387804e-03
   1.3722311e-02
   2.1690423e-02
   2.9243782e-02
   5.3749043e-02
   5.3906009e-02
   8.1680948e-03
   5.0540622e-03
   2.9025920e-02
   2.4850976e-02
   2.0983762e-03
   7.6063136e-03
   2.0865623e-02
   2.1820601e-02
   2.0627597e-02
   6.8885051e-03
   2.0457631e-02
   9.8240068e-03
   4.2920154e-02
   5.6557346e-02
   3.2811299e-02
   5.0939780e-02
   1.0288838e-01
   1.7722350e-01
   1.9620611e-01
   1.0621928e-01
   5.8480658e-02
   9.9428467e-02
   6.8795502e-02
   4.8487999e-02
   5.3492256e-02
   7.9235464e-02
   1.3128452e-01
   1.7922927e-01
   1.6481949e-01
   1.4665538e-01
   7.9735063e-02
   6.5289915e-02
   1.5535659e-01
   1.6333754e-01
   8.2881063e-02
   1.0939794e-01
   2.8311482e-01
   3.2810950e-01
   1.5347897e-01
   7.8909382e-02
   1.5788372e-01
   1.6520923e-01
   1.3880542e-01
   1.2822577e-01
   1.3705696e-01
   4.6296015e-02
   2.3604529e-02
   5.4720696e-02
   7.8082435e-02
   4.9957484e-02
   2.2767073e-02
   2.0689113e-02
   1.1034641e-02
   1.4123742e-02
   1.3167752e-02
   1.6148521e-02
   2.3869542e-02
   9.2505841e-03
   1.2954437e-02
   3.0409008e-02
   2.5082743e-02
   1.3440925e-02
   1.7211536e-02
   7.4822269e-02
   8.1660800e-02
   9.4433531e-02
   6.1282743e-02
   3.7281170e-02
   2.1000564e-02
   3.3932660e-02
   4.0280607e-02
   1.0260445e-01
   1.0119801e-01
   6.0586054e-02
   7.8259639e-02
   9.8572083e-02
   6.6015251e-02
   7.5313196e-02
   8.8046730e-02
   5.9073325e-02
   7.1567424e-02
   1.0186306e-01
   9.7927593e-02
   5.8937497e-02
   3.6531556e-02
   6.0491808e-02
   3.4556583e-02
   1.1238785e-02
   1.6272826e-02
   3.1914670e-02
   6.0355809e-02
   5.4762032e-02
   4.1961543e-02
   1.7112881e-02
  -8.0182273e-03
   9.0228971e-03
   3.3233736e-02
   1.6620764e-01
   4.0193120e-01
   4.7297400e-01
   3.1569359e-01
   1.4090672e-01
   4.1949615e-02
   2.2000313e-02
   2.9041009e-02
   1.8796168e-02
   2.4091732e-02
   2.5148029e-02
   5.2597266e-02
   7.3569402e-02
   5.4571852e-02
   6.0304187e-02
   4.6436965e-02
   3.9076548e-02
   1.7434116e-02
  -4.8342738e-03
   4.8907146e-02
   8.3458751e-02
   8.1614606e-02
   4.2084124e-02
   2.5432447e-02
   3.7580755e-02
   2.7699873e-02
   2.2209056e-02
   4.2442895e-02
   8.6503796e-02
   9.2109092e-02
   5.8414195e-02
   5.2521721e-02
   4.3678638e-02
   5.2487601e-02
   5.3410228e-02
   6.1413534e-02
   2.3871893e-02
   5.2278917e-03
   1.9778224e-02
   3.5753310e-02
   6.9018804e-02
   2.4565009e-02
   4.3176111e-02
   1.4581836e-02
   3.7610680e-02
   7.7220745e-02
   6.9105871e-02
   1.0477188e-01
   1.1104187e-01
   7.2755083e-02
   6.5621488e-02
   3.4434605e-02
   1.3230587e-02
  -6.7951223e-03
   3.0575830e-02
   1.6235974e-01
   1.8992093e-01
   1.1370403e-01
   4.3303214e-02
   8.1918404e-02
   5.4451458e-02
   2.9272875e-02
   5.0539777e-02
   8.4237009e-02
   1.2518308e-01
   1.6139132e-01
   1.5174460e-01
   1.2025679e-01
   1.0712825e-01
   1.1769947e-01
   2.3345725e-01
   1.6616230e-01
   1.2496983e-01
   2.3644362e-01
   5.2770871e-01
   4.1774404e-01
   1.5796344e-01
   1.0707204e-01
   1.2051250e-01
   1.0509507e-01
   4.9857587e-02
   4.6383128e-02
   3.1234926e-02
   2.7801335e-02
   1.7796602e-02
   1.2178867e-02
   1.3824532e-02
   2.3184808e-02
   6.2232561e-02
   1.1158542e-01
   1.2804250e-01
   1.0741066e-01
   6.1735097e-02
   2.5279123e-02
   3.7645653e-02
   2.0400656e-02
   2.8669035e-02
   5.3094309e-02
   5.8035515e-02
   5.6236643e-02
   5.9052125e-02
   4.7382150e-02
   3.9069895e-02
   7.3964767e-02
   8.9956775e-02
   4.8524395e-02
   9.8648548e-02
   1.7478828e-01
   2.3458262e-01
   1.4081953e-01
   1.1363787e-01
   5.6750931e-02
   3.5760757e-02
   5.9352137e-02
   2.0621945e-01
   3.6043766e-01
   3.7917477e-01
   3.1424850e-01
   2.7956808e-01
   1.7282015e-01
   7.2589368e-02
   3.6684621e-02
   2.2686973e-02
   4.6742272e-02
   5.5324480e-02
   7.1500689e-02
   1.1024302e-01
   1.2218701e-01
   7.0063666e-02
   8.4203569e-04
   1.9806784e-02
  -7.4036689e-03
   4.8769522e-02
   6.2620260e-02
   8.6100526e-02
   1.1400487e-01
   6.6930041e-02
   8.1566311e-02
   5.5545837e-02
   3.5732914e-02
   4.8047535e-02
   1.5760651e-02
   5.1671304e-02
   3.4966372e-02
   3.7696816e-02
   3.7171662e-02
   4.8565906e-02
   6.5932512e-02
   5.0151467e-02
   2.7040258e-02
   1.8263549e-02
   4.2352676e-02
   1.9832503e-02
   1.5821015e-02
   2.1343393e-02
   4.8450079e-02
   1.5900303e-02
   3.7139889e-02
   5.0038904e-02
   3.9294034e-02
   3.8450625e-02
   5.7109237e-02
   1.0811431e-01
   3.8998052e-02
  -8.3070174e-03
   1.8718174e-02
   1.4446974e-01
   1.7719780e-01
   1.6493911e-01
   1.0955750e-01
   4.1700535e-02
  -2.8547402e-03
   5.6723761e-03
   1.4205849e-01
   5.1007462e-01
   8.5338014e-01
   6.9410360e-01
   4.4782430e-01
   2.2354048e-01
   9.7643569e-02
   2.5536206e-02
   3.1358369e-02
   1.2148659e-02
   2.4933016e-02
   6.0586423e-02
   9.9121772e-02
   1.3661610e-01
   1.4423178e-01
   7.3387146e-02
   3.6583301e-02
  -5.9560640e-03
  -2.2620920e-02
   1.3619566e-02
   2.6324434e-02
   2.7842216e-02
   7.6309748e-02
   4.8466191e-02
   5.1393915e-02
   9.2682853e-02
   1.4342585e-01
   1.5201142e-01
   1.2853913e-01
   1.0667773e-01
   6.5097854e-02
   2.4955120e-02
   7.3730692e-02
   3.0364478e-01
   6.4214867e-01
   6.9484413e-01
   4.5303509e-01
   2.7692923e-01
   1.0854398e-01
   5.6284439e-02
   3.9605442e-02
   3.4919295e-02
   3.9941430e-02
   2.9136993e-02
   1.4473550e-01
   3.7360695e-01
   4.6868876e-01
   3.0478570e-01
   1.9231647e-01
   9.5920317e-02
   1.7163387e-02
   1.9936379e-02
   8.5789591e-02
   2.7833149e-01
   4.0314198e-01
   2.9751661e-01
   2.0779392e-01
   1.5445748e-01
   8.8546015e-02
   8.4718570e-02
   5.1621739e-02
   2.6630678e-03
   3.0588467e-02
   1.0194186e-01
   2.6994807e-01
   4.9783877e-01
   4.5787442e-01
   2.9761857e-01
   1.7574018e-01
   8.5412607e-02
   7.2365873e-02
   1.1659053e-01
   6.0092092e-01
   1.4156417e+00
   1.4828712e+00
   1.0764117e+00
   7.2919846e-01
   7.6347905e-01
   7.2504365e-01
   5.9168762e-01
   3.7645811e-01
   7.9962939e-02
  -8.3348015e-03
   5.5792135e-01
   3.0081916e+00
   5.5535831e+00
   5.2219324e+00
   2.9242134e+00
   1.2381335e+00
   5.8599639e-01
   3.1665564e-01
   2.2607422e+00
   1.3520314e+01
   2.7881485e+01
   2.7577087e+01
   1.6017504e+01
   6.3165679e+00
   1.7913564e+00
   4.3660429e-01
   1.1039439e-01
   6.0202293e-02
   1.7634244e-01
   1.5200938e+00
   3.4291251e+00
   3.6828306e+00
   2.4351575e+00
   1.1563647e+00
   2.2318245e-01
  -1.5742072e-01
  -1.8838270e-01
   3.4406457e-02
   3.1143078e-01
   6.3939077e-01
   9.4184899e-01
   7.6715392e-01
   4.2307127e-01
   2.2199000e-01
   1.6816616e-01
   1.4374878e-01
   7.8817107e-02
   1.0432599e-01
   1.4928882e-01
   2.0639543e-01
   2.7299744e-01
   7.8406888e-01
   1.4686961e+00
   1.4424604e+00
   7.7311361e-01
   2.2084677e-01
   4.3065153e-02
   1.6620603e-01
   2.0411147e-01
   2.4081188e-01
   2.4441683e-01
   1.8198426e-01
   1.3235015e-01
   1.2808986e-01
   1.1306147e-01
   1.8002585e-01
   2.6253900e-01
   2.3641306e-01
   1.5500204e-01
   7.2663128e-02
   1.1421403e-01
   1.9703738e-01
   1.6850995e-01
   7.6431632e-02
  -3.8339940e-03
  -5.5138949e-02
  -4.6736463e-03
   1.1807077e-01
   1.6405603e-01
   8.7078184e-02
  -4.7539689e-02
  -1.6468853e-01
  -9.9389002e-02
   9.5423006e-02
   4.1064379e-01
   7.2118390e-01
   7.8958368e-01
   4.5103922e-01
   1.5106273e-01
   6.3879065e-02
   5.1666021e-01
   1.5768372e+00
   1.8819184e+00
   1.1857072e+00
   3.4667403e-01
   9.8016568e-02
   4.6846318e-01
   1.2202423e+00
   1.3415167e+00
   8.1661564e-01
   3.8157633e-01
   2.7875870e-01
   2.9109675e-01
   4.8203957e-01
   2.6822977e+00
   6.3836341e+00
   7.0083246e+00
   4.4196362e+00
   1.8411611e+00
   6.1279964e-01
   1.9002566e-01
   1.0988833e-01
   6.9895931e-02
   8.2248457e-02
   4.7640750e-01
   9.9070948e-01
   1.0446614e+00
   8.1924516e-01
   4.1865391e-01
   1.2160890e-01
  -2.2635592e-02
  -1.2832938e-02
   1.1313783e-01
   2.2147955e-01
   3.1636497e-01
   3.8819686e-01
   2.7454731e-01
   1.1131708e-01
   2.2601131e-02
  -3.4058134e-03
   6.8913628e-03
   2.3989860e-02
   4.7135625e-02
   8.7617271e-02
   1.0811706e-01
   1.1788026e-01
   2.2813934e-01
   3.9131492e-01
   3.1163752e-01
   9.9962570e-02
   2.0676283e-02
   4.5020841e-02
   5.9213422e-02
   1.1127120e-01
   1.0702890e-01
   7.2643183e-02
   7.0928499e-02
   6.3755773e-02
   6.9421656e-02
   6.8695396e-02
   3.3164240e-02
   1.1376919e-01
   1.4168182e-01
   1.5880793e-01
   1.3828602e-01
   1.3019799e-01
   7.2053708e-02
   9.2205731e-03
   2.8518261e-02
   1.0542969e-01
   1.6096823e-01
   2.3565201e-01
   3.4842661e-01
   2.8430542e-01
   1.0783642e-01
   1.9909907e-02
   9.2154868e-02
   2.2415298e-01
   3.1210583e-01
   4.6789476e-01
   4.5905659e-01
   3.2192713e-01
   1.5801017e-01
   2.3750669e-01
   4.4731444e-01
   6.5366143e-01
   5.4406571e-01
   3.0131930e-01
   3.4690481e-03
   4.4813387e-02
   7.1384090e-01
   1.9054387e+00
   2.4299579e+00
   1.6889112e+00
   7.1101213e-01
   1.5171587e-01
   7.0743039e-02
   1.0749010e+00
   4.2837181e+00
   7.0938139e+00
   6.2244782e+00
   3.6893952e+00
   1.6120100e+00
   5.2901042e-01
   1.5398952e-01
   1.7241336e-01
   3.2206801e-01
   5.2805150e-01
   8.2157475e-01
   1.0832752e+00
   9.3012011e-01
   6.1876154e-01
   3.9550555e-01
   2.4908873e-01
   1.2635641e-01
   1.1778405e-01
   1.2341716e-01
   1.8970419e-01
   2.4243471e-01
   2.2647779e-01
   1.6330852e-01
   1.0650405e-01
   6.3171789e-02
   3.2983538e-02
   5.3275298e-02
   4.9090661e-02
   3.7378345e-02
   6.4950459e-02
   8.7870382e-02
   9.8514453e-02
   1.4033525e-01
   1.8501917e-01
   1.2667081e-01
   3.6740199e-02
   2.5246467e-02
   3.8692318e-02
   5.1677849e-02
   5.9970826e-02
   5.6263052e-02
   1.4009059e-02
   1.0168263e-02
   8.0793453e-03
   1.4894707e-03
   3.2942411e-02
   8.4292568e-02
   1.2839280e-01
   9.3473807e-02
   8.3846517e-02
   8.6598530e-02
   6.1085414e-02
   1.7055549e-02
   1.2967868e-03
   5.6813665e-02
   6.7695744e-02
   1.2139276e-01
   1.8293568e-01
   1.5982914e-01
   1.1720011e-01
   4.5906466e-02
   2.8049226e-03
   7.1763866e-02
   1.6046241e-01
   2.5116146e-01
   2.5263613e-01
   1.9393739e-01
   5.6051239e-02
   1.1666980e-01
   1.7681083e-01
   2.0731027e-01
   2.6491669e-01
   1.9593510e-01
   9.4159216e-02
   2.9131806e-02
   1.6302976e-01
   5.3958404e-01
   7.8739113e-01
   6.2649786e-01
   3.3049095e-01
   7.9195246e-02
  -3.0349500e-03
   2.1556240e-01
   9.5614243e-01
   1.7552923e+00
   1.7624527e+00
   1.1937881e+00
   6.1929649e-01
   2.1989515e-01
   9.7523205e-02
   5.9370991e-02
   1.3983133e-01
   2.4495515e-01
   3.3029997e-01
   3.5351336e-01
   3.4716821e-01
   2.8442487e-01
   2.2594467e-01
   1.6514976e-01
   1.1727989e-01
   1.0908061e-01
   1.1218389e-01
   1.0790293e-01
   1.4616777e-01
   1.4232551e-01
   8.3689094e-02
   3.7951227e-02
   6.0087036e-02
   4.5071352e-02
   1.8319303e-02
   3.1582825e-02
   1.1953700e-02
   5.1673051e-02
   8.0635890e-02
   5.5683058e-02
   5.6758001e-02
   3.8521614e-02
   4.4253264e-02
   2.3722271e-02
  -7.0416997e-03
   4.5132738e-02
   2.9086700e-02
   7.3835112e-02
   7.2807632e-02
   6.6910237e-02
   4.8988126e-02
   4.3135799e-02
   5.7292946e-02
   1.6060848e-02
   3.5165992e-02
   8.9397646e-02
   1.4422967e-01
   1.3097338e-01
   1.3174126e-01
   8.5526943e-02
   6.3984782e-02
   4.4071130e-02
   1.0203139e-01
   1.3605620e-01
   1.6671608e-01
   1.2099849e-01
   1.0429288e-01
   5.3198822e-02
   1.5238196e-02
   1.7528843e-02
   1.1386156e-01
   1.1003290e-01
   1.1204252e-01
   1.2783822e-01
   6.9427744e-02
   2.7027518e-02
   6.8784185e-02
   1.0084465e-01
   8.3028175e-02
   9.9537849e-02
   3.9185852e-02
  -3.4963004e-02
   2.7459091e-02
   1.6377205e-01
   3.3594006e-01
   3.2136166e-01
   1.7301717e-01
   6.1358310e-02
   7.3626344e-03
   2.3986278e-02
   2.4722755e-01
   6.1299431e-01
   7.1131068e-01
   4.8702693e-01
   3.0645066e-01
   1.0431119e-01
   3.6476441e-02
   6.1386168e-02
   1.3438964e-01
   2.0984475e-01
   1.7997588e-01
   1.4700770e-01
   9.9449217e-02
   6.2766358e-02
   9.3691804e-02
   1.0234489e-01
   1.1961149e-01
   9.4534434e-02
   8.0456316e-02
   4.6395656e-02
   4.5999181e-02
   1.0270932e-01
   1.5350272e-01
   1.4615411e-01
   6.1683495e-02
   9.4302362e-03
   9.9782217e-03
   3.7719678e-02
   1.3924268e-01
   2.0780633e-01
   1.8215282e-01
   8.7384745e-02
   2.8460240e-02
  -1.0757939e-02
   4.2378288e-02
   2.5980863e-01
   6.2164593e-01
   7.4914891e-01
   5.3865135e-01
   2.1618417e-01
   6.4373128e-02
   2.6350018e-02
   1.2396687e-01
   2.7962852e-01
   3.4676433e-01
   1.9580980e-01
   1.3489436e-01
   9.7864777e-02
   9.3264304e-02
   1.3659185e-01
   1.5329412e-01
   1.8286957e-01
   6.7179933e-02
   7.7776508e-03
   2.1189783e-02
   8.7138928e-02
   5.8159921e-02
   5.8534030e-02
   3.7049208e-02
   4.6134023e-03
   1.7403889e-02
   6.2566213e-02
   6.5044373e-02
   4.4385374e-02
   2.6383435e-02
   5.9425168e-02
   3.7343949e-02
   7.5092591e-02
   5.8655716e-02
   5.2935410e-02
   3.2904134e-03
   1.1117282e-02
   5.1370077e-02
   2.6618766e-02
   9.2204265e-02
   1.1412692e-01
   1.2758490e-01
   9.7597748e-02
   7.2567113e-02
   4.1727286e-02
   4.8670694e-02
   1.0513246e-01
   1.5424579e-01
   2.6032090e-01
   1.6698438e-01
   8.8912643e-02
   8.4827550e-02
   8.3824813e-02
   2.6515966e-02
   3.7777536e-02
   3.0678544e-02
   2.7876914e-02
   4.4826049e-02
   2.5178725e-02
  -1.0937329e-04
   3.4946576e-02
   7.1379073e-02
   4.6229508e-02
   1.1080939e-01
   1.0175730e-01
   7.0751451e-02
   8.1240915e-02
   3.0277047e-02
   4.9122188e-02
   4.8505656e-02
   6.1461225e-02
   6.7986995e-02
   5.9771396e-02
   6.0381681e-02
   1.2464624e-01
   1.2392656e-01
   8.1067808e-02
   3.5598550e-02
   5.3873032e-02
   3.9630376e-02
   5.1195621e-02
   1.2012080e-01
   2.9014415e-01
   3.2635051e-01
   2.0701593e-01
   1.5124111e-01
   1.2075035e-01
   1.2428820e-01
   1.3327943e-01
   1.3836715e-01
   1.1669962e-01
   1.0656241e-01
   9.0071663e-02
   9.2768721e-02
   1.3316178e-01
   2.0052823e-01
   1.9468375e-01
   1.4474714e-01
   7.2843559e-02
   9.9647664e-02
   1.9024065e-01
   2.7152640e-01
   1.8241996e-01
   3.6630727e-02
  -2.3002563e-02
   2.4057046e-02
   1.1917206e-01
   2.0392852e-01
   2.4270546e-01
   2.3789850e-01
   1.5686387e-01
   3.4023155e-02
   3.5339896e-02
   2.2786584e-01
   4.7678396e-01
   5.7927507e-01
   4.9921873e-01
   3.0329192e-01
   1.0215425e-01
   6.6670142e-02
   2.8252110e-01
   5.5411309e-01
   5.9286529e-01
   5.7606548e-01
   4.9731097e-01
   3.6423370e-01
   3.1698033e-01
   6.5619648e-01
   1.1019051e+00
   1.1202356e+00
   7.6519120e-01
   4.0268677e-01
   8.9179128e-02
   2.3660386e-01
   9.5118845e-01
   1.4766482e+00
   1.3385522e+00
   7.5580567e-01
   2.7298734e-01
  -2.6253821e-02
   2.9046860e-01
   1.7559384e+00
   3.5943742e+00
   3.7651763e+00
   2.5014346e+00
   1.1462924e+00
   2.8882408e-01
   3.3705330e-01
   1.2595234e+00
   2.1630368e+00
   1.9370252e+00
   1.2508545e+00
   7.7398568e-01
   4.5534235e-01
   5.1978272e-01
   1.1013999e+00
   1.4207292e+00
   1.1418403e+00
   6.1453384e-01
   2.8498983e-01
   2.3487404e-01
   4.5622936e-01
   9.1965312e-01
   1.0158615e+00
   6.9176674e-01
   3.5244372e-01
   2.1834871e-01
   2.2469309e-01
   1.4164887e-01
   1.0899830e-01
   1.0090720e-01
   1.1038248e-01
   1.0993832e-01
   1.3105251e-01
   1.8227805e-01
   1.9241399e-01
   1.8038504e-01
   1.3586596e-01
   4.8631806e-02
   4.3222360e-02
   5.5739038e-02
   4.2548694e-02
   5.1101375e-02
   4.4472933e-02
   6.0702708e-02
   3.6894299e-02
   7.0498675e-02
   5.0448533e-02
   3.8480502e-02
   6.9468245e-02
   5.4062821e-02
   3.0435240e-02
   2.6219191e-03
   2.7414702e-03
   1.0658967e-01
   1.7020835e-01
   2.6422766e-01
   2.0396392e-01
   7.8025244e-02
   1.3123922e-02
   6.7142703e-02
   1.5104736e-01
   2.7338466e-01
   4.1798618e-01
   3.5149646e-01
   2.2548145e-01
   1.6599561e-01
   2.1637298e-01
   2.6225200e-01
   2.7309650e-01
   1.8988289e-01
   1.2976697e-01
   5.5047318e-02
   1.5150888e-01
   3.9597934e-01
   4.3191743e-01
   3.6659920e-01
   1.2573503e-01
  -1.4619683e-02
  -4.0120049e-03
   2.7398327e-01
   1.0384469e+00
   1.4818903e+00
   1.1582825e+00
   5.3917873e-01
   1.4720739e-01
   4.6043336e-02
   2.4570371e-01
   5.6186557e-01
   6.4758587e-01
   5.1164728e-01
   2.9004142e-01
   1.4760861e-01
   1.0685670e-01
   2.4374549e-01
   4.6159315e-01
   4.1070300e-01
   2.7258316e-01
   1.5999290e-01
   1.3812783e-01
   1.1139362e-01
   2.4185002e-01
   3.6289340e-01
   3.0260342e-01
   1.3089220e-01
   9.5574632e-02
   5.7585046e-02
   1.1864348e-01
   9.1357246e-02
   7.6376818e-02
   7.3653698e-02
   4.3475799e-02
   4.3291327e-02
   8.4174342e-02
   1.6606417e-01
   2.2851308e-01
   1.7921342e-01
   8.5682325e-02
   7.1365461e-02
   8.9690171e-02
   3.6419414e-02
   9.7350031e-03
   2.1548131e-03
   6.4497650e-02
   7.8172319e-02
   6.3341133e-02
   4.1529555e-02
   8.0122441e-02
   7.2140969e-02
   3.6541879e-02
   4.8005607e-02
   1.4534287e-02
   3.8289301e-02
   9.2570797e-02
   8.9836165e-02
   6.4819522e-02
   1.7757645e-02
   1.8454032e-02
  -1.5462420e-03
   1.7122587e-02
   9.4022699e-02
   1.4268678e-01
   1.7616761e-01
   2.3349562e-01
   2.1104428e-01
   1.4911436e-01
   1.3345905e-01
   1.2469553e-01
   1.3589302e-01
   2.0637934e-01
   3.8841420e-01
   6.0608661e-01
   6.6525495e-01
   4.8900494e-01
   3.1480652e-01
   1.7865267e-01
   1.5690081e-01
   1.9766884e-01
   3.2014170e-01
   5.1800698e-01
   7.4098855e-01
   8.0462819e-01
   5.2305323e-01
   1.9913019e-01
   1.3766316e-02
   2.2656495e-02
   1.6918175e-01
   3.0756193e-01
   3.2665321e-01
   2.8779557e-01
   1.4493597e-01
   4.7606663e-03
   5.1976945e-02
   1.1935922e-01
   1.7094949e-01
   1.1082665e-01
   8.0070935e-02
   3.9477937e-02
   6.4815551e-02
   1.0962864e-01
   1.5678449e-01
   1.8467157e-01
   1.5688954e-01
   8.5212454e-02
   5.3304892e-02
   5.7904541e-02
   5.6519579e-02
   8.5518949e-02
   9.9102184e-02
   6.9664016e-02
   2.3341894e-02
   1.1895761e-02
   6.8322435e-02
   8.0788307e-02
   7.0649408e-02
   4.7068886e-02
   3.6314182e-02
   1.2687271e-02
   5.3505395e-02
   1.0720908e-02
   2.6366785e-02
   5.9917480e-02
   4.9540009e-02
   4.4206031e-02
   3.9390262e-02
   3.8094945e-02
   4.8998348e-02
   7.1207263e-02
   4.9999192e-02
   2.8558701e-02
   2.5462763e-02
   3.1072449e-02
   4.0356126e-02
   6.0956817e-02
   4.5604907e-02
   7.7601798e-02
   5.7253156e-02
   2.5584428e-02
   8.0219628e-03
   3.2119364e-02
   3.7864998e-02
   4.9515214e-02
   3.0725416e-02
   2.8381327e-02
   3.6080439e-02
   3.2068111e-02
   5.6321368e-02
   4.3924924e-02
   6.1004862e-02
   1.1709678e-01
   1.4352506e-01
   1.0546371e-01
   5.9330344e-02
   5.0881907e-02
   6.3114134e-03
   6.7352215e-03
   5.2517034e-02
   1.6418536e-01
   2.9929245e-01
   3.2146919e-01
   1.8351047e-01
   6.3192137e-02
  -1.7112861e-03
   1.7387103e-02
   6.2494650e-02
   1.3290916e-01
   1.3510494e-01
   1.0259305e-01
   4.1441694e-02
   3.2018721e-02
   4.4624314e-02
   7.4280620e-02
   8.5130900e-02
   3.8096853e-02
   4.6212330e-02
   5.8075219e-02
   3.7722282e-02
   5.0294358e-02
   6.5466389e-02
   5.3695548e-02
   3.9886635e-02
   1.7167781e-02
   4.0591098e-02
   2.3863282e-02
   5.3698406e-02
   4.9774390e-02
   2.7018970e-02
   3.7108403e-02
   3.0894527e-02
   5.2572008e-02
   3.9908081e-02
   2.3440581e-02
   4.5202628e-02
   5.0676323e-02
   4.8334070e-02
   4.8254724e-03
   1.1249562e-02
   2.0020789e-02
   2.6755173e-02
   5.8056574e-02
   2.9209258e-02
   5.9603456e-02
   5.5940762e-02
   5.9132788e-02
   4.3379851e-02
   3.8357463e-02
   4.6373885e-02
   3.5594270e-02
   5.4686259e-02
   3.4717686e-02
   4.4495407e-02
   4.0790305e-02
   3.7232533e-02
   4.2352263e-02
   3.7212089e-02
   2.5759900e-02
   2.9363293e-02
   6.4065628e-02
   5.6064889e-02
   1.1994628e-02
   5.9089200e-03
   2.0545583e-02
   3.8795974e-02
   3.4250986e-02
   1.4229784e-02
   2.7882524e-02
   6.9082357e-02
   6.6429183e-02
   5.9739199e-02
   4.5452770e-02
   3.6362704e-02
   4.0477961e-02
   3.7477404e-02
   5.5102281e-02
   6.8359941e-02
   9.1867380e-02
   1.0124256e-01
   9.5342308e-02
   2.4240194e-02
   1.7362431e-02
   2.5695441e-02
   2.7004363e-02
   5.2822459e-02
   6.5245986e-02
   4.1378446e-02
   4.8146475e-02
   2.7525447e-02
   3.5936348e-02
   4.9966455e-02
   5.0683174e-02
   4.0643468e-02
   1.9359862e-02
   2.5395054e-02
   3.7641186e-02
   1.6687678e-02
   4.6058580e-02
   3.6804616e-02
   2.8035821e-02
   4.1362427e-02
   3.2156844e-02
   9.7393247e-05
   6.5191397e-03
   3.6459446e-02
   3.1647597e-02
   4.5349426e-03
   2.5497789e-02
   3.4255575e-02
   5.4030463e-02
   2.9652998e-02
   3.3451330e-02
   4.3012056e-02
   5.4915093e-02
   8.1044370e-03
   2.6884504e-02
   4.0609833e-02
   3.7385684e-02
   1.9427564e-02
   2.5030639e-02
   1.8365258e-02
   1.5294809e-02
   1.0194072e-02
   7.0091416e-03
   1.2305498e-02
   3.7452755e-03
   3.5077126e-03
   4.7038561e-03
   3.4846833e-03
   9.3784593e-03
   8.1911692e-03
   1.8548533e-02
   2.6386397e-02
   3.1488460e-02
   1.3873677e-02
   1.6708266e-02
   2.7542083e-02
   2.9507251e-02
   2.8520191e-02
   5.9288453e-02
   6.0325757e-02
   4.8925895e-02
   1.9407611e-02
   3.3608031e-02
   1.9191243e-02
   3.8980722e-02
   3.3496726e-02
   4.1914932e-02
   3.7937842e-02
   3.5637587e-02
   2.2748962e-02
   2.1844206e-02
   2.3227636e-02
   2.8582467e-02
   2.5976144e-02
   3.6492761e-02
   4.5183022e-02
   4.4653535e-02
   7.5884042e-03
   3.4824070e-02
   2.9374680e-02
   4.2440888e-02
   2.1697912e-02
   7.6415059e-03
   3.3028293e-02
   2.2684647e-02
   1.9996960e-02
   3.4582864e-02
   2.9837869e-02
   2.1150675e-02
   3.1739902e-02
   2.7673133e-02
   3.0311419e-02
   4.2053971e-02
   4.0502135e-02
   2.7229493e-02
   2.7084054e-02
   3.8257660e-03
   3.3962015e-02
   1.5269019e-02
  -7.4679903e-03
   8.0937464e-03
   9.6249506e-03
   1.8297909e-02
   3.4046467e-02
   3.7253764e-02
   1.0169938e-02
   3.1193921e-02
   3.6234312e-02
   2.9762728e-02
   2.8748794e-02
   2.8158488e-02
   4.6119913e-02
   3.1485874e-02
   1.1631806e-02
   5.1280675e-03
   2.6938550e-02
   1.5138298e-02
   1.4172763e-02
   2.3930518e-02
   1.5282175e-02
   1.2522024e-02
   1.1132549e-02
   1.3028120e-02
   2.1176750e-02
   2.4280647e-02
   4.0306881e-02
   2.8961876e-02
   1.9962132e-02
   3.7769686e-02
   2.2801995e-02
   2.7176954e-02
   3.9197009e-02
   4.6365883e-02
   1.3017343e-02
   1.0146788e-02
   3.8973417e-03
   2.4838326e-02
   3.1006958e-02
   1.7389210e-02
   4.1379910e-02
   2.9271878e-02
   1.8768039e-02
   4.1101601e-02
   3.2296780e-02
   2.9737001e-02
   2.5479795e-02
  -9.2316582e-04
   8.9702867e-03
   3.8518265e-02
   7.1053043e-02
   8.0584280e-02
   6.0279693e-02
   1.6876355e-02
   2.3046261e-02
   5.7891488e-02
   1.0293754e-01
   1.6396743e-01
   1.6473277e-01
   9.4924212e-02
   3.8866628e-02
   5.7914760e-04
   2.6636869e-02
   4.9248338e-02
   9.1202319e-02
   8.6259969e-02
   7.6566480e-02
   4.1340906e-02
   4.2108703e-02
   2.7385358e-02
   3.0484170e-02
   4.2775765e-02
   2.1652415e-02
   3.5673149e-02
   5.3391755e-02
   5.6873877e-02
   3.9116591e-02
  -4.4883881e-03
  -1.1479983e-02
   4.7992371e-02
   8.5918814e-02
   1.2591776e-01
   1.1625973e-01
   4.1880511e-02
   2.2172950e-02
  -6.2378455e-04
   1.9470047e-02
   4.5042992e-02
   6.4314738e-02
   6.1150286e-02
   4.3808125e-02
   4.0239863e-02
   4.0281180e-02
   4.1018382e-02
   3.3617083e-02
   2.8686626e-02
   2.2643154e-02
   2.0736232e-02
   2.8788868e-02
   3.7378632e-02
   6.4869434e-02
   5.3956568e-02
   6.5758243e-02
   5.4016978e-02
   9.9668643e-03
   1.1570483e-02
   3.1652339e-02
   9.9752285e-02
   1.7239542e-01
   2.1059398e-01
   1.8557328e-01
   1.2155534e-01
   1.1753017e-01
   1.0896761e-01
   1.1747321e-01
   1.0456306e-01
   8.0789410e-02
   1.1513911e-01
   2.8304797e-01
   5.5452192e-01
   5.3056443e-01
   3.0316710e-01
   8.4111653e-02
   7.3594563e-03
   1.8963709e-01
   1.1072192e+00
   2.3909981e+00
   2.4854045e+00
   1.5211295e+00
   5.5828404e-01
   1.5178928e-01
   3.1532598e-01
   9.6208006e-01
   1.1927491e+00
   1.0269359e+00
   7.8002477e-01
   5.3104889e-01
   2.7098426e-01
   1.4425667e-01
   7.6062940e-02
   7.2900981e-02
   1.9471958e-01
   2.5216779e-01
   2.9968444e-01
   2.6722574e-01
   1.5091822e-01
   7.8032590e-02
   3.6465269e-02
   4.1116878e-02
   5.9292220e-02
   1.0492643e-01
   8.4298402e-02
   4.9703065e-02
   3.7938911e-02
   3.4191377e-02
   3.7462499e-02
   2.6232488e-02
   4.8566435e-02
   5.7098318e-02
   7.6730490e-02
   4.7247402e-02
   4.6554357e-02
   2.7452487e-02
   1.3284550e-02
   3.5573035e-02
   3.7644152e-02
   2.9827332e-02
   4.2313837e-02
   4.8281960e-02
   1.0265379e-02
   1.6227731e-02
   2.3771899e-02
   2.3273811e-02
   1.2214213e-02
   8.2872733e-03
   1.6410278e-02
   4.4099409e-02
   5.0389700e-02
   4.5762315e-02
   3.8238134e-02
   2.2367185e-02
   2.8796745e-03
   6.8127312e-02
   1.0496689e-01
   1.0662509e-01
   7.4700594e-02
   5.9763629e-02
   4.3457814e-02
   5.4472212e-02
   3.3068635e-02
   6.6849455e-02
   4.7970619e-02
   8.4401928e-02
   1.4114824e-01
   1.5261902e-01
   1.2655246e-01
   4.9332872e-02
   2.7863219e-02
   4.0584847e-02
   2.4512136e-01
   5.2943647e-01
   6.0162216e-01
   3.8875568e-01
   1.6820911e-01
   6.0408872e-02
   5.5344388e-02
   1.6232201e-01
   2.9558644e-01
   2.9860318e-01
   1.9247366e-01
   1.4696899e-01
   8.4196970e-02
   4.3667577e-02
   6.8944176e-03
   8.8387318e-03
   4.1583557e-02
   3.7739627e-02
   5.3063370e-02
   7.3608421e-02
   3.4822773e-02
   1.8005090e-02
   1.9246750e-02
   3.5913821e-02
   3.5004027e-02
   3.5996061e-02
   3.2389510e-02
   4.3345083e-02
   3.0770920e-02
   1.2836485e-02
   2.5241544e-02
   3.0902237e-02
   1.6969839e-02
   1.4887950e-02
   2.6947018e-02
   2.5675908e-02
   2.5378466e-02
   2.6666781e-02
   6.5661902e-03
   1.1310518e-02
   2.2240816e-02
   5.0683599e-02
   3.3024538e-02
   2.9933097e-02
   2.6728868e-02
   2.2540672e-02
   1.6661286e-02
   1.5192721e-02
  -2.7616107e-04
   4.0755995e-02
   7.4630089e-02
   5.2136920e-02
   2.8903726e-02
   2.4293425e-02
   2.4948383e-02
   3.8382228e-02
   1.9103935e-02
   4.2824805e-02
   4.4261348e-02
   3.5879761e-02
   1.6206358e-02
   2.7734688e-02
   3.5412129e-02
   1.8158531e-02
   6.6114417e-03
   1.9208752e-02
  -3.8804340e-03
   2.6890719e-02
   6.4361043e-02
   5.6529902e-02
   2.8739305e-02
   2.1481378e-02
   1.6952492e-02
   4.5089610e-02
   1.6180399e-01
   2.4253251e-01
   1.8795687e-01
   1.1318976e-01
   5.6094576e-02
   1.8238485e-02
   6.9629326e-02
   1.4633809e-01
   1.3370340e-01
   6.6295616e-02
   4.9097974e-02
   4.9174331e-02
   3.9250106e-02
   3.7337329e-02
   2.3058116e-02
   4.4500925e-02
   4.0242765e-02
   3.7564907e-02
   1.9245859e-02
   7.8244284e-03
   3.6252461e-02
   3.2605976e-02
   2.1716619e-02
   1.2848521e-02
   4.8458357e-03
   3.2363486e-02
   3.1263322e-02
   4.1284449e-02
   3.0507240e-02
   5.6728125e-03
  -8.0897403e-04
   1.4508502e-02
   3.6104053e-02
   3.7999503e-02
   4.0332548e-02
   1.0330504e-02
   2.3344118e-02
   1.9132951e-02
   1.2628027e-02
   3.3603411e-02
   3.1483103e-02
   4.0390115e-02
   3.7053861e-02
   3.5684481e-02
   3.5922185e-02
   9.8063722e-03
   1.8384729e-02
   1.8325247e-02
   2.0554118e-02
   1.7277241e-02
   4.9193848e-02
   2.3723910e-02
   1.3099150e-02
   9.3417270e-03
   1.8787419e-02
   3.5217963e-02
   5.0690968e-02
   3.6237717e-02
   4.2597245e-02
   2.1584030e-02
   3.1576104e-02
   3.7656438e-02
   2.6233666e-02
   2.4147272e-02
   2.5193918e-02
   2.2693364e-02
   2.5791854e-02
   2.1069786e-02
   3.5723701e-02
   3.4431648e-02
   2.3786349e-02
   1.3676649e-02
   1.6964618e-02
   5.2567631e-02
   5.1845077e-02
   4.9967997e-02
   2.8919024e-02
   1.5857426e-02
   2.1062210e-02
   2.6607828e-02
   6.1249264e-02
   3.8169932e-02
   4.1269239e-02
   4.6706729e-02
   1.8946979e-02
   2.3238311e-02
   2.9526208e-02
   1.4720355e-02
   2.6775958e-02
   2.2086821e-02
   2.5994211e-02
   3.0840732e-02
   2.8867314e-02
   3.0574154e-02
   4.2694110e-02
   2.9174009e-02
   1.5289262e-02
   1.1407570e-02
  -1.1143262e-03
   1.7810460e-02
   2.2256756e-02
   3.8949940e-02
   3.7770029e-02
   1.5571580e-02
   2.6933180e-02
   4.9665537e-02
   3.6672786e-02
   1.7040092e-02
   2.7696485e-02
   2.7700823e-02
   2.6989525e-02
   2.5610242e-02
   1.6849948e-02
   1.8975459e-02
   1.5025854e-02
   2.4853479e-02
   3.7503257e-02
   4.3377433e-02
   2.6473777e-02
   2.7672532e-03
   1.3996677e-02
   4.8573457e-02
   4.5749191e-02
   3.9618474e-02
   6.4644828e-02
   4.5769267e-02
   3.1697411e-02
   2.4578037e-02
   2.7414896e-02
   4.9469955e-02
   2.3212327e-02
   1.1277600e-02
   1.0564476e-02
   1.7477755e-02
   1.8559836e-02
   2.0206394e-02
   2.0255024e-02
   2.8354274e-02
   2.3089657e-02
