   1.9997386e-02
   2.9268349e-03
   6.8088248e-03
  -3.5847197e-03
   2.6361858e-02
   2.6540436e-02
   2.6111932e-02
   2.6230318e-02
   2.1676494e-02
   2.4204887e-02
   1.7253155e-02
   2.4988988e-02
   2.0024026e-02
   2.1785939e-02
   1.8106312e-02
   1.3444765e-02
   3.0992169e-02
   3.5459675e-02
   3.6373891e-02
   3.8444638e-02
   1.6847888e-02
   1.2251490e-02
   9.8542087e-03
   1.3498565e-02
   1.9853253e-02
   3.5359696e-02
   2.4248438e-02
   3.5976455e-02
   4.5103103e-02
   2.6836473e-02
   2.4199503e-02
   4.4560198e-02
   2.7951036e-02
   1.5219431e-02
   2.6985841e-02
   3.8688257e-02
   3.4868188e-02
   3.4187689e-02
   3.2589138e-02
   4.0802751e-02
   2.2894207e-02
   2.4321003e-02
   2.2278061e-02
   2.7147073e-02
   1.2228848e-02
   3.3189099e-02
   2.1184932e-02
   7.8729829e-03
   2.2384975e-02
   3.7518635e-02
   3.7145901e-02
   2.2081878e-02
   1.4542636e-02
   3.0542148e-02
   2.6439348e-02
   3.2634005e-02
   2.2976322e-02
   1.1594592e-02
   1.8583379e-03
   1.8443914e-02
   1.3477608e-02
   1.9701337e-02
   2.4812208e-02
   2.1003118e-02
   1.7000191e-02
   1.6562417e-02
   2.3961235e-02
   2.6648590e-02
   1.6009700e-02
   1.7377956e-02
   1.2304315e-02
   2.2483790e-02
   2.6144601e-02
   1.9063571e-02
   2.4171406e-02
   3.2822773e-02
   2.5650216e-02
   2.2792706e-02
   2.8287243e-02
   3.1704169e-02
   2.8557923e-02
   2.7675800e-02
   3.2830667e-02
   2.8079065e-02
   3.7348326e-02
   1.2428680e-02
   2.3362435e-02
   2.3400856e-02
   2.9326146e-02
   2.6079981e-02
   1.1658597e-02
   7.4327840e-03
   2.4988843e-02
   3.4694176e-02
   2.7460543e-02
   1.5148929e-02
   3.5015471e-02
   5.0921712e-02
   3.8962990e-02
   2.5529670e-02
   2.7985740e-02
   2.7793989e-02
   1.9636363e-02
   7.5369384e-03
   1.6703134e-02
   1.8472951e-02
   2.8482743e-02
   5.7824504e-02
   4.5738108e-02
   3.2786135e-02
   2.9836612e-02
   2.3549752e-02
   4.1330975e-02
   8.2454465e-02
   9.7689807e-02
   6.5092422e-02
   4.3722890e-02
   3.4302507e-02
   3.1463426e-02
   2.9594094e-02
   3.7688941e-02
   3.1579256e-02
   1.2707263e-02
   5.2305553e-03
   1.8022647e-02
   2.2333646e-02
   9.0495264e-03
   1.6951684e-02
   3.8779706e-02
   5.0402187e-02
   3.5145212e-02
   2.6541471e-02
   2.6241522e-02
   1.9645233e-02
   3.5575400e-03
   1.6649017e-02
   2.1945953e-02
   3.5387106e-02
   4.1652154e-02
   3.2720640e-02
   3.4123939e-02
   3.9315633e-02
   1.4798391e-02
  -3.8669214e-03
   7.2347140e-03
   2.8814757e-02
   3.0825872e-02
   2.6407761e-02
   2.4296422e-02
   3.4561995e-02
   3.9974216e-02
   3.8305588e-02
   1.6509816e-02
   2.1039546e-03
   1.4479115e-02
   2.6948368e-02
   2.6873805e-02
   3.0140402e-02
   3.4731563e-02
   4.1453023e-02
   3.4645066e-02
   2.9983688e-02
   2.6846284e-02
   1.4444058e-02
   2.6102079e-02
   2.4857374e-02
   3.1188808e-02
   4.7036368e-02
   4.3366246e-02
   2.3669764e-02
   2.1941489e-02
   3.0778019e-02
   3.5569936e-02
   1.9518012e-02
  -1.8499178e-03
   1.6377982e-02
   1.0498356e-02
   1.9264087e-02
   2.1880679e-02
   3.7342537e-02
   3.2044422e-02
   1.9153705e-02
   3.1287212e-02
   2.2411464e-02
   1.1395333e-02
   1.9418454e-02
   1.7488491e-02
   3.3602234e-02
   3.5725765e-02
   3.8825605e-02
   2.7273843e-02
   1.8574193e-02
   1.5626248e-02
   2.0836189e-02
   1.6386552e-02
   2.4615701e-02
   1.7948899e-02
   1.6350651e-02
   3.8898353e-02
   3.9139133e-02
   3.5642799e-02
   8.0687543e-03
   1.7101197e-02
   2.7574969e-02
   1.9357136e-02
   3.0910159e-02
   3.2114897e-02
   2.6301362e-02
   4.4119325e-02
   3.0939804e-02
   3.4227375e-02
   3.3794578e-02
   1.5657561e-02
   2.2210244e-02
   2.7937975e-02
   2.8993038e-02
   3.5703797e-02
  -1.0844762e-02
   3.2990463e-02
   2.9851940e-02
   4.2828348e-02
   4.0636830e-02
   4.4005155e-03
   2.5633954e-02
   5.0948348e-02
   7.3781393e-02
   5.9598438e-02
   3.8179830e-02
   4.2883374e-02
   4.2195510e-02
   5.2193943e-02
   6.2370174e-02
   3.3998806e-02
   1.6420515e-02
   2.2297353e-02
   4.4002928e-02
   4.5855880e-02
   3.7684105e-02
   4.6498973e-02
   2.8312864e-02
   6.7475043e-02
   1.0429303e-01
   5.5149700e-02
   2.9645100e-02
   1.5782678e-02
   3.9089046e-02
   6.0592063e-02
   5.4056175e-02
   5.6235772e-02
   2.9830320e-02
   4.2988215e-02
   3.8654234e-02
   2.3741227e-02
   2.6400937e-02
   3.4029178e-02
   2.5486106e-02
   3.6796723e-02
   3.7059899e-02
   3.8465034e-02
   4.4996548e-02
   1.5533619e-02
   1.3087008e-02
   1.8051840e-02
   4.3358311e-02
   3.7266832e-02
   5.6019346e-03
   1.7762486e-02
   2.5213089e-02
   4.9354069e-02
   2.0696465e-02
   1.6024599e-02
   2.9424302e-02
   2.9713787e-02
   2.8595714e-02
   2.7721493e-02
   2.5221087e-02
   1.4239158e-02
   1.1171278e-02
   2.4163956e-02
   3.5868108e-02
   2.9544322e-02
   1.2430496e-02
   2.3714967e-02
   2.8736405e-02
   2.1520616e-02
   3.2871306e-02
   2.4796691e-02
   2.2012185e-02
   1.1163581e-02
   3.3165544e-02
   4.9089275e-02
   2.9663198e-02
   2.8917186e-02
   1.9707346e-02
   3.0048234e-02
   5.2986320e-02
   5.0487746e-02
   6.0089987e-02
   5.9017539e-02
   3.1644583e-02
   3.0581720e-02
   5.0826997e-02
   4.1358683e-02
   1.5110794e-02
   2.7760541e-02
   4.4498805e-02
   6.4883731e-02
   6.5438628e-02
   3.5029005e-02
   3.9787278e-02
   2.3932070e-02
   2.9879533e-02
   2.9693786e-02
   2.6273903e-02
   3.8272765e-02
   3.6400739e-02
   2.3973040e-02
   2.1381438e-02
   2.4269082e-02
   1.3946353e-02
   1.3434177e-02
   3.6673959e-02
   4.4040132e-02
   1.1389291e-02
   2.9991986e-02
   3.3661317e-02
   2.9002918e-02
   3.0438399e-02
   3.6717240e-02
   2.8283266e-02
   4.8770573e-02
   2.8986437e-02
   2.7419707e-02
   1.9967543e-02
   1.7578319e-02
   1.8604651e-02
   4.5527127e-02
   4.4682704e-02
   1.2863904e-02
   1.8911457e-02
   2.8025864e-02
   1.7849175e-02
   3.1801786e-02
   2.8393634e-02
   1.9336555e-02
   3.0568074e-02
   4.1409511e-02
   4.0249262e-02
   2.7273118e-02
   9.9562844e-03
   2.1760136e-02
   2.0985864e-02
   2.9631713e-02
   1.7894134e-02
   2.5546592e-02
   2.1297675e-02
   1.8744707e-02
   5.2147523e-02
   5.3726185e-02
   4.1206744e-02
   2.4279512e-02
   3.0772878e-02
   2.7702704e-02
   4.8782166e-02
   2.9178565e-02
   1.3014189e-02
   2.2829797e-02
   2.6282156e-02
   1.8245112e-02
   9.3779648e-03
   2.1426810e-02
   3.0973705e-02
   1.7614501e-02
   3.7431080e-02
   3.2242581e-02
   3.0946424e-02
   1.9812070e-02
   4.9476951e-02
   4.2608306e-02
   1.9139124e-02
   1.7916262e-02
   2.3002485e-02
   2.8548742e-02
   3.1407971e-02
   2.4130370e-02
   2.2199251e-02
   1.2286006e-02
   4.1173934e-03
   1.2677059e-02
   2.2844464e-02
   2.6008900e-02
   3.7919357e-02
   4.6825580e-02
   3.7722558e-02
   2.2151234e-02
   3.2944746e-02
   3.1304549e-02
   1.2440958e-02
   1.7877761e-02
   1.4953902e-02
   5.0597340e-03
   3.4120329e-02
   7.3009282e-02
   4.7681663e-02
   2.0151958e-02
   2.0054402e-02
   1.1456412e-02
   9.9004488e-03
   1.2698830e-02
   2.1434261e-02
   3.6269225e-02
   3.4308158e-02
   3.9655663e-02
   4.7188517e-02
   5.8789197e-02
   1.1192483e-01
   1.1165540e-01
   3.6251616e-02
   2.5608560e-02
   1.6708108e-02
   3.2051358e-02
   2.8892897e-02
   2.5312701e-02
   2.2775790e-02
   2.3831990e-02
   2.2488810e-02
   1.5887344e-02
   2.7709655e-02
   2.7185192e-02
   3.4442026e-02
   2.9877853e-02
   3.7506543e-02
   4.0327132e-02
   4.1124005e-02
   2.4454502e-02
   2.8971478e-02
   3.5591099e-02
   3.2178082e-02
   4.5106430e-02
   3.5892587e-02
   2.9417556e-02
   2.7043410e-02
   1.8856868e-02
  -4.4598286e-03
   1.2896367e-02
   2.3724457e-02
   2.6691532e-02
   3.9520036e-02
   2.6202399e-02
   5.0781327e-03
   1.2766034e-02
   2.3421317e-02
   1.3371745e-02
   3.9292529e-02
   3.7415408e-02
   1.9565569e-02
   6.6740187e-03
   1.7523171e-02
   1.5100790e-02
   2.2905096e-02
   2.3386871e-02
   9.5524248e-03
   1.0528986e-02
   2.2534188e-02
   5.2232802e-02
   3.9199401e-02
   3.6406316e-02
   2.5125550e-02
   3.2602351e-02
   2.7439518e-02
   1.7031947e-02
   4.0667478e-02
   5.2744035e-02
   5.3804092e-02
   3.7201591e-02
   1.8822506e-02
   2.9525070e-02
   4.3817077e-02
   4.0488727e-02
   1.9231986e-02
   1.4406771e-03
   2.7488528e-03
   1.5251855e-02
   4.0826239e-02
   3.1263087e-02
   3.1631548e-02
   3.7690844e-02
   2.1426007e-02
   1.6408645e-02
   2.7595377e-02
   6.1937585e-02
   2.6606599e-02
   3.4456406e-02
   3.4740180e-02
   4.2105887e-02
   5.1967539e-02
   6.0688511e-02
   5.1942792e-02
   1.9506698e-02
   2.1150779e-02
   3.5448786e-02
   3.4634437e-02
   3.8575493e-02
   4.7536492e-02
   3.0062443e-02
   2.8030671e-02
   2.9015882e-02
   2.5127806e-02
   8.6327372e-03
   3.2637611e-02
   2.0506361e-02
   6.6076820e-03
   2.9533442e-02
   3.2277107e-02
   2.5441991e-02
   2.6261505e-02
   5.4904460e-03
  -4.1284761e-03
   2.6400376e-02
   3.2038417e-02
   2.2811882e-02
   4.3108491e-03
   2.4913929e-02
   2.4352215e-02
   1.9374643e-02
   2.3898534e-02
   1.6848980e-02
   2.4107732e-02
   1.9823182e-02
   1.4713110e-02
   2.1721121e-02
   2.4489315e-02
   3.1801425e-02
   2.5080426e-02
   1.0480316e-02
   5.2623488e-03
   2.2012496e-02
   8.6064756e-02
   1.6297546e-01
   9.9998094e-02
   6.3654535e-02
   3.5843279e-02
   2.7049620e-02
   2.3196520e-02
   2.6793355e-02
   3.7993032e-02
   2.8620066e-02
   3.2168567e-02
   1.7176492e-02
   2.6673857e-02
   2.1544475e-02
   2.4844162e-02
   2.4019903e-02
   3.0959919e-02
   1.4949891e-02
   4.4410985e-02
   4.5192707e-02
   3.5879046e-02
   2.5949845e-02
   4.9895894e-02
   9.4804958e-02
   1.4311211e-01
   7.2204694e-02
   4.6606433e-02
   3.5116553e-02
   1.6132757e-02
   5.8996673e-03
   4.0924653e-02
   7.2257899e-02
   7.9223804e-02
   2.6462017e-02
   1.8145343e-03
  -9.5112453e-04
   2.1584753e-03
   3.4411114e-02
   5.7001699e-02
   2.1558337e-02
   1.5283411e-02
   1.3904923e-02
   2.9483123e-03
  -5.9912722e-03
   1.0942556e-03
   2.9504687e-02
   3.8829267e-02
   3.5428386e-02
   2.8185153e-02
   9.1667194e-03
   6.1281182e-02
   1.7275713e-01
   2.1279611e-01
   1.3284832e-01
   8.9924209e-02
   9.6364975e-02
   7.4056968e-02
   3.5709731e-02
   1.4893895e-01
   6.0338652e-01
   7.8838384e-01
   4.2206669e-01
   1.4826158e-01
   1.1652498e-01
   1.3804426e+00
   4.5239158e+00
   4.2388544e+00
   1.7178409e+00
   4.0960601e-01
   1.4635736e-01
   1.0824736e-01
   2.4164230e-01
   6.3512754e-01
   6.4527655e-01
   3.0184686e-01
   9.7954467e-02
   1.5617976e-02
   9.3353763e-02
   1.6724767e-01
   2.1252117e-01
   1.7417763e-01
   9.2254460e-02
   4.7732078e-02
   6.4053841e-02
   7.3081531e-02
   8.1122890e-02
   9.4512612e-02
   1.6709502e-01
   2.6963362e-01
   1.7651592e-01
   3.3831488e-02
   9.1867596e-03
   3.1929284e-02
   3.3526476e-02
   3.0715998e-02
   4.5593180e-02
   2.8209584e-02
   4.9470149e-02
   7.4261479e-02
   5.0834436e-02
   6.1260704e-03
   1.1446234e-02
   1.0920665e-02
  -7.3143248e-03
  -4.3361010e-03
   2.3276929e-02
   4.0753137e-02
   2.1854283e-02
   2.6190137e-03
   1.7974077e-03
   5.8527611e-02
   1.4915647e-01
   1.7570983e-01
   8.1523366e-02
   4.0819015e-02
   2.0028877e-01
   3.1986502e-01
   1.7101450e-01
   7.9843447e-02
   1.2196556e-01
   2.1405664e-01
   1.6264518e-01
   8.1287630e-02
   6.3729055e-02
   2.2765705e-01
   9.7600567e-01
   1.1730641e+00
   5.3623909e-01
   1.4695445e-01
   5.7417694e-02
   1.8309539e-02
   2.9005364e-02
   1.3214116e-01
   2.1766321e-01
   1.1755116e-01
   4.3326795e-02
   8.5345181e-03
   2.9876368e-02
   5.4837961e-02
   5.3665552e-02
   6.1725415e-02
   2.2206595e-02
   2.1696931e-02
   3.2037694e-02
   4.3336499e-02
   1.9358942e-02
   3.5542324e-02
   8.1811614e-02
   9.5620878e-02
   6.1330266e-02
   3.8586255e-02
   3.0860808e-02
   5.2760199e-02
   6.3529134e-02
   2.5844499e-02
   3.5411447e-02
   3.1291433e-02
   3.5376135e-02
   5.5949118e-02
   5.4446369e-02
   2.4537891e-02
   3.4364313e-02
   9.8828105e-03
   7.3998049e-03
   5.6274369e-02
   4.8516553e-02
   4.0392902e-02
   1.2062861e-02
   5.5173323e-03
   1.5870234e-02
   6.9242969e-02
   1.1774075e-01
   7.7239603e-02
   5.6610148e-02
   6.8490952e-02
   1.2251897e-01
   1.1616848e-01
   6.8384737e-02
   9.8917149e-02
   2.9490504e-01
   2.6985261e-01
   1.3959165e-01
   7.0375912e-02
   2.6552773e-01
   1.1804204e+00
   1.6293222e+00
   8.4136868e-01
   2.5741541e-01
   7.4213855e-02
   6.5961324e-02
   1.0778534e-01
   1.8409032e-01
   2.0810685e-01
   1.3497560e-01
   6.4259648e-02
   2.4777362e-02
   1.5687410e-02
   2.7559163e-02
   5.8328699e-02
   3.4416847e-02
   2.7338913e-02
   3.1690840e-02
   1.4941602e-02
   2.4401709e-02
   2.7985491e-02
   2.5967252e-02
   3.0382758e-02
   4.1268241e-02
   3.7274912e-02
   2.0217948e-02
   2.7934154e-02
   5.6205291e-02
   6.2689058e-02
   3.8395371e-02
   1.0153105e-02
   2.0721385e-03
   3.8141448e-02
   5.4026294e-02
   3.4952421e-02
   1.2069291e-02
   3.7229016e-02
   2.5388181e-02
   3.7603024e-02
   4.7658399e-02
   5.4979656e-02
   3.7782174e-02
   4.5818840e-03
   1.1768146e-02
   3.4319721e-02
   8.0041938e-02
   8.7429762e-02
   5.3276718e-02
   1.7993890e-02
   3.1059014e-02
   6.3741453e-02
   7.3872663e-02
   4.6868224e-02
   9.1397770e-02
   1.5808646e-01
   1.1926997e-01
   3.7259892e-02
   1.7562831e-02
   1.3320024e-01
   4.1281176e-01
   4.6242860e-01
   2.1676664e-01
   5.6359060e-02
   3.1506281e-02
   3.1207910e-02
   5.0760332e-02
   8.2765907e-02
   9.3363561e-02
   5.0374761e-02
   1.7271198e-02
   3.3666126e-02
   6.4201511e-02
   4.3854941e-02
   3.3310119e-02
   3.0044666e-02
   3.6691286e-02
   1.0440806e-02
   2.8465604e-02
   1.1562013e-02
   5.5767843e-03
   2.3368631e-02
   3.9688542e-02
   3.0464765e-02
   2.0518454e-02
   2.6653651e-02
   1.9830056e-02
   6.5332050e-03
   1.1375922e-02
   2.3580240e-02
   2.0283936e-02
   3.2887347e-02
   3.8766257e-02
   3.2873664e-02
   4.3826692e-02
   2.7265022e-02
   3.4150559e-02
   3.7735075e-02
   1.9717170e-02
   2.6906816e-02
   3.5298564e-02
   1.8725505e-02
   6.4075431e-03
  -2.8494769e-03
   2.2539068e-02
   4.1381903e-02
   3.7234746e-02
   1.9828919e-02
   3.5546169e-02
   2.5123745e-02
   2.9327154e-02
   1.3559495e-02
   1.0319155e-02
   4.0213160e-02
   4.7854636e-02
   2.1718236e-02
   3.5887834e-02
   3.8145754e-02
   1.4700370e-01
   2.1370119e-01
   1.2314190e-01
   4.6522204e-02
   1.7331323e-02
   2.5412656e-02
   6.0117144e-02
   6.0358852e-02
   5.3930961e-02
   2.6269943e-02
   9.4009358e-03
   1.1097689e-02
   1.8275410e-02
   1.7713739e-02
   3.3685088e-02
   3.4824692e-02
   2.9170025e-02
   2.1348869e-02
   1.6766934e-02
   3.9178092e-02
   5.2988835e-02
   6.1461739e-02
   3.9366134e-02
   2.0067973e-02
   2.3841586e-02
   8.0364414e-02
   9.8454408e-02
   4.0999047e-02
   8.4390743e-03
   2.0647548e-02
   5.4155886e-02
   5.3382449e-02
   5.4624736e-02
   4.7901772e-02
   1.1896517e-02
   2.2395216e-02
   3.2113831e-02
   1.2898088e-02
   1.1750050e-02
   3.4307316e-02
   3.0236548e-02
   2.4745498e-02
   7.0480593e-03
   1.0275260e-02
   2.2600984e-02
   2.4561642e-02
   1.1379012e-02
   7.0527298e-03
   1.0554637e-02
   2.7501347e-02
   1.7511513e-02
   1.5131429e-02
   3.7972648e-02
   3.6996659e-02
   3.4519773e-02
   2.7264593e-02
   1.6029533e-02
   2.3894319e-02
   7.7314749e-02
   8.7631792e-02
   4.6197593e-02
   1.5116923e-02
   1.4255011e-02
   2.3478214e-02
   2.7071087e-02
   1.8961268e-02
   2.0124005e-02
   2.5843516e-02
   1.2948015e-02
   3.0578390e-02
   2.0586893e-02
   2.4904732e-02
   2.2099154e-02
   6.4807199e-03
   7.3786345e-03
   2.8243776e-02
   2.2503046e-02
   2.3061007e-02
   2.1947049e-02
   3.9902609e-02
   3.3174861e-02
   2.6327662e-02
   5.7948362e-02
   5.1401511e-02
   3.4746017e-02
   2.4155084e-02
   1.7230047e-02
   4.3624539e-02
   4.3221563e-02
   3.1954441e-02
   2.1577764e-02
   4.0560238e-02
   4.2360291e-02
   5.2186836e-02
   5.0091643e-02
   5.3019006e-02
   6.8061128e-02
   3.6711652e-02
   2.4493679e-02
   5.8774184e-02
   8.3700806e-02
   8.5479245e-02
   5.9834745e-02
   6.0569167e-02
   6.9510214e-02
   9.7667240e-02
   1.3631615e-01
   8.3741255e-02
   4.0668946e-02
   9.1408476e-02
   1.5957071e-01
   1.5208490e-01
   1.5051845e-01
   1.1263210e-01
   1.8347788e-01
   2.6063389e-01
   2.3746413e-01
   1.2497126e-01
   1.2139983e-01
   2.6259509e-01
   3.6530149e-01
   2.3906966e-01
   6.6831782e-02
   8.7250143e-02
   4.6811876e-01
   8.7896645e-01
   6.4525110e-01
   2.3503305e-01
   1.2757058e-01
   3.6630327e-01
   5.5335176e-01
   3.7853551e-01
   1.7649902e-01
   1.0875943e-01
   2.1957096e-01
   2.3903497e-01
   1.3179980e-01
   7.9002813e-02
   9.9981338e-02
   1.3439675e-01
   1.1763352e-01
   4.1056287e-02
  -1.0705044e-02
   1.0627756e-02
   2.4240023e-02
   2.0808471e-02
   1.3647229e-02
   2.3872258e-02
   2.4718015e-02
   7.5098234e-03
  -3.3001737e-03
  -1.9313939e-02
   5.8235251e-03
   1.3611147e-02
   9.3285117e-04
   2.6743043e-02
   4.9201767e-03
   1.5671236e-02
   2.2406114e-02
   2.3159539e-02
   1.9863041e-02
   2.8175823e-02
   3.1727277e-02
   5.3048544e-02
   5.2438006e-02
   3.1088250e-02
   4.3160461e-02
   6.2398814e-02
   7.8602500e-02
   6.4638838e-02
   6.1167080e-02
   5.8022704e-02
   5.8112882e-02
   6.1217379e-02
   4.5584172e-02
   7.3167950e-02
   8.9870378e-02
   6.9409505e-02
   4.3510750e-02
   3.7764609e-02
   1.3495283e-01
   3.1155503e-01
   2.7098486e-01
   9.2026204e-02
   3.5806641e-02
   8.1637278e-02
   1.7118515e-01
   1.1776607e-01
   7.9776838e-02
   7.2196096e-02
   7.8930102e-02
   9.0745442e-02
   6.7007929e-02
   3.3119977e-02
   3.4335010e-02
   6.7871675e-02
   4.7574840e-02
   3.9144505e-02
   3.3039786e-02
   1.2818474e-02
   1.6352918e-02
  -6.9003319e-03
  -1.5873453e-02
   1.5365895e-03
   2.2857819e-02
   1.9859979e-02
   2.6861019e-02
   1.4254001e-02
   5.1926880e-04
   6.6765579e-03
   3.1245749e-03
   1.7142290e-02
   2.7598545e-02
   2.0460982e-02
   1.8063316e-02
   3.3707932e-02
   3.8584925e-02
   2.5379835e-02
   1.5342010e-02
   3.5310511e-02
   2.2018690e-02
   1.4570239e-02
   1.5330247e-02
   2.8465113e-02
   3.3617187e-02
   2.6509764e-02
   3.4811459e-02
   4.6879798e-02
   6.8822376e-02
   1.0819664e-01
   1.1225893e-01
   7.0896603e-02
   7.6580778e-02
   4.9046550e-02
   2.8618950e-02
   6.0125094e-02
   1.6830206e-01
   2.2430544e-01
   1.6121295e-01
   7.8866981e-02
   5.0277997e-02
   9.6613541e-02
   1.2074105e-01
   1.0967595e-01
   5.3935282e-02
   2.9331231e-02
   3.8880989e-02
   3.0374931e-02
   3.8418636e-02
   5.2602008e-02
   3.5517953e-02
   4.8512705e-02
   4.1948836e-02
   3.0855644e-02
   3.2618735e-03
   8.1066312e-03
   1.2332387e-02
   1.9137509e-02
   3.0170538e-02
   2.3658650e-02
   1.2011695e-02
   2.3772834e-02
   3.2825065e-03
   9.9170059e-03
   9.1551971e-03
   2.7128826e-03
   2.8481487e-02
   2.2825336e-02
   9.0342341e-03
   2.5574306e-02
   1.8290602e-02
   3.2310318e-02
   2.8691662e-02
   1.5426897e-02
   2.8137440e-02
   2.5977235e-02
   1.5400508e-02
   1.9184822e-02
   2.8809402e-02
   2.4992365e-02
   2.1149496e-02
   1.2798950e-02
   1.0057798e-02
   1.8590206e-02
   2.7204396e-02
   2.8095765e-02
   3.9118093e-02
   3.0681707e-02
   3.4555957e-02
   3.0103052e-02
   2.7327465e-02
   6.4144216e-02
   9.1754645e-02
   8.3299302e-02
   5.9205730e-02
   2.3603281e-02
   4.9000971e-02
   5.3038374e-02
   2.3749849e-02
   4.8649438e-02
   2.0337174e-02
   2.8582599e-02
   3.1345341e-02
   2.3767034e-02
   1.4284186e-02
   4.3398865e-02
   4.5030463e-02
   3.4743432e-02
   2.5576204e-02
   2.2507444e-02
   2.1039160e-02
   7.3002218e-03
   6.2805456e-03
   1.3888892e-02
   8.3064530e-03
   1.5488017e-02
   7.0648631e-03
   1.3776127e-02
   2.1733619e-02
   1.8682972e-02
   1.9627718e-02
   1.5276134e-02
   1.1921166e-02
   1.5350848e-02
   1.9007346e-02
   1.8519443e-02
   1.5767703e-02
   2.8843110e-02
   3.2366518e-02
   2.1156389e-02
   2.0188494e-02
   3.2297816e-02
   8.5314196e-03
   1.2187798e-02
   2.3876233e-02
   2.6369525e-02
   9.9040763e-03
   2.7791560e-02
   4.3140087e-02
   5.4549649e-02
   5.0616875e-02
   4.9849641e-02
   3.4533989e-02
   2.0837093e-02
   1.5160475e-02
   2.7050596e-02
   4.6393685e-02
   6.7252681e-02
   4.9033973e-02
   3.8217377e-02
   4.5009773e-02
   4.3660071e-02
   2.4587179e-02
   4.9789716e-02
   3.2344032e-02
   2.0939093e-02
   1.3462204e-02
   3.4183402e-02
   2.6211072e-02
   1.2421016e-02
   2.8022753e-02
   2.6010076e-02
   1.8876556e-02
   1.4670994e-02
   7.0540477e-03
   8.8541145e-03
   1.5611608e-02
   2.8310012e-02
   2.0322034e-02
   1.3791073e-02
  -3.0187559e-03
   3.9501507e-03
   1.9853706e-02
   2.8420659e-02
   3.3542149e-02
   3.9952200e-02
   5.1014300e-02
   6.2048368e-02
   4.9679354e-02
   2.5577046e-02
   2.8989779e-02
   2.7557302e-02
   1.2619056e-02
   2.4220534e-02
   2.5020188e-02
   1.0000125e-02
   1.2850611e-02
   2.5122499e-02
   2.4075748e-02
   1.6770540e-02
   1.9401720e-02
   1.4686796e-02
   1.6691662e-02
   1.9662073e-02
   2.9525034e-02
   3.2338541e-02
   3.4361433e-02
   3.2376185e-02
   2.2517659e-02
   3.2127395e-02
   3.6333233e-02
   2.8707765e-02
   2.9566856e-02
   7.1318122e-03
   2.1096844e-02
   2.6249159e-02
   9.5782485e-03
   9.5040044e-03
   2.4748964e-02
   3.1676836e-02
   3.6607597e-02
   3.1420264e-02
   2.6412200e-02
   3.5251562e-02
   2.1005029e-02
   2.1481920e-02
   2.7593942e-02
   1.5311190e-02
   1.3957650e-02
   3.2807633e-02
   1.6361764e-02
   1.4393652e-02
   2.8172547e-02
   3.9109483e-02
   1.6916776e-02
   1.4717025e-02
   2.2163345e-02
   8.4628593e-03
   2.8293960e-02
   3.4149077e-02
   1.0044051e-02
   2.0352758e-02
   1.7571686e-02
   1.0416728e-02
   8.2744509e-03
   1.8338244e-02
   2.8755967e-02
   1.6623724e-02
   2.0251118e-02
   7.0082094e-03
   2.0872548e-03
   1.2746495e-02
   6.8968404e-03
   1.3984061e-02
   3.1639222e-02
   2.5971930e-02
   3.1769209e-02
   2.8380055e-02
   2.4112895e-02
   2.1696037e-02
   7.7689169e-03
   1.8643489e-02
   1.9283904e-02
   2.9582474e-02
   3.7847616e-02
   3.8118836e-02
   2.7731260e-02
   2.5588511e-02
   2.0897768e-02
   2.3441663e-02
   4.8010103e-02
   2.7806744e-02
   2.3982333e-02
   2.8056424e-02
   3.6340393e-02
   2.2729618e-02
   2.3942759e-02
   3.3908624e-02
   2.8913494e-02
   2.3677345e-02
   1.3009353e-02
   2.5029689e-02
   1.9024109e-02
   2.1661712e-02
   1.0776495e-02
   2.1471705e-02
   3.3620536e-02
   2.7768206e-02
   1.8503234e-02
   1.8367713e-02
   1.7662982e-02
   3.0856380e-02
   2.6969291e-02
   2.6924822e-02
   1.4929787e-02
   7.0641055e-03
   1.2590206e-02
   2.6383489e-02
   2.1491870e-02
   1.7011385e-02
   2.4950199e-02
   3.3382315e-02
   2.4185687e-02
   1.9275913e-02
   1.3790018e-03
   5.5869091e-03
   1.1265266e-02
   1.9344639e-02
   3.5599813e-02
   2.9293394e-02
   1.6726058e-02
   1.9118191e-03
   3.1014852e-02
   5.9802260e-02
   5.2419871e-02
   3.1910546e-02
   1.5658736e-02
   1.2597887e-01
   2.3004155e-01
   2.0179403e-01
   6.3384891e-02
   3.9341293e-02
   9.6882604e-02
   1.0543712e-01
   9.1567509e-02
   5.8017276e-02
   3.2846227e-02
   2.7043823e-02
   7.0410785e-03
   2.0844268e-02
   1.5583243e-02
   1.9118059e-02
   1.9897491e-02
   1.2032769e-02
   3.1204239e-02
   3.2548238e-02
   2.9189309e-02
   2.7481774e-02
   2.6637765e-02
   2.3587171e-02
   3.3928886e-02
   1.9978868e-02
   1.7157963e-02
   1.0380924e-02
   1.0799514e-02
   2.1693463e-02
   2.3573546e-02
   2.9356979e-02
   1.4589965e-02
   7.1727424e-03
   2.0253951e-02
   2.7367089e-02
   1.3259314e-02
   9.9417297e-03
   1.8498281e-02
   2.4447378e-02
   2.3895992e-02
   2.8808625e-02
   1.9794723e-02
   1.8047471e-02
   2.3631817e-02
   4.6805274e-02
   4.4860777e-02
   2.0889042e-02
   3.2222100e-02
   1.7197102e-02
   1.3520389e-02
   1.0178319e-02
   1.4121202e-02
   3.2607436e-02
   6.8917140e-02
   7.7893980e-02
   4.1492254e-02
   1.4557797e-02
   1.7605919e-02
   4.6130266e-02
   3.5398070e-02
   3.6665790e-02
   2.4414008e-02
   2.5782747e-02
   1.8357536e-02
   1.5148954e-02
   2.0927321e-02
   2.6804529e-02
   8.3415313e-03
   5.2454174e-03
   2.8646795e-02
   2.3626359e-02
   1.9090215e-02
   1.5711194e-02
   1.3371877e-02
   2.3166571e-02
   2.3773734e-02
   2.4424940e-02
   2.3750609e-02
   2.7470887e-02
   1.5766105e-02
   1.7218959e-02
   2.3477385e-02
   2.1116041e-02
   2.1685872e-02
   1.4790753e-02
   7.8628724e-03
   2.6236162e-02
   2.5211278e-02
   2.1095678e-02
   2.8061166e-02
   1.8544501e-02
   2.6737379e-02
   3.1353127e-02
   2.3218758e-02
   2.1447068e-02
   3.3215944e-02
   3.1773832e-02
   2.7758550e-02
   1.9050399e-02
   2.0582875e-02
   2.8252754e-02
   2.8667243e-02
   2.4905084e-02
   3.0645709e-02
   3.6318455e-02
   4.0283810e-02
   4.0411972e-02
   2.1515435e-02
   2.3293119e-02
   1.9441172e-02
   1.5779277e-02
   8.3473446e-03
   2.5121514e-02
   1.0467581e-02
   5.6689866e-03
   4.2004967e-03
   9.6222628e-03
   1.4450666e-02
   2.1994701e-02
   3.0543713e-02
   2.9358547e-02
   1.7933015e-02
   1.3563962e-02
   3.3398125e-02
   2.3957802e-02
   1.9837007e-02
   1.7318942e-02
   5.6899362e-03
   1.1472103e-02
   1.3635877e-02
   2.7526030e-02
   1.7868659e-02
   8.3207274e-03
   1.6334806e-02
   1.5931072e-02
   2.5952969e-02
   2.1670636e-02
   1.9836903e-02
   8.2519883e-03
   1.7968509e-02
   3.2618973e-02
   1.6480463e-02
   2.3817008e-02
   4.9872519e-03
   1.6737904e-02
   2.9785967e-02
   1.7916452e-02
   1.7167024e-02
   2.5311593e-02
   2.6456064e-02
   2.2919880e-02
   2.4144113e-02
   8.2681384e-03
   2.1018168e-02
   2.5799638e-02
   1.4219738e-02
   7.0048827e-03
   2.8407248e-02
   3.2999646e-02
   3.1273682e-02
   2.7084578e-02
   1.2007566e-02
   2.4453443e-02
   3.6367424e-02
   3.2379050e-02
   1.9164652e-02
   3.2065194e-02
   2.4395322e-02
   2.3191942e-02
   3.5989672e-02
   3.8239498e-02
   3.2004818e-02
   1.1934295e-02
   1.3152707e-02
   2.4986021e-02
   1.7702490e-02
   2.1020230e-02
   1.3864158e-02
   5.2179056e-03
   1.5000864e-02
   2.3740875e-02
   2.6607899e-02
   2.5572343e-02
   7.6503507e-03
   1.2374204e-02
   2.1646500e-02
   1.2538665e-02
   1.6502162e-02
   1.1658206e-02
   9.8312832e-03
   2.9243357e-02
   3.0214349e-02
   2.1117933e-02
   3.2944053e-02
   2.8207468e-02
   9.2082163e-03
   3.5473119e-02
   2.0364169e-02
   2.1373359e-02
   2.5097048e-02
   1.5679680e-02
   1.5438906e-02
   1.8106271e-02
   1.3866965e-02
   1.5171429e-02
   1.0270923e-02
   1.1890720e-02
   1.3554891e-02
   1.3688647e-02
   1.1719906e-02
   1.9195400e-02
   1.0660492e-02
   2.2888459e-02
   1.3375669e-02
   1.6292291e-02
   3.4350265e-02
   3.6084317e-02
   1.3471112e-02
   1.6723236e-02
   1.8837838e-02
   4.5231380e-02
   2.4810873e-02
   1.7690120e-02
   1.3955812e-02
   2.4001470e-02
   2.3160564e-02
   9.6866013e-03
   7.8573609e-03
   1.9200772e-02
   1.2867017e-02
   2.5722804e-02
   2.8358085e-02
   2.7530754e-02
   2.6284952e-02
   1.1948153e-02
   3.2737017e-02
   2.1184830e-02
   2.5124764e-03
   1.5124528e-02
   3.4032367e-02
   3.0519752e-02
   1.8332189e-02
   1.5331748e-02
   6.1563104e-03
   4.8072161e-03
   3.0695131e-02
   2.2813143e-02
   1.5953345e-02
   1.3064249e-02
   1.8342411e-02
   2.2743054e-02
   2.2656202e-02
   1.3701998e-02
   1.0662932e-02
   1.8593542e-02
   1.8356845e-02
   8.7248022e-03
   3.0282700e-02
   1.9691823e-02
   2.2381091e-02
   3.4884959e-02
   2.2054547e-02
   1.4514837e-02
   8.0067525e-03
   8.9950906e-03
   1.3942440e-02
   3.4426253e-02
   2.6743205e-02
   1.7234830e-02
   2.9447468e-02
   3.4140885e-02
   3.5879593e-02
   2.8136251e-02
   2.7952854e-02
   1.9106183e-02
   2.7344985e-02
   2.7977783e-02
   2.9977424e-02
   1.6867014e-02
   2.5798079e-02
   1.7473832e-02
  -5.1277032e-04
   1.1905214e-02
   2.6817491e-02
   4.4444028e-02
   3.7489440e-02
   2.4023382e-02
   2.8137181e-02
   2.5037050e-02
   9.3986280e-03
   1.9118961e-02
   1.4400989e-02
   1.1091222e-02
   3.5382789e-03
   1.9489406e-02
   8.3244042e-03
   1.2179179e-02
   1.4267950e-02
   1.9460585e-02
   3.1729579e-02
   1.9608548e-02
   2.7954677e-02
   2.5858557e-02
   1.5549708e-02
   1.2453279e-02
   8.7253880e-03
   1.0295792e-02
   2.2162298e-02
   2.3683382e-02
   3.7493512e-02
   2.0482726e-02
   9.8135704e-03
   8.1218667e-03
   1.9691586e-02
   2.1934716e-02
   1.5370122e-02
   2.2389919e-03
   1.1147439e-02
   1.7609885e-02
   2.0601979e-02
   2.1431668e-02
   1.1392248e-02
   7.5078290e-03
   1.6186990e-02
   3.0303933e-02
   2.3275083e-02
   2.2672746e-02
   3.0839970e-02
   2.1963505e-02
   3.5804331e-02
   2.8156543e-02
   2.4687065e-02
   2.4160555e-02
   2.5726825e-02
   1.4790260e-02
   1.8999536e-02
   1.1324044e-02
   4.8013027e-03
   1.7631834e-02
   1.4000302e-02
   4.1937646e-03
   8.5562738e-03
   2.7927384e-02
   4.1399024e-02
   4.1948806e-02
   3.6947366e-02
   2.1148790e-02
   1.4109617e-02
   1.5304667e-02
   1.3409107e-02
   3.7397507e-03
   9.7788153e-03
   5.8320325e-02
   8.7305069e-02
   5.5766225e-02
   4.2472832e-02
   2.7572554e-02
   2.4958396e-02
   2.7277887e-02
   1.0858105e-02
   5.4734680e-03
   7.6983832e-03
   1.5775392e-02
   3.2861363e-02
   3.0809047e-02
   1.5525957e-02
   2.8719423e-02
   1.9392703e-02
   8.8689886e-03
   1.4640165e-02
   2.5296474e-03
   3.5452675e-02
   3.5970706e-02
   1.6769372e-02
   3.2669686e-02
   2.7819864e-02
   1.2581968e-02
   4.2795562e-03
   7.9101101e-03
   1.7595734e-02
   4.0801872e-02
   2.9947985e-02
   1.6344350e-02
   1.5792362e-02
   1.9170504e-02
   1.4301992e-02
   1.3394561e-02
   3.7822269e-02
   2.3103701e-02
   1.8928992e-02
   2.1008123e-02
   2.4871683e-02
   3.0479541e-02
   2.1930143e-02
   3.0408027e-02
   5.7665490e-02
   4.8711136e-02
   1.7717468e-02
   1.1483396e-02
   2.8038239e-02
   1.5654715e-02
   1.6868067e-03
   2.0506650e-02
   1.3123171e-01
   2.2655393e-01
   2.0128155e-01
   1.0119213e-01
   4.5355637e-02
   3.1574301e-02
   1.9703627e-02
   6.9911601e-03
   1.2936324e-02
   2.1609960e-02
   2.3124257e-02
   1.5877303e-02
   2.5905522e-02
   3.9851703e-02
   3.5527483e-02
   7.2819744e-03
   1.1622263e-02
   1.5133038e-02
   1.5675737e-02
   1.2702667e-02
   1.3830764e-02
   1.0333668e-02
   1.4248690e-02
   2.5836291e-02
   1.1374394e-02
   1.1918250e-02
   1.4156252e-02
   9.1767870e-03
   1.3872588e-02
   1.4982780e-02
   1.2729060e-02
   1.1597645e-02
   2.2361834e-02
   1.1439413e-02
   1.7943958e-02
   2.0214641e-02
   2.4567205e-02
   2.2535071e-02
   1.5644476e-02
   1.0024113e-02
   2.0262668e-02
   2.4752291e-02
   2.6926078e-02
   2.0593369e-02
   2.5023598e-02
   2.8004374e-02
   1.7651353e-02
   2.0746561e-02
   2.0926295e-02
   2.4075946e-02
   1.9028444e-02
   1.8908842e-02
   3.3486828e-02
   2.2196343e-02
   2.4731034e-02
   5.9093634e-04
  -1.0436216e-03
   2.0266739e-03
   1.3492598e-02
   7.1679666e-03
   1.8082539e-02
   3.1798095e-02
   2.4126267e-02
   2.0116493e-02
   2.7491355e-02
   9.7071528e-03
   4.0838718e-03
   1.7289521e-02
   2.0716021e-02
   2.3469159e-02
   7.2790086e-03
   1.8204367e-02
   1.7054250e-02
   2.8839836e-02
   1.5128366e-02
   1.4018349e-02
   1.8344181e-02
   1.3863536e-02
   2.4101779e-02
   2.7637670e-02
   1.6215054e-02
   1.4135201e-02
   2.4462335e-02
   9.1618523e-03
   1.2377434e-02
   1.3192580e-02
   1.5633486e-02
   1.5968727e-02
   1.1624360e-02
   1.2718654e-02
   1.2254851e-02
   1.3829349e-02
   1.4347175e-02
   1.9948391e-02
   2.1266641e-02
   1.7622741e-02
   2.4913408e-02
   1.9054115e-02
   3.0889584e-02
   4.5818862e-02
   3.6686078e-02
   2.8598379e-02
   1.5889909e-02
   1.6406734e-02
   3.7283704e-02
   1.4298618e-02
   7.1029733e-03
   3.6254171e-03
   1.4751218e-02
   1.7431427e-02
   1.4570064e-02
   2.9855549e-02
   2.8571952e-02
   3.3062615e-02
   2.4098648e-02
   1.5816281e-02
   2.2701941e-02
   2.2321520e-02
   9.8573305e-03
   3.1638566e-02
   1.3867921e-02
   9.8109590e-03
   3.1133259e-03
   1.6678048e-02
   2.5000282e-02
   3.4923259e-02
   4.6954691e-02
   2.3867527e-02
   1.3115996e-02
   1.8542485e-02
  -1.1740427e-04
   1.0813778e-02
   2.5460912e-02
   3.4192368e-02
   3.2653365e-02
   3.1020284e-02
   2.6729908e-02
   3.3502948e-02
   3.3112209e-02
   2.0313453e-02
   1.2272759e-03
   9.6860705e-03
   1.6746789e-02
   2.2983823e-02
   1.8808374e-02
   2.6477784e-02
   3.4486502e-02
   2.9983722e-02
   2.7025880e-02
   2.8717458e-02
   1.1180379e-02
   1.1552734e-02
   2.2925463e-02
   3.4321353e-02
   1.8946493e-02
   3.1784888e-02
   2.9762365e-02
   7.5752828e-03
   8.3564557e-03
   1.5888136e-02
   6.7759436e-03
   2.6616063e-02
   3.1574562e-02
   1.8480994e-02
   5.6062802e-03
   1.3038537e-02
   1.2503956e-02
   1.7641004e-02
   2.2393290e-02
   1.8424347e-02
   1.3089476e-02
   2.5754789e-02
   3.0056972e-02
   4.1324832e-02
   2.7626721e-02
   3.1269565e-02
   1.0322347e-02
   1.1374168e-02
   1.6258221e-02
   2.4459613e-02
   1.3274633e-02
   2.4750443e-02
   1.3258849e-02
   1.0386820e-02
   1.8901445e-02
   2.4536731e-02
   2.1357896e-02
   1.4887965e-02
  -6.5477407e-03
   6.6043339e-03
   2.0983886e-02
   1.3753058e-02
   1.2326889e-02
   3.2880433e-02
   6.6839688e-02
   5.8289547e-02
   2.9871151e-02
   3.3491015e-02
   2.1386389e-02
   1.1501623e-02
   1.8268885e-02
   3.0489825e-02
   2.0595368e-02
   1.2691491e-02
   2.0287888e-02
   3.6985721e-02
   2.2955777e-02
   1.1450455e-02
   1.4715950e-02
   1.3467814e-02
   2.0488152e-02
   1.0752249e-02
   1.5236834e-02
   1.8042622e-02
   2.0404123e-02
   3.7807189e-02
   3.2066911e-02
   2.9324250e-02
   2.1771789e-02
   3.7261911e-02
   2.5875038e-02
   2.1790113e-02
   2.7482312e-02
   4.2409629e-02
   1.9108092e-02
   1.0695858e-02
   3.0295018e-02
   1.1209899e-02
   4.7829188e-03
   2.2666408e-02
   2.1418218e-02
   1.6190952e-02
   4.4380523e-02
   3.9818872e-02
   2.5051102e-02
   2.3231663e-02
   9.5841466e-03
   3.9419541e-03
   1.6704086e-02
   3.3189960e-02
   2.9601118e-02
   1.5917441e-02
   1.6611842e-02
   2.2454971e-02
   9.9719539e-03
   2.5519082e-02
   2.0640524e-02
   6.0014627e-03
   2.2720931e-02
   2.4950558e-02
   2.7310595e-02
   3.5165783e-02
   3.2910194e-02
   4.5255847e-02
   3.0659208e-02
   1.4083341e-02
   1.1915040e-02
   2.4387943e-02
   3.3515550e-02
   1.4036631e-02
   1.3784593e-02
   2.6244845e-02
   2.6622742e-02
   2.0032672e-02
   2.6760792e-02
   2.8611120e-02
   3.3253144e-02
  -1.5277152e-03
   8.8848816e-03
   2.1025261e-02
   2.1397969e-02
   2.2427395e-02
   3.5678338e-02
   3.1617668e-02
   3.1117808e-02
   1.8910842e-02
   1.4976148e-02
   1.6012419e-02
   1.0987957e-02
   1.0277636e-02
   1.9479057e-02
   3.4938224e-02
   4.8056386e-02
   3.9831128e-02
   3.0148242e-02
   2.9412072e-02
   2.6711617e-02
   3.6045197e-02
   4.0049218e-02
   3.7587885e-02
   5.9606872e-02
   4.9211245e-02
   4.6492450e-02
   4.1044924e-02
   1.4703469e-02
   1.2628946e-02
   9.5239850e-03
   3.4110803e-02
   4.9458478e-02
   4.4106457e-02
   1.4959197e-02
   3.0740441e-03
   3.4597653e-03
   9.9149523e-03
   1.7083073e-02
   4.5685314e-02
   9.1341212e-02
   9.4387539e-02
   4.3575805e-02
   3.4318279e-02
   3.7453696e-02
   1.4990216e-02
   1.8639846e-02
   3.3969045e-02
   2.7044913e-02
   1.7472586e-02
  -3.2358118e-03
   1.0306041e-02
   9.6009364e-03
   2.0034008e-03
   2.9410601e-02
   2.4145378e-02
   2.4152352e-02
   2.4110148e-02
   3.5475004e-02
   3.3998851e-02
   1.3134694e-02
   3.0077739e-02
   2.7767712e-02
   3.1645782e-02
   2.2677798e-02
   2.6842447e-02
   1.2330690e-02
   1.8536737e-02
   3.6444526e-02
   5.0048180e-02
   3.8744081e-02
   3.4419384e-02
   3.7847627e-02
   2.5141511e-02
   1.1139157e-02
   2.2350825e-02
   2.3015350e-02
   1.1515930e-02
   1.5084055e-02
   1.6924424e-02
   9.7933225e-03
   2.0414410e-02
   3.4365486e-02
   3.1287838e-02
   2.2201585e-02
   2.5500927e-02
   2.8413605e-02
   2.2692721e-02
   2.0718873e-02
   1.3811732e-02
   2.8431196e-02
   2.5958680e-02
   3.7560422e-02
   3.6811460e-02
   2.3948755e-02
   9.7552483e-04
   1.1186690e-02
   2.6457490e-02
   1.5605149e-02
   2.1623634e-02
   1.5581055e-02
   1.3006850e-02
   1.7127974e-02
   5.7027768e-03
   2.8775331e-02
   5.5490699e-02
   5.6908160e-02
   4.1001428e-02
   3.6571138e-02
   3.8598813e-02
   2.9917818e-02
   1.6846539e-02
   2.4316112e-02
   1.2324935e-01
   2.2186136e-01
   1.6935258e-01
   1.2144994e-01
   5.3556383e-02
   2.2803500e-02
   2.8584669e-03
   1.5656596e-02
   7.5507775e-02
   1.1765156e-01
   9.1157734e-02
   5.5584975e-02
   3.7118036e-02
   2.4103545e-02
   3.2445725e-02
   5.7050344e-02
   1.0044058e-01
   1.0691305e-01
   6.2528975e-02
   5.2022830e-02
   2.3424493e-02
   1.7811952e-02
   1.7379904e-02
   1.0214618e-01
   2.4801989e-01
   2.8848565e-01
   1.7444015e-01
   6.5072156e-02
   2.0089896e-02
   1.6268335e-03
   7.0860120e-03
   3.1889308e-02
   2.4527639e-02
   1.6220298e-02
   1.8923737e-02
   2.6272317e-02
   3.7687540e-02
   4.5897610e-02
   6.0754217e-02
   4.3679763e-02
   4.2362176e-02
   2.9466476e-02
   2.8871963e-02
   8.6135790e-03
  -3.6184993e-03
  -2.2073309e-03
   5.7557444e-03
   2.7122850e-02
   1.5454953e-02
   2.0726919e-02
   2.5923796e-02
   3.6347866e-02
   3.9786674e-02
   3.9032985e-02
   1.8968333e-02
   1.7893856e-02
   3.5476163e-02
   3.1323310e-02
   1.7556814e-02
   1.9304374e-02
   2.2383852e-02
   2.3556612e-02
   1.5212505e-02
   2.2340352e-02
   3.4964122e-02
   4.7973018e-02
   5.3072788e-02
   2.7020819e-02
   2.8466836e-03
   1.5394750e-02
   2.8803516e-02
   2.4142327e-02
   2.5669875e-02
   3.3852104e-02
   4.4102024e-02
   5.5350788e-02
   2.4370674e-02
   6.0980869e-03
   1.5340787e-02
   1.0976550e-02
   2.5600111e-02
   2.7355744e-02
   1.2633591e-02
   7.0299846e-03
   1.3343081e-02
   3.9687887e-02
   2.7585166e-02
   1.7407767e-02
   1.3091489e-02
   9.4661526e-03
   2.7382640e-02
   3.3047359e-02
   3.4093831e-02
   6.9569886e-02
   6.1887167e-02
   4.5515109e-02
   4.7396258e-02
   2.1207150e-02
   5.1043625e-03
   1.4350954e-02
   2.5059978e-02
   5.0985035e-02
   5.0808690e-02
   3.8144510e-02
   1.7446578e-02
   3.0223783e-03
   1.0393972e-02
   2.5864184e-02
   5.7125017e-02
   5.4768182e-02
   4.1514210e-02
   2.7700797e-02
   2.5846347e-02
   2.8031051e-02
   2.7896840e-02
   3.4979038e-02
   6.6390231e-02
   7.5861499e-02
   6.3309550e-02
   1.7043209e-02
   1.4701971e-02
   1.7242635e-02
   2.4476685e-02
   1.2500530e-02
   1.1667057e-02
   1.6274329e-02
   2.0403208e-02
   3.3979550e-02
   1.4535217e-02
   2.5673890e-02
   3.5352424e-02
   2.0208379e-02
   4.0294185e-02
   5.0181720e-02
   5.1375568e-02
   2.9516421e-02
   3.0436490e-02
   2.5752950e-02
   2.1715011e-02
   1.4337034e-02
   2.4308840e-02
   3.8905244e-02
   3.5000432e-02
   3.3856921e-02
   1.9274335e-02
   1.5051342e-02
   2.6353803e-02
   3.8042478e-02
   3.6110211e-02
   3.2916110e-02
   3.7519261e-02
   1.0447102e-02
   2.5006472e-03
   8.8394322e-03
   1.0484907e-02
   2.3515591e-02
   2.9534349e-02
   3.3374749e-02
   2.2472600e-02
   3.8594984e-02
   3.2081645e-02
   4.0795699e-02
   2.8689994e-02
   1.7809657e-02
   3.9374836e-02
   1.7885141e-02
   7.6417555e-03
   2.1143977e-02
   4.2608522e-02
   2.6651120e-02
   4.1790032e-03
   2.2407956e-02
   2.4671257e-02
   9.9976100e-03
   1.1177450e-02
   1.8161500e-02
   8.7109040e-03
  -4.1810379e-04
   3.9618253e-03
   2.0823270e-02
   3.5557650e-02
   1.9881608e-02
   3.8930168e-03
   3.2038644e-02
   2.1920623e-02
   1.9374788e-02
   1.5874980e-02
   3.9550401e-02
   1.5694344e-01
   2.9139543e-01
   2.8063700e-01
   1.5568942e-01
   4.7962014e-02
   3.1708606e-02
   3.7997685e-02
   1.8267557e-02
   2.1822941e-02
   2.5824169e-02
   4.8600506e-02
   6.1860189e-02
   7.7522680e-02
   6.6625997e-02
   3.7844375e-02
   3.5471138e-02
   7.4631885e-02
   6.4229362e-02
   3.6628049e-02
   8.8430554e-02
   1.5972582e-01
   1.6593455e-01
   7.6975159e-02
   2.7896645e-02
   5.2091438e-02
   5.9467368e-02
   5.0148033e-02
   3.9724518e-02
   3.6670610e-02
   3.5099365e-02
   1.3177975e-02
   1.4101636e-02
   1.6086046e-02
   3.0974353e-02
   2.9062059e-02
   2.4234001e-02
   1.3555071e-02
   1.7556092e-02
   1.7518533e-02
   1.1932028e-02
   1.9778270e-02
   8.6229565e-03
   7.3402892e-03
  -1.0087030e-02
   8.1827920e-03
   2.2683278e-02
   4.7020998e-02
   1.3163583e-01
   1.5306041e-01
   9.1056332e-02
   4.6359319e-02
   3.5877876e-02
   1.1615762e-02
  -3.0801995e-03
   3.4029637e-02
   6.6630118e-02
   8.4650181e-02
   6.5104030e-02
   6.1548185e-02
   4.0409353e-02
   2.4497589e-02
   5.6924719e-02
   7.7802218e-02
   8.0741592e-02
   5.8358677e-02
   6.8090692e-02
   6.2902302e-02
   4.5164973e-02
   4.6102475e-02
   5.6133676e-02
   3.1577330e-02
  -5.6194952e-03
   4.7170091e-03
   3.8589124e-02
   1.1874630e-01
   1.3497734e-01
   7.2545402e-02
   1.4343148e-02
   1.0040910e-02
   7.3648100e-03
   2.6980184e-02
   2.1799882e-01
   6.1825460e-01
   7.5821459e-01
   4.9771178e-01
   2.3368782e-01
   9.2222959e-02
   1.6558042e-02
   1.3284198e-02
   4.0625922e-02
   7.4053951e-02
   7.1836323e-02
   1.1959448e-01
   1.3109514e-01
   8.6095057e-02
   7.6109126e-02
   5.4368757e-02
   1.1606386e-02
  -1.3369871e-03
   2.7299384e-02
   4.2875692e-02
   4.3742683e-02
   3.5886642e-02
   2.2935588e-02
   2.5105054e-02
   3.3690915e-02
   3.0575717e-02
   4.9689315e-02
   2.5875881e-02
   4.4207994e-02
   4.4455487e-02
   1.5180823e-02
   1.5573195e-03
   5.7468428e-03
   2.2496143e-02
   6.7190900e-02
   4.8473988e-02
   2.2502661e-02
   3.2831885e-02
   2.4569456e-02
   4.8928116e-02
   6.7840829e-02
   8.8547461e-02
   6.0635347e-02
   4.3278951e-02
   3.8114522e-02
   5.5993970e-02
   8.7902866e-02
   1.3389277e-01
   1.7997254e-01
   1.1743979e-01
   6.7837305e-02
   4.4948217e-02
   1.0937805e-02
   7.5212489e-03
   7.4716449e-02
   2.2558916e-01
   2.6661474e-01
   1.8129070e-01
   8.8839032e-02
   9.0906814e-02
   8.4243074e-02
   4.3040842e-02
   3.9435357e-02
   6.1206948e-02
   8.1757627e-02
   9.7300589e-02
   1.1139252e-01
   1.1379458e-01
   9.0159111e-02
   1.1748607e-01
   1.4864637e-01
   7.8330345e-02
   1.2417098e-02
   1.2080078e-01
   2.6722002e-01
   2.3465653e-01
   7.2996587e-02
   6.9401905e-02
   5.0184619e-02
   3.0299135e-02
   1.8253222e-02
   4.3503288e-02
   3.4527142e-02
   1.8373303e-02
   1.1427619e-02
   2.2932187e-02
   1.6585058e-02
  -1.6858071e-03
   4.0810697e-02
   1.5253608e-01
   2.1164246e-01
   1.4087355e-01
   9.3412809e-02
   3.5135303e-02
  -7.8559602e-03
   1.4180917e-02
   6.1967075e-02
   6.2427223e-02
   5.4233123e-02
   5.3109262e-02
   7.5965658e-02
   6.6468388e-02
   3.1985845e-02
   2.8546136e-02
   2.3729358e-02
   2.6513014e-02
   7.1636215e-02
   1.8428916e-01
   1.9919629e-01
   1.2744430e-01
   5.3445529e-02
   1.5391221e-02
   6.2834420e-03
   3.0094512e-02
   1.5165259e-01
   3.4673816e-01
   3.7072113e-01
   2.9585093e-01
   2.0588188e-01
   1.0484163e-01
   3.6791615e-02
   1.8852785e-02
   1.7198240e-02
   3.1552985e-02
   1.7928684e-02
   4.4113282e-02
   9.2074446e-02
   9.5573433e-02
   3.8039550e-02
   2.0487630e-03
  -8.8694831e-03
   1.4933748e-03
   3.2365439e-03
   2.4990868e-02
   7.1881585e-02
   9.0190843e-02
   9.9074192e-02
   6.1871804e-02
   4.7442313e-02
   2.2812147e-02
   1.2911040e-02
   1.5617355e-02
   1.6438572e-02
   6.3684568e-02
   6.4973958e-02
   2.7861806e-02
   4.9456116e-02
   6.7170329e-02
   7.4486934e-02
   2.1891227e-02
   8.6332336e-03
   1.5478333e-02
   3.9224129e-02
   4.3947276e-02
   7.6643765e-02
   7.3704012e-02
   5.8060877e-02
   3.0680176e-02
   2.3207618e-02
   5.8330197e-02
   5.1305804e-02
   7.0599452e-02
   5.1245157e-02
   1.3918974e-02
   1.9293485e-03
   4.7918823e-02
   1.9710258e-01
   2.9009187e-01
   2.3362061e-01
   1.2630235e-01
   5.5375550e-02
   2.7197648e-02
   1.6315576e-02
   1.6314356e-01
   6.8193126e-01
   1.1389753e+00
   9.6628654e-01
   6.1401296e-01
   2.6868153e-01
   1.1679468e-01
   2.9246710e-02
   1.0450513e-02
   1.8446319e-02
   2.7297741e-02
   8.6082488e-02
   1.4978330e-01
   1.9068168e-01
   1.9083303e-01
   1.0891614e-01
   5.0585825e-02
   1.9138972e-03
   1.4971884e-02
   2.1992486e-02
   5.3710677e-02
   5.7608660e-02
   6.3375987e-02
   1.9353012e-02
   2.9462751e-02
   8.0014057e-02
   1.5967111e-01
   1.7401522e-01
   1.2969248e-01
   1.1198864e-01
   6.5471597e-02
   4.6513263e-02
   6.8163708e-02
   2.6733744e-01
   6.9074881e-01
   7.8819025e-01
   5.7662046e-01
   2.8413954e-01
   1.4454007e-01
   7.0725128e-02
   6.6260301e-02
   3.4844831e-02
   2.2899294e-03
   4.6214607e-02
   2.1642973e-01
   4.8851538e-01
   5.4826880e-01
   4.3927601e-01
   2.5139534e-01
   1.0690831e-01
   6.0469940e-02
   4.3056723e-02
   1.4587010e-01
   3.6967641e-01
   5.0297612e-01
   4.1879904e-01
   3.0974177e-01
   2.4709773e-01
   2.0316957e-01
   1.4053421e-01
   7.6755449e-02
   6.9607057e-02
   4.4082899e-02
   1.1747392e-01
   4.2483899e-01
   7.2817707e-01
   7.5730640e-01
   5.1561290e-01
   2.3428181e-01
   1.0328445e-01
   8.4005676e-02
   2.3355122e-01
   8.9527065e-01
   1.9928734e+00
   2.3841727e+00
   1.7662914e+00
   1.1972107e+00
   1.1412003e+00
   1.1614110e+00
   9.2638338e-01
   5.8806682e-01
   1.6557653e-01
   4.5168359e-02
   8.2876283e-01
   3.9374335e+00
   7.4264693e+00
   6.9558144e+00
   4.0531759e+00
   1.8943146e+00
   8.9673126e-01
   4.8300689e-01
   2.8800097e+00
   1.7041248e+01
   3.5008949e+01
   3.4810307e+01
   2.0615232e+01
   8.3405743e+00
   2.5443988e+00
   6.9906348e-01
   2.5737661e-01
   5.9442524e-02
   2.6235223e-01
   2.2158563e+00
   4.7392125e+00
   4.9711022e+00
   3.1024597e+00
   1.3131925e+00
   2.5549105e-01
  -2.0379378e-01
  -1.1560005e-01
   3.2643002e-01
   5.8677280e-01
   8.1363994e-01
   1.0892732e+00
   8.4195089e-01
   3.0209553e-01
   8.9843489e-02
   6.5928601e-02
   1.3461240e-01
   1.4313066e-01
   2.3404413e-01
   3.1410229e-01
   2.5888926e-01
   3.9362589e-01
   9.0729332e-01
   1.7321359e+00
   1.6909935e+00
   9.0175742e-01
   1.9527496e-01
   2.5447855e-02
   1.2230291e-01
   2.0215543e-01
   2.3587190e-01
   1.3397920e-01
   6.6333354e-02
   1.3492645e-01
   1.6952771e-01
   2.0999518e-01
   2.4843200e-01
   4.1281313e-01
   3.5737595e-01
   1.6791293e-01
   5.8762219e-02
   9.4459817e-02
   1.8327148e-01
   2.0918648e-01
   6.7998163e-02
  -4.2283710e-02
  -5.1168106e-02
  -1.7311467e-03
   2.0967275e-01
   3.3440381e-01
   2.2994126e-01
   2.8459667e-03
  -1.6802455e-01
  -8.1093781e-02
   1.2122687e-01
   4.8717827e-01
   1.0675358e+00
   1.2092534e+00
   7.9010499e-01
   2.6199350e-01
   6.7769110e-02
   6.3631910e-01
   1.7966058e+00
   2.1181121e+00
   1.4767076e+00
   6.0729152e-01
   2.2463433e-01
   7.5595105e-01
   1.7082660e+00
   1.8626438e+00
   1.1981645e+00
   5.5899221e-01
   3.7622437e-01
   2.8905767e-01
   6.7674881e-01
   3.9139678e+00
   9.5020924e+00
   1.0413843e+01
   6.7442541e+00
   2.8243420e+00
   9.0264714e-01
   2.0854348e-01
   7.9382934e-02
   4.1595243e-02
   8.5644595e-02
   6.8017852e-01
   1.5611396e+00
   1.6420293e+00
   1.0338734e+00
   4.7771475e-01
   7.9941250e-02
  -9.6126795e-02
  -2.9760581e-02
   1.1570724e-01
   2.4623194e-01
   4.0558696e-01
   4.1256711e-01
   2.9188907e-01
   7.5054310e-02
  -1.1172045e-02
  -1.1671529e-02
  -2.5160892e-02
   3.7844688e-02
   6.7619771e-02
   8.6642966e-02
   1.0733820e-01
   1.1352398e-01
   2.7680624e-01
   4.2114192e-01
   3.6600143e-01
   1.6303611e-01
   3.5554178e-02
   3.1262700e-02
   1.3159271e-01
   1.4577940e-01
   8.6971432e-02
  -1.1924208e-02
  -6.0298820e-03
   8.0800004e-02
   7.3514432e-02
   8.2287654e-02
   1.6487077e-01
   2.3185311e-01
   1.7550157e-01
   1.0686788e-01
   4.9067531e-02
   8.6751841e-02
   6.9648296e-02
   3.6386490e-02
  -2.3802985e-02
  -1.0327846e-02
   8.5019000e-02
   2.2982964e-01
   2.9948393e-01
   2.1394162e-01
   4.5631126e-02
  -2.0514159e-02
  -6.0845949e-03
   7.5480014e-02
   2.8646973e-01
   6.4173603e-01
   7.7709502e-01
   5.2331120e-01
   2.1689290e-01
   1.4561658e-01
   2.8075135e-01
   4.6028870e-01
   5.1425278e-01
   3.1258586e-01
   1.9785225e-02
   9.7382180e-02
   8.7687969e-01
   1.8952969e+00
   1.9789213e+00
   1.1970937e+00
   4.1901153e-01
   6.9575548e-02
   1.3122281e-01
   1.6595628e+00
   6.2797456e+00
   1.0432399e+01
   9.4863997e+00
   5.4813342e+00
   2.1711307e+00
   6.9293249e-01
   1.4737038e-01
   5.4491337e-02
   1.6044146e-01
   4.3967751e-01
   1.1532407e+00
   1.6535957e+00
   1.3968372e+00
   8.6001873e-01
   4.1244298e-01
   1.1074048e-01
   6.2884286e-02
   1.0712846e-01
   2.0901115e-01
   3.3361697e-01
   4.6289530e-01
   3.9886904e-01
   2.5330091e-01
   7.5592160e-02
   4.7561478e-02
   1.7203707e-02
   1.5822340e-02
   8.4188819e-02
   1.0753281e-01
   1.0511551e-01
   1.1087648e-01
   1.2602526e-01
   1.6279641e-01
   2.0425200e-01
   1.4334451e-01
   2.1381982e-02
   1.1741559e-02
   5.4549463e-02
   8.5947774e-02
   8.4358409e-02
   4.8676979e-02
   1.7152593e-03
  -4.5109171e-02
  -3.5525407e-04
   4.3215171e-02
   7.1739383e-02
   1.3372672e-01
   1.2958227e-01
   9.6455924e-02
   5.3902432e-02
   6.4965285e-02
   6.8256378e-02
   6.5621987e-02
  -1.0861925e-02
  -9.3026762e-04
   6.3331634e-02
   1.1017116e-01
   1.6781127e-01
   1.9910026e-01
   1.1177965e-01
   2.6052240e-02
   1.8452287e-02
   3.3015728e-02
   1.2491380e-01
   3.1006941e-01
   4.3803445e-01
   3.6229458e-01
   1.8923572e-01
   9.5423698e-02
   1.0648204e-01
   1.9444704e-01
   2.6346847e-01
   2.6418236e-01
   1.4958940e-01
   9.5391244e-02
   2.1883495e-01
   5.5987102e-01
   6.6934294e-01
   5.1899356e-01
   2.0167251e-01
   6.6769011e-02
   8.6042611e-03
   3.2354921e-01
   1.5384147e+00
   2.9015589e+00
   2.9157679e+00
   1.8682497e+00
   8.4937102e-01
   2.9588333e-01
   8.3333775e-02
   2.6316592e-02
   7.7011034e-02
   2.1670362e-01
   4.1128781e-01
   5.0812596e-01
   4.8404092e-01
   3.5133550e-01
   1.6831213e-01
   5.3762160e-02
   2.7901396e-02
   8.4992982e-02
   1.0741508e-01
   1.5435566e-01
   1.6016406e-01
   1.2839700e-01
   8.2940526e-02
   5.0865751e-02
   3.2918002e-02
   6.0867029e-03
   1.6758949e-02
   2.8753771e-02
   2.8668052e-02
   3.1095622e-02
   3.5975322e-02
   6.0129855e-02
   5.0453689e-02
   2.4418037e-02
   4.8449453e-02
   4.3769531e-02
   3.3908743e-02
   3.2784250e-02
   3.5140775e-02
   3.4657102e-02
   5.4387607e-02
   2.0217868e-02
   5.9936550e-03
   3.2666020e-02
   3.6550499e-02
   3.4880269e-02
   6.4192884e-02
   1.0108235e-01
   7.5430535e-02
   9.6689522e-02
   1.2309677e-01
   7.0625111e-02
   1.9567985e-02
   1.2807922e-02
   5.2790184e-02
   4.9032051e-02
   5.5081811e-02
   7.3351063e-02
   5.0024033e-02
  -1.6870361e-02
  -4.1408581e-03
   3.5395309e-02
   2.4402907e-02
   9.1723405e-02
   1.2971102e-01
   1.1787516e-01
   5.2704901e-02
   1.7578457e-02
   2.3986420e-02
   4.1795779e-02
   7.8788839e-02
   8.6296387e-02
   9.8877341e-02
   4.1286904e-02
   6.6549711e-02
   2.0935681e-01
   2.5835705e-01
   2.0708609e-01
   1.0693493e-01
   3.3177670e-02
  -3.4550461e-03
   8.2290128e-02
   4.5227480e-01
   9.8296165e-01
   1.1459585e+00
   7.3255682e-01
   3.4706971e-01
   1.2114545e-01
   3.2129027e-02
   3.0763624e-02
   7.1291670e-02
   9.8547824e-02
   1.2461830e-01
   1.7458217e-01
   1.7154875e-01
   1.1235762e-01
   9.2432193e-02
   4.5240566e-02
   4.4326890e-02
   5.3332876e-02
   7.5660028e-02
   7.4884094e-02
   7.2615311e-02
   1.1246800e-01
   7.9858564e-02
   4.1706447e-02
   3.3069994e-02
   2.5137968e-02
   2.3498043e-02
   5.3222127e-02
   9.4139598e-02
   9.4641052e-02
   1.1610324e-01
   9.3006335e-02
   5.3974870e-03
  -2.2302259e-02
   3.6952913e-02
   1.3300692e-01
   3.0182704e-01
   3.4910285e-01
   2.5156304e-01
   1.3013552e-01
   2.3863237e-02
   1.2661953e-02
   4.0735636e-02
   1.1612807e-01
   1.0821454e-01
   8.0380388e-02
   4.5088824e-02
   2.8986517e-02
   1.9269530e-02
   4.2655077e-02
   8.1021458e-02
   6.7313530e-02
   1.4431890e-02
   3.2086182e-02
   5.0092507e-02
   4.2454265e-02
   4.0409267e-02
   1.4365298e-02
  -1.6420079e-02
  -5.4004053e-03
   2.3201823e-02
   4.5411509e-02
   3.8535669e-02
   3.0373983e-02
   4.8965644e-02
   4.2383194e-02
   7.3267817e-03
   1.1344769e-02
   3.4941640e-02
   5.5036716e-02
   6.4702764e-02
   4.3045480e-02
   1.3726518e-02
   2.5012203e-02
   6.2578909e-02
   1.1800564e-01
   1.2402024e-01
   8.2249485e-02
   4.6683282e-02
   3.6278624e-02
   5.8735870e-02
   1.4949012e-01
   2.7337649e-01
   3.0942968e-01
   2.2777347e-01
   1.2733714e-01
   4.9474761e-02
   3.3111461e-02
   2.2936700e-02
   8.7666474e-03
   4.8477016e-02
   8.3648190e-02
   9.3988627e-02
   7.6843023e-02
   2.8927771e-02
   2.3788834e-02
   6.0168048e-03
  -6.7815427e-03
   1.8318966e-02
   3.0505585e-02
   1.9366859e-02
   2.9847115e-02
   5.8920953e-02
   7.6875292e-02
   3.6640756e-02
   1.1126244e-02
   2.2370176e-02
   4.9224433e-02
   2.6152564e-02
   6.5313593e-02
   7.8283362e-02
   6.8952851e-02
   7.0037775e-02
   4.8508853e-02
   7.4270308e-02
   1.0224106e-01
   1.3461195e-01
   1.9947419e-01
   1.9943017e-01
   1.4862563e-01
   1.1890168e-01
   1.0025422e-01
   8.2013659e-02
   1.0230023e-01
   1.4355861e-01
   8.4702432e-02
   5.2074783e-02
   7.9426549e-02
   1.4668097e-01
   1.5071167e-01
   1.7181797e-01
   1.1499316e-01
   1.0209249e-01
   1.0664032e-01
   1.1639068e-01
   1.8491007e-01
   1.9658355e-01
   2.0833151e-01
   1.5754472e-01
   5.9853777e-02
  -1.6129635e-02
   8.2879566e-02
   2.3959501e-01
   2.6077193e-01
   2.1545061e-01
   1.7192535e-01
   6.2360872e-02
  -8.7287938e-03
   1.3652386e-01
   3.5814631e-01
   4.6492174e-01
   3.8169092e-01
   2.4345629e-01
   7.5619295e-02
   4.4602692e-02
   2.2274956e-01
   4.0715933e-01
   4.6289980e-01
   4.5820233e-01
   3.7561417e-01
   2.5740653e-01
   2.0642573e-01
   5.2782393e-01
   9.4429374e-01
   8.7846088e-01
   5.2711922e-01
   2.3965187e-01
   4.1631777e-02
   1.2040012e-01
   6.4017344e-01
   1.0658445e+00
   9.3203336e-01
   5.0633085e-01
   1.4049082e-01
   1.3591290e-02
   1.7866077e-01
   1.0920159e+00
   2.3716068e+00
   2.4941242e+00
   1.6394157e+00
   6.9205248e-01
   1.3373895e-01
   1.1038500e-01
   6.4110601e-01
   1.1303483e+00
   1.1059600e+00
   7.7154589e-01
   4.6681547e-01
   2.8705490e-01
   2.9376340e-01
   5.0933224e-01
   6.7612070e-01
   5.1543099e-01
   3.3573487e-01
   1.9939554e-01
   1.5292996e-01
   2.3733519e-01
   3.7596378e-01
   4.1772902e-01
   2.7113420e-01
   1.4465393e-01
   5.6133635e-02
   1.0977332e-01
   7.8832850e-02
   5.6966424e-02
   5.1210988e-02
   4.0980667e-02
   2.0146960e-02
   5.4927949e-02
   8.0441974e-02
   5.8902360e-02
   6.2421001e-02
   6.0393792e-02
   1.4698057e-02
   2.3059759e-02
   1.9412795e-02
   4.9162406e-02
   5.4852977e-02
   3.9994825e-02
   1.9945983e-02
   3.2926168e-02
   7.4867912e-02
   5.2262429e-02
   2.5666291e-02
   4.8617437e-02
   6.1454922e-02
   1.9305274e-02
  -9.8630022e-03
   1.3434710e-02
   8.5321724e-02
   1.3724935e-01
   1.7375565e-01
   1.1734927e-01
   3.8260333e-02
   1.9371061e-02
   4.7300290e-02
   1.0156124e-01
   1.4111073e-01
   2.5215462e-01
   2.2491017e-01
   1.3112001e-01
   1.1733700e-01
   1.8151160e-01
   2.9354367e-01
   2.6769933e-01
   1.9039401e-01
   8.6638547e-02
   2.7150759e-02
   1.4328496e-01
   3.6346394e-01
   4.1569084e-01
   2.8654626e-01
   1.4057210e-01
   1.9502269e-02
  -2.1091439e-03
   2.5880012e-01
   8.0658704e-01
   1.1699417e+00
   9.2502373e-01
   4.7085771e-01
   1.4068927e-01
   2.4404682e-02
   1.9174969e-01
   4.0887797e-01
   4.8935875e-01
   3.7238505e-01
   2.4349588e-01
   1.3612680e-01
   8.5861787e-02
   1.4119045e-01
   2.3379590e-01
   2.3274688e-01
   1.7832179e-01
   1.2638180e-01
   8.5571252e-02
   1.1114980e-01
   1.6971432e-01
   1.8990262e-01
   1.3500474e-01
   6.1555803e-02
   5.5579085e-02
   7.1269289e-02
   9.0605326e-02
   8.2036972e-02
   2.8136656e-02
   2.9957043e-02
   1.9878253e-02
   1.0185985e-02
   4.7372282e-02
   7.7041097e-02
   6.8386808e-02
   3.8423862e-02
  -1.6611865e-03
   6.7346897e-03
   3.7914410e-02
   5.4861426e-02
   2.8710335e-02
   9.9374736e-03
   8.5145412e-03
   1.2280489e-02
   1.8876463e-02
   4.2513233e-02
   5.6562584e-02
   4.9999975e-02
   6.2213697e-02
   3.0464115e-02
   2.4728755e-02
   2.0595657e-02
   5.6014784e-02
   8.0671944e-02
   8.2306750e-02
   4.2430755e-02
  -6.3420548e-03
  -7.6360232e-03
   4.9981955e-02
   8.4459037e-02
   1.0518114e-01
   1.3925679e-01
   1.5863910e-01
   7.7278562e-02
   6.9776006e-02
   7.9758383e-02
   1.1571430e-01
   1.0900376e-01
   1.0250117e-01
   1.4677198e-01
   1.8980765e-01
   2.2710165e-01
   2.4315618e-01
   1.9897649e-01
   1.0123669e-01
   4.6887036e-02
   3.4476209e-02
   5.8315996e-02
   2.3835436e-01
   5.1845062e-01
   5.8496952e-01
   3.9674947e-01
   1.6877806e-01
   2.9905116e-02
  -9.8522836e-03
   1.0588087e-01
   1.9828896e-01
   2.0041519e-01
   1.5740347e-01
   1.0464136e-01
   3.7296936e-02
   5.2497465e-02
   9.2780776e-02
   1.0522906e-01
   7.5356036e-02
   5.7174701e-02
   3.4178421e-02
   5.9653033e-02
   8.7821864e-02
   1.0784353e-01
   9.9178962e-02
   7.1027130e-02
   5.0230663e-02
   5.5418897e-02
   5.3589568e-02
   5.6926612e-02
   3.7427075e-02
   1.7194815e-02
   4.3700676e-02
   3.9606038e-02
   3.4079250e-02
   4.1307110e-02
   2.4768699e-02
   2.1298602e-02
   2.6467841e-02
   8.8556930e-03
   6.9251624e-03
   3.4074303e-02
   2.0568229e-02
   3.0803913e-02
   2.9124308e-02
   2.2318302e-02
   3.0205732e-02
   3.3536941e-02
   4.2793989e-02
   2.1955987e-02
   4.4291685e-03
   1.4055856e-02
   3.9919227e-02
   3.7228491e-02
   5.4956634e-02
   5.4357998e-02
   4.9003545e-02
   4.4488646e-02
   2.7542980e-02
   1.4573349e-02
   1.5627475e-02
   4.0664803e-02
   6.8882436e-02
   7.0482977e-02
   7.8795150e-02
   2.0759815e-02
   1.4674238e-02
   3.2789491e-02
   2.0662943e-02
   3.1734530e-02
   4.1398313e-02
   5.9594527e-02
   5.5644784e-02
   5.6117576e-02
   7.7827848e-02
   7.4594885e-02
   5.9410572e-02
   3.7061591e-02
  -5.5819196e-03
   3.3560188e-03
   1.0899691e-01
   2.2524001e-01
   2.3615845e-01
   1.6743436e-01
   6.1135601e-02
   1.6529636e-02
   2.5250487e-02
   4.8589572e-02
   9.0715773e-02
   1.0224410e-01
   7.8383021e-02
   3.3499841e-02
   1.6663661e-02
   4.1440476e-02
   7.0893086e-02
   5.4860689e-02
   4.5592293e-02
   2.4959376e-02
   1.4879014e-02
   2.4570698e-02
   3.6417097e-02
   4.4870194e-02
   4.0375099e-02
   5.0660815e-02
   5.3779893e-02
   5.3865001e-02
   3.4330528e-02
   5.5294830e-02
   4.7063336e-02
   1.6721003e-02
   1.0016988e-02
   2.3063630e-02
   2.2998361e-02
   4.9895242e-02
   2.0978728e-02
   2.1265879e-02
   2.8697595e-02
   1.6756475e-02
   2.6372273e-02
   3.0386358e-02
   1.8848255e-02
   3.4499850e-02
   2.4992015e-02
   1.8856790e-02
   3.8954064e-02
   2.9047744e-02
   1.6330447e-02
   1.0438542e-02
   1.3925695e-02
   2.9859364e-02
   1.9926807e-02
   2.2952905e-02
   3.4966089e-02
   4.7267996e-02
   2.1495862e-02
   1.1360052e-02
   1.5872588e-02
   3.6537614e-02
   1.8672924e-02
   2.9583821e-02
   3.1947494e-02
   3.8722098e-02
   2.2413010e-02
   1.2559977e-02
   1.6620124e-02
   2.0662665e-02
   1.2627153e-02
   4.9528116e-03
   2.2884382e-02
   2.1850742e-02
   1.7167618e-02
   2.4805201e-02
   1.5837358e-02
   1.5502773e-02
   4.8217067e-04
   1.0291454e-02
   3.0893218e-03
   3.2919794e-02
   8.0785550e-02
   1.0539535e-01
   5.9955794e-02
   2.6944257e-02
   2.2147978e-02
   2.8727701e-02
   4.3540180e-02
   5.7390027e-02
   3.8057625e-02
   4.3617737e-02
   4.2237785e-02
   3.8775280e-02
   2.2316581e-02
   4.5281008e-02
   4.2275578e-02
   5.1842257e-02
   2.6530046e-02
   3.0419081e-02
   1.3799128e-02
   1.6265027e-02
   1.5076661e-02
   1.7643472e-02
   2.3053134e-02
   1.0437002e-02
   2.2066500e-02
   2.8217612e-02
   2.8135912e-02
   2.2882698e-02
   1.6011601e-02
   7.9676593e-03
   3.6713500e-02
   3.3658393e-02
   1.2178467e-02
   1.9046310e-02
   2.5521124e-02
   3.7247710e-02
   2.6428470e-02
   1.9416522e-02
   2.7942376e-02
   7.0417081e-03
   1.3724527e-02
   1.9161282e-02
   1.4917958e-02
   2.4161046e-02
   2.5871893e-02
   1.7758537e-02
   1.3774885e-02
   1.1363486e-02
   1.8590059e-02
   2.0281544e-02
   1.4693379e-02
   1.1526603e-02
   9.7081289e-03
   1.5656978e-02
   1.7945059e-02
   2.6819076e-02
   3.6791112e-02
   3.8796727e-02
   3.6751948e-02
   3.6390699e-02
   2.0854015e-02
   1.4507163e-02
   2.2520352e-02
   2.6689421e-02
   3.0682068e-02
   3.1800557e-02
   1.5999481e-02
   2.5665227e-02
   2.6890328e-02
   2.1855580e-02
   1.1960925e-02
   7.2889458e-03
   1.6433889e-02
   1.4883668e-02
   1.3399041e-02
   1.4934912e-02
   2.6537629e-02
   2.2213830e-02
   2.5105461e-02
   2.9343139e-02
   1.7193926e-02
   5.0182650e-03
   2.1096105e-02
   3.2315154e-02
   3.5722494e-02
   3.0893125e-02
   2.5632158e-02
   1.8689556e-02
   1.7205616e-02
   2.8264543e-02
   3.2259416e-02
   3.9818112e-02
   3.5119589e-02
   1.9535143e-02
   3.5347272e-02
   2.1610511e-02
   1.7869830e-02
   2.6717832e-02
   2.0423280e-02
   2.7314557e-02
   1.9066220e-02
   3.0330671e-02
   2.4049295e-02
   1.4425857e-02
   2.3475856e-02
   1.3205618e-02
   3.6377128e-02
   6.6101206e-03
   1.3124826e-02
   2.4726961e-02
   2.1850295e-02
   1.4901618e-02
   1.1192557e-02
   1.4491910e-02
   2.6873847e-02
   3.1458583e-02
   2.5477549e-02
   2.2833787e-02
   1.3814271e-02
   1.8716376e-02
   1.1899201e-02
   2.3222864e-02
   2.5792450e-02
   9.9863512e-03
   4.8715053e-03
   2.7818259e-02
   2.5479555e-02
   1.3282939e-02
   2.1160372e-02
   2.9554879e-02
   1.8305078e-02
   2.0930255e-02
   1.3803939e-02
   2.6423339e-02
   2.1214047e-02
   2.7572954e-02
   3.2304794e-02
   2.8758660e-02
   1.5829755e-02
   2.2089358e-02
   1.7673846e-02
   5.0853728e-03
   5.1702573e-03
   8.8008735e-03
   1.6467445e-02
   2.5718400e-02
   1.6477093e-02
   1.2637171e-02
   1.8540969e-02
   2.5025031e-02
   1.1259496e-02
   1.7592812e-02
   3.7691765e-02
   5.0991882e-02
   3.6755089e-02
   2.3629194e-02
   1.5059181e-02
   1.7226890e-02
   1.0415348e-02
   1.5909268e-02
   5.1388044e-02
   4.6834208e-02
   2.9220261e-02
   1.3448209e-02
   5.6094187e-03
   1.9736731e-02
   2.3405280e-02
   3.0058715e-02
   2.0848244e-02
   2.2006573e-02
   2.0723308e-02
   1.4509065e-02
   1.1336823e-02
   1.1969630e-02
   3.4656222e-03
   2.4798675e-02
   2.4391992e-02
   2.6572112e-02
   1.5766362e-02
   1.6283341e-02
   7.1921679e-03
   9.6479701e-03
   1.3730073e-02
   3.0223919e-02
   5.9476815e-02
   3.8396075e-02
   2.9293753e-02
   1.0912909e-02
   2.0960080e-02
   2.4942501e-02
   2.9850191e-02
   2.2534594e-02
   2.4401149e-02
   1.6979756e-02
   1.8368755e-02
   2.3667995e-02
   2.0437803e-02
   2.2247959e-02
   1.6855774e-02
   1.2850870e-02
   4.1853571e-03
  -5.6765559e-03
  -1.0793526e-03
   1.2647664e-02
   3.2009471e-02
   3.5943523e-02
   2.6649749e-02
   2.1252941e-02
   1.2221879e-02
   3.6493037e-04
   2.9217595e-02
   6.2947452e-02
   5.1234689e-02
   4.5219868e-02
   2.7826359e-02
   4.0641829e-02
   5.8929589e-02
   5.5391617e-02
   4.4165127e-02
   2.3184603e-02
   1.4515069e-02
   8.6731054e-02
   2.3432645e-01
   2.4349880e-01
   1.2784596e-01
   3.6867734e-02
   4.2773569e-03
   5.8192052e-02
   3.8302460e-01
   8.4755373e-01
   8.6913103e-01
   5.3860158e-01
   2.0679450e-01
   7.5639583e-02
   7.9442300e-02
   2.1758191e-01
   2.9973698e-01
   2.5784552e-01
   1.9958103e-01
   1.6636892e-01
   1.2835526e-01
   7.5841241e-02
   3.2776631e-02
   2.9235343e-02
   5.6753829e-02
   6.1929334e-02
   6.5230653e-02
   5.5081498e-02
   2.4629831e-02
   4.6042580e-02
   4.6463329e-02
   2.9692642e-02
   2.5941754e-02
   2.0066846e-02
   1.2341172e-02
   2.1377236e-02
   1.6520437e-02
   2.3439718e-02
   3.4485295e-02
   4.3962870e-02
   9.7358059e-03
   7.9373894e-03
   2.5585968e-02
   2.5615796e-02
   1.4657540e-02
   2.3497945e-02
   6.8390626e-03
   3.0281693e-02
   2.1755766e-02
   2.6665080e-02
   3.2581355e-02
   3.2744415e-02
   5.9502861e-03
   1.5515070e-02
   3.0802723e-02
   8.0028735e-03
   5.3266650e-03
   2.6266279e-02
   1.4107057e-02
   2.9394958e-02
   4.2646348e-02
   3.2084905e-02
   2.4447324e-02
   1.8169524e-02
   1.1950397e-02
   4.3607246e-02
   5.2801374e-02
   6.4698890e-02
   2.7951734e-02
   1.8598124e-02
   1.3078615e-02
   1.2557192e-02
   1.5727594e-02
   2.1632915e-02
   1.7724352e-02
   4.3286312e-02
   5.9981477e-02
   5.1321059e-02
   3.9169408e-02
   4.0771388e-02
   1.8347843e-02
   8.7698996e-03
   9.1567561e-02
   2.3160987e-01
   2.6200187e-01
   1.9374406e-01
   9.6808717e-02
   2.9358091e-02
   4.5585413e-02
   8.0376856e-02
   7.6393157e-02
   7.9157427e-02
   7.0489123e-02
   4.1237455e-02
   2.5615137e-02
   8.6906916e-03
   9.5845144e-03
   1.4654850e-02
   1.9057073e-02
   2.3350129e-02
   2.4060773e-02
   2.7765810e-02
   5.3150896e-03
   1.3036873e-02
   1.0944616e-02
   9.5939031e-03
   2.8886527e-03
   7.8527341e-03
  -7.1817632e-03
   9.9747116e-03
   2.0088784e-02
   3.0898696e-02
   1.6365806e-02
   1.2709131e-02
   8.1234407e-03
   2.8114453e-02
   2.9330026e-02
   1.3465584e-02
   2.0127285e-02
   1.8127583e-02
   1.1608413e-02
   4.7215298e-02
   3.3228885e-02
   2.8643116e-02
   2.1161437e-02
   1.7673153e-02
   1.1499087e-02
   2.3996124e-02
   2.2711590e-02
   1.6925551e-02
   1.6713329e-02
   1.2150166e-02
   2.1129142e-02
   2.9265691e-02
   3.5168882e-02
   3.5680875e-02
   1.5051750e-02
   1.4507901e-02
   1.7840018e-02
   1.7502861e-02
   3.2846496e-02
   4.3437708e-02
   1.9812472e-02
   1.1078685e-02
   1.1042606e-02
   7.6870671e-03
   2.0901257e-02
   2.9688096e-02
   2.2553688e-02
   2.8493781e-02
   4.6776909e-02
   3.6717813e-02
   1.6901242e-02
   7.8188432e-03
   1.8467700e-02
   2.3177058e-02
   6.3318335e-02
   1.1287444e-01
   9.7112842e-02
   4.8978139e-02
   1.9792940e-02
   9.8231025e-03
   1.6438587e-02
   4.1300870e-02
   4.7868945e-02
   4.5038041e-02
   3.7638515e-02
   4.4114087e-02
   3.0504139e-02
   2.3881821e-02
   1.2661689e-02
   1.9055182e-02
   2.0794328e-02
   3.1063603e-02
   3.5181195e-02
   1.8087173e-02
   2.6842397e-02
   1.0572690e-02
   9.2736064e-03
   1.9737331e-02
   1.8772641e-02
   1.3154881e-02
   1.2963125e-02
   3.0406339e-02
   1.3140458e-02
   6.3198102e-03
   1.1440980e-02
   2.5079971e-02
   2.5171807e-02
   1.3291329e-02
   2.1148361e-02
   1.7319402e-02
   1.8825417e-02
   1.6040811e-02
   2.1527072e-02
   1.9292744e-02
   2.4293758e-02
   2.9183971e-02
   3.1275626e-02
   1.3243401e-02
   2.0018632e-02
   1.8581038e-02
   1.3149326e-02
   7.3066037e-03
   9.9897590e-03
   3.2514106e-03
   7.1122916e-03
   2.0266322e-02
   1.2608955e-02
   1.4194824e-02
   1.3688857e-02
   1.3322751e-02
   1.2419326e-02
   2.5245935e-02
   1.9806763e-02
   1.5457948e-02
   1.4372483e-02
   9.9270428e-03
   1.7495200e-02
   8.6292978e-03
   2.6276512e-02
   2.7076675e-02
   6.9264667e-03
   3.9050635e-03
   1.4235953e-02
   2.3287561e-02
   1.2700656e-02
   2.0936092e-02
   1.7941892e-02
   3.2073978e-02
   4.3082491e-02
   3.9276335e-02
   4.3209042e-02
   1.4545666e-02
   4.3460354e-03
   2.0337939e-02
   2.7503101e-02
   1.9582355e-02
   1.3368445e-02
   1.1615643e-02
   2.1380480e-02
   3.1470440e-02
   1.6993755e-02
   2.2631073e-02
   1.1971995e-02
   1.7450519e-02
   8.2415035e-03
   7.8253578e-03
   1.3019351e-02
   2.8425690e-02
   2.1146774e-02
   2.0365277e-02
   8.8329148e-03
   2.4878267e-02
   1.8571263e-02
   3.4511060e-02
   2.6264545e-02
   2.6285497e-02
   2.4893362e-02
   2.0153197e-02
   2.0784816e-02
   2.4994910e-02
   2.6785910e-02
   1.7559813e-02
   2.2338709e-02
   3.5696995e-02
   1.6149791e-02
   1.0133337e-02
   5.4949694e-03
   1.0796313e-02
   1.7791539e-02
   2.0413749e-02
   3.3076413e-02
   2.5327433e-02
   2.9751740e-02
   3.4513693e-02
   1.5931357e-02
   2.0034600e-02
   1.9893633e-02
   2.2944223e-02
   1.8950675e-02
   3.4961339e-02
   2.0632725e-02
   5.9444355e-03
   2.3265665e-02
   1.6421154e-02
   1.8508669e-02
   1.3224539e-02
   1.5765153e-02
   1.8762460e-02
   1.2212087e-02
   9.3404995e-03
   2.0955024e-02
   1.0685490e-02
   1.3423097e-02
