   6.5058790e-02
   7.3268794e-02
   7.5996190e-02
   5.9332654e-02
   2.8544677e-02
   8.8286735e-03
   1.9682746e-02
   6.4459212e-02
   3.0206032e-02
   6.0444929e-02
   8.9232549e-02
   6.2835298e-02
   1.0545191e-01
   8.8100053e-02
   3.5535969e-02
   4.7754534e-02
   1.0109225e-01
   8.3547004e-02
   9.1572709e-02
   1.2510133e-01
   1.8407308e-02
   2.2243813e-02
   7.9858653e-02
   5.6912135e-02
   6.3954212e-02
   7.6848567e-02
   8.7682135e-02
   7.9706430e-02
   6.0411114e-02
   7.3624849e-02
   9.4420567e-02
   9.0168133e-02
   6.3894108e-02
   3.0722002e-02
   1.8177927e-02
   6.6029020e-02
   1.2549351e-01
   8.3703615e-02
   7.1043387e-02
   7.8889705e-02
   1.0209113e-01
   4.3016803e-02
   6.1128929e-02
   9.3915679e-02
   6.3222528e-02
   7.2164334e-02
   8.0847256e-02
   9.7819567e-02
   6.6083618e-02
   8.3820820e-02
   5.5183843e-02
   5.2268021e-02
   6.2115315e-02
   2.7319748e-02
   3.3067424e-02
   6.1577018e-02
   7.9812750e-02
   7.2303064e-02
   9.6022680e-02
   1.1620558e-01
   1.1437099e-01
   3.0944541e-02
   1.4163234e-02
   5.7868656e-02
   3.9946187e-02
   5.9685819e-02
   6.3597880e-02
   1.8591417e-02
   2.2199992e-02
   3.7689600e-02
   4.7316447e-02
   4.7418114e-02
   9.3471982e-02
   7.4719355e-02
   2.3824779e-02
   5.5331558e-02
   1.2081870e-01
   8.1351787e-02
   7.0145309e-02
   3.0170202e-02
   4.4361383e-02
   5.2571740e-02
   5.2607279e-02
   7.2621517e-02
   1.8096656e-02
   5.5441357e-02
   4.8605595e-02
   4.6188124e-02
   4.3317333e-02
   8.6966403e-02
   4.6817970e-02
   6.5251932e-02
   3.5194658e-02
   6.7282058e-02
   6.2062599e-02
   3.5480559e-02
   5.3980675e-02
   1.1865609e-01
   1.2259004e-01
   5.1691152e-02
   6.6161521e-02
   4.0395152e-02
   1.3397219e-02
   3.0584056e-02
   1.0075266e-02
   6.9521546e-02
   1.1139364e-02
   5.5927798e-02
   1.1812358e-01
   6.9122910e-02
   3.1902101e-02
   4.8294041e-02
   6.4881578e-02
   1.4964364e-01
   2.1985509e-01
   1.6985779e-01
   8.0438897e-02
   2.4447210e-02
   5.8056794e-02
   1.0334371e-01
   7.6998614e-02
   1.0936749e-01
   9.5611632e-02
   3.0066350e-02
   3.5233717e-02
   3.8635809e-02
   7.8348309e-02
   7.8183576e-02
   6.8218179e-02
   8.1817262e-02
   1.0966459e-01
   7.1545579e-02
   8.1818469e-02
   3.5256993e-02
   6.9797777e-02
   6.6571221e-02
   1.1806760e-01
   1.0850226e-01
   1.0012590e-01
   8.8872097e-02
   6.8921037e-02
   1.8617138e-02
   2.1172414e-02
   5.1992632e-02
   9.7708538e-02
   7.1068235e-02
   4.6932150e-02
   5.1700048e-02
   2.4054876e-02
   7.9609230e-02
   1.0551628e-01
   8.0379747e-02
   4.6585895e-02
   5.2141272e-02
   3.3617340e-02
   8.4543206e-02
   9.1542929e-02
   6.1906967e-02
   4.6559513e-02
   4.9365111e-02
   3.9491072e-02
   5.0673153e-02
   4.5294028e-02
   7.6987781e-03
   5.2512020e-02
   8.4360130e-02
   6.7944229e-02
   9.9518657e-02
   6.2965520e-02
   5.0473593e-02
   1.8211039e-02
   4.2283643e-02
   7.3356517e-02
   5.5161901e-02
   3.5198826e-02
   5.4276999e-02
   5.6189973e-02
   1.0528719e-01
   1.1144992e-01
   7.5241566e-02
   5.0918784e-02
   7.3685437e-02
   1.1530714e-01
   9.1178052e-02
   4.5863550e-02
   3.3555981e-02
   3.7975550e-02
   5.9680969e-02
   2.3227675e-02
   5.2270941e-02
   4.1748226e-02
   6.6562369e-02
   5.1835664e-02
   5.9963781e-02
   7.7619478e-02
   3.5871185e-02
   5.6006122e-02
   5.6182280e-02
   8.7809652e-02
   6.7866571e-02
   4.0570598e-02
   1.7944491e-02
   6.2481187e-02
   8.4433511e-02
   7.8512155e-02
   7.0824668e-02
   7.9091512e-02
   6.6971853e-02
   4.3738622e-02
   7.9403944e-02
   4.7378182e-02
   5.4579418e-02
   7.3035993e-02
   4.6063498e-02
   8.5584715e-02
   5.7078913e-02
   4.5074712e-02
   3.0689143e-02
   6.5225825e-02
   1.0820081e-01
   9.3246706e-02
   6.6333801e-02
   7.4218690e-02
   5.8900081e-02
   8.3875977e-02
   1.3555832e-01
   1.1286110e-01
   6.7438081e-02
   1.3224868e-01
   6.7266576e-02
   1.1377574e-01
   6.7987792e-02
   9.7643673e-02
   8.8413872e-02
   1.8886559e-02
   8.6378127e-02
   1.0342590e-01
   8.8118464e-02
   1.5909752e-02
   2.3959331e-02
   8.8982470e-02
   1.7208110e-01
   7.1779780e-02
   3.6932297e-02
   3.9556984e-02
   7.3702835e-02
   6.7128137e-02
   4.7039684e-02
   5.6058064e-02
   8.2038432e-02
   6.5319054e-02
   8.9423820e-02
   5.6624010e-02
   4.9863044e-02
   9.4118081e-02
   8.4415428e-02
   2.2982636e-02
   1.5989231e-02
   1.0423620e-02
   6.5545715e-02
   7.7912338e-02
   1.1159121e-01
   3.7171166e-02
   4.0095672e-02
   6.3259371e-02
   4.9065851e-02
   1.0968719e-01
   6.5172091e-02
   5.5361535e-02
   1.0179960e-01
   8.4606901e-02
   1.0295214e-01
   6.6349804e-02
   5.0866071e-02
   8.5925400e-02
   4.3431539e-02
   7.4670918e-02
   8.4547251e-02
   5.7003643e-02
   9.8641813e-02
   9.3445517e-02
   7.4217699e-02
   5.9593476e-02
   1.2231243e-01
   8.4535629e-02
   2.1134518e-02
   2.2492165e-02
  -5.2303281e-03
   2.2092242e-02
   5.9093073e-02
   8.6548038e-02
   3.0726939e-02
   5.3134371e-02
   8.0470055e-02
   1.3895704e-01
   1.0663597e-01
   1.1367555e-01
   1.0901193e-01
   8.5191220e-02
   5.9362695e-02
   7.5027481e-02
   7.7114478e-02
   7.6313265e-02
   5.4736972e-02
   5.0071422e-02
   1.2154992e-01
   7.5872540e-02
   2.8544258e-02
   7.4831016e-02
   9.5033243e-02
   8.4777102e-02
   8.5016914e-02
   1.0487171e-01
   1.0643208e-01
   7.4785538e-02
   6.3830122e-02
   7.8866154e-02
   9.6990600e-02
   8.2896315e-02
   6.2229440e-02
   5.8135439e-02
   1.1461759e-01
   7.7380098e-02
  -7.9094684e-03
   8.6944997e-02
   1.0306132e-01
   1.1438046e-01
   4.6866022e-02
   6.5877527e-02
   4.4576857e-02
   4.4631802e-02
   2.3688287e-02
   3.5551462e-02
   6.2466025e-02
   8.8693455e-02
   7.3165670e-02
   8.6572617e-02
   1.8773729e-02
   4.5405976e-02
   8.8558063e-02
   5.8039278e-02
   5.3427346e-02
   5.1278304e-02
   6.5141886e-02
   6.1379060e-02
   4.4670179e-02
   2.5675131e-02
   5.4264158e-02
   4.2944953e-02
   3.6527444e-02
   5.3900786e-02
   7.5879291e-02
   1.1656353e-01
   3.7988786e-02
   2.6999945e-02
   6.7847043e-02
   8.2131959e-02
   1.3357091e-01
   1.3956372e-01
   6.9803834e-02
   3.0600375e-02
   1.7798049e-02
   6.1082397e-02
   6.3815787e-02
   7.0197485e-02
   7.5363077e-02
   5.9906542e-02
   6.3415781e-02
   4.2138241e-02
   8.2280457e-02
   3.3511233e-02
   2.0275194e-02
   3.9532039e-02
   6.0891788e-02
   3.1806361e-02
   9.7752228e-02
   7.1212336e-02
   3.0024825e-02
   4.1991495e-02
   4.9644429e-02
   9.5853701e-02
   1.0816089e-01
   7.1177617e-02
   2.9243609e-02
   6.9902025e-02
   9.5017377e-04
   1.1326290e-02
   1.8582543e-02
   2.6754843e-02
   6.7818820e-02
   1.0283877e-01
   6.5587208e-02
   5.9233580e-02
   5.1256996e-02
   6.8877630e-02
   5.2522782e-02
   6.7607947e-02
   9.7746886e-02
   9.5226422e-02
   4.4685710e-02
   5.8375049e-02
   7.8984395e-02
   1.1345037e-01
   1.3557065e-01
   5.8610499e-02
   2.7975649e-02
   1.8563095e-02
   5.9138838e-02
   8.8401422e-02
   5.1951487e-02
   4.9918041e-02
   6.2683970e-02
   7.1286045e-02
   7.8183368e-02
   1.3243638e-01
   2.2119632e-01
   1.7237502e-01
   1.3835864e-01
   8.5080691e-02
   7.0386924e-02
   8.1269078e-02
   1.3208666e-01
   8.5282415e-02
   1.0887164e-01
   6.8537161e-02
   1.0681461e-01
   6.7489073e-02
   6.2493503e-02
   5.9828226e-02
   5.8299046e-02
   1.0821707e-02
   5.7882905e-02
   4.2435203e-02
   5.9593141e-02
   8.6084738e-02
   7.5440809e-02
   1.3989855e-01
   1.3325219e-01
   7.4131735e-02
   9.0505496e-02
   1.0105563e-01
   6.5915890e-02
   6.0487457e-02
   5.1225752e-02
   5.5770963e-02
   4.3485366e-02
   4.4439700e-02
   7.9631098e-02
   8.2301937e-02
   3.1032931e-02
   4.8469599e-02
   3.3074286e-02
   6.5544337e-02
   1.1615156e-01
   1.1839607e-01
   9.0405039e-02
   7.5390726e-02
   1.4485714e-02
   2.7319098e-02
   2.9102327e-02
   6.3449726e-02
   5.2652061e-02
   2.9256877e-02
   3.4219131e-02
   5.0958451e-02
   2.6528375e-02
   5.8515023e-02
   3.9932910e-02
   1.0858770e-02
   7.8417264e-02
   5.7940107e-02
   1.3412347e-02
   5.2916646e-02
   6.5264165e-02
   3.8789447e-02
   3.9959751e-02
   7.1223803e-02
   7.1328230e-02
   4.0377393e-02
   5.0514489e-02
   5.3558975e-02
   8.2954094e-02
   4.9783722e-02
   6.6966407e-02
   5.8685891e-02
   8.6194940e-02
   9.8701127e-02
   6.2750958e-02
   5.7739589e-02
  -4.3786508e-03
   5.6712694e-02
   5.7280298e-02
   2.7233081e-02
   5.3106766e-02
   8.5474819e-02
   1.3476051e-01
   1.0841215e-01
   6.2968157e-02
   3.9157625e-02
   1.3718609e-02
   5.5639815e-02
   7.8780949e-02
   4.7945973e-02
   4.3258131e-02
   5.7561919e-02
   4.3468930e-02
   9.5320910e-02
   8.6902797e-02
   3.7814148e-02
   7.3983543e-02
   5.7594229e-02
   5.8885280e-02
   7.4098170e-02
   7.1436793e-02
   3.0922735e-02
   4.1986406e-02
   3.7678700e-02
   5.7249721e-02
   4.0592145e-02
   5.4342981e-02
   3.7480671e-02
   2.4115514e-02
   6.8899222e-02
   7.8618139e-02
   4.3915629e-02
   5.4619689e-02
   5.1170133e-02
   6.5097578e-02
   5.5407416e-02
   6.3447870e-02
   9.0217046e-02
   1.1287422e-01
   1.2213560e-01
   9.6183948e-02
   4.9834348e-02
   5.1756848e-02
   6.7385942e-02
   1.4310545e-01
   2.4281713e-01
   1.7426892e-01
   7.7033654e-02
   9.7794972e-02
   8.8931307e-02
   7.1578301e-02
   5.9173942e-02
   8.5665263e-02
   7.1082436e-02
   4.4851638e-02
   3.1083034e-02
   9.5973782e-02
   7.9051897e-02
   4.4661667e-02
   1.0142973e-02
   1.1566106e-02
   3.1095799e-02
   4.0756032e-02
   5.8248047e-02
   7.2755411e-02
   6.3285440e-02
   7.7685289e-02
   1.8235639e-01
   1.6730776e-01
   1.3058753e-01
   8.7534972e-02
   5.0436880e-02
   5.2460600e-02
   3.0386353e-02
   8.5009806e-02
   1.9425550e-01
   1.9952035e-01
   1.1434304e-01
   4.5517590e-02
   3.2776684e-02
   3.7097719e-02
   3.6469497e-02
   7.9961635e-02
   8.1373580e-02
   9.8615512e-02
   5.5955306e-02
   3.8797874e-02
   1.7821664e-02
   6.4520232e-02
   9.4857134e-02
   1.1897860e-01
   8.9937471e-02
   3.5104591e-02
  -1.0341922e-03
   1.0704508e-01
   3.3326876e-01
   3.8547403e-01
   2.8383112e-01
   3.0402237e-01
   1.7401575e-01
   5.8601584e-02
   2.0211080e-02
   2.5527975e-01
   1.1773484e+00
   1.5106179e+00
   7.8741360e-01
   3.0070037e-01
   1.5106098e-01
   1.7363071e+00
   5.8987837e+00
   5.5145926e+00
   2.3235903e+00
   6.2269169e-01
   3.3237836e-01
   5.2877158e-01
   7.2507757e-01
   1.1072108e+00
   9.0719503e-01
   5.7046092e-01
   2.5874397e-01
   8.0274656e-02
   1.0237766e-01
   1.6757779e-01
   3.3661249e-01
   3.9430785e-01
   2.2054391e-01
   1.2298947e-01
   1.4096561e-01
   1.5379825e-01
   1.7342862e-01
   2.5802067e-01
   3.8893962e-01
   5.4830432e-01
   3.0681071e-01
   1.1829282e-01
   6.5024056e-02
   2.5396157e-02
   6.7660339e-02
   1.1112106e-01
   8.1539959e-02
  -1.1853965e-02
   3.9878163e-02
   3.4807272e-02
   3.7786294e-02
   6.1654307e-02
   6.9967918e-02
   5.2958280e-02
   2.9056543e-02
   3.8151950e-02
   7.7289104e-02
   1.4283141e-01
   1.0190959e-01
   4.0506732e-02
   6.0063202e-02
   1.2167159e-01
   2.5121653e-01
   2.5446957e-01
   1.1042720e-01
   7.7288054e-02
   2.5816378e-01
   3.3621314e-01
   1.8775658e-01
   7.6888889e-02
   1.5462314e-01
   1.7429897e-01
   1.1618865e-01
   1.3194870e-02
   2.7981279e-02
   1.8455972e-01
   5.6003070e-01
   6.2377137e-01
   3.5011068e-01
   8.4680185e-02
   3.6000691e-02
   6.9177777e-02
   1.0019679e-01
   2.0417549e-01
   2.3292097e-01
   1.5012239e-01
   8.4299825e-02
   4.5762237e-02
   4.6427246e-02
   5.8254056e-02
   4.5453079e-02
   4.4226531e-02
   4.8405018e-02
   3.2442369e-02
   7.9012357e-02
   9.5128782e-02
   1.2224183e-01
   1.0708138e-01
   8.1863537e-02
   1.7742118e-01
   1.6566566e-01
   3.3620600e-02
   1.1105559e-01
   1.0760611e-01
   1.5157677e-01
   8.8767797e-02
   7.3488310e-02
   5.7911467e-02
   9.5684431e-02
   1.4827439e-01
   1.4486417e-01
   1.2018307e-01
   3.9490256e-02
   7.3304906e-02
   5.9059124e-02
   6.2744506e-02
   1.4678709e-01
   1.9347620e-01
   1.3871107e-01
   1.1093003e-01
   1.0768521e-01
   1.3976824e-01
   1.5134400e-01
   1.4283060e-01
   1.3813631e-01
   1.6703933e-01
   2.1232842e-01
   1.5934440e-01
   1.1480453e-01
   2.3670086e-01
   4.8822057e-01
   4.2563015e-01
   1.6878849e-01
   9.9928407e-03
   2.5782493e-01
   1.1510146e+00
   1.5034945e+00
   6.9536638e-01
   2.2153063e-01
   9.4818197e-02
   2.0621236e-01
   2.9233372e-01
   3.0514380e-01
   2.8415611e-01
   2.6334599e-01
   9.3468376e-02
   3.6701772e-02
   5.9773553e-02
   6.4773031e-02
   6.9119453e-02
   9.6645840e-02
   7.0986450e-02
   3.8746357e-02
   1.8199435e-02
   5.7041988e-02
   7.1912147e-02
   4.0702153e-02
   3.5910036e-02
  -1.1367800e-02
   7.8564622e-03
   2.8096547e-02
   6.0792934e-02
   6.1738744e-02
   5.3357929e-02
   7.8323372e-02
   8.6276568e-02
   6.5713055e-02
   1.1373234e-01
   5.2199289e-02
   4.7640439e-02
   6.2531121e-02
   6.3316710e-02
   3.1641461e-02
   7.2580203e-02
   2.9487852e-02
   8.2115732e-02
   8.5860081e-02
   6.0239125e-02
   7.4521124e-02
   1.5316080e-01
   1.4618348e-01
   1.7730574e-01
   1.2693310e-01
   6.7404822e-02
   2.6899789e-02
   6.1272845e-02
   1.7039686e-02
   7.0231751e-02
   6.7833997e-02
   1.6729467e-01
   1.8082996e-01
   1.1356845e-01
   5.6076065e-02
   9.4575480e-02
   1.9388248e-01
   1.8817320e-01
   1.5747653e-01
   7.0447274e-02
   9.4008550e-02
   7.5650573e-02
   8.9023419e-02
   1.0941243e-01
   1.2693369e-01
   7.9370908e-02
   4.8555586e-02
   7.0694447e-02
   1.3415167e-01
   1.3097049e-01
   1.0526374e-01
   7.5871199e-02
   5.9503142e-02
   5.2356604e-02
   3.3972666e-02
   4.7424745e-02
   1.3272844e-01
   1.0911039e-01
   1.3664220e-01
   9.1051288e-02
   4.3004990e-02
   8.5274681e-02
   3.8608681e-02
   7.7745706e-02
   9.1348670e-02
   1.2921262e-01
   5.8762982e-02
   3.5454843e-02
   3.4932081e-02
   4.8583750e-02
   6.8376414e-02
   1.2526789e-01
   1.2610507e-01
   9.6643135e-02
   1.2849040e-01
   9.2486463e-02
   4.8528910e-02
   2.4178641e-02
   9.3012482e-02
   4.7493264e-02
   7.4955493e-02
   8.2178742e-02
   5.1130146e-02
   5.0206758e-02
   8.9255519e-02
   7.8185059e-02
   7.7917248e-02
   5.4158859e-02
   1.0014150e-01
   8.2482018e-02
   5.0097495e-02
   3.3871934e-02
   2.7127102e-02
   5.3805880e-02
   9.6841320e-02
   1.3212059e-01
   8.7481089e-02
   5.5206299e-02
   5.4914590e-02
   9.0204805e-02
   1.5274790e-01
   1.2280117e-01
   3.8685191e-02
   3.4981612e-02
   6.2211126e-02
   5.0156146e-02
   4.0422514e-02
   1.0283355e-01
   1.3507949e-01
   1.6515322e-01
   1.2631612e-01
   1.1227883e-01
   3.0564666e-02
   1.0018589e-01
   9.9804491e-02
   9.0527609e-02
   9.8050289e-02
   1.1450543e-01
   1.3832073e-01
   2.1448214e-01
   2.1701452e-01
   1.2539549e-01
   2.4094574e-02
   5.6654762e-02
   1.3233154e-01
   1.3405797e-01
   1.0743333e-01
   7.9953149e-02
  -2.4920568e-02
   3.5628792e-02
   1.2694882e-01
   1.0389238e-01
   5.1916353e-02
   7.2645135e-02
   3.4879744e-02
   5.3581737e-02
   3.9264970e-02
   4.2473175e-02
   7.4988790e-02
   3.7959609e-02
   4.0143248e-02
   4.0255237e-02
   5.5792831e-02
   9.6371822e-02
   2.2460662e-02
   3.1549003e-02
   4.4778526e-02
   7.7767856e-02
   8.1008904e-02
   6.2669732e-02
   9.9905461e-02
   6.6016123e-02
   8.4629662e-02
   5.4613471e-02
   1.7561125e-02
   6.6563658e-02
   1.0694589e-01
   6.8993248e-02
   3.0177765e-02
   1.1476605e-01
   1.2202406e-01
   8.7460630e-02
   8.9795329e-02
   1.1605688e-01
   6.9351330e-02
   4.9264338e-02
   7.9752691e-02
   5.6539293e-02
   9.2445530e-02
   7.4133769e-02
   6.0639098e-02
   1.0142642e-01
   1.3483082e-01
   7.4557737e-02
   1.3272899e-01
   1.0980588e-01
   1.3754991e-01
   8.9392342e-02
   1.1860646e-01
   1.0463329e-01
   1.4210148e-01
   1.6580482e-01
   3.6038782e-02
   4.3961927e-02
   8.7241717e-02
   9.9967897e-02
   1.1465180e-01
   1.0913640e-01
   1.2710579e-01
   1.6959241e-01
   1.4655547e-01
   7.6627553e-02
   7.0233442e-02
   9.0205431e-02
   1.7037547e-01
   1.5229084e-01
   7.1777828e-02
   8.8847205e-02
   1.1720254e-01
   1.8767516e-01
   2.5466999e-01
   1.6801368e-01
   8.0483280e-02
   1.3432448e-01
   2.7357027e-01
   2.2809368e-01
   2.1060111e-01
   1.5998672e-01
   2.3745936e-01
   3.7989837e-01
   3.2705578e-01
   1.4576888e-01
   1.1678249e-01
   3.7715513e-01
   5.6225866e-01
   2.7444151e-01
   8.3136395e-02
   1.0142976e-01
   5.4491913e-01
   9.0262705e-01
   6.4646506e-01
   1.8306533e-01
   1.1954196e-01
   6.0775185e-01
   8.3201844e-01
   5.9456301e-01
   3.5821140e-01
   1.7347494e-01
   1.9585724e-01
   2.5142360e-01
   1.3301325e-01
   8.9775652e-02
   1.0853519e-01
   2.0582302e-01
   1.8532822e-01
   9.2385009e-02
   9.4618097e-02
   9.8891802e-02
   1.2028725e-01
   5.7536654e-02
   3.9013561e-02
   3.7420496e-02
   4.9365938e-02
   1.0079984e-02
  -4.2005550e-02
   5.7928294e-02
   6.8247013e-02
   4.0953867e-02
   6.0315646e-02
   3.1982925e-02
   3.0499997e-02
   7.1471237e-02
   5.4044195e-02
   1.3878691e-02
  -3.1303123e-02
   2.7806785e-02
   6.5703876e-02
   9.5960729e-02
   4.6111610e-02
   9.9190608e-02
   1.4893167e-01
   1.1058195e-01
   9.5110193e-02
   1.0653947e-01
   1.0089155e-01
   8.9997806e-02
   8.4573485e-02
   8.3402261e-02
   1.1122687e-01
   1.2196007e-01
   1.7235872e-01
   9.8849446e-02
   8.1316866e-02
   6.1948642e-02
   1.2627734e-01
   2.1982826e-01
   1.9450203e-01
   9.6640609e-02
   4.4962861e-02
   1.2426572e-01
   1.3338190e-01
   9.0668052e-02
   7.3718399e-02
   4.7187608e-02
   9.2509240e-02
   1.6332513e-01
   1.4299351e-01
   5.2527379e-02
   3.9033677e-02
   6.2436458e-02
   9.4484821e-02
   4.6095133e-02
   1.5807161e-02
   5.7340536e-02
   8.5159048e-02
   7.8069828e-03
   2.8762065e-02
   7.4156709e-02
   6.9648065e-02
  -7.7042724e-03
   3.7578888e-02
   8.4906504e-02
   4.1290656e-02
   2.7437635e-02
   3.3579424e-03
   3.0392958e-02
   4.7301639e-02
   8.5578896e-02
   6.5326318e-02
   6.8179466e-02
   4.2952582e-02
   4.4239242e-02
   5.1023185e-02
   7.1593828e-02
   9.2185391e-03
   2.8749179e-02
   6.5917715e-02
   4.5777112e-02
   9.7945653e-02
   9.5155552e-02
   7.1851783e-02
   6.2417135e-02
   1.1237576e-01
   1.6984470e-01
   1.9071081e-01
   1.4713722e-01
   1.2002168e-01
   1.1892734e-01
   9.5671609e-02
   1.2726028e-01
   1.6406938e-01
   1.5978372e-01
   1.3787612e-01
   1.3373111e-01
   7.9128355e-02
   1.1788477e-01
   1.5365395e-01
   1.3534454e-01
   1.2272547e-01
   1.0553057e-01
   7.9511069e-02
   3.4943901e-02
   2.9409837e-02
   4.1338302e-02
   6.7476198e-02
   2.9916577e-02
   4.7459949e-02
   8.0528975e-02
   7.3095568e-02
   4.0762007e-02
   5.2649047e-02
   6.7243971e-02
   6.4714313e-02
   5.0029248e-02
   6.7197859e-02
   5.1177174e-02
   3.7882019e-02
   4.7164835e-02
   1.4416510e-02
   3.9478313e-02
   3.6752559e-02
   3.4945160e-02
   4.3129243e-02
   9.8990299e-02
   9.3185835e-02
   8.3996736e-02
   6.9089137e-02
   1.0160848e-01
   1.0150358e-01
   5.5009253e-02
   6.2450133e-02
   8.9002296e-02
   4.0593687e-02
   1.1026757e-01
   1.0277756e-01
   1.1093561e-01
   1.2237170e-01
   6.4008668e-02
   8.7702811e-02
   1.1268005e-01
   7.5993478e-02
   5.9349909e-02
   4.7529560e-02
   5.0173163e-02
   9.5372004e-03
   5.9805486e-02
   1.0637787e-01
   1.6919470e-01
   1.0275735e-01
   1.2893273e-01
   6.0120508e-02
   5.0519835e-02
   3.8838681e-02
   2.3951435e-02
   4.9587477e-02
   8.1075720e-02
   7.9287857e-02
   7.2213918e-02
   7.1044251e-02
   8.2303904e-02
   7.8283086e-02
   5.1008735e-02
   4.8060257e-02
   3.8764443e-02
   6.3709706e-02
   5.8005601e-02
   6.8849467e-02
   6.7988209e-02
   8.2261011e-02
   5.4993905e-02
   4.9203552e-02
   7.1016833e-02
   5.3003341e-02
   8.7298855e-02
   1.1653667e-01
   5.8278043e-02
   4.2438839e-02
   6.1893437e-02
   9.1326587e-02
   7.5011805e-02
   8.1813209e-02
   9.0231501e-02
   7.8714512e-02
   4.7813509e-02
   3.6838446e-02
   7.8965155e-03
   8.8986546e-02
   9.4387680e-02
   9.4808392e-02
   4.9378086e-02
   3.7625298e-02
   4.7922380e-02
   1.0540196e-01
   1.2285339e-01
   1.1391828e-01
   1.2594658e-01
   1.0043027e-01
   2.9998060e-02
   5.4017406e-02
   6.5368377e-02
   1.0976696e-01
   1.2688950e-01
   1.1856517e-01
   7.5136580e-02
   9.1194034e-02
   9.9664904e-02
   8.4500857e-02
   5.6319471e-02
   4.8619848e-02
   8.7497063e-02
   5.4218948e-02
   6.3649297e-02
   7.5893439e-02
   8.0016911e-02
   4.1400477e-02
   8.5307032e-02
   8.1258200e-02
   7.1507268e-02
   6.7390785e-02
   4.2286403e-02
   7.8846790e-02
   8.3966717e-02
   1.3886650e-01
   7.2539799e-02
   9.9324219e-02
   6.3427828e-02
   8.8024242e-03
   1.5021893e-02
   2.6039578e-02
   4.6724983e-02
   3.9114665e-02
   8.1031285e-02
   9.4823793e-02
   1.0229281e-01
   7.4506722e-02
   1.0670682e-01
   1.0092685e-01
   5.5842977e-02
   5.5377927e-02
   4.3726508e-02
   3.2491785e-02
   4.1289032e-02
   5.3782173e-02
   1.8459199e-02
   1.6681928e-02
   1.8897418e-02
   5.2028012e-02
   8.8947646e-02
   8.8645741e-02
   7.5811066e-02
   3.8171973e-02
   4.3005537e-02
   9.2661396e-02
   6.7315668e-02
   4.4671316e-02
   3.8378794e-02
   4.0193029e-02
   5.5029900e-03
   5.7140887e-02
   8.7595284e-02
   6.1424032e-02
   4.1162997e-02
   3.9423451e-02
   3.7747521e-02
   6.5159656e-02
   3.3029631e-02
   4.2645287e-02
   4.6196148e-02
   6.4419165e-02
   6.8348549e-02
   9.1382280e-02
   6.7938089e-02
   5.2209575e-02
   4.0366765e-02
   3.8823005e-02
   7.1264848e-02
   2.9990297e-02
   2.2593658e-02
   5.4070998e-02
   5.7400718e-02
   7.0300497e-02
   6.2889539e-02
   7.1072586e-02
   7.7030152e-02
   9.8972656e-02
   4.6106122e-02
   7.8429453e-02
   6.4800963e-02
   6.7613527e-02
   5.9056249e-02
   8.8255748e-02
   5.4566875e-02
   4.7411919e-02
   4.0478125e-02
   4.8296731e-02
   5.1515214e-02
   3.6015637e-02
   1.0221545e-01
   7.1076743e-02
   5.6775574e-02
   4.8839178e-02
   3.8812656e-02
   6.1468251e-02
   6.1008662e-02
   4.7737319e-02
   7.6966852e-02
   9.9308662e-02
   1.0838785e-01
   9.5143810e-02
   1.2000073e-01
   2.2731332e-02
   3.7718348e-02
   3.1829815e-02
   3.3887103e-02
   3.6852863e-02
   5.1809940e-02
   4.1196022e-02
   7.1564086e-02
   7.2179042e-02
   7.1205370e-02
   5.1459923e-02
   5.6259315e-02
   8.1560485e-02
   3.9604615e-02
   5.1335331e-02
   5.8394056e-02
   5.3612728e-02
   7.2322533e-02
   7.9124928e-02
   1.6515521e-02
   2.1088077e-02
   4.1801743e-02
   2.2684190e-02
   6.6488244e-02
   8.2842283e-02
   6.6524066e-02
   7.5319342e-02
   3.9418764e-02
   8.7398276e-02
   8.3291449e-02
   5.0632872e-02
   4.2957973e-02
  -1.1267231e-03
   2.5696982e-02
   1.5237420e-02
   4.7018051e-02
   4.5395773e-02
   6.2671296e-02
   8.9418776e-03
   1.9007999e-02
   2.8987542e-02
   4.7074899e-02
   7.4770540e-02
   9.1373503e-02
   5.4274663e-02
   6.8014987e-02
   8.5207410e-02
   6.4687200e-02
   5.2821510e-02
   3.9251100e-02
   4.0550392e-02
   8.5698575e-02
   1.3137256e-01
   1.0464748e-01
   5.2690648e-02
   1.7837621e-02
   8.5970268e-02
   1.3600041e-01
   1.1397658e-01
   9.3847126e-02
   9.9018894e-02
   4.3654498e-02
   7.3074386e-02
   6.5242738e-02
   8.5618325e-02
   4.4374831e-02
   2.7654294e-02
   4.7511347e-02
   7.3106147e-02
   7.6181568e-02
   7.7566959e-02
   4.4378985e-02
   8.3418094e-02
   6.8834186e-02
   5.8624826e-02
   8.6868562e-02
   7.6970555e-02
   7.1138963e-02
   4.7786132e-02
   3.8728695e-02
   5.2081343e-02
   1.1994697e-02
   4.7361854e-02
   6.4942613e-02
   4.8484668e-02
   2.5830284e-02
   5.1002402e-02
   5.5916183e-02
   5.3980779e-02
   4.1584309e-02
   3.1861842e-02
   1.9997524e-02
   5.5439930e-02
   8.6716689e-02
   3.2857854e-02
   2.5274098e-02
   4.0258460e-02
   3.1913668e-02
   6.0002912e-02
   7.6716721e-02
   7.7946335e-02
   6.6517062e-02
   6.9545418e-02
   5.4373782e-02
   7.6823995e-02
   9.2125945e-02
   6.0972199e-02
   7.5523287e-02
   9.3484325e-03
   3.5904419e-02
   8.3812818e-02
   1.1721354e-01
   1.0196835e-01
   5.5643290e-02
   7.2952742e-03
   3.2146435e-02
   5.7910021e-02
   5.8081202e-02
   5.7096705e-02
   4.2563263e-02
   3.0957669e-02
   2.1699978e-02
   7.5621597e-02
   1.0915842e-01
   5.7670116e-02
   6.7326121e-02
   2.8586650e-02
   4.1783698e-02
   1.3274902e-02
   3.7767347e-02
   5.2095216e-02
   6.1698113e-02
   8.5464038e-02
   6.1260026e-02
   6.6975750e-02
   6.4572021e-02
   5.6219835e-02
   5.3260017e-02
   5.3617258e-02
   3.5163760e-02
   7.4047305e-02
   4.6034470e-02
   2.1854933e-02
   5.9848890e-02
   8.2370125e-02
   6.3399799e-02
   5.9089303e-02
   6.1341945e-02
   7.0922427e-02
   8.7898351e-02
   6.5108888e-02
   6.8318360e-02
   5.6429859e-02
   4.0433746e-02
   8.8302836e-02
   5.2967384e-02
   4.8288148e-02
   4.9559344e-02
   7.1953550e-02
   3.7819803e-02
   9.8163690e-03
   4.8252773e-02
   5.0290018e-02
   4.1093759e-02
   1.9394061e-02
   4.5849595e-02
   4.5157764e-02
   5.8463208e-02
   2.3371238e-02
   4.0113997e-02
   6.5435387e-02
   6.4574093e-02
   5.6664590e-02
   7.1620725e-02
   6.6791877e-02
   5.3058904e-02
   5.1947009e-02
   6.0245503e-02
   1.4613075e-02
   2.9828232e-02
   4.4688858e-02
   3.9477315e-02
   2.4416057e-02
   1.9656735e-02
   3.1838823e-02
   2.9170975e-02
   6.5582648e-02
   9.5511444e-02
   5.7813510e-02
   8.9041054e-02
   8.7946668e-02
   6.7474522e-02
   6.0068946e-02
   6.0473148e-02
   6.1622456e-02
   1.1268529e-01
   4.9974654e-02
   6.5847948e-02
   9.2320323e-02
   9.2268877e-02
   7.9450458e-02
   8.4536418e-02
   8.7935096e-03
   5.5472616e-02
   6.3171685e-02
   5.6848798e-02
   4.2737596e-02
   2.8423898e-02
   6.8476349e-02
   3.3258587e-02
   4.7455508e-02
   7.4223235e-02
   8.5546978e-02
   7.7647753e-02
   5.7889961e-02
   4.0759880e-02
   6.1727833e-02
   7.2627351e-02
   4.1122731e-02
   8.0650978e-02
   8.0281265e-02
   2.5117818e-02
   1.8404307e-02
   6.2188067e-02
   4.4972286e-02
   3.8593505e-02
   2.6395803e-02
   5.9426211e-02
   7.7104948e-02
   6.6115923e-02
   2.9662082e-02
   3.5953946e-02
   2.9509267e-02
   6.0247529e-02
   9.6007273e-02
   6.5567665e-02
   9.4044492e-02
   9.1065034e-02
   4.0919051e-02
   3.8729277e-02
   4.4851009e-02
   3.7822906e-02
   5.5740457e-02
   5.8514535e-02
   2.2563130e-02
  -2.9532409e-03
   2.3460014e-02
   6.1255407e-02
   5.7161115e-02
   1.7863490e-02
   3.9508782e-02
   6.6504471e-02
   5.6814395e-02
   6.7517437e-02
   6.1635055e-02
   7.0308052e-02
   8.3329163e-02
   5.5727683e-02
   2.5492074e-02
   2.0660209e-02
   3.7096981e-02
   4.9076144e-02
   7.2027333e-02
   4.6059664e-02
   3.6343042e-02
   1.9633055e-02
   6.7890905e-02
   6.0335521e-02
   2.9661758e-02
   4.6520881e-02
   3.6660869e-02
   6.4240240e-02
   9.9537201e-02
   7.6218806e-02
   8.6990461e-02
   1.7191220e-02
   5.0683759e-02
   8.5232720e-02
   3.6854867e-02
   6.3695304e-02
   6.8137705e-02
   7.4825898e-02
   5.8889739e-02
   2.3237383e-02
   4.0291395e-02
   7.0410885e-02
   5.6063175e-02
   6.1647292e-02
   4.4246957e-02
   8.6048245e-02
   6.8956867e-02
   8.1948519e-02
   8.7677121e-02
   4.7769420e-02
   3.8846865e-02
   1.3126611e-02
   3.2483991e-02
   5.0278265e-02
   4.4015244e-02
   6.0302727e-02
   7.7544942e-02
   8.1666879e-02
   6.6186585e-02
   4.6711236e-02
   9.3479022e-02
   1.2763390e-01
   6.3715100e-02
   5.4529518e-02
   1.0150429e-01
   7.0879467e-02
   7.0795052e-02
   5.6898817e-02
   6.0227692e-02
   4.1620184e-02
   8.8330675e-03
   5.4665606e-02
   7.9271965e-02
   3.0981185e-02
   6.1755586e-02
   6.3694812e-02
   6.1163198e-02
   7.7137567e-02
   6.9214374e-02
   5.9777431e-02
   6.7294568e-02
   7.4437149e-02
   7.2977133e-02
   6.7692049e-02
   3.6460951e-02
   3.1439215e-02
   3.3609666e-02
   5.1218592e-02
   1.6093228e-02
   3.0579967e-02
   5.7410579e-02
   1.0257664e-01
   6.1457478e-02
   5.5677652e-02
   5.0128933e-02
   3.2798760e-02
   4.9913123e-02
   2.5598276e-02
   6.5239243e-02
   8.3755516e-02
   3.5915513e-02
   5.8452655e-02
   6.7988567e-02
   6.0633115e-02
   2.1190710e-02
   2.0675464e-02
   5.5342328e-02
   4.4309642e-02
   5.4591417e-02
   4.3352436e-02
   4.7984745e-02
   9.8103315e-02
   6.5260991e-02
   5.1538885e-02
   2.2233073e-02
   2.7281482e-02
   7.1982384e-02
   5.5559605e-02
   3.6580805e-02
   7.4269101e-02
   6.2269006e-02
   4.9545117e-02
   7.1196571e-02
   8.1828184e-02
   8.2920447e-02
   7.7528886e-02
   4.9274802e-02
   5.6753844e-02
   6.8630889e-02
   2.0603100e-02
   3.4143522e-02
   5.2080102e-02
   6.4921439e-02
   3.6227696e-02
   2.9347593e-02
   7.2515815e-02
   7.1867734e-02
   4.3383412e-02
   4.8374739e-02
   4.2256955e-02
   1.0268287e-01
   1.0849465e-01
   5.9463225e-02
   5.5459905e-02
   4.5835655e-02
   2.3026448e-02
   2.2875478e-02
   4.5853291e-02
   1.2588157e-01
   8.1803046e-02
   7.8219660e-02
   1.0263740e-01
   1.1066280e-01
   9.4734937e-02
   5.1773753e-02
   3.1528480e-02
   5.3026546e-02
   4.1543230e-02
   7.4769318e-02
   9.7618423e-02
   1.5906443e-01
   1.6082783e-01
   1.0580385e-01
   9.1049217e-02
   9.8136313e-02
   7.1134418e-02
   3.9663374e-02
   3.2218646e-02
   1.3934655e-02
   7.5848684e-02
   9.7810239e-02
   1.1606105e-01
   1.0658754e-01
   9.4841994e-02
   4.0548511e-02
   3.9552692e-02
   5.5064481e-02
   7.9332046e-02
   4.6281900e-02
   2.4779540e-02
   1.9481085e-02
   2.7400840e-02
   1.5712308e-02
   3.4542549e-02
   4.9697202e-02
   2.4018416e-02
   5.3483531e-02
   9.4939612e-02
   9.5281683e-02
   8.9625470e-02
   1.0232311e-01
   6.5580323e-02
   3.4273736e-02
   3.4155250e-02
   7.8112192e-02
   5.6682453e-02
   8.6678714e-02
   8.0831543e-02
   9.2610776e-02
   4.5654535e-02
   1.1540176e-01
   1.4564630e-01
   1.6311097e-01
   1.0443958e-01
   8.6892150e-02
   6.0815502e-02
   4.4339254e-02
   6.1409627e-03
   3.7568565e-02
   8.0865301e-02
   2.0792969e-01
   3.1254768e-01
   2.8051013e-01
   1.5721026e-01
   8.6311385e-02
   8.3353974e-02
   8.4537610e-02
   3.1612609e-02
   2.0433458e-02
   5.7588872e-02
   6.0594928e-02
   4.3145500e-02
   9.8619856e-02
   1.2601939e-01
   1.0751559e-01
   1.3874899e-01
   7.6305427e-02
   2.0291174e-02
   2.3046033e-02
   2.5089601e-02
   2.3833685e-02
   9.5772736e-02
   1.0442712e-01
   7.3196925e-02
   1.1272626e-01
   7.9920299e-02
   6.2380351e-02
   4.3910000e-02
   3.7977066e-02
   3.6123745e-02
   1.4375178e-02
   9.3420316e-03
   3.6491703e-02
   4.8154850e-02
   5.9350699e-02
   3.4602441e-02
   5.1710527e-02
   4.7190707e-02
   5.6869704e-02
   8.6573593e-02
   5.8351520e-02
   6.0861055e-02
   2.5200363e-02
   1.2890817e-02
   5.2548114e-02
   5.7873428e-02
   5.9790354e-02
   4.9119357e-02
   6.9063216e-02
   4.6783481e-02
   3.1057278e-02
   8.4761821e-02
   8.4732026e-02
   3.4176756e-02
   2.6073409e-02
   3.7600141e-02
   9.8482475e-02
   8.9764036e-02
   3.5366748e-02
   4.9930826e-02
   9.5795125e-02
   8.0453023e-02
   6.1419565e-02
   3.6455382e-02
   3.9656051e-02
   3.8331907e-02
   6.9643565e-02
   5.9048139e-02
   4.9840786e-02
   3.7835114e-02
   4.7039531e-02
   7.5713649e-02
   5.2378733e-02
   1.3584565e-02
   4.1137714e-02
   3.9226938e-02
   4.8772786e-02
   7.2041243e-02
   1.2444355e-02
   6.0407668e-03
   3.8674138e-02
   3.1198278e-02
   5.8531646e-02
   1.2883477e-01
   1.3753994e-01
   8.3757669e-02
   8.9225531e-02
   1.2765047e-01
   6.5934010e-02
   6.0262010e-02
   4.8433423e-02
   7.3713288e-02
   5.6526624e-02
   3.8231608e-02
   7.8612700e-04
   6.1918523e-02
   6.1626587e-02
   5.1329017e-02
   3.4952685e-02
   9.3287051e-02
   8.8968441e-02
   5.8276039e-02
   5.4853112e-02
   6.7200013e-02
   5.8573812e-02
   6.1816111e-02
   2.9457433e-02
   4.3116540e-02
   7.7221312e-02
   5.6414858e-02
   7.2289266e-02
   8.8820502e-02
   7.2504222e-02
   4.6559893e-02
   6.5492690e-02
   6.1154056e-02
   5.1656689e-02
   6.8839759e-02
   5.6516636e-02
   4.9282763e-02
   4.0798042e-02
   5.3883933e-02
   7.8812614e-02
   3.8032282e-02
   6.8919733e-02
   6.0569536e-02
   4.9221940e-02
   5.5401132e-02
   6.3977197e-02
   5.0913204e-02
   6.5207370e-02
   3.3986870e-02
   3.9593752e-02
   6.8044782e-02
   1.0106217e-01
   8.7079316e-02
   8.0363199e-02
   8.4187523e-02
   7.6626845e-02
   2.2048568e-02
   3.7843682e-02
   6.1464377e-02
   4.9174450e-02
   9.9592142e-02
   6.8865784e-02
   3.7382402e-02
   4.0377062e-02
   6.0309198e-02
   3.3105418e-02
   4.7025178e-02
   5.7584800e-02
   4.2212810e-02
   3.2620706e-02
   2.3084138e-02
   5.4822013e-02
   5.4991610e-02
   2.5562637e-02
   4.1958246e-02
   2.3982646e-02
   4.7813646e-02
   8.0618680e-02
   6.9035307e-02
   6.9263183e-02
   6.0496569e-02
   7.9635806e-02
   4.5108400e-02
   2.8360905e-02
   5.3941123e-02
   4.2136967e-02
   2.2992836e-02
   3.4898553e-02
   5.5683117e-02
   4.1570526e-02
   5.6770194e-02
   5.0805092e-02
   6.1403561e-02
   6.0588315e-02
   7.6801114e-02
   3.7313912e-02
   3.6762007e-02
   8.1003867e-02
   7.8200214e-02
   6.9190003e-02
   7.3052943e-02
   9.6981980e-02
   8.1917241e-02
   7.7035256e-02
   1.7210793e-02
   3.1288378e-02
   3.6233488e-02
   5.1860388e-02
   5.2035816e-02
   5.1712360e-02
   5.6932643e-02
   7.3445663e-02
   5.8928803e-02
   1.1060280e-01
   6.9951363e-02
   5.1698785e-02
   8.7814651e-02
   9.3003191e-02
   6.7941979e-02
   5.9375364e-02
   6.1761186e-02
   8.7806351e-02
   6.4916991e-02
   7.5117312e-02
   6.2241148e-02
   5.1326241e-02
   7.4798502e-02
   5.7335149e-02
  -5.3869342e-03
   1.9132780e-02
   2.2311281e-02
   4.0137544e-02
   8.1322379e-02
   5.2473996e-02
   8.1397891e-02
   6.3845314e-02
   7.3083848e-02
   6.2122785e-02
   3.3716489e-02
   3.2087233e-02
   6.8567097e-02
   4.0182386e-02
   5.0782558e-02
   6.1298493e-02
   9.5859706e-02
   4.3120895e-02
   3.9566383e-02
   4.6768457e-02
   8.7545879e-02
   4.1987732e-02
   3.5078540e-02
   5.5940647e-02
   2.5921935e-02
   2.9174844e-02
   4.3063737e-02
   2.3115199e-02
   3.9115414e-02
   5.5586107e-02
   2.2716923e-02
   3.1654835e-02
   7.7316694e-02
   7.0212178e-02
   3.2636307e-02
   4.4275720e-02
   3.3679694e-02
   2.4836393e-02
   3.2800302e-02
   6.1320852e-02
   8.4875099e-02
   1.0983174e-01
   1.0631680e-01
   8.5960142e-02
   7.8424536e-02
   7.9001859e-02
   8.1660926e-02
   7.8043133e-02
   6.1417893e-02
   3.6670793e-02
   2.8129561e-02
   5.8319721e-02
   5.3093776e-02
   5.7248451e-02
   3.0585892e-02
   6.2352899e-02
   6.9886729e-02
   8.0823310e-02
   5.3810358e-02
   4.6643011e-02
   4.7985595e-02
   1.2061603e-02
   2.2431267e-02
   9.6183799e-02
   9.1209635e-02
   6.6099532e-02
   5.6476753e-02
   6.6965774e-02
   8.0963269e-02
   6.7093298e-02
   1.1659429e-01
   2.0370199e-01
   1.8339680e-01
   1.3108027e-01
   9.9526405e-02
   6.9321536e-02
   6.0553055e-02
   6.5601192e-02
   7.6480955e-02
   1.0508453e-01
   1.0553072e-01
   6.0673300e-02
   5.4413695e-02
   2.2264218e-02
   2.9687144e-02
   6.3510627e-02
   1.3811682e-01
   1.9433281e-01
   1.3632140e-01
   4.5554124e-02
   4.2374570e-02
   1.7769709e-02
   5.4643337e-02
   8.5376218e-02
   2.2314598e-01
   2.7941462e-01
   2.2222042e-01
   1.1716551e-01
   1.0732704e-01
   4.8254613e-02
   8.5787207e-02
   7.5778089e-02
   6.8646543e-02
   9.1414422e-02
   4.2600188e-02
  -2.6096325e-02
   6.7906074e-02
   1.0862955e-01
   1.4374997e-01
   1.7462018e-01
   1.2754074e-01
   8.9175381e-02
   1.0675372e-01
   8.4652565e-02
   5.8074173e-02
   7.0105702e-02
   8.9334540e-02
   6.0407348e-02
   8.5068226e-02
   1.0647360e-01
   8.2611270e-02
   9.2126593e-02
   1.2238926e-01
   1.2280107e-01
   9.0059876e-02
   5.2568749e-02
   6.9067650e-02
   6.3478373e-02
   4.6716787e-02
   9.4987852e-05
   6.1465386e-02
   1.2359596e-01
   1.0632733e-01
   5.1353712e-02
   5.8062889e-02
   6.3933916e-02
   5.1344588e-02
   8.7081224e-02
   5.8464479e-02
   2.2037704e-02
   1.9639004e-02
   8.3894894e-02
   9.2894986e-02
   3.0413799e-02
   4.9770173e-02
   4.0884145e-02
   7.1503513e-02
   6.9806889e-02
   2.8910939e-02
   6.1125837e-02
   2.5885953e-02
  -5.1547443e-03
   2.4700319e-02
   1.0484853e-01
   6.7381874e-02
   7.2826177e-04
   2.8319363e-02
   2.1866174e-02
   5.5381864e-02
   5.1153425e-02
   1.1401808e-01
   1.4831288e-01
   1.6716345e-01
   1.0594244e-01
   8.0520347e-02
   4.5635507e-02
  -1.1039187e-02
   3.0883705e-02
   1.8978140e-01
   3.1531128e-01
   3.2391563e-01
   1.3437653e-01
   1.0931529e-01
   4.0978365e-02
   3.8806040e-02
   5.5312697e-02
   7.1886025e-02
   1.6246426e-01
   1.6199219e-01
   8.9374967e-02
   7.8445241e-02
   5.4176625e-02
   4.2214487e-02
   7.8854106e-02
   1.7384002e-01
   2.0340599e-01
   1.6717769e-01
   8.7659776e-02
   7.1350992e-02
   8.3651893e-02
   9.1037579e-02
   1.7399372e-01
   4.4203663e-01
   4.9076065e-01
   3.7289482e-01
   1.7867348e-01
   3.7563268e-02
   5.9099946e-02
   4.6638444e-02
   4.6673052e-02
   8.7666377e-02
   4.6601910e-02
   1.4768908e-02
   1.1861030e-01
   1.7608352e-01
   1.9001031e-01
   1.2882806e-01
   1.4714716e-01
   1.3384552e-01
   3.9730072e-02
   6.9618843e-02
   4.4576552e-02
   7.6947339e-02
   3.5204429e-02
   2.6221415e-02
   4.1132674e-02
   7.4628204e-02
   6.0888473e-02
   3.5574466e-02
   4.4748120e-02
   6.9400281e-02
   1.5972773e-02
   4.6412323e-02
   7.3116444e-02
   6.5224051e-02
   7.7786043e-02
   5.2990004e-02
   4.9283143e-02
   7.7050939e-02
   4.5186188e-02
   8.6086310e-02
   7.4192055e-02
   1.2034857e-01
   1.1960969e-01
   9.7275719e-02
   5.2849859e-02
   4.5925371e-02
   1.0942664e-02
   7.0766680e-02
   9.5352322e-02
   4.6473667e-02
   1.2208543e-01
   1.1399358e-01
   9.1498025e-02
   1.1390219e-01
   3.6459029e-02
   4.2246077e-02
   4.4974700e-02
   3.5853479e-02
   6.0936268e-02
   7.0491552e-02
   5.4575019e-02
   4.5761045e-02
   6.2163286e-02
   4.2523775e-02
   3.6601711e-02
   3.9217781e-02
   2.0304436e-02
   5.7097301e-02
   8.2357422e-02
   5.4656614e-02
   9.0470135e-02
   8.9853436e-02
   5.8390651e-02
   6.7232527e-02
   9.1681182e-03
   6.0361162e-02
   7.8390442e-02
   7.7865742e-02
   1.1123469e-01
   5.6384623e-02
   5.7834394e-02
   5.8215488e-02
   3.9686777e-02
   1.2361268e-01
   8.6330742e-02
   4.1869141e-02
   8.6252294e-02
   6.9819614e-02
   7.3339798e-02
   6.4754970e-02
   5.6441117e-02
   1.5930725e-02
   5.4746844e-02
   1.0754280e-01
   6.9283992e-02
   5.4581430e-02
   6.1175477e-02
   6.1412387e-02
   4.1719873e-02
  -2.3193590e-03
   1.1499726e-02
   8.5483208e-02
   9.1634765e-02
   6.9983199e-02
   7.4110225e-02
   5.7507370e-02
   7.3070079e-02
   7.4442662e-02
   5.3883046e-02
   5.8289986e-02
   2.8909786e-02
   5.2197911e-02
   9.3861982e-02
   7.2353430e-02
   6.4687639e-02
   9.1718473e-02
   9.7201638e-02
   6.0644761e-02
   3.8878959e-02
   1.9226527e-02
   3.8917309e-03
   4.9390383e-02
   5.9197474e-02
   6.4456120e-02
   4.4714581e-02
   6.9814436e-02
   7.1795486e-02
   5.6373648e-02
   1.0976909e-01
   8.2575060e-02
   8.0769837e-02
   6.5210707e-02
   6.7835294e-02
   6.5737054e-02
   3.9056763e-02
   6.2093500e-02
   3.8037110e-02
   8.0358200e-02
   7.1416765e-02
   8.0362312e-02
   4.7869220e-02
   4.5018002e-02
   2.3275163e-02
   5.0693352e-02
   1.1146144e-01
   1.0229738e-01
   8.9168683e-02
   9.9847570e-02
   1.1752015e-01
   9.3236953e-02
   6.5981388e-02
   1.7896118e-02
   1.0269794e-01
   6.2240556e-02
   6.0074151e-02
   8.6197384e-02
   4.2966336e-02
   8.5267611e-02
   9.4724201e-02
   8.6099498e-02
   9.5257282e-02
   3.3929124e-02
   2.1420766e-02
   7.0254289e-02
   1.0711059e-01
   2.5782019e-01
   3.9535424e-01
   3.6993456e-01
   1.7871265e-01
   1.3369474e-01
   2.7242851e-02
   3.8594808e-02
   2.7884934e-02
   4.6284437e-02
   6.7562453e-02
   6.6362664e-02
   1.1386579e-01
   9.3000636e-02
   7.4628226e-02
   7.4268691e-02
   1.1844169e-01
   9.8703548e-02
   5.8967419e-02
   3.3871852e-02
   9.7148500e-02
   1.3306816e-01
   9.5001489e-02
   7.7772804e-02
   2.4720376e-02
   3.6243793e-02
   2.8383583e-02
   7.1624525e-02
   1.0226005e-01
   6.0787983e-02
   4.0496584e-02
   5.0991997e-02
   6.5928891e-02
   2.2419281e-02
   4.6945516e-02
   1.8886840e-02
   4.7767039e-02
   7.5358965e-02
   5.9080973e-02
   4.7667786e-02
   6.9533437e-02
   4.9536735e-02
   6.4464003e-02
   1.1846571e-01
   5.6522246e-02
   5.5143782e-03
   8.5206311e-03
   7.9610221e-02
   1.9111106e-01
   2.3892398e-01
   2.0448558e-01
   8.7274112e-02
   3.1403162e-02
   1.4350771e-02
   2.5141187e-02
   9.8662890e-02
   1.2351194e-01
   1.5030578e-01
   1.0836343e-01
   4.8821695e-02
   5.3809803e-02
   5.3559862e-02
   9.5903702e-02
   1.4720219e-01
   1.0091838e-01
   1.0658197e-01
   1.5581386e-01
   9.8685578e-02
   7.7285565e-02
   8.7332934e-02
   2.7635735e-02
   4.1599728e-02
   4.3872029e-02
   5.6601070e-02
   7.4003510e-02
   2.1639429e-01
   1.9698781e-01
   1.5317900e-01
   5.9022356e-02
   4.3584518e-02
   7.6552078e-02
   5.8628529e-02
   3.1975785e-01
   8.5323381e-01
   9.8176813e-01
   6.5370399e-01
   2.9163715e-01
   1.4709970e-01
   8.7770164e-02
   4.9575172e-02
   5.8467358e-02
   2.9348865e-02
   8.6440980e-02
   1.3772759e-01
   1.3466147e-01
   1.3767587e-01
   7.6734930e-02
   4.1352004e-02
   9.4972979e-03
   4.5578972e-02
   3.2762930e-02
   5.4878138e-02
   3.5736796e-02
   5.9567112e-02
   7.8987807e-02
   9.9854171e-02
   7.4382924e-02
   8.4089696e-02
   5.3542979e-02
   8.4461391e-02
   6.3270338e-02
   6.6770889e-02
   8.2818918e-02
   7.1759477e-02
   8.2134955e-02
   5.1697575e-02
   4.0125694e-02
   2.1057125e-02
   4.5691554e-02
   5.5942860e-02
   2.4110053e-02
   1.1845070e-02
   4.6146236e-02
   8.8521197e-02
   5.8125217e-02
   8.0407880e-02
   4.4979911e-02
   3.7495311e-02
   3.6272205e-02
   1.4136723e-01
   2.3080565e-01
   1.6475525e-01
   9.0079889e-02
   4.0923629e-02
   6.1809316e-02
   5.2168146e-02
   1.3211475e-01
   3.2836258e-01
   3.1604847e-01
   2.1284948e-01
   1.6915195e-01
   1.0407725e-01
   6.8043090e-02
   4.0707394e-02
   6.0902908e-02
   6.1523981e-02
   8.2426481e-02
   3.0672340e-02
   1.2179414e-01
   1.1889151e-01
   1.3054389e-01
   1.5309903e-01
   1.6711800e-01
   1.0336593e-01
   5.8329947e-02
   1.1773974e-01
   2.2648934e-01
   1.6825761e-01
   1.3291706e-01
   1.4590815e-01
   1.2895322e-01
   6.3573860e-02
   4.0830407e-02
   4.1753009e-02
   2.8452531e-02
   6.3642380e-03
   4.7641877e-02
   8.3000042e-02
   6.0406621e-03
   8.6106323e-02
   9.8441474e-02
   9.6196644e-02
   1.1208322e-01
   1.0388789e-01
   5.9625112e-02
   3.7895173e-02
   5.5242561e-02
   9.8700963e-02
   1.0839208e-01
   1.0761511e-01
   1.2515767e-01
   1.1016900e-01
   8.6834475e-02
   9.6324749e-02
   6.6082254e-02
   2.5781306e-02
   4.7306251e-03
   5.8207985e-02
   1.1519521e-01
   2.5293165e-01
   2.4775872e-01
   1.7940325e-01
   9.5344551e-02
   5.6869671e-02
   7.3317267e-02
   3.1015147e-02
   1.7851762e-01
   4.6003121e-01
   5.1433265e-01
   3.5838959e-01
   2.1077526e-01
   1.4628056e-01
   3.4724057e-02
   3.2015290e-02
   6.2810913e-02
   8.7329157e-02
   5.6046482e-02
   6.9242276e-02
   1.1075469e-01
   8.7283306e-02
   8.5436098e-02
   1.1225887e-01
   8.9558609e-02
   2.8680531e-02
   3.8374782e-02
   3.9186910e-02
   8.7578513e-02
   1.2185432e-01
   7.3584154e-02
   5.5162542e-02
   2.7349571e-02
   1.1421506e-02
   6.0878672e-02
   8.0976002e-02
   5.8247838e-02
   1.3472110e-01
   1.0277756e-01
   1.0830874e-01
   9.8526828e-02
   1.1501293e-01
   7.7923506e-02
   2.0120857e-02
   1.6377972e-02
   7.5899243e-02
   7.1865812e-02
   4.9879871e-02
   8.1402853e-02
   1.0598685e-01
   8.6025134e-02
   1.0765189e-01
   1.4666775e-01
   9.5788106e-02
   1.0734464e-01
   5.2814778e-02
   1.8941207e-02
  -2.3043506e-02
  -8.3375033e-03
   4.6495844e-02
   2.0638654e-01
   3.3959883e-01
   2.6628467e-01
   1.5722637e-01
   1.0121465e-01
   3.1486724e-02
   4.2802062e-02
   1.4010976e-01
   5.4669279e-01
   9.8313028e-01
   8.8071978e-01
   5.1588345e-01
   2.1832962e-01
   8.7752715e-02
   4.4740569e-02
   2.7674077e-02
   9.2676714e-02
   4.2315885e-02
   1.1242745e-01
   2.0980616e-01
   1.7361151e-01
   1.4041567e-01
   1.6685158e-01
   7.7928647e-02
   3.2515805e-02
   8.1729479e-03
   6.2287059e-02
   3.7630405e-02
   6.6677779e-02
   8.3567239e-02
   7.2925515e-02
   6.8644144e-02
   1.5976904e-01
   2.9057369e-01
   3.0616212e-01
   2.6260284e-01
   1.2723909e-01
   1.6963391e-01
   5.8354717e-02
   1.1562692e-01
   4.1923174e-01
   7.9828584e-01
   8.6978692e-01
   6.8556273e-01
   4.2941925e-01
   2.8649834e-01
   1.6253501e-01
   6.3886248e-02
   4.0508781e-02
   4.2359702e-02
   1.0950412e-01
   3.3363250e-01
   7.1859449e-01
   7.4653220e-01
   5.4483885e-01
   3.1604257e-01
   1.3956241e-01
   2.7594132e-02
   5.5401508e-02
   1.5103745e-01
   4.1507304e-01
   6.1777639e-01
   6.1777979e-01
   5.4394716e-01
   4.2977288e-01
   3.6498052e-01
   2.4388555e-01
   9.4695352e-02
   6.5710939e-02
   4.4593509e-02
   1.7298682e-01
   5.7518828e-01
   1.0703025e+00
   1.1006901e+00
   6.6667414e-01
   2.9978657e-01
   1.3971643e-01
   8.1846625e-02
   1.2996420e-01
   9.9002391e-01
   2.2015879e+00
   2.8425393e+00
   2.0460420e+00
   1.5451745e+00
   1.8525310e+00
   1.7953271e+00
   1.2480146e+00
   6.8876421e-01
   2.0533402e-01
   1.8731579e-01
   1.1107297e+00
   4.6608696e+00
   8.7499361e+00
   8.5648193e+00
   5.1081624e+00
   2.0394394e+00
   6.2031555e-01
   2.6845717e-01
   2.4628725e+00
   1.4285854e+01
   2.9618675e+01
   2.9387911e+01
   1.7835720e+01
   7.7455244e+00
   2.5193825e+00
   7.4279082e-01
   1.3087589e-01
   2.2281257e-03
   2.6232359e-01
   2.2639973e+00
   4.6850996e+00
   4.5534620e+00
   3.0811188e+00
   1.5608084e+00
   5.2339864e-01
  -4.5416359e-02
  -1.7402481e-02
   2.3538908e-01
   4.8738500e-01
   9.4645733e-01
   1.6779742e+00
   1.5914210e+00
   7.6564038e-01
   4.3472451e-01
   5.1724792e-01
   4.9380666e-01
   3.7162253e-01
   4.2404312e-01
   6.3435245e-01
   8.6299580e-01
   1.0592293e+00
   1.3808585e+00
   2.1554484e+00
   2.0244596e+00
   9.7768867e-01
   3.3576491e-01
   1.0681926e-02
   7.9990745e-02
   2.4395810e-01
   3.9954951e-01
   4.0123168e-01
   3.0360666e-01
   2.8218198e-01
   2.0104408e-01
   1.6653264e-01
   1.2644888e-01
   3.3817112e-01
   2.6909325e-01
   2.2834390e-01
   2.8246152e-01
   2.6450109e-01
   2.2634952e-01
   2.2699580e-01
   6.5941095e-02
  -4.1758209e-02
  -2.1297871e-03
   5.2765232e-02
   3.7653437e-01
   3.9983100e-01
   3.3146507e-01
   1.2126449e-01
  -7.3689027e-03
  -2.0636428e-02
   2.0755832e-01
   6.4988959e-01
   9.4119406e-01
   8.7629741e-01
   5.9743422e-01
   4.1549128e-01
   2.1351323e-01
   5.3823739e-01
   1.3899971e+00
   1.6246644e+00
   1.0396957e+00
   4.2797929e-01
   2.4608807e-01
   4.0989748e-01
   7.9870856e-01
   1.0057344e+00
   5.8390033e-01
   2.0703815e-01
   1.9904344e-01
   1.2919202e-01
   2.0907409e-01
   1.2677166e+00
   3.0224462e+00
   3.2350967e+00
   2.1030090e+00
   9.1944033e-01
   4.3943739e-01
   1.2058049e-01
   9.6888088e-02
  -2.0061417e-03
  -1.5514188e-02
   1.3555798e-01
   5.5987841e-01
   5.9130329e-01
   4.2130959e-01
   2.1500477e-01
   1.2940222e-01
   6.6979297e-02
   4.9798612e-02
   7.8514442e-02
   1.8596478e-01
   2.5695747e-01
   2.4858330e-01
   2.0352225e-01
   6.8122327e-02
   1.0673323e-01
   9.0171851e-02
   3.1943098e-02
   8.6401254e-02
   7.5205512e-02
   1.1283988e-01
   2.1944121e-01
   1.8711849e-01
   2.1859197e-01
   2.7116749e-01
   1.5911430e-01
   1.3360235e-01
   8.1256747e-02
   6.6763170e-02
   1.3118413e-01
   1.8069881e-01
   9.7382665e-02
   7.8996971e-02
   7.1436085e-02
   7.3414437e-02
   4.4644620e-02
   6.2576309e-02
   1.2445627e-01
   1.0373240e-01
   1.3293010e-01
   2.4072528e-01
   1.8294087e-01
   9.7237125e-02
   1.1280610e-01
   8.2953364e-02
  -7.5426716e-03
   3.2243833e-02
   1.7206950e-01
   3.0462590e-01
   3.1872964e-01
   1.8542500e-01
   1.0538334e-01
   4.3116316e-02
   1.1143856e-01
   1.5250647e-01
   3.0295989e-01
   4.9311119e-01
   5.6523472e-01
   2.9023188e-01
   1.7501913e-01
   3.0561343e-01
   5.2245843e-01
   4.2414960e-01
   2.9732734e-01
   1.0125481e-01
  -2.6506901e-04
   2.3776191e-01
   1.0286613e+00
   1.6801610e+00
   1.6295868e+00
   9.7136831e-01
   3.7115067e-01
   4.6977963e-02
   3.9826654e-02
   1.1615345e+00
   4.0070133e+00
   6.1193242e+00
   4.8448687e+00
   2.5542815e+00
   1.0420884e+00
   2.9972517e-01
   1.7047207e-01
   1.0453210e-01
   9.0307027e-02
   3.7110451e-01
   7.5264484e-01
   8.8638484e-01
   6.5549594e-01
   3.6911282e-01
   2.2313690e-01
   7.1917623e-02
   6.3849144e-02
   1.7791633e-01
   1.3705458e-01
   2.1796399e-01
   3.0084750e-01
   2.6780421e-01
   1.5003431e-01
   5.8590792e-02
   7.2661407e-02
   8.2178086e-02
   2.0261344e-02
   3.9679166e-02
   1.1643143e-01
   2.5119859e-01
   2.2083184e-01
   1.1893534e-01
   6.9201633e-02
   4.8940033e-02
   6.0264759e-02
   7.6033197e-02
   6.7856595e-02
   1.1944821e-01
   1.8571657e-01
   1.3284110e-01
   8.9897305e-02
   3.1315368e-02
   2.8869711e-02
   5.0815381e-02
   4.5257021e-02
   6.4685075e-03
   9.5582098e-02
   9.0600401e-02
   1.1499317e-01
   1.3704893e-01
   1.4196961e-01
   1.2660746e-01
   6.1615441e-02
   3.7806433e-02
   6.4712055e-02
   7.3542021e-02
   1.1359574e-01
   1.6963248e-01
   1.6109049e-01
   1.3294587e-01
   5.8775760e-02
   2.2559080e-02
   1.5225687e-02
   1.3125418e-01
   2.2258657e-01
   1.9387458e-01
   1.9561432e-01
   1.0166842e-01
   1.7187928e-01
   1.1621108e-01
   7.4526094e-02
   1.4175658e-01
   1.2491541e-01
   6.8497874e-02
   1.0541907e-01
   2.0155831e-01
   3.4656790e-01
   2.8920031e-01
   2.4091832e-01
   1.7290565e-01
   6.1295860e-02
   5.0784715e-02
   1.6234125e-01
   4.3252480e-01
   7.6970488e-01
   7.1687716e-01
   4.8564175e-01
   2.5826287e-01
   6.4399689e-02
   2.3871221e-02
   6.9009744e-02
   8.8702202e-02
   8.6874351e-02
   1.6847993e-01
   1.5979901e-01
   1.8501452e-01
   1.2834816e-01
   1.0744882e-01
   1.2201032e-01
   6.6044644e-02
   6.4356528e-02
   9.9804133e-02
   1.2627397e-01
   8.9818142e-02
   1.3190278e-01
   4.7925971e-02
   4.3359492e-02
   2.6485067e-02
   2.9029001e-02
   3.0465757e-02
   3.8110539e-02
   4.9276728e-02
   9.8581299e-02
   7.5696446e-02
   6.2241096e-02
   6.7676090e-02
   5.5430043e-02
   2.9660733e-02
   2.0448532e-02
   6.9314010e-02
   1.2818515e-01
   8.3623029e-02
   4.7132403e-02
   6.0998559e-02
   1.1131085e-01
   8.5997261e-02
   1.2816645e-01
   9.1218829e-02
   6.4282671e-02
   6.5301463e-02
   1.4089413e-01
   1.3613828e-01
   8.6960025e-02
   4.1469164e-02
   4.6490837e-02
   5.9558738e-02
   6.6869430e-02
   6.5401487e-02
   9.1018185e-02
   7.5771324e-02
   7.4056543e-02
   6.0567681e-02
   2.4687596e-02
   1.7159291e-02
   2.2854339e-02
   4.7885269e-02
   4.9709629e-02
   1.0575225e-01
   6.4892545e-02
   4.8977569e-02
   4.2647351e-02
   1.2725969e-01
   1.0380679e-01
   7.5549483e-02
   5.1591005e-02
   1.6746407e-02
   2.0336689e-02
   5.7204887e-02
   1.3197885e-01
   1.7559899e-01
   1.3078582e-01
   1.3034521e-01
   6.4375706e-02
  -6.0235607e-03
  -1.3681514e-02
   8.1864253e-02
   2.7164274e-01
   2.8177667e-01
   1.7045137e-01
   9.1779917e-02
   1.1535256e-01
   6.8911381e-02
   1.0961068e-01
   1.3786833e-01
   1.1563282e-01
   1.3042934e-01
   1.5415771e-01
   1.3668875e-01
   6.3691743e-02
   8.9375861e-02
   1.7177406e-01
   1.2665065e-01
   1.2258864e-01
   8.7982811e-02
   5.6003332e-02
   1.3474596e-01
   1.6850594e-01
   1.8125829e-01
   1.6504645e-01
   9.4490439e-02
   4.3434087e-02
   1.4435965e-01
   9.5197693e-02
   1.7272447e-01
   2.3796898e-01
   1.3984019e-01
   6.8044476e-02
   4.9663212e-02
   5.7905048e-02
   8.8878758e-02
   2.0894174e-01
   4.5097733e-01
   4.9665239e-01
   2.6947078e-01
   1.4766088e-01
   8.9296281e-02
   3.0946545e-02
   1.2753665e-01
   2.5277913e-01
   2.1926501e-01
   1.3415143e-01
   1.1134241e-01
   5.7721920e-02
   1.1988829e-02
   8.0539078e-02
   1.7045447e-01
   1.1910274e-01
   1.0270699e-01
   1.1688419e-01
   1.1097825e-01
   6.4794071e-02
   5.6475364e-02
   5.0151125e-02
   5.9454307e-02
   6.7001119e-02
   4.4874638e-02
   5.8651242e-02
   8.3760381e-02
   3.5036143e-02
   6.5409653e-02
   6.6045299e-02
   1.0291792e-01
   6.9186509e-02
   1.2602390e-01
   1.1526832e-01
   9.2403464e-02
   9.3134135e-02
   9.4455510e-02
   6.7108460e-02
   3.9523106e-02
   8.4924616e-02
   9.5088355e-02
   8.6909100e-02
   2.7826561e-02
   2.8564308e-02
   1.0193126e-01
   7.4315764e-02
   8.6615078e-02
   6.5146513e-02
   6.4464487e-02
   4.9512293e-02
   8.3589487e-02
   1.0905323e-01
   1.2468395e-01
   1.0754637e-01
   1.3206801e-01
   1.5119182e-01
   1.0621650e-01
   7.8037791e-02
   6.8303376e-02
   1.0074275e-01
   1.4651051e-01
   7.9101413e-02
   9.9604927e-02
   1.1553138e-01
   1.3759062e-01
   1.7725424e-01
   1.2081957e-01
   8.1276916e-02
   9.5786959e-02
   1.5785222e-01
   1.1881227e-01
   7.4519180e-02
   5.7698235e-02
   8.2311407e-02
   2.4773081e-01
   1.8304229e-01
   8.6401299e-02
   7.3405340e-02
   1.4032680e-01
   1.4992994e-01
   2.4098802e-01
   2.2410996e-01
   2.3695217e-01
   2.1340171e-01
   2.1033873e-01
   1.6402958e-01
   1.5867190e-01
   1.6794425e-01
   1.9932649e-01
   1.3523462e-01
   2.4532564e-02
   1.2241796e-01
   2.5005719e-01
   2.1319154e-01
   2.4879810e-01
   2.3993222e-01
   1.7780036e-01
   1.0706657e-01
   1.2115645e-01
   2.3590878e-01
   3.0622894e-01
   2.5687373e-01
   1.6059394e-01
   3.5260785e-02
   1.0747010e-01
   1.9304582e-01
   2.8509784e-01
   3.3919099e-01
   3.8341275e-01
   1.8822947e-01
   5.5559534e-03
  -3.7410747e-02
   1.8867379e-01
   4.9331087e-01
   5.8144629e-01
   4.1263175e-01
   2.6334062e-01
   3.6452182e-02
   6.8392299e-02
   4.0348825e-01
   4.8954862e-01
   4.9429896e-01
   4.7419247e-01
   3.6684132e-01
   2.5752676e-01
   2.1816681e-01
   5.4885173e-01
   8.6328781e-01
   7.7487981e-01
   5.7976305e-01
   2.5221398e-01
   2.4622625e-02
   2.4117547e-01
   7.0813322e-01
   1.0613662e+00
   8.7861979e-01
   4.8477182e-01
   2.7424622e-01
   6.1970171e-02
   2.1399638e-01
   9.3196213e-01
   1.7069385e+00
   1.7315212e+00
   1.0399759e+00
   5.7139504e-01
   1.3344304e-01
   2.3850673e-01
   6.6085672e-01
   1.0149300e+00
   8.4278822e-01
   5.6746125e-01
   3.3549619e-01
   1.2422296e-01
   1.4294554e-01
   4.1932800e-01
   5.4763579e-01
   3.9037824e-01
   2.7114400e-01
   9.5007412e-02
   7.4229881e-02
   1.5379004e-01
   3.2738221e-01
   4.4364405e-01
   3.1516963e-01
   1.1398511e-01
   8.2126856e-02
   1.5657997e-01
   2.0329681e-01
   1.6869925e-01
   1.0297734e-01
   6.0639318e-02
   8.8184476e-02
   1.2353320e-01
   1.2899290e-01
   1.1502854e-01
   1.7606704e-01
   1.0006133e-01
   5.8011793e-02
   6.7392178e-02
   8.7483957e-02
   9.1140091e-02
   9.5654666e-02
   1.4750211e-01
   1.0217955e-01
   1.1859469e-01
   1.1532214e-01
   5.5815458e-02
   9.9575043e-02
   1.1397860e-01
   5.7965688e-02
   2.1705495e-02
   2.9461183e-02
   5.9871122e-02
   9.7632267e-02
   1.7901407e-01
   1.3274768e-01
   7.8387342e-02
   2.4520589e-02
   3.3580989e-02
   9.2901953e-02
   1.2658145e-01
   1.4564805e-01
   2.0018288e-01
   1.6118336e-01
   4.3110043e-02
   1.1446366e-01
   1.4934517e-01
   2.1299341e-01
   1.7167254e-01
   1.3745044e-01
   6.7215666e-02
   1.6758997e-02
   6.4122401e-02
   1.1281133e-01
   1.5737560e-01
   1.4066063e-01
   9.1217048e-02
   6.0680326e-02
   6.3015416e-02
   8.0445446e-02
   2.3205791e-01
   3.5851189e-01
   3.3483979e-01
   1.0706687e-01
   1.3197242e-02
   1.7371405e-02
   1.1418104e-01
   2.4334426e-01
   2.5168818e-01
   1.5388845e-01
   1.1024304e-01
   8.9397296e-02
   9.4319947e-02
   1.5312870e-01
   1.5283050e-01
   1.8653356e-01
   1.5251036e-01
   8.5546732e-02
   1.1028624e-01
   8.8746689e-02
   1.3657814e-01
   1.2313783e-01
   1.3914560e-01
   9.1781147e-02
   6.4955056e-02
   1.5634717e-02
   3.0910021e-02
   4.0516280e-02
   6.0005847e-02
   7.8861140e-02
   1.1493505e-01
   6.8040349e-02
   9.0669997e-02
   1.4944267e-01
   1.1671281e-01
   7.5219631e-02
   5.8040816e-02
   4.7756799e-02
   2.7083477e-02
   5.8125649e-02
   5.4267097e-02
   1.2066186e-01
   7.5312816e-02
   8.9583375e-02
   8.1042126e-02
   8.4673725e-02
   5.0977860e-02
   7.7689610e-02
   3.5655681e-02
   2.3256747e-02
   2.8130842e-02
   4.6593066e-02
   6.4149357e-02
   8.0053911e-02
   5.0566345e-02
   8.1268601e-02
   4.1256316e-02
   1.9315561e-02
   4.4157431e-02
   6.1030630e-02
   7.6297268e-02
   3.4721274e-02
   1.2732080e-01
   1.1063065e-01
   8.6297184e-02
   4.9933974e-02
   8.1768781e-02
   4.9002793e-02
   1.1861126e-01
   3.3457512e-01
   4.3132585e-01
   3.4489053e-01
   1.8056044e-01
   1.3711511e-01
   1.1381769e-01
   1.0759745e-01
   1.8393947e-01
   2.7969235e-01
   2.7914891e-01
   2.9588595e-01
   2.8696164e-01
   1.7066181e-01
   7.9845294e-02
   3.3081274e-02
   1.1476654e-02
   6.9733009e-02
   1.8866764e-01
   1.5160127e-01
   1.1764676e-01
   8.7216049e-02
   3.6385849e-02
   4.0187821e-02
   6.6806495e-02
   1.0803831e-01
   6.9529571e-02
   6.0625479e-02
   5.9307404e-02
   8.9718021e-02
   9.1093764e-02
   9.5377557e-02
   6.2560543e-02
   9.6026696e-02
   7.8324616e-02
   9.7631142e-02
   5.1332705e-02
   3.1113623e-02
   7.8629293e-02
   1.1336897e-01
   1.0783274e-01
   5.4219898e-02
   7.2668836e-02
   7.3044747e-02
   6.4918980e-02
   5.7252876e-02
   5.6307990e-02
   6.6507943e-02
   1.9434271e-02
   6.0958635e-02
   6.8002753e-02
   3.7360750e-02
   4.4499639e-02
   5.4614607e-02
   3.0797409e-02
   8.1994012e-02
   1.1341927e-01
   5.9136160e-02
   4.9019981e-02
   2.6110435e-02
   5.9568550e-02
   8.0495015e-02
   7.9027429e-02
   7.1587354e-02
   1.1077071e-01
   8.3447963e-02
   4.7481321e-03
  -2.1553070e-03
   4.0931258e-02
   5.7411287e-02
   6.1351150e-02
   5.6293771e-02
   7.7130295e-02
   8.7053254e-02
   3.0228561e-02
   1.5318755e-02
   6.0609337e-02
   4.9424272e-02
   6.0637590e-02
   5.3417180e-02
   3.2739777e-02
   3.1827509e-02
   4.2009220e-02
   5.0071489e-02
   4.9397178e-02
   7.0286915e-02
   2.2211479e-02
   2.9689314e-02
   3.8695894e-02
   9.0730377e-02
   8.8989295e-02
   5.8503333e-02
   6.0510159e-02
   7.7396147e-02
   4.2706903e-02
   8.4588848e-02
   2.6598105e-02
   6.3972004e-02
   4.4430010e-02
   6.0532935e-02
   8.2589969e-02
   7.3548019e-02
   6.0920600e-02
   6.6487119e-02
   6.1709248e-02
   9.3856357e-02
   9.6552372e-02
   9.0254910e-02
   9.2827432e-02
   3.1673826e-02
   6.7438908e-02
   6.0723599e-02
   3.6216803e-02
   5.1614117e-02
   9.8902620e-02
   8.6164393e-02
   7.7159263e-02
   4.6905898e-02
   6.9451027e-02
   2.8230928e-02
   2.5122318e-02
   7.7636890e-02
   9.1537178e-02
   1.1482756e-01
   4.2697206e-02
   4.7346033e-02
   5.1312413e-02
   4.7928043e-02
   8.0105647e-02
   4.7203865e-02
   1.0167427e-01
   8.0379874e-02
   9.4439521e-02
   8.9075290e-02
   6.6222161e-02
   5.8742993e-02
   6.6915467e-02
   9.9934854e-02
   9.8523736e-02
   6.6546269e-02
   4.4867877e-02
   3.3698041e-02
   2.3182509e-02
   1.4845065e-02
   6.7959391e-02
   5.1732801e-02
   1.0898978e-02
   3.0341901e-02
   4.6202376e-02
   4.0613554e-02
   2.0892395e-02
   6.0326159e-02
   5.9051178e-02
   4.2949822e-02
   4.7527112e-02
   8.3964162e-02
   5.7442255e-02
   6.8091206e-02
   8.1907354e-02
   7.3543467e-02
   7.4657887e-02
   1.7596757e-02
   6.4821867e-03
   1.5698871e-02
   5.4667860e-02
   5.9832837e-02
   7.3331662e-02
   6.5460868e-02
   8.2550503e-02
   5.3694729e-02
   5.7074673e-02
   4.3599900e-02
   7.8860246e-02
   7.0134722e-02
   5.3522129e-02
   5.3809635e-02
   6.6771634e-02
   3.5922606e-02
   2.8916569e-02
   3.8093653e-02
   7.8677639e-02
   5.3425569e-02
   2.1403132e-03
   1.6939050e-02
   2.6741818e-02
   3.6887292e-02
   4.3009173e-02
   5.2742135e-02
   1.0273691e-01
   8.8733256e-02
   7.2471887e-02
   4.6649538e-02
   5.4210451e-02
   6.4140178e-02
   5.7307739e-02
   6.4362973e-02
   4.7872055e-02
   5.7422534e-02
   9.1640815e-02
   9.7297758e-02
   5.5921204e-02
   3.5790436e-02
   4.9708042e-02
   6.7396842e-02
   6.9874115e-02
   9.7553305e-02
   5.5821422e-02
   7.0096686e-02
   3.3988096e-02
   3.4845959e-02
   6.2538862e-02
   4.3554369e-02
   6.8524465e-02
   6.3859120e-02
   8.3141305e-02
   3.1227084e-02
   4.1512918e-02
   5.6145485e-02
   3.0511482e-02
   6.5647565e-02
   9.5609300e-02
   4.2071801e-02
   8.5258134e-02
   7.3119275e-02
   3.3701304e-02
   3.9402079e-02
   7.8304410e-02
   4.4849794e-02
   5.8239479e-02
   2.0773174e-02
   2.9979024e-02
   3.3420045e-02
   2.7211390e-02
   4.2072095e-02
   5.7609376e-02
   6.2010016e-02
   2.5156811e-02
   1.6768465e-02
   6.1559979e-02
   4.6543449e-02
   6.2777884e-02
   6.4596720e-02
   3.5676725e-02
   2.5178604e-02
   5.2451033e-02
   3.9491374e-02
   6.5725908e-02
   7.5439572e-02
   2.5593093e-02
   2.9875334e-02
   6.8536326e-02
   2.5261914e-02
   5.6269802e-02
   1.1114093e-02
   2.0975303e-02
   5.7163581e-02
   5.4885861e-02
   5.2885972e-02
   5.6512270e-02
   5.1387675e-02
   4.6074603e-02
   4.3116797e-02
   3.5077702e-02
   3.2170516e-02
   6.7200564e-02
   6.4041577e-02
   3.6210284e-02
   5.6183118e-02
   4.4996452e-02
   7.2810911e-02
   4.7575563e-02
   7.8285292e-02
   7.4549630e-02
   1.6348096e-02
   9.6446639e-03
   1.2575686e-02
   4.0772658e-02
   6.1500054e-02
   6.1222110e-02
   6.2984221e-02
   8.0398127e-02
   6.1785929e-02
   7.5963330e-03
   1.8165786e-02
   4.3430094e-02
   3.9263062e-02
   5.7983156e-02
   3.2296687e-02
   3.9753478e-02
   5.0812732e-02
   6.4120665e-02
   6.9846340e-02
   3.5877891e-02
   6.1236244e-02
   5.6449302e-02
   3.7296243e-02
   1.8118735e-02
   2.9367382e-02
   5.0753005e-02
   4.3535240e-02
   1.4645718e-02
   1.5237617e-02
   5.7987295e-02
   9.5504254e-02
   1.0467931e-01
   6.5086477e-02
   6.8501525e-02
   4.1632421e-02
   6.8070494e-02
   4.6180658e-02
   6.4238183e-02
   9.2810139e-02
   7.5566538e-02
   7.6569714e-02
   3.8346704e-02
   2.7955005e-02
  -6.5259531e-04
   1.3152849e-02
   5.4357257e-02
   1.0810497e-01
   1.0894347e-01
   9.7636282e-02
   6.2630348e-02
   4.7987569e-02
   6.5737568e-02
   4.2789467e-02
   5.7542656e-02
   4.6333220e-02
   4.7940455e-02
   6.0498446e-02
   3.0219583e-02
   3.3456709e-02
   3.3275045e-02
   3.8020089e-02
   5.8628861e-02
   5.2144870e-02
   7.7737704e-02
   5.5671234e-02
   2.1443632e-02
   5.6260828e-02
   6.7067958e-02
   3.4533627e-02
   5.4677822e-02
   6.8689510e-02
   3.6197230e-02
   6.9493398e-02
   4.2488806e-02
   4.3752272e-02
   3.3621676e-02
   2.9646903e-02
   3.5353310e-02
   5.0248090e-02
   3.5069939e-02
   4.5591652e-02
   5.1070083e-02
   3.8611341e-02
   5.5132691e-02
   3.3701342e-02
   2.9322065e-02
   3.2386951e-02
   5.8752306e-02
   2.1611957e-02
   2.1220647e-02
   2.8995657e-02
   6.4014487e-02
   6.2203750e-02
   5.2517198e-02
   4.9464099e-02
   3.1829797e-02
   4.1796453e-02
   2.2614568e-02
   3.9566413e-02
   6.5869272e-02
   3.2506872e-02
   2.2121716e-02
   4.1248247e-02
   3.5556830e-02
   2.2275148e-02
   3.4804340e-02
   4.9464315e-02
   2.1804225e-02
   5.9600219e-02
   4.9236905e-02
   5.3668927e-02
   6.1245251e-02
   8.6213015e-02
   8.4037259e-02
   8.3652101e-02
   1.3280164e-01
   1.1911134e-01
   8.4811978e-02
   6.8748131e-02
   2.2012705e-02
   2.4031365e-02
   1.0066026e-01
   1.9485161e-01
   1.8383670e-01
   1.1822204e-01
   5.5764452e-02
   2.4467491e-02
   4.5790028e-02
   9.3687221e-02
   1.3733093e-01
   1.3239706e-01
   1.2203787e-01
   5.2584309e-02
   4.2032246e-02
   3.8521461e-02
   1.2334574e-02
   3.1384893e-02
   5.9059422e-02
   5.4026026e-02
   7.3241100e-02
   7.1308360e-02
   5.8957957e-02
   3.9673705e-02
   7.1438082e-02
   8.1810586e-02
   6.0982089e-02
   7.5030811e-02
   6.2692732e-02
   3.2997314e-02
  -4.9611758e-03
   2.1052338e-02
   6.1106417e-02
   4.7616597e-02
   2.1828961e-02
   4.0014017e-02
   5.5281535e-02
   4.2948704e-02
   3.8028400e-02
   3.2140557e-02
   2.3591004e-02
   1.9375050e-02
   5.0837453e-02
   1.9588284e-02
   4.9644541e-02
   3.4813736e-02
   4.5956563e-02
   4.7888115e-02
   3.8488671e-02
   3.0032733e-02
   2.1787832e-02
   6.4463049e-02
   4.8257601e-02
   3.2360349e-02
   4.0367540e-02
   3.3406805e-02
   2.3030844e-02
   4.1158687e-02
   3.5874579e-02
   4.8822328e-02
   7.3823430e-02
   2.6708996e-02
   8.0692433e-03
   3.2208469e-02
   8.3807437e-03
   3.4786329e-02
   5.2481938e-02
   7.0905564e-03
   2.3756895e-02
   3.4922320e-02
   3.7212692e-02
   5.1078081e-02
   2.6908495e-02
   1.9998565e-02
   5.0775122e-02
   6.4902313e-02
   3.7313286e-02
   5.4180678e-02
   6.6724934e-02
   7.2148234e-02
   4.3268584e-02
   2.3298310e-02
   3.9565869e-02
   3.0055566e-02
   5.1604960e-02
   4.8813295e-02
   5.3040653e-02
   4.9610760e-02
   5.7407264e-02
   5.8574568e-02
   4.1261632e-03
   1.3544827e-02
   3.5790652e-02
   3.6548920e-02
   1.8337423e-02
   2.4249041e-02
   5.1983539e-02
   3.5020363e-02
   3.3561483e-02
   2.3518501e-02
   3.3565477e-02
   1.9714337e-02
   4.1206401e-02
   5.0912522e-02
   5.3262141e-02
   4.6634689e-02
   3.4527421e-02
   3.8142659e-02
   2.1042340e-02
   1.7656766e-02
   1.8799463e-02
   7.0847720e-02
   6.6481374e-02
   4.0083595e-02
   3.5776123e-02
   1.9886488e-02
   3.2033358e-02
   8.1504300e-02
   5.2969914e-02
   2.7431045e-02
   2.8478777e-02
   6.0892139e-02
   7.1570478e-02
   4.4640772e-02
   5.8966510e-02
   4.3379318e-02
   5.6750260e-02
   7.7432640e-02
   3.7488606e-02
   3.4789454e-02
   1.0974146e-02
   4.0110413e-02
   4.7615252e-02
   5.6085050e-02
   4.4725314e-02
   2.0041056e-02
   1.1188054e-02
   3.6556173e-02
   3.1934477e-02
   3.8089130e-02
   3.4653574e-02
   2.5862230e-02
   3.1147359e-02
   3.0812846e-02
   2.0221254e-02
   4.7656707e-02
   5.5138916e-02
   5.3407494e-02
   5.7846762e-02
   4.8356641e-02
   4.0227670e-02
   4.9293511e-02
   6.7569911e-02
   6.5669350e-02
   4.4138186e-02
   3.0337499e-02
   3.6423646e-02
   2.1242689e-02
   3.0576844e-02
   3.4438699e-02
   6.5828435e-02
   3.7509445e-02
   3.8258556e-02
   6.0096100e-02
   4.2217471e-02
   3.9806880e-02
   4.9985114e-02
   4.7039546e-02
   2.2640536e-02
   2.7049322e-02
   1.7959012e-02
   2.7278118e-02
   3.5334773e-02
   4.9171519e-02
   5.2511025e-02
   2.3311228e-02
   5.0765291e-02
   4.2816002e-02
   8.8571096e-03
   2.6906778e-03
   2.9654033e-02
   2.4844745e-02
   2.8908793e-02
   4.8068341e-02
   6.3448235e-02
   3.7665170e-02
   5.5982769e-02
   3.8025320e-02
   3.1474117e-02
   4.0513054e-02
   4.0676944e-02
   2.3940401e-02
   4.9997545e-03
   2.4290955e-02
   2.0123376e-02
   3.9232567e-02
   2.3148360e-02
   9.6843587e-03
   1.5959339e-02
   3.7741609e-02
   2.3510808e-02
   2.1749562e-02
   5.4217141e-02
   3.8552556e-02
   1.7367633e-02
   4.1812103e-02
   4.4619344e-02
   3.4739628e-02
   2.7310032e-02
   3.0551080e-02
   5.2732334e-02
   4.9704559e-02
   4.7126744e-02
   2.0811284e-02
   2.2563992e-02
   4.9962983e-02
   3.1904794e-02
   5.5282164e-02
   6.5465502e-02
   5.7161890e-02
   4.3058701e-02
   2.1722581e-02
   1.4397511e-02
   5.3439818e-02
   4.4770401e-02
   4.4888783e-02
   4.4338081e-02
   3.0404909e-02
   3.6258988e-02
   3.0735319e-02
   1.1465053e-02
   4.5417003e-02
   3.1328123e-02
   2.5094533e-02
   2.9242601e-02
   3.4792386e-02
   1.6048111e-02
   2.0804357e-02
   3.9738480e-02
   3.5895828e-02
   2.5143752e-02
   2.8158423e-02
   4.2475026e-02
   3.2460850e-02
   2.4619820e-02
   2.4537258e-02
   4.7935307e-02
   4.8317008e-02
   4.9852047e-02
   7.6222919e-02
   3.9203901e-02
   5.7440367e-02
   2.9515717e-02
   2.0042472e-02
   2.3401491e-02
   2.5239062e-02
   4.7444478e-02
   3.1200102e-02
   7.4244618e-02
   4.4880200e-02
   2.7314205e-02
   3.9802391e-02
   2.8232003e-02
   2.6663143e-02
   3.2786090e-02
   7.4329853e-02
   6.1018635e-02
   5.3583398e-02
   4.0389556e-02
   4.4200778e-02
   3.5855833e-02
   3.6743715e-02
   2.5238132e-02
   5.5479567e-02
   4.4230498e-02
   1.8099947e-02
   3.5585299e-02
   4.7855295e-02
   6.9504708e-02
   5.5334136e-02
   4.1317318e-02
   1.5625030e-02
   1.6315237e-03
   1.9420538e-02
   2.6274230e-02
   2.8210225e-02
   4.3743197e-02
   4.2619325e-02
   2.3921384e-02
