   4.5209862e-02
   3.7463386e-02
   4.0987186e-02
   3.8838733e-02
   2.4728930e-02
   2.2679329e-02
   2.5629684e-02
   4.4788085e-02
   9.1135256e-02
   5.5859677e-02
   2.2566142e-02
   1.3105237e-02
   2.4992680e-02
   4.7501437e-02
   4.1125495e-02
   1.4400981e-02
   2.0345837e-02
   6.2854908e-02
   7.6598667e-02
   4.8955020e-02
   5.8745734e-02
   3.7283208e-02
   3.7104700e-02
   4.0635284e-02
   5.2658059e-02
   3.2708202e-02
   3.4467310e-02
   7.0633255e-02
   4.8841730e-02
   4.7093824e-02
   3.5957132e-02
   2.2130733e-02
   4.5861486e-02
   3.6982141e-02
   2.6328389e-02
   2.3798825e-02
   3.9819598e-02
   5.2758459e-02
   4.8647858e-02
   3.3909604e-02
   6.1733693e-02
   7.3958933e-02
   4.3718915e-02
   3.8578041e-02
   3.4761958e-02
   4.6218436e-02
   2.3959965e-02
   2.7543999e-02
   2.6175184e-02
   2.3241729e-02
   4.6371512e-02
   2.1672763e-02
   3.5421375e-02
   2.0019028e-02
   2.1145992e-02
   2.7953692e-02
   5.8642745e-02
   6.0119577e-02
   3.7342459e-02
   3.1271499e-02
   3.8583588e-02
   4.8203133e-02
   3.4985926e-02
   2.9639505e-02
   3.0639561e-02
   3.6600340e-02
   1.0514215e-02
   6.8843788e-03
   1.7978581e-02
   5.4688756e-03
   2.4950566e-02
   1.8553518e-02
   1.1720749e-02
   1.6334252e-02
   2.3489080e-02
   3.6913130e-02
   1.6703708e-02
   3.2756995e-02
   2.6859932e-02
   2.4411164e-02
   3.0593973e-02
   3.8581837e-02
   3.1108668e-02
   2.8603552e-02
   2.4539718e-02
   3.4595069e-02
   5.3107165e-02
   4.2626496e-02
   2.3188049e-02
   1.7593134e-02
   2.6049707e-02
   2.3464835e-03
   1.6342551e-02
   1.7151194e-02
   2.5876347e-02
   2.6505012e-02
   5.1495492e-02
   6.1178502e-02
   5.1938914e-02
   3.7148152e-02
   3.5908062e-02
   3.1184696e-02
   1.8634962e-02
   3.7170120e-02
   3.9872605e-02
   3.3297360e-02
   4.9035929e-02
   5.8749419e-02
   7.6075733e-02
   5.7748359e-02
   3.9286803e-02
   3.7493296e-02
   2.2038545e-02
   3.3685677e-02
   2.7763905e-02
   2.8644118e-02
   2.3666238e-02
   2.8895663e-02
   3.9559953e-02
   5.3590946e-02
   4.4998050e-02
   4.8077162e-02
   3.7312295e-02
   5.5733927e-02
   3.3655681e-02
   1.3175535e-02
   9.7116642e-03
   2.6766876e-02
   3.8852192e-02
   1.3185994e-02
   3.2155398e-02
   5.3909287e-02
   6.3051283e-02
   5.8620170e-02
   2.3675185e-02
   2.8040389e-02
   6.4467028e-02
   6.8983741e-02
   4.3044735e-02
   3.9579447e-02
   4.0382389e-02
   3.1343456e-02
   2.1594159e-02
   4.5610089e-02
   5.3155232e-02
   4.9180549e-02
   3.8355928e-02
   3.0579843e-02
   4.6578400e-02
   4.6293370e-02
   3.0694438e-02
   4.0908881e-02
   2.6889609e-02
   2.2333747e-02
   2.7925754e-02
   3.5104696e-02
   2.4996946e-02
   2.1781078e-02
   4.0524051e-02
   2.4616702e-02
   5.2228592e-02
   8.2037389e-02
   5.9968222e-02
   2.5793111e-02
   9.0260571e-03
  -2.7499350e-03
   2.3983905e-02
   5.2733567e-02
   3.4486007e-02
   3.1261981e-02
   3.7260666e-02
   3.1491205e-02
   5.8656842e-02
   2.6786752e-02
   3.2853544e-02
   2.3194760e-02
   5.4536913e-02
   6.0377989e-02
   4.7534525e-02
   7.7896133e-02
   6.1523940e-02
   1.5980875e-02
   1.6739704e-02
   2.1732006e-02
   1.4338190e-02
   3.2254823e-02
   4.6236526e-02
   4.8831034e-02
   3.5966620e-02
   5.9026200e-02
   3.3504885e-02
   3.3326983e-02
   4.0351957e-02
   3.5781182e-02
   4.0369209e-02
   4.4868873e-03
   3.5766318e-02
   6.0372230e-02
   4.7893744e-02
   7.1741000e-02
   6.8764895e-02
   2.6257575e-02
   3.2484453e-02
   2.7846420e-02
   4.2738907e-02
   3.7232846e-02
   3.7339285e-02
   4.5708586e-02
   2.5536072e-02
   3.2702211e-02
   5.1295310e-02
   4.3582104e-02
   1.0000613e-02
   2.5160713e-02
   5.0197951e-02
   1.1350428e-02
   2.5442796e-02
   3.1311505e-02
   5.9562191e-02
   4.9364988e-02
   5.2452836e-02
   5.0810471e-02
   3.4593012e-02
   4.9303673e-02
   4.9614925e-02
   5.3156774e-02
   3.7144270e-02
   9.1925273e-03
   2.1697985e-02
   4.4066716e-02
   6.0010422e-02
   5.0876390e-02
   3.6972541e-02
   2.1825006e-02
   2.2334946e-02
   6.8350784e-02
   9.8823175e-02
   5.4199748e-02
   3.4243107e-02
   5.9050255e-02
   1.0190826e-01
   1.3776262e-01
   6.3314840e-02
   3.2581415e-02
   5.5896416e-02
   3.3844270e-02
   2.3223139e-02
   2.7699143e-02
   3.9718270e-02
   2.9907389e-02
   5.5264458e-02
   5.7404634e-02
   5.7337724e-02
   1.9468121e-02
   4.4194218e-02
   4.6885114e-02
   4.9244553e-02
   2.0123499e-02
   5.2077621e-03
   4.4953302e-02
   4.5610212e-02
   4.6517275e-02
   3.3389419e-02
   3.6089480e-02
   7.3674463e-02
   4.8097558e-02
   4.6009477e-02
   4.2206053e-02
   6.6396534e-02
   3.9088652e-02
   2.7171161e-02
   3.1404871e-02
  -1.6620345e-02
  -7.5020310e-03
   3.1040626e-02
   4.5796499e-02
   1.9821241e-02
   5.2946836e-02
   4.5456003e-02
   4.3542251e-02
   2.7644517e-02
   2.3367919e-02
   4.8841730e-02
   7.1347736e-02
   4.9253259e-02
   4.2177361e-02
   3.1613059e-02
   1.6163703e-02
   4.3736175e-03
   1.6397109e-02
   2.5135819e-02
   4.6452541e-02
   3.4973264e-02
   3.6175098e-02
   5.6418084e-02
   5.1236622e-02
   5.2164897e-02
   4.5731481e-02
   3.6796063e-02
   1.7575026e-02
   3.6298282e-02
   2.8309049e-02
   1.8982885e-02
   3.1847700e-02
   4.1230056e-02
   8.0561645e-02
   7.2376482e-02
   1.9378152e-02
   2.8953699e-02
   3.7269868e-02
   3.9212734e-02
   4.0094458e-02
   3.2755703e-02
   4.8203412e-02
   3.8915988e-02
   4.9318109e-02
   5.4035328e-02
   4.1838877e-02
   2.2749458e-02
   2.6980892e-02
   3.4366056e-02
   2.0324050e-02
   4.2850871e-02
   4.2570423e-02
   5.7528175e-02
   6.3358158e-02
   2.7714930e-02
   5.4736190e-02
   2.5650475e-02
   2.7615035e-02
   3.7987839e-02
   5.0125998e-03
   2.9632147e-02
   4.6507925e-02
   4.1913740e-02
   2.6864395e-02
   4.2187545e-02
   5.4651994e-02
   3.9249245e-02
   3.5644423e-02
   2.3705114e-02
   3.3694796e-02
   2.1254051e-02
   8.3633829e-03
   1.3373804e-02
   2.9559713e-02
   1.9296255e-02
   3.6832113e-02
   2.8295515e-02
   2.3836572e-02
   2.6955185e-02
   3.2925718e-02
   2.6877733e-02
   4.9783520e-02
   4.6200186e-02
   3.6525160e-02
   6.0008973e-02
   1.0154979e-01
   1.0757001e-01
   4.8920445e-02
   1.6695267e-02
   2.5982380e-02
   5.2893423e-02
   3.5976779e-02
   6.1097320e-02
   4.5289740e-02
   3.8191594e-02
   3.9760131e-02
   3.9699305e-02
   4.2878665e-02
   2.0541793e-02
  -7.6005035e-03
   1.4260803e-02
   4.2802613e-02
   4.1300479e-02
   3.9409153e-02
   2.8515512e-02
   2.4183813e-02
   2.7883146e-02
   4.4321239e-02
   3.5486225e-02
   4.7007676e-02
   5.3450525e-02
   5.0591707e-02
   3.3312466e-02
   4.4046219e-02
   3.6890339e-02
   4.6619166e-02
   2.5667043e-02
   1.8126706e-02
   2.6603082e-02
   3.8071401e-02
   3.3254270e-02
   2.1140900e-02
   1.2189445e-02
   2.4324905e-02
   4.5081403e-02
   4.4145063e-02
   2.1763910e-02
   3.8592510e-02
   3.2830764e-02
   3.8091775e-02
   3.2921657e-02
   4.3747995e-02
   3.5807483e-02
   1.1453725e-02
   2.0778963e-02
   3.9517630e-02
   5.1667940e-02
   5.2616283e-02
   6.5053821e-02
   5.2097078e-02
   3.2645628e-02
   7.9524564e-03
   8.4301040e-02
   1.6776510e-01
   1.4491510e-01
   8.9180313e-02
   5.4993812e-02
   4.8820004e-02
   4.9220629e-02
   3.7157129e-02
   3.8325343e-02
   4.9894672e-02
   4.1443888e-02
   3.1713232e-02
   4.3042026e-02
   4.1318569e-02
   3.8714327e-02
   2.4872106e-02
   3.5377271e-02
   3.8658556e-02
   3.1821281e-02
   4.7192033e-02
   1.6376732e-02
   2.5633655e-02
   4.8960373e-02
   2.4578203e-02
   2.1897560e-02
   1.8296003e-02
   2.8165650e-02
   2.1470074e-02
   2.3700939e-02
   2.9314676e-02
   1.6101914e-02
  -1.9120616e-03
   2.2248404e-02
   4.4611417e-02
   4.6778318e-02
   3.3207826e-02
   3.1189568e-02
   2.7298387e-02
   1.8424667e-02
   3.4311440e-02
   5.6537397e-02
   4.2645242e-02
   4.9473479e-02
   2.6970714e-02
   1.4956800e-02
  -2.4026942e-03
   2.1611849e-02
   3.4209453e-02
   3.2282259e-02
   4.0688951e-02
   2.1945801e-02
   2.9677287e-02
   3.4510422e-02
   2.6004095e-02
   3.4594670e-02
   1.4173744e-02
   3.0757955e-03
   4.0475834e-02
   3.8026247e-02
   3.5312597e-02
   3.7520546e-02
   3.8695179e-02
   1.7828077e-02
   4.3684948e-02
   3.3283032e-02
   2.9075637e-02
   2.5140248e-02
   2.0595567e-02
   5.3149693e-02
   7.6385662e-02
   7.2998539e-02
   4.7012314e-02
   1.5402601e-02
   1.4187395e-02
  -1.9326778e-03
   1.7099055e-02
   4.0157367e-02
   4.4226740e-02
   3.6573976e-02
   3.0476013e-02
   5.9826072e-02
   6.6225447e-02
   6.8532296e-02
   4.8046704e-02
   5.5428490e-02
   5.7416309e-02
   2.7082443e-02
   4.3582682e-02
   2.7050843e-02
   2.8656611e-02
   8.8487573e-02
   4.6676118e-02
   3.9883062e-02
   1.7239435e-02
   3.1612515e-02
   3.8620893e-02
   2.2519093e-02
   4.3737363e-02
   3.2150157e-02
   2.3584956e-02
   3.1593926e-02
   4.3729760e-02
   2.4927814e-02
   5.4416750e-02
   4.0180139e-02
   2.9923158e-02
   2.0750839e-02
   2.4939932e-02
   4.9530592e-02
   3.5481818e-02
   4.2060670e-02
   3.8939159e-02
   2.6494764e-02
   3.6559567e-02
   2.8284296e-02
   4.3232061e-02
   4.8864316e-02
   3.2383636e-02
   4.6182454e-02
   4.4918217e-02
   3.3269640e-02
   8.5088785e-04
   4.4398583e-03
   1.2675463e-01
   2.5030917e-01
   1.4041069e-01
   4.6552077e-02
   2.8441973e-02
   1.1978475e-03
   7.0990372e-04
   2.9060572e-02
   4.2593375e-02
   3.7388682e-02
   3.7131045e-02
   4.7630195e-02
   2.9449007e-02
   3.5169769e-02
   5.0555848e-02
   3.7945300e-02
   5.0856233e-02
   1.5774300e-02
   3.3121292e-02
   3.3552501e-02
   3.3985972e-02
   5.1515467e-02
   7.6226383e-02
   1.1871684e-01
   1.2695475e-01
   8.4227718e-02
   6.7169756e-02
   4.7533251e-02
   6.2093330e-03
  -1.0515573e-02
   2.3569269e-03
   7.3145464e-02
   9.7586647e-02
   6.0452204e-02
   4.7134463e-02
   2.6721744e-02
   4.4248659e-02
   1.1571299e-01
   8.7879322e-02
   4.0251859e-02
   2.1672783e-02
   4.0501606e-02
   5.4092789e-03
   9.4661973e-03
   5.5690411e-02
   7.3672757e-02
   1.1904677e-01
   6.1979879e-02
   6.1382721e-03
   5.7200254e-03
   1.1564656e-01
   3.3719444e-01
   3.3953080e-01
   2.0611480e-01
   1.7016052e-01
   1.5783222e-01
   7.3564269e-02
   1.8001195e-02
   1.9674887e-01
   9.7972018e-01
   1.2419994e+00
   6.9979161e-01
   2.2625969e-01
   1.6547137e-01
   2.0261838e+00
   6.4674926e+00
   6.1616387e+00
   2.4539843e+00
   6.1469525e-01
   2.3669882e-01
   1.8179663e-01
   3.9429149e-01
   1.0811080e+00
   1.0642713e+00
   6.1543232e-01
   2.7826381e-01
   7.1545891e-02
   1.5057237e-01
   2.2944984e-01
   3.4539324e-01
   3.1086668e-01
   1.8475474e-01
   1.1726503e-01
   9.2670456e-02
   8.5004687e-02
   1.1507780e-01
   1.3578109e-01
   1.7698689e-01
   2.8164408e-01
   1.7601669e-01
   4.2372253e-02
   1.9830614e-02
   4.5613501e-02
   8.3010010e-02
   3.2439094e-02
   1.1953136e-02
   1.2279323e-02
   8.2384236e-02
   7.1105823e-02
   6.0562100e-02
   3.2014973e-02
   7.4424930e-03
   2.1468276e-02
   1.3083422e-02
  -1.8182397e-02
   1.7820133e-02
   5.3745810e-02
   6.9482755e-03
   1.3485725e-02
   2.1291364e-02
   9.2261307e-02
   2.1185416e-01
   2.4021809e-01
   9.5336437e-02
   8.6362123e-02
   3.7046763e-01
   5.1591283e-01
   3.2170954e-01
   1.0332637e-01
   1.2285707e-01
   2.6092392e-01
   1.9562304e-01
   8.4781289e-02
   9.9408813e-02
   2.6264784e-01
   9.7204876e-01
   1.1122561e+00
   5.4793781e-01
   1.8443848e-01
   7.5011164e-02
   9.2981048e-03
   2.2761013e-02
   1.4136429e-01
   2.2890338e-01
   1.1152100e-01
   1.5230350e-02
  -1.5895527e-02
   4.2126741e-02
   4.6923447e-02
   7.3934972e-02
   1.0494275e-01
   8.5778758e-02
   4.8187178e-02
   5.5882063e-02
   5.6783520e-02
   4.3762587e-02
   2.2393240e-02
   4.3295652e-02
   8.7060511e-02
   6.1772317e-02
   6.1518893e-02
   1.7580152e-02
   3.6671847e-02
   5.8378704e-02
   2.4437463e-02
   9.4126482e-03
   2.4226977e-02
   4.1835215e-02
   2.5997719e-02
   1.4876750e-02
   3.0583346e-02
   4.2120323e-02
   2.0998640e-02
   2.9004877e-02
   2.1964042e-02
   3.5457570e-02
   3.8908813e-02
   4.8216313e-02
   2.9046122e-02
   6.2876351e-02
   1.1437061e-01
   1.2607189e-01
   6.8827540e-02
   1.8221490e-02
   1.7700940e-02
   9.7360916e-02
   1.2669818e-01
   5.4732773e-02
   1.8462062e-01
   3.1585798e-01
   2.7648905e-01
   1.3442969e-01
   9.3829997e-02
   3.4925580e-01
   1.6318556e+00
   2.0961654e+00
   1.0786976e+00
   3.0924428e-01
   6.8160243e-02
   4.8418161e-02
   9.6734218e-02
   2.5917014e-01
   3.4025159e-01
   2.1945661e-01
   1.0101522e-01
   3.0795665e-02
   2.5788438e-02
   3.4281414e-02
   7.7206701e-02
   1.0065538e-01
   5.5649228e-02
   3.7829209e-02
   4.7891188e-02
   5.4589573e-02
   4.1896757e-02
   3.3240180e-02
   5.6881361e-02
   4.0562142e-02
   3.0606711e-02
  -7.9315342e-03
   3.5066150e-02
   7.6727867e-02
   5.8536250e-02
   2.6833721e-02
   1.3281641e-02
   3.4270111e-02
   4.0125817e-02
   6.1941233e-02
   2.3972208e-02
   1.8043660e-02
   3.7502315e-02
   2.5608551e-02
   2.7601678e-02
   3.1935100e-02
   5.0391059e-02
   3.6045160e-02
  -5.6416076e-03
   2.5518049e-02
   3.5099268e-02
   7.8216515e-02
   7.6184392e-02
   4.4816054e-02
   1.4320407e-02
   1.6479516e-02
   6.5486856e-02
   8.6468570e-02
   6.6423021e-02
   7.6967768e-02
   9.7741537e-02
   6.5832876e-02
   4.8347820e-02
   3.5743546e-02
   1.2104370e-01
   4.0870887e-01
   4.5758268e-01
   1.9528188e-01
   5.4748274e-02
   7.0422344e-02
   4.4293355e-02
   4.6003282e-02
   8.5754640e-02
   5.6136329e-02
   6.1285906e-02
   2.8853716e-02
   2.2101197e-02
   2.0079195e-02
   2.7654845e-02
   4.4146016e-02
   3.9208882e-02
   1.5619201e-02
   5.8200923e-03
   6.9773621e-03
   2.7251935e-02
   2.6903564e-02
   5.1387385e-02
   5.1949855e-02
   1.6669262e-02
   4.2429190e-02
   1.8628540e-02
   1.2151753e-02
   5.6482088e-03
   1.3717605e-02
   2.1066122e-02
   1.2746587e-02
   4.0806483e-02
   2.6544554e-02
   3.9343975e-02
   4.2655330e-02
   3.1362150e-02
   1.7470790e-02
   1.7642960e-02
   3.6496460e-02
   3.0166034e-02
   2.5656270e-02
   2.5636196e-02
   2.9585876e-02
   2.5609696e-02
   4.6566758e-02
   5.1666588e-02
   3.9898634e-02
   2.5291270e-02
   3.3554904e-02
   5.7620559e-02
   5.3008705e-02
   3.1380210e-02
   1.4337952e-02
   5.1480949e-02
   5.5975672e-02
   4.1289710e-02
   1.6779108e-02
   3.6201186e-02
   1.7737578e-01
   2.2057827e-01
   1.4046238e-01
   5.9184022e-02
   1.9247213e-02
   3.8607318e-02
   7.2264791e-02
   8.0677278e-02
   6.5299258e-02
   3.9886035e-02
   5.2598514e-02
   1.8140046e-02
   2.6053989e-02
   4.8600975e-02
   7.5593144e-02
   4.9909718e-02
   3.5018690e-02
   4.3271016e-02
   6.6254251e-02
   3.0725367e-02
   4.2987671e-02
   6.5354221e-02
   2.7258504e-02
   5.2889545e-02
   3.8761962e-02
   4.0265229e-02
   3.1668227e-02
   9.5073497e-03
   1.8442869e-02
   4.1599609e-02
   4.6844117e-02
   3.4179058e-02
   3.2059155e-02
   1.5038596e-02
   1.2536194e-02
   1.4028055e-02
   2.5784712e-02
   3.5919566e-02
   9.1890376e-03
   3.4985114e-02
   2.8928250e-02
   2.0234017e-02
   2.3049995e-02
   1.9833921e-02
  -6.1873277e-04
   3.0958181e-02
   1.7132200e-02
   7.0575597e-03
   2.9878100e-02
   3.1755388e-02
   4.3858539e-02
   2.5430506e-02
   2.9499449e-02
   6.3748948e-02
   3.2920539e-02
   3.2950673e-02
   3.2940995e-02
   5.0870497e-02
   9.3063533e-02
   6.4473078e-02
   4.7439288e-02
   3.2773949e-02
   4.6840329e-02
   1.2720296e-02
   3.5936501e-02
   4.0641546e-02
   7.1965985e-02
   5.3724632e-02
   2.8363217e-02
   1.3497141e-02
   8.1215827e-03
   2.2143072e-02
   2.7806979e-02
   4.1478861e-02
   4.2294733e-02
   2.5539095e-02
   3.3564106e-02
   1.3976226e-02
   2.0292193e-02
   2.9159969e-02
   2.9434890e-02
   3.7818614e-02
   3.5911106e-02
   2.6123829e-02
   2.0159883e-02
   4.2227026e-02
   3.8346905e-02
   2.4554811e-02
   2.2573100e-02
   3.5883311e-02
   3.3310190e-02
   6.3824579e-02
   6.8384811e-02
   4.1138839e-02
   6.2498949e-02
   3.7522960e-02
   2.6988361e-02
   1.8265568e-02
   1.1842228e-02
   1.3522677e-02
   5.6002475e-02
   9.3677834e-02
   6.0535174e-02
   4.4950809e-02
   4.0966127e-02
   5.7884876e-02
   6.7161098e-02
   8.0477923e-02
   6.4348079e-02
   6.7753866e-02
   4.8776679e-02
   5.9326969e-02
   2.9784990e-02
   3.6745747e-03
   5.2655458e-02
   1.0422277e-01
   8.2152054e-02
   5.3497627e-02
   8.2853317e-02
   1.2505923e-01
   1.5052354e-01
   7.3344029e-02
   2.9280232e-03
   3.6114637e-02
   1.3151997e-01
   1.9114466e-01
   1.6014113e-01
   6.3514188e-02
   6.4933278e-02
   2.5228283e-01
   3.9986771e-01
   2.5571042e-01
   1.0734540e-01
   6.1850715e-02
   8.6815573e-02
   1.0046238e-01
   9.6681252e-02
   6.6575833e-02
   7.0114657e-02
   1.4088982e-01
   9.2428744e-02
   7.1278654e-02
   4.9534351e-02
   1.0096540e-01
   8.4175937e-02
   2.6320692e-02
   5.1854670e-02
   7.7585250e-02
   7.0335492e-02
   5.6967344e-02
   4.6658404e-02
   4.5157835e-02
   2.5546763e-02
   2.7040906e-02
   4.4050667e-02
   3.7161849e-02
   4.1330751e-02
   5.0365061e-02
   3.3688188e-02
   2.7055355e-02
   2.2212017e-02
   4.6059072e-02
   4.8730519e-02
   3.2257166e-02
   4.8948567e-02
   5.7883941e-02
   7.1248867e-02
   6.0947541e-02
   4.3650083e-02
   2.0540141e-02
   1.7505100e-02
   1.6150497e-02
   6.4379856e-02
   3.7095141e-02
   2.2268094e-02
   5.1499732e-02
   7.2750479e-02
   6.1682388e-02
   5.0853003e-02
   4.3503206e-02
   6.0922198e-02
   9.1245420e-02
   6.5006308e-02
   3.1698212e-02
  -1.2758478e-02
   3.8160592e-02
   8.3231039e-02
   4.6538930e-02
   1.5535731e-02
   3.9654981e-02
   6.7451559e-02
   9.6599378e-02
   7.1487673e-02
   5.7110805e-02
   4.3296311e-02
   5.2291255e-02
   6.4630464e-02
   6.0452301e-02
   7.4297436e-02
   5.6775875e-02
   1.4913510e-02
  -8.4304707e-03
   2.7439263e-02
   4.7268473e-02
   3.3064403e-02
   3.3814747e-02
   1.9871999e-02
   1.0486067e-02
   6.2464453e-02
   6.5891445e-02
   3.0268908e-02
   2.5235640e-02
   4.7235746e-02
   8.6662315e-02
   8.5879810e-02
   3.5625502e-02
   2.4459699e-02
   4.0837593e-02
   7.5739786e-02
   4.9115583e-02
   5.7646565e-02
   1.8266501e-02
   1.8345524e-02
   3.5095662e-02
   2.3732228e-02
   3.0765431e-02
   4.6482272e-02
   4.9058706e-02
   4.9795385e-02
   5.2075252e-02
   5.2656952e-02
   6.2601738e-02
   4.2229213e-02
   6.5196984e-02
   5.2675355e-02
   5.2514963e-02
   4.4459932e-02
   7.2558604e-02
   6.8083927e-02
   1.7933376e-02
   4.0858023e-02
   1.1470831e-01
   1.1094408e-01
   6.6548139e-02
   3.1898547e-02
   8.0771655e-02
   7.2617978e-02
   3.3447407e-02
   2.6986789e-02
   2.8400840e-02
   5.2917730e-02
   6.5241992e-02
   3.5230100e-02
   2.0059617e-02
   4.7429830e-02
   4.3727126e-02
   2.9105226e-02
   5.5372380e-02
   4.7868285e-02
   5.9621181e-02
   4.8816349e-02
   3.3627778e-02
   1.6476877e-02
   4.7735564e-02
   2.9269468e-02
   4.1798450e-02
   4.4636544e-02
   6.5825827e-02
   4.1294590e-02
   3.4438569e-02
   5.3917311e-02
   4.5191716e-02
   5.0390016e-02
   4.4982828e-02
   3.4582909e-02
   4.4123340e-02
   3.4437716e-02
   3.5954621e-02
   3.4816101e-02
   3.8808819e-02
   3.4910500e-02
   2.2634955e-02
   5.1984120e-02
   4.4749163e-02
   4.5698524e-02
   3.6017738e-02
   4.3979354e-02
   3.1996563e-02
   3.9338455e-02
   3.3152848e-02
   2.5664680e-02
   3.7914880e-02
   6.6150926e-02
   5.2512851e-02
   3.7847906e-02
   4.7457058e-02
   6.8375036e-02
   2.2250485e-02
   2.2491511e-02
   9.0026101e-03
   4.4542331e-02
   5.2466780e-02
   3.9020192e-02
   3.9527964e-02
   6.3412972e-02
   5.0233364e-02
   5.7118025e-02
   6.6272728e-02
   3.6016844e-02
   4.4399392e-02
   2.8042227e-02
   4.1341044e-02
   3.8946956e-02
   2.8317181e-02
   3.7941214e-02
   3.1444769e-02
   3.9054357e-02
   8.4418971e-03
   3.6258937e-03
   2.0874174e-02
   3.2572582e-02
   3.4737613e-02
   4.9275853e-02
   7.2386555e-02
   4.9295418e-02
   1.4936154e-02
   1.6498275e-02
   2.1434205e-02
   3.1462293e-02
   4.8677977e-02
   3.4147471e-02
   4.2067040e-02
   2.7797341e-02
   3.4014609e-02
   4.3201260e-02
   2.8824549e-02
   3.9021689e-02
   3.6633853e-02
   1.8749943e-02
   2.6631650e-02
   3.7437197e-02
   3.3903606e-02
   6.7490011e-02
   4.2747930e-02
   1.3987339e-02
   2.0279206e-02
   3.8032584e-02
   2.9109243e-02
   3.9685152e-02
   4.8109535e-02
   2.5008142e-02
   4.6100233e-02
   4.0811777e-02
   1.5276884e-02
   1.9514283e-02
   3.0691249e-02
   1.7684294e-02
   3.0110339e-02
   1.4139554e-02
   3.2794662e-02
   3.7529487e-02
   3.5819985e-02
   1.8552303e-02
   3.8613044e-02
   4.2609204e-02
   4.2709354e-02
   3.1531516e-02
   3.9150409e-02
   4.4518758e-02
   2.4417371e-02
   1.1852817e-02
   2.8209830e-02
   3.3259299e-02
   2.9650269e-02
   3.9269075e-02
   4.9011257e-02
   3.0515777e-02
   3.6908712e-02
   1.9041777e-02
   2.3506003e-02
   3.2368749e-02
   2.4824290e-02
   2.9414181e-02
   4.8363727e-02
   5.0117508e-02
   3.1018989e-02
   1.6092483e-02
   1.0134723e-02
   1.2539920e-02
   2.3904333e-02
   2.4237797e-02
   1.4259792e-02
   3.0575754e-02
   2.5999233e-02
   1.5617233e-02
   3.1031542e-02
   2.8743539e-02
   3.2198921e-02
   3.4047242e-02
   2.8571896e-02
   3.8273852e-02
   1.8739710e-02
   2.2648625e-02
   3.1869084e-02
   2.8256107e-02
   2.7594171e-02
   2.7085459e-02
   2.1780442e-02
   1.0633771e-02
   5.2213892e-02
   5.7118963e-02
   1.5488440e-02
   2.2846863e-02
   2.6837591e-02
   2.3794478e-02
   4.6837199e-02
   5.6008019e-02
   4.1005049e-02
   3.4510501e-02
   3.5333704e-02
   9.9306200e-03
   1.8064234e-02
   3.8221441e-02
   1.5608085e-02
   2.5798637e-02
   3.3279572e-02
   2.9519668e-02
   4.7741286e-02
   4.1420739e-02
   2.7364342e-02
   2.8168697e-02
   1.8066427e-02
   1.7833551e-02
   2.8679829e-02
   3.1216657e-02
   1.7846623e-02
   1.1836274e-02
   1.3272394e-02
   5.7714731e-03
   1.7516930e-02
   2.0692823e-02
   2.6715225e-02
   4.0420227e-02
   4.9229376e-02
   4.6114840e-02
   5.0366342e-02
   5.1838230e-02
   3.9281867e-02
   3.5364337e-02
   4.0165316e-02
   2.5643371e-02
   4.9304157e-02
   6.8285443e-02
   3.1602554e-02
   1.8287187e-02
   3.3872034e-02
   2.8081095e-02
   4.2684641e-02
   3.6530968e-02
   5.8863875e-02
   2.5040373e-02
   7.5991596e-03
   1.8766643e-02
   4.0087532e-02
   3.2283742e-02
   2.9358407e-02
   2.7101355e-02
   3.2524936e-02
   3.7200660e-02
   2.5529884e-02
   1.2475471e-02
   3.1210430e-02
   4.5000583e-02
   4.3902237e-02
   3.0414235e-02
   2.4003139e-02
   3.5054937e-02
   2.2735508e-02
   2.4561068e-02
   3.1332213e-02
   1.8992439e-02
   1.3535665e-02
   2.4113901e-02
   1.5205987e-02
   1.4103789e-02
   4.2754639e-02
   3.2690998e-02
   3.5259824e-02
   2.1830384e-02
   2.2017185e-02
   2.0579664e-02
   3.7618652e-02
   2.6045062e-02
   1.8015148e-02
   3.5310898e-02
   5.3704813e-02
   3.4743510e-02
   3.7365071e-02
   5.5827357e-02
   3.9805137e-02
   2.9896494e-02
   2.6339356e-02
   2.6436139e-02
   2.8177138e-02
  -2.8176785e-03
   1.0437821e-02
   7.6549072e-03
   3.6063924e-02
   9.0423502e-02
   8.1764609e-02
   7.3019065e-02
   5.0324414e-02
   4.6289343e-02
   8.2096897e-02
   7.5488806e-02
   5.1891726e-02
   5.2951057e-02
   5.8281094e-02
   6.2564306e-02
   4.4930220e-02
   4.6972774e-02
   3.0135563e-02
   3.9257057e-02
   4.6975035e-02
   2.6308395e-02
   3.1865690e-02
   4.6077203e-02
   3.9334256e-02
   3.5001859e-02
   1.1686793e-02
   2.8652141e-02
   4.8802741e-02
   4.1248351e-02
   4.4809181e-02
   3.0754009e-02
   4.1354045e-02
   9.9038659e-03
   1.3519814e-03
  -5.2674008e-03
   1.5620070e-02
   2.3293672e-02
   3.3004098e-02
   2.9474908e-02
   2.1211861e-02
   2.6781049e-02
   2.1363113e-02
   1.8782016e-02
   3.3043452e-02
   3.2715615e-02
   2.8683823e-02
   3.3572085e-02
   1.4323824e-02
   3.9779130e-02
   2.9630307e-02
   2.8754024e-02
   1.8778659e-02
   4.0631250e-02
   2.9442200e-02
   1.9657334e-02
   2.1768598e-02
   3.2423317e-02
   2.9073756e-02
   2.3762614e-02
   3.4739982e-02
   2.3446314e-02
   5.3497586e-02
   3.0992515e-02
   2.8777733e-02
   3.7658297e-02
   2.1579159e-02
   2.9154617e-02
   2.6374564e-02
   1.0830387e-02
   3.0887611e-02
   2.5883021e-02
   3.6947262e-02
   3.3391621e-02
   2.2744613e-02
   1.9024026e-02
   1.7084517e-02
   3.3702206e-02
   6.4085275e-02
   5.7322111e-02
   2.3473293e-02
   4.5540184e-02
   3.0022474e-02
   3.7590008e-02
   2.0350905e-02
   2.9318012e-02
   2.4196180e-02
   2.7951982e-02
   1.5747910e-02
   1.7888241e-02
   3.8495898e-02
   1.8580159e-02
   2.5024908e-02
   3.3548925e-02
   1.9844946e-02
   2.9550526e-02
   3.3650853e-02
   3.9016739e-02
   4.2059783e-02
   4.4068526e-02
   4.9188722e-02
   4.9483627e-02
   4.6237931e-02
   4.7237352e-02
   5.5715103e-02
   3.8330726e-02
   1.5391764e-02
   3.6732849e-02
   4.5429613e-02
   3.4134373e-02
   5.3725801e-02
   4.3029834e-02
   2.7341776e-02
   3.1776596e-02
   3.2298278e-02
   1.6508073e-02
   2.2953378e-02
   4.1798413e-02
   4.4667624e-02
   3.5322942e-02
   2.2227164e-02
   1.8929304e-03
   1.4430504e-02
   3.1755775e-02
   3.1096265e-02
   4.7936738e-02
   4.4334270e-02
   1.7422125e-02
   3.3701740e-02
   3.4589585e-02
   3.6564454e-02
   1.7331516e-02
   1.3309794e-02
   4.0175870e-02
   3.6047988e-02
   3.0980388e-02
   4.8088267e-02
   2.6500823e-02
   3.1229947e-02
   3.0005822e-02
   4.0016789e-02
   2.8043987e-02
   2.3711212e-02
   1.2673303e-02
   2.5625870e-02
   3.5493869e-02
   4.1397106e-02
  -1.0687844e-03
  -6.2812679e-04
   2.3442598e-02
   1.4694789e-02
   1.6980160e-02
   3.3775378e-02
   1.9442340e-02
   3.6774814e-02
   5.0324284e-02
   3.6372282e-02
   2.2951186e-02
   3.9308839e-02
   3.5117824e-02
   4.8098385e-02
   3.4590457e-02
   4.0233660e-02
   4.0338632e-02
   2.2542732e-02
   4.9091198e-02
   5.3065516e-02
   3.3757757e-02
   3.8263816e-02
   3.8700052e-02
   3.6299609e-02
   3.1048676e-02
   2.4514399e-02
   1.3464918e-02
   4.6174668e-02
   1.8873997e-02
   3.2725576e-02
   3.3771303e-02
   2.2180613e-02
   4.6775840e-02
   2.1563482e-02
   1.6343515e-02
   1.8348377e-02
   3.1727254e-02
   4.1543763e-02
   4.0446464e-02
   3.9530605e-02
   3.2385886e-02
   2.2247238e-02
   2.6917076e-02
   2.6948653e-02
   3.2862108e-02
   2.9273516e-02
   3.8115881e-02
   1.8651355e-02
   2.9471288e-02
   4.7667075e-02
   5.6424506e-02
   4.8048578e-02
   1.8556843e-02
   1.3277765e-02
   3.8361032e-02
   3.5077922e-02
   1.3434022e-02
   4.3412887e-02
   1.8709859e-02
  -8.9181662e-03
   1.9582135e-03
   1.8669002e-02
   2.2349648e-02
   3.3876102e-02
   6.3365854e-02
   4.9576301e-02
   2.2728067e-02
   2.0400148e-02
   2.1546060e-02
   1.3286703e-02
   2.0658156e-02
   4.2417824e-02
   3.9370928e-02
   3.2923151e-02
   3.2363232e-02
   4.1326575e-02
   4.1763440e-02
   9.1567812e-03
   2.2681376e-02
   3.5088673e-02
   1.9224431e-02
   1.2420836e-02
   1.5837509e-02
   2.3087576e-02
   1.5521226e-02
   3.7902847e-02
   3.0187402e-02
   3.4996253e-02
   3.5101626e-02
   2.1024588e-02
   4.5233686e-03
   2.9064197e-02
   4.8192903e-02
   2.6290052e-02
   2.1344762e-02
   2.8790249e-02
   2.5521085e-02
   4.0019326e-02
   2.3339422e-02
   3.3921670e-02
   2.7133599e-02
   3.6826480e-02
   3.8798902e-02
   2.4458442e-02
   2.1556862e-02
   2.5314653e-02
   4.8855666e-02
   4.3820824e-02
   3.5870913e-02
   3.3334605e-02
   3.6963355e-02
   4.1544039e-02
   5.3419460e-02
   3.9843228e-02
   3.9331555e-02
   1.7196640e-02
   3.7946351e-02
   3.7519626e-02
   4.4717964e-02
   3.4848016e-02
   4.3676984e-02
   5.2165490e-02
   5.2434009e-02
   5.9119441e-02
   4.1942094e-02
   1.9771032e-02
   2.4904901e-02
   2.4238449e-02
   4.6853747e-02
   2.4530480e-02
   2.1934202e-02
   1.9969322e-02
   3.5329815e-02
   3.8855623e-02
   3.4896664e-02
   1.9523362e-02
   2.7431002e-02
   6.6394821e-02
   4.1632731e-03
   2.8560473e-02
   4.2327650e-02
   5.8473915e-02
   6.1415754e-02
   3.9319940e-02
   3.0035999e-02
   2.8722446e-02
   2.5047963e-02
   6.0115354e-03
   1.6498405e-03
   2.8278960e-02
   3.7806477e-02
   5.4102208e-02
   3.8899537e-02
   4.6321966e-02
   3.6090750e-02
   3.7966143e-02
   3.9909706e-02
   1.5868457e-02
   3.4172576e-02
   7.4464768e-02
   4.1290700e-02
   6.6260761e-03
   4.1679288e-03
   3.4478635e-02
   5.6717779e-02
   4.8422765e-02
   3.9664462e-02
   1.9755583e-02
   2.9565576e-02
   4.4033244e-02
   2.4119431e-02
   1.2238597e-02
   3.9644226e-02
   2.3948554e-02
   2.4160648e-02
   3.0835124e-02
   5.5712003e-02
   5.9088565e-02
   3.3937316e-02
   4.5410909e-02
   7.0830204e-02
   2.4440201e-02
   2.3564730e-02
   1.6650762e-02
   1.3411989e-02
   4.4126272e-02
   5.2144803e-02
   6.1692297e-02
   6.4460024e-02
   4.7949579e-02
   6.6036895e-02
   3.8450446e-02
   3.5655767e-02
   3.5232928e-02
   2.4204424e-02
   1.8640524e-02
   4.0695507e-02
   4.6494354e-02
   2.2769764e-02
   2.7069544e-02
   7.3169634e-02
   7.4283436e-02
   6.5374844e-02
   4.8925042e-02
   2.7604185e-02
   8.0638938e-03
   1.0796822e-02
   8.0712168e-03
   3.7926640e-02
   8.1776045e-02
   1.2927662e-01
   1.1472176e-01
   7.6992840e-02
   7.1844444e-02
   4.0860180e-02
   2.3636080e-02
   1.4170015e-02
   1.9444982e-02
   4.8514470e-02
   3.7176479e-02
   4.2811692e-02
   4.1602332e-02
   3.3008542e-02
   4.0191092e-02
   3.8340356e-02
   3.7572365e-02
   4.8777759e-02
   2.7143670e-02
   2.4015114e-02
   1.6248867e-02
   4.7695190e-02
   5.0655279e-02
   2.5076181e-02
   3.5613213e-02
   3.0158443e-02
   3.1573251e-02
   1.6569350e-02
   2.5304601e-02
   4.5452986e-02
   6.9904715e-02
   7.3849447e-02
   4.2746212e-02
   2.2176394e-02
   2.3064593e-02
   4.2517789e-02
   3.6467262e-02
   4.6360891e-02
   1.2581437e-02
   6.1270799e-03
   3.8523875e-02
   4.8269261e-02
   8.3333477e-02
   1.0697468e-01
   7.1316719e-02
   4.9523212e-02
   2.0869300e-02
   2.0924307e-02
   3.2467943e-02
   5.5183057e-02
   5.6569263e-02
   2.2282337e-01
   3.4921730e-01
   2.9997694e-01
   1.8255779e-01
   5.5115506e-02
   4.1236885e-02
   4.6995007e-02
   8.9474320e-03
   1.1912197e-02
   3.5473090e-02
   2.7492741e-02
   2.5266511e-02
   8.0799691e-02
   6.6523291e-02
   4.4037033e-02
   2.0202197e-02
   4.9128640e-02
   3.0159052e-02
   1.2203032e-02
   7.5509720e-03
   2.1698449e-02
   3.5216257e-02
   3.8695086e-02
   3.8130395e-02
   1.9702317e-02
   3.5629783e-02
   3.7004732e-02
   2.8073877e-02
   2.3981951e-02
   6.5607866e-03
   3.2277968e-02
   2.8229916e-02
   1.8341091e-02
   4.8689622e-02
   4.6232317e-02
   2.2734432e-02
   8.4592812e-03
   2.7818071e-02
   4.0023066e-02
   2.4457820e-02
   2.1979636e-02
   2.5756510e-02
   3.0512679e-02
   3.5104513e-02
   1.6577993e-02
   8.8247014e-03
   2.3028882e-02
   3.1791180e-02
   3.6251903e-02
   4.8593726e-02
   2.7582694e-02
   4.3870639e-02
   2.5533592e-02
   1.7385487e-02
   2.4534458e-02
   3.5651810e-02
   2.7209351e-02
   1.8918797e-02
   6.7049060e-03
   3.6804497e-02
   7.3621191e-02
   7.2897010e-02
   4.3188732e-02
   3.2622647e-02
   2.4088796e-02
   4.3448262e-02
   4.6206258e-02
   4.8088435e-02
   4.3404650e-02
   5.3892031e-02
   4.6026457e-02
   3.3152640e-02
   1.6600017e-02
   3.6817495e-02
   2.9695136e-02
   1.8316347e-02
   2.1353435e-02
   2.3404505e-02
   3.2954864e-02
   1.9825816e-02
   2.4010176e-02
   3.5221711e-02
   3.8880993e-02
   6.2203906e-02
   3.6175605e-02
   1.6535349e-02
   6.5261391e-03
   3.0642366e-02
   3.3447858e-02
   2.0338088e-02
   2.9476218e-02
   3.4918752e-02
   2.1563176e-02
   2.8752493e-02
   2.0348037e-02
   1.6173581e-02
   5.2011446e-03
   1.6076373e-02
   5.5939693e-02
   6.8459749e-02
   6.0641591e-02
   5.9402037e-02
   3.6311004e-02
   1.8897498e-02
   1.4162466e-02
   2.9565807e-02
   1.9927906e-02
   7.3108766e-03
   2.1192711e-02
   3.8986854e-02
   1.9148847e-02
   3.7141286e-02
   3.1055789e-02
   2.1995889e-02
   2.5314245e-02
   3.0010566e-02
   1.2912901e-02
   3.2213863e-02
   3.7465516e-02
   3.1489156e-02
   3.5292573e-02
   3.1489179e-02
   3.5513449e-02
   4.2800605e-02
   3.5993304e-02
   2.3988040e-02
   3.1189837e-02
   2.8038330e-02
   2.4763711e-02
   9.8232301e-03
   1.5849894e-02
   2.0040601e-02
   2.7939631e-02
   3.4573320e-02
   5.2216601e-02
   4.6131875e-02
   5.6213845e-02
   1.6594511e-02
   2.7534796e-02
   2.5400149e-02
   3.2652661e-02
   2.1448396e-02
   2.1432208e-02
   2.0315921e-02
   3.7542798e-02
   4.3960366e-02
   5.1775381e-02
   4.4775039e-02
   3.4033589e-02
   2.9544810e-02
   4.1194521e-02
   3.8612053e-02
   2.6422599e-02
   3.1510573e-02
   2.9399890e-02
   2.2177631e-02
   2.1657631e-02
   1.9976072e-02
   2.0893343e-02
   3.1959079e-02
   3.9090406e-02
   5.5922225e-02
   5.3773582e-02
   3.6274128e-02
   3.3914391e-02
   3.4299709e-02
   2.3706092e-02
   3.2592762e-02
   1.1482959e-02
   1.2805644e-02
   2.6558304e-02
   4.0074982e-02
   4.0905707e-02
   3.8269524e-02
   1.1700762e-02
   6.7617227e-03
   2.1639131e-02
   4.0355556e-02
   4.0982720e-02
   3.5699420e-02
   3.4851141e-02
   3.7295267e-02
   3.4205142e-02
   1.7632028e-02
   3.9218694e-02
   3.5901941e-02
   3.9714303e-02
   2.3380840e-02
   2.5879767e-02
   4.3871719e-02
   2.0806137e-02
   1.2897626e-02
   7.7105034e-03
   5.5326171e-02
   9.0113968e-02
   7.5482562e-02
   4.9973398e-02
   4.7391411e-02
   3.3561919e-02
   1.9048566e-02
   4.1086633e-02
   5.0453249e-02
   3.8045827e-02
   5.3246845e-02
   2.6297562e-02
   2.8962059e-02
   3.5389211e-02
   4.5239061e-02
   1.1216538e-02
   2.9857149e-02
   4.4847451e-02
   3.9337277e-02
   4.1215055e-02
   4.1472644e-02
   1.7806079e-02
   6.8169301e-03
   2.8068515e-02
   3.5410430e-02
   3.1302538e-02
   7.2615437e-02
   4.9236201e-02
   4.5943137e-02
   4.4772729e-02
   2.1044675e-02
   9.4325040e-03
   1.0165111e-02
   3.2944679e-02
   3.8926661e-02
   5.0928578e-02
   3.5785150e-02
   5.0005019e-02
   4.8450589e-02
   4.3472927e-02
   2.5827155e-02
   2.2548798e-02
   4.0961687e-02
   2.7710017e-02
   1.4231823e-02
   2.9574601e-02
   3.2108739e-02
   2.0843931e-02
   2.1956095e-02
   2.6848061e-02
   2.1247774e-02
   1.7038899e-02
   2.0050671e-02
   1.4922317e-02
   1.9757573e-02
   3.2093741e-02
   4.2676125e-02
   2.6881546e-02
   1.7452350e-02
   2.8613418e-02
   3.2668956e-02
   3.9380390e-02
   1.9458482e-02
   1.9152621e-02
   2.9398445e-02
   1.7846873e-02
   2.5696693e-02
   3.7467424e-02
   2.9191326e-02
   1.7126141e-02
   1.0201159e-02
   2.0147145e-02
   7.3131891e-03
   2.0447766e-02
   3.2842714e-02
   3.2982588e-02
   5.4275371e-02
   3.2475185e-02
   9.1290222e-03
   1.1742804e-02
   1.3596906e-02
   2.3627171e-02
   5.5469323e-02
   5.6760363e-02
   2.6715104e-02
   4.5236073e-02
   3.3091754e-02
   3.8471095e-02
   4.9956765e-02
   5.1038854e-02
   4.5081276e-02
   2.1405600e-02
   3.6677435e-02
   2.5415512e-02
   3.8141355e-02
   1.1700043e-02
   2.3717120e-02
   7.1964011e-02
   5.9801396e-02
   3.8535748e-02
   2.6603559e-02
   4.0313751e-02
   1.3639604e-02
   1.5002754e-02
   3.6449332e-02
   4.7439598e-02
   3.2423634e-02
   3.5790678e-02
   2.6537355e-02
   2.1876948e-02
   2.5131821e-03
   3.4261264e-02
   8.9747004e-02
   1.3116068e-01
   8.2213476e-02
   3.2996688e-02
   1.5722111e-02
   1.7773936e-02
   2.9501982e-02
   2.6431387e-02
   2.7108487e-02
   1.9835437e-02
   1.8522089e-02
   1.0105724e-02
   2.9177787e-02
   1.6229013e-02
   1.5821399e-02
   3.6253765e-02
   2.8406709e-02
   2.8304394e-02
   2.2772377e-02
   3.7326541e-02
   4.5792758e-02
   4.1332420e-02
   3.3912912e-02
   3.9427947e-02
   2.7435873e-02
   3.9015789e-02
   4.6550479e-02
   2.2092281e-02
   5.2180145e-02
   4.3544255e-02
   5.8961056e-02
   4.3076631e-02
   3.3524435e-02
   2.5561832e-02
   2.0101517e-02
   2.7584726e-02
   1.7109858e-02
   2.4181049e-02
   5.2189347e-03
   1.7884918e-02
   3.1278662e-02
   3.9834227e-02
   3.6916152e-02
   3.0758930e-02
   4.7205236e-02
   5.3551838e-02
   6.5153360e-02
   3.9450839e-02
   3.0884383e-02
   2.0301109e-02
   1.7253598e-02
   3.5674639e-02
   3.3903077e-02
   2.1407150e-02
   5.8592360e-02
   2.3533577e-02
   3.6554590e-02
   4.5869116e-02
   2.7228883e-02
   2.7925096e-02
   2.9558221e-02
   3.8634233e-02
   1.4222570e-02
  -1.0058240e-02
   1.5183912e-03
   1.0819181e-02
   3.6843538e-02
   6.9978207e-02
   6.0343072e-02
   4.8987050e-02
   4.0043306e-02
   1.4862837e-03
   2.3113109e-02
   2.7759563e-02
   7.9420961e-02
   1.1027057e-01
   1.0029396e-01
   1.1133544e-01
   8.3144538e-02
   5.4609362e-02
   2.8139314e-02
   3.7878491e-02
   8.3103336e-02
   1.1209328e-01
   1.2905186e-01
   9.7448237e-02
   4.2161640e-02
   1.8279335e-02
   1.8888034e-02
   5.4938797e-02
   1.1586486e-01
   1.2236825e-01
   6.9046758e-02
   3.5837315e-02
   4.7128923e-02
   2.7424397e-02
   1.6139859e-02
   9.0707779e-02
   2.8167573e-01
   2.7805308e-01
   1.7074120e-01
   7.4328169e-02
   2.9386360e-02
   2.2187751e-02
   1.9686684e-02
   3.0970713e-02
   3.8333580e-02
   2.9072795e-02
   1.7941542e-02
   4.1390359e-02
   5.0920781e-02
   9.2679344e-02
   9.1482773e-02
   9.7955339e-02
   8.6129442e-02
   6.3134864e-02
   3.5645984e-02
   3.4778148e-02
   4.0122826e-02
   5.0248023e-02
   3.4789093e-02
   3.1807143e-02
   4.5061667e-02
   4.5254070e-02
   2.9271282e-02
   2.3469094e-02
   5.6659900e-02
   2.6265450e-02
   1.9870779e-02
   3.3301387e-02
   1.7204219e-02
   6.7272098e-03
   3.5826001e-02
   2.0630015e-02
   9.9830702e-03
  -1.2202882e-03
   1.5066582e-02
   2.9577473e-02
   6.6556707e-02
   9.3831405e-02
   7.5752385e-02
   4.3179289e-02
   2.3881802e-02
   1.6634431e-02
   1.7354967e-02
   3.1705305e-02
   4.7496110e-02
   6.1831955e-02
   7.5065203e-02
   6.0823981e-02
   4.1921116e-02
   1.6143633e-02
   3.2160461e-02
   3.2989036e-02
   3.8544342e-02
   3.7810076e-02
   3.6482286e-02
   4.0338762e-02
   1.8349854e-02
   3.3412140e-02
   4.0593684e-02
   4.7168855e-02
   1.9754613e-02
   1.1425061e-02
   3.8549289e-02
   3.2782059e-02
   1.8838884e-02
   5.2717250e-02
   6.2524535e-02
   5.3159367e-02
   3.7016325e-02
   3.6521170e-02
   2.8625248e-02
   2.7908493e-02
   4.5059644e-02
   5.6907352e-02
   5.4474238e-02
   2.3596810e-02
   3.5992049e-02
   2.9355098e-02
   4.1916549e-02
   2.5340328e-02
   3.5355847e-02
   2.2325024e-02
   4.9555313e-02
   5.9123415e-02
   2.2562819e-02
   7.7984938e-03
   3.0888120e-02
   3.9076190e-02
   8.1101216e-02
   7.4769489e-02
   3.5929181e-02
   2.9764170e-02
   3.9930336e-02
   2.7268119e-02
   2.1400589e-02
   6.4989515e-02
   6.5065943e-02
   4.5697112e-02
   4.5095619e-02
   4.6163946e-02
   2.6169216e-02
   4.6219502e-02
   6.0492024e-02
   3.6440477e-02
   1.9576529e-02
   1.3082039e-02
   2.3664653e-02
   5.9856631e-02
   5.4620210e-02
   4.9688641e-02
   4.4700935e-02
   2.3961887e-02
   2.4588071e-02
   1.5578713e-02
   5.3837802e-02
   3.0923475e-02
   1.9934826e-02
   1.7968994e-02
   3.0772360e-02
   4.1287348e-02
   4.7211424e-02
   3.8182970e-02
   5.2170537e-02
   5.7685301e-02
   2.9232504e-02
   9.7929817e-03
   1.1041988e-02
   3.1242400e-02
   3.7632868e-02
   3.6120314e-02
   2.3540467e-02
   9.9383537e-03
   3.0749563e-02
   2.6479417e-02
   1.4976476e-02
   3.9185010e-02
   3.6694605e-02
   5.9701729e-04
   1.0554794e-02
   2.0638404e-02
   3.0301359e-02
   6.6578448e-02
   3.7025034e-02
   2.3815416e-02
   3.4121353e-02
   3.2876063e-02
   2.5720702e-02
   3.1174125e-02
   2.6937459e-02
   1.9582780e-02
   5.4561738e-03
   3.7614021e-02
   7.6805323e-02
   6.5292418e-02
   2.2294279e-02
   1.2573626e-02
   3.0738980e-02
   3.5993874e-02
   2.4868121e-02
   4.5997694e-02
   2.3867397e-01
   4.1647962e-01
   3.6561263e-01
   2.2570828e-01
   1.0948973e-01
   6.2488779e-02
   5.1508930e-02
   1.5847847e-02
   2.1252429e-02
   3.2505311e-02
   3.8853191e-02
   4.3693054e-02
   8.4706165e-02
   7.2495677e-02
   4.3507211e-02
   3.0114381e-02
   2.5473218e-02
   3.4353249e-02
   3.7635468e-02
   5.6230322e-02
   5.2395109e-02
   5.0673489e-02
   4.5634262e-02
   3.5597935e-02
   2.9762181e-02
   3.7970971e-02
   2.9357899e-02
   6.5150537e-02
   5.9883561e-02
   8.2234219e-03
  -2.9416424e-03
   1.9530127e-02
   3.5684735e-02
   4.0771320e-02
   4.0458996e-02
   3.3063345e-02
   2.6029151e-02
   2.7861692e-02
   4.1445341e-02
   1.8776892e-02
   4.4643752e-02
   5.1368397e-02
   8.7989878e-04
   9.6350601e-03
   8.4004998e-03
   3.6624931e-03
   6.2875405e-02
   1.6446482e-01
   2.1576899e-01
   1.0713243e-01
   5.4814383e-02
   3.4899931e-02
   2.0713206e-02
   1.5480927e-02
   4.9928021e-02
   9.2364803e-02
   5.7150699e-02
   5.0244901e-02
   7.8194626e-02
   3.4778666e-02
   3.7054520e-02
   8.9542955e-02
   1.5233126e-01
   9.9762045e-02
   5.5614125e-02
   5.4355819e-02
   6.7488618e-02
   5.3783134e-02
   8.0924213e-02
   3.9892528e-02
   1.7694129e-02
  -2.8283320e-02
   1.4153517e-02
   1.1167534e-01
   1.5921284e-01
   1.6596547e-01
   9.7010382e-02
   2.6338395e-02
   1.3738644e-02
   5.8079869e-03
   4.4518884e-02
   3.0099890e-01
   8.2778150e-01
   1.0256149e+00
   6.8595046e-01
   2.9513448e-01
   1.1253604e-01
   3.5601180e-02
   3.1058833e-02
   5.3807784e-02
   5.8744796e-02
   9.4623268e-02
   1.2194254e-01
   1.3989082e-01
   1.1804976e-01
   9.7339414e-02
   7.1790799e-02
   1.4817375e-02
   1.0757223e-02
  -3.5867251e-03
   1.7778141e-02
   1.7581843e-02
   2.4899870e-02
   4.5957789e-02
   3.8065776e-02
   3.8560476e-02
   3.4038588e-02
   3.7101284e-02
   3.2096166e-02
   4.5358337e-02
   5.3576153e-02
   7.0719294e-02
   2.9388186e-02
   2.6427624e-03
   1.2989356e-02
   6.2928811e-02
   7.4461140e-02
   4.0292483e-02
   3.9025828e-02
   3.2143224e-02
   6.3832834e-02
   8.6788766e-02
   4.6549179e-02
   2.2486562e-02
  -6.3611944e-03
   2.1042464e-02
   2.7717810e-02
   1.1443850e-01
   1.6406223e-01
   2.1092407e-01
   1.3854907e-01
   5.4111823e-02
   4.0752381e-02
   8.9128660e-03
   9.9483673e-03
   1.1759266e-01
   2.8995699e-01
   3.4667692e-01
   2.2310905e-01
   1.0744747e-01
   6.5268226e-02
   3.5059944e-02
   1.3052398e-02
   3.5621397e-02
   4.4193272e-02
   5.2818026e-02
   7.1375877e-02
   7.9586253e-02
   7.4315161e-02
   5.2175276e-02
   5.7633314e-02
   7.9348236e-02
   4.3058224e-02
  -8.2019726e-03
   2.3011861e-02
   8.8999853e-02
   6.6640355e-02
   4.0277302e-02
   2.3639662e-02
   3.4702744e-02
   2.0137573e-02
   1.7286055e-02
   3.4279026e-02
   4.1622915e-03
   3.1906709e-02
   1.3885788e-02
   2.4623696e-02
   3.1093270e-02
   5.8616407e-02
   3.9495796e-02
   1.2367761e-01
   1.9613935e-01
   1.7394286e-01
   1.0066568e-01
   3.7082933e-02
   3.6369834e-02
   2.4089763e-02
   1.6132355e-02
   1.4437358e-02
   2.5976650e-02
   6.7844279e-02
   6.5436490e-02
   5.8874603e-02
   3.4425069e-02
   2.9581349e-02
   2.5254898e-02
   4.0850651e-02
   1.0761946e-01
   1.4880545e-01
   1.5350479e-01
   1.1408476e-01
   4.8579928e-02
   1.5861155e-02
   2.6869124e-02
   2.8887717e-02
   1.2295580e-01
   2.3295423e-01
   2.7388102e-01
   2.3023716e-01
   1.4511278e-01
   6.1733164e-02
   3.1103821e-02
   1.4106515e-02
   3.8563780e-02
   3.4161787e-02
   4.4438805e-02
   5.1968753e-02
   7.2990507e-02
   7.0062108e-02
   4.9163248e-02
   3.4942981e-02
   1.6095843e-02
   2.7054897e-02
   2.3779560e-02
   9.2760520e-03
   5.7251293e-02
   7.5750500e-02
   6.5099403e-02
   4.8975237e-02
   2.2363015e-02
   5.2670691e-02
   1.2470067e-02
   1.4884936e-02
   4.1419577e-02
   8.8032492e-02
   6.5684788e-02
   4.8423082e-02
   5.2836780e-02
   6.9628723e-02
   4.4475250e-02
   3.6410458e-02
   2.5730737e-02
   1.3823605e-02
   2.4684099e-02
   2.5995845e-02
   8.2695015e-02
   1.2237513e-01
   1.1046360e-01
   7.2823651e-02
   8.5965998e-02
   9.1187745e-02
   7.6995082e-02
   5.3051028e-02
   3.7940942e-02
   1.5803883e-03
  -5.8528711e-04
   7.3572993e-02
   2.2929646e-01
   3.3169001e-01
   2.3535459e-01
   1.2864105e-01
   5.8203477e-02
   2.3173148e-02
   2.3535261e-02
   1.7317149e-01
   6.8863052e-01
   1.2796694e+00
   1.1547655e+00
   6.6523075e-01
   3.1550130e-01
   1.2737392e-01
   5.3043615e-02
   2.0463018e-02
   1.4107487e-03
   1.5109331e-02
   9.1114007e-02
   2.1660005e-01
   1.9635835e-01
   1.8346068e-01
   1.1667794e-01
   2.6577607e-02
   9.9769505e-03
   2.9181281e-02
   4.4525545e-02
   4.2380996e-02
   7.2689548e-02
   3.9451405e-02
   3.3931062e-02
   1.8888813e-02
   5.5193622e-02
   1.2224712e-01
   1.2608713e-01
   8.7338187e-02
   9.0844013e-02
   4.0364712e-02
   3.0443672e-02
   3.9782640e-02
   2.6728365e-01
   6.0684729e-01
   6.7541343e-01
   4.9252585e-01
   3.2327080e-01
   2.1912034e-01
   1.2345089e-01
   8.2161710e-02
   5.1442180e-02
  -9.4640665e-03
   2.8058661e-02
   3.1378779e-01
   6.1463577e-01
   6.6152471e-01
   4.8980281e-01
   3.0808198e-01
   1.5189447e-01
   4.9007319e-02
   3.7845213e-02
   1.9422285e-01
   4.5797336e-01
   6.5597159e-01
   5.8012587e-01
   3.9453906e-01
   3.2730797e-01
   2.7265185e-01
   2.4195029e-01
   1.3276400e-01
   2.0971999e-02
   4.7006770e-03
   1.5071617e-01
   5.3232354e-01
   1.0099308e+00
   1.0906097e+00
   7.0214766e-01
   3.6426350e-01
   1.4594622e-01
   8.3642304e-02
   1.6900040e-01
   1.0938760e+00
   2.6334260e+00
   3.1973729e+00
   2.3115456e+00
   1.5100248e+00
   1.5792125e+00
   1.5524650e+00
   1.2339990e+00
   7.2999775e-01
   2.4355337e-01
   1.5649870e-01
   1.1178905e+00
   4.9564695e+00
   9.1917667e+00
   8.8575764e+00
   5.1096964e+00
   2.1778169e+00
   9.1160661e-01
   5.9739429e-01
   3.1624517e+00
   1.8598051e+01
   3.8263168e+01
   3.8050014e+01
   2.2727140e+01
   9.3924370e+00
   3.0277548e+00
   8.7673688e-01
   2.6245758e-01
   7.7382568e-03
   2.7063859e-01
   2.5243301e+00
   5.3954554e+00
   5.5199513e+00
   3.9099798e+00
   2.2180519e+00
   8.8091701e-01
   1.0064361e-01
  -1.1712212e-02
   3.9113173e-01
   6.6786486e-01
   1.0707911e+00
   1.4962430e+00
   1.3579834e+00
   7.0119238e-01
   3.2483041e-01
   4.2003033e-01
   3.5189366e-01
   2.9047459e-01
   3.2439134e-01
   2.8851101e-01
   4.1024604e-01
   5.9870559e-01
   1.0014895e+00
   1.4828246e+00
   1.2816159e+00
   5.8632046e-01
   8.9953899e-02
   1.1241965e-02
   1.6715996e-01
   2.1468009e-01
   2.5777218e-01
   2.0939817e-01
   1.1953197e-01
   7.2757930e-02
   1.1050729e-01
   8.2850292e-02
   1.8718456e-01
   3.4197715e-01
   2.9267418e-01
   1.5523972e-01
   1.0609682e-01
   1.2819085e-01
   2.2851393e-01
   2.0946100e-01
   6.8906143e-02
  -7.1945846e-02
  -1.3456757e-01
   7.0484944e-02
   2.9288146e-01
   3.1782100e-01
   1.4362906e-01
  -5.6071203e-02
  -2.1312873e-01
  -1.1692312e-01
   1.8555613e-01
   5.6346136e-01
   1.0729053e+00
   1.1933789e+00
   7.7591431e-01
   2.1419668e-01
   9.0748630e-02
   7.4964905e-01
   2.1511862e+00
   2.6449549e+00
   1.7380942e+00
   7.2656924e-01
   2.3743522e-01
   6.3190931e-01
   1.4555805e+00
   1.6232129e+00
   9.2527443e-01
   4.4010380e-01
   3.7720558e-01
   3.2394508e-01
   5.8128577e-01
   3.1258776e+00
   7.6023612e+00
   8.4285479e+00
   5.3964825e+00
   2.3370647e+00
   7.5385457e-01
   3.2599270e-01
   2.2387682e-01
   9.4905034e-02
   9.4474196e-02
   5.5526203e-01
   1.1990834e+00
   1.2959224e+00
   9.4066215e-01
   5.3419870e-01
   1.6803050e-01
  -7.8873429e-03
   5.2248123e-03
   1.5251519e-01
   2.5282449e-01
   3.6999300e-01
   4.2566350e-01
   3.6015293e-01
   1.3973677e-01
   4.8681449e-02
   1.4915330e-02
   8.2211100e-02
   9.1287181e-02
   1.0999591e-01
   1.2062087e-01
   2.0654351e-01
   1.7048547e-01
   2.5776720e-01
   3.5022244e-01
   2.3903602e-01
   9.0044938e-02
   1.7132148e-02
   4.9366482e-02
   1.1158853e-01
   1.2565435e-01
   6.5293588e-02
   4.6188772e-02
   3.1133002e-02
  -8.2584610e-03
   7.7601578e-03
   4.0298477e-02
   1.6742161e-01
   1.9400647e-01
   1.7787655e-01
   7.7180460e-02
   1.1240330e-01
   1.2434284e-01
   7.7302016e-02
   8.1175566e-02
   2.3673000e-02
   7.9843868e-03
   5.0305143e-02
   2.1263216e-01
   2.6037440e-01
   2.1733820e-01
   1.0831921e-01
  -6.2904707e-03
  -4.7868077e-02
  -2.6733855e-02
   2.6315561e-01
   6.5439576e-01
   7.6800829e-01
   5.7217449e-01
   2.7967751e-01
   1.7861731e-01
   2.8365630e-01
   4.3472996e-01
   5.2061814e-01
   2.5454569e-01
   2.3592891e-02
   1.0908709e-01
   9.9262029e-01
   1.9699268e+00
   1.8437593e+00
   9.4644529e-01
   2.7863631e-01
   9.4696879e-03
   8.2394205e-02
   1.7316691e+00
   6.5833936e+00
   1.0796772e+01
   9.3326197e+00
   5.1704354e+00
   2.0807080e+00
   6.4205837e-01
   1.3708201e-01
   8.6786203e-02
   9.4963454e-02
   3.7219265e-01
   1.0729820e+00
   1.4658654e+00
   1.3722005e+00
   9.8833722e-01
   6.2095523e-01
   2.8490734e-01
   7.8160450e-02
   1.1975178e-01
   2.2247025e-01
   3.5500184e-01
   4.8242307e-01
   4.3308231e-01
   3.3445758e-01
   1.4445931e-01
   1.0183868e-01
   1.1032981e-01
   1.1610170e-01
   1.4266388e-01
   1.3928759e-01
   1.5581299e-01
   2.0801644e-01
   2.1437423e-01
   2.3964253e-01
   2.1361654e-01
   1.2784488e-01
  -4.7790664e-03
  -2.4279563e-02
   7.8166738e-02
   1.2893461e-01
   1.0979571e-01
   1.1665193e-01
   8.4817410e-02
   2.6180049e-02
   2.9357927e-02
   1.1422737e-02
   6.2691756e-02
   1.2310931e-01
   9.9447608e-02
   7.8415625e-02
   8.0732465e-02
   7.8320369e-02
   8.1665352e-02
   8.9888707e-02
   6.2432863e-02
  -3.7607558e-03
   1.5278492e-02
   1.0264259e-01
   1.3603199e-01
   1.0705560e-01
   5.5178903e-02
   6.3312858e-02
   1.8082818e-02
   2.9922932e-02
   1.0175368e-01
   3.1826895e-01
   4.0598962e-01
   3.4114656e-01
   2.1652369e-01
   1.1625887e-01
   1.3574766e-01
   1.5322855e-01
   2.5221303e-01
   2.4216117e-01
   1.3872731e-01
   1.0567811e-01
   1.9816269e-01
   4.4552532e-01
   5.0975478e-01
   3.0873504e-01
   1.9394657e-01
   4.5750462e-02
   4.9169246e-02
   3.3112302e-01
   1.2788427e+00
   2.5066247e+00
   2.5444067e+00
   1.6042873e+00
   6.6176307e-01
   2.9558423e-01
   7.9114676e-02
   4.7133588e-03
   1.2715791e-02
   9.2853412e-02
   2.5297639e-01
   3.7149554e-01
   4.0635580e-01
   3.1066474e-01
   1.9880237e-01
   1.0450597e-01
   8.2969740e-02
   1.1467919e-01
   1.0773814e-01
   9.5706508e-02
   1.5006509e-01
   1.3336954e-01
   1.0890850e-01
   5.7788938e-02
   5.0586853e-02
   4.9051851e-02
   4.1419689e-02
   2.3795141e-02
   3.9973255e-02
   6.5360211e-02
   8.4257089e-02
   1.0441217e-01
   7.8369655e-02
   3.9329037e-02
   1.7420279e-02
   2.5499860e-02
   2.9778995e-02
   7.2635099e-02
   6.7707278e-02
   4.3608211e-02
   4.9363982e-02
   3.1579547e-02
   7.4705742e-03
   1.4801460e-02
   5.3911988e-02
   4.1758083e-02
   7.6205075e-02
   5.8571674e-02
   4.7836769e-02
   5.6480680e-02
   6.8069205e-02
   6.3210897e-02
   7.1920022e-02
   6.3343279e-02
   1.3089965e-02
   1.3142714e-02
   1.0930686e-01
   1.2897643e-01
   9.7518101e-02
   2.9363077e-02
   3.0343389e-02
   1.6139667e-02
   5.0564744e-02
   7.8453884e-02
   1.4386518e-01
   1.0633005e-01
   9.6938349e-02
   3.8120717e-02
   6.5737084e-02
   9.7725868e-02
   1.2182713e-01
   8.9230463e-02
   8.4177583e-02
   6.3634969e-02
   8.0112837e-02
   1.4817816e-01
   2.3987497e-01
   1.9683871e-01
   7.2874099e-02
   1.9965209e-02
   1.9267404e-02
   6.3778691e-02
   3.8544646e-01
   8.4435940e-01
   9.6212500e-01
   6.3948089e-01
   2.9422203e-01
   9.4357498e-02
   4.0229488e-02
  -3.7483820e-03
   5.0356165e-02
   3.8687993e-02
   6.2306568e-02
   1.6462563e-01
   1.6713154e-01
   1.1822488e-01
   5.9123211e-02
  -1.0496822e-04
   1.1820043e-02
   3.9482791e-02
   5.3713694e-02
   6.1255265e-02
   8.0671474e-02
   7.1809739e-02
   7.8584552e-02
   4.7635552e-02
   5.2526430e-03
   2.5716793e-02
   6.9421701e-02
   6.6590734e-02
   3.9192837e-02
   6.6280127e-02
   5.0090078e-02
   3.6654815e-02
   3.9936215e-02
   2.3580121e-02
   1.3051717e-02
   1.5305541e-02
   6.1271928e-02
   7.6891765e-02
   6.0206499e-02
   4.0768147e-02
   3.4358248e-02
   4.0256511e-02
   3.4142606e-02
   3.5341688e-02
   7.4256338e-02
   7.3454306e-02
   3.0635631e-02
   3.1565245e-02
   1.1997242e-02
   2.9171471e-02
   6.1950810e-02
   2.4541726e-02
   1.6784614e-02
   5.2318014e-02
   5.5066589e-02
   5.3824540e-02
   5.4719444e-02
   2.1459406e-02
   2.3962062e-02
   1.4211208e-02
   7.5094057e-03
   6.0363512e-02
   6.0829807e-02
   3.4498919e-02
   3.5914816e-02
   4.1301973e-02
   5.6761254e-02
   5.5910207e-02
   6.0497493e-02
   4.5107264e-02
   3.0288544e-02
   3.5670724e-02
   4.2737771e-02
   1.4314762e-02
   4.3607447e-02
   1.0151877e-01
   7.9055488e-02
   5.4335289e-02
   3.5843238e-02
   2.1734452e-02
   1.6765937e-02
   1.0838358e-01
   2.4903750e-01
   3.3880374e-01
   2.6371294e-01
   1.5391241e-01
   6.6437140e-02
   2.8376879e-02
   3.5705991e-02
   3.9976422e-02
   3.2939773e-02
   6.0292106e-02
   8.9973353e-02
   1.0913879e-01
   7.9250708e-02
   5.9248276e-02
   4.2354722e-02
   3.0896924e-02
   5.9195992e-02
   2.1989683e-02
   4.1498676e-02
   4.3888155e-02
   3.5871036e-02
   7.0835337e-02
   3.5575785e-02
   5.1971946e-02
   1.6990677e-02
   2.0448074e-02
   3.4088831e-02
   4.2730857e-02
   7.4165367e-02
   8.7034665e-02
   3.9451092e-02
   1.8038722e-02
   6.9570161e-02
   4.7266517e-02
   3.5040583e-02
   5.8355488e-02
   4.3136604e-02
   4.7152627e-02
   6.4924605e-02
   4.9537551e-02
   6.1391298e-02
   5.3083677e-02
   7.0074700e-02
   5.6986410e-02
   5.9439231e-02
   2.9164582e-02
   7.2457694e-02
   7.9509661e-02
   1.0725125e-01
   7.1678177e-02
   6.4142898e-02
   4.3826953e-02
   5.8815442e-02
   1.3114347e-01
   9.0074889e-02
   9.6137971e-02
   3.9924968e-02
   1.7457271e-03
   4.1464385e-02
   4.4929255e-02
   8.4664039e-02
   9.2261687e-02
   1.0477308e-01
   9.9643916e-02
   1.9896667e-02
   2.3274429e-02
   6.1146047e-02
   1.0787924e-01
   1.4381924e-01
   9.6497312e-02
   5.6096110e-02
   5.7543669e-02
   6.8315715e-02
   5.2118182e-02
   1.6684218e-01
   2.1210310e-01
   1.3385497e-01
   8.0030397e-02
   7.5329773e-02
   7.4178219e-02
   1.5375039e-01
   3.0903462e-01
   3.0092314e-01
   2.0456706e-01
   1.0723566e-01
   2.8604515e-02
   2.5447793e-02
   1.2541445e-01
   2.8146815e-01
   2.1176045e-01
   1.7378606e-01
   5.8573041e-02
   4.8591667e-03
   6.1796185e-02
   2.5455490e-01
   4.2394108e-01
   4.3315551e-01
   2.9848206e-01
   1.3197137e-01
   7.9433702e-02
   7.6432668e-02
   2.2604752e-01
   2.8251469e-01
   2.4496008e-01
   1.2619455e-01
   6.3524157e-02
   5.5047341e-02
   5.6896299e-02
   1.6002326e-01
   2.6935956e-01
   1.8558101e-01
   1.0679983e-01
   7.0705950e-02
   8.7962367e-02
   1.2853745e-01
   2.1085544e-01
   2.5485662e-01
   1.8048091e-01
   1.0432151e-01
   8.7829761e-02
   1.3574944e-01
   1.1444898e-01
   6.4893275e-02
   2.5526660e-02
   4.4787511e-02
   1.1082972e-01
   9.7479396e-02
   1.6490272e-01
   1.7777495e-01
   1.5814187e-01
   1.2984040e-01
   9.7320363e-02
   1.1549311e-01
   1.1195826e-01
   8.0248006e-02
   1.6840164e-02
   1.9821456e-02
   5.7802834e-02
   1.1702018e-01
   9.3236484e-02
   8.7692961e-02
   7.2762072e-02
   2.8096102e-02
   4.6298835e-02
   2.7417701e-02
   6.2469602e-02
   1.9305328e-02
   5.4325048e-02
   4.5162898e-02
   5.6766931e-02
   6.6398144e-02
  -7.6282374e-03
   2.3830462e-02
   3.8317233e-02
   9.3913481e-02
   1.0524797e-01
   1.1006651e-01
   6.5824233e-02
   1.1559264e-02
   1.6430499e-02
   4.6975527e-02
   5.3078968e-02
   1.2252194e-01
   8.8491417e-02
   2.0054456e-02
   1.7999787e-02
   6.6480525e-02
   9.3882650e-02
   1.0890011e-01
   8.1896663e-02
   4.0745202e-02
   4.7253288e-02
   4.9656209e-02
   5.7092525e-02
   1.3520983e-01
   1.6068542e-01
   1.5791245e-01
   8.5244544e-02
   2.3697820e-02
   1.1616003e-02
   4.8439927e-02
   1.2333228e-01
   1.6417652e-01
   9.0802290e-02
   3.6630914e-02
   2.6253786e-02
   2.4678959e-02
   9.3985386e-02
   1.1449322e-01
   8.3857074e-02
   5.7339258e-02
   2.6110712e-02
   1.7010218e-02
   4.5521073e-02
   9.1130123e-02
   1.2989745e-01
   8.9877293e-02
   5.6247029e-02
   6.0882971e-02
   6.6775076e-02
   7.5378455e-02
   4.3371998e-02
   1.8720454e-02
   4.2392258e-02
   5.8819901e-02
   2.3427783e-02
   4.6264254e-02
   8.2887597e-02
   1.0565391e-01
   7.5758301e-02
   3.3830162e-02
   4.9262743e-02
   4.4874012e-02
   3.0389171e-02
   4.8378550e-02
   3.2705013e-02
   1.8838232e-02
   3.5102308e-02
   6.3023031e-02
   4.7120739e-02
   5.0373752e-02
   5.8878735e-02
   2.2027776e-02
   2.3581754e-02
   3.1647097e-02
   4.6625555e-02
   3.4549266e-02
   4.1607331e-02
   4.5237668e-02
   2.6619779e-02
   3.4019485e-02
   6.3454639e-04
   2.5622392e-02
   3.7261888e-02
   5.9551790e-02
   3.6685079e-02
   2.4539443e-02
   3.2178011e-02
   3.5473708e-02
   3.2769132e-02
   3.7591033e-02
   4.3939939e-03
   5.1618390e-02
   4.4982348e-02
   3.5675991e-02
   3.8620144e-02
   2.8346421e-02
   5.9125278e-02
   4.5514215e-02
   1.5544617e-02
   4.2828653e-02
   2.8762184e-02
   6.2025957e-02
   1.0213701e-01
   7.6834172e-02
   7.6106042e-02
   7.1741603e-02
   1.9798085e-02
   6.6913338e-03
   2.8740842e-02
   6.3511580e-02
   5.9968699e-02
   5.2444458e-02
   2.4988405e-02
   1.8641034e-02
   3.3118088e-02
   7.7015191e-02
   8.2684331e-02
   4.9391206e-02
   4.7558453e-02
   4.7216598e-02
   5.9276510e-02
   4.8043314e-02
   6.8782315e-02
   9.6856929e-02
   6.7808345e-02
   3.6576640e-02
   5.3691853e-02
   5.6079257e-02
   2.5099715e-02
   3.4608498e-02
   3.0637130e-02
   3.4904871e-02
   5.4541223e-02
   5.6497443e-02
   3.9425056e-02
   5.3603608e-02
   4.3280922e-02
   2.3812430e-03
   1.1714212e-02
   1.9650063e-02
   2.7601551e-02
   2.6651006e-02
   3.7335638e-02
   2.5933497e-02
   2.9378207e-02
   2.5346093e-02
   1.4792511e-02
   2.2736978e-02
   1.7696215e-02
   1.1049578e-02
   2.4404276e-02
   2.9649640e-02
   2.4415128e-02
   3.6993526e-02
   4.8649028e-02
   4.2057633e-02
   3.4542095e-02
  -5.6669029e-04
   2.0708790e-02
   5.6751333e-02
   3.1385630e-02
   6.6212439e-03
   1.4369437e-02
   2.9851280e-02
   2.4748266e-02
   2.8049512e-02
   1.8157657e-02
   1.9595992e-02
   3.0259188e-02
   5.2938633e-02
   3.1395558e-02
   3.5013437e-02
   2.3361523e-02
   4.4387158e-02
   4.0953428e-02
   4.0656030e-02
   5.6983121e-02
   3.5150431e-02
   3.5027757e-02
   4.5778137e-02
   7.7735320e-02
   5.7279035e-02
   2.5730146e-02
   2.4240365e-02
   8.3031720e-03
   9.9485908e-03
   4.8536114e-02
   4.6158116e-02
   4.8439573e-02
   4.0372156e-02
   1.8712241e-02
   3.1104278e-02
   4.7064647e-02
   6.4986616e-02
   4.5210797e-02
   6.1638657e-02
   4.3852765e-02
   1.1637094e-02
   4.2520184e-02
   3.7943471e-02
   5.2452102e-02
   6.6424400e-02
   7.2383359e-02
   5.4929439e-02
   4.4247989e-02
   2.1976387e-02
   1.9837920e-02
   1.1412068e-02
   3.4873463e-02
   4.1158397e-02
   5.1517550e-02
   5.4017227e-02
   6.3803360e-02
   4.5428187e-02
   4.0954988e-02
   3.4227356e-02
   1.0254505e-02
   7.5561875e-03
   1.4387190e-02
   5.2560739e-02
   4.6394184e-02
   3.9352000e-02
   4.0339142e-02
   2.6032105e-02
   1.5390009e-02
   4.6772134e-02
   3.5078228e-02
   5.9460498e-02
   3.8615882e-02
   3.8894314e-02
   5.3862527e-02
   5.4510169e-02
   3.3798814e-02
   4.0354174e-02
   1.6503382e-02
   5.0801344e-02
   6.9223434e-02
   3.2556407e-02
   3.2311093e-02
   5.2880134e-02
   4.8667248e-02
   4.4798475e-02
   4.3285854e-02
   1.8099122e-02
   1.3017523e-02
   1.1096784e-02
   3.4045603e-02
   2.2108318e-02
   4.8024055e-02
   6.8209715e-02
   5.2487969e-02
   3.2522261e-02
   3.6931861e-02
   3.5261866e-02
   3.8455378e-02
   3.0890746e-02
   5.3133231e-02
   3.9895903e-02
   4.1846812e-02
   3.0200342e-02
   1.6544070e-02
   1.7496234e-02
   9.6294899e-03
   4.3819942e-02
   4.1762784e-02
   3.2800462e-02
   1.5029485e-02
   1.4907326e-02
   3.6917374e-02
   5.5522297e-02
   4.4175856e-02
   4.6484467e-02
   1.2114157e-02
   3.6354750e-02
   1.8463917e-02
   2.5733864e-02
   2.7686562e-02
   1.6053854e-02
   3.7942104e-02
   4.1218825e-02
   5.0069951e-02
   2.7965099e-02
   2.7440917e-02
   2.1580040e-02
   2.5858354e-02
   3.5508882e-02
   2.9377267e-02
   4.4832420e-02
   2.3111209e-02
   1.9162694e-02
   1.9648759e-02
   1.3226890e-02
   1.8078830e-02
   3.2516897e-02
   3.4307618e-02
   2.2540197e-02
   1.8101387e-02
   2.8257739e-02
   1.9150272e-02
   3.9441627e-02
   4.5511495e-02
   2.1083610e-02
   2.2733612e-02
   2.2694787e-02
   3.2699343e-02
   3.3244833e-02
   2.2529753e-02
   3.1285089e-02
   2.8874440e-02
   3.9232984e-02
   5.6773707e-02
   4.1557673e-02
   2.3880512e-02
   1.7830899e-02
   3.9838973e-02
   3.7819773e-02
   2.9590394e-02
   4.3227080e-02
   2.9109323e-02
   2.0905098e-02
   2.7098175e-02
   1.7371451e-02
   1.9709665e-02
   1.7286677e-02
   2.0022608e-02
   2.7798094e-02
   2.7721068e-02
   2.0757381e-02
   3.4936178e-02
   2.7635012e-02
   3.8126178e-02
   3.0286454e-02
   2.7081216e-02
   2.8522933e-02
   4.3228544e-02
   1.6687958e-02
   4.1455854e-02
   3.3155877e-02
   2.1046730e-02
   3.0596528e-02
   4.5032673e-02
   2.2419278e-02
   1.5708055e-02
   3.3975881e-02
   2.3950633e-02
   1.6061187e-02
   4.4342414e-02
   3.3291295e-02
   3.0240113e-02
   3.4201548e-02
   2.5199024e-02
   3.2370768e-02
   3.6103562e-02
   1.8131943e-02
   2.5701512e-02
   2.2629194e-02
   4.6450078e-02
   4.4238452e-02
   3.9968833e-02
   1.8701201e-02
   4.1823436e-02
   3.5203654e-02
   3.3446308e-02
   5.4428056e-02
   4.5266479e-02
   3.8459472e-02
   1.3354030e-02
   2.3819156e-02
   2.7680915e-02
   2.2448124e-02
   2.5362974e-02
   3.4079604e-02
   2.8635083e-02
   3.7646711e-02
   3.9636374e-02
   4.9502112e-02
   5.3105537e-02
   6.2411059e-02
   5.1293887e-02
   2.5506794e-02
   8.8037848e-03
   2.5675220e-02
   2.9282646e-02
   2.0206081e-02
   3.0011727e-02
   3.1863451e-02
   2.2541437e-02
   2.8605603e-02
   1.5060297e-02
   2.9810607e-02
   2.3984587e-02
   1.8281814e-02
   1.5544314e-02
   1.5502658e-02
   2.5389882e-02
   2.9744919e-02
   2.6576009e-02
   1.5870582e-02
   4.7327749e-02
   3.7307896e-02
   3.5041984e-02
   3.1028742e-02
   1.5475684e-02
   7.8245619e-04
   1.8706577e-02
   2.5409682e-02
   3.6951970e-02
   4.4525240e-02
   1.1019832e-02
   2.2352109e-02
   3.1812005e-02
   1.9272774e-02
   2.2364685e-02
   3.8448099e-02
   3.4880117e-02
   3.6585219e-02
   3.6674812e-02
   3.2278277e-02
   2.3308111e-02
   4.2392340e-02
   3.0120218e-02
   1.2593764e-02
   9.4387503e-03
   1.4713542e-02
   5.7090111e-02
   4.9349196e-02
   2.2536168e-02
   2.6579648e-02
   2.9804338e-02
   1.9987885e-02
   3.8060475e-02
   4.5383308e-02
   3.4738671e-02
   2.5184670e-02
   2.0926528e-02
   2.3991494e-02
   2.7600195e-02
   2.4548853e-02
   6.8784808e-03
   2.3424219e-02
   2.8732441e-02
   3.3973921e-02
   3.0117221e-02
   2.6348231e-02
   1.3381602e-02
   3.1167999e-02
   3.4025561e-02
   2.0369487e-02
   3.5257623e-02
   3.6056347e-02
   1.6330302e-02
   1.8820789e-02
   1.6285490e-02
   4.2515304e-02
   1.7439377e-02
   1.3955757e-02
   5.6143561e-03
   1.1293151e-02
   9.2845699e-03
   1.1705662e-02
   3.9629459e-02
   2.1495910e-02
   3.0174511e-02
   3.1899285e-02
   9.3879970e-03
   4.4184453e-03
   1.6065238e-02
   2.2886248e-02
   2.0814013e-02
   1.9211845e-02
   4.1310146e-02
   2.3232769e-02
   6.5704351e-03
   2.5390269e-02
   3.7304383e-02
   3.2014634e-02
   4.0145811e-02
   3.4026686e-02
   5.9738901e-02
   7.7244848e-02
   6.2180366e-02
   3.5746794e-02
   5.2581043e-03
   3.2841012e-02
   5.3418230e-02
   8.9318119e-02
   1.6242884e-01
   1.3005981e-01
   5.9921719e-02
   3.0871049e-02
   1.7910987e-02
   3.6588542e-02
   9.6538365e-02
   1.7856167e-01
   1.3653018e-01
   8.1489965e-02
   2.7546868e-02
   4.4835560e-02
   4.6771757e-02
   3.7146628e-02
   1.8219665e-02
   3.3468496e-02
   7.3446453e-02
   7.9219900e-02
   9.9417932e-02
   7.7671446e-02
   3.5640955e-02
   1.7680241e-02
   3.7508100e-02
   3.6356054e-02
   3.6226097e-02
   2.1101236e-02
   1.5640127e-02
   3.1339902e-02
   4.1756298e-02
   4.9692262e-02
   4.0391248e-02
   2.1761151e-02
   2.4979161e-02
   1.6483683e-02
   3.4049276e-02
   4.2215485e-02
   2.8720887e-02
   4.2240728e-02
   2.4656985e-02
   4.4734746e-02
   2.9482886e-02
   2.2925636e-02
   2.5554588e-02
   3.8290229e-02
   3.8088713e-02
   4.2203993e-02
   3.5088457e-02
   1.4211799e-02
   1.4087615e-02
   4.0348084e-03
   2.3115482e-02
   2.4632426e-02
   2.7411344e-02
   3.1838540e-02
   4.0918920e-02
   3.9850276e-02
   4.3635219e-02
   3.6313254e-02
   3.0280679e-02
   8.1710014e-03
   2.3924198e-02
   1.2434047e-02
   1.1986433e-02
   2.2622807e-02
   3.8180329e-02
   5.1596966e-02
   1.0149103e-02
   1.1791590e-02
   9.8205665e-03
   2.2692760e-02
   3.7167892e-02
   3.8111951e-02
   2.2280347e-02
   2.3140397e-02
   5.2225087e-02
   5.2018993e-02
   4.8893243e-02
   1.9411050e-02
   7.4785820e-04
   1.9769019e-02
   3.8898021e-02
   4.3585673e-02
   4.3782227e-02
   2.9443739e-02
   1.7765839e-02
   8.4537016e-03
   3.2250613e-02
   4.1000891e-02
   3.0728770e-02
   3.4749769e-02
   2.6372066e-02
   2.1474101e-02
   1.6991720e-02
   5.6153690e-03
   2.0622732e-02
   3.5239231e-02
   2.8730765e-02
   2.9623527e-02
   3.7207302e-02
   1.7917505e-02
   2.7383847e-02
   1.1665477e-02
   2.1088811e-02
   2.8613083e-02
   2.1261085e-02
   1.3422489e-02
   1.0437126e-02
   2.3090247e-02
   2.1875266e-02
   1.0351561e-02
   1.6939148e-02
   2.6875572e-02
   3.8358524e-02
   3.9879337e-02
   5.0924424e-02
   2.7052842e-02
   1.8916475e-02
   1.2916833e-02
   1.1818076e-02
   2.0218747e-02
   2.1416742e-02
   1.6809974e-02
   2.6613170e-02
   1.0876000e-02
   2.3507303e-02
   2.0365918e-02
   3.6250021e-02
   2.6095830e-02
   2.7304869e-02
   2.4542958e-02
   2.2020249e-02
   1.5275448e-02
   1.2051060e-02
   1.4830787e-02
   2.9465312e-02
   3.6825534e-02
   3.3210151e-02
   3.5784453e-02
   1.4358353e-02
   1.2844003e-02
   1.0478959e-02
   1.8761655e-02
   3.1700142e-02
   1.8472789e-02
   3.7011608e-02
   1.0864020e-02
   4.3379698e-02
   4.0291656e-02
   4.2787451e-02
   3.4974881e-02
   2.6804514e-02
   1.8143356e-02
   2.6714515e-02
   2.0340169e-02
   4.5795083e-02
   4.2971116e-02
   2.1836771e-02
   2.7782777e-02
   2.2334976e-02
   2.0102825e-02
   2.5320923e-02
   2.0166254e-02
   1.2009760e-02
   1.8480942e-02
   1.9932851e-02
   4.3352578e-02
   3.9932676e-02
   2.7532116e-02
   2.6993235e-03
   2.0931542e-02
   1.9356141e-02
   2.5974631e-02
   3.4567989e-02
   1.3432085e-02
   2.9532129e-02
   2.1759095e-02
   2.0566560e-02
   2.2949181e-02
   2.9160654e-02
   3.7610024e-02
   4.4684123e-02
   3.2754529e-02
   3.3407759e-02
   2.0932000e-02
   2.6639210e-02
   4.0604126e-02
   3.6216844e-02
   2.7465574e-02
   7.3308782e-03
  -1.0057853e-03
   1.2415639e-02
   1.0025297e-02
   7.7055818e-03
   2.1852024e-02
   2.8846944e-02
   1.0962184e-02
   1.8272251e-02
   2.6409054e-02
   2.6669478e-02
   3.7469808e-02
   1.4154308e-02
   2.1107962e-02
   2.4174394e-02
   2.0036953e-02
   2.9735709e-02
   2.3509404e-02
   2.6454495e-02
   2.0587651e-02
   2.8815042e-02
   4.0046737e-02
   3.7877064e-02
   2.0830382e-02
   2.5934486e-02
   2.4635015e-02
   2.2112090e-02
   1.1502306e-02
   2.4803387e-02
   3.3558149e-02
   3.8884778e-02
   2.5278496e-02
   2.2375893e-02
   2.3146808e-02
   3.6510047e-02
   1.9335203e-02
   1.1296998e-02
   2.2041177e-02
   1.5816623e-02
   2.3950793e-02
   1.6696390e-02
   2.1783045e-02
   2.9218182e-02
   1.7938698e-02
   2.5860203e-02
   2.1987485e-02
   2.3609350e-02
   2.3141220e-02
   2.3996161e-02
   8.5668340e-03
   8.9892250e-04
   1.8122554e-02
   2.2828074e-02
   1.5782878e-02
   1.6938975e-02
   2.1916617e-02
   1.5521410e-02
   9.1534322e-03
   1.5437845e-02
   2.7548084e-02
   9.8913405e-03
   1.3340461e-02
   3.6116906e-02
   1.7441900e-02
   3.0497223e-02
   2.9352024e-02
   3.6225121e-02
   1.6377544e-02
   1.6108597e-02
   4.4541463e-02
   4.3178998e-02
   9.4040269e-03
   9.7282678e-03
   2.1679932e-02
   3.1413056e-02
   1.5230953e-02
   3.1555429e-02
   3.2092627e-02
   1.2199756e-02
   1.8672504e-02
   1.3276117e-02
   7.0314510e-03
   1.6511828e-02
   2.8184367e-02
   2.5620680e-02
   2.4898384e-02
   3.0438773e-02
   2.0202637e-02
   1.0595932e-02
   1.3169128e-02
   1.7638737e-02
   1.4931249e-02
   1.9215971e-02
   3.5905425e-02
   2.7803222e-02
   2.3703964e-02
   2.5681321e-02
   1.4236772e-02
