   1.2280338e-02
   9.1661522e-03
   1.6408490e-02
   9.8080300e-03
   9.4492864e-03
  -4.2113359e-03
   3.7535600e-02
   4.4230539e-02
   4.9078282e-02
   3.2865979e-02
   7.5713713e-03
   1.1195334e-02
   2.2556340e-02
   2.7168920e-02
   2.0936828e-02
   2.9924622e-02
   7.4302390e-02
   4.3139748e-02
   3.7945341e-02
   6.8639778e-02
   5.9352949e-02
   4.1632205e-02
   4.2848270e-02
   1.9430330e-02
   2.8576585e-02
   4.2542011e-02
   5.5752359e-02
   3.2297283e-02
   4.2646095e-02
   4.0356085e-02
   8.6928666e-02
   6.3715436e-02
   6.5974751e-03
   6.9838562e-03
   2.9714579e-02
   4.6167199e-02
   3.3909716e-02
   5.3363692e-02
   6.7985341e-02
   8.1208184e-02
   5.3627498e-02
   6.0277209e-02
   3.6018357e-02
   1.9529119e-02
   1.1795946e-02
   4.1109007e-02
   1.5685759e-02
   2.2237925e-02
   4.9727630e-02
   3.6091637e-02
   2.6559407e-02
   3.5659652e-02
   1.9399323e-02
   3.6070239e-02
   3.8035754e-02
   3.5124652e-02
   2.8942952e-02
   3.3992007e-02
   4.1209217e-02
   3.2988723e-02
   2.9963585e-02
   2.3263570e-02
   2.4322242e-02
   3.1704961e-03
   2.3838403e-02
   4.4432215e-02
   4.2577919e-02
   5.9314378e-02
   7.4029252e-02
   5.3046659e-02
   1.7255729e-02
   2.4562625e-02
   3.9896496e-02
   2.6547417e-02
   1.8976238e-02
   3.7805393e-02
   4.7404673e-02
   4.5798000e-02
   5.2802496e-02
   5.0573483e-02
   1.6583230e-02
   3.8818013e-02
   4.8100844e-02
   3.7653309e-03
   1.5717274e-02
   5.0914392e-02
   3.6760736e-02
   2.2317287e-02
   2.1961424e-02
   1.2344678e-02
   1.2429236e-02
   1.5357583e-02
   2.7567007e-02
   9.6430881e-03
   1.7101029e-02
   2.3819784e-02
   3.2985758e-02
   3.5951409e-02
   5.7101868e-02
   5.0306432e-02
   3.7582740e-02
   1.4448910e-02
   2.4602246e-02
   1.9060325e-02
   3.5719335e-02
   2.0710070e-02
   3.4786846e-02
   6.6701524e-02
   4.0202994e-02
   5.7000007e-02
   3.7331589e-02
   3.0384460e-02
   4.9516767e-02
   7.5207405e-02
   1.0396731e-01
   1.0094572e-01
   4.8101034e-02
   4.1318327e-02
   3.4697857e-02
   5.0082065e-02
   3.2779913e-02
   2.9898822e-02
   1.7793451e-02
   1.6960889e-02
   2.4122170e-03
   3.1759620e-02
   6.0496118e-02
   3.6460903e-02
   1.4458436e-02
   3.4142502e-02
   5.8150522e-02
   4.5445729e-02
   1.5866967e-02
   3.8721409e-02
   4.8077300e-02
   3.4673754e-02
   1.4662130e-02
   3.1208973e-02
   3.0843616e-02
   4.0204339e-02
   2.3545358e-02
   3.1903844e-02
   2.7578896e-02
   7.4784490e-03
   2.2088697e-02
   4.2832542e-02
   1.4814743e-02
   3.2085657e-02
   3.5043139e-02
   3.5243317e-02
   4.0673193e-02
   3.3526096e-02
   2.9350327e-02
   4.8757017e-02
   3.5251677e-02
   2.0496845e-02
   3.6300682e-02
   2.7687233e-02
   2.7308861e-02
   3.5122491e-02
   4.7654375e-02
   5.3218689e-02
   2.8932180e-02
   4.5139525e-02
   3.3375736e-02
   1.6851826e-02
   5.9278090e-02
   4.3822069e-02
   5.6331500e-02
   4.3132782e-02
   4.3253258e-02
   6.4903967e-02
   6.2687367e-02
   4.3230515e-02
   4.1943677e-02
   3.2440547e-02
   6.3242957e-02
   3.6968492e-02
   7.0761181e-02
   6.1004862e-02
   4.6580125e-02
   3.2639761e-02
   3.9134555e-02
   2.8130921e-02
   2.0663610e-03
  -1.5048490e-02
   1.7394610e-02
   5.5394687e-02
   4.7781643e-02
   6.1734561e-02
   3.3561073e-02
   1.6527224e-02
   4.6781898e-03
   2.5658544e-02
   2.6881227e-02
   3.3358399e-02
   1.5392932e-02
   2.3953240e-02
   5.4996189e-02
   4.3761853e-02
   4.9260128e-02
   3.6279414e-02
   2.2261329e-02
   4.7563314e-02
   3.3890601e-02
   1.9522320e-02
   3.7632816e-02
   3.7688781e-02
   3.9219834e-02
   3.2000422e-02
   1.8577166e-02
   3.6048502e-02
   3.3482566e-02
   4.2969715e-02
   2.5193531e-02
   8.7270094e-03
   1.4823720e-02
   1.8880336e-02
   3.1535488e-02
   5.7625197e-02
   1.7303780e-02
   8.9924308e-03
   2.0522350e-02
   1.4637090e-02
   4.3362226e-02
   5.1346432e-02
   2.2361740e-02
   2.2667531e-02
   2.5424207e-02
   4.3774344e-02
   6.4927138e-02
   2.4207097e-02
   2.2157751e-02
   4.2191658e-02
   3.8892772e-02
   3.6554355e-02
   5.5249091e-02
   4.1341346e-02
   3.3837121e-02
   3.1711806e-02
   3.7938237e-02
   7.1147107e-02
   7.3702708e-02
   4.6466749e-02
   2.8993163e-02
   2.2323377e-02
   6.8717763e-02
   6.3262239e-02
   5.7541717e-02
   6.7465298e-02
   6.0051151e-02
   3.3129219e-02
   3.2121998e-03
   1.0422157e-02
   2.2637133e-02
  -5.2443664e-03
   6.8619126e-04
   1.7353795e-02
   4.9108662e-02
   5.3139023e-02
   2.5133613e-02
   4.8666235e-02
   3.2787599e-02
   3.0770438e-02
   3.9264593e-02
   4.1277889e-02
   2.1367647e-02
   2.3939254e-02
   1.8461561e-02
   2.8752990e-02
   1.0483433e-02
   3.4570072e-02
   3.1034959e-02
   8.3667785e-03
   3.5063874e-02
   2.4537692e-02
   2.4273677e-02
   1.7748822e-02
   2.8364563e-02
   4.5527730e-02
   2.8859140e-02
   4.6632662e-02
   4.6074849e-02
   3.3911891e-02
   3.1792000e-02
   3.0109338e-02
   3.1545691e-02
   3.8580080e-03
   2.2996578e-02
   3.7235118e-02
   4.0426198e-02
   2.9815327e-02
   2.2693906e-02
   3.6310073e-02
   6.3133381e-02
   7.4511886e-02
   5.6187619e-02
   6.1457641e-02
   6.3071802e-02
   3.4682650e-02
   4.2504836e-02
   4.9644586e-02
   5.4896604e-02
   3.6160402e-02
   3.1818096e-02
   2.6462523e-02
   6.3639775e-02
   5.0178092e-02
   5.6016047e-02
   7.4027084e-02
   6.3457362e-02
   1.7207397e-02
   3.7086863e-02
   2.6408631e-02
   3.1305633e-02
   5.5905133e-02
   3.5404611e-02
   2.3164520e-02
   2.9503845e-02
   4.2184576e-02
   3.8879484e-02
   2.8583337e-02
   2.2994265e-02
   4.3570973e-02
   4.0466372e-02
   2.1181729e-02
   2.6770463e-02
   4.5274939e-02
   6.2901855e-02
   2.9773649e-02
   3.8273249e-02
   3.7753619e-02
   4.7766455e-02
   4.2493835e-02
   5.4497972e-02
   1.1099886e-02
   1.9809484e-02
   6.3299835e-02
   5.2954547e-02
   4.9152460e-02
   2.4394706e-02
   4.0138680e-02
   2.6746767e-02
   2.6145168e-02
   1.7298574e-02
   2.6306268e-02
   1.9075599e-02
   2.9714862e-03
   2.7735984e-02
   4.7696237e-02
   2.6135385e-02
   2.6177526e-02
   6.1924350e-02
   2.9194834e-02
   4.4127449e-02
   4.0612213e-02
   4.0449601e-02
   6.0630728e-02
   5.4039136e-02
   3.6554541e-02
   3.3174772e-02
   4.8888914e-02
   2.5790935e-02
   5.2556206e-02
   4.7199633e-02
   3.6476411e-02
   2.9563911e-02
   1.6278630e-02
   1.8677773e-02
   2.4343707e-02
   1.7598301e-02
   3.3520468e-02
   5.7736967e-02
   3.5535827e-02
   3.4749817e-02
   2.9258864e-02
   2.8902840e-02
   3.4068789e-02
   5.8269653e-02
   5.6532502e-02
   2.8766166e-02
   3.1804994e-02
   4.7626596e-02
   3.2756779e-02
   3.0767612e-02
   1.6621711e-02
   2.4864706e-03
   2.8046224e-02
   3.5033923e-02
   2.8288512e-02
   9.0631824e-03
   3.5141192e-02
   6.1474267e-02
   1.9350935e-02
   2.1036023e-02
   3.2131426e-02
   3.6378350e-02
   1.2942248e-02
   2.5968198e-02
   4.2343374e-02
   3.5575323e-02
   6.1510246e-02
   5.4881342e-02
   5.1126175e-02
   5.9675969e-02
   6.6593915e-02
   4.4364285e-02
   1.2222409e-02
   3.5441786e-02
   2.3693161e-02
   3.5450485e-02
   6.1074231e-02
   5.2472133e-02
   3.5973568e-02
   5.8101263e-02
   9.9368460e-02
   7.8831427e-02
   5.7854451e-02
   2.5225213e-02
   4.3078266e-02
   5.6667857e-02
   7.6696940e-02
   7.5212367e-02
   2.2087136e-02
   1.4287475e-02
   3.2994073e-02
   2.7909301e-02
   4.1339878e-02
   5.0555125e-02
   5.6514833e-02
   3.5107445e-02
   4.8480015e-02
   3.0999681e-02
   6.0858209e-02
   8.4557526e-02
   2.9344574e-02
   2.7225688e-03
   3.1053247e-02
   5.7711404e-02
   4.2583395e-02
   3.5095003e-02
   3.3555809e-02
   3.3131495e-02
   4.8927732e-02
   6.6815369e-02
   2.6034161e-02
   2.6998969e-02
   5.5934418e-02
   4.0268864e-02
   3.7065241e-02
   2.7105920e-02
   2.5402099e-02
   1.1999530e-02
   3.4488622e-02
   2.7162641e-02
   2.1335829e-02
   4.6116505e-02
   3.4895398e-02
   2.1795712e-02
   4.9101278e-02
   4.3666568e-02
   4.6616454e-02
   2.4655966e-02
   2.3463661e-02
   2.4495762e-02
   5.8479633e-02
   4.7039464e-02
   2.7939007e-02
   4.7027085e-02
   3.8848978e-02
   3.6287814e-02
   4.8439641e-02
   3.4256835e-02
   8.0186110e-03
   8.1648529e-03
   3.7042558e-02
   4.1857976e-02
   2.8341200e-02
   5.1232845e-02
   4.2279664e-02
   3.4223277e-02
   2.4997769e-02
   5.1564742e-02
   6.7824997e-02
   5.6298848e-02
   3.9949279e-02
   3.5836395e-02
   2.4760850e-03
   2.0123312e-02
   3.0572375e-02
   4.3217719e-02
   3.4031890e-02
   3.5615038e-02
   4.2695388e-02
   3.8372904e-02
   5.1339917e-02
   7.1999118e-02
   4.1716807e-02
   1.3474267e-02
   2.4886006e-02
   3.5841651e-02
   2.0058075e-02
   4.3333419e-02
   2.9649228e-02
   5.3687364e-02
   4.2438589e-02
   3.0389911e-02
   3.3881675e-02
   2.6807714e-02
   1.9745935e-02
   1.7871516e-02
   1.8979946e-02
   1.9077625e-02
   1.6007759e-02
   3.6572162e-02
   3.7193105e-02
   2.8853890e-02
   4.0387832e-02
   1.5201687e-02
   2.9177433e-02
   1.4744084e-02
   8.4291017e-03
   1.9571457e-02
   4.8764050e-02
   4.4668406e-02
   3.1284396e-02
   2.8151542e-02
   3.0789243e-02
   3.5403498e-02
   3.0212078e-02
   1.1243466e-02
   3.7403896e-02
   6.5103225e-02
   6.4687572e-02
   3.6406036e-02
   2.0714439e-02
   4.2275373e-02
   8.9435570e-02
   1.6349091e-01
   1.0658076e-01
   7.3853977e-02
   4.8620131e-02
   3.1530697e-02
   1.6047547e-02
   1.7928258e-02
   3.4733325e-02
   5.4204199e-02
   7.7138439e-02
   4.4151906e-02
   2.8564388e-02
   1.8903855e-02
   6.6074412e-03
   3.9228346e-02
   3.0015217e-02
   3.5110142e-02
   4.5528781e-02
   4.6461679e-02
   4.8063077e-02
   3.0082278e-02
   3.6504049e-02
   7.1017668e-02
   1.0982511e-01
   4.8130136e-02
   4.3254014e-02
   4.5869567e-02
   1.2304500e-02
   2.2574540e-02
   4.3707278e-02
   8.1573568e-02
   1.0678893e-01
   4.8876110e-02
   2.7073823e-02
   1.5875682e-02
   2.0573813e-02
   3.6413662e-02
   6.4333104e-02
   4.5541778e-02
   6.0309321e-02
   4.2019289e-02
   1.1683272e-02
  -1.7746449e-02
  -1.9509478e-02
   5.1039189e-02
   6.2964283e-02
   4.8560675e-02
   1.1601701e-02
   1.3449521e-02
   5.7667807e-02
   1.7391093e-01
   1.7550792e-01
   1.3771708e-01
   1.3211876e-01
   1.4050519e-01
   5.3860120e-02
   3.2665268e-02
   1.4497301e-01
   6.2395966e-01
   7.6023459e-01
   4.2296556e-01
   1.5170889e-01
   1.1865216e-01
   1.2180562e+00
   3.9621656e+00
   3.7320690e+00
   1.5378833e+00
   3.6257541e-01
   1.5298584e-01
   1.4263587e-01
   2.8830177e-01
   6.3372004e-01
   6.5350109e-01
   3.7952736e-01
   1.6583869e-01
   6.6515632e-02
   6.0554720e-02
   9.3199626e-02
   1.9930179e-01
   2.3759037e-01
   1.3828211e-01
   8.5959323e-02
   4.3486115e-02
   7.3367298e-02
   8.5438214e-02
   7.0947014e-02
   9.6005172e-02
   1.8784940e-01
   9.9396683e-02
   4.0006913e-02
   1.2198250e-02
   4.0663932e-02
   6.9751874e-02
   1.8934377e-02
   3.6770523e-02
   3.5381550e-03
   2.3541622e-02
   3.0070459e-02
   2.7262501e-02
   1.7289756e-02
   2.4464576e-02
   2.5676297e-02
   1.4108907e-02
  -3.8010282e-03
   3.6264606e-02
   5.7888661e-02
   5.2835681e-02
   3.3712000e-02
  -9.6130585e-03
   3.9616514e-02
   1.1884143e-01
   1.4182545e-01
   6.9981329e-02
   8.8140830e-02
   2.2418503e-01
   2.8633860e-01
   1.7104912e-01
   4.6272840e-02
   1.1775833e-01
   2.0292220e-01
   1.5236908e-01
   7.4867696e-02
   2.9040495e-02
   1.9498555e-01
   8.1346685e-01
   9.7549242e-01
   4.2846426e-01
   9.5616616e-02
   5.7845447e-02
   7.5933978e-02
   8.5839689e-02
   1.5717830e-01
   2.0982850e-01
   1.1909661e-01
   5.4820675e-02
  -2.1087419e-02
   9.4619188e-03
   6.3133515e-02
   5.7476643e-02
   8.3031520e-02
   5.9735738e-02
   3.0405410e-02
   2.3071487e-02
   1.6393811e-02
   1.5699184e-02
   4.9952995e-02
   7.4615180e-02
   7.6921239e-02
   3.6883045e-02
   5.8622666e-02
   3.4673274e-02
   4.0931035e-02
   4.8852749e-02
   2.4082709e-02
   2.7552605e-02
   1.2762120e-02
   5.2686471e-02
   6.1102491e-02
   5.9040982e-02
   5.5203769e-02
   4.7093895e-03
   2.0587061e-02
   4.4908551e-03
   5.5394722e-03
   2.9236054e-02
   4.1801024e-02
   1.1840085e-02
   2.5795488e-02
   1.8957706e-02
   5.0216898e-02
   9.6643984e-02
   6.6095077e-02
   5.2345272e-02
   7.7857621e-02
   7.6699384e-02
   6.4952746e-02
   6.5438457e-02
   1.1818703e-01
   2.5687423e-01
   2.2652434e-01
   1.0709798e-01
   2.6720632e-02
   1.7297703e-01
   1.0033220e+00
   1.4060791e+00
   7.6747710e-01
   2.5063735e-01
   7.6047406e-02
   4.4888292e-02
   8.7644503e-02
   1.9519491e-01
   2.1762028e-01
   1.0557195e-01
   6.1902877e-02
   4.4534203e-02
   6.8932022e-03
   7.8844652e-04
   3.0510182e-02
   7.2569825e-02
   9.1314755e-02
   4.5484804e-02
   3.0782856e-02
   1.2180238e-03
   3.2874312e-02
   2.8621441e-02
   5.1375668e-02
   4.3494515e-02
  -3.0829518e-03
   1.5697539e-02
   3.7526160e-02
   3.9129656e-02
   6.1151333e-02
   3.1404439e-02
   3.2756582e-02
   4.5955475e-02
   5.0406724e-02
   5.1007606e-02
   5.6355305e-02
   4.9307685e-02
   1.5065523e-02
   1.3884016e-02
   8.8665513e-03
   4.2378262e-02
   4.2777918e-02
   4.6442222e-02
   6.2798157e-02
   1.9241532e-02
   3.9002702e-02
   8.5021414e-02
   9.0960033e-02
   8.5439302e-02
   4.2174462e-02
   4.1782334e-02
   4.5587994e-02
   5.4439396e-02
   4.3549255e-02
   5.2128978e-02
   8.1096515e-02
   8.1296265e-02
   6.2507138e-02
   4.0332898e-02
   1.0084798e-01
   3.3566466e-01
   4.3523458e-01
   2.5642642e-01
   8.9072227e-02
   3.7853125e-02
   4.2584013e-02
   6.0230371e-02
   9.7212158e-02
   7.4399456e-02
   2.9227147e-02
   1.5615645e-02
   3.1383630e-02
   3.0498240e-02
   5.9155695e-02
   6.0806211e-02
   3.0267512e-02
   3.2476895e-03
   7.0284684e-03
  -1.7293816e-02
   2.8422503e-02
   3.8025394e-02
   6.5780364e-02
   8.2721770e-02
   4.3894418e-02
   2.0620836e-02
   2.6050497e-02
   1.1388320e-02
   1.1904770e-02
   1.9441938e-02
   2.5940049e-02
   4.6264485e-02
   3.3296641e-02
   2.3396848e-02
   1.8967902e-02
   2.8019896e-02
   3.9222937e-02
   3.8078051e-02
   9.5324581e-03
   1.8295569e-02
   5.3871695e-02
   4.4405106e-02
   2.4548234e-02
   2.5589544e-02
   4.1628301e-02
   6.9331713e-02
   6.8523400e-02
   3.7353978e-02
   6.5079904e-03
   4.6160533e-03
   3.7429467e-02
   6.1549023e-02
   3.3757154e-02
   2.3893779e-02
   7.3408991e-02
   5.2533269e-02
   5.1448930e-02
   1.6123684e-02
   4.0635508e-02
   1.3901255e-01
   1.8754886e-01
   9.2677176e-02
   1.6696289e-02
   2.8834837e-02
   5.1819675e-02
   4.2042777e-02
   6.8937957e-02
   1.0939552e-01
   3.2948747e-02
   1.8859554e-02
   1.3468644e-02
   2.1140592e-02
   3.7027460e-02
   5.0510377e-02
   8.3561040e-02
   8.7857604e-02
   7.5283311e-02
   2.8123705e-02
   3.4026615e-02
   3.8733277e-02
   5.9750289e-02
   4.6222016e-02
   3.8375035e-02
   6.0803805e-02
   1.3913691e-01
   1.4299245e-01
   1.2441179e-01
   6.4491205e-02
   4.3683182e-02
   7.1909070e-02
   6.6113770e-02
   6.7095742e-02
   7.1045399e-02
   7.1304686e-02
   5.7948384e-02
   4.4754848e-02
   2.9003885e-02
   2.6032238e-03
   1.2189372e-02
   4.0252868e-02
   4.5729849e-02
   3.1361412e-02
   4.8337072e-02
   4.7886772e-03
   2.2882929e-02
   2.6560074e-02
   4.9443729e-02
   3.4673993e-02
   1.5527595e-02
   2.2046991e-02
   4.1446630e-02
   4.5060638e-02
   3.3540364e-02
   2.6169345e-02
  -2.9267225e-04
   4.5108560e-02
   9.0193853e-02
   9.0203568e-02
   5.0948128e-02
   3.9071370e-02
   2.7197828e-03
   4.0581927e-02
   2.0676013e-02
   2.0756818e-02
   5.5355456e-02
   4.8830785e-02
   5.4202955e-02
   3.9808318e-02
   3.4010466e-02
   3.6968932e-02
   1.5556186e-02
   1.9915132e-02
   1.4868662e-02
   2.5051130e-02
   3.5429988e-02
   5.4105375e-02
   7.5072303e-02
   5.7543151e-02
   2.3326993e-02
   1.5812827e-02
   2.5142109e-02
   8.4909342e-02
   1.0549860e-01
   4.6818107e-02
   4.6664454e-02
   5.9250519e-02
   7.5304873e-02
   5.2110024e-02
   5.1674780e-02
   7.7228881e-02
   6.8912208e-02
   6.8442203e-02
   8.3585896e-02
   8.0215193e-02
   9.6364185e-02
   1.2949486e-01
   1.1386602e-01
   1.0100715e-01
   9.9393420e-02
   1.4652048e-01
   1.5661998e-01
   1.4709398e-01
   1.0688516e-01
   1.4170748e-01
   2.7508608e-01
   2.4516264e-01
   2.1081428e-01
   1.0805278e-01
   1.5058321e-01
   3.0844370e-01
   2.9830399e-01
   2.7722922e-01
   1.5049300e-01
   2.5836670e-01
   4.5136318e-01
   3.9961281e-01
   1.5465729e-01
   1.4189380e-01
   4.7358668e-01
   6.5062815e-01
   4.4946578e-01
   1.5639077e-01
   1.2251575e-01
   8.0732185e-01
   1.4469831e+00
   1.0229641e+00
   4.1355741e-01
   2.1956968e-01
   8.2828522e-01
   1.2454338e+00
   8.6976111e-01
   4.7802886e-01
   2.8825828e-01
   4.1349462e-01
   3.8682845e-01
   2.1549536e-01
   9.5137320e-02
   1.1097666e-01
   3.3523306e-01
   2.9692185e-01
   1.1161765e-01
   7.1882963e-02
   5.1762801e-02
   5.2021299e-02
   3.5625760e-02
   3.8079165e-02
   2.0922814e-03
  -2.3992924e-02
  -2.4664303e-02
  -6.9767875e-03
  -1.5151829e-02
  -5.1325053e-02
  -6.4572426e-03
   2.3174522e-02
   2.5185114e-02
   4.0205073e-02
   6.5208741e-02
   3.2367691e-02
   5.0671320e-02
   3.6698837e-02
   2.5509436e-02
   4.1454397e-02
   4.3247066e-02
   5.2808668e-02
   6.4599611e-02
   4.7351375e-02
   7.6272063e-02
   1.3095938e-01
   1.4165241e-01
   7.3101394e-02
   1.0365231e-01
   1.3083941e-01
   1.2642935e-01
   8.6786702e-02
   1.6309410e-01
   2.2613794e-01
   1.7178869e-01
   5.7742834e-02
   3.7999414e-02
   2.7128166e-01
   6.3017356e-01
   4.8336390e-01
   2.5541130e-01
   1.3364890e-01
   2.4253617e-01
   3.1754607e-01
   2.3784207e-01
   1.7928159e-01
   1.1250931e-01
   2.4849683e-01
   2.4628016e-01
   1.4803997e-01
   9.9297643e-02
   1.1905483e-01
   1.4177994e-01
   1.0625362e-01
   8.9450479e-02
   8.6424448e-02
   7.0650108e-02
   5.0220147e-02
  -5.9692687e-03
   2.1175423e-03
   2.6749305e-03
   4.3938704e-02
   6.5972917e-02
   3.7631243e-02
   5.0801835e-03
   5.1029278e-03
  -3.8856240e-03
   3.8268894e-02
   2.6012657e-02
   3.0638844e-02
   3.1626657e-02
   5.1816225e-02
   4.6587590e-02
   8.2866121e-03
  -6.4721802e-04
   2.9581700e-02
   3.9613638e-02
   2.9847087e-02
   1.6669048e-02
   1.4694354e-02
   4.2600106e-02
   5.4542601e-02
   4.1605461e-02
   4.9435612e-02
   7.6288953e-02
   8.8401765e-02
   1.2457558e-01
   1.3159324e-01
   1.7227799e-01
   1.3996769e-01
   8.3468892e-02
   6.2471829e-02
   6.9466896e-02
   2.4859925e-01
   4.1289383e-01
   2.5565240e-01
   1.0312115e-01
   8.1372485e-02
   2.4628524e-01
   3.0097312e-01
   1.9301049e-01
   1.2662600e-01
   8.2739361e-02
   8.4337659e-02
   1.1036319e-01
   9.0155967e-02
   2.9238176e-02
   7.3029019e-02
   1.2710376e-01
   4.3873485e-02
  -1.1469144e-03
   5.2286595e-02
   4.5209680e-02
   2.2681622e-02
   5.0950523e-02
   4.1900091e-02
   2.1489525e-02
   1.6075250e-02
   4.6171091e-02
  -7.7172648e-03
  -2.1794470e-02
   2.7945491e-03
  -4.8154364e-03
   6.7333574e-03
   3.4729220e-02
   4.5606975e-02
   4.4683091e-02
   5.4575671e-02
   7.8325823e-02
   6.6521548e-02
   4.6684243e-02
   1.6388714e-02
   3.6746118e-02
   5.0328564e-02
   3.1536333e-02
   5.3462986e-02
   3.4810271e-02
   3.6717944e-02
   6.1933916e-02
   5.8589902e-02
   4.3415893e-02
   5.0500177e-02
   6.3096769e-02
   3.5827283e-02
   5.8205571e-02
   6.1576139e-02
   5.5247802e-02
   4.7378171e-02
   1.1414089e-01
   2.0798376e-01
   1.3080899e-01
   8.4774904e-02
   4.1077461e-02
   8.7397248e-02
   1.0777061e-01
   8.4876671e-02
   5.2163370e-02
   4.7479670e-02
   7.0274763e-02
   5.9127986e-02
   4.9528267e-02
   4.6151739e-02
   4.8142590e-02
   6.3016064e-02
   4.3368969e-02
   1.4004589e-02
   5.2867080e-03
  -5.1475130e-03
   4.3745611e-02
   7.7122189e-02
   2.2466166e-02
   3.0002942e-02
   3.2166041e-02
   8.7511092e-03
   6.1009885e-03
   2.9399835e-02
   1.9335052e-02
   2.5637032e-02
   1.9107421e-03
   1.8398512e-02
   3.3221327e-02
   2.4970280e-02
   2.3862543e-02
   2.9070038e-02
   2.3379048e-02
   4.5813113e-02
   2.6041130e-02
   2.1210743e-02
   5.2037653e-02
   6.8835147e-02
   6.1029710e-02
   3.4390885e-02
   1.8887941e-02
   8.9211296e-03
   2.6747776e-02
   5.8473054e-02
   5.0657816e-02
   1.0494495e-01
   1.0316277e-01
   4.4442378e-02
   1.5724393e-02
   1.9851506e-02
   2.4669116e-02
   6.1229084e-02
   1.0973547e-01
   9.8924868e-02
   5.2653629e-02
   5.7077620e-02
   1.2294143e-01
   1.0487307e-01
   5.8064971e-02
   1.8700864e-02
   5.8427125e-02
   7.9318106e-02
   5.3669434e-02
   4.1509513e-02
   3.4751449e-02
   5.0466340e-02
   4.2821746e-02
   4.1683290e-02
   4.2167611e-02
   4.0523589e-02
   4.6197165e-02
   4.1410394e-02
   3.5077803e-02
   2.0236583e-02
   4.1618366e-02
   5.3546026e-02
   4.6206120e-02
   2.6987052e-02
   4.0134095e-02
   6.5012112e-02
   2.3019375e-02
   4.7815610e-02
   4.8949026e-02
   6.2081680e-02
   5.1792473e-02
   4.1221559e-02
   6.4937085e-02
   6.3675322e-02
   4.2261809e-02
   3.2652605e-02
   2.7942372e-02
   3.7924428e-02
   3.6592185e-02
   4.8259664e-02
   2.2836041e-02
   4.0018829e-03
   3.5327900e-02
   3.8024470e-02
   5.7415646e-02
   3.2447126e-02
   3.6594998e-02
   1.6718591e-02
   2.8888518e-02
   3.7940130e-02
   4.0077057e-02
   6.4586349e-02
   5.4325536e-02
   4.3493081e-02
   3.5735030e-02
   4.4677351e-02
   4.6749026e-02
   6.1316323e-02
   4.4018306e-02
   4.9065500e-02
   5.5308592e-02
   6.2085297e-02
   2.5029469e-02
   2.3705347e-02
   4.7354065e-02
   4.8821222e-02
   5.4384846e-02
   3.0688358e-02
   2.5054354e-02
   2.2738440e-02
   5.3346679e-03
   2.6266502e-02
   3.6479004e-02
   4.5609962e-02
   3.7338767e-02
   5.0687905e-02
   3.9309856e-02
   3.9978020e-02
   5.4666713e-02
   2.6229177e-02
   4.7745720e-02
   4.9673963e-02
   1.3004534e-02
   1.8353358e-02
   1.7540582e-02
   1.0707193e-02
   3.4311701e-02
   3.3588290e-02
   4.3341991e-02
   2.9811401e-02
   1.5331917e-02
   2.1103550e-02
   1.6734270e-02
   4.2728357e-02
   4.1281104e-02
   6.2322136e-02
   5.8987398e-02
   4.5944612e-02
   2.3470402e-02
   3.6251757e-02
   4.7459397e-02
   3.7735477e-02
   2.3309641e-02
   2.7418828e-02
   3.2355260e-02
   5.3709932e-02
   6.3073941e-02
   2.8937826e-02
   3.7684217e-02
   7.8919888e-02
   7.6609805e-02
   3.6956266e-02
   2.5634497e-02
   3.0033913e-02
   4.3919429e-02
   4.6438422e-02
   4.3662064e-02
   2.4082091e-02
   2.3670761e-02
   1.3594368e-02
   7.1549183e-03
   2.0270191e-02
   3.6927946e-02
   2.1961696e-02
   2.1107534e-02
   1.3555309e-02
   4.2028941e-02
   5.9257824e-02
   6.8545423e-02
   4.9153294e-02
   5.0913256e-02
   4.9081869e-02
   4.0911656e-02
   5.2770160e-02
   4.2278253e-02
   4.0090125e-02
   5.1930603e-02
   5.1014028e-02
   3.2481086e-02
   2.7131865e-02
   2.2093516e-02
   2.9625209e-02
   1.7538749e-02
   1.9569933e-02
   2.4925906e-02
   2.5865629e-02
   5.2485745e-02
   3.5073116e-02
   5.1151425e-02
   5.7580352e-02
   3.8961340e-02
   2.0722160e-02
   1.5311108e-02
   6.0224656e-02
   1.3183920e-01
   9.8860636e-02
   3.7760664e-02
   4.9042806e-02
   2.0854230e-01
   5.1950616e-01
   4.6047026e-01
   1.5389526e-01
   6.5457314e-02
   1.3981724e-01
   1.9994676e-01
   1.7888476e-01
   1.3756855e-01
   8.7590083e-02
   5.3651556e-02
   4.3381903e-02
   4.2044319e-02
   3.5614312e-02
   2.7979257e-02
   4.9520046e-02
   3.5076085e-02
   1.4544881e-02
   1.6505707e-02
   3.8364325e-02
   2.5581233e-02
   2.3408733e-02
   1.0849607e-02
   8.0008879e-03
   1.2119457e-02
   3.8346011e-02
   3.5859745e-02
   1.9393563e-02
   2.3791077e-02
   3.7273925e-02
   2.7887112e-02
   4.6347048e-02
   2.7541308e-02
   2.6278814e-02
   5.1037695e-02
   3.0891879e-02
   2.4494404e-02
   1.7804423e-02
   3.2600101e-02
   3.6763217e-02
   1.5277708e-02
   2.2112804e-02
   4.7878016e-02
   3.2995071e-02
   4.3659780e-02
   2.6463127e-02
   3.7057288e-02
   3.6337305e-02
   3.1917401e-02
   4.7637518e-02
   4.3561731e-02
   1.7872501e-02
   1.1581463e-02
   1.0602462e-01
   1.6423750e-01
   1.0640515e-01
   4.3444596e-02
   4.7667831e-02
   6.2324759e-02
   7.4276105e-02
   6.9781974e-02
   4.8303053e-02
   2.1754345e-02
   9.5881820e-03
   9.3918461e-03
   3.3349101e-02
   2.0146487e-02
  -1.0653137e-02
   2.6965037e-02
   3.0692166e-02
   1.9150989e-02
   3.3361707e-02
   5.4836091e-02
   5.4531820e-02
   3.8166653e-02
   3.0305300e-02
   1.1327942e-02
   2.3442300e-02
   3.2621346e-02
   5.1174141e-03
   1.6620720e-02
   2.7135121e-02
   1.8085008e-02
   1.3314595e-02
   4.7946546e-02
   6.5132402e-02
   2.3528751e-02
   3.3204112e-02
   4.4879366e-02
   1.8311994e-02
   1.9802129e-02
   3.1437274e-02
   5.3415641e-02
   4.4071794e-02
   4.8676666e-02
   4.1080900e-02
   3.1459358e-02
   5.4159269e-02
   1.9275798e-02
   2.5570275e-02
   5.1490426e-02
   4.8368149e-02
   4.0437408e-02
   4.8963636e-02
   1.8665029e-02
   4.4816639e-02
   4.0510215e-02
   3.7166577e-02
   5.0005104e-02
   2.2257380e-02
   1.9143911e-02
   3.8972329e-02
   5.0262731e-02
   4.0792063e-02
   2.1013098e-02
   1.4848731e-02
   3.0573603e-02
   3.2045808e-02
   3.4122735e-02
   1.3020807e-02
   3.4867585e-02
   1.3334921e-02
   3.7996692e-03
   1.1147669e-02
   2.8965939e-02
   3.3606309e-02
   7.9153758e-03
   1.3893660e-02
   3.3267714e-02
   4.0346861e-02
   2.1090457e-02
   2.9143767e-02
   2.2759503e-02
   3.3878535e-02
   2.5259692e-02
   2.3438832e-02
   3.3117820e-02
   3.3666965e-02
   2.8395830e-02
   3.4197766e-02
   4.9326021e-02
   4.9825065e-02
   3.1884927e-02
   2.1497749e-02
   4.3917827e-02
   2.9329414e-02
   3.2615826e-02
   6.0515635e-02
   2.3140851e-02
   4.6782885e-02
   3.8359798e-02
   3.8197700e-02
   1.6792361e-02
   4.5062017e-02
   4.4847779e-02
   2.5113551e-02
   3.6546070e-02
   5.7266779e-02
   5.3433020e-02
   4.2798400e-02
   7.1119338e-02
   4.0114261e-02
   2.1362291e-03
   4.1295528e-02
   3.3852044e-02
   3.5984520e-02
   2.6303282e-02
   1.8333638e-02
   3.4272969e-02
   1.8390629e-02
   1.0492806e-02
   6.3762232e-03
   1.8664099e-02
   3.2877199e-02
   5.6405921e-02
   4.0876936e-02
   3.3001307e-02
   1.6795866e-02
   1.7515732e-02
   2.7331410e-02
   5.3501785e-02
   3.0345637e-02
   4.0846702e-02
   2.3593891e-02
   3.0618032e-02
   2.8712513e-02
   5.3204067e-02
   5.3909313e-02
   3.8754132e-02
   2.0890906e-02
   1.1115051e-02
   2.6545890e-02
   2.0821162e-02
   2.8691078e-02
   3.1759683e-02
   3.3912454e-02
   3.8125146e-02
   1.4390885e-02
   1.8431606e-02
   2.0388117e-02
   2.4555599e-02
   3.0499976e-02
   1.2732420e-02
   3.6105718e-02
   3.1317662e-02
   1.6402563e-02
   1.9599853e-02
   3.3889905e-02
   3.6005817e-02
   2.8534485e-02
   2.1408558e-02
   3.0154258e-02
   3.6370359e-02
   1.5932789e-02
   7.2904918e-03
   4.9645804e-02
   4.5999516e-02
   3.1264696e-02
   5.7224553e-02
   6.3774236e-02
   5.3385057e-02
   2.2922169e-02
   8.0776811e-03
   1.9002244e-02
   3.1907879e-02
   2.7188020e-02
   9.3956897e-03
   9.8768650e-03
   3.4266580e-02
   3.1037603e-02
   1.6334189e-02
   3.7276600e-02
   3.6362872e-02
   4.9869109e-02
   3.3412918e-02
   2.1102244e-02
   3.6604598e-02
   5.3171214e-02
   2.5372187e-02
   3.0922668e-02
   3.5320092e-02
   2.7666664e-02
   5.4399483e-02
   4.7332965e-02
   7.4867114e-02
   7.0884563e-02
   3.9742772e-02
   4.5930568e-02
   2.6011212e-02
   1.4470204e-03
   1.1978154e-02
   3.7636518e-02
   5.3924229e-02
   4.3649882e-02
   5.4363832e-02
   2.7910415e-02
  -2.1661036e-03
  -2.0262860e-03
   4.0205885e-02
   3.6748465e-02
   2.5636485e-02
   1.9362446e-02
   9.5635336e-03
   3.8223349e-02
   4.2665400e-02
   3.2608245e-02
   3.4156907e-02
   2.6034506e-02
   4.8952870e-02
   3.7170663e-02
   5.3915061e-02
   2.0994155e-02
   2.2209093e-02
   4.6441354e-02
   2.3827683e-02
   2.2179369e-02
   3.8318247e-02
   2.1352502e-02
   2.7204420e-02
   2.5433678e-02
   2.6831806e-02
   2.3656057e-02
   1.9311853e-02
   2.3447577e-02
   1.5654070e-02
   3.5771780e-02
   2.1785839e-02
   2.1184070e-02
   2.5829660e-02
   1.5643276e-02
   2.2761591e-02
   1.6963897e-02
   3.5310090e-02
   3.7737656e-02
   1.6708473e-02
   8.4673492e-03
   1.2086618e-02
   3.1341184e-02
   1.2163141e-02
   1.7953897e-02
   2.1223139e-02
   2.9547751e-02
   2.8628824e-02
   3.5106603e-02
   7.7977814e-03
   2.0552112e-02
   3.5139266e-02
   2.2343639e-02
   2.0370951e-02
   2.4517346e-02
   2.1589644e-02
   1.3846101e-02
   2.8311232e-02
   2.8839311e-02
   8.6660665e-03
   4.4508497e-03
   2.9756255e-02
   3.9172053e-02
   3.2185249e-02
   9.1493959e-03
   2.1126855e-02
   3.2078844e-02
   4.4456728e-02
   3.9814144e-02
   2.3033546e-02
   1.7070925e-02
   3.2493763e-02
   1.9634932e-02
   1.8399308e-02
   1.9240592e-02
   3.0515738e-02
   2.0534227e-02
   1.1589707e-02
   2.9440451e-02
   4.8518971e-02
   6.0078923e-02
   3.7858371e-02
   2.3558877e-02
   3.3504836e-02
   3.5681941e-02
   2.3747610e-02
   2.2933576e-02
   2.5658576e-02
   2.5734754e-02
   3.0475697e-02
   3.7861187e-02
   2.7572758e-02
   1.4471917e-02
   1.5933165e-02
   3.2291926e-02
   2.9661132e-02
   3.2719456e-02
   4.6523225e-02
   5.7817541e-02
   6.2802732e-02
   4.3727584e-02
   3.1986814e-02
   2.3491912e-02
  -3.6828310e-04
   2.2419147e-02
   2.5245374e-02
   1.7322961e-02
   3.9950926e-02
   4.5393143e-02
   4.6077356e-02
   6.5021001e-02
   6.9072947e-02
   4.0938109e-02
   4.4019878e-02
   4.4840969e-02
   1.9026591e-02
   3.2157023e-02
   3.5983365e-02
   1.6887762e-02
   2.4901025e-02
   2.8634569e-02
   3.7311636e-02
   3.9972983e-02
   2.0923218e-02
  -3.7243115e-03
   2.9297959e-02
   3.4578726e-02
   5.5550274e-02
   3.5025008e-02
   2.7570691e-02
   3.4689561e-02
   1.9923124e-02
   1.3039798e-02
   1.6555458e-02
   2.2738306e-02
   2.2448407e-02
   2.3168400e-02
   2.7635548e-02
   6.0476035e-02
   6.8541259e-02
   4.3579757e-02
   2.7596237e-02
   1.7008372e-02
   1.3733283e-03
   1.6149890e-02
   1.9536464e-02
   3.0699549e-02
   1.7296512e-02
   1.1022383e-01
   1.8701184e-01
   1.6839115e-01
   1.0318321e-01
   6.9626085e-02
   2.9840127e-02
   2.1812130e-02
   3.8798850e-02
   4.3862406e-02
   1.3990458e-02
   3.0564034e-02
   4.5802910e-02
   4.6766352e-02
   5.3004768e-02
   4.5594763e-02
   3.2719955e-02
   4.5433279e-02
   2.0631276e-02
   1.0402680e-02
   2.0007534e-02
   3.3655518e-03
   1.2312230e-02
   3.5088975e-02
   2.7046699e-02
   4.7491979e-02
   3.3796035e-02
   1.0954484e-02
   2.4789065e-02
   2.5750913e-02
   2.7024485e-02
   3.8221762e-02
   3.4647148e-02
   1.6820125e-02
   3.3582699e-02
   2.8848028e-02
   3.8205169e-02
   3.2321524e-02
   3.8465470e-02
   1.8277969e-02
   2.0671980e-02
   3.5527185e-02
   3.5088353e-02
   3.3839073e-02
   3.6189299e-02
   4.0848434e-02
   2.1262633e-02
   2.4849495e-02
   3.6466122e-02
   4.1986495e-02
   3.7506722e-02
   3.6894117e-02
   1.7474005e-02
   2.8955217e-02
   3.5848450e-02
   3.1408042e-02
   3.0338783e-02
   4.1848332e-02
   3.4975652e-02
   2.0791549e-02
   2.6517348e-02
   3.7248302e-02
   3.3951763e-02
   1.8387590e-02
   5.2277822e-02
   2.7080974e-02
   3.1653341e-02
   2.3713458e-02
   2.2271086e-02
   1.5685540e-02
   1.3283456e-02
   2.6816139e-02
   2.3243243e-02
   3.6240637e-02
   3.7974577e-02
   1.5161659e-02
   2.3809567e-02
   2.1972172e-03
   1.4636685e-02
   2.9635280e-02
   2.4781480e-02
   2.5283393e-02
   1.7541092e-02
   2.3547105e-02
   4.8777614e-02
   3.9523173e-02
   4.4146210e-02
   3.6029175e-02
   4.2848542e-02
   3.5138901e-02
   3.2493919e-02
   2.3213288e-02
   4.4603255e-02
   3.2959972e-02
   6.7887511e-03
   4.5349997e-02
   3.7959334e-02
   2.5226820e-02
   2.4219420e-02
   3.1302709e-02
   5.0586630e-02
   5.0643828e-02
   1.7057544e-02
   3.1613208e-02
   3.9451770e-02
   2.6668984e-02
   8.6040227e-03
   5.3665848e-03
   1.6674813e-02
   3.2565504e-02
   3.0884912e-02
   1.8713947e-02
   2.9438436e-02
   1.6239362e-02
   1.9561106e-02
   3.8409021e-02
   1.2306796e-02
   4.4905604e-03
   8.9642461e-03
   2.6670310e-03
   2.2501223e-02
   4.0715400e-02
   3.4405753e-02
   2.2397185e-02
   2.9204899e-02
   4.8074577e-02
   3.5243165e-02
   3.9099175e-02
   3.2074686e-02
   1.8810114e-02
   5.2955272e-03
   1.7122574e-02
   2.9689558e-02
   3.6164291e-02
   3.9322697e-02
   4.5193233e-02
   5.1350355e-02
   4.9054705e-02
   4.8254173e-02
   3.4010254e-02
   4.8038438e-02
   3.3542167e-02
   3.1453453e-02
   2.9129194e-02
   2.9627176e-02
   5.5033103e-02
   4.9115587e-02
   4.0493928e-02
   3.2687001e-02
   4.0594257e-02
   2.5730321e-02
   2.3321634e-02
   2.6059045e-02
   1.7765023e-02
   2.8054483e-02
   3.2932777e-02
   7.3558934e-02
   6.1622214e-02
   3.8229749e-02
   2.2575384e-02
   1.1458194e-02
   2.6036708e-02
   5.3914126e-02
   3.5301242e-02
   2.8531397e-02
   3.6445066e-02
   4.0987629e-02
   2.1067895e-02
   1.3504230e-02
   2.0881878e-02
   3.0440958e-02
   1.5446752e-02
   2.5064062e-02
   2.5402606e-02
   3.6771409e-02
   4.4183474e-02
   1.8243445e-02
   2.1308385e-02
   2.7975434e-02
   2.7642658e-02
   2.4885064e-02
   2.0778762e-02
   2.7011003e-02
   4.0164113e-02
   2.6709564e-02
   4.7334824e-03
   1.5313344e-02
   2.8169053e-02
   1.3732039e-02
   2.3781953e-02
   1.8616132e-02
   4.2053934e-02
   4.6939559e-02
   5.0093867e-02
   3.9999265e-02
   5.3586699e-02
   3.4343362e-02
   2.8037414e-02
   2.7566234e-02
   3.1010695e-02
   2.7511552e-02
   2.2161223e-02
  -2.8732850e-03
   5.9968736e-03
   1.0803655e-02
   2.0292155e-02
   5.0986025e-02
   4.2841714e-02
   2.7465336e-02
   4.1808337e-02
   2.9055169e-02
   1.0938132e-02
   1.4994604e-02
   2.7136594e-02
   2.8248323e-02
   3.4731638e-02
   5.5042818e-02
   3.2963060e-02
   4.8953556e-02
   3.3740386e-02
   2.4356050e-02
   2.2350848e-02
   3.4739576e-02
   2.6583971e-02
   1.3700100e-02
   3.9947048e-02
   2.2899857e-02
   1.1857946e-02
   2.7294388e-02
   2.0968786e-02
   1.4521544e-02
   2.0075575e-02
   4.2372026e-02
   3.1231325e-02
   3.8714029e-02
   1.7434085e-02
   1.2826864e-02
   2.2973964e-02
   3.5231449e-02
   1.6467124e-02
   3.8373180e-02
   4.2620674e-02
   4.6483122e-02
   4.0594496e-02
   6.2980659e-02
   3.7687652e-02
   2.4832251e-02
   1.4930803e-02
   1.8212508e-02
   6.2316723e-02
   4.6868440e-02
   2.3975130e-02
   2.8795997e-02
   5.5415137e-03
   3.5267644e-02
   4.5958813e-02
   2.0848073e-02
   1.4686748e-02
   4.0179167e-02
   4.7053348e-02
   3.7476297e-02
   2.4294858e-03
   1.4406629e-02
   3.3702608e-02
   2.8491866e-02
   4.0041350e-02
   4.9872462e-02
   2.7760718e-02
   3.9164554e-02
   2.6354829e-02
   1.7134070e-02
   2.7491830e-02
   3.3785507e-02
   3.7034709e-02
   4.0359158e-02
   3.0604368e-02
   1.3471222e-02
   2.4845336e-02
   3.0594751e-02
   4.5618456e-02
   2.9810479e-02
   2.4420351e-02
   5.8858301e-02
   7.4843287e-02
   9.1325961e-02
   5.6334116e-02
   3.4329157e-02
   3.7053347e-02
   3.2824531e-02
   2.5867298e-02
   5.9191857e-02
   4.9565516e-02
   5.6969564e-02
   4.7453217e-02
   4.1881830e-02
   1.7566780e-02
   8.5672010e-03
   3.7306029e-02
   7.1702681e-02
   5.6622282e-02
   3.5675004e-02
   2.1677328e-02
   7.3330283e-02
   4.5997813e-02
   1.5919410e-02
   4.9066085e-02
   7.9051614e-02
   1.2596060e-01
   7.9867668e-02
   4.4568375e-02
   4.6786379e-02
   3.4037143e-02
   2.4075000e-02
   3.5948001e-02
   4.2495519e-02
   3.9542619e-02
   3.1640802e-02
   2.9674495e-02
   2.7786415e-02
   5.4149538e-02
   5.2863263e-02
   4.2106025e-02
   4.1131325e-02
   1.4560840e-02
   1.7067917e-02
   4.6322882e-02
   3.2170102e-02
   3.9991874e-02
   3.0198939e-02
   5.8276471e-02
   2.6186844e-02
   3.6727585e-02
   3.7857428e-02
   3.6483914e-02
   3.1362183e-02
   4.0475465e-02
   5.2660629e-02
   2.1707045e-02
   3.4008149e-02
   2.0706214e-02
   2.2214936e-02
   3.8145602e-02
   3.7696799e-03
   1.1450336e-02
   5.2853781e-03
   2.1678545e-02
   2.0806668e-02
   8.6563313e-03
   3.9486971e-02
   5.7532936e-02
   3.5932306e-02
   3.5279356e-02
   2.7435264e-02
   3.7025791e-02
   2.2419915e-02
   1.2362155e-02
   2.9368311e-02
   4.4385247e-02
   5.3432871e-02
   4.8661839e-02
   4.0694728e-02
   2.0778220e-02
   3.1537127e-02
   2.0672381e-02
   9.4015850e-03
   2.3514211e-02
   2.9113963e-02
   1.0873825e-02
   2.0433083e-02
   3.0399319e-02
   2.7003068e-02
   5.7979882e-02
   5.5635836e-02
   6.8498187e-02
   5.4156858e-02
   4.5420546e-02
   4.0781092e-02
   2.1507883e-02
   1.3312060e-02
   1.4487131e-02
   1.0502679e-01
   2.0583893e-01
   1.9482385e-01
   1.2342801e-01
   5.8572639e-02
   2.4411198e-02
   2.7792506e-02
   5.2001238e-02
   5.5322845e-02
   7.5712509e-02
   4.5001861e-02
   3.8036216e-02
   8.1294447e-02
   5.1804215e-02
   3.7284341e-02
   7.0208393e-02
   5.6277286e-02
   9.1616161e-02
   1.1669325e-01
   7.0222571e-02
   5.2663971e-02
   4.1663770e-02
   3.5076573e-02
   6.5523751e-02
   1.7149256e-01
   2.5230107e-01
   1.8598184e-01
   9.9537365e-02
   2.5769452e-02
   1.4334064e-02
   2.6568750e-02
   2.9359352e-02
   3.6626246e-02
   2.2504151e-02
   9.3191601e-03
   1.9949654e-02
   7.9783976e-02
   5.5161286e-02
   6.3900165e-02
   5.4802958e-02
   4.0631570e-02
   3.0537685e-02
   5.4115623e-02
   4.1708373e-02
   2.8757444e-02
   2.1124782e-02
   1.0630085e-02
   1.2226729e-02
   3.1756911e-02
   2.4650421e-02
   3.3455193e-02
   1.9512644e-02
   1.4631789e-02
   2.6482435e-02
   4.1499555e-02
   5.6328699e-02
   4.9010593e-02
   6.8986446e-02
   3.7404425e-02
   4.4928577e-02
   2.2975324e-02
   1.2112389e-02
   2.7548423e-02
   3.0614382e-02
   7.0331275e-02
   6.7873359e-02
   5.1494844e-02
   5.6497928e-02
   5.0797798e-02
   3.5873875e-02
   1.5009931e-02
   2.7667783e-02
   3.6998846e-02
   2.5007224e-02
   3.7168857e-02
   3.9297283e-02
   1.4844907e-02
   1.2270682e-02
   2.0461030e-02
   3.4365293e-02
   4.9503118e-02
   2.6690306e-02
   3.3005487e-02
   2.3713863e-02
   2.2716107e-02
   4.2785820e-02
   4.6244781e-02
   2.2128101e-02
   3.7304040e-02
   2.7873009e-02
   1.7605912e-02
   7.8223897e-03
   5.7178613e-02
   1.0040114e-01
   9.8787203e-02
   6.4453267e-02
   7.0430730e-03
   1.3848921e-02
   1.1838881e-02
   4.0803482e-03
   1.8817440e-02
   4.1697405e-02
   2.6895899e-02
   2.6234614e-02
   1.7701684e-02
  -2.3309044e-03
   1.4588778e-02
   6.1729334e-02
   8.2078323e-02
   1.2308300e-01
   1.0898031e-01
   5.3389601e-02
   2.4069307e-02
   2.1062536e-02
   1.0767439e-02
   2.3997828e-02
   3.6973514e-02
   4.9265929e-02
   2.5276260e-02
   1.2990102e-02
   1.3579392e-02
   2.0778939e-02
   3.9027877e-02
   5.6542758e-02
   8.7227426e-02
   5.7212368e-02
   4.2450983e-02
   4.5443714e-02
   2.2403101e-02
   2.6916308e-02
   6.4698599e-02
   4.8389446e-02
   6.8892524e-02
   3.4113534e-02
   3.2621868e-02
   3.3658344e-02
   4.2863447e-02
   2.9908283e-02
   3.7714932e-02
   2.9957326e-02
   1.7656872e-02
   1.7887289e-02
   3.8993273e-02
   4.4865046e-02
   3.6004741e-02
   4.3931104e-02
   2.1260314e-02
   6.0692992e-02
   4.3261871e-02
   3.6868561e-02
   1.3494025e-02
   2.9876385e-02
   2.4015257e-02
   8.1661372e-03
   1.6594078e-02
   5.3492289e-02
   3.4452148e-02
   2.5024438e-02
   2.5974536e-02
   4.8656095e-02
   5.6428798e-02
   4.3414727e-02
   1.9044800e-02
   1.6333725e-02
   8.7350514e-03
   3.3208486e-02
   1.2499903e-02
   4.0331949e-02
   5.2676279e-02
   8.6686835e-02
   1.0543907e-01
   6.7499533e-02
   4.3368395e-02
   6.1586004e-02
   3.0402107e-02
   1.4249628e-02
   2.8580321e-02
   4.8483562e-02
   2.3253536e-02
   1.8305376e-02
   1.3003375e-02
   3.1030597e-02
   5.5528082e-02
   6.0524136e-02
   3.3593159e-02
   3.9597910e-02
   2.8607780e-02
   5.3026453e-02
   1.4938073e-01
   2.5490072e-01
   2.1464588e-01
   8.8788062e-02
   4.4614706e-02
   2.1886593e-02
   1.7674467e-02
   2.6320916e-02
   6.6221999e-03
   3.7263576e-02
   7.5600885e-02
   1.0056503e-01
   9.2806503e-02
   7.9860128e-02
   5.5862658e-02
   4.7686454e-02
   6.7122854e-02
   6.8450294e-02
   6.5796837e-02
   8.9620583e-02
   1.7732380e-01
   1.2682745e-01
   4.6298131e-02
   5.3343818e-02
   1.2655246e-01
   1.2539564e-01
   9.1005020e-02
   6.3364990e-02
   3.7113089e-02
   4.6358347e-02
   3.6861911e-02
   3.7866127e-02
   4.7699761e-02
   3.6016539e-02
   1.9810511e-02
   1.2871291e-02
   1.9484878e-02
  -7.7947794e-04
   1.7701143e-02
   3.1232616e-02
   2.3487076e-02
   7.2485732e-04
   1.8075163e-02
   2.5564121e-02
   9.2859194e-03
   1.0234049e-02
   5.0683260e-02
   1.0961889e-01
   1.8518502e-01
   1.1520222e-01
   5.9592124e-02
   5.0558116e-02
   4.8022289e-02
   1.4422111e-02
   4.5335423e-02
   5.5860538e-02
   7.5943805e-02
   4.5532037e-02
   7.1241029e-02
   3.3132322e-02
   1.2969117e-02
   4.0239070e-02
   1.0971889e-01
   7.7320732e-02
   6.9886193e-02
   8.7178707e-02
   7.9093859e-02
   2.0128239e-02
   4.2498115e-02
   5.9698150e-02
   3.3279657e-02
   3.8298547e-02
   5.7875343e-02
   4.6332542e-02
   1.0948993e-01
   9.9057190e-02
   7.2505273e-02
   4.0589195e-02
   2.9162230e-02
   1.1581470e-02
   8.2587991e-03
   1.8763050e-01
   4.7961727e-01
   6.0325801e-01
   3.7772068e-01
   1.5421034e-01
   7.2968200e-02
   5.1178318e-02
   2.9135643e-02
   4.3613810e-02
   6.1461437e-02
   5.9197050e-02
   9.9280529e-02
   1.0386377e-01
   1.0345667e-01
   7.5638585e-02
   8.0331855e-02
   2.8828308e-02
   2.4785696e-02
  -1.9622834e-02
   3.8967375e-02
   4.2278320e-02
   2.4467720e-02
   5.6892566e-02
   5.2242871e-02
   5.2048679e-02
   3.2355748e-02
   7.6757133e-02
   7.9923198e-02
   9.7642928e-02
   1.1122153e-01
   3.4936450e-02
   4.0453304e-02
   2.1948449e-02
   2.4448318e-02
   2.2460032e-02
   4.9624633e-02
   4.1942179e-02
   3.0547310e-02
   6.1451100e-02
   6.3260876e-02
   5.3467128e-02
   6.8706349e-02
   3.8991194e-02
   2.6199454e-02
   4.9434274e-02
   4.6837054e-02
   9.4986811e-02
   1.3976547e-01
   1.4494948e-01
   1.2901628e-01
   7.9803713e-02
   2.5821324e-02
   5.5500057e-02
   4.3384220e-02
   1.3138670e-01
   2.2239847e-01
   2.8054228e-01
   2.0618320e-01
   1.1043876e-01
   9.6146889e-02
   7.6400734e-02
   6.2712945e-02
   3.0674532e-02
   5.9898514e-02
   6.4322717e-02
   1.1329111e-01
   1.2217862e-01
   8.5195757e-02
   1.0832694e-01
   1.0210736e-01
   9.6554697e-02
   3.9826665e-02
   1.7606210e-02
   1.3931391e-01
   2.0899114e-01
   1.5074559e-01
   1.0139834e-01
   1.7661709e-01
   1.8310454e-01
   5.4707445e-02
   4.7815174e-02
   8.3228640e-02
   7.9730637e-02
   4.0241644e-02
   4.9733516e-02
   5.9187327e-02
   2.0562898e-02
   1.8526813e-03
   5.3958848e-02
   1.1479661e-01
   1.9118688e-01
   1.3408522e-01
   9.6554682e-02
   7.0870347e-02
   3.3601750e-02
   4.5769315e-02
   7.1350247e-02
   7.1780846e-02
   4.7807943e-02
   5.2902911e-02
   7.0679121e-02
  -3.9382000e-03
   5.1827482e-03
   8.3197378e-02
   1.0835569e-01
   7.2928585e-02
   1.1394722e-01
   1.3371411e-01
   1.5580948e-01
   1.0057574e-01
   3.8921945e-02
   3.0655323e-02
   2.9037371e-02
   3.6054160e-02
   1.4674148e-01
   2.8734896e-01
   2.8061685e-01
   2.0238812e-01
   1.5010306e-01
   7.5521596e-02
   3.3215329e-02
   8.1238084e-02
   8.1910826e-02
   2.9541939e-02
   7.2256789e-02
   8.2391478e-02
   8.5322008e-02
   8.8203162e-02
   9.4058134e-02
   4.9467374e-02
   1.6119640e-02
   5.9169824e-03
   4.6880664e-03
   6.0419526e-02
   6.3395195e-02
   8.7169625e-02
   7.7197850e-02
   3.2991417e-02
   7.2239721e-03
  -2.0051254e-02
   1.3438753e-02
   4.2240109e-02
   7.2158039e-02
   7.4452519e-02
   7.9587437e-02
   5.0271690e-02
   5.2406222e-02
   5.9335925e-02
   3.0120669e-02
   4.1705638e-02
   1.3546903e-02
   4.2459939e-02
   5.2847698e-02
   3.2091580e-02
   4.9302913e-02
   1.0279232e-01
   6.9945067e-02
   3.1670932e-02
   6.5000303e-02
   5.9121110e-02
   3.0315993e-02
   6.1251957e-02
   4.9069583e-02
   5.3964276e-03
   1.6551808e-02
   5.7988867e-02
   1.8937267e-01
   2.6227313e-01
   2.0352949e-01
   1.3014717e-01
   3.6459103e-02
  -7.5570722e-03
   8.6385179e-03
   1.0539815e-01
   5.3137124e-01
   9.0981269e-01
   7.8700978e-01
   4.5092341e-01
   2.1054825e-01
   1.2618470e-01
   4.0250357e-02
   2.8308766e-02
   1.5313853e-02
   2.1113457e-02
   6.0732987e-02
   1.0549997e-01
   1.6890760e-01
   1.3238372e-01
   1.1928000e-01
   6.0858686e-02
   6.4370520e-02
   4.3040361e-02
   4.3877974e-02
   5.1069390e-02
   6.2095545e-02
   3.5291899e-02
   9.6793445e-03
   1.3891013e-02
   8.2905881e-02
   1.2957507e-01
   1.3279618e-01
   9.8286606e-02
   8.2600296e-02
   4.9620930e-02
   2.7370170e-02
   6.0523242e-02
   1.7694876e-01
   4.0183878e-01
   5.0619847e-01
   3.3625582e-01
   1.7481133e-01
   9.8808244e-02
   4.2976916e-02
   1.9230863e-02
   1.0005123e-02
   2.0439953e-02
   3.2679353e-02
   2.2349408e-01
   4.2593861e-01
   4.7208419e-01
   3.2143810e-01
   1.6344979e-01
   1.2209328e-01
   3.8655747e-02
   7.1628317e-02
   1.3999237e-01
   3.0071419e-01
   3.3835223e-01
   3.0822307e-01
   2.6988649e-01
   2.4495725e-01
   1.6500716e-01
   1.1128427e-01
   6.4397626e-02
   7.5196229e-02
  -4.0608305e-02
   9.0836622e-02
   4.6759757e-01
   7.4101239e-01
   7.8987408e-01
   4.4326171e-01
   1.8717195e-01
   6.6346228e-02
   6.7984268e-02
   1.8500315e-01
   7.8121316e-01
   1.8712175e+00
   2.1788702e+00
   1.6060387e+00
   1.0228398e+00
   1.1267407e+00
   1.0646729e+00
   8.3220530e-01
   5.2352411e-01
   1.9643325e-01
   1.9126587e-02
   7.4939752e-01
   3.5897889e+00
   6.5732384e+00
   6.1595407e+00
   3.6189072e+00
   1.4911146e+00
   5.7930934e-01
   3.0506212e-01
   2.2042725e+00
   1.3287550e+01
   2.7195423e+01
   2.6860332e+01
   1.5942451e+01
   6.4194589e+00
   1.9506522e+00
   4.3860036e-01
   1.1638345e-01
   8.0014154e-02
   2.2485907e-01
   1.6844593e+00
   3.9197664e+00
   4.2857537e+00
   3.0173552e+00
   1.4841626e+00
   4.2727318e-01
  -8.9383483e-02
  -1.0347544e-01
   1.2342957e-01
   3.1073299e-01
   6.7343134e-01
   9.9331009e-01
   8.8864958e-01
   5.0970882e-01
   3.1988326e-01
   2.6194295e-01
   1.6096869e-01
   1.4158559e-01
   2.5097120e-01
   3.1403816e-01
   3.3581549e-01
   5.0524002e-01
   7.2100902e-01
   1.0012460e+00
   9.3766451e-01
   4.5343843e-01
   8.2058527e-02
  -1.9960611e-03
   9.5209286e-02
   1.9782646e-01
   2.6556095e-01
   2.3124611e-01
   1.4834860e-01
   9.4632804e-02
   1.3947661e-01
   1.3902214e-01
   2.3227364e-01
   3.0709630e-01
   3.3457318e-01
   2.5973970e-01
   1.5544309e-01
   1.7860211e-01
   2.2704524e-01
   1.5269393e-01
   4.1862894e-02
  -3.2115638e-02
  -4.7840998e-02
   5.5932999e-02
   2.2674893e-01
   2.9704821e-01
   1.8848749e-01
  -4.4049677e-02
  -1.8108653e-01
  -1.1132322e-01
   8.8021226e-02
   4.7147673e-01
   8.6409742e-01
   1.0428269e+00
   6.3057607e-01
   2.4033247e-01
   1.2393324e-01
   5.1991141e-01
   1.5321202e+00
   1.7088430e+00
   1.0617599e+00
   4.6141091e-01
   1.8396732e-01
   6.7910755e-01
   1.4318583e+00
   1.6135714e+00
   1.0209002e+00
   4.9329463e-01
   3.7188813e-01
   2.8903103e-01
   5.4720843e-01
   2.9888606e+00
   7.1599460e+00
   7.7442112e+00
   4.8956280e+00
   2.1279466e+00
   7.2931457e-01
   2.2799595e-01
   1.2694703e-01
   1.1614856e-01
   1.5025349e-01
   6.0553473e-01
   1.4100306e+00
   1.5592922e+00
   1.0821112e+00
   6.1085463e-01
   2.4568960e-01
   2.1286920e-02
   1.3842993e-02
   4.8920762e-02
   1.4106728e-01
   2.7434802e-01
   3.6825216e-01
   2.9844427e-01
   1.4236230e-01
   5.8972124e-02
   5.1923949e-02
   4.1332293e-02
   6.1301768e-02
   2.7761145e-02
   1.1346699e-01
   1.5562226e-01
   1.5285023e-01
   1.7971602e-01
   3.0536881e-01
   2.2842474e-01
   9.0720184e-02
  -7.0991844e-02
   1.0095227e-02
   1.1721342e-01
   1.3263145e-01
   1.0256302e-01
   6.0275622e-02
   7.7167437e-03
   5.6734603e-02
   4.2980492e-02
   7.7301368e-02
   1.7306764e-01
   1.9852732e-01
   1.2247478e-01
   8.2734376e-02
   6.7708373e-02
   7.5459547e-02
   3.1748597e-02
   4.1084237e-02
  -2.8741423e-02
  -1.4604396e-03
   6.3873671e-02
   2.1138443e-01
   2.8077045e-01
   2.0174408e-01
   9.8816551e-02
   4.0100973e-02
   2.1078806e-02
  -6.2830355e-03
   1.8227074e-01
   4.8439509e-01
   6.2495703e-01
   4.2447332e-01
   1.9252604e-01
   1.8584871e-01
   2.5670442e-01
   4.6906796e-01
   4.5960483e-01
   1.5861976e-01
  -4.0027164e-02
   1.0214521e-01
   7.7756906e-01
   1.6548409e+00
   1.6696939e+00
   1.0092633e+00
   3.5931170e-01
   7.5644292e-02
   1.0433487e-01
   1.2581120e+00
   4.8654251e+00
   7.9634304e+00
   7.0634632e+00
   4.1048088e+00
   1.7650756e+00
   5.1502967e-01
   1.0256837e-01
   8.2804933e-02
   9.9089503e-02
   3.3615151e-01
   9.4395679e-01
   1.4551392e+00
   1.2620236e+00
   8.4541965e-01
   5.1460606e-01
   1.9290526e-01
   5.1417433e-02
   8.0143444e-02
   1.3024563e-01
   2.0223425e-01
   3.2628191e-01
   3.3294144e-01
   2.3259349e-01
   1.1906660e-01
   4.8247688e-02
   6.0411677e-02
   6.1253455e-02
   5.1586654e-02
   6.0070168e-02
   1.0904058e-01
   8.8688433e-02
   8.9844108e-02
   1.2934792e-01
   1.0150701e-01
   6.8056375e-02
   1.0739965e-02
  -2.8480405e-02
   1.7014585e-02
   4.1056767e-02
   4.9436215e-02
   4.7664337e-02
   8.2199089e-02
   5.7216898e-02
   5.2290365e-02
   4.0222004e-02
   7.7606022e-02
   1.4924164e-01
   1.0671774e-01
   7.6077662e-02
   7.4010603e-02
   6.8994597e-02
   2.0994838e-02
   2.3438983e-02
   1.1088986e-02
   7.2856598e-02
   6.4571142e-02
   1.9240692e-01
   2.2720143e-01
   2.0034415e-01
   1.6967949e-01
   4.6180345e-02
   4.6784282e-02
   5.7714865e-02
   1.8383694e-01
   2.8502721e-01
   3.3571562e-01
   3.1629264e-01
   2.2022302e-01
   1.2683675e-01
   1.4017944e-01
   1.9865815e-01
   2.0144655e-01
   2.0695831e-01
   1.4209323e-01
   6.4597145e-02
   2.6648876e-01
   5.6884843e-01
   5.9930944e-01
   4.8003098e-01
   2.1957216e-01
   1.0259965e-01
   1.7059943e-02
   2.9941422e-01
   1.2298498e+00
   2.3312953e+00
   2.3256800e+00
   1.4855344e+00
   6.1347747e-01
   2.6997524e-01
   5.7058327e-02
   5.7238396e-02
   1.1417327e-01
   2.4506760e-01
   4.3968666e-01
   5.8509904e-01
   5.7380730e-01
   3.8916302e-01
   2.2247580e-01
   9.2832141e-02
   6.2014312e-02
   7.7058755e-02
   9.3682766e-02
   1.2280140e-01
   1.7156416e-01
   1.3571000e-01
   9.7060218e-02
   1.0675362e-01
   6.9599532e-02
   2.4130255e-02
   4.7778007e-02
   4.4479523e-02
   4.6292942e-02
   4.9960401e-02
   1.1152091e-01
   1.2509640e-01
   1.0243937e-01
   8.0892913e-02
   6.6176653e-02
   3.1003060e-02
   5.3888310e-02
   9.9363193e-02
   6.2881961e-02
   4.2960957e-02
   8.3785400e-02
   6.7396782e-02
   1.5855918e-02
   5.1388305e-02
   3.0538376e-02
   3.1609014e-02
   7.2300583e-02
   9.6029595e-02
   8.0605127e-02
   1.1705247e-01
   9.9783354e-02
   6.5202117e-02
   2.5131943e-02
   4.1884277e-02
   5.9481967e-02
   9.2550106e-02
   9.6998125e-02
   7.3452152e-02
   5.0336745e-02
   2.2927204e-02
   2.0091442e-02
   5.9634973e-03
   3.8676277e-02
   9.5123783e-02
   8.4985472e-02
   8.6957298e-02
   5.4105368e-02
   2.8865878e-02
   2.9899793e-02
   4.5734845e-02
   9.3555391e-02
   7.5924844e-02
   4.0879827e-02
  -2.6859972e-03
   3.7041154e-02
   1.8883118e-01
   2.6882887e-01
   2.2149830e-01
   1.2385985e-01
   1.6660456e-02
   5.5720536e-03
   4.3324377e-02
   3.9830661e-01
   7.2575623e-01
   7.5123531e-01
   5.6181484e-01
   2.0363377e-01
   8.8964537e-02
   8.2974598e-02
   6.0811669e-02
   9.5382243e-02
   8.8128977e-02
   2.2194523e-01
   1.7589363e-01
   1.7280129e-01
   1.1053880e-01
   6.6358440e-02
   5.6558158e-02
   7.0295148e-02
   7.3241197e-02
   3.3399276e-02
   1.7850971e-02
   9.9542089e-02
   1.2999716e-01
   1.1979511e-01
   9.9782981e-02
   4.5204103e-02
   2.3153758e-02
   2.0488780e-02
   5.8735412e-02
   1.2961993e-01
   1.5760903e-01
   1.5309131e-01
   2.8035816e-02
   3.5922516e-02
   1.3578194e-02
   2.2978948e-02
   1.3896041e-01
   2.9425156e-01
   3.3856106e-01
   2.5725380e-01
   1.1266630e-01
   4.2950690e-02
   1.0486682e-02
   4.9163762e-02
   1.2470811e-01
   1.3560112e-01
   9.8557495e-02
   8.2077175e-02
   8.4203124e-02
   6.1736494e-02
   4.6233322e-02
   1.0423895e-01
   7.6359548e-02
   4.6911128e-02
   1.3510046e-02
   1.5927270e-02
   4.3843582e-02
   4.4546336e-02
   8.4862961e-03
   1.6603312e-02
   1.8070618e-02
   2.1313366e-02
   2.4759915e-02
   2.5359370e-02
   9.9929152e-03
   1.0770665e-02
   1.9155255e-02
   6.1978608e-02
   7.0401140e-02
   1.0034543e-01
   7.3918886e-02
   2.5893152e-02
   4.1523568e-02
   2.3107227e-02
   4.1443549e-02
   1.2296811e-01
   2.1255454e-01
   1.1417048e-01
   6.9426939e-02
   4.1315243e-02
   3.7115093e-02
   6.8596683e-02
   1.3625790e-01
   2.3996656e-01
   2.8970104e-01
   2.1339658e-01
   7.7673942e-02
   8.2325637e-02
   2.8218366e-02
   1.4453365e-02
   2.2538619e-02
   2.9020691e-02
   3.9177496e-02
   6.0564913e-02
   6.5869443e-02
   4.2628735e-02
   4.3830860e-02
   4.1058633e-02
   6.0077574e-02
   6.8309687e-02
   3.5273671e-02
   9.0482973e-02
   8.8903680e-02
   7.0806928e-02
   9.1103643e-02
   7.6658204e-02
   4.3119837e-02
   6.3822709e-02
   7.5707585e-02
   8.1061281e-02
   1.4062908e-01
   1.7893016e-01
   1.3403644e-01
   7.0675053e-02
   1.1224858e-01
   1.1198778e-01
   1.2479786e-01
   1.6208340e-01
   2.4521326e-01
   2.5014910e-01
   1.7809114e-01
   9.4741203e-02
   9.6807517e-02
   1.8429704e-01
   2.0484827e-01
   2.3602861e-01
   1.6456683e-01
   7.1872160e-02
   1.5462872e-01
   1.7939931e-01
   2.3529795e-01
   2.8585520e-01
   2.6356280e-01
   1.5888236e-01
   9.7708188e-02
   1.3326360e-01
   3.8095912e-01
   4.1554356e-01
   4.2822039e-01
   2.2305232e-01
   2.8637795e-02
   2.1698582e-03
   1.7632744e-01
   4.5239389e-01
   5.0828487e-01
   3.8719770e-01
   2.6004121e-01
   8.2305945e-02
   5.2647099e-02
   2.3018575e-01
   6.9009125e-01
   8.7919348e-01
   6.4056194e-01
   3.5659468e-01
   1.4247748e-01
   1.1284280e-01
   4.0370113e-01
   7.3720253e-01
   8.1453776e-01
   7.2123224e-01
   7.1397525e-01
   4.0949669e-01
   4.3258363e-01
   9.2446834e-01
   1.4743978e+00
   1.3411379e+00
   8.2556140e-01
   3.6172375e-01
   7.7307068e-02
   2.7587697e-01
   1.2084943e+00
   1.8152890e+00
   1.5618440e+00
   9.5368171e-01
   4.2856342e-01
   7.3579513e-02
   2.9616022e-01
   1.6900439e+00
   3.4460742e+00
   3.6034892e+00
   2.3303239e+00
   1.0269148e+00
   2.6868543e-01
   3.2888177e-01
   1.1983211e+00
   1.8537534e+00
   1.6863332e+00
   1.1945170e+00
   8.1196642e-01
   5.3180873e-01
   5.0406468e-01
   1.0007117e+00
   1.3649327e+00
   1.0363255e+00
   7.0495033e-01
   3.2590896e-01
   2.3707600e-01
   3.8490850e-01
   7.7277660e-01
   8.6935121e-01
   6.6649902e-01
   3.3307123e-01
   1.7096601e-01
   1.3774021e-01
   1.6823110e-01
   1.4214778e-01
   6.4589188e-02
   7.5896911e-02
   1.2347893e-01
   8.1197403e-02
   1.2281682e-01
   1.0281952e-01
   9.7263813e-02
   1.0699341e-01
   6.1527807e-02
   2.7504398e-02
   4.9984500e-02
   6.7765035e-02
   1.1861686e-01
   3.7782792e-02
  -2.5614156e-04
   7.2059095e-02
   9.8951414e-02
   1.4825515e-01
   1.0822181e-01
   8.3352059e-02
   6.7533113e-02
   1.4995896e-03
   7.6657925e-03
   4.2821307e-02
   1.0549223e-01
   2.2297776e-01
   2.7077872e-01
   2.1467984e-01
   1.0713007e-01
   3.7648227e-02
   1.2766212e-01
   2.3736064e-01
   3.0890304e-01
   3.8254026e-01
   4.2987391e-01
   1.9438820e-01
   2.1491870e-01
   3.5465112e-01
   3.9413986e-01
   3.5846117e-01
   2.7944905e-01
   1.0156719e-01
   8.5384417e-03
   2.4932006e-01
   5.7302386e-01
   5.9089345e-01
   3.5782120e-01
   1.1033110e-01
  -2.4176433e-03
  -1.9419933e-02
   3.1520027e-01
   1.1034148e+00
   1.5692142e+00
   1.3247396e+00
   6.7990702e-01
   1.7680168e-01
   5.0276514e-02
   2.9913029e-01
   6.0680103e-01
   6.8651122e-01
   5.2464247e-01
   3.2576004e-01
   2.2399041e-01
   1.6612090e-01
   2.7805626e-01
   5.1600558e-01
   4.2121208e-01
   2.4294207e-01
   1.6821122e-01
   1.0985691e-01
   1.6195965e-01
   2.8027943e-01
   3.8218418e-01
   2.5278068e-01
   1.7889249e-01
   1.3799384e-01
   1.1475214e-01
   1.0293254e-01
   5.5933714e-02
   8.3541602e-02
   7.9754420e-02
   4.4617530e-02
   1.9337656e-02
   1.0139763e-01
   1.7501189e-01
   1.4223857e-01
   8.1503496e-02
   4.5165341e-02
   2.9844198e-02
   3.9948028e-02
   9.5428251e-02
   6.8299092e-02
   6.3390791e-02
   3.8804598e-02
   2.5067253e-02
   3.9305508e-02
   1.1359145e-01
   1.1644016e-01
   1.0757564e-01
   6.0297955e-02
   1.6028352e-02
  -2.4162265e-02
   4.3407932e-02
   9.7399317e-02
   1.3948469e-01
   1.3310494e-01
   9.3884066e-02
   3.1579655e-02
  -9.8343994e-03
   1.4422196e-02
   3.4170836e-02
   9.4999038e-02
   1.2801331e-01
   1.4977668e-01
   8.0889948e-02
   9.1165677e-02
   1.1788641e-01
   1.6818760e-01
   1.0678814e-01
   9.5950291e-02
   1.4500684e-01
   2.3431727e-01
   3.2159695e-01
   3.4603903e-01
   3.1273028e-01
   2.0831877e-01
   7.0342362e-02
   3.0591363e-02
   2.2275813e-02
   3.1306905e-01
   7.4287409e-01
   7.7091569e-01
   5.6431597e-01
   1.9934763e-01
   3.0489556e-02
  -9.3761189e-03
   1.5838531e-01
   3.5108772e-01
   3.7167656e-01
   3.1355810e-01
   2.0550929e-01
   6.6729926e-02
   6.7764975e-02
   2.1344407e-01
   2.6957422e-01
   1.9289351e-01
   1.4239447e-01
   8.9483485e-02
   7.5410761e-02
   1.5669620e-01
   2.4160622e-01
   2.2584552e-01
   1.4782226e-01
   7.3811114e-02
   5.3778909e-02
   1.1519757e-01
   8.9082479e-02
   5.6251120e-02
   4.6124119e-02
   2.6284844e-02
   8.5519990e-03
   2.3960251e-02
   2.4139728e-02
   7.3180407e-02
   8.1929810e-02
   6.8264872e-02
   5.1458500e-02
   2.8476087e-02
   5.5370532e-02
   6.0011201e-02
   5.7127729e-02
   2.6478222e-02
   5.8611393e-02
   7.1186870e-02
   4.0230714e-02
   5.9325423e-02
   5.4914579e-02
   6.1676368e-02
   5.3374510e-02
   1.8996358e-02
   6.8219970e-03
   5.6001075e-02
   8.0799952e-02
   4.2430665e-02
   6.0217638e-02
   1.2838523e-02
   6.2391530e-03
   3.3122901e-02
   4.2136725e-02
   5.4006975e-02
   8.2581185e-02
   7.8138635e-02
   3.3095077e-02
   5.3399928e-02
   9.7552642e-02
   7.5815178e-02
   9.6878447e-02
   5.1839087e-02
   4.3269955e-02
   7.6762788e-02
   7.5500034e-02
   8.9131847e-02
   8.7119527e-02
   4.7208965e-02
  -1.5525619e-03
   4.5767133e-03
   5.1473036e-02
   2.2074105e-01
   3.6988223e-01
   3.5655415e-01
   2.3117067e-01
   1.1437881e-01
   1.6835064e-02
   5.8027841e-02
   1.6355100e-01
   1.4718841e-01
   1.0888673e-01
   8.7216444e-02
   5.0566386e-02
   4.5080937e-02
   8.4665306e-02
   1.6207838e-01
   1.2865120e-01
   7.9409294e-02
   7.8534909e-02
   3.7884537e-02
   5.5127170e-02
   1.1580969e-01
   1.1686096e-01
   1.1228494e-01
   9.4685420e-02
   8.6115040e-02
   8.0092333e-02
   6.7780823e-02
   5.2155811e-02
   7.3343314e-02
   6.0173728e-02
   6.0667552e-02
   1.9697011e-02
   5.4645155e-02
   4.5080971e-02
   4.2486440e-02
   4.9008574e-02
   6.1192013e-02
   4.5266826e-02
   2.0482212e-02
   6.7273922e-02
   5.6313716e-02
   6.9721766e-02
   9.3293376e-02
   3.5216738e-02
   4.9215127e-02
   5.8337484e-02
   8.3079368e-02
   3.7505057e-02
   5.8139946e-02
   7.6539584e-02
   2.7693879e-02
   3.6491256e-02
   3.2605954e-02
   3.7891228e-02
   8.3003879e-02
   3.8896576e-02
   1.5147166e-02
   7.0947468e-02
   3.4521986e-02
   6.8477333e-02
   8.0439761e-02
   8.0958553e-02
   7.1596317e-02
   5.3728864e-02
   3.1490080e-02
   3.5488762e-02
   2.0180283e-02
   3.7729189e-02
   3.0682692e-02
   2.8657870e-02
   7.4624896e-02
   1.1737107e-01
   8.2285933e-02
   6.0073067e-02
   2.9003285e-02
   2.7843963e-02
   2.5507938e-02
   7.9339541e-02
   1.0873282e-01
   1.4003743e-01
   1.1282700e-01
   3.8118191e-02
   2.2122560e-02
   6.2533177e-02
   8.4510855e-02
   6.7922100e-02
   5.8711659e-02
   3.9057106e-02
   2.7439676e-02
   3.0557748e-02
   3.1475659e-02
   3.7565287e-02
   4.8606426e-02
   4.3576658e-02
   3.7996136e-02
   4.5910012e-02
   5.3799197e-02
   4.3781538e-02
   5.1472142e-02
   2.4743706e-02
   3.2815163e-03
   3.1155385e-02
   4.6907656e-02
   4.0970434e-02
   4.9606852e-02
   3.3585407e-02
   2.7713785e-02
   8.3998078e-03
   2.6098978e-02
   1.3692735e-02
   4.2597167e-02
   4.0516522e-02
   1.9420793e-02
   2.9101145e-02
   4.7759309e-02
   3.4513697e-02
   8.1077605e-02
   7.3218152e-02
   2.0693975e-02
   2.6815480e-02
   2.3202902e-02
   5.0304234e-02
   5.1870745e-02
   5.0816540e-02
   4.2529307e-02
   5.2376978e-02
   5.3275995e-02
   4.4222411e-02
   3.1635728e-02
   4.7904473e-02
   5.7843316e-02
   5.2321311e-03
   7.7266335e-03
   4.3185171e-02
   4.2413574e-02
   5.4500796e-02
   2.5756054e-02
   2.8227026e-02
   4.9580466e-02
   3.9942235e-02
   5.4345001e-02
   7.0569739e-02
   4.0659733e-02
   4.2186651e-02
   4.4089776e-02
   2.6143938e-02
   3.0469844e-02
   7.8595340e-02
   6.5074772e-02
   3.4056231e-02
   1.5205257e-02
   1.9784007e-02
   2.8686963e-02
   3.3090219e-02
   8.1614472e-02
   8.2339063e-02
   3.7359748e-02
   6.2970109e-02
   3.2540597e-02
  -5.5316663e-03
   3.9292943e-02
   7.8636140e-02
   6.0402006e-02
   4.5280568e-02
   3.6933340e-02
   3.9591197e-02
   3.3784814e-02
   6.9154233e-02
   3.6999069e-02
   3.4708943e-02
   4.3758761e-02
   5.1273335e-02
   3.5680905e-02
   3.1712409e-02
   1.5596446e-02
   2.8227316e-02
   4.0728610e-02
   2.4901485e-02
   4.3121483e-02
   3.4993351e-02
   3.9992388e-02
   3.1481139e-02
   2.5390996e-02
   4.0343989e-02
   3.5746861e-02
   3.0636257e-02
   4.4777736e-02
   5.3780232e-02
   3.2087043e-02
   1.0798629e-02
   7.4125426e-03
   7.4550626e-03
   2.8874492e-02
   4.3541651e-02
   3.4731347e-02
   3.0141447e-02
   2.9711360e-02
   3.6689710e-02
   2.0208303e-02
   3.1251568e-02
   4.0234037e-02
   2.1846993e-02
   4.2503972e-02
   3.5820358e-02
   1.7668813e-02
   4.2567875e-02
   4.7974043e-02
   2.7997199e-02
   2.6387403e-02
   1.5373879e-02
   1.7568309e-02
   3.9660409e-02
   1.7583560e-02
   9.5879501e-03
   3.6864016e-02
   4.6050277e-02
   3.9120581e-02
   3.2812010e-02
   2.4093993e-02
   3.7408710e-02
   6.6059642e-02
   7.2880946e-02
   5.4335050e-02
   4.4379782e-02
   1.7684601e-02
   2.2717662e-02
   1.3563002e-02
   1.1244630e-02
   1.4982944e-02
   2.9646799e-02
   4.3690480e-02
   7.5650923e-02
   5.8875531e-02
   6.0603634e-02
   1.2539200e-02
   2.6610999e-03
   2.1812323e-02
   7.9989314e-02
   1.2531288e-01
   9.2272222e-02
   6.5628029e-02
   4.0480357e-02
   1.6240399e-02
   3.6422390e-02
   3.5639808e-02
   3.4815691e-02
   1.1390416e-02
   3.7254225e-02
   3.0680895e-02
   4.8742659e-02
   3.9125789e-02
   1.3801466e-02
   1.8905379e-02
   4.0343989e-02
   3.4427583e-02
   6.3697338e-02
   3.6816135e-02
   9.4518289e-03
   2.9523063e-02
   2.2514850e-02
   3.3669785e-02
   5.2347399e-02
   5.9199013e-02
   5.1989321e-02
   3.6366265e-02
   5.6177066e-03
  -1.6040410e-03
   1.5491026e-02
   4.7337502e-02
   5.5485442e-02
   2.9259332e-02
   3.3306837e-02
   4.2249996e-02
   2.8850311e-02
   3.9575130e-02
   4.9547840e-02
   4.3541010e-02
   2.6725331e-02
   3.9227031e-02
   3.3003338e-02
   3.7908241e-02
   1.1996347e-02
   4.9989749e-02
   9.7450398e-02
   6.9908462e-02
   7.6983264e-03
   3.5733014e-02
   2.3067320e-02
   4.5843411e-02
   9.1810152e-02
   1.3181135e-01
   8.7100275e-02
   6.8233855e-02
   8.7976255e-02
   1.0162941e-01
   9.1486357e-02
   6.3336588e-02
   8.2601815e-02
   7.1112640e-02
   2.1473838e-01
   4.6936801e-01
   4.2226979e-01
   2.5035232e-01
   1.1198795e-01
   5.8133438e-02
   1.2276680e-01
   6.5244842e-01
   1.3625681e+00
   1.4137688e+00
   9.0892190e-01
   4.0955254e-01
   1.2411963e-01
   1.4541610e-01
   3.5346237e-01
   4.1055888e-01
   4.1980153e-01
   4.4400737e-01
   3.3375409e-01
   1.7496453e-01
   4.0729582e-02
  -1.5575212e-03
   2.2965271e-02
   9.7591259e-02
   1.1911753e-01
   9.4473705e-02
   8.5914277e-02
   5.9985716e-02
   4.3487068e-02
   1.4599962e-02
   3.2800805e-02
   4.0945079e-02
   4.2628452e-02
   7.1874872e-02
   4.3591864e-02
   6.0046535e-02
   6.6262230e-02
   3.1566836e-02
   7.8060315e-03
   3.1121414e-02
   3.3109151e-02
   3.3661794e-02
   4.9627695e-02
   6.5784633e-02
   3.7564177e-02
   3.3246055e-02
   3.2882009e-02
   6.2425260e-02
   7.0057951e-02
   4.5047190e-02
   6.1456189e-02
   6.7312539e-02
   6.2636085e-02
   1.7622745e-02
   2.1559907e-02
   6.0508769e-02
   2.5972221e-02
   1.6910475e-02
   2.8295299e-02
   4.0561218e-02
   3.6591094e-02
  -1.7720655e-02
  -2.1420047e-02
   2.1581387e-02
   7.3267862e-02
   6.9805540e-02
   7.8671284e-02
   5.1722135e-02
   3.5411894e-02
   3.4254137e-02
   5.3102594e-02
   3.4127131e-02
   1.8021630e-02
   4.2507730e-02
   8.0504596e-02
   1.2923349e-01
   9.7000524e-02
   5.7120841e-02
   2.9747613e-02
   1.5604277e-02
   4.3566551e-02
   1.5569751e-01
   3.4335434e-01
   4.0567011e-01
   2.8672713e-01
   1.2469992e-01
   2.8607314e-02
   2.8765531e-02
   6.8725780e-02
   1.0104723e-01
   1.3713183e-01
   1.0677864e-01
   6.4741239e-02
   7.6736666e-02
   4.2660318e-02
   4.2369235e-02
   3.2038011e-02
   9.2912167e-03
   3.1557217e-02
   3.2523174e-02
   3.7895251e-02
   2.6571665e-02
   1.4524411e-02
   2.2625139e-02
   1.7047919e-02
   3.9510742e-02
   3.0730141e-02
   2.7301656e-02
   2.2120964e-02
   2.2454310e-02
   2.1979943e-02
   6.1924677e-02
   3.6608059e-02
   3.5764068e-02
   1.5912833e-02
   3.8403995e-02
   3.7495069e-02
   1.4250260e-02
   2.8274062e-03
   2.6099971e-02
   2.1323139e-02
   3.5484228e-02
   5.4550081e-02
   2.4759771e-02
   2.6842261e-02
   2.0527616e-02
   1.2634437e-02
   4.4173233e-02
   4.3208409e-02
   1.3648801e-02
   1.9532328e-02
   3.9339304e-02
   1.7865269e-02
   4.6034589e-02
   1.5726101e-02
  -2.4280136e-03
   1.0817311e-02
   3.2556776e-02
   5.9498910e-02
   4.7926862e-02
   5.8312133e-02
   2.4596171e-02
   2.1180648e-02
   2.5544116e-02
   1.3811689e-02
   3.5366826e-02
   2.1420375e-02
   3.7561137e-02
   4.5723200e-02
   3.9592963e-02
   2.8305521e-02
   4.6310004e-02
   1.8504014e-02
   9.7508235e-03
   3.9115608e-02
   1.2465612e-01
   1.5267511e-01
   1.4299633e-01
   1.0069758e-01
   3.7258130e-02
   8.7804692e-03
   3.0600080e-02
   4.8955958e-02
   5.5916555e-02
   5.2486394e-02
   2.6518056e-02
   3.9397925e-02
   1.2824245e-02
   5.5432352e-03
   1.8483479e-02
   3.9846446e-02
   4.3450952e-02
   4.2231284e-02
   2.9039640e-02
   1.6039820e-02
   2.3224814e-02
   1.9012021e-02
   1.3229505e-02
   1.1803544e-02
   1.2946832e-02
   3.8418908e-02
   4.3534186e-02
   2.2311589e-02
   2.0581489e-02
   2.7256265e-02
   1.8613070e-02
   9.5345788e-03
   1.7176721e-02
   3.3150975e-02
   2.0511223e-02
   3.3836998e-02
   2.9048208e-02
   1.9817937e-02
   2.0687936e-02
   1.2922944e-02
   2.5857111e-02
   2.5764989e-02
   2.5542339e-02
   3.1796463e-02
   4.6921432e-02
   3.5175730e-02
   3.6126330e-02
   2.6908996e-02
   3.1738810e-02
   4.1220285e-02
   5.0257038e-02
   6.2456533e-02
   3.4624714e-02
   1.2134105e-02
  -3.2474818e-03
   2.9166603e-02
   6.7116745e-02
   5.5984750e-02
   4.1514914e-02
   1.4810584e-02
   8.4755393e-03
   2.2175441e-02
   4.1348048e-02
   3.1539395e-02
   2.0287098e-02
   1.7144734e-02
   1.8655684e-02
   4.6827350e-02
   1.1432867e-02
   5.3920984e-02
   4.9606785e-02
   2.8443219e-02
   3.9191075e-02
   3.6122929e-02
   6.2257342e-02
   6.2342562e-02
   4.3838833e-02
   1.8508691e-02
   1.7926270e-02
   4.8286635e-02
   4.6888832e-02
   2.5067721e-02
   2.4514195e-02
   1.9910073e-02
   1.6076611e-02
   9.7010378e-03
   1.0090983e-02
   2.2402031e-02
   2.4763176e-02
   2.5313422e-02
   3.1424519e-02
   2.6376525e-02
   3.0917529e-02
   1.8350108e-02
   1.7606780e-02
   3.6143646e-02
   3.5917673e-02
   5.4191813e-02
   2.4815157e-02
   2.1461066e-02
   3.2316580e-02
   8.8283084e-03
   1.9785490e-02
   2.9864568e-02
   2.4037046e-02
   2.4687581e-02
   4.6245381e-02
   3.0361915e-02
   3.8485281e-02
   3.6342349e-02
   1.3095039e-02
   1.8875141e-02
   4.2028725e-02
   4.9132645e-02
   3.4010794e-02
   4.5085296e-02
   1.6955996e-02
   1.6571570e-02
   1.2862090e-02
   2.6403317e-02
   3.2770053e-02
   1.6741985e-02
   8.1270663e-03
   3.0328259e-02
   3.7964825e-02
   4.3271553e-02
   2.4996268e-02
   3.7894301e-02
   4.3654125e-02
   3.1989843e-02
   3.5789941e-02
   3.5280362e-02
   3.9762214e-02
   3.2230448e-02
   1.6810736e-02
   3.9395805e-02
   1.4925284e-02
   2.6953097e-02
   3.7244830e-02
