   3.4385975e-02
   3.8348969e-02
   2.4917915e-02
   2.5958665e-02
   2.2650149e-02
   1.3890789e-02
   5.9933275e-02
   8.4109575e-02
   5.8327075e-02
   5.5574156e-02
   4.9772453e-02
   6.2370256e-02
   3.8402498e-02
   4.9682982e-02
   3.9817456e-02
   6.1495461e-02
   9.3894608e-02
   6.8397082e-02
   8.2387000e-02
   6.7816786e-02
   4.5377150e-02
   1.5143957e-02
   4.1088622e-02
   4.9338743e-02
   4.6958137e-02
   9.2494056e-02
   1.0350152e-01
   9.3482062e-02
   8.7064885e-02
   8.2194723e-02
   7.5791247e-02
   2.9950609e-02
   1.9437322e-02
   7.9456288e-03
   2.5171317e-02
   6.0705114e-02
   5.0001554e-02
   5.5763587e-02
   1.7847057e-02
   7.6673992e-02
   7.4098051e-02
   4.7590595e-02
   3.6818594e-02
   3.1678367e-02
   5.2456222e-02
   5.3542562e-02
   2.1710899e-02
   3.2716177e-02
   3.3037167e-02
   4.0411685e-02
   6.2922925e-02
   4.0316291e-02
   2.8957279e-02
   2.9436212e-02
   1.6212612e-02
   4.4903655e-02
   4.4322625e-02
   3.8428001e-02
   5.8862925e-02
   3.9338503e-02
   4.8634410e-02
   3.5296693e-02
   3.4499306e-02
   1.3374928e-02
   2.0557096e-02
   4.1355859e-02
   4.3944225e-02
   3.8583238e-02
   4.1511174e-02
   4.1166097e-02
   5.2543148e-02
   3.1395864e-02
   5.5443682e-02
   5.1886756e-02
   5.8194861e-02
   4.5254145e-02
   5.6791626e-02
   4.6208315e-02
   5.3509858e-02
   3.5033196e-02
   3.0416850e-02
   4.0153500e-02
   2.6690226e-02
   3.2173775e-02
   5.4106869e-02
   6.0244475e-02
   9.0091284e-03
   5.5066962e-02
   5.5280104e-02
   4.3785531e-02
   3.8620111e-02
   1.4166345e-02
   2.6447166e-02
   3.1881873e-02
   4.0843882e-02
   3.7671179e-02
   5.3166229e-02
   5.3835079e-02
   7.2156332e-02
   5.9343949e-02
   3.2665618e-02
   2.6423207e-02
   3.3775508e-02
   1.8965162e-02
   4.4090666e-02
   6.6957250e-02
   5.9860919e-02
   9.5051192e-02
   1.3979870e-01
   1.1004557e-01
   5.1072732e-02
   6.1064970e-02
   6.9030426e-02
   4.2941894e-02
   3.0411696e-02
   2.6397770e-02
   2.3436023e-02
   5.0437026e-02
   6.0544614e-02
   6.3671298e-02
   4.9615182e-02
   3.9663546e-02
   3.5511371e-02
   3.5830956e-02
   4.6127934e-02
   7.1229972e-02
   5.7777803e-02
   4.3067738e-02
   5.3879399e-02
   5.9056893e-02
   6.6213809e-02
   3.9435424e-02
   4.8536103e-02
   5.7186764e-02
   2.4756584e-02
   2.9751241e-02
   1.9244166e-02
   5.2502602e-02
   7.0625506e-02
   7.7170774e-02
   8.6758725e-02
   3.8977802e-02
   3.6323227e-02
   2.2359626e-02
   1.8574534e-02
   2.0558093e-02
   2.9170567e-02
   4.8638549e-02
   3.2824945e-02
   4.8603445e-02
   6.8298109e-02
   5.6078445e-02
   5.0681852e-02
   3.4902342e-02
  -2.5816024e-03
   3.8321193e-02
   3.3380881e-02
   7.8415707e-02
   3.3706687e-02
   2.4514547e-02
   6.2303793e-02
   4.3951578e-02
   3.3083383e-02
   4.8888691e-02
   5.2260298e-02
   3.7616961e-02
   4.1394416e-02
   6.2637404e-02
   8.2770482e-02
   6.2953822e-02
   1.2143628e-02
   1.2861462e-02
   6.6516533e-02
   5.8167391e-02
   4.2316008e-02
   2.2893444e-02
   2.1751292e-02
   6.5676076e-03
   7.3242977e-02
   4.8539467e-02
   3.5791561e-02
   4.3216083e-02
   4.0983316e-02
   5.1121511e-02
   2.3143178e-02
   3.0890037e-03
   1.5427468e-02
   6.4036399e-02
   5.1496964e-02
   6.2409729e-02
   6.7304716e-02
   6.1976645e-02
   3.1097433e-02
   1.3168779e-02
   1.8455464e-02
   2.4400093e-02
   3.2951888e-02
   2.7928347e-02
   4.2585362e-02
   7.4399158e-02
   7.7404343e-02
   6.6486105e-02
   6.8383560e-02
   4.3824583e-02
   6.6305280e-02
   3.6603495e-02
   2.7840244e-02
   4.5582496e-02
   4.6152912e-02
   6.7220844e-02
   4.2253941e-02
   3.4933548e-02
   1.6280606e-02
   2.1080447e-02
   4.7986418e-02
   1.3466420e-02
   1.7100159e-02
   4.3882750e-02
   3.7649151e-02
   6.0853891e-02
   7.0511423e-02
   7.2945371e-02
   4.5755103e-02
   1.6159372e-02
   5.2267734e-02
   5.2050300e-02
   4.4640321e-02
   6.3695341e-02
   8.1758112e-02
   6.9402047e-02
   7.8840874e-02
   3.4883525e-02
   6.0829413e-03
   1.2810756e-02
   9.7987307e-03
   6.7049824e-02
   9.6747823e-02
   1.0096240e-01
   6.7019716e-02
   6.2098745e-02
   9.6413791e-02
   1.2812090e-01
   1.0569978e-01
   7.2878480e-02
   5.5812616e-02
   3.1330142e-02
   5.5919606e-02
   2.0786388e-02
   3.5860855e-02
   5.7156328e-02
   5.7646193e-02
   6.0719740e-02
   3.9913382e-02
   1.4150945e-02
   4.9075324e-02
   3.9949812e-02
   4.2661052e-02
   5.9404660e-02
   8.2749955e-02
   7.7296615e-02
   5.7864666e-02
   6.4183950e-02
   2.5309769e-02
   1.3420084e-02
   5.0814573e-02
   4.5598440e-02
   5.8134135e-02
   5.7462763e-02
   1.5807992e-02
   1.1370279e-02
   3.2993793e-02
   2.0922873e-02
   4.2167913e-02
   3.5767943e-02
   2.7940320e-02
   5.4676060e-02
   6.6177607e-02
   4.6733078e-02
   3.3450965e-02
   3.3402111e-02
   2.6356351e-02
   4.5595586e-02
   3.3423983e-02
   5.2861296e-02
   7.5348809e-02
   6.1377238e-02
   6.6343397e-02
   5.6059606e-02
   2.0144898e-03
  -1.9385660e-02
   3.8431424e-03
   2.6395196e-02
   3.5368107e-02
   5.6872819e-02
   8.8226594e-02
   8.2115717e-02
   9.5438130e-02
   4.0190112e-02
   3.7146114e-02
   3.3629902e-02
   1.6709862e-02
   2.7283981e-02
   6.0771137e-02
   7.2860211e-02
   1.0159689e-01
   9.9754110e-02
   1.0023085e-01
   1.0662053e-01
   7.7328853e-02
   6.5756857e-02
   3.8507693e-02
   3.1646401e-02
   2.0438202e-02
   1.3967155e-02
   3.9076392e-02
   6.9233164e-02
   8.6165212e-02
   6.4661659e-02
   5.5926099e-02
   3.8176145e-02
   4.0311608e-02
   2.8743358e-02
   4.2553924e-02
   3.7711911e-02
   3.5101313e-02
   3.3441614e-02
   5.5656232e-02
   3.3925124e-02
   4.3080300e-02
   4.8326578e-02
   2.6742976e-02
   1.9780561e-02
   2.1614876e-02
   5.4554027e-02
   2.9683474e-02
   3.0211158e-02
   2.4369458e-02
   3.1612705e-02
  -5.8606053e-03
  -1.0300265e-02
   1.2745105e-02
   2.6480902e-02
   4.8573185e-02
   5.5631220e-02
   4.4486750e-02
   3.2002930e-02
   4.5451678e-02
   2.3741774e-02
   2.7652953e-02
   2.4903066e-02
   2.2925043e-02
   1.7648490e-02
   4.3655213e-02
   3.4597468e-02
   2.2210579e-02
   2.5215263e-02
   3.5088241e-02
   8.7555416e-02
   7.3633626e-02
   3.9712671e-02
   1.6595826e-02
   1.8894587e-03
   1.2001457e-02
   6.4767055e-02
   5.8340251e-02
   5.9769064e-02
   5.1074803e-02
   3.4751300e-02
   3.0325880e-02
   1.1944363e-02
   3.7794624e-02
   3.9525412e-02
   4.8649851e-02
   6.7596212e-02
   3.6425736e-02
   4.1439030e-02
   4.1349765e-02
   3.9862819e-02
   8.2411125e-02
   6.6748083e-02
   2.6626034e-02
   3.4891985e-02
   4.6827249e-02
   6.2778167e-02
   5.0437234e-02
   2.3543887e-02
   2.9295724e-02
   3.0319382e-02
   3.5764594e-02
   3.1931590e-02
   6.0283631e-02
   5.9128601e-02
   6.0355213e-02
   3.1757426e-02
   5.8888197e-02
   5.6207646e-02
   2.5286153e-02
   4.5103062e-02
   4.2175084e-02
   3.3707201e-02
   3.5568826e-02
   2.6419053e-02
   3.9966997e-02
   6.8678364e-02
   3.2672107e-02
   1.7112503e-02
   3.0054869e-02
   4.8144057e-02
   2.3929961e-02
   3.2744408e-02
   6.8624385e-02
   5.7511624e-02
   5.1500820e-02
   5.9521012e-02
   1.0595926e-01
   1.3573262e-01
   1.0448455e-01
   4.5132611e-02
   5.3831279e-02
   5.7063777e-02
   7.7446081e-02
   6.0128950e-02
   8.2844563e-02
   9.2402272e-02
   5.1523782e-02
   7.0915460e-03
   3.7806749e-02
   5.6346785e-02
   4.8454061e-02
   5.2033927e-02
   5.0269976e-02
   6.1607245e-02
   4.9286395e-02
   3.4031950e-02
   6.4910695e-02
   3.6429755e-02
   3.5152070e-02
   6.1339449e-02
   4.7302999e-02
   3.9248969e-02
   3.1105563e-02
   2.9898858e-02
   1.0759742e-02
   3.5033394e-02
   4.4252206e-02
   7.1950130e-02
   3.3213295e-02
   2.9214185e-02
   7.6399028e-02
   5.6412484e-02
   2.0403868e-02
   5.0505612e-02
   6.7522891e-02
   5.8790099e-02
   4.0114474e-02
   4.8103545e-02
   3.5189293e-02
   2.6270991e-02
   4.2531688e-02
   4.1000407e-02
   1.7630570e-02
   2.9204112e-02
   3.3627480e-02
   3.5655446e-02
   1.8287266e-02
   1.2822604e-02
   2.9762547e-02
   2.1921197e-02
   5.2499538e-03
   1.5892232e-02
   1.3323082e-02
   4.2285450e-02
   6.1388321e-02
   5.9182476e-02
   4.3087024e-02
   3.5535716e-02
   3.6716565e-02
   3.7975281e-02
   5.5036485e-02
   4.1979946e-02
   4.2292442e-02
   5.3073641e-02
   4.2627830e-02
   6.5472201e-02
   7.5735010e-02
   6.5471098e-02
   6.5563880e-02
   1.8468356e-02
   2.8021887e-02
   3.8256526e-02
   7.6287887e-03
   3.9247718e-02
   5.6161951e-02
   5.0061326e-02
   9.5033243e-02
   7.9660617e-02
   7.1081616e-02
   4.6722740e-02
   4.4326052e-02
   3.0766936e-02
   4.4974890e-02
   5.8839414e-02
   5.1521584e-02
   7.4995801e-02
   4.6729282e-02
   4.0805481e-02
   3.8146969e-02
   4.4191446e-02
   2.4990248e-02
   5.8949471e-02
   3.7666984e-02
   6.6632673e-02
   4.1692503e-02
   1.6448354e-02
   3.0227996e-02
   3.6554262e-02
   2.9858567e-02
   1.8491479e-02
   2.8191447e-02
   4.6742760e-02
   4.5893010e-02
   6.7358531e-02
   5.3681683e-02
   4.0491730e-02
   1.8838957e-02
   1.2005208e-02
   1.9262660e-02
   4.3192424e-02
   2.9441571e-02
   2.0222906e-02
  -5.8319424e-03
   2.8440084e-02
   6.1533254e-02
   5.8699295e-02
   3.8700942e-02
   2.7135767e-02
   3.1079566e-02
   1.4066787e-01
   2.1707904e-01
   1.1908904e-01
   7.6321103e-02
   3.7204292e-02
   4.9279567e-02
   4.7214039e-02
   6.1090264e-02
   6.1062977e-02
   5.6926094e-02
   2.9966092e-02
   3.3773273e-02
   2.6004622e-02
   8.0478517e-03
   2.4608450e-02
   1.9690255e-02
   2.7251033e-02
   3.7712358e-02
   6.6164263e-02
   5.8051072e-02
   2.9614605e-02
   3.4840241e-02
   7.5407289e-02
   1.1963994e-01
   2.0559549e-01
   1.4824386e-01
   7.2752722e-02
   5.2937340e-02
   3.0518193e-02
  -1.2746961e-03
   3.5377812e-02
   1.0213793e-01
   1.3139540e-01
   7.9966448e-02
   2.3738321e-02
   8.3695948e-03
   4.1985344e-02
   8.4331222e-02
   7.2869889e-02
   3.8490243e-02
   2.8818870e-02
   2.6325990e-02
   1.4690986e-02
   4.0047493e-02
   4.1585766e-02
   8.3569326e-02
   5.9843369e-02
   4.9601365e-02
   1.5291605e-02
   5.0431564e-03
   1.0327706e-01
   2.1643050e-01
   2.6925054e-01
   1.3017349e-01
   1.1481350e-01
   1.2736495e-01
   9.0466887e-02
   6.1700974e-02
   2.1316405e-01
   8.4896874e-01
   1.0545204e+00
   5.2886248e-01
   1.7778875e-01
   1.5407182e-01
   1.8015224e+00
   5.8266697e+00
   5.4897022e+00
   2.2677000e+00
   5.7921404e-01
   1.8418673e-01
   1.9879827e-01
   4.7982773e-01
   1.2675614e+00
   1.3992797e+00
   7.5973940e-01
   3.1961054e-01
   1.2783931e-01
   1.7802568e-01
   2.9774883e-01
   4.8424527e-01
   5.3206098e-01
   2.4464957e-01
   8.0621347e-02
   5.4425210e-02
   1.2246277e-01
   1.9002633e-01
   2.5226456e-01
   3.5332119e-01
   4.1107333e-01
   2.1052934e-01
   3.1297196e-02
   3.0289298e-02
   8.4770009e-02
   8.8846289e-02
   9.1603734e-02
   8.3183728e-02
   4.9316674e-02
   4.8650272e-02
   7.8823932e-02
   4.8784819e-02
   2.4119934e-02
   1.2807754e-02
  -8.6300466e-03
  -2.1143043e-02
  -2.1477487e-02
   2.1102104e-02
   6.0104642e-02
   6.5266065e-02
   1.1128776e-02
   2.4942692e-02
   6.1230704e-02
   1.6640420e-01
   2.0045298e-01
   1.0659540e-01
   3.4809422e-02
   2.6551124e-01
   3.6158001e-01
   1.9053677e-01
   7.7233598e-02
   1.3753781e-01
   2.2280100e-01
   1.0539767e-01
   1.0031491e-01
   7.0037045e-02
   2.5431576e-01
   9.6848476e-01
   1.1667365e+00
   5.7362562e-01
   1.8568705e-01
   8.4305011e-02
   7.7424899e-02
   7.8218304e-02
   2.7585399e-01
   3.6682919e-01
   1.9805944e-01
   5.0063822e-02
  -8.6937491e-03
   4.7649976e-02
   1.1176141e-01
   1.9529165e-01
   1.6646935e-01
   6.2817186e-02
   1.6177500e-02
   1.1370592e-02
   2.6794838e-02
   5.1284697e-02
   9.1549680e-02
   1.1572033e-01
   1.3181707e-01
   8.0651455e-02
   2.5826002e-02
   6.6898651e-02
   6.8280421e-02
   3.3921286e-02
   2.9154388e-02
   6.6101052e-02
   1.0315324e-01
   1.0327235e-01
   6.3198939e-02
   6.3160554e-02
   3.9015751e-02
   3.7929855e-02
   9.0309046e-03
   5.4823831e-02
   6.6438131e-02
   5.4142997e-02
   6.8921700e-02
   5.1860597e-02
   5.8756296e-02
   3.3484004e-02
   8.3144464e-02
   8.8253185e-02
   1.0600855e-01
   5.9527751e-02
   7.7733248e-02
   1.4132412e-01
   9.9129617e-02
   4.9103655e-02
   1.6438805e-01
   3.5070837e-01
   2.3145832e-01
   9.2989072e-02
   4.9506310e-02
   2.9647991e-01
   1.2597437e+00
   1.6352212e+00
   9.4109863e-01
   2.8109893e-01
   1.1485618e-01
   3.9992347e-02
   1.2273555e-01
   3.6570421e-01
   4.4345847e-01
   2.9963008e-01
   1.5906267e-01
   4.7171272e-02
   4.4862386e-02
   9.7986042e-02
   1.5044485e-01
   1.6986696e-01
   1.0612360e-01
   4.8884362e-02
   6.0880996e-02
   8.2205102e-02
   7.5010277e-02
   5.9953932e-02
   5.3891789e-02
   6.7673489e-02
   2.1084277e-02
   7.4003888e-03
   6.4693563e-02
   7.6636247e-02
   7.6005310e-02
   4.8842166e-02
   4.2900428e-02
   5.1724423e-02
   6.2182821e-02
   4.1132852e-02
   6.1838087e-02
   4.1573171e-02
   1.2498712e-02
   1.5365382e-02
   3.2509387e-02
   4.5172516e-02
   2.8917467e-02
   6.1674532e-02
   6.7765541e-02
   5.0589800e-02
   4.5642640e-02
   6.8410687e-02
   6.4920716e-02
   4.5394260e-02
   3.7722327e-02
   7.8094669e-02
   4.7207616e-02
   4.9098887e-02
   5.4930236e-02
   8.7538972e-02
   1.1481132e-01
   8.0363587e-02
   3.9097197e-02
   2.9045008e-02
   1.2806679e-01
   3.9940953e-01
   4.3824732e-01
   2.6051554e-01
   9.1362141e-02
   4.4521429e-02
   4.3529674e-02
   4.5765359e-02
   9.9822462e-02
   1.2514685e-01
   9.6433222e-02
   5.0062485e-02
   5.1053934e-02
   5.1523861e-02
   3.0563898e-02
   4.2884331e-02
   4.0247053e-02
   6.3206978e-02
   4.5017101e-02
   3.6863998e-02
   1.6280433e-02
   7.5280160e-02
   7.7801302e-02
   7.6603413e-02
   7.2786801e-02
   3.2076687e-02
   2.0117734e-02
   4.6447132e-02
   4.7593419e-02
   2.3699814e-02
   2.2068880e-02
   2.8862873e-02
   1.8123223e-02
   2.6751222e-02
   7.0122100e-02
   5.7015881e-02
   3.8941741e-02
   3.9606508e-02
   3.5792440e-02
   4.3906420e-03
   2.0812400e-02
   6.5784641e-02
   4.0605951e-02
   4.1487976e-03
   2.6958032e-02
   3.2702208e-02
   4.4599727e-02
   5.3557586e-02
   1.7430652e-02
   4.5459270e-02
   4.2050052e-02
   4.8543654e-02
   3.0297307e-02
   2.0637859e-02
   8.3299793e-02
   9.9448398e-02
   7.9156160e-02
   3.2027617e-02
   4.3978166e-02
   1.5251768e-01
   2.0445953e-01
   1.3490148e-01
   5.8405608e-02
   6.0181648e-02
   4.2442683e-02
   3.4922350e-02
   6.6155851e-02
   6.7959026e-02
   6.0775306e-02
   1.8796254e-02
   2.5882961e-02
   4.9834482e-02
   6.3468702e-02
   1.0470302e-01
   8.0453135e-02
   4.3440931e-02
   9.1810310e-03
   1.9959331e-02
   2.3935689e-02
   1.9578664e-02
   1.5514204e-02
   4.4083592e-02
   3.9084226e-02
   3.2152008e-02
   5.1113795e-02
   5.6476608e-02
   2.7117498e-02
   1.6793778e-02
   4.2697921e-02
   6.0363155e-02
   7.5821668e-02
   4.6788581e-02
   6.4603172e-02
   5.5482071e-02
   6.0320225e-02
   4.3852650e-02
   2.3479162e-02
   2.3466149e-02
   1.4293184e-02
   1.5191296e-02
   3.0432943e-02
   5.1021837e-02
   5.2161433e-02
   4.9627151e-02
   2.4425140e-02
   3.0890491e-02
   4.6940666e-02
   4.8898369e-02
   4.3471366e-02
   4.9367379e-02
   2.0770349e-02
   1.6371872e-02
   3.9822541e-02
   5.0154854e-02
   2.6737701e-02
   4.8925627e-02
   5.0753623e-02
   8.6069398e-02
   8.7640233e-02
   6.4657174e-02
   2.2892848e-02
   1.0127701e-02
   2.8655457e-03
   2.3643602e-02
   4.7441904e-02
   6.1152056e-02
   6.5797895e-02
   6.3624993e-02
   5.6770582e-02
   7.2609112e-03
   2.2687266e-02
   2.5189450e-02
   2.9308135e-02
   2.0750768e-02
   2.0582661e-02
   3.4342639e-02
   6.6578470e-02
   1.7323326e-02
   3.6924694e-02
   2.6865395e-02
   4.5212395e-02
   5.4436088e-02
   5.2968904e-02
   4.5512334e-02
   3.6957573e-02
   2.7526060e-02
   1.2420543e-02
   3.3422976e-03
   1.7814822e-02
   1.8330283e-02
   2.7927032e-02
   2.9708937e-02
   5.5980809e-02
   5.3197846e-02
   4.0248137e-02
   7.2579175e-02
   4.9862422e-02
   5.0285611e-02
   7.3543064e-02
   7.8115754e-02
   8.9754336e-02
   8.3011180e-02
   1.0255944e-01
   8.9933403e-02
   8.9017153e-02
   1.1186880e-01
   7.4278556e-02
   7.5516686e-02
   8.5359022e-02
   1.2932773e-01
   1.3732953e-01
   1.0482095e-01
   4.5416705e-02
   8.7382935e-02
   1.6348711e-01
   1.7143573e-01
   9.4989456e-02
   3.9382372e-02
   1.5407334e-01
   1.9427755e-01
   1.2055577e-01
   7.6998815e-02
   5.3325720e-02
   1.9439173e-01
   3.0894482e-01
   2.2409835e-01
   1.0601664e-01
   1.0126189e-01
   3.3760566e-01
   4.5889553e-01
   2.8649363e-01
   1.0253114e-01
   1.0492405e-01
   2.1385172e-01
   2.2427495e-01
   1.4493643e-01
   8.2597986e-02
   9.6708484e-02
   2.4279214e-01
   2.3041907e-01
   1.0987069e-01
   6.0860138e-02
   5.2150339e-02
   6.5728396e-02
   3.2922823e-02
   5.4057155e-02
   9.6242219e-02
   8.5584141e-02
   5.7953432e-02
   2.9695023e-02
   6.5122537e-02
   5.5650942e-02
   2.4073530e-02
   4.1378736e-02
   5.5445701e-02
   7.8261279e-02
   4.7262620e-02
   5.4443762e-02
   1.8744309e-02
   1.3129416e-02
  -2.4471309e-02
   1.9590897e-02
   3.8049150e-02
   3.3257782e-02
   5.2204251e-02
   5.3949650e-02
   5.4976214e-02
   1.7631268e-02
   3.2919981e-02
   1.7386172e-02
   1.1278687e-02
   7.1429163e-02
   4.6704926e-02
   2.0820893e-02
   5.0403200e-02
   7.7544309e-02
   5.5132985e-02
   2.9954864e-02
  -3.6314840e-03
   6.9212250e-02
   1.2633254e-01
   1.2427544e-01
   7.0216112e-02
   7.5096786e-02
   6.6432208e-02
   8.3345324e-02
   1.0076039e-01
   3.9998163e-02
   3.1620141e-02
   8.7228112e-02
   1.0611646e-01
   8.7235555e-02
   3.8091503e-02
   3.0639986e-02
   6.0260594e-02
   6.9833308e-02
   2.8179228e-02
   3.4096941e-02
   4.6662360e-02
   5.6859348e-02
   7.7069975e-02
   8.9355342e-02
   6.5874420e-02
   4.4278555e-02
   2.6182707e-02
   1.9750590e-02
   1.6066156e-02
   4.0899113e-02
   3.6245454e-02
   2.3282692e-02
   2.2021674e-02
   3.4852434e-02
   3.5291702e-02
   1.1284026e-02
   1.7373422e-02
   5.1086891e-02
   4.4143964e-02
   3.6403123e-02
   7.0696950e-02
   3.6428075e-02
   2.4311299e-02
   1.7192576e-02
   2.7077179e-02
   2.6664501e-02
   5.5875233e-03
   4.3386962e-02
   5.6219589e-02
   2.4518101e-02
   4.3214157e-02
   6.8224847e-02
   5.2942894e-02
   4.9912948e-02
   2.3677515e-02
   3.6820717e-02
   2.0481793e-02
   7.1998954e-02
   7.0441701e-02
   6.5569796e-02
   8.3103664e-02
   7.3572844e-02
   1.0396988e-01
   1.4342456e-01
   6.4130314e-02
   4.7322467e-02
   3.9974868e-02
   7.1895771e-02
   4.4318110e-02
   3.6584863e-03
   3.5864394e-02
   8.2025446e-02
   7.0553027e-02
   5.2392285e-02
   4.5453601e-02
   2.7446957e-02
   4.3851703e-02
   4.8680078e-02
   4.4916231e-02
   7.6611280e-02
   4.7558267e-02
   7.1669877e-02
   3.2539103e-02
   2.7671508e-02
   5.8508534e-02
   4.3854099e-02
   4.5359783e-02
   6.1784137e-02
   7.6990545e-02
   4.4207398e-02
   3.2763623e-02
   5.1011693e-02
   6.2280428e-02
   5.2263848e-02
   5.6880094e-02
   3.7523765e-02
   2.2101132e-02
   3.1788334e-02
   2.8069247e-02
   1.5432900e-02
   3.1048955e-02
   3.8653687e-02
   2.3847474e-02
   2.3240520e-02
   2.4990054e-02
   4.2949267e-02
   5.4059852e-02
   2.8720485e-02
  -4.4303024e-03
   2.0372486e-02
   1.9610807e-02
   3.9834060e-02
   5.9561681e-02
   8.1142254e-02
   7.4002422e-02
   4.8465248e-02
   5.2087892e-02
   8.3501667e-02
   5.7518471e-02
   3.9756410e-02
   2.7424652e-02
   7.1174182e-02
   8.6879715e-02
   5.2708413e-02
   3.4424860e-02
   6.9931634e-02
   7.2784521e-02
   5.8219567e-02
   5.9189763e-02
   4.4172045e-02
   4.8501860e-02
   4.6777692e-02
   3.1567864e-02
   4.7194399e-02
   5.1558211e-02
   1.9257843e-02
   1.5859993e-02
   2.5678754e-02
   2.2188080e-02
   2.7279047e-02
   3.2427188e-02
   3.6379207e-02
   4.0750235e-02
   3.0329928e-02
   3.3163507e-02
   2.1002350e-02
   2.0432662e-02
   1.9594850e-02
   4.1098211e-02
   5.0594546e-02
   4.1861635e-02
   2.4086358e-02
   3.8801335e-02
   2.7826928e-02
   4.9494193e-03
   3.7452288e-02
   4.3736823e-02
   3.2447811e-02
   2.3330187e-02
   5.9213620e-02
   5.7932958e-02
   3.7306238e-02
   5.4889701e-02
   4.2574741e-02
   5.1178139e-02
   4.5750622e-02
   5.0427254e-02
   4.9516853e-02
   6.5325722e-02
   2.9799256e-02
   2.7550507e-02
   4.0936738e-02
   6.7047603e-02
   3.8523331e-02
   8.5516870e-03
   1.7305879e-02
   7.1420647e-02
   7.0435792e-02
   4.5618299e-02
   2.3239231e-02
   2.4686031e-02
   3.5237268e-02
   4.7805071e-02
   4.0182032e-02
   1.2169459e-02
   2.6305346e-02
   5.1053025e-02
   6.2230919e-02
   6.0287282e-02
   1.4269946e-02
   7.3119951e-03
   5.0182346e-02
   2.9859856e-02
   3.1490706e-02
   3.3833712e-02
   3.3040226e-02
   2.4152290e-02
   6.2665783e-02
   4.4595577e-02
   3.0929983e-02
   1.7228803e-02
   3.2798562e-02
   8.3700299e-02
   6.4497583e-02
   2.3549227e-02
   4.2519428e-02
   5.5747937e-02
   4.8386186e-02
   1.5756086e-02
   2.1794832e-03
   2.8382706e-02
   4.1866183e-02
   6.1527025e-02
   3.6176812e-02
   2.4405891e-02
   5.1267918e-02
   4.4511054e-02
   4.9171489e-02
   5.7081461e-02
   4.0902939e-02
   4.4723604e-02
   3.5348061e-02
   3.7175696e-02
   3.3587914e-02
   3.5556566e-02
   4.4177715e-02
   7.1684293e-02
   7.4572898e-02
   5.6249171e-02
   4.7353033e-02
   4.2979047e-02
   4.8136517e-02
   5.0768014e-02
   3.8820833e-02
   5.4262318e-02
   3.8749773e-02
   4.1345224e-02
   4.3835450e-02
   3.8047016e-02
   1.4376843e-02
   4.7899663e-02
   3.3975091e-02
   2.1231087e-02
   5.7395462e-02
   3.5149436e-02
   2.0930652e-02
   2.1095715e-02
   2.6591452e-02
   1.3183126e-02
   1.6832411e-02
   1.8296048e-02
   3.5682701e-02
   4.7990300e-02
   6.7835845e-02
   4.0593743e-02
   4.0244509e-02
   3.8278904e-02
   3.1766701e-02
   5.6974441e-02
   6.7646243e-02
   4.7066070e-02
   3.4533788e-02
   3.5667237e-02
   3.6729146e-02
   3.4362603e-02
   4.9455360e-02
   4.6695631e-02
   3.1795315e-02
   5.6674045e-02
   5.4542568e-02
   5.4367140e-02
   2.8849607e-02
   4.5007613e-02
   2.9973319e-02
   4.3279491e-02
   6.2304609e-02
   1.4108596e-02
   4.4228967e-02
   3.8993672e-02
   5.1051464e-02
   3.4166940e-02
   2.5286971e-02
   3.2428592e-02
   4.3789726e-02
   5.0260819e-02
   4.9477417e-02
   3.5791613e-02
   1.9380646e-02
   4.5874443e-02
   5.1726438e-02
   4.7724154e-02
   3.2751553e-02
   5.5898163e-02
   6.4850502e-02
   4.1621309e-02
   4.0198199e-02
   5.6918561e-02
   7.0657544e-02
   3.5953179e-02
   1.9465690e-02
   2.5492152e-02
   3.3572968e-02
   6.2164683e-02
   2.7643131e-02
   1.1843192e-02
   2.7101010e-02
   2.1662775e-02
   5.2788254e-02
   5.9495166e-02
   7.0483319e-02
   5.7490664e-03
   1.6713478e-02
   3.9329562e-02
   3.1326670e-02
   2.6417408e-02
   2.4625316e-02
   4.7878258e-02
   4.3552000e-02
   3.8134944e-02
   2.0555479e-02
   2.7327478e-02
   2.8878747e-02
   1.9252563e-02
   3.1802017e-02
   6.3491195e-02
   6.7564331e-02
   3.8665533e-02
   1.8861860e-02
   6.9536887e-02
   1.2040436e-01
   8.6223602e-02
   5.5915952e-02
   6.8781920e-02
   1.3933560e-01
   1.4804472e-01
   1.3501592e-01
   1.0137836e-01
   8.1153214e-02
   4.6277326e-02
   7.2486363e-02
   6.3760936e-02
   1.0201661e-01
   6.8434156e-02
   4.0251646e-02
   5.8747053e-02
   4.6542775e-02
   5.8860783e-02
   4.3476347e-02
   6.0266923e-02
   4.7159232e-02
   8.9897793e-03
   5.0440848e-02
   6.3988082e-02
   2.5475845e-02
   5.0963115e-02
   8.1152186e-02
   8.8520631e-02
   4.3201391e-02
   4.1914862e-02
   4.0486220e-02
   5.4607466e-02
   5.3860746e-02
   2.8010614e-02
   3.9078351e-02
   1.7274521e-02
   6.1039841e-03
   4.2324096e-02
   3.2239541e-02
   3.4035437e-02
   9.2430925e-03
   1.1355911e-02
   3.4157306e-02
   3.3680025e-02
   2.0132318e-02
   6.2639960e-03
   1.2067573e-02
   3.3784561e-02
   3.8671359e-02
   5.2988626e-02
   1.6749343e-02
   4.3130070e-02
   6.2363781e-02
   6.4042263e-02
   3.5219319e-02
   3.6125928e-02
   4.4474043e-02
   4.7373332e-02
   5.5879615e-02
   3.8065590e-02
   3.5507366e-02
   3.8589854e-02
   3.9340351e-02
   4.1924514e-02
   3.8039181e-02
   4.9134813e-02
   5.1153000e-02
   3.2731142e-02
   1.2097147e-02
   3.5967596e-02
   1.0884622e-02
   1.4265223e-02
   3.0383509e-02
   4.7984947e-02
   2.8024320e-02
   4.1008644e-02
   3.9662302e-02
   2.6788101e-02
   1.9016789e-02
   3.2294683e-02
   4.8907023e-02
   5.1638592e-02
   5.4782294e-02
   4.3906908e-02
   4.4082668e-02
   3.0398490e-02
   2.6886875e-02
   3.1929724e-02
   1.7899003e-02
   2.2377694e-02
   1.6074955e-02
   1.3984181e-02
   3.0177277e-02
   3.6267493e-02
   2.4402492e-02
   3.2470249e-02
   7.5803876e-02
   5.7799920e-02
   4.5398034e-02
   3.3039980e-02
   8.7713376e-03
   2.1864748e-02
   5.0622493e-02
   5.1160630e-02
   6.5234378e-02
   4.4138931e-02
   1.6750354e-02
   3.7137214e-02
   2.7758434e-02
   3.7496720e-02
   2.3010200e-02
   3.6458980e-02
   2.5081495e-02
   2.8850911e-02
   3.0095212e-02
   2.1973506e-02
   2.1572843e-02
   1.9865826e-02
   2.0012613e-02
   3.2377668e-02
   3.0022830e-02
   3.7178859e-02
   3.0456154e-02
   5.7155374e-02
   3.8304310e-02
   2.5084803e-02
   2.3135440e-02
   2.3498846e-02
   1.8486310e-02
   1.6180443e-02
   2.6783543e-02
   2.3258541e-02
   4.0929172e-02
   1.3629091e-02
   4.2990867e-02
   5.8864489e-02
   5.5870950e-02
   3.0476714e-02
   3.3882566e-02
   1.7857967e-02
   2.2210931e-02
   3.7140369e-02
   4.2740781e-02
   2.4484806e-02
   2.5690608e-02
   1.2996594e-02
   8.1117908e-03
   3.3634268e-02
   5.4312736e-02
   2.3409408e-02
   3.5380520e-02
   1.7496089e-02
   3.0261619e-02
   4.3339919e-02
   1.8736858e-02
   4.9702223e-02
   3.4057934e-02
   4.8737299e-02
   3.8318291e-02
   3.3866823e-02
   4.0925469e-02
   3.2482062e-02
   5.6762140e-02
   4.3530487e-02
   3.8673151e-02
   2.1375297e-02
   3.0037137e-02
   2.3092009e-02
   3.0151293e-02
   2.9761063e-02
   1.4275499e-02
   2.8706400e-02
   2.8461736e-02
   2.9009864e-02
   2.7385388e-02
   2.4777815e-02
   2.4103016e-02
   4.1132331e-02
   3.2192480e-02
   5.0503906e-02
   3.0239515e-02
   4.2357333e-02
   2.4497200e-02
   2.3695584e-02
   2.7491119e-02
   1.3390113e-02
   9.0904403e-03
   2.0899758e-02
   4.4874787e-02
   3.4420643e-02
   1.4515731e-02
   2.9446734e-02
   4.5777053e-02
   2.6763454e-02
   3.1740885e-02
   4.9670182e-02
   4.3596484e-02
   2.2088382e-02
   2.6570287e-02
   2.5927978e-02
   3.7331119e-02
   3.3025116e-02
   4.6638802e-02
   2.5940850e-02
   4.0315725e-02
   5.2826434e-02
   4.3710928e-02
   3.4593023e-02
   2.1256916e-02
   3.0155048e-02
   3.4368154e-02
   4.8883844e-02
   4.2437982e-02
   4.0879909e-02
   1.2655525e-02
   3.0654557e-02
   6.7256860e-02
   5.0086115e-02
   2.9743096e-02
   4.1629024e-02
   2.1687128e-02
   2.3612475e-02
   4.6692606e-02
   6.3912287e-02
   5.5018596e-02
   1.8252810e-02
   1.7589387e-02
   1.2206129e-02
   1.1842930e-02
   3.0609950e-02
   4.6701174e-02
   4.2888653e-02
   4.8789196e-02
   2.9592132e-02
   7.2373142e-03
   2.5789743e-02
   4.0790968e-02
   4.8386302e-02
   5.8242980e-02
   4.6173986e-02
   2.5354078e-02
   4.9242169e-02
   3.1085262e-02
   3.2391321e-02
   2.6790319e-02
   1.3866285e-02
   3.2664139e-02
   2.8649064e-02
   5.1575359e-02
   2.8611179e-02
   2.8727645e-02
   2.8327869e-02
   4.7192823e-02
   3.6010336e-02
   3.7850708e-02
   4.9439318e-02
   3.5531476e-02
   3.9732303e-02
   3.3784337e-02
   1.4691909e-02
   3.2059051e-02
   3.4226492e-02
   3.1464171e-02
   3.2699190e-02
   1.3320279e-02
   1.8402290e-02
   3.7877146e-02
   2.9602436e-02
   4.6227962e-02
   4.0633723e-02
   4.0865801e-02
   3.2364011e-02
   1.4658924e-02
   3.9512504e-02
   5.1901095e-02
   3.2775883e-02
   4.1278105e-02
   3.4586359e-02
   1.8481983e-02
   2.1385793e-02
   2.2874005e-02
   2.7771834e-02
   4.7483243e-02
   4.8838757e-02
   3.8335864e-02
   3.5422839e-02
   4.3595333e-02
   2.4179867e-02
   1.2110553e-02
   2.0662872e-02
   3.0786293e-02
   3.2166168e-02
   4.1087490e-02
   3.8499724e-02
   2.8266555e-02
   3.4018051e-02
   2.4460889e-02
   2.9209794e-02
   2.7691901e-02
   1.6308596e-02
   4.9418677e-02
   5.9736896e-02
   2.9586727e-02
   2.0512920e-02
   3.5192627e-02
   3.4620322e-02
   4.0036734e-02
   2.6661366e-02
   1.6325640e-02
   1.2262439e-02
   3.6288086e-02
   4.3459132e-02
   2.8898371e-02
   1.6189743e-02
   3.2282289e-02
   2.2668531e-02
   1.5425297e-02
   3.8638663e-02
   3.6531370e-02
   3.8083192e-02
   4.7496922e-02
   3.9133545e-02
   4.0158179e-02
   4.4494770e-02
   4.4233616e-02
   3.1747159e-02
   2.6823677e-02
   3.6690477e-02
   3.1583678e-02
   4.9122870e-02
   4.9097065e-02
   4.2615164e-02
   2.7837846e-02
   2.4222726e-02
  -3.9641405e-03
   2.5148926e-02
   1.8093642e-02
   4.4091944e-02
   6.0225487e-02
   3.0421050e-02
   3.0347338e-02
   3.4680925e-02
   3.5082720e-02
   4.2461563e-02
   3.1448673e-02
   4.2641070e-02
   1.9607900e-02
   1.3225470e-02
   1.1979846e-02
   4.7271028e-02
   4.3009911e-02
   6.3903362e-02
   5.8787894e-02
   7.3122442e-02
   5.4570641e-02
   3.6525603e-02
   2.8304610e-02
   5.0879687e-02
   2.7105557e-02
   1.5717899e-02
   2.7688798e-02
   3.7550639e-02
   5.0014108e-02
   5.5282570e-02
   8.3055995e-02
   6.4187437e-02
   2.9523427e-02
   6.3252430e-03
   2.7096322e-02
   4.2990770e-02
   2.6324468e-02
   1.4364256e-02
   5.0264459e-02
   4.8446473e-02
   3.2459885e-02
   6.0925572e-03
   3.1953838e-02
   2.6454678e-02
   1.8632941e-02
   3.5681773e-02
   4.8312474e-02
   5.7319194e-02
   6.0951412e-02
   3.4783665e-02
   2.6741659e-02
   5.1023275e-02
   2.0950988e-02
   1.0714533e-02
   4.4881422e-03
   1.1749869e-02
   2.4011275e-02
   2.0663511e-02
   3.0104149e-02
   5.0162952e-02
   7.8523673e-02
   4.8889231e-02
   2.2801787e-02
   3.7430420e-03
   2.6689667e-02
   4.3753684e-02
   3.7834577e-02
   2.8975617e-02
   1.0235253e-01
   2.0623066e-01
   2.1159805e-01
   1.4211474e-01
   6.3220978e-02
   3.9889850e-02
   2.4305206e-02
   4.3681011e-02
   4.7588423e-02
   1.9522445e-02
   2.8629845e-02
   2.6186526e-02
   4.2170342e-02
   5.5479314e-02
   6.5484904e-02
   3.0096533e-02
   1.6702836e-02
   2.3661608e-02
   3.6963239e-02
   2.4198530e-02
  -1.9228418e-03
   2.7322168e-02
   4.4255033e-02
   3.6014758e-02
   4.9950063e-02
   4.5497421e-02
   3.0598784e-02
   3.3552360e-02
   2.6953790e-02
   1.9021560e-02
   3.2628149e-02
   3.0529445e-02
   1.9173706e-02
   2.2606108e-02
   2.1299012e-02
   1.8000688e-02
   2.1484105e-02
   2.5513835e-02
   4.6825062e-02
   3.2766826e-02
   1.8969489e-02
   3.2193728e-02
   2.8539238e-02
   8.1081996e-03
   4.4554330e-02
   4.3811567e-02
   2.9244995e-02
   2.1693658e-02
   1.7579900e-02
   5.1282689e-02
   3.0117249e-02
   3.8540132e-02
   5.1113021e-02
   1.6059199e-02
   1.4954329e-02
   3.5471898e-02
   3.6276933e-02
   2.2499103e-02
   3.1469584e-02
   4.4251114e-02
   5.3498246e-02
   5.3972475e-02
   4.7856633e-02
   2.6581578e-02
   2.3112331e-02
   2.3711562e-02
   1.6118787e-02
   2.9270956e-02
   4.3715883e-02
   2.9208502e-02
   5.0498500e-02
   5.4197792e-02
   2.6076132e-02
   6.7624925e-03
   1.7605707e-02
   4.9883492e-02
   3.1125229e-02
   2.4648715e-02
   2.3011895e-02
   1.8586667e-02
   2.8165204e-02
   4.3678775e-02
   4.8591539e-02
   4.0185042e-02
   3.6496714e-02
   5.7328977e-02
   2.8887952e-02
   1.7779250e-02
   9.5836446e-03
   6.9505535e-03
   5.3373980e-03
   1.1947676e-02
   2.8180670e-02
   9.2745274e-03
   2.3447648e-02
   2.8733062e-02
   2.4744272e-02
   3.3675175e-02
   5.6155607e-02
   6.6310778e-02
   5.7555549e-02
   2.8474469e-02
   2.9530451e-02
   4.4602640e-02
   3.4424312e-02
   2.3200549e-02
   3.0950047e-02
   1.3441299e-02
   1.8983321e-02
   4.3215964e-02
   4.6273910e-02
   4.7970548e-02
   6.7806065e-02
   6.4173535e-02
   6.0623392e-02
   3.8711946e-02
   3.2971568e-02
   2.5145404e-02
   1.7891597e-02
   3.1780500e-02
   3.6794387e-02
   3.8465887e-02
   4.0911950e-02
   6.2802337e-02
   4.7889199e-02
   5.5509564e-02
   2.2931511e-02
   4.5488933e-03
   1.5288596e-02
   2.0190109e-02
   3.1726595e-02
   2.8923286e-02
   3.1644873e-02
   2.8962383e-02
   4.2983670e-02
   5.5980314e-02
   4.5810807e-02
   5.0391305e-02
   3.7404496e-02
   2.3587400e-02
   2.9359557e-02
   2.2799643e-02
   2.5170421e-02
   3.2113783e-02
   5.6771379e-02
   5.3051192e-02
   3.5846878e-02
   3.9193932e-02
   3.0868175e-02
   6.8700890e-04
   5.3793250e-04
   3.5788309e-02
   3.1503543e-02
   4.7252603e-02
   4.7944624e-02
   2.9204901e-02
   3.4901425e-02
   3.5638560e-02
   4.9469348e-02
   3.2137744e-02
   4.0709805e-02
   3.2696314e-02
   3.2963570e-02
   2.9322272e-02
   2.5393110e-02
   2.8337756e-02
   2.5092678e-02
   2.1154838e-02
   4.3903957e-03
   1.6462918e-02
   2.9286494e-02
   3.8573928e-02
   3.1272169e-02
   4.3988727e-02
   4.6575144e-02
   3.2608379e-02
   4.1665073e-02
   3.8146663e-02
   5.6717854e-02
   4.9808793e-02
   1.7768184e-02
   2.7039867e-02
   3.0977072e-02
   2.5824135e-02
   4.4291187e-02
   8.9703515e-02
   5.1553413e-02
   4.4057615e-02
   2.6704641e-02
   3.8819563e-02
   3.6243882e-02
   4.1889209e-02
   5.1108208e-02
   5.1298611e-02
   6.3229539e-02
   7.7975139e-02
   5.7457250e-02
   5.7574522e-02
   6.4514928e-02
   2.2932526e-02
   3.4682486e-02
   2.0142777e-02
   1.2949808e-02
  -7.4411319e-03
   2.9899556e-02
   4.2202394e-02
   2.8142055e-02
   2.5064185e-02
   1.7867550e-02
   1.9451313e-02
   2.6781963e-02
   2.8928170e-02
   1.6642401e-02
   2.8943617e-02
   3.3132315e-02
   5.0583627e-02
   3.0725483e-02
   4.0907327e-02
   3.3873383e-02
   4.2646687e-02
   4.1987460e-02
   5.1995143e-02
   2.2170255e-02
   2.7416937e-02
   2.7920216e-02
   2.8288076e-02
   1.5137637e-02
   3.7012033e-02
   3.9297752e-02
   1.8884793e-02
   1.8020466e-02
   2.4252931e-02
   2.7518515e-02
   2.8786352e-02
   3.6178317e-02
   3.2252621e-02
   5.6346610e-02
   3.1657960e-02
   2.7466977e-02
   9.2956424e-03
   2.5917815e-02
   3.3521388e-02
   2.7713161e-02
   1.8161234e-02
   3.7592132e-02
   5.6134854e-02
   3.5992749e-02
   3.9213266e-02
   4.3862320e-02
   3.5045423e-02
   1.7801257e-02
   3.6174569e-02
   3.3438671e-02
   3.6403712e-02
   6.2360425e-02
   5.3986780e-02
   3.9947633e-02
   4.5211863e-02
   6.1042372e-02
   3.0912584e-02
   3.4415111e-02
   4.3447327e-02
   4.0528998e-02
   3.4340717e-02
   4.1577420e-03
   1.6317455e-02
   5.1905248e-02
   5.7814393e-02
   4.2337604e-02
   3.0089492e-02
   1.1059538e-02
   3.5894036e-02
   3.9881263e-02
   3.1063600e-02
   5.0547663e-02
   5.1010620e-02
   5.9563298e-02
   7.1082681e-02
   5.9148829e-02
   2.2618635e-02
   1.7110674e-02
   5.4829165e-02
   1.0878035e-01
   8.8645846e-02
   6.1382018e-02
   5.5423655e-02
   4.3326799e-02
   6.4553097e-02
   7.0512384e-02
   6.7447625e-02
   6.7332678e-02
   7.1637742e-02
   5.0814103e-02
   2.4665711e-02
  -9.0062777e-03
  -7.2597398e-04
   2.2925092e-02
   4.1331474e-02
   4.9637537e-02
   5.5637982e-02
   8.8030316e-02
   5.3957596e-02
   3.5919871e-02
   2.4722854e-02
   2.8567405e-02
   1.1057306e-01
   1.7465785e-01
   1.2368815e-01
   6.3990340e-02
   6.1535619e-02
   4.9934983e-02
   3.9678160e-02
   4.1300938e-02
   5.1385999e-02
   5.6855313e-02
   4.3387186e-02
   2.6022272e-02
   2.6684392e-02
   4.8528548e-02
   3.9352830e-02
   3.2173533e-02
   3.8232006e-02
   4.2659018e-02
   2.6056422e-02
   2.5196156e-02
   4.9774941e-02
   4.2623635e-02
   5.9137627e-02
   2.6995806e-02
   1.3410756e-02
   5.0221380e-02
   2.0261290e-02
   1.2504585e-02
   2.9727587e-02
   5.3528711e-02
   3.4344457e-02
   4.6746556e-02
   1.6114524e-02
   1.5538001e-02
   4.1582312e-02
   3.8252905e-02
   2.4062889e-02
   1.1837871e-02
   1.4757130e-02
   1.0485795e-02
   4.8195995e-02
   4.2122759e-02
   6.3272990e-02
   3.8815074e-02
   3.0859973e-02
   4.2390939e-02
   4.7443610e-02
   4.5376912e-02
   4.7712944e-02
   4.6842664e-02
   4.8140213e-02
   4.6487376e-02
   6.0815636e-02
   4.9079254e-02
   5.5609688e-02
   2.6803441e-02
   1.5684351e-02
   2.2459812e-02
   2.3226121e-02
   3.6860868e-02
   1.8111885e-02
   2.0610888e-02
   4.2708002e-02
   3.5942838e-02
   2.4106186e-02
   3.3932235e-02
   5.7329111e-02
   9.5151737e-02
   5.9662070e-02
   4.9581829e-02
   3.6613435e-02
   3.2698452e-02
   1.2945093e-03
   5.3691156e-02
   7.0319124e-02
   1.1913456e-01
   1.5389206e-01
   1.0836020e-01
   5.9088126e-02
   1.8394820e-02
   2.8325535e-02
   3.4597278e-02
   1.9881720e-02
   3.3624712e-02
   2.9160194e-02
   3.7447929e-02
   4.2485714e-02
   5.8950081e-02
   3.5851311e-02
   5.1559612e-02
   1.3352938e-01
   1.3757552e-01
   9.4137907e-02
   6.2326081e-02
   2.9928397e-02
   1.0754176e-02
   3.3239452e-03
   1.1274856e-01
   2.7649954e-01
   3.2816136e-01
   2.1588956e-01
   9.5101945e-02
   4.8296683e-02
   4.3584824e-02
   4.8074983e-02
   2.3559695e-02
   1.4635189e-02
   2.5518900e-02
   2.7988270e-02
   6.2178653e-02
   7.6746054e-02
   1.0364089e-01
   8.4997460e-02
   7.5390473e-02
   5.6332916e-02
   4.8035186e-02
   3.8178924e-02
   2.6180863e-02
   9.3120150e-03
   3.4804024e-02
   2.9263820e-02
   3.0737881e-02
   1.6753525e-02
   3.6845249e-03
   4.3845218e-02
   3.3972122e-02
   2.2891443e-02
   5.4358575e-02
   3.8258500e-02
   1.6043171e-02
   4.6100192e-02
   5.7186693e-02
   4.6103511e-02
   4.6829779e-02
   3.4834292e-02
  -4.9488288e-03
   7.0847874e-03
   1.8829446e-02
   2.9500345e-02
   5.3168584e-02
   5.7859726e-02
   6.5547220e-02
   2.2513339e-02
   1.8418089e-02
   3.1804513e-02
   2.6586227e-02
   2.7350258e-02
   5.0737556e-02
   6.7326710e-02
   2.8873337e-02
   4.0732462e-02
   3.1633619e-02
   4.1322324e-02
   4.9346577e-02
   3.0830156e-02
   3.0676903e-02
   3.9658967e-02
   3.8758598e-02
   7.9368502e-02
   3.9877061e-02
   5.4324485e-02
   3.1544782e-02
   2.7367499e-02
   4.5159154e-02
   3.4348648e-02
   3.5580262e-03
   2.6517065e-02
   5.2173357e-02
   5.6527149e-02
   8.4797949e-02
   5.4338541e-02
   3.9090041e-02
   4.4353694e-02
   4.1247834e-02
   5.6501105e-02
   2.8718028e-02
   2.8911531e-02
   3.9970338e-02
   6.8829067e-02
   4.1742031e-02
   3.3439059e-02
   3.9777279e-02
   4.5747392e-02
   2.4063323e-02
   2.4278196e-02
   3.9611988e-02
   2.7504068e-02
   2.9840771e-02
   2.7936051e-02
   5.4299887e-02
   8.7247185e-02
   6.8228126e-02
   5.8247883e-02
   4.4395663e-02
   1.4487186e-02
   2.3634160e-02
   2.1213805e-02
   1.9745024e-02
   4.2603124e-02
   4.1770801e-02
   3.7229471e-02
   2.8011546e-02
   3.7765007e-02
   5.0609067e-02
   6.3515022e-02
   6.7691676e-02
   5.0114937e-02
   1.4763155e-02
   2.0505134e-02
   6.0054637e-02
   4.7821231e-02
   4.4813827e-02
   3.7381586e-02
   5.3432535e-02
   4.3641411e-02
   5.1115818e-02
   4.2940572e-02
   4.6103112e-02
   2.1936741e-02
   1.0726625e-02
   5.8712713e-02
   6.7653112e-02
   5.1724412e-02
   4.2803768e-02
   4.4279568e-02
   6.7018948e-02
   3.9154623e-02
   5.3873742e-03
   3.2766853e-02
   6.1306983e-02
   6.0451925e-02
   4.6311662e-02
   3.2484736e-02
   1.9190755e-02
   2.2576833e-02
   2.5899585e-02
   1.9387366e-02
   3.1007901e-02
   3.1803299e-02
   3.1738825e-02
   4.6482600e-02
   3.2312158e-02
   2.3690974e-02
   5.9678506e-02
   7.6678649e-02
   5.6022562e-02
  -1.8769037e-03
   2.6356468e-02
   3.5032909e-02
   6.0382772e-02
   5.3565372e-02
   5.5185527e-02
   6.6042930e-02
   6.9909997e-02
   6.2310580e-02
   7.0110992e-02
   4.3784540e-02
   4.8473749e-02
   3.1198138e-02
   5.5026781e-02
   3.9355036e-02
   5.4745607e-02
   1.6954933e-01
   3.1017751e-01
   2.9433250e-01
   1.6905971e-01
   9.7017534e-02
   7.6861039e-02
   6.5903880e-02
   3.3949697e-03
   4.1475821e-02
   1.2933728e-01
   1.2349890e-01
   1.1241446e-01
   1.3578592e-01
   1.5657042e-01
   1.0701367e-01
   1.1612761e-01
   2.1902178e-01
   1.9259986e-01
   1.1069965e-01
   1.1894360e-01
   3.4442830e-01
   3.4373564e-01
   1.6098674e-01
   1.5624973e-01
   2.3204753e-01
   2.2706282e-01
   1.4617716e-01
   1.2445969e-01
   1.0100921e-01
   7.3181048e-02
   1.7315332e-02
   8.4631212e-02
   2.1492156e-01
   1.1582994e-01
   5.0930776e-02
   4.5427483e-02
   8.1850858e-03
   2.8911468e-02
   4.6215355e-02
  -2.9959055e-03
   1.7782010e-02
  -2.4894660e-03
   3.0128539e-02
   3.3726222e-03
  -6.3142087e-03
  -1.5933571e-02
   3.9486650e-02
   8.7647475e-02
   1.5512443e-01
   1.7590946e-01
   9.6310362e-02
   4.7255069e-02
   3.2814123e-02
   4.4007082e-02
   5.1188447e-02
   7.6274082e-02
   5.9758358e-02
   9.3092650e-02
   8.6171597e-02
   6.0634267e-02
   7.5673454e-02
   1.0656763e-01
   9.4776608e-02
   7.6597080e-02
   5.9279840e-02
   1.3317013e-01
   1.4509529e-01
   6.9564112e-02
   6.6436402e-02
   8.5351758e-02
   5.3648762e-02
   2.0090133e-02
   7.5094201e-02
   1.1541788e-01
   1.1182906e-01
   8.7444142e-02
   6.3891411e-02
   5.1679559e-02
   1.5792230e-02
  -4.2345189e-03
   8.3154133e-03
   1.8014787e-01
   5.7353824e-01
   6.5155303e-01
   4.3166324e-01
   2.0767227e-01
   6.3573204e-02
   1.0289276e-02
  -2.4670605e-03
   2.1618620e-02
   4.1367084e-02
   5.9881099e-02
   1.3466376e-01
   1.7912403e-01
   1.5425090e-01
   1.1841645e-01
   8.3206192e-02
   1.0187301e-02
   6.9819265e-03
   4.1781019e-02
   5.7022635e-02
   5.1896606e-02
   6.1591368e-02
   8.5553043e-02
   9.3824774e-02
   6.5262504e-02
   5.6355294e-02
   5.0458942e-02
   6.4875498e-02
   6.9447026e-02
   1.1722231e-01
   8.7204322e-02
   3.1140612e-02
   5.1713035e-02
   7.2358742e-02
   7.9528615e-02
   7.8936763e-02
   6.3974999e-02
   3.5133369e-02
   8.7706698e-03
   4.3408677e-02
   4.8858631e-02
   4.6381958e-02
   1.4040744e-02
   4.7787324e-02
   6.2170874e-02
   2.4900893e-02
   7.0084907e-02
   1.0039553e-01
   8.1082486e-02
   8.1301495e-02
   7.9046398e-02
   5.6625646e-02
   1.1121036e-02
   1.6392011e-02
   9.9686831e-02
   2.2043291e-01
   2.6831654e-01
   1.7134494e-01
   8.9709878e-02
   7.8597978e-02
   3.4031827e-02
  -2.5632174e-04
   3.7761210e-03
   1.0136236e-01
   8.8641405e-02
   9.4014369e-02
   1.3331367e-01
   1.3007741e-01
   7.0572540e-02
   1.1372647e-01
   1.5481272e-01
   1.1457542e-01
   8.5725121e-02
   1.7026074e-01
   2.8051281e-01
   2.3483428e-01
   1.2394860e-01
   8.2820967e-02
   5.4231942e-02
   5.3773087e-02
   3.6989115e-02
   4.7347326e-02
   4.2110529e-02
   3.1502012e-02
   4.0646866e-02
   3.1539898e-02
   4.5078937e-02
   6.8819337e-03
   5.6602087e-02
   1.0044979e-01
   1.3736439e-01
   1.0207359e-01
   7.8029327e-02
   3.0641440e-02
   4.9287070e-02
   5.4555628e-03
   5.1561218e-02
   5.2662551e-02
   7.9428867e-02
   6.5834753e-02
   6.9416456e-02
   2.1307711e-02
   3.9929934e-02
   5.6468260e-02
   7.7684894e-02
   6.0576487e-02
   7.8170739e-02
   1.7503524e-01
   2.1440572e-01
   1.3834788e-01
   6.6923611e-02
   4.3503370e-02
   3.5423800e-02
   5.2505553e-02
   1.2641141e-01
   3.0168372e-01
   3.5172740e-01
   2.6172560e-01
   1.7423820e-01
   1.3221768e-01
   2.3603823e-02
   7.9312818e-03
   6.5918341e-02
   4.2640198e-02
   2.9710013e-02
   5.0918769e-02
   9.6459441e-02
   5.9664227e-02
   3.8188115e-02
   1.5613991e-02
   1.0597944e-02
   4.1937963e-03
   5.6186533e-03
   1.1861177e-02
   5.4576863e-02
   5.0114926e-02
   9.2712365e-02
   8.6981215e-02
   4.6871480e-02
   3.2228757e-02
   2.1945180e-02
   3.7545510e-02
   4.6862360e-02
   4.6978988e-02
   4.4744808e-02
   2.4737852e-02
   6.8599157e-02
   7.5941674e-02
   6.4254373e-02
  -2.5781944e-02
   9.1925776e-03
   5.3998329e-02
   5.1023953e-02
   6.0937256e-02
   5.5287953e-02
   1.0862574e-01
   1.2531279e-01
   6.3065268e-02
   6.7209557e-02
   4.4860158e-02
   4.4699028e-02
   8.4561057e-02
   1.1091904e-01
   3.6593936e-02
   7.0213586e-02
   6.5497808e-02
   1.9180319e-01
   2.5624865e-01
   1.7785858e-01
   1.2023385e-01
   4.4422522e-02
   1.5723087e-02
   1.1296770e-02
   1.3580075e-01
   6.9038862e-01
   1.1472510e+00
   9.7988021e-01
   5.7976949e-01
   2.9269329e-01
   1.0582847e-01
   7.0172556e-02
   5.0208778e-03
  -2.7430598e-03
   1.3509833e-02
   1.1070068e-01
   2.2239809e-01
   2.3832165e-01
   2.1985917e-01
   1.2149238e-01
   8.5570052e-02
   3.1365965e-02
   6.3733696e-03
   3.3508990e-02
   1.8870628e-02
   3.3286884e-02
   1.0513432e-01
   1.0105433e-01
   3.9227337e-02
   8.4009714e-02
   1.3882712e-01
   1.7424242e-01
   1.0887812e-01
   1.2106266e-01
   7.0657499e-02
   4.9965546e-02
   6.9107018e-02
   3.3603352e-01
   8.3200938e-01
   9.9251670e-01
   6.5381110e-01
   3.3468202e-01
   1.5104713e-01
   1.1015804e-01
   1.0075627e-01
   5.1792916e-02
   4.3532632e-02
   7.8426592e-02
   3.7665954e-01
   6.1910272e-01
   6.1874098e-01
   4.3506709e-01
   2.4615218e-01
   9.2943095e-02
   3.2801475e-02
   4.9323138e-02
   1.9563478e-01
   4.4700181e-01
   5.5882210e-01
   5.4154408e-01
   3.7135586e-01
   2.9430631e-01
   2.0018467e-01
   1.4280076e-01
   8.6512089e-02
   6.4437479e-02
   1.6082324e-02
   2.1545194e-01
   5.2585346e-01
   8.2535303e-01
   8.0000025e-01
   4.7848481e-01
   2.1506964e-01
   1.4576909e-01
   9.9919967e-02
   1.8490541e-01
   8.2906646e-01
   1.8477913e+00
   2.3435044e+00
   1.7573447e+00
   1.1563715e+00
   1.1522616e+00
   1.1037983e+00
   8.0374312e-01
   4.7269496e-01
   1.6724701e-01
   8.0517538e-02
   9.0948433e-01
   3.9814813e+00
   7.1502304e+00
   6.7477565e+00
   3.7566829e+00
   1.5062602e+00
   5.3199601e-01
   2.6867747e-01
   2.6522915e+00
   1.6434263e+01
   3.3599670e+01
   3.3538242e+01
   2.0094469e+01
   8.3486290e+00
   2.5754201e+00
   6.7653090e-01
   7.8720860e-02
   2.0871952e-02
   3.6417851e-01
   3.3301880e+00
   7.4920506e+00
   7.9481354e+00
   5.3059092e+00
   2.5050385e+00
   7.5925910e-01
  -1.5880224e-01
  -1.4360134e-01
   4.4188535e-01
   8.4231615e-01
   1.5134168e+00
   2.5768661e+00
   2.4217353e+00
   1.3808932e+00
   5.7853281e-01
   1.7800882e-01
   6.9713213e-02
   2.3324986e-01
   5.1952124e-01
   6.4421654e-01
   7.4170715e-01
   1.0658059e+00
   1.6054909e+00
   2.1838989e+00
   1.9284732e+00
   9.4847834e-01
   1.5841956e-01
   2.5155168e-02
   2.5171307e-01
   4.5337284e-01
   5.2400988e-01
   4.5127037e-01
   4.1215754e-01
   4.3980318e-01
   4.1344112e-01
   2.8496262e-01
   2.5024104e-01
   4.0602663e-01
   4.2347166e-01
   3.9204806e-01
   3.0610979e-01
   2.8775251e-01
   2.7970365e-01
   2.4547747e-01
   1.3179952e-01
  -3.1081889e-02
  -3.9277997e-02
   5.6580644e-02
   3.0034658e-01
   4.3428349e-01
   2.0770283e-01
   7.4863560e-03
  -9.8260634e-02
  -1.2557963e-01
   6.2184047e-02
   4.4687915e-01
   8.7423283e-01
   1.0910418e+00
   7.0852262e-01
   3.4057936e-01
   6.5573521e-02
   5.1810539e-01
   1.7742831e+00
   2.1547868e+00
   1.4655097e+00
   6.4251673e-01
   3.7597248e-01
   7.2291303e-01
   1.2827340e+00
   1.3747877e+00
   8.6080742e-01
   4.6632597e-01
   4.5626056e-01
   4.0383977e-01
   5.4172850e-01
   2.8662937e+00
   6.8346977e+00
   7.3717399e+00
   4.7246652e+00
   2.1562932e+00
   7.2164708e-01
   2.5512898e-01
   1.1614076e-01
   1.4912723e-01
   1.7768757e-01
   8.6920595e-01
   1.7787665e+00
   2.0269895e+00
   1.4449552e+00
   6.2532043e-01
   1.6604897e-01
  -2.0631831e-02
   1.5293246e-02
   2.0814031e-01
   2.9017478e-01
   5.3543192e-01
   7.8644705e-01
   6.9275421e-01
   3.2207212e-01
   7.0559472e-02
  -1.3706594e-02
  -3.0891588e-03
   1.0067961e-01
   1.1482643e-01
   1.8029144e-01
   3.0095151e-01
   3.3757430e-01
   4.7341713e-01
   5.0859427e-01
   3.5093328e-01
   1.3033497e-01
   2.0698581e-02
   3.0000426e-02
   1.7755836e-01
   2.2031955e-01
   1.6250776e-01
   1.3282217e-01
   1.2020383e-01
   8.9103363e-02
   8.3950646e-02
   8.0628358e-02
   1.6258872e-01
   1.8676375e-01
   1.3399655e-01
   1.7864372e-01
   1.4010917e-01
   9.1812991e-02
   1.0716429e-01
   6.5112956e-02
  -3.0486168e-02
   6.5867933e-03
   7.6687261e-02
   2.2439580e-01
   3.3295062e-01
   2.0736381e-01
   4.7446232e-02
  -7.5603295e-03
  -1.0013544e-01
  -6.3561477e-02
   1.5454236e-01
   4.2641312e-01
   5.1512635e-01
   4.1973272e-01
   2.5935581e-01
   1.1044031e-01
   9.6091434e-02
   2.0821701e-01
   3.1232604e-01
   1.3988918e-01
   3.4118760e-02
   1.2714803e-01
   7.3131919e-01
   1.3806857e+00
   1.3060844e+00
   7.0999843e-01
   1.9403246e-01
   2.8688779e-02
   8.4086813e-02
   1.2631588e+00
   4.9681220e+00
   8.2693539e+00
   7.2707720e+00
   4.1328816e+00
   1.5574688e+00
   4.7453776e-01
   1.1725812e-01
   2.9474925e-02
   8.2426310e-02
   4.9233842e-01
   1.3767788e+00
   2.1747577e+00
   2.0150163e+00
   1.1835790e+00
   5.4180115e-01
   2.0922580e-01
   9.6952535e-02
   1.0382379e-01
   2.1326987e-01
   4.0427575e-01
   6.1604607e-01
   6.8869823e-01
   4.9387896e-01
   2.4223877e-01
   1.2882756e-01
   8.0009952e-02
   6.8116523e-02
   1.0803325e-01
   1.7127953e-01
   2.9511756e-01
   3.8789463e-01
   3.8899064e-01
   3.3785146e-01
   2.1310993e-01
   1.2249584e-01
   6.4828552e-02
   2.1932498e-02
   1.0027192e-01
   1.7325543e-01
   2.0123906e-01
   1.9215240e-01
   1.4554492e-01
   7.6503418e-02
   1.3991612e-02
  -1.4324385e-02
   6.2887877e-02
   1.3500573e-01
   1.6542390e-01
   1.3312452e-01
   1.0343742e-01
   1.2457015e-01
   3.7066750e-02
   4.2507257e-02
   3.8767673e-02
   1.2759529e-02
   6.3365415e-02
   1.4453031e-01
   1.5846629e-01
   1.6945504e-01
   1.2678374e-01
   4.1440368e-02
   8.2788849e-03
   4.0751319e-02
   1.2894702e-01
   2.5914660e-01
   3.7981710e-01
   2.6060686e-01
   1.3863078e-01
   9.5410213e-02
   9.4782583e-02
   1.5937838e-01
   2.0895608e-01
   2.1779923e-01
   9.3191519e-02
   7.4646614e-02
   2.1118507e-01
   3.6766002e-01
   3.7644181e-01
   1.8762644e-01
   9.1521963e-03
  -1.8219542e-02
   8.3708083e-03
   2.4452329e-01
   9.6054959e-01
   1.9140931e+00
   1.9854356e+00
   1.2319013e+00
   5.6420624e-01
   2.3173812e-01
   6.9831148e-02
   6.3719153e-02
   2.8448936e-02
   1.2033133e-01
   3.8559252e-01
   5.9800029e-01
   5.5584455e-01
   4.1847569e-01
   1.8848792e-01
   6.1270330e-02
   6.1511118e-02
   7.3321208e-02
   8.1993550e-02
   8.8048913e-02
   2.3414485e-01
   2.6396450e-01
   1.9321057e-01
   9.1365896e-02
   1.8425452e-02
   5.4353587e-02
   4.6325170e-02
   6.3583888e-02
   7.0309900e-02
   1.1521852e-01
   8.8904627e-02
   1.0917976e-01
   8.6108059e-02
   4.2344149e-02
   5.0886806e-02
   5.8153722e-02
   6.8432011e-02
   6.4836808e-02
   4.1234642e-02
   5.5724621e-02
   5.7449605e-02
   5.0334737e-02
   2.5276106e-02
   4.7053203e-02
   5.9935324e-02
   5.4635055e-02
   4.2970631e-02
   8.2333684e-02
   4.7528192e-02
   7.1077026e-02
   7.2689772e-02
   8.8458046e-02
   5.3419970e-02
   7.8925617e-02
   7.3195778e-02
   5.3231504e-02
   8.0561727e-02
   1.3485008e-01
   5.4099862e-02
   3.4374498e-02
   6.6891843e-03
   2.8758822e-02
   4.2262413e-02
   5.3764913e-02
   9.8978773e-02
   1.3876347e-01
   9.7951330e-02
   9.8316066e-02
   6.4867057e-02
   2.2044048e-02
   8.4946178e-02
   6.2278710e-02
   3.8360775e-02
   9.8213330e-02
   1.0119537e-01
   1.4506733e-01
   1.7260309e-01
   1.1653177e-01
   6.7556359e-02
   5.5083040e-02
   4.4080008e-02
   3.3817362e-02
   3.1195506e-01
   6.2465364e-01
   7.3405284e-01
   5.4262626e-01
   2.6052815e-01
   4.8301436e-02
   1.0295294e-02
   1.3542295e-02
   1.0286896e-02
   5.6118496e-02
   1.5197633e-01
   2.3582794e-01
   2.5350112e-01
   1.6673277e-01
   5.3334437e-02
   2.6305210e-02
   4.7947481e-02
   3.4519795e-02
   4.1753437e-02
   8.2240179e-02
   1.2712683e-01
   1.2090375e-01
   7.9509445e-02
   9.7544223e-02
   7.5747393e-02
   2.8292399e-02
   1.1793783e-02
   1.8689469e-02
   3.8071949e-02
   5.9578467e-02
   8.5397325e-02
   1.1593747e-01
   7.5565666e-02
   1.0413934e-02
   4.2062171e-02
   4.9138837e-02
   1.1035854e-01
   9.3146853e-02
   3.3447858e-02
   5.9004016e-02
   2.7187383e-02
   3.5188727e-02
   6.6083327e-02
   7.5337239e-02
   5.8867466e-02
   2.6702272e-02
   3.7254311e-02
   6.5516613e-02
   3.2373369e-02
   9.5944479e-02
   7.7916406e-02
   4.6166841e-02
   4.4982221e-02
   4.9709529e-02
   4.1970946e-02
   5.3129192e-02
   2.6196774e-02
   1.5402555e-02
   1.7291090e-02
   1.2094581e-02
   1.6274463e-02
   7.5473292e-03
   3.8723722e-02
   3.9939411e-02
   5.4595128e-02
   3.0652380e-02
   6.3380390e-02
   6.0102634e-02
   6.0284719e-02
   4.7898147e-02
   7.6707847e-02
   7.0420749e-02
   1.9432338e-02
   2.7866108e-02
   5.6295745e-02
   6.1037648e-02
   7.9245776e-02
   4.8940595e-02
   5.1687803e-02
   2.9077735e-02
   3.6932521e-02
   1.2875015e-01
   2.1904361e-01
   2.3630700e-01
   1.8281612e-01
   1.3793220e-01
   4.2685531e-02
   1.6864847e-02
   2.4544867e-02
   3.1166501e-02
   4.2984806e-02
   4.9672086e-02
   8.9496739e-02
   7.5262591e-02
   8.5763060e-02
   5.0729003e-02
   2.9280605e-02
   1.0857092e-02
   3.9956134e-02
   6.3090280e-02
   2.2410221e-02
   3.4689222e-02
   4.8926864e-02
   1.9005617e-02
   2.2931194e-02
   3.8127091e-02
   3.1672861e-02
   1.6355576e-02
   5.8911178e-02
   6.0837910e-02
   7.1015559e-02
   6.1401930e-02
   5.9389696e-02
   5.4085739e-02
   3.5174470e-02
  -4.2211139e-04
   5.7619151e-02
   4.7701344e-02
   6.6626355e-02
   5.4154847e-02
   8.6183041e-02
   9.8606989e-02
   9.3055673e-02
   1.0588152e-01
   8.2595885e-02
   3.6466237e-02
   2.8536433e-02
   1.4960306e-02
   7.3120952e-02
   9.7477980e-02
   1.3556309e-01
   1.2677342e-01
   8.8225126e-02
   3.4644380e-02
   5.9534777e-02
   1.2228774e-01
   1.9057474e-01
   1.3488099e-01
   9.6476316e-02
   6.3023053e-02
   6.9452442e-02
   9.6490890e-02
   1.5359737e-01
   1.6417861e-01
   1.3977773e-01
   1.0809878e-01
   5.2145518e-02
   3.3179764e-02
   1.2445293e-01
   2.4117130e-01
   2.3670916e-01
   2.0274889e-01
   1.2384685e-01
   2.4146179e-02
   7.5053545e-03
   1.2905261e-01
   2.5619325e-01
   3.0308339e-01
   2.4608923e-01
   1.3575436e-01
   1.0273618e-01
   8.5306734e-02
   2.6238480e-01
   4.3131369e-01
   4.6304986e-01
   3.5630015e-01
   1.3797538e-01
   6.6852123e-02
   7.0591375e-02
   3.1608561e-01
   5.4795176e-01
   4.6462703e-01
   2.8535140e-01
   1.4093432e-01
  -4.8364382e-03
   7.5892523e-02
   5.0525528e-01
   8.3635080e-01
   8.9346373e-01
   6.2490600e-01
   2.5264946e-01
   1.0463027e-01
   1.7812040e-01
   5.1194388e-01
   7.6217073e-01
   6.6770154e-01
   4.0545142e-01
   2.2915314e-01
   1.0962055e-01
   2.0440063e-01
   4.7366557e-01
   5.9511966e-01
   4.1637138e-01
   3.0716071e-01
   1.8682553e-01
   1.2181018e-01
   2.1237348e-01
   4.3441352e-01
   4.4448054e-01
   3.0568996e-01
   1.8295710e-01
   1.5035161e-01
   1.3546199e-01
   7.9299197e-02
   5.9401345e-02
   6.9926046e-02
   4.0749662e-02
   9.2095099e-02
   1.1524101e-01
   1.7286983e-01
   1.4889956e-01
   1.0646875e-01
   6.0543247e-02
   1.1251840e-02
   2.5611756e-02
   4.7859482e-02
   2.7311398e-02
   4.1788667e-02
   3.8141504e-02
   6.7597151e-02
   5.5045139e-02
   7.7757396e-02
   8.6501740e-02
   7.2161920e-02
   9.8062858e-02
   7.0366345e-02
   4.4163563e-03
   9.0645289e-04
   1.6539738e-02
   1.1367135e-02
  -9.1417152e-03
   1.2049600e-02
   3.9984316e-02
   1.9828629e-02
   1.8489454e-02
   3.0196888e-02
   8.0399811e-02
   7.7313341e-02
   1.2446874e-01
   1.3557407e-01
   5.0368957e-02
   4.1912820e-02
   7.5846516e-02
   1.2245955e-01
   1.0537685e-01
   6.3312367e-02
   6.9844253e-02
   3.4376536e-02
   3.4336168e-02
   1.2147871e-01
   1.6800407e-01
   9.4358474e-02
   3.0854598e-02
   2.8504373e-04
   9.5171956e-03
   9.4987683e-02
   2.0756969e-01
   2.9738331e-01
   2.3024705e-01
   1.4378852e-01
   8.7329857e-02
   2.7833471e-02
   8.9210764e-02
   2.0340560e-01
   2.0910327e-01
   1.5516394e-01
   7.6266378e-02
   6.0592454e-02
   6.9732562e-02
   1.4335462e-01
   2.2656383e-01
   1.6442558e-01
   1.1930182e-01
   6.1447177e-02
   9.3733341e-02
   1.0892608e-01
   1.3152954e-01
   1.8399312e-01
   1.5928398e-01
   7.6101616e-02
   3.6153980e-02
   6.6734962e-02
   6.4561971e-02
   4.3214604e-02
   4.3277096e-02
   1.7678304e-02
   5.4061763e-02
   9.8574497e-02
   6.4764641e-02
   7.9239011e-02
   1.0536298e-01
   7.3910087e-02
   4.4418324e-02
   1.5875675e-02
  -7.0910146e-03
   7.6142577e-03
   3.9787017e-02
   5.2749563e-02
   5.5161715e-02
   5.5524893e-02
   7.1632423e-02
   3.5875890e-02
   7.3632576e-02
   5.9545308e-02
   3.2532681e-02
   5.4263681e-02
   6.7355163e-02
   7.9410277e-02
   6.2380068e-02
   4.9093407e-02
   6.5556191e-02
   5.6550086e-02
   3.9117746e-02
  -9.3725359e-04
   2.2510733e-02
   6.6919670e-02
   5.5783227e-02
   5.5538736e-02
   6.2191047e-02
   9.3720943e-02
   6.0147725e-02
   4.1469622e-02
   6.5302856e-02
   3.6596958e-02
   3.9759744e-02
   1.0486510e-01
   1.2048285e-01
   9.8720975e-02
   5.5467173e-02
   8.0925606e-02
   7.1227111e-02
   5.9953522e-02
   5.8912776e-02
   6.3577466e-02
   1.0129966e-01
   1.5347041e-01
   1.3820302e-01
   8.3733827e-02
   3.2131337e-02
  -2.8842702e-03
  -1.6764062e-03
   5.3510349e-02
   1.1069605e-01
   1.3535810e-01
   8.9687496e-02
   4.9238123e-02
   4.4130396e-02
   6.4735107e-02
   7.8974180e-02
   1.0056987e-01
   9.2520684e-02
   5.6976009e-02
   6.0580127e-02
   4.7598567e-02
   6.3315764e-02
   1.2995252e-01
   1.5041183e-01
   8.0926098e-02
   4.7245041e-02
   4.3401796e-02
   6.1390150e-02
   4.2577133e-02
   1.1433849e-02
   4.0106695e-02
   2.8678441e-02
   7.0328750e-02
   5.6632340e-02
   4.2538445e-02
   6.6800855e-02
   5.3255800e-02
   4.0839981e-02
   2.9735005e-02
   4.8546143e-02
   6.7798823e-02
   5.7104941e-02
   5.0275456e-02
   3.7955068e-02
   5.4507896e-02
   7.1496204e-02
   2.0353531e-02
   3.0569691e-02
   1.4368366e-02
   1.0611749e-02
   2.2555564e-02
   1.2818600e-02
   4.0484738e-02
   3.2629527e-02
   3.6109895e-02
   4.1677181e-02
   3.4988485e-02
   2.0942224e-02
   3.7812117e-02
   3.8066797e-02
   2.5233671e-02
   1.2415498e-02
  -1.0269377e-03
   2.9528543e-02
   3.4921277e-02
   4.9365632e-02
   4.2992443e-02
   4.6574391e-02
   6.0619313e-02
   2.6051255e-02
   4.3989819e-02
   5.8200333e-02
   4.6489492e-02
   3.7420806e-02
   4.6863314e-02
   4.9806453e-02
   4.2588688e-02
   1.8503355e-02
   3.1096676e-02
   6.2321566e-02
   1.2204618e-01
   9.1798030e-02
   6.8247013e-02
   4.4889368e-02
   2.0452740e-02
   4.0357016e-02
   4.9472161e-02
   9.7015433e-02
   6.3421428e-02
   4.4090182e-02
   5.1962737e-02
   2.9728560e-02
   1.4319701e-02
   6.4973630e-02
   9.2295468e-02
   1.0089779e-01
   4.2622477e-02
   5.4874875e-02
   7.6086581e-02
   7.7876486e-02
   5.0327875e-02
   3.3172037e-02
   4.5479987e-02
   6.4074568e-02
   7.0105962e-02
   5.1094759e-02
   3.4995884e-02
   2.0959448e-02
   2.7099079e-02
   7.1880147e-02
   3.0595427e-02
   5.3598929e-02
   5.2246891e-02
   3.1278342e-02
   1.4390675e-02
   4.1193396e-02
   6.2277205e-02
   4.8701208e-02
   3.6540344e-02
   4.1626010e-02
   3.4903944e-02
   2.4953680e-02
   3.4209598e-02
   4.8953060e-02
   4.0530503e-02
   1.7635321e-02
   5.2421842e-02
   6.9833741e-02
   7.1456864e-02
   1.8575536e-02
   4.4254474e-02
   4.6327714e-02
   5.0423928e-02
   5.8907628e-02
   4.2641521e-02
   4.3424346e-02
   3.9952148e-02
   1.9789875e-02
   2.9463522e-02
   4.2568386e-02
   4.7297202e-02
   2.7417010e-02
   1.2102482e-02
   2.5725212e-02
   4.1365031e-02
   4.6137966e-02
   5.1932976e-02
   4.9433656e-02
   4.9220189e-02
   3.4013715e-02
   2.9810442e-02
   3.7743274e-02
   3.8327541e-02
   2.9930549e-02
   3.8197103e-03
   3.2817196e-02
   2.3617653e-02
   2.2325644e-02
   3.9425481e-02
   6.4654127e-02
   2.4235737e-02
   3.4819052e-02
   2.3924466e-02
   4.9829226e-02
   3.6708564e-02
   5.0810505e-02
   6.1601199e-02
   4.1590445e-02
   5.2177809e-02
   1.4710968e-02
   3.2912213e-02
   2.9837275e-02
   2.7686873e-02
   3.5503816e-02
   2.6513344e-02
   3.3194821e-02
   3.8621478e-02
   4.2351823e-02
   4.3306395e-02
   3.6442332e-02
   2.8229188e-02
   2.9650543e-02
   3.5080243e-02
   1.6343758e-02
   2.8327908e-02
   3.9990801e-02
   1.2589885e-02
   1.6896948e-02
   6.2831767e-02
   4.1419093e-02
   4.2190280e-02
   4.6010103e-02
   3.6226604e-02
   3.7750859e-02
   4.0495839e-02
   1.3178609e-02
   3.5118733e-02
   2.6368497e-02
   5.4134082e-02
   4.2045247e-02
   2.4255918e-02
   2.4822157e-02
   3.9291590e-02
   3.9678801e-02
   3.9987672e-02
   1.4521086e-02
  -6.3170712e-03
   1.6332064e-02
   5.0609134e-02
   4.9838446e-02
   5.6024171e-02
   6.0797505e-02
   4.3266740e-02
   3.7429586e-02
   3.9541699e-02
   4.8559628e-02
   5.5090200e-02
   2.4894478e-02
   3.2947142e-02
   7.0858717e-02
   4.7474392e-02
   4.9511516e-03
   2.7566975e-02
   1.5862327e-02
   1.2925769e-02
   3.8792573e-02
   1.9215314e-02
   3.2879654e-02
   2.0767059e-02
   2.6069457e-02
   2.2256598e-02
   3.1105869e-02
   2.4192577e-02
   5.0989930e-02
   6.9636717e-02
   4.0480033e-02
   2.6813725e-02
   1.5298266e-02
   1.5295469e-02
   3.1406701e-02
   4.9859241e-02
   2.1375768e-02
   3.8007345e-02
   2.2556370e-02
   1.9231360e-02
   1.9143535e-02
   3.5933767e-02
   5.1405024e-02
   4.9097739e-02
   3.4013547e-02
   1.9052321e-02
   3.5423413e-02
   3.9474487e-02
   5.3310558e-02
   4.0023014e-02
   2.0415246e-02
   3.2522857e-02
   3.1622771e-02
   2.7507020e-02
   8.1824884e-03
   2.2938829e-02
   1.5873948e-02
   3.7126616e-03
   3.1300530e-02
   4.7138289e-02
   5.0675105e-02
   3.6079559e-02
   3.0340852e-02
   3.7174098e-02
   5.4464530e-02
   3.1461332e-02
   4.1679256e-02
   3.2529756e-02
   1.4457531e-02
   5.9658210e-03
   1.9358562e-02
   2.5598599e-02
   3.8825680e-02
   2.4922069e-02
   4.1968916e-02
   3.7720829e-02
   1.9152611e-02
   2.2518961e-02
   3.1506024e-02
   3.0691905e-02
   8.9039616e-03
   2.5730239e-02
   3.8896751e-02
   1.8773511e-02
   3.0009354e-02
   2.7956903e-02
   1.7978065e-02
   1.1480159e-02
   4.1254040e-02
   5.1489122e-02
   2.1430161e-02
   2.1109812e-02
   3.3593789e-02
   2.6490528e-02
   3.9133303e-02
   3.4927398e-02
   4.0803973e-02
   3.5559773e-02
   5.4963320e-02
   4.2611487e-02
   6.1720710e-02
   3.0350735e-02
   3.9010953e-02
   2.5588971e-02
   3.1846691e-02
   2.3505474e-02
   2.3393143e-02
   8.5672643e-03
   1.5444807e-03
   2.0797012e-02
   4.9590867e-02
   4.8044469e-02
   5.8575511e-02
   6.6543400e-02
   5.7894532e-02
   2.6621506e-02
   4.8682123e-02
   4.4805076e-02
   4.4799764e-02
   7.9123579e-02
   6.8544611e-02
   3.7044510e-02
   3.4555092e-02
   4.1780479e-02
   4.0062174e-02
   4.2105228e-02
   1.9611035e-02
   1.9811230e-02
   2.8511539e-02
   2.9177416e-02
   2.9539257e-02
   2.7851958e-02
   3.2640852e-02
   3.2887008e-02
   2.0397417e-02
   4.6285156e-02
   5.0327126e-02
   3.3161201e-02
   2.4386909e-02
   2.8236898e-02
   4.9149070e-02
   3.8029082e-02
   2.8671583e-02
   1.6779569e-03
   5.1386822e-02
   4.7192778e-02
   2.6834348e-02
   1.6851291e-02
  -3.8155619e-04
   3.4169406e-02
   3.6103670e-02
   2.9689016e-02
   3.1840589e-02
   2.2493431e-02
   9.1304267e-03
   1.6442159e-02
   1.8559359e-02
   1.3902180e-02
   1.5571101e-02
   1.1883306e-02
   2.2859283e-02
   2.5053535e-02
   3.2205179e-02
   4.0115379e-02
   6.9899857e-02
   6.3504636e-02
   2.9746065e-02
   2.5524769e-02
   7.0323497e-03
   2.6407197e-02
   5.1721804e-02
   4.4938400e-02
   2.1163519e-02
   3.8126376e-02
   7.9547338e-02
   1.0459442e-01
   5.0173689e-02
   6.8349205e-03
  -1.6695309e-02
   2.4052331e-02
   1.9937538e-01
   3.4375408e-01
   3.1611267e-01
   1.9602862e-01
   9.0418845e-02
   4.0896900e-02
   1.1779970e-01
   2.4321067e-01
   3.1748721e-01
   2.5039881e-01
   2.1909398e-01
   1.9709720e-01
   1.3877444e-01
   1.1952489e-01
   7.8601129e-02
   6.3073747e-02
   9.3435384e-02
   1.2407885e-01
   1.2218415e-01
   1.1743352e-01
   7.2966307e-02
   4.9945205e-02
   4.8987694e-02
   2.3793550e-02
   4.3047607e-02
   5.1226135e-02
   5.2204967e-02
   5.5681944e-02
   3.4978434e-02
   4.9430247e-02
   3.3945598e-02
   4.5513376e-03
   1.0791465e-02
   2.8209390e-02
   2.4788948e-02
   3.3782594e-02
   2.4496712e-02
   3.3291198e-02
   3.3039801e-02
   2.5208866e-02
   4.0262241e-02
   3.1446233e-02
   4.4748116e-02
   4.9768750e-02
   4.4221617e-02
   5.0857212e-02
   2.2579750e-02
   2.2690201e-02
   3.6072634e-02
   4.6773378e-02
   2.6734652e-02
   1.7366460e-02
   1.8590262e-02
   2.6186071e-03
   6.0620112e-03
   2.3106489e-02
   2.9437520e-02
   4.3300733e-02
   3.4882180e-02
   2.0145457e-02
   7.2496841e-03
   2.1353843e-02
   2.4047662e-02
   2.4037424e-02
   1.9763045e-02
   1.6068000e-02
   4.1083187e-02
   2.3403408e-02
   4.0560063e-02
   5.4590087e-02
   6.3167587e-02
   3.5391163e-02
   8.2960613e-03
   2.0291599e-02
   5.6253955e-02
   7.8084536e-02
   9.2076115e-02
   6.3236490e-02
   3.0417591e-02
   2.0360617e-02
   4.5020194e-03
   4.1063912e-02
   5.5567350e-02
   6.2863328e-02
   5.1461443e-02
   4.3280859e-02
   4.3171309e-02
   4.1281372e-02
   2.5861198e-02
   2.8155221e-02
   3.2904640e-02
   5.5295046e-02
   4.2680860e-02
   1.6962765e-02
   1.6542375e-02
   1.6536485e-02
   5.9147733e-03
   2.6057029e-02
   3.5678111e-02
   3.4252416e-02
   2.6026472e-02
   3.0031385e-02
   2.6532149e-02
   3.2826517e-02
   2.6675608e-02
   2.0360939e-02
   3.2955144e-02
   3.1956565e-02
   4.3851007e-02
   3.1758424e-02
   2.6306009e-02
   4.4119310e-02
   4.9808312e-02
   3.3519015e-02
   4.5284398e-02
   1.7329410e-02
   3.6439095e-03
   3.0455437e-02
   4.5112655e-02
   4.2825617e-02
   3.5756439e-02
   3.5242539e-02
   3.7554182e-02
   2.1425905e-02
   1.0719315e-02
   3.6317948e-02
   5.3590901e-02
   3.7997201e-02
   2.4584962e-02
   3.1246150e-02
   2.6421411e-02
   1.8755384e-02
   1.9056588e-02
   2.7238781e-02
   3.2663565e-02
   2.6286770e-02
   1.6126793e-02
   1.3731503e-02
   3.2497771e-02
   4.6686854e-02
   1.5790064e-02
   4.2666953e-02
   3.6626425e-02
   2.3004992e-02
   3.1373587e-02
   8.0424724e-03
   3.4065548e-02
   3.7661452e-02
   5.0673477e-02
   6.8565913e-02
   4.7118958e-02
   1.7632948e-02
   2.4122108e-02
   3.6974125e-02
   5.0925966e-02
   4.5952119e-02
   4.2302288e-02
   3.4022469e-02
   5.0929949e-02
   3.1056220e-02
   1.9266471e-02
   7.4423435e-03
   2.3711585e-02
   1.6023811e-02
   1.5720146e-02
   3.3570822e-02
   3.4363501e-02
   2.7624838e-02
   3.3321854e-02
   4.6027303e-02
   1.7456174e-02
   3.1732298e-02
   3.7993155e-02
   2.4581227e-02
   2.4287743e-02
   1.3175610e-02
   2.8729271e-02
   3.8458813e-02
   4.1646775e-02
   3.6015514e-02
   1.9945055e-02
   2.8656127e-02
   3.8386635e-02
   2.6902288e-02
   1.6422145e-02
   2.8188149e-02
   1.6193286e-02
   6.4008320e-03
   2.2134103e-02
   2.3293721e-02
   1.5586845e-02
   1.5542832e-02
   2.5658717e-02
   2.2021729e-02
   3.1846482e-02
   1.4878178e-02
   1.1103285e-02
   3.1127624e-02
   2.4099046e-02
   2.5254320e-02
   2.6118901e-02
   3.0667754e-02
   1.8618187e-02
   2.1322496e-02
   2.8430210e-02
   4.0946931e-02
   4.0479530e-02
   3.0849354e-02
   8.8721514e-03
   1.9020975e-02
   4.3330383e-02
   1.9130256e-02
   4.0880226e-02
   4.8054915e-02
   4.9906053e-02
   3.1849645e-02
   3.6248315e-02
   3.7169531e-02
   4.9316864e-02
   3.4662984e-02
   2.0556066e-02
   4.6578728e-02
   4.7821160e-02
   4.5254536e-02
   3.0475585e-02
   2.0317042e-02
   4.3374509e-02
   3.9598092e-02
   3.8742766e-02
   4.4863209e-02
   5.6129295e-02
   4.3128986e-02
   2.1504046e-02
   2.6291730e-02
   3.7309282e-02
   3.0277230e-02
   4.9450569e-02
   1.5954020e-02
   3.1905387e-02
   1.9036883e-02
   9.3281502e-03
   2.5420740e-02
   1.1920890e-02
   2.7774002e-02
   2.6781684e-02
   2.3006843e-02
   1.0249116e-02
   4.1650582e-02
   4.3778956e-02
   3.4968402e-02
   4.5031123e-02
   2.6925456e-02
   1.7467998e-02
   1.7180370e-02
   1.2102655e-02
   3.0628404e-02
   4.1763492e-02
   1.8541217e-02
   1.2327774e-02
   2.2522597e-02
   2.1416074e-02
   3.7998270e-02
   5.6641228e-02
   4.3961499e-02
   3.6500227e-02
   2.8649772e-02
   1.9089911e-02
   1.1990184e-02
   5.5943504e-02
   4.3088641e-02
   4.0166304e-02
   1.8861867e-02
   2.3796869e-02
   2.8988034e-02
   4.1481268e-02
   1.8179212e-02
   3.0154573e-02
   3.7352066e-02
   3.3998474e-02
   1.3055777e-02
   1.7886413e-02
   3.1401191e-02
   1.9795885e-02
   3.3626679e-02
   2.2567354e-02
   2.9075790e-02
   2.7887946e-02
