   2.8351262e-02
   2.3266003e-02
   4.5560859e-03
   2.4095409e-02
   1.8943431e-02
   2.5935134e-02
   1.9065971e-02
   3.7213184e-02
   4.1891873e-02
   3.1091705e-02
   2.8078733e-02
   1.7196117e-02
   1.9892748e-02
   2.6777387e-02
   3.4437731e-02
   1.4878597e-02
   3.1899616e-02
   3.9718289e-02
   5.3024355e-02
   3.1655475e-02
   1.1411617e-02
   8.3280560e-03
   2.0353107e-02
   3.2735262e-02
   2.2301596e-02
   5.1053122e-02
   5.4924887e-02
   4.4720206e-02
   2.3993099e-02
   5.2829035e-02
   5.9765194e-02
   4.5722052e-02
   2.4574364e-02
   3.9489113e-02
   5.7214156e-02
   5.4450121e-02
   4.6068560e-02
   4.7781453e-02
   5.7927761e-02
   3.6176078e-02
   3.4903072e-02
   3.5780266e-02
   2.2203706e-02
   1.5724812e-02
   2.0875135e-02
   3.3736739e-02
   1.8785506e-02
   3.1028027e-02
   1.9983549e-02
   3.8765680e-02
   4.6757448e-02
   3.6195330e-02
   2.2408038e-02
   2.7468139e-02
   4.4423379e-02
   3.4489397e-02
   4.3462455e-02
   4.1547999e-02
   2.7939653e-02
   3.5447814e-02
   2.1159787e-02
   5.5305483e-03
   2.1454904e-02
   3.6276817e-02
   1.8845825e-02
   2.1188257e-02
   2.6638005e-02
   1.6738562e-02
   2.1669243e-02
   1.8464003e-02
   2.9948900e-02
   3.7308916e-02
   2.2639498e-02
   3.4296624e-02
   4.2484552e-02
   2.8988745e-02
   3.8120680e-02
   5.4278549e-02
   2.3974327e-02
   2.7387090e-02
   8.8396259e-03
   1.7822037e-02
   2.7757276e-02
   2.3148904e-02
   2.0184088e-02
   2.0969167e-02
   2.1400923e-02
   1.1774431e-02
   1.8828200e-02
   1.6744869e-02
   5.9564691e-03
   1.4101218e-02
   1.2289993e-02
   6.3283336e-03
   2.0916991e-02
   2.3812717e-02
   3.5705432e-02
   3.5455246e-02
   4.4256955e-02
   3.2523345e-02
   3.9886754e-02
   2.8765541e-02
   1.6255789e-02
   1.7938802e-02
   3.5669517e-02
   2.7379394e-02
   1.7085690e-02
   3.2901909e-02
   4.0940095e-02
   4.8315316e-02
   3.9128661e-02
   3.4845803e-02
   6.0447831e-02
   1.5303192e-01
   1.8432026e-01
   1.3526644e-01
   7.4558891e-02
   5.2707225e-02
   4.7040775e-02
   4.3400761e-02
   2.6091885e-02
   2.6610706e-02
   3.0493265e-02
   4.0315561e-02
   2.2533055e-02
   3.8438363e-03
   1.8555947e-02
   2.5127156e-02
   2.1427743e-02
   3.1188972e-02
   2.2032194e-02
   1.1213952e-02
   1.6063336e-02
   1.6567938e-02
   2.3204830e-02
   4.0206392e-03
   2.1024836e-02
   2.8543135e-02
   3.9626528e-02
   2.9258851e-02
   2.3516899e-02
   2.4721591e-02
   1.3347978e-02
   8.1729675e-03
   2.2189295e-02
   7.5816191e-03
   9.2438227e-03
   1.8795822e-02
   2.8171234e-02
   3.8327184e-02
   2.8443357e-02
   1.3585666e-02
   2.7859123e-02
   3.5168219e-02
   1.2082180e-02
   2.2105567e-02
   2.8519172e-02
   2.1227298e-02
   3.5133228e-02
   2.5667449e-02
   3.4101896e-02
   3.8519535e-02
   4.6897434e-02
   4.7210939e-02
   2.9261325e-02
   1.1899846e-02
   2.5707699e-02
   3.5030521e-02
   3.0808795e-02
   1.7715642e-02
   2.0481035e-02
   2.0714166e-02
   4.3401834e-02
   4.2150252e-02
   2.3685994e-02
   8.7806871e-03
   2.0947864e-02
   3.2851357e-02
   4.0644791e-02
   2.5609735e-02
   2.1278929e-02
   2.4541907e-02
   2.9472135e-02
   1.8175721e-02
   2.9461630e-02
   3.3948299e-02
   1.1612651e-02
   2.6967023e-02
   5.4407336e-02
   4.7644340e-02
   2.7341736e-02
   2.8960921e-02
  -5.8702636e-03
   5.6485920e-03
   8.7896027e-03
   1.3403962e-02
   2.1754034e-02
   1.5230005e-02
   2.9522246e-02
   3.2375485e-02
   4.0646169e-02
   3.7807245e-02
   2.7209044e-02
   2.5271909e-02
   3.1520568e-02
   3.6368992e-02
   3.4734953e-02
   3.2961126e-02
   3.2411058e-02
   4.3479957e-02
   3.4640815e-02
   3.0928621e-02
   4.0422335e-02
   3.0619483e-02
   2.0664912e-02
   5.2259181e-02
   5.1948834e-02
   1.9607766e-02
   3.6006700e-02
   3.9212000e-02
   3.9991532e-02
   2.9885730e-02
   1.4133234e-02
   4.7542234e-03
   3.3349246e-02
   6.7020126e-02
   4.2998236e-02
   5.2188087e-02
   4.4800378e-02
   3.0975550e-02
   5.7004891e-02
   4.1003346e-02
   4.2041007e-02
   3.4510065e-02
   2.9422536e-02
   3.0012067e-02
   3.5881322e-02
   2.2864120e-02
   2.4166653e-02
   3.0906821e-02
   4.8849925e-02
   9.4202146e-02
   8.4933035e-02
   3.1087784e-02
   6.7397086e-03
   5.1888619e-02
   9.6577190e-02
   1.2340079e-01
   6.5988801e-02
   5.9747260e-02
   3.7493311e-02
   4.4698149e-02
   2.9479291e-02
   2.0750005e-02
   2.9301556e-02
   1.3836905e-02
   2.8231440e-02
   2.1880630e-02
   5.4109853e-02
   5.3868655e-02
   3.9817866e-02
   3.4376957e-02
   4.1572519e-02
   4.0304735e-02
   3.8416538e-02
   4.1905429e-02
   5.9147332e-02
   6.0198348e-02
   7.2453357e-02
   4.8639618e-02
   3.9748479e-02
   3.0771740e-02
   2.7539779e-02
   2.9360507e-02
   4.3439198e-02
   2.2195917e-02
   3.5300441e-02
   4.5186896e-02
   7.4212980e-03
   8.0688042e-04
   1.7103696e-02
   1.6920347e-02
   2.0512016e-02
   3.4889303e-02
   4.9328122e-02
   3.1278517e-02
   1.0908013e-02
   2.8238533e-02
   2.9071201e-02
   3.6210559e-02
   3.3466302e-02
   1.6548311e-02
   1.3049671e-02
   2.3715023e-02
   4.9739778e-02
   4.1811481e-02
   4.8764035e-02
   4.7303088e-02
   3.4703672e-02
   3.1778213e-02
   4.8225973e-02
   7.0631012e-02
   5.1437911e-02
   4.0964924e-02
   3.5298564e-02
   5.4324724e-02
   5.1795591e-02
   3.6968965e-02
   1.8527318e-02
   1.9106314e-02
   3.7761655e-02
   2.8024690e-02
   3.9360773e-02
   4.4132914e-02
   2.1823574e-02
   1.3780617e-02
   3.2912932e-02
   2.8849607e-02
   3.4028020e-02
   5.0571129e-02
   3.2773592e-02
   3.7235852e-02
   3.7136044e-02
   2.3612671e-02
   2.0126669e-02
   3.9095230e-02
   4.1987360e-02
   2.7711336e-02
   1.4647660e-02
  -1.9176881e-03
   5.5101011e-03
   2.6187699e-02
   3.8079340e-02
   2.7228869e-02
   1.2765913e-02
   1.8608915e-02
   4.5625187e-02
   1.5991086e-02
   1.3089214e-03
   2.3426230e-03
   1.6081840e-02
   2.4798201e-02
   4.5739952e-02
   3.1230180e-02
   4.9475078e-02
   3.0131107e-02
   2.7833508e-02
   2.7622357e-02
   3.1920053e-02
   2.3962332e-02
   2.5940305e-02
   3.0284893e-02
   3.7288945e-03
   6.8604997e-03
   5.1660541e-02
   3.1483784e-02
   3.1907495e-02
   4.9789794e-02
   4.1340318e-02
   4.4746920e-02
   4.9469054e-02
   3.4681730e-02
   2.7967807e-02
   3.0548632e-02
   3.7946709e-02
   3.6287025e-02
   4.4584114e-02
   3.9778907e-02
   3.8991667e-02
   4.9978182e-02
   2.8722944e-02
   2.8281538e-02
   4.1606564e-02
   2.9967126e-02
   5.7238735e-02
   7.6962419e-02
   4.7095016e-02
   3.3379521e-02
   3.4424465e-02
   2.3409870e-02
   1.1647418e-02
   1.2901191e-02
   3.8550697e-02
   2.7419938e-02
   3.6479020e-03
   2.9763214e-02
   2.0549126e-02
   2.7291950e-02
   3.3352908e-02
   1.8296421e-02
   3.9276719e-02
   5.2335985e-02
   4.6143923e-02
   2.9973796e-02
   7.5024315e-03
   1.9931784e-02
   7.1607471e-02
   4.6146680e-02
   2.1336392e-02
   2.5893278e-02
   1.8280683e-02
   2.6972724e-02
   3.5781257e-02
   2.9361909e-02
   3.8713902e-02
   2.3646517e-02
   2.7524266e-02
   2.8199997e-02
   5.1979620e-02
   5.5408053e-02
   3.5140134e-02
   3.6661014e-02
   3.5800707e-02
   4.9981438e-02
   8.3029665e-02
   1.2934551e-01
   1.2232774e-01
   6.3304685e-02
   5.1072821e-02
   5.0408248e-02
   5.1494602e-02
   4.8932683e-02
   7.4810438e-02
   3.3049066e-02
   4.2686898e-02
   3.0768737e-02
   4.1797694e-02
   4.8359923e-02
   3.5772327e-02
   3.4376476e-02
   2.3533830e-02
   3.3843797e-02
   6.1787061e-02
   4.1532099e-02
   3.0206446e-02
   3.3142436e-02
   1.8443108e-02
   3.9011911e-02
   3.4675959e-02
   2.6248291e-02
   1.9864503e-02
   7.0503685e-03
   8.6063575e-03
   2.1440146e-02
   3.4201037e-02
   4.7404476e-02
   5.1484831e-02
   2.6382454e-02
   5.0650340e-02
   4.0151000e-02
   1.1275969e-02
   2.1523140e-02
   2.6607865e-02
   5.5080947e-02
   5.1406421e-02
   1.5664604e-02
   5.6308238e-03
   2.1832548e-02
   2.5118917e-02
   3.2097232e-02
   4.7997996e-02
   4.1814677e-02
   3.0950543e-02
   2.8176947e-02
   3.0044220e-02
   3.2263409e-02
   3.9507806e-02
   4.0244263e-02
   1.2269911e-02
   2.5519041e-02
   3.0014731e-02
   3.5099801e-02
   4.7095835e-02
   4.5564264e-02
   2.3871448e-02
   1.8944396e-02
   2.4388807e-02
   2.7377682e-02
   5.0649326e-02
   4.3938380e-02
   2.6176473e-02
   3.4532420e-02
   3.9262984e-02
   3.8819809e-02
   3.2383949e-02
   1.1999968e-02
   3.3973966e-02
   3.4177165e-02
   5.6974534e-03
   1.5905827e-02
   2.4024835e-02
   3.6380220e-02
   3.3204958e-02
   4.3288484e-02
   5.6072842e-02
   6.3811608e-02
   8.4335171e-02
   5.3166755e-02
   2.5135219e-02
   2.9612822e-02
   2.5341297e-02
   3.0759597e-02
   4.5250211e-02
   4.3066155e-02
   5.5869725e-02
   3.3218551e-02
   3.2521576e-02
   1.6866617e-02
   1.3342425e-02
   2.9049305e-02
   2.4921035e-02
   2.9477041e-02
   3.1766511e-02
   3.3694182e-02
   4.1457247e-02
   1.0403080e-02
   2.5739172e-02
   1.7068572e-02
   2.3341957e-02
   3.4733482e-02
   2.7184710e-02
   2.6326368e-02
   3.5689320e-02
   4.9726345e-02
   1.8280208e-02
   1.6756216e-02
   2.8440200e-02
   4.2447641e-02
   4.8607077e-02
   2.0182434e-02
   5.4768333e-03
   1.4602891e-02
   6.0896959e-02
   6.9027767e-02
   3.7343662e-02
   1.3283176e-02
   2.0730961e-02
   1.0765213e-01
   1.6045590e-01
   9.8964073e-02
   5.6835320e-02
   3.1415682e-02
   2.6965799e-02
   3.2070860e-02
   4.3954685e-02
   3.9737698e-02
   4.2076319e-02
   4.6340689e-02
   2.2987014e-02
   3.5435531e-02
   2.6539955e-02
   1.7700283e-02
   1.5759109e-02
   1.2656358e-02
   3.0749861e-02
   4.3438166e-02
   2.9438138e-02
   3.3582352e-02
   5.5522174e-02
   6.3460864e-02
   7.8967787e-02
   1.3024494e-01
   6.7833893e-02
   3.6816861e-02
   3.9822482e-02
   1.3425143e-02
   1.6419195e-02
   3.7583947e-02
   8.4307507e-02
   9.5825307e-02
   5.6125224e-02
   5.3591836e-02
   8.2694059e-03
   1.4488475e-02
   7.0923589e-02
   5.8711004e-02
   2.7549608e-02
   2.1843007e-02
   1.1144308e-02
  -6.2420759e-03
  -6.1481986e-03
   1.8358834e-02
   4.8582733e-02
   2.7139751e-02
   3.2061525e-03
   1.3154145e-02
   4.0563259e-02
   1.2099709e-01
   2.2278182e-01
   1.7921738e-01
   7.7935591e-02
   4.8636768e-02
   5.7036791e-02
   4.6605710e-02
   5.0932087e-02
   1.4706135e-01
   6.0124886e-01
   7.3527861e-01
   3.8487786e-01
   2.0875016e-01
   1.7495637e-01
   1.6215959e+00
   5.1800442e+00
   4.8906126e+00
   1.9800259e+00
   4.7795197e-01
   2.0657438e-01
   2.6742634e-01
   4.2563498e-01
   9.5276284e-01
   1.0843816e+00
   5.9271449e-01
   1.8769930e-01
   7.2918154e-02
   1.0560052e-01
   1.9662094e-01
   2.9156697e-01
   3.1560025e-01
   1.9649199e-01
   1.1104335e-01
   7.9692967e-02
   9.1016851e-02
   8.9250505e-02
   1.1869109e-01
   1.7101800e-01
   2.5389814e-01
   1.5663491e-01
   2.4968853e-02
   3.6011688e-02
   5.4846287e-02
   4.6987984e-02
   1.6464286e-02
   2.8799025e-02
   3.2295961e-02
   7.7961333e-02
   1.1064532e-01
   6.8278462e-02
   1.7489200e-02
   1.6448749e-02
   2.9937033e-02
  -1.8450142e-03
   1.2330809e-02
   3.6079124e-02
   6.4470291e-02
   5.5365279e-02
   9.7001642e-03
  -1.1882328e-02
   5.4203633e-02
   2.0071551e-01
   1.9701156e-01
   6.8439722e-02
   6.0664658e-02
   2.4231860e-01
   4.2297831e-01
   2.5110596e-01
   1.0495966e-01
   1.9815017e-01
   2.6162952e-01
   1.5938959e-01
   7.6204747e-02
   9.0551786e-02
   2.7734685e-01
   1.3127751e+00
   1.5183210e+00
   7.0110470e-01
   1.8611273e-01
   4.0582962e-02
   2.9210793e-02
   5.9304032e-02
   2.0489982e-01
   3.1429645e-01
   2.1680644e-01
   6.0791411e-02
  -5.2760560e-03
   3.8328301e-02
   8.7700687e-02
   7.5574353e-02
   4.8849832e-02
   2.1990959e-02
   6.5900506e-03
   3.4803662e-02
   4.4818144e-02
   4.8381202e-02
   3.2888331e-02
   6.8375349e-02
   9.7171016e-02
   5.0913267e-02
   3.5339493e-02
   1.6387839e-02
   4.3604825e-02
   3.0413585e-02
   3.2866567e-02
   1.3517292e-02
   3.0124492e-03
   2.0429397e-02
   2.9703658e-02
   2.2709753e-02
  -6.9757825e-04
   1.0230157e-03
   5.1998212e-03
   2.1892890e-02
   4.5000669e-02
   2.9897571e-02
   3.1977572e-02
   1.7078249e-02
   7.5139513e-05
   9.8426417e-03
   6.1688013e-02
   1.0174284e-01
   6.5596305e-02
   2.3994494e-02
   4.6953965e-02
   1.0787981e-01
   9.5619105e-02
   4.6919525e-02
   1.3909212e-01
   3.4275678e-01
   3.3139110e-01
   1.3947669e-01
   4.6303056e-02
   2.9995865e-01
   1.3349018e+00
   1.8429172e+00
   9.8225182e-01
   2.9153818e-01
   5.8406070e-02
   1.0683257e-01
   2.0006755e-01
   3.3696717e-01
   3.8858697e-01
   2.5589812e-01
   8.5004672e-02
   2.4027487e-02
   6.2823826e-03
   2.9228332e-02
   5.9027951e-02
   1.0318727e-01
   1.0327260e-01
   4.1070372e-02
   1.6421612e-02
   2.3209009e-02
   3.3656947e-02
   2.3649879e-02
   2.7654655e-02
   5.8548745e-02
   2.9786065e-02
   1.3917030e-02
   2.2523113e-02
   3.3924598e-02
   3.0054746e-02
   4.9558412e-02
   2.8152701e-02
   2.5137670e-02
   3.9620552e-02
   4.2759571e-02
   3.1770755e-02
   3.2080282e-03
   2.4534738e-02
   1.8642755e-02
   1.7466348e-02
   5.4573100e-02
   6.9148988e-02
   6.5031260e-02
   2.9525716e-02
   3.3941612e-02
   7.8761630e-02
   9.4172180e-02
   1.1096271e-01
   6.1712135e-02
   2.1636721e-02
   4.4289488e-02
   7.8414991e-02
   1.0001963e-01
   5.4986443e-02
   8.9401782e-02
   1.5944435e-01
   1.1389864e-01
   7.3641762e-02
   5.2375104e-02
   1.5806206e-01
   5.1356763e-01
   5.9266800e-01
   2.8543463e-01
   1.1109574e-01
   4.9390994e-02
   5.0302889e-02
   6.1487935e-02
   1.1779711e-01
   1.4164965e-01
   9.4531804e-02
   3.9531663e-02
   5.9575592e-03
   2.9767057e-02
   4.2307723e-02
   5.6300212e-02
   4.5180388e-02
   1.9942757e-02
  -1.8094098e-02
  -6.6233673e-03
   5.9878528e-03
   3.5463713e-02
   5.7360087e-02
   4.1020367e-02
   3.5184450e-02
   2.1710707e-02
   1.6773837e-02
   3.1706199e-02
   3.9557073e-02
   2.9184598e-02
   1.5157985e-02
   3.5505265e-02
   1.6962470e-02
   2.1531994e-02
   2.3531381e-02
   4.1932099e-02
   2.6033539e-02
   2.6445026e-02
   3.0951392e-02
   2.6331345e-02
   3.7110686e-02
   2.4413137e-02
   2.0745931e-02
   1.3476356e-03
   2.3197638e-02
   3.4383107e-02
   3.1804472e-02
   1.7777048e-02
   1.2244490e-02
   1.2006789e-02
   2.4869971e-02
   3.8406979e-02
   2.7550025e-02
   3.3401333e-02
   6.7136541e-02
   5.0632447e-02
   4.0429447e-02
   6.7185857e-03
   6.0887966e-02
   2.0225668e-01
   2.5038290e-01
   1.4714153e-01
   5.2473549e-02
   4.8599873e-02
   6.5818027e-02
   8.6277641e-02
   1.0011128e-01
   4.5679763e-02
   2.4019124e-02
   1.1163305e-02
  -1.1910699e-02
   5.0455239e-03
   4.2942952e-02
   5.2878287e-02
   9.3599454e-02
   7.8676745e-02
   1.8932372e-02
   1.2478923e-02
   3.6803138e-02
   5.8262661e-02
   3.6658630e-02
   2.8209347e-02
   1.4005155e-02
   4.2349692e-02
   1.3646024e-01
   1.2106284e-01
   6.8341903e-02
   3.3773847e-02
   1.6365560e-02
   3.8022365e-02
   5.4551899e-02
   4.9037471e-02
   3.4507256e-02
   2.7608510e-02
   3.7211880e-02
   3.2381538e-02
   1.1122819e-02
   1.1665044e-02
   2.2973388e-02
   1.9424008e-02
   2.2103766e-02
   2.0761315e-02
   3.2436384e-03
   2.0702284e-02
   1.9254837e-02
   1.8196801e-02
   2.7633725e-02
   3.1534914e-02
   3.3583790e-02
   1.4037834e-02
   5.0223991e-03
   1.5181572e-02
   3.8969055e-02
   2.6917787e-02
  -6.1555780e-03
   5.4084891e-03
   4.6561196e-02
   1.2231585e-01
   1.1548020e-01
   5.2882500e-02
   3.2742448e-02
   2.0376703e-02
   1.4530133e-02
   2.5623519e-02
   2.4785671e-02
   3.6852170e-02
   3.8559552e-02
   3.7875116e-02
   4.6732575e-02
   2.7099341e-02
   2.0420820e-02
   2.2869226e-02
   3.7334338e-02
   2.2496391e-02
   2.0267429e-02
   4.2463820e-02
   3.0141558e-02
   3.3540566e-02
   4.4796538e-02
   2.2039933e-02
   5.8956775e-03
   4.8100892e-02
   5.0179321e-02
   4.4225868e-02
   4.1074056e-02
   3.6693323e-02
   4.4599321e-02
   2.3784544e-02
   3.2192580e-02
   2.8967477e-02
   3.5781220e-02
   1.8018778e-02
   2.8865909e-02
   3.2558300e-02
   4.4361349e-02
   5.3962909e-02
   3.9251998e-02
   1.2609848e-03
   4.0941242e-02
   6.2920973e-02
   6.9839180e-02
   4.8277169e-02
   3.6813527e-02
   5.2669954e-02
   1.2089583e-01
   1.2540075e-01
   1.0982437e-01
   5.8618754e-02
   9.9633038e-02
   1.2803540e-01
   1.4335398e-01
   1.2782566e-01
   9.5325306e-02
   1.7857148e-01
   2.4566169e-01
   1.8068515e-01
   1.0545862e-01
   7.8903027e-02
   2.3771805e-01
   3.4729728e-01
   2.3334944e-01
   1.3977514e-01
   1.0939960e-01
   4.8729694e-01
   9.7791517e-01
   7.3830199e-01
   2.4591593e-01
   9.9550314e-02
   3.7735420e-01
   5.9289730e-01
   4.7069237e-01
   2.7583241e-01
   1.5260419e-01
   1.5715872e-01
   1.9087766e-01
   1.1547551e-01
   9.1788314e-02
   1.0186782e-01
   1.4538057e-01
   1.1876732e-01
   2.7929291e-02
   4.1220073e-02
   5.5960760e-02
   3.4291964e-02
   9.4714230e-03
  -1.4646657e-02
  -1.4645741e-02
   1.0355988e-02
   5.2420977e-03
   6.5325820e-03
  -1.4680570e-05
   8.5395593e-03
   1.3661256e-06
   3.4317151e-03
   1.4418720e-02
   1.3605445e-02
   3.2130651e-02
   1.2963223e-02
   3.0365096e-02
   1.5545370e-02
   1.3731267e-02
   4.8197050e-02
   6.5845184e-02
   5.5575810e-02
   4.6971604e-02
   5.3304423e-02
   7.8868531e-02
   1.2828670e-01
   6.4505838e-02
   4.1910108e-02
   8.7476812e-02
   8.0986984e-02
   4.8654191e-02
   4.0734611e-02
   6.8112500e-02
   1.4249830e-01
   1.1951985e-01
   6.9944948e-02
   5.6914289e-02
   1.9823520e-01
   4.0611479e-01
   3.7342981e-01
   1.6353807e-01
   5.0188318e-02
   1.0162188e-01
   1.8119287e-01
   1.6533084e-01
   1.4513780e-01
   8.9573890e-02
   1.1558178e-01
   1.0402707e-01
   6.3025601e-02
   4.4106625e-02
   5.7005841e-02
   1.0669050e-01
   8.4856100e-02
   4.1449517e-02
   6.7165433e-03
   1.3038269e-03
   2.1009769e-03
   5.6722709e-03
   9.3492484e-03
   2.6697742e-02
   2.7140316e-02
   4.3874931e-02
   2.4011329e-02
   1.4292678e-02
   2.1372061e-02
   1.2016393e-02
   1.8536439e-02
   2.5461376e-02
   1.3179934e-02
   3.3593997e-02
   3.9768886e-02
   2.2074345e-02
   2.5030321e-02
   2.3077864e-02
   2.8442023e-02
   4.1524373e-02
   6.0052171e-02
   1.4108689e-02
   1.6263537e-02
   3.9164718e-02
   9.5499739e-02
   7.6162629e-02
   5.2972842e-02
   5.1922768e-02
   8.0775008e-02
   2.0720012e-01
   4.1351125e-01
   3.1081200e-01
   1.5070918e-01
   1.1277881e-01
   9.1243915e-02
   1.1286750e-01
   2.5143597e-01
   3.3828443e-01
   1.9024491e-01
   5.9103291e-02
   5.8295857e-02
   1.4081757e-01
   1.7080863e-01
   1.3713121e-01
   9.5914111e-02
   4.2053081e-02
   5.6982085e-02
   5.5252597e-02
   3.7568063e-02
   1.9318229e-02
   2.2969306e-02
   3.7994701e-02
   2.2606902e-02
   1.6322827e-02
   6.5602809e-03
   5.1526390e-03
   2.8355181e-02
   3.3801064e-02
   1.1333484e-02
   1.7301651e-02
   3.0715115e-02
   1.2543256e-02
   1.8106805e-02
   1.8464189e-02
  -1.9807674e-03
   7.7775433e-03
   1.9414328e-02
   3.6287382e-02
   3.5186198e-02
   1.5011218e-02
   1.0103486e-02
   9.1376062e-03
   1.3571943e-02
   2.3117272e-02
   3.6641985e-02
   2.5486486e-02
   1.3907093e-02
   3.1879861e-02
   3.8119931e-02
   3.7111089e-02
   2.8902253e-02
   2.1763124e-02
   2.4310684e-02
   2.4844151e-02
   2.5622949e-02
   7.6718830e-02
   1.1086760e-01
   8.5837707e-02
   5.1969744e-02
   4.3516960e-02
   5.7989206e-02
   9.5711954e-02
   1.3756076e-01
   1.1518043e-01
   5.0482567e-02
   1.2468841e-02
   3.8583718e-02
   5.4955665e-02
   3.2404840e-02
   3.9274100e-02
   2.2427641e-02
   2.3484239e-02
   5.5876791e-02
   6.0351841e-02
   3.8903266e-02
   4.5761343e-02
   4.0609282e-02
   3.6586493e-02
   3.0500244e-02
   1.5001635e-02
   2.5328735e-02
   3.3104889e-02
   1.0830446e-02
   1.2452554e-02
   3.4672800e-02
   3.6548346e-02
   2.8242135e-02
   1.9567087e-02
   1.4954966e-02
   3.8466144e-03
   1.3288224e-02
   1.8844269e-02
   2.5456639e-02
   2.5453404e-02
   1.2905236e-02
   1.5911533e-02
   1.2926601e-02
   1.9786924e-02
   2.0786140e-02
   1.6719697e-02
   2.1086007e-02
   1.7458348e-02
   2.9391317e-02
   3.2901436e-02
   2.3314077e-02
   1.7335633e-02
   1.8782636e-02
   3.5960704e-02
   6.2111381e-02
   4.9739823e-02
   5.9244577e-02
   5.7164066e-02
   1.4714200e-02
   2.1580167e-02
   3.3720165e-02
   4.6350598e-02
   4.0981773e-02
   5.1918671e-02
   4.6673678e-02
   6.1934300e-02
   4.0213890e-02
   5.5135883e-02
   5.7270482e-02
   3.6482647e-02
   2.4376800e-02
   2.4126904e-02
   2.4618799e-02
   2.4358122e-02
   3.2843348e-02
   2.6357442e-02
   1.8365879e-02
   1.4209550e-02
   1.2481250e-02
   1.8865895e-02
   1.7682033e-02
   1.7476832e-02
   2.7448334e-02
   3.3947650e-02
   1.1595198e-02
   1.7301116e-02
   3.0613363e-02
   2.6704654e-02
   1.9703452e-02
   3.0506337e-02
   3.0087288e-02
   2.6233280e-02
   3.9260145e-02
   6.5211020e-02
   2.9937260e-02
   4.5787003e-03
   4.8335334e-03
   9.2345364e-03
   3.7354287e-02
   3.2769680e-02
   1.0706313e-02
   2.0878438e-02
   1.9620337e-02
   2.0169625e-02
   7.4678008e-03
   1.3352593e-02
   3.2340076e-02
   3.6513779e-02
   3.0563705e-02
   2.1910740e-02
   4.4595912e-02
   2.7173551e-02
   1.4704041e-02
   1.6774151e-02
   2.4533210e-02
   2.3270853e-02
   3.2601487e-02
   3.4304764e-02
   2.7544808e-02
   2.2570293e-02
   2.3014853e-02
   5.2318480e-02
   5.4908052e-02
   3.7115455e-02
   3.0571038e-02
   2.9682383e-02
   2.7348226e-02
   2.3479421e-02
   4.4854093e-02
   4.4874489e-02
   5.6021925e-02
   3.4970332e-02
   2.1818731e-02
   3.9216757e-02
   2.5821155e-02
   1.0430408e-02
   2.0411436e-02
   4.3731168e-02
   2.2395523e-02
   2.0066621e-02
   2.8906293e-02
   2.3433052e-02
  -1.8433055e-03
   1.9941358e-02
   1.7843014e-02
   1.2176320e-02
   1.1761450e-02
   1.9363341e-03
   2.3857301e-02
   1.2785004e-02
   2.0910168e-02
   1.9737950e-02
   1.2354469e-02
   2.2757743e-02
   1.9017564e-02
   2.5714157e-02
   2.2498874e-02
   1.4155908e-02
   2.1459538e-02
   2.6397273e-02
   2.6887320e-02
   1.2418631e-02
   2.0137876e-02
   1.1421598e-02
   3.9709300e-02
   2.5304964e-02
  -8.9114876e-03
  -5.6498626e-04
   7.4915583e-03
   1.7179282e-02
   4.4359256e-02
   3.4038622e-02
   3.4158457e-02
   2.1650724e-02
   1.9646559e-02
   2.1807037e-02
   3.7149929e-02
   1.7632626e-02
   1.7509121e-02
   9.3052657e-03
   1.0892995e-02
   5.8378133e-05
   1.2631992e-02
   2.4237463e-02
   1.4829565e-02
   1.0847346e-02
   1.4825478e-02
   1.8663581e-02
   2.2280276e-02
  -1.5742584e-03
   1.2118841e-02
   2.4704870e-02
   2.5837533e-02
   4.2327456e-02
   4.4572733e-02
   3.5253860e-02
   1.5569138e-02
   3.6941998e-02
   3.8652107e-02
   3.5408188e-02
   2.2075260e-02
   1.1292557e-02
   2.0083467e-02
   3.8596738e-02
   3.4957446e-02
   2.2816794e-02
   1.0333326e-02
   7.9797246e-03
   1.5462125e-03
   1.1806195e-02
  -2.9046723e-04
   1.9076793e-02
   3.0306812e-02
   2.5314497e-02
   5.5194721e-02
   3.2858003e-02
   2.6032109e-02
   2.0265181e-02
   1.4019032e-02
   4.8835643e-02
   4.7938768e-02
   2.0157855e-02
   1.9185174e-02
   8.3584271e-02
   2.1318538e-01
   1.8412441e-01
   7.6019488e-02
   4.9927518e-02
   7.7989496e-02
   8.3759777e-02
   9.2114575e-02
   8.9890994e-02
   5.1753152e-02
   3.4038823e-02
   4.4724751e-02
   4.9674451e-02
   4.3266550e-02
   2.3809297e-02
   2.7088655e-02
   1.8166436e-02
   2.4694012e-02
   2.3156920e-02
   1.6548971e-02
   9.1295587e-03
   5.6060702e-03
   2.2676745e-02
   1.5126201e-02
   2.6787816e-02
   2.6521618e-02
   1.8323785e-02
   3.2959789e-02
   2.1361779e-02
   1.2803609e-02
   1.7976606e-02
   3.3713136e-02
   3.3198826e-02
   2.3523211e-02
   3.1296238e-02
   3.0815823e-02
   2.4000576e-02
   2.0363230e-02
   1.5771214e-02
   6.3714543e-03
   1.8033376e-02
   1.3670422e-02
   1.2887838e-02
   1.8519843e-02
   2.4680296e-02
   4.6430018e-02
   3.2022458e-02
   1.5057747e-02
   2.8021941e-03
   1.9884471e-02
   1.1936407e-02
   9.9226162e-03
   2.5252463e-02
   4.8579600e-02
   7.1699761e-02
   6.3640818e-02
   2.6193958e-02
   3.9238825e-02
   4.4715419e-02
   3.9484490e-02
   2.9429380e-02
   4.1733257e-02
   3.3548016e-02
   1.3320561e-02
   1.1143161e-02
   2.0231768e-02
   3.1223748e-02
   1.4669567e-02
   2.2069363e-02
   2.5673380e-02
   3.6290690e-02
   2.8685344e-02
   3.8144708e-02
   1.9251114e-02
   2.0057654e-02
   3.6670912e-02
   9.8390514e-03
   2.9582037e-02
   4.3170068e-02
   3.8705844e-02
   2.2656735e-02
   1.4381059e-02
   3.4489330e-02
   2.8248634e-02
   2.4439888e-02
   2.5713649e-02
   1.3303785e-02
   1.0825069e-02
   1.0872702e-02
   1.2507003e-02
   2.4784964e-02
   1.5977165e-02
   3.6121301e-02
   3.6572825e-02
   3.4702603e-02
   3.5571158e-02
   4.0070895e-02
   3.0441046e-02
   1.8228322e-02
   3.6234584e-02
   2.0558342e-02
   1.6344622e-02
   2.6301870e-02
   3.1030791e-02
   3.5146315e-02
   3.0304661e-02
   3.1154783e-02
   2.7896404e-02
   2.7630059e-02
   2.9893091e-02
   4.7024507e-02
   3.2247670e-02
   1.3522665e-02
   1.6526571e-02
   2.2630438e-02
   6.4949240e-03
   6.7406744e-03
   1.4234504e-02
   4.8816609e-03
   9.1869337e-03
   1.1754397e-02
   8.3724959e-03
   1.1554928e-02
   1.7199857e-02
   2.3200015e-02
   2.2718150e-02
   1.2764514e-02
   2.7443226e-02
   3.8551938e-02
   3.3689409e-02
   3.2245055e-02
   2.2130102e-02
   4.6587996e-03
   9.2597762e-03
   2.9746924e-02
   3.6448289e-02
   2.2908524e-02
   1.4865573e-02
   1.5422100e-02
   2.7965877e-02
   3.6587808e-02
   3.0480988e-02
   1.5745619e-02
   3.0361762e-02
   3.5253223e-02
   2.5651349e-02
   1.3559135e-02
   1.3986344e-02
   1.2114830e-02
   2.1098560e-02
   1.2638056e-02
   2.1579683e-02
   6.2963245e-03
   6.4507411e-03
   1.9548303e-02
   2.0016821e-02
   2.7952528e-02
   2.4814479e-02
   2.5167136e-02
   3.4236863e-02
   1.4509768e-02
   1.2988899e-02
   2.9197523e-02
   4.0814895e-02
   2.8513337e-02
   1.5194224e-02
   1.9764356e-02
   2.5982024e-02
   3.3099394e-02
   2.7196402e-02
   2.7385266e-02
   2.1211099e-02
   1.2388525e-02
   3.0725810e-03
   2.2477465e-02
   1.4902535e-02
   2.5712263e-02
   2.3805082e-02
   3.2356188e-02
   5.0290409e-02
   4.2926654e-02
   1.5114122e-02
   1.1424753e-02
   2.9438831e-02
   2.7087580e-02
   8.1166904e-03
   2.0509070e-02
   9.8591289e-03
   1.9193335e-02
   2.8801301e-02
   3.8253207e-02
   3.1102585e-02
   2.7587606e-02
   4.6705816e-02
   4.2634192e-03
  -9.8579028e-04
   1.7412279e-02
   1.5892025e-02
   2.1168005e-02
   3.7890941e-02
   3.3205807e-02
   2.9647652e-02
   2.7392566e-02
   3.1453155e-02
   2.3131013e-02
   2.8127952e-02
   3.6321037e-02
   2.8878052e-02
   2.7533621e-02
   3.4535639e-02
   1.1846430e-02
   1.3909382e-02
   3.2031317e-03
   2.2168595e-02
   1.7985374e-02
   2.6818965e-02
   2.8263457e-02
   1.1678715e-02
   6.7331013e-03
   1.4947168e-02
   1.8896788e-02
   1.0634985e-02
   2.1122307e-02
   2.9753404e-02
   2.0692576e-02
   2.1826787e-02
   3.3872899e-02
   3.2767609e-02
   3.0765902e-02
   2.6452444e-02
   1.5017711e-02
   1.0073631e-02
   1.3639847e-02
   2.5587579e-02
   4.3377955e-02
   3.2658409e-02
   3.9526924e-02
   3.0541578e-02
   1.7731311e-02
   3.7895732e-02
   3.1907864e-02
   3.3733431e-02
   3.5613444e-02
   2.2159167e-02
   2.0445926e-02
   5.0206622e-03
   5.3196652e-03
   2.2946967e-02
   1.9907137e-02
   2.2638844e-02
   2.2486471e-02
   3.9002754e-02
   3.0498259e-02
   3.0912181e-02
   1.6906027e-02
   8.5713249e-03
   9.5897615e-03
   3.3076473e-02
   3.9524868e-02
   2.9573996e-02
   3.0143131e-02
   2.7829045e-02
   2.2066519e-02
   2.6085900e-02
   1.6214967e-02
   2.4187112e-02
   2.4234977e-02
   2.5611239e-02
   1.7229527e-02
   3.6518291e-02
   2.9631929e-02
   2.2231737e-02
   2.2351950e-02
   2.8498935e-02
   2.1558711e-02
   4.3728322e-02
   2.5808638e-02
   1.3315824e-02
   3.0500241e-02
   4.1930418e-02
   3.6654241e-02
   2.1400752e-02
   7.1215476e-03
   1.0269626e-02
   1.9268116e-02
   3.2958530e-02
   3.7239335e-02
   2.2236826e-02
   1.5822269e-02
   2.5405614e-02
   2.9445475e-02
   2.5080109e-02
   1.5891934e-02
   3.0394895e-02
   3.3301167e-02
   2.4806956e-02
   2.7570957e-02
   3.4405496e-02
   2.9253077e-02
   1.3431953e-02
   1.9839734e-02
   3.0294621e-02
   1.6915180e-02
   2.0148242e-02
   3.2938574e-02
   2.4473200e-02
   2.5765423e-02
   1.5006882e-02
   1.0983570e-02
   1.8800186e-02
   2.7137639e-02
   1.0954127e-02
   2.4560636e-02
   1.4265503e-02
   3.2056171e-02
   3.5062782e-02
   2.1756375e-02
   3.4926953e-03
   1.4430569e-02
   1.3099387e-02
   2.3804184e-02
   2.8263545e-02
   2.4262557e-02
   1.5482832e-02
   2.4657667e-02
   2.5312340e-02
   2.5171578e-02
   2.9967269e-02
   2.3439739e-02
   2.0958114e-02
   4.0519819e-02
   1.2947519e-02
   8.8316174e-03
   1.9590143e-02
   1.2825350e-02
   7.5490237e-03
   2.1316603e-02
   1.9183040e-02
   2.1432513e-02
   6.1927908e-03
   1.2978122e-02
   2.1043800e-02
   1.6245427e-02
   9.7899102e-03
   3.2157406e-02
   2.7523423e-02
   2.7935840e-02
   2.5271710e-02
   1.1052807e-02
  -3.0712804e-03
   2.4119696e-02
   3.4678008e-02
   4.2713620e-02
   5.2964617e-02
   5.0954662e-02
   4.5995623e-02
   2.4096219e-02
   2.7718733e-03
   2.3351096e-02
   4.0311880e-02
   2.1758627e-02
   3.7092678e-02
   4.4305857e-02
   2.1976532e-02
   3.8277611e-02
   4.6669427e-02
   4.7707953e-02
   2.9986890e-02
   1.7791629e-02
   2.2842498e-02
   2.5571570e-02
   2.0958809e-02
   1.6159112e-02
   1.2814082e-02
   7.3645208e-03
   1.5833197e-02
   2.5190311e-02
   2.1694366e-02
   1.8009024e-02
   2.3532592e-02
   3.0335719e-02
   1.1230486e-02
   2.2903180e-02
   3.3444859e-02
   2.2136725e-02
   1.2753234e-02
   2.7326595e-02
   3.3799883e-02
   4.1079823e-02
   2.4771936e-02
   2.4958523e-02
   3.0662317e-02
   2.5745276e-02
   2.7983740e-02
   4.1338880e-02
   4.2879190e-02
   3.5681218e-02
   3.8761172e-02
   1.3727020e-03
   2.5181103e-02
   1.4498341e-02
   5.9765689e-03
   3.9147846e-02
   9.4385207e-02
   1.6406801e-01
   1.6450818e-01
   7.8800067e-02
   2.9716671e-02
   2.3010530e-02
   1.8948337e-02
   5.7270713e-03
   1.8008621e-02
   2.2304753e-02
   2.6795510e-02
   3.0544430e-02
   2.1372532e-02
   3.8368527e-02
   2.0545574e-02
   1.2566974e-02
  -1.7633877e-03
  -4.7077294e-03
   1.5224320e-02
   2.2956189e-02
   2.1192839e-02
   3.7312437e-02
   2.7799482e-02
   1.8394768e-02
   2.7915310e-02
   2.2165606e-02
   1.9620404e-02
   4.2117938e-02
   2.9900491e-02
   3.5152204e-02
   2.6973169e-02
   2.5112769e-02
   2.7705310e-02
   1.3923124e-02
   1.5022761e-02
   2.2284376e-02
   9.4423229e-03
   1.8737085e-02
   3.1633165e-02
   3.1058893e-02
   1.5538065e-02
   1.6221566e-02
   2.8145442e-02
   9.6675679e-03
   1.2647831e-02
   2.3230501e-02
   3.5226576e-02
   1.9999661e-02
   1.7307434e-02
   3.5811234e-02
   3.8126025e-02
   1.9956583e-02
   2.2202514e-02
   1.2928694e-02
   1.4028788e-02
   2.4588302e-02
   2.7371146e-02
   1.1745960e-02
   3.0057335e-02
   3.8496893e-02
   4.9545351e-02
   2.7810726e-02
   1.4300318e-02
   1.7059591e-02
   2.7680999e-02
   3.7790321e-02
   1.2217145e-02
   2.7110076e-02
   3.5807930e-02
   3.5569970e-02
   2.0377975e-02
   3.4248620e-02
   3.7096515e-02
   2.1144638e-02
   9.6618179e-03
   2.5976265e-02
   2.4456894e-03
   1.5377630e-02
   2.1246070e-02
   1.8339772e-02
   1.5191514e-02
   2.5533933e-02
   2.5156615e-02
   5.5182055e-02
   3.5384204e-02
   2.7372746e-02
   2.4782376e-02
   2.4710324e-02
   1.5971260e-02
   1.0559640e-02
   2.0544114e-02
   3.3849809e-02
   2.7567938e-02
   2.5845241e-02
   2.1815857e-02
   3.2496188e-02
   2.2765005e-02
   2.7179062e-02
   5.9240587e-02
   6.3563429e-02
   3.4351725e-02
   2.2838581e-02
   1.4672048e-02
   1.8478101e-02
   8.4644174e-03
   2.6078630e-02
   7.9664895e-03
   1.9367101e-02
   2.5546882e-02
   2.7858004e-02
   4.0976323e-02
   3.1327628e-02
   2.3974312e-02
   1.4796886e-02
   1.9600539e-02
   1.1044762e-02
   9.1724377e-03
   1.9793410e-02
   1.2335736e-02
   1.8493759e-02
   1.5639799e-02
   1.3445860e-02
   7.9523800e-03
   8.2104718e-03
   2.3279779e-02
   4.0566288e-02
   3.1049784e-02
   1.4222519e-02
   3.3638585e-02
   2.0315122e-02
   1.8168494e-02
   6.7187785e-03
   1.5981073e-02
   2.6627906e-02
   3.6726814e-02
   4.3193091e-02
   2.0707391e-02
   2.1200867e-02
   1.7088873e-02
   1.1214251e-02
   3.4883281e-03
   1.3911378e-02
   3.1937514e-02
   3.8392965e-02
   1.9231075e-02
   2.6776990e-02
   3.8259968e-02
   1.7004089e-02
   1.0626627e-02
   1.1612849e-02
   1.8211251e-02
   1.2064006e-02
   2.4378452e-02
   1.8898377e-02
   1.1000097e-02
   2.0969423e-02
   2.0554038e-02
   2.5853524e-02
   1.8543156e-02
   2.6718251e-02
   2.6854871e-02
   2.5257733e-02
   3.6904532e-02
   2.9826740e-02
   2.5199605e-02
   3.3354282e-02
   2.1023018e-02
   1.4717707e-02
   1.7535221e-02
   2.0824762e-02
   2.4992853e-02
   1.9412594e-02
   2.6212052e-02
   2.5805462e-02
   2.5404690e-02
   1.1169269e-02
  -2.3446897e-04
   7.2045289e-03
   1.0892856e-02
   1.7189685e-02
   1.7170083e-02
   1.6670432e-02
   1.2407077e-02
   2.0176791e-02
   2.6095744e-02
   2.8649542e-02
   3.7130076e-02
   2.3527408e-02
   2.8549686e-02
   2.8038180e-02
   3.3171673e-03
   7.3828297e-03
   2.5645632e-02
   5.1379029e-02
   6.9842108e-02
   5.9916712e-02
   5.1191121e-02
   4.2397365e-02
   4.5679886e-02
   2.4904501e-02
   2.0094432e-02
   3.8903985e-02
   2.2532454e-02
   3.5328497e-03
   9.1538103e-03
   3.2016851e-02
   2.6954386e-02
   1.6108410e-02
   3.2518316e-02
   2.1055950e-02
   2.0512151e-02
   2.3695672e-02
   2.0437434e-02
   2.1477902e-02
   2.5137026e-02
   2.2249823e-02
   2.9621290e-02
   3.4111571e-02
   3.4927230e-02
   2.9795917e-02
   4.3803234e-02
   3.0135849e-02
   2.3943970e-02
   2.1733692e-02
   1.6778903e-02
   5.3535216e-03
   8.4637394e-03
   2.4528233e-02
   2.3845080e-02
   3.0468479e-02
   5.9463259e-02
   1.4476297e-02
   4.0205908e-03
   2.5282737e-02
   2.5121536e-02
   2.9767232e-02
   3.1056510e-02
   2.9225206e-02
   2.9880792e-02
   2.5105145e-02
   3.4676347e-02
   2.4144782e-02
   9.6642477e-03
   7.6462491e-03
   1.8807160e-02
   2.6458597e-02
   1.1179981e-02
   1.3306862e-02
   2.8229432e-02
   1.1345150e-02
   2.2300458e-02
   1.0637194e-02
   1.5738519e-02
   3.0661903e-02
   3.7650719e-02
   3.0761601e-02
   3.0129354e-02
   2.7056074e-02
   1.5359310e-02
   1.5089257e-02
   2.2723926e-02
   2.6464682e-02
   3.2501601e-02
   3.5053451e-02
   3.3165865e-02
   2.5636647e-02
   6.8827849e-03
   2.4631320e-02
   1.2957759e-02
   1.1960839e-02
   1.1545259e-02
   2.0709507e-02
   3.5067283e-02
   3.3039212e-02
   3.0375822e-02
   2.8682785e-02
   3.6419343e-02
   2.7837925e-02
   1.7701698e-02
   2.2971574e-02
   1.5542706e-02
   4.7950815e-02
   5.5750117e-02
   3.9551467e-02
   3.4843177e-02
   2.6459714e-02
   4.3427307e-02
   2.2734303e-02
   3.7774924e-02
   2.6760709e-02
   4.8536006e-02
   5.0726738e-02
   4.9139325e-02
   3.6343034e-02
   1.7026838e-02
   1.2826219e-02
   1.8155985e-02
   3.0243989e-02
   3.0233456e-02
   2.7235033e-02
   1.5305275e-02
   1.6622012e-02
   1.4401174e-02
   1.9092878e-02
   2.2503203e-02
   4.5880806e-02
   7.0818543e-02
   8.1223115e-02
   4.7113270e-02
   3.8862925e-02
   1.2890923e-02
   7.5298245e-03
  -3.6721006e-03
   5.7627559e-03
   3.5656463e-02
   3.9234683e-02
   4.3540061e-02
   2.0087985e-02
   1.5262942e-02
   8.5499370e-03
   2.6685612e-02
   6.7587397e-03
   6.7632780e-03
   1.1692728e-02
   1.8909456e-02
   2.7537152e-02
   3.9839882e-02
   3.0840008e-02
   1.4582666e-02
   3.0953303e-02
   1.3026049e-02
   2.0052485e-02
   3.3949126e-02
   4.9131770e-02
   5.6825578e-02
   2.6469270e-02
   3.5174735e-02
   3.8252044e-02
   2.9045487e-02
   3.5418894e-02
   1.6980929e-02
   1.1955628e-02
   1.9939639e-02
   2.2534827e-02
   2.4126070e-02
   3.3254653e-02
   2.7569994e-02
   4.3344554e-02
   2.6617208e-02
   2.5436638e-02
   3.4782735e-03
   5.7489895e-03
   3.3304628e-02
   3.0498110e-02
   2.7638039e-02
   1.6329085e-02
   2.8839193e-02
   4.9298521e-02
   3.8066551e-02
   3.2308284e-02
   3.4372564e-02
   4.0962327e-02
   4.5241993e-02
   3.3915315e-02
   1.0665623e-02
   1.8764520e-02
   2.9337125e-02
   1.8310247e-02
   1.4339408e-02
   7.0871077e-03
   1.5082818e-02
   3.4909487e-02
   3.7389226e-02
   2.7906410e-02
   2.0064685e-02
   1.6000427e-02
   1.5558683e-02
   1.5310927e-02
   2.7365765e-02
   1.0572819e-01
   1.7624672e-01
   1.8797408e-01
   1.0252473e-01
   5.5526100e-02
   2.0011632e-02
   1.3773786e-02
   3.4997795e-02
   6.0804140e-02
   8.7671526e-02
   6.6638261e-02
   6.1850246e-02
   6.4579591e-02
   6.2257741e-02
   2.7713893e-02
   3.6641140e-02
   7.4854247e-02
   9.5880747e-02
   7.1147300e-02
   3.6415793e-02
   2.3572752e-02
   2.3057800e-02
   2.9970521e-02
   8.6116545e-02
   1.6066708e-01
   1.8140124e-01
   1.1419523e-01
   5.0894566e-02
   2.8640009e-02
   1.3774097e-02
   6.4341063e-03
   7.4758017e-03
   1.3646818e-02
   1.1033610e-02
   7.1172854e-03
   1.2298791e-02
   2.5500329e-02
   2.5816450e-02
   3.9605670e-02
   4.4414777e-02
   2.8480181e-02
   1.0257983e-02
   1.3113259e-02
   2.7296543e-02
   3.0365685e-02
  -4.2557539e-03
   1.8792477e-02
   2.1654326e-02
   5.8858837e-03
   2.1947263e-02
   2.5534038e-02
   3.8716685e-02
   3.2650009e-02
   1.9904356e-02
   2.0152982e-02
   2.1030370e-02
   3.6680151e-02
   3.9771143e-02
   2.7380567e-02
   4.5572028e-02
   2.0668432e-02
   1.2059228e-02
   4.6328739e-03
   4.9357140e-03
   3.5612945e-02
   4.2050630e-02
   5.1061701e-02
   4.7179475e-02
   4.2053141e-02
   1.7880891e-02
   1.6478261e-02
   2.7734019e-02
   4.0361408e-02
   4.8225511e-02
   3.0331613e-02
   3.3208564e-02
   4.0809713e-02
   1.7573072e-02
   9.0152882e-03
   1.2591442e-02
   1.7033249e-02
   2.6672164e-03
   2.9743860e-02
   3.2285459e-02
   2.6607940e-02
   1.7750880e-02
   2.6070433e-02
   5.4328118e-02
   3.3267882e-02
   3.2992244e-02
   9.3101375e-03
  -7.1843690e-03
   2.6896320e-02
   4.4814114e-02
   3.8195830e-02
   1.4077176e-02
   1.4177928e-02
   1.8164190e-02
   3.5484493e-02
   2.7142471e-02
   3.7923388e-02
   2.6608324e-02
   1.8804155e-02
   3.1455677e-02
   2.8269500e-02
   1.7158750e-02
   2.3813572e-02
   1.6099961e-02
   5.0871398e-02
   9.7708628e-02
   7.4478984e-02
   4.5569081e-02
   3.0680625e-02
   6.6697011e-03
   2.4534320e-02
   5.5318799e-02
   5.9235279e-02
   5.3169265e-02
   3.0110011e-02
   8.9538051e-03
   1.7019836e-02
   1.9485801e-02
   3.8559098e-02
   5.7669785e-02
   8.7954871e-02
   9.3519785e-02
   3.4537178e-02
   2.9608801e-02
   3.5649460e-02
   1.7199570e-02
   1.6549634e-02
   4.1869212e-02
   3.2119833e-02
   3.6978357e-02
   4.4133972e-02
   5.5867579e-02
   5.0189126e-02
   2.2091115e-02
   3.2107566e-02
   3.5331368e-02
   2.7185775e-02
   2.4088515e-02
   1.8976079e-02
   2.5578806e-02
   1.7794309e-02
   1.6073044e-02
   3.0162312e-02
   3.8022183e-02
   6.5076210e-02
   6.0618859e-02
   4.1208271e-02
   3.9437134e-02
   3.4499023e-02
   1.5524149e-02
   4.2664830e-02
   3.9159283e-02
   4.1621625e-02
   3.0609112e-02
   4.0990066e-02
   4.6907563e-02
   3.4714006e-02
   1.7101606e-02
   1.3953582e-02
   1.3161204e-02
   2.0057522e-02
   1.0077775e-02
   2.4663562e-02
   2.2608967e-02
   1.4604206e-02
   3.2392457e-02
   5.7162758e-02
   5.0727546e-02
   2.3245705e-02
   4.5630508e-03
   3.0903853e-02
   2.5580432e-02
   2.4466703e-02
   2.9601920e-03
   1.8520547e-02
   1.2029583e-02
   2.9189147e-02
   5.5708457e-02
   4.0706530e-02
   5.4678340e-02
   8.4433548e-02
   4.2826518e-02
   5.3519323e-02
   2.9313095e-02
   1.2026981e-01
   1.9590269e-01
   1.7440921e-01
   9.4028518e-02
   2.0600986e-02
   4.4534128e-02
   1.9253278e-02
   2.0194316e-02
   5.2185259e-03
   2.7754879e-02
   6.7831881e-02
   8.8699259e-02
   7.3274083e-02
   6.9666810e-02
   6.5652199e-02
   5.2883714e-02
   7.4834235e-02
   7.8559242e-02
   3.8524404e-02
   7.5719751e-02
   2.1511139e-01
   1.9856489e-01
   8.2977280e-02
   6.7711286e-02
   1.0934366e-01
   9.3232207e-02
   8.9267738e-02
   6.7070462e-02
   5.0221082e-02
   4.9240895e-02
   2.3528134e-02
   4.7702644e-02
   4.0803265e-02
   2.2067498e-02
  -5.9761771e-04
   1.7940991e-02
   2.1635396e-02
   2.2205587e-02
   1.5449775e-02
   2.0824630e-02
   1.2218363e-02
   6.3768309e-03
   1.9538453e-02
   2.7101142e-02
   1.3319711e-02
  -1.9814840e-03
   2.7293796e-02
   7.8595728e-02
   9.8506629e-02
   7.1117647e-02
   3.5851225e-02
   1.7496224e-02
   1.3427430e-02
   1.7064877e-02
   3.7540480e-02
   6.6677339e-02
   6.2535673e-02
   4.5790140e-02
   6.1382938e-02
   3.3923890e-02
   1.8200990e-02
   5.2502651e-02
   5.8608517e-02
   4.3689266e-02
   5.2725289e-02
   8.5948199e-02
   9.2718109e-02
   6.4588845e-02
   5.2729771e-02
   1.7526763e-02
   2.4657985e-02
   2.0538419e-02
   2.1397231e-02
   5.1942956e-02
   7.6562196e-02
   6.1156381e-02
   2.3428377e-02
   1.8699262e-02
   8.8791614e-03
  -3.2789595e-03
   1.5157338e-02
   1.7316996e-01
   4.8583061e-01
   5.8030772e-01
   3.7966186e-01
   2.0092417e-01
   6.1970271e-02
   3.1602010e-02
   1.0136400e-02
   1.6515939e-02
   5.6827549e-02
   6.9356591e-02
   8.2316130e-02
   1.0984298e-01
   1.0739401e-01
   5.8931988e-02
   5.0082397e-02
   6.1180782e-02
   1.9487103e-02
   6.0836845e-03
   2.4529537e-02
   5.8377948e-02
   8.7766655e-02
   4.3223213e-02
   6.7673386e-03
   2.8824085e-02
   6.0894523e-02
   5.6938101e-02
   3.7328731e-02
   6.8952054e-02
   7.8614376e-02
   5.4383989e-02
   3.8727120e-02
   4.3413665e-02
   2.9343259e-02
   5.8173046e-02
   6.7547262e-02
   4.3739188e-02
   2.0922977e-02
   3.9327955e-03
   2.4551341e-02
   4.0641323e-02
   4.6219766e-02
   4.0902913e-02
   3.4356229e-02
   7.0030928e-02
   8.0154739e-02
   9.0257004e-02
   9.7746223e-02
   1.3020784e-01
   1.2044700e-01
   4.9466539e-02
   2.3724044e-02
   7.7684792e-03
   4.0671366e-04
   7.0281044e-02
   2.1235065e-01
   1.8827622e-01
   1.3112293e-01
   5.9830312e-02
   5.8938053e-02
   4.8602454e-02
   2.8054731e-02
   3.1028036e-02
   5.9206560e-02
   8.1248701e-02
   6.0451232e-02
   9.5614366e-02
   8.6076140e-02
   4.9405690e-02
   1.0553523e-01
   1.4727812e-01
   1.1378387e-01
   7.1654953e-02
   1.5526277e-01
   3.1992453e-01
   3.0148831e-01
   1.2446705e-01
   7.2595425e-02
   6.1481718e-02
   7.4601829e-02
   9.3753740e-02
   2.9030154e-02
   4.7789142e-02
   4.2346213e-02
   3.3616472e-02
   1.6547779e-02
  -3.8764200e-03
   2.1583135e-03
   5.6020051e-02
   1.4293924e-01
   1.7338710e-01
   1.5528169e-01
   9.0696424e-02
   2.8785868e-02
   2.8047794e-02
   4.8839141e-02
   4.2379420e-02
   3.2499015e-02
   3.7388358e-02
   5.7433326e-02
   5.1970597e-02
   4.6321206e-02
   2.4664737e-02
   2.4663253e-02
   4.7171418e-02
   1.4969341e-02
   6.9819689e-02
   1.2965842e-01
   1.3250066e-01
   7.8771137e-02
   2.2723818e-02
   5.0366931e-02
   2.1333948e-02
   4.3062389e-02
   1.4052866e-01
   2.3077297e-01
   2.5474513e-01
   2.0768823e-01
   1.8223889e-01
   1.1177754e-01
   2.3035258e-02
   1.8034928e-02
   3.8634963e-02
   3.7739296e-02
   3.7212033e-02
   7.9468466e-02
   8.2534924e-02
   6.1790228e-02
   6.2300295e-02
   3.0210780e-02
   5.6932638e-03
   2.5719218e-03
   1.0140526e-02
   3.9542332e-02
   9.4613850e-02
   1.2821308e-01
   1.1499956e-01
   6.7168213e-02
   3.0323217e-02
   7.4535020e-04
   2.3053167e-02
   4.0765289e-02
   6.3767292e-02
   7.2997771e-02
   7.0016533e-02
   5.1836804e-02
   6.5322898e-02
   6.9040798e-02
   4.2278711e-02
   1.2115987e-02
   1.4070932e-02
   3.3971839e-02
   5.8174073e-03
  -1.9074481e-02
   3.6179915e-02
   3.6845442e-02
   4.1836761e-02
   7.2317503e-02
   6.3095808e-02
   6.3456140e-02
   4.8356749e-02
   9.6332602e-02
   7.9454921e-02
   2.1139346e-02
   1.2283930e-02
   3.2084119e-02
   1.2664968e-01
   2.1362719e-01
   1.6251920e-01
   6.9573864e-02
   2.0486694e-02
   2.1546168e-02
  -7.3736487e-03
   1.1877286e-01
   5.6745344e-01
   9.4478834e-01
   8.4507573e-01
   4.8562565e-01
   2.3774612e-01
   1.1163598e-01
   4.2232178e-02
   3.1875152e-02
   2.0039752e-02
   1.5926031e-02
   7.7233031e-02
   1.6933082e-01
   1.6636291e-01
   1.2817074e-01
   9.2289902e-02
   3.3176076e-02
  -1.6162730e-03
  -1.2104701e-02
   1.7636295e-02
   5.7113551e-02
   4.2465027e-02
   4.6057053e-02
   3.9628528e-02
   1.6703814e-02
   3.5912402e-02
   6.3662700e-02
   3.3138722e-02
   4.3489050e-02
   9.7994760e-02
   5.6700207e-02
   3.7962835e-02
   4.1488908e-02
   1.8384947e-01
   5.1499403e-01
   5.7960123e-01
   3.6103725e-01
   1.7258982e-01
   8.6729802e-02
   6.5724708e-02
  -2.4047836e-03
   6.5673608e-03
   2.1765004e-03
   4.1442186e-02
   1.4821839e-01
   3.6999512e-01
   4.3055087e-01
   3.1303215e-01
   1.8363661e-01
   9.0246864e-02
   1.5398516e-02
  -5.5742282e-03
   8.7288514e-02
   2.7946058e-01
   3.0152434e-01
   2.4628733e-01
   2.0802543e-01
   1.7686930e-01
   1.3835517e-01
   1.0155191e-01
   6.0921550e-02
   3.7488513e-02
   5.3115268e-03
   1.1112982e-01
   3.7300673e-01
   6.2863219e-01
   6.0349506e-01
   4.4433948e-01
   1.9022477e-01
   5.7533912e-02
   5.5846911e-02
   2.1151747e-01
   8.1711280e-01
   1.6766306e+00
   1.8374501e+00
   1.3434473e+00
   8.4822249e-01
   8.5175318e-01
   8.6428821e-01
   6.6021645e-01
   4.2592436e-01
   1.4864908e-01
   8.1718527e-02
   7.8887981e-01
   3.2531140e+00
   5.7774677e+00
   5.3976226e+00
   3.1584268e+00
   1.3586097e+00
   6.4781135e-01
   3.5444272e-01
   2.6392910e+00
   1.5668970e+01
   3.1908113e+01
   3.1534431e+01
   1.8492018e+01
   7.4839034e+00
   2.2490301e+00
   5.7616711e-01
   1.3072018e-01
  -2.5176930e-03
   2.1966226e-01
   2.0773706e+00
   5.0509906e+00
   5.9145193e+00
   4.0030837e+00
   1.8534679e+00
   5.0532299e-01
  -1.1833664e-01
  -8.8805944e-02
   2.7682674e-01
   4.9272203e-01
   7.5473464e-01
   1.1175505e+00
   1.0543975e+00
   6.4966434e-01
   2.6668140e-01
   1.5975356e-01
   9.9917278e-02
   7.9737946e-02
   2.2964546e-01
   2.6922318e-01
   3.0514318e-01
   3.7260658e-01
   7.3595667e-01
   1.1640551e+00
   1.2025961e+00
   6.4233595e-01
   1.3385056e-01
   2.5483448e-02
   4.5954689e-02
   1.4856701e-01
   1.9258292e-01
   1.0443533e-01
   5.3982511e-02
   1.1279614e-01
   2.2492397e-01
   2.0607586e-01
   2.0873137e-01
   3.3272973e-01
   3.1710508e-01
   2.0418884e-01
   7.3917456e-02
   7.7044621e-02
   1.7669693e-01
   1.3388437e-01
   3.0131627e-02
  -4.2550106e-02
  -8.6235099e-02
   2.3460254e-02
   1.9918182e-01
   2.6414943e-01
   1.1196533e-01
  -3.6902193e-02
  -1.2983750e-01
  -1.1540710e-01
   1.2239014e-01
   4.3306568e-01
   8.5391724e-01
   1.0286056e+00
   6.7253739e-01
   1.9868077e-01
   8.6979337e-02
   6.8764931e-01
   1.7291032e+00
   2.0412412e+00
   1.4156392e+00
   5.9185952e-01
   2.6011398e-01
   7.9766184e-01
   1.6354434e+00
   1.7130915e+00
   1.0350592e+00
   5.1778883e-01
   3.9753100e-01
   4.8990157e-01
   8.3253628e-01
   4.1749907e+00
   9.6189222e+00
   1.0318632e+01
   6.5850091e+00
   2.7143769e+00
   9.4061530e-01
   3.1503847e-01
   1.4973743e-01
   7.0800878e-02
   1.2983312e-01
   7.4304157e-01
   1.7400063e+00
   1.9648224e+00
   1.5018693e+00
   6.8401116e-01
   1.6463450e-01
  -2.4531951e-02
   1.3218545e-02
   1.2366765e-01
   2.4259219e-01
   3.2704967e-01
   4.3659663e-01
   3.8069975e-01
   2.1504575e-01
   9.6230432e-02
   2.7604450e-02
   1.3323639e-02
   2.3462465e-02
   6.8912327e-02
   1.4078960e-01
   1.9151534e-01
   1.7945188e-01
   2.7606821e-01
   4.1761655e-01
   3.3818150e-01
   9.2985496e-02
  -6.0847625e-03
   5.5204518e-02
   1.1875056e-01
   1.3170141e-01
   1.1406444e-01
   4.2699493e-02
   5.1439814e-02
   7.2501935e-02
   1.0511217e-01
   9.3095437e-02
   1.4728482e-01
   1.9906175e-01
   2.2189659e-01
   1.5382880e-01
   8.8369712e-02
   1.2620181e-01
   1.2208577e-01
   5.4759555e-02
  -1.2681138e-03
  -2.4215868e-02
   7.5326942e-02
   2.0377752e-01
   2.3224041e-01
   2.1619217e-01
   3.9402436e-02
  -3.0946348e-02
  -1.1947312e-02
   6.7280442e-02
   2.5459436e-01
   5.5698150e-01
   6.6628492e-01
   4.2846549e-01
   1.7989078e-01
   1.1353119e-01
   2.9175973e-01
   5.2163416e-01
   5.6092620e-01
   3.6127231e-01
   9.0002537e-02
   1.4193201e-01
   8.6933774e-01
   1.8385940e+00
   1.9759443e+00
   1.1516078e+00
   4.9440584e-01
   1.4749040e-01
   1.6295137e-01
   1.6944952e+00
   6.1003027e+00
   9.9904890e+00
   8.9675407e+00
   5.1319084e+00
   2.1755102e+00
   7.5168294e-01
   2.0661737e-01
   7.4533217e-02
   9.5775984e-02
   4.6952417e-01
   1.2488972e+00
   1.8804330e+00
   1.7290380e+00
   1.1318791e+00
   4.9756613e-01
   1.6360502e-01
   5.1743343e-02
   1.0675075e-01
   1.8346289e-01
   2.4866155e-01
   3.8554046e-01
   4.8194107e-01
   2.8447506e-01
   1.1969966e-01
   6.2772378e-02
   1.0209098e-04
  -1.1782471e-02
   6.0207158e-02
   1.0572349e-01
   7.5749077e-02
   1.1627042e-01
   1.1742350e-01
   1.6881064e-01
   1.9230933e-01
   1.2941770e-01
   5.2456930e-02
   3.2216224e-03
   4.4433143e-02
   8.5118346e-02
   4.0517405e-02
   2.9181086e-02
   3.8214393e-02
   9.7308550e-03
  -1.7354655e-03
   5.9600230e-02
   1.1089794e-01
   1.4838938e-01
   1.3951562e-01
   8.2004525e-02
   6.4001285e-02
   6.5290660e-02
   9.2397332e-02
   1.9996403e-02
   9.1842748e-03
   5.2162327e-02
   1.1302029e-01
   1.6136147e-01
   1.9707106e-01
   1.7757063e-01
   7.8254484e-02
   1.1069057e-02
  -1.8643612e-02
   3.9383080e-02
   1.3705623e-01
   3.2768199e-01
   4.4467053e-01
   3.3178717e-01
   1.2717183e-01
   4.2184174e-02
   9.9460147e-02
   1.8132886e-01
   2.5475231e-01
   2.0681016e-01
   1.2901151e-01
   6.3798338e-02
   2.5527370e-01
   5.7692528e-01
   7.6359284e-01
   5.2746224e-01
   2.4231702e-01
   5.2547116e-02
   6.8868957e-02
   3.9285210e-01
   1.6096104e+00
   2.9331255e+00
   2.8585217e+00
   1.7870495e+00
   8.3479440e-01
   2.9618365e-01
   6.8246603e-02
   7.1638115e-02
   1.0545661e-01
   2.5750554e-01
   4.7167924e-01
   6.2045401e-01
   6.0329604e-01
   4.6141559e-01
   2.7076161e-01
   1.4451358e-01
   1.0686763e-01
   1.2234066e-01
   1.4147525e-01
   1.4441429e-01
   2.0853768e-01
   1.7216308e-01
   1.2982048e-01
   6.9630139e-02
   5.0929241e-02
   4.5765009e-02
   1.8029297e-02
   3.0877760e-02
   1.0876112e-02
   1.2077257e-02
   5.2035548e-02
   1.3016293e-02
   1.4548156e-02
   4.5500230e-02
   9.3118679e-03
   9.8890504e-03
   4.1380826e-02
   6.0020722e-02
   2.4410974e-02
   3.1219166e-02
   4.5408797e-02
   2.6979204e-02
   4.0007614e-02
   3.1389028e-02
   5.2890822e-02
   5.2680254e-02
   7.3206596e-02
   8.9321740e-02
   1.0538357e-01
   9.4449833e-02
   1.3985986e-01
   9.0077862e-02
   5.3539243e-02
   2.7651792e-02
   6.7178726e-02
   7.2295636e-02
   1.0969161e-01
   7.1188368e-02
   7.3026717e-02
   3.1870127e-02
  -5.7556154e-03
   1.8550705e-02
   3.7983812e-02
   1.1534016e-01
   1.5087822e-01
   1.5115820e-01
   8.7678462e-02
   1.9886384e-02
   4.5977760e-02
   1.0466019e-01
   8.3223991e-02
   7.3627070e-02
   4.7474314e-02
   2.9070407e-02
   8.0809012e-02
   1.9184439e-01
   2.8272834e-01
   2.4939489e-01
   1.3994427e-01
   3.4505732e-02
  -1.3636665e-02
   1.0168477e-01
   4.6022359e-01
   9.8618346e-01
   1.0901399e+00
   7.5215983e-01
   3.6259964e-01
   1.5789749e-01
   5.1642694e-02
  -1.0822716e-02
   5.5178706e-02
   1.3994719e-01
   1.9526194e-01
   2.0140509e-01
   1.9688211e-01
   1.7753148e-01
   1.2504894e-01
   9.2647552e-02
   5.7123579e-02
   3.8556445e-02
   3.6880884e-02
   6.3693084e-02
   8.0169789e-02
   9.9676475e-02
   1.0803329e-01
   9.4033316e-02
   6.8916783e-02
   2.0396383e-02
   7.6280232e-03
   1.5123400e-02
   8.4048204e-02
   1.0793423e-01
   1.2029108e-01
   5.7000801e-02
   2.7172387e-02
  -6.6580456e-03
   1.3097519e-02
   1.7858748e-01
   3.5495290e-01
   4.0170488e-01
   2.9683769e-01
   1.4945385e-01
   3.6473092e-02
   3.5569686e-02
   5.9104729e-02
   1.0516084e-01
   1.0774588e-01
   1.0367023e-01
   1.3025583e-01
   1.1613069e-01
   8.6883411e-02
   7.2465360e-02
   7.7864878e-02
   9.1194466e-02
   4.8585091e-02
   4.3529473e-02
   3.7664909e-02
   4.8807904e-02
   5.6852031e-02
  -6.2554707e-03
  -2.9674871e-02
  -8.1571303e-03
  -1.9163957e-03
   2.3999631e-02
   5.6519974e-02
   5.6825511e-02
   4.6315219e-02
   3.6522448e-02
   5.1187593e-02
   3.8173292e-02
   6.5305084e-02
   6.9071911e-02
   4.9701467e-02
   2.7077269e-02
   1.5615169e-02
   3.1851873e-02
   5.6531291e-02
   9.5925801e-02
   1.3075037e-01
   1.0167613e-01
   4.4586141e-02
   1.4574314e-02
   6.4833635e-03
   1.0707235e-01
   3.0245772e-01
   3.5619617e-01
   2.6135308e-01
   1.4573425e-01
   6.3680001e-02
   3.1018466e-02
   2.4211083e-02
   2.3454813e-02
   5.4749209e-02
   7.2601572e-02
   4.8410170e-02
   3.9398488e-02
   3.4127217e-02
   4.3103658e-02
   2.0201424e-02
   5.1509780e-03
   3.8006771e-02
   4.5518108e-02
   1.5506423e-02
   1.2634437e-02
   1.5906107e-02
   3.6069378e-02
   3.5006009e-02
   4.7919162e-02
   2.0306386e-02
   2.8451033e-02
   2.8426036e-02
   5.2665465e-02
   1.2823586e-01
   1.1852080e-01
   5.2077301e-02
   4.9060550e-02
   3.5913933e-02
   3.3500340e-02
   8.3854206e-02
   1.6493715e-01
   2.4858718e-01
   1.5606903e-01
   7.8956515e-02
   8.3785862e-02
   6.9551356e-02
   1.0079707e-01
   1.1769696e-01
   7.3869877e-02
   5.9241861e-02
   7.5841114e-02
   9.4509386e-02
   1.0072964e-01
   1.3591443e-01
   9.6948199e-02
   4.7823612e-02
   4.5402341e-02
   5.6169946e-02
   1.1555458e-01
   1.1896627e-01
   1.0033605e-01
   5.1321507e-02
   8.9601539e-03
   5.4043909e-03
   7.4966565e-02
   1.3377759e-01
   2.0403284e-01
   2.0485274e-01
   1.3473089e-01
   3.3596158e-02
   1.9620100e-02
   1.0217568e-01
   3.0839330e-01
   4.3932486e-01
   4.0977690e-01
   2.1697555e-01
   7.4643433e-02
   7.2535157e-02
   2.1282017e-01
   3.5767511e-01
   3.5792071e-01
   3.8578641e-01
   4.1504163e-01
   3.0912584e-01
   2.6051489e-01
   5.2757406e-01
   7.9236186e-01
   6.7887813e-01
   4.9276873e-01
   1.6543980e-01
   1.3405601e-02
   1.7842701e-01
   7.1699268e-01
   1.0195681e+00
   7.9744095e-01
   4.8397011e-01
   2.1867868e-01
   8.1927469e-03
   1.8595889e-01
   1.2501205e+00
   2.6651158e+00
   2.7943256e+00
   1.8195901e+00
   7.9705906e-01
   1.9826998e-01
   1.1928165e-01
   6.1277914e-01
   1.0615107e+00
   1.0377493e+00
   7.9776675e-01
   7.0506144e-01
   5.0769258e-01
   3.7126580e-01
   4.6235806e-01
   6.0649061e-01
   4.7746512e-01
   3.2513842e-01
   2.2451571e-01
   1.3546924e-01
   2.1992408e-01
   4.4135106e-01
   3.7879509e-01
   2.6594427e-01
   1.4185025e-01
   8.3197407e-02
   6.2579513e-02
   8.9044206e-02
   8.3148010e-02
   6.1520573e-02
   3.6120780e-02
   6.0357280e-02
   5.4398254e-02
   4.9993638e-02
   6.9139920e-02
   5.6810353e-02
   6.2300455e-02
   4.7804996e-02
   4.3768998e-02
   2.8939454e-02
   3.7822958e-02
   4.2892195e-02
   2.7417460e-02
   4.9202028e-03
   3.6292851e-02
   8.5363528e-03
   3.8235925e-02
   3.9791197e-02
   8.6821675e-02
   6.0795400e-02
   3.3879053e-02
  -5.9190965e-03
   3.4715559e-02
   9.5373057e-02
   1.7154312e-01
   2.5008735e-01
   2.1433227e-01
   7.5360216e-02
   3.2518260e-02
   3.6050852e-02
   6.2370829e-02
   1.6063786e-01
   2.5378007e-01
   3.0283412e-01
   2.1415047e-01
   1.4825870e-01
   2.1411666e-01
   3.0281198e-01
   2.2931866e-01
   1.6495286e-01
   8.0445111e-02
   1.3550188e-03
   1.2448408e-01
   3.5301962e-01
   3.9524472e-01
   2.8779474e-01
   1.5770534e-01
   6.8162330e-03
   1.7837551e-03
   2.9925665e-01
   8.7613380e-01
   1.3025750e+00
   1.0567436e+00
   5.3388739e-01
   2.0023118e-01
   3.3307053e-02
   1.2734760e-01
   3.5436645e-01
   4.0406185e-01
   3.2510468e-01
   3.2634744e-01
   2.7899572e-01
   1.8821613e-01
   1.9427386e-01
   2.4857555e-01
   2.3821919e-01
   2.3988505e-01
   1.2739861e-01
   8.8468872e-02
   1.1419959e-01
   1.9856523e-01
   2.7901256e-01
   2.2560279e-01
   1.4125820e-01
   9.5512562e-02
   9.3164101e-02
   9.2171542e-02
   8.0351442e-02
   4.9500190e-02
   2.6334070e-02
   1.0320691e-02
  -4.7807265e-03
   4.4909049e-02
   1.3131230e-01
   1.0825963e-01
   8.9177631e-02
   4.9239770e-02
   3.4296829e-02
   2.7570110e-02
   7.0237799e-04
   1.3355483e-02
   3.4371987e-02
   4.6694735e-03
   1.6796216e-02
   2.9228363e-02
   3.5539277e-02
   5.5704162e-02
   9.0980932e-02
   5.1768731e-02
   1.7057793e-02
   3.5240959e-02
   5.3600013e-02
   8.4228583e-02
   1.3563041e-01
   9.1143727e-02
   4.9302712e-02
   2.7572051e-02
   3.1923354e-02
   4.7705188e-02
   2.0698553e-02
   4.2709485e-02
   1.5545236e-01
   2.7370596e-01
   2.4021137e-01
   1.5886869e-01
   1.2171933e-01
   8.5765071e-02
   7.9456426e-02
   2.0944551e-01
   7.4464512e-01
   1.2745457e+00
   1.1236913e+00
   7.2715855e-01
   3.7473497e-01
   1.6621774e-01
   8.0635063e-02
   1.9072330e-01
   3.1209901e-01
   5.1235759e-01
   7.9587787e-01
   9.4100147e-01
   6.2059879e-01
   2.5812167e-01
   4.1633815e-02
  -7.5225411e-03
   1.1137340e-01
   2.3288061e-01
   2.6062834e-01
   2.1920095e-01
   2.1046415e-01
   8.9562804e-02
   4.8244543e-02
   6.7225330e-02
   1.1322587e-01
   7.0227027e-02
   5.3793877e-02
   4.1725602e-02
   6.5904871e-02
   1.0702582e-01
   1.3953617e-01
   1.4019643e-01
   1.0602162e-01
   5.1466890e-02
   3.1583279e-02
   7.2948396e-02
   5.6625407e-02
   2.8749028e-02
   2.9746605e-02
   3.0951332e-02
   3.9843634e-02
   5.1436499e-02
   5.7420425e-02
   7.3259711e-02
   7.0055999e-02
   5.1544618e-02
   6.2171705e-03
   7.0192395e-03
   2.0408977e-03
   2.2616852e-02
   3.3016402e-02
   2.6809596e-02
   6.4073242e-02
   4.2917684e-02
   3.6392681e-02
   4.8698824e-02
   3.2215193e-02
   2.4847627e-02
   4.3654554e-02
   3.0702405e-02
   6.2332273e-02
   6.6724770e-02
   7.4709497e-02
   6.0514424e-02
   3.3494610e-02
   1.4783270e-02
   1.2905599e-02
   3.3574261e-02
   2.8439371e-02
   2.9705426e-02
   5.3510293e-02
   6.4333782e-02
   8.5130952e-02
   4.5445010e-02
   2.3805361e-02
   1.2846841e-02
   3.6545794e-02
   6.9994770e-02
   2.1194786e-01
   3.2413265e-01
   3.2602391e-01
   2.3030987e-01
   1.1852390e-01
   4.0937092e-02
   3.5971504e-02
   5.7153039e-02
   7.3582172e-02
   1.9605996e-01
   3.1571427e-01
   3.4774068e-01
   2.0111343e-01
   9.9080101e-02
   2.8768789e-02
   3.1781550e-02
   7.3871292e-02
   9.1028154e-02
   1.3298897e-01
   1.1383200e-01
   7.1008727e-02
   3.5830844e-02
   2.0373553e-02
   4.5761254e-02
   5.9947629e-02
   5.5704460e-02
   4.4034313e-02
   2.8457476e-02
   3.4621131e-02
   4.8984800e-02
   4.9628083e-02
   4.7440980e-02
   3.3142880e-02
   5.1104832e-02
   1.4304527e-02
   5.3321850e-03
   2.4921615e-02
   4.8507255e-02
   3.5442479e-02
   2.5926838e-02
   2.9766066e-02
   3.5280090e-02
   4.5407142e-02
   4.3954693e-02
   1.3474416e-02
   7.2969706e-03
   9.9642705e-03
   2.0588238e-02
   2.2586502e-02
   2.0195145e-02
   4.8218839e-02
   4.9826391e-02
   3.4792930e-02
   4.5234475e-02
   1.4012376e-02
   2.4654189e-02
   4.2810724e-03
   3.1330369e-02
   3.1244891e-02
   3.8282689e-02
   4.7396071e-02
   3.5023205e-02
   4.6356410e-02
   2.2737985e-02
   1.0568014e-02
   1.8033108e-02
   1.7929584e-02
   2.5273675e-02
   5.9148964e-02
   4.9559213e-02
   6.1045509e-02
   7.2118051e-02
   4.0217802e-02
   1.3370092e-02
   4.0497299e-02
   3.9854482e-02
   3.1070219e-02
   8.2639500e-02
   1.3718319e-01
   1.4374599e-01
   9.5256135e-02
   5.3883843e-02
   5.0549763e-03
   1.5417458e-02
   3.4313165e-02
   5.0872475e-02
   6.9788858e-02
   1.4826572e-01
   1.5699442e-01
   9.6941523e-02
   5.2570973e-02
   2.9077226e-02
   1.3304580e-02
   1.9437984e-02
   6.8925694e-02
   5.6097962e-02
   5.2129839e-02
   3.7368376e-02
   2.5846271e-02
   1.6057909e-02
   1.8443745e-02
   3.7614945e-02
   4.3045238e-02
   3.2234263e-02
   2.3718458e-02
   3.6906581e-02
   4.2157497e-02
   4.3745980e-02
   2.5424976e-02
   1.2566455e-02
   2.7452447e-02
   3.5805166e-02
   4.8178207e-02
   5.5995546e-02
   4.4651065e-02
   2.9892216e-02
   2.9136606e-02
   4.0353429e-02
   1.9834792e-02
   2.1689424e-02
   3.3302836e-02
   2.6506640e-02
   1.9685900e-02
   4.6498915e-03
   1.8804381e-02
   3.4415483e-02
   1.8365769e-02
   1.2847854e-02
   2.3660485e-02
   3.8405094e-02
   3.5037771e-02
   1.7744614e-02
   3.1135539e-02
   3.4155887e-02
   2.1733098e-02
   1.5657967e-02
   2.5815774e-02
   3.3416815e-02
   1.9551918e-02
   2.2339700e-02
   4.9955610e-02
   2.0183874e-02
   1.0811254e-02
   1.3129738e-02
   3.6038738e-02
   2.7483847e-02
   2.8320678e-02
   2.8396843e-02
   2.8191943e-02
   1.3763259e-02
   3.3767257e-02
   2.7772374e-02
   8.6039575e-03
   2.5862956e-02
   4.0135447e-02
   6.1151855e-02
   6.0494054e-02
   3.7136480e-02
   2.2776660e-02
   4.8905178e-03
   1.0860094e-02
   1.7118171e-02
   2.2939926e-02
   4.1276429e-02
   4.2308059e-02
   2.9275922e-02
   1.9509364e-03
   9.0605421e-03
   6.9206730e-03
   2.6436264e-02
   3.5612561e-02
   2.8847950e-02
   1.6067816e-02
   1.5997671e-02
   2.0504989e-02
   1.0757474e-02
   1.4362325e-02
   9.6065858e-03
   1.3375738e-02
   1.4035740e-02
   2.0044344e-02
   2.0866474e-02
   2.6269054e-02
   2.3824900e-02
   6.9816681e-03
   3.2544501e-02
   3.9712589e-02
   2.4848614e-02
   1.1449083e-02
   1.4405948e-02
   3.1636786e-02
   2.1315115e-02
   1.0267970e-02
  -9.1352459e-04
   7.8763608e-03
   4.4253085e-02
   4.9633715e-02
   3.7869848e-02
   3.2870963e-02
   2.2275742e-02
   1.8591899e-02
   3.4592908e-02
   4.8462767e-02
   5.8989033e-02
   2.1821512e-02
   2.5400870e-02
   2.5467424e-02
   3.1456012e-02
   1.9996496e-02
   2.0851592e-02
   2.9477438e-02
   3.1351060e-02
   3.2468956e-02
   1.9990999e-02
   2.6536837e-02
   2.8354472e-02
   3.2064050e-02
   2.7604930e-02
   3.2080125e-02
   2.2116654e-02
   2.5432501e-02
   2.2334293e-02
   1.9345222e-02
   1.8571153e-02
   4.1739501e-02
   2.5371980e-02
   1.9445833e-02
   3.3260379e-02
   1.1945120e-02
   3.2405157e-02
   4.5834642e-02
   2.2551609e-02
   1.4625947e-02
   1.7675137e-02
   1.3407555e-02
   9.8707881e-03
   1.8856281e-02
   1.8591873e-02
   2.2551496e-02
   3.9608870e-02
   4.5868296e-02
   3.5916701e-02
   1.3844410e-02
   3.4605008e-02
   4.4840392e-02
   2.0642882e-02
   1.5173608e-02
   2.8960671e-02
   3.7736319e-02
   2.2538947e-02
   2.9742543e-02
   3.5579998e-02
   3.1103862e-02
   3.9693024e-02
   2.7962733e-02
   2.6487062e-02
   7.1740402e-03
   2.2866614e-02
   1.0708420e-02
   1.6024459e-02
   2.7411351e-02
   3.7605587e-02
   3.7107997e-02
   1.9277805e-02
   2.5215123e-02
   3.1017687e-02
   3.7248276e-02
   2.3134543e-02
   1.8839547e-02
   1.9540481e-02
   3.9660454e-02
   5.7134185e-02
   5.1619705e-02
   3.7790541e-02
   2.2004198e-02
   2.6158778e-02
   2.3412107e-02
   2.0700276e-02
   7.6137437e-03
   5.0869375e-03
   2.2152608e-02
   1.5665574e-02
   1.9998755e-02
   2.7519690e-02
   2.4001079e-02
   1.5168832e-02
   9.1180326e-03
   1.7894510e-02
   2.7187625e-02
   2.4267506e-02
   6.1801402e-03
   1.8001631e-02
   1.7785154e-02
   2.9346657e-03
   1.2873366e-02
   1.6910415e-02
   1.8702067e-02
   1.6412387e-02
   3.2531153e-02
   6.9516398e-02
   5.2145921e-02
   2.5263682e-02
   4.3504175e-02
   2.8956139e-02
   2.5439076e-02
   3.6580801e-02
   1.3129839e-02
   1.2695882e-02
   5.6805577e-02
   1.5449452e-01
   1.3915791e-01
   9.2693031e-02
   3.7866849e-02
  -5.0600534e-03
   5.4962423e-02
   2.8196451e-01
   5.9714878e-01
   6.4649028e-01
   4.1425228e-01
   1.6712244e-01
   6.2296465e-02
   6.4259544e-02
   1.2591541e-01
   1.4749841e-01
   1.7223388e-01
   1.8289399e-01
   1.5307277e-01
   1.1025641e-01
   6.0822375e-02
   2.5378818e-02
   3.3495631e-02
   5.7628442e-02
   5.4066423e-02
   3.8033497e-02
   5.6339439e-02
   4.2708840e-02
   3.6170918e-02
   2.5464391e-02
   1.3791176e-02
   1.3956631e-02
   2.5302825e-02
   2.3308944e-02
   1.8299926e-02
   2.6265085e-02
   3.7259553e-02
   3.7650406e-02
   1.8089164e-02
   5.2076858e-03
   4.0233177e-03
   2.4724502e-02
   2.1177270e-02
   5.2019679e-03
   1.7470468e-02
   2.7706338e-02
   4.4612322e-02
   3.5890665e-02
   2.6961312e-02
   2.4410050e-02
   8.9641334e-03
  -3.4183832e-03
   1.2783051e-02
   2.4928285e-02
   2.3257591e-02
   1.1275420e-02
   5.9086294e-03
   2.5815038e-02
   3.9140064e-02
   5.9560280e-02
   3.3317089e-02
   1.1518912e-02
   2.0246690e-02
   2.0216787e-02
   4.6738580e-02
   4.6837777e-02
   3.8064215e-02
   1.8986220e-02
   2.2593958e-02
   3.4179583e-02
   2.9290117e-02
   3.5550103e-02
   3.8677759e-02
   2.0593919e-02
   1.2989257e-02
   5.2979317e-02
   6.9853693e-02
   3.7483286e-02
   8.1510795e-03
   1.6372878e-02
   2.9785939e-02
   6.9413215e-02
   1.6648200e-01
   2.3137350e-01
   1.5604395e-01
   7.0032373e-02
   1.3356542e-02
   5.3649526e-03
   3.9752666e-02
   6.4460345e-02
   4.6327516e-02
   5.9197653e-02
   7.1317956e-02
   4.9203854e-02
   8.2138833e-03
   2.4041012e-03
   2.1561826e-02
   3.0620942e-02
   2.5800729e-02
   2.1096824e-02
   4.1291330e-02
   3.0843996e-02
   1.3596221e-02
  -6.7447703e-03
   5.0878762e-03
   2.8709305e-02
   2.0222919e-02
   4.9957400e-03
   6.4276266e-03
   1.5631068e-02
   1.9068129e-02
   1.8915214e-02
   1.5239345e-02
   2.1496207e-02
   1.5832964e-02
   1.6602580e-02
   2.2677111e-02
   1.3697416e-02
   8.2563777e-03
   1.6689707e-02
   2.2022450e-02
   2.0348821e-02
   1.8969264e-02
   2.2939913e-02
   8.5031483e-03
   2.7010536e-02
   3.7621204e-02
   1.4155719e-02
   2.1133892e-02
   3.1571463e-02
   3.7571084e-02
   3.9428782e-02
   1.9947050e-02
   1.2311340e-02
   1.2192645e-02
   7.0184236e-03
   1.8108537e-02
   2.4638360e-02
   3.2316618e-02
   3.2295804e-02
   3.1039512e-02
   4.7185863e-03
   4.0044119e-03
   2.5475081e-02
   1.6349111e-02
   1.5543766e-02
   1.6859315e-02
   2.4100844e-02
   3.0520121e-02
   4.4203442e-02
   3.3712532e-02
   2.4716053e-02
   2.6450278e-02
   1.0248151e-02
   2.8064575e-02
   6.6908024e-02
   8.5707486e-02
   7.4876755e-02
   4.9437255e-02
   3.3300065e-02
   3.6970641e-02
   4.0692862e-02
   3.4810543e-02
   4.2896580e-02
   5.5831585e-02
   2.9517142e-02
   2.8252790e-02
   1.6411314e-02
   1.2623279e-02
   3.4278531e-02
   3.5970625e-02
   3.9852355e-02
   2.0381484e-02
   1.2828242e-02
   1.7642135e-02
   1.9450448e-02
   1.6759399e-02
   1.8484766e-02
   9.5676314e-03
   2.8357165e-02
   2.9208440e-02
   1.8784517e-02
   1.7700361e-02
   2.4927868e-02
   2.5305470e-02
   2.3120910e-02
   1.2426788e-02
   1.0533583e-02
   2.0056462e-02
   2.7477855e-02
   3.7649233e-02
   2.0828228e-02
   1.9003257e-02
   1.7433161e-02
   1.6692402e-02
   2.4718730e-02
   1.7589716e-02
   1.7668350e-02
   2.0604428e-02
   2.7181441e-02
   3.7202474e-02
   3.5642948e-02
   2.1138180e-02
   2.8126746e-02
   3.1241922e-02
   3.6062118e-02
   4.2647786e-02
   1.7791061e-02
   2.6438942e-02
   2.0786915e-02
   7.0263557e-03
   1.3163090e-02
   1.4277134e-02
   3.5645936e-03
   1.1624510e-02
   3.0077519e-02
   1.7533844e-02
   3.1464573e-02
   3.3738017e-02
   2.2353297e-02
   7.3021585e-03
   1.9171786e-02
   3.1243840e-02
   3.3447519e-02
   3.4809690e-02
   2.9205056e-02
   1.6521288e-02
   2.2640675e-02
   3.4679860e-02
   7.0166387e-02
   3.5628919e-02
   2.3169987e-02
   1.3930921e-02
   1.0601145e-02
   1.0567260e-02
   2.6920868e-02
   3.1222353e-02
   3.5499290e-02
   4.3341067e-02
   2.3263155e-02
   2.7685931e-02
   2.8760422e-02
   1.9918140e-02
   8.0144238e-03
   4.5670662e-03
   1.8288674e-02
   3.0075489e-02
   2.8811652e-02
   1.2252668e-02
   2.7507015e-03
   2.9766882e-02
   1.7063987e-02
   2.6167726e-02
   2.8659090e-02
   2.6301524e-02
   4.5256030e-02
   3.1012591e-02
   1.9992175e-02
   2.1030905e-02
   1.9506624e-02
   1.1168350e-02
   2.7365748e-02
   2.6236560e-02
   2.8937375e-02
   2.7872533e-02
   3.1917382e-02
   1.2560749e-02
   1.2522794e-02
   1.9213282e-02
   1.2949884e-02
   7.7519463e-03
   3.2678071e-02
   4.3157917e-02
   3.5746545e-02
   2.1368548e-02
   1.6306030e-02
   1.9737890e-02
   2.0584578e-02
   2.1074247e-02
   1.7648270e-02
   1.2904165e-03
   1.1466316e-02
   2.6822552e-02
   4.4719461e-02
   1.7149873e-02
   1.2613018e-02
   3.1369727e-02
   3.0284919e-02
   3.4522302e-02
   2.4088688e-02
   6.7367000e-03
   1.0032859e-02
   1.7390806e-02
   3.1537127e-02
