   4.0763494e-02
   2.7041472e-02
   2.9797399e-02
   2.1180594e-02
  -3.9319927e-03
   1.8594818e-02
   4.7547821e-02
   6.3625336e-02
   5.2243870e-02
   4.9037222e-02
   4.4535924e-02
   2.7073953e-02
   3.3934802e-02
   4.6839789e-02
   5.1180240e-02
   3.9637558e-02
   4.3616638e-02
   3.9188549e-02
   5.0864004e-02
   8.4278405e-02
   5.4233756e-02
   3.9913565e-02
   2.7348544e-03
   4.6469312e-02
   5.1423367e-02
   5.6050565e-02
   6.4562298e-02
   6.3369170e-02
   6.6473290e-02
   6.1730299e-02
   6.6720285e-02
   6.0277071e-02
   1.1470233e-02
  -6.7787645e-03
   1.1455435e-02
   4.5609180e-02
   6.7276537e-02
   4.4027224e-02
   4.5564439e-02
   4.8624128e-02
   2.8942158e-02
   3.1186301e-02
   3.8693160e-02
   2.6221469e-02
   1.3807708e-02
   3.2684945e-02
   4.0678561e-02
   1.5526008e-02
   4.2310473e-02
   6.2376782e-02
   5.9719488e-02
   5.0567977e-02
   3.2591652e-02
   2.0276893e-02
   9.1203665e-03
   6.2065385e-03
   3.0706016e-02
   5.1351044e-02
   4.5220535e-02
   4.2857729e-02
   3.9808121e-02
   3.3697125e-02
   2.9845558e-02
   1.9288706e-02
   1.9951783e-02
   3.9366013e-03
   1.8167969e-02
   2.0894628e-02
   2.1668395e-02
   1.2373617e-02
   1.7336657e-02
   1.3500362e-02
   5.4266741e-03
   4.6334951e-03
   1.0817122e-02
   1.5245732e-02
   6.5845452e-02
   6.9459759e-02
   4.4615299e-02
   5.2141126e-02
   3.0786434e-02
   2.5662739e-02
   5.1221479e-02
   6.8368226e-02
   2.9410753e-02
   3.7639577e-02
   4.0246505e-02
   3.7635304e-02
   3.9690811e-02
   4.3739121e-02
   2.6286179e-02
   1.2648709e-02
   3.0222815e-03
   1.6142666e-02
   2.6153009e-02
   2.6261318e-02
   3.3401635e-02
   5.6028161e-02
   6.5858603e-02
   3.1359300e-02
   4.7169525e-02
   2.9888419e-02
   2.4710029e-02
   1.5667167e-02
   4.2799763e-02
   4.6638992e-02
   3.7019972e-02
   5.5741847e-02
   7.2159059e-02
   5.1767148e-02
   4.5434903e-02
   3.0033227e-02
   3.2339435e-02
   4.6405219e-02
   5.5898461e-02
   6.0302399e-02
   3.0882433e-02
   4.3164272e-02
   5.5820759e-02
   3.4333911e-02
   2.5823912e-02
   4.0230826e-02
   3.5003521e-02
   4.2098086e-02
   2.2980975e-02
   1.6887946e-02
   4.3992825e-02
   1.7691445e-02
   5.8989983e-02
   5.5711679e-02
   3.9341439e-02
   4.6397481e-02
   3.2772351e-02
   5.3225435e-02
   3.1171365e-02
   1.0627708e-02
   2.8272273e-02
   5.7073236e-02
   5.0658688e-02
   6.6498004e-02
   3.1915087e-02
   1.8964568e-02
   2.5058949e-02
   3.7269298e-02
   2.4742691e-02
   2.6705427e-02
   2.0601794e-02
   2.9328678e-02
   4.0756840e-02
   4.2183306e-02
   3.6474817e-02
   3.4984767e-02
   3.8981736e-02
   2.2959512e-02
   2.5928663e-02
   9.6975612e-03
   2.0131208e-02
   4.1429512e-02
   3.0109273e-02
   2.8157774e-02
   3.9139312e-02
   5.0063554e-02
   2.8920284e-02
   2.2426434e-02
   1.7878866e-02
  -8.2141923e-04
   3.9136596e-02
   4.2210195e-02
   4.9353354e-02
   5.9965257e-02
   4.7938403e-02
   4.0961642e-02
   2.2125961e-02
   2.7822988e-02
   2.6673418e-02
   3.6166716e-02
   4.1023899e-02
   3.6063418e-02
   5.1676013e-02
   2.6663370e-02
   3.3593375e-02
   1.7474357e-02
   3.9448339e-02
   5.7766035e-02
   3.7579879e-02
   2.5317119e-02
   3.2223906e-02
   5.3189695e-02
   6.1200894e-02
   4.3320928e-02
   5.2276507e-02
   2.1603758e-02
   2.1372793e-02
   5.8938492e-02
   2.5481606e-02
   2.2448985e-02
   4.1629706e-02
   4.3669283e-02
   3.4158230e-02
   3.0101987e-02
   6.7380995e-02
   3.7785552e-02
   2.8275702e-02
   5.1959246e-02
   4.0318888e-02
   1.3641696e-02
   2.9978447e-02
   3.0753210e-02
   3.8112279e-02
   5.2066922e-02
   3.0779306e-02
   1.9299824e-02
   4.3480307e-02
   3.3656891e-02
   3.6073327e-02
   2.4588997e-02
   4.6808504e-02
   1.9521974e-02
   4.2865407e-02
   5.7596721e-02
   4.0634595e-02
   2.9293174e-02
   3.1279702e-02
   2.4299610e-02
   4.8029736e-02
   5.4889418e-02
   7.6738387e-02
   5.1661029e-02
   3.6933951e-02
   3.5223253e-02
   6.4346522e-02
   4.3304626e-02
   2.4063264e-03
  -1.0058528e-05
   2.8576154e-02
   4.6620611e-02
   5.3722084e-02
   6.8766311e-02
   3.9530683e-02
   3.2706864e-02
   5.9463590e-02
   9.1695070e-02
   4.7130361e-02
   2.4941923e-02
   2.0980610e-02
   2.7136585e-02
   4.0951390e-02
   1.1169088e-02
   2.3389546e-02
   6.3460357e-02
   7.3954284e-02
   4.8870549e-02
   4.4219308e-02
   5.0471596e-02
   4.7821451e-02
   4.0004730e-02
   1.6199820e-02
   1.6867120e-02
   5.1271386e-02
   4.4826441e-02
   2.8633384e-02
   3.3613000e-02
   4.8612878e-02
   6.5029770e-02
   5.7104509e-02
   4.5572791e-02
   2.3954192e-02
   2.4063235e-02
   1.9776639e-02
   1.7674694e-02
   2.0336837e-03
   3.5330582e-02
   2.4544742e-02
   3.6594089e-02
   4.9626995e-02
   4.5734998e-02
   5.3921003e-02
   3.3776421e-02
   2.0290051e-02
   2.7681144e-02
  -7.7987770e-03
   1.8949788e-02
   1.9551685e-02
   2.3976928e-02
   4.8408978e-02
   6.4668104e-02
   8.0508523e-02
   5.0244275e-02
   2.9850479e-02
  -1.5653737e-02
   5.9797177e-03
   2.2826556e-02
   1.3894534e-02
   3.9151441e-02
   7.6154709e-02
   9.4367623e-02
   1.0429078e-01
   6.2080298e-02
   5.8505330e-02
   6.0041029e-02
   2.0979241e-01
   3.9909735e-01
   1.8404484e-01
   6.3931637e-02
   5.9110388e-02
   8.3414085e-02
   8.7614849e-02
   7.8727610e-02
   8.7347291e-02
   5.3198498e-02
   3.3270724e-02
   1.5196411e-01
   1.8462940e-01
   1.3170899e-01
   6.8802558e-02
   6.1708517e-02
   4.3817129e-02
   2.6530391e-02
   3.7176050e-02
   3.3035837e-02
   2.9012812e-02
   5.1427301e-02
   2.2564877e-02
   3.8955647e-02
   4.3630645e-02
   3.7464853e-02
   7.0929669e-02
   4.4528093e-02
   5.5977851e-02
   1.7734272e-02
   2.1857353e-02
   3.3475630e-02
   1.6922195e-02
   3.8135178e-02
   8.2501993e-02
   9.8488517e-02
   5.5836625e-02
   1.2687138e-02
   1.5659960e-02
   3.3911217e-02
   4.5585014e-02
   1.3009679e-02
   1.5585507e-02
   4.9457807e-02
   3.6205806e-02
   3.2525666e-02
   5.3401638e-02
   4.9431238e-02
   3.9832618e-02
   5.7308797e-02
   4.9680453e-02
   1.5956016e-02
   1.3426878e-02
   1.7426331e-02
   2.3975460e-02
   3.6213674e-02
   5.0489303e-02
   7.6580383e-02
   8.7638400e-02
   5.7608351e-02
   2.1934614e-02
   3.0489840e-02
   4.8641000e-02
   5.5280946e-02
   5.1650818e-02
   8.9425273e-02
   3.7088450e-02
   6.2482236e-03
   2.3534352e-02
  -6.0223776e-04
   3.0373111e-02
   3.7997819e-02
   5.4175384e-02
   6.7757420e-02
   4.5414049e-02
   5.4364752e-02
   5.9079804e-02
   3.4310363e-02
   5.8875360e-02
   5.2257374e-02
   3.5431694e-02
   2.0270230e-02
   3.9338380e-02
   4.4132702e-02
   4.1967191e-02
   2.9220283e-02
   1.5740803e-02
  -2.2222332e-03
   3.6140956e-02
   4.0760674e-02
   6.1681706e-02
   5.8025178e-02
   3.0462690e-02
   5.9019443e-02
   3.6386497e-02
   3.3680558e-02
   7.4773796e-02
   5.4520689e-02
   3.9931603e-02
   4.8693080e-02
   4.6888206e-02
   5.6140535e-02
   3.9486967e-02
   5.6039080e-02
   3.8373783e-02
   2.4361631e-03
   5.0722968e-02
   2.5332253e-02
   2.7481593e-02
   6.4079195e-02
   5.4521855e-02
   6.9741480e-02
   5.0213665e-02
   6.0635317e-02
   9.4762057e-02
   1.3715492e-01
   1.0079943e-01
   6.9066003e-02
   3.8544845e-02
   1.7788138e-02
   4.8481800e-02
   5.6822103e-02
   7.6350622e-02
   7.6859824e-02
   5.7957668e-02
   4.6286754e-02
   6.5164626e-02
   4.5612708e-02
   5.8846988e-02
   6.8004765e-02
   5.6553751e-02
   3.8085420e-02
   4.7936287e-02
   3.8217820e-02
   2.5319532e-02
   4.5639895e-02
   5.1989201e-02
   2.9203203e-02
   2.7090874e-02
   2.4074223e-02
   3.3427533e-02
   4.7065787e-02
   2.1038422e-02
   3.2647945e-02
   4.5219917e-02
   4.1966546e-02
   2.5161438e-02
   2.6842851e-02
   4.7410533e-02
   5.8706570e-02
   4.5463130e-02
   1.9535251e-02
   3.6251884e-02
   5.2922502e-02
   2.1763142e-02
   2.2100326e-02
   2.8462060e-02
   5.5098332e-02
   3.3745822e-02
   1.3234681e-02
   3.9218590e-02
   5.6718718e-02
   6.5268509e-02
   4.2199057e-02
   7.9060365e-03
   2.5579125e-02
   7.7834480e-02
   5.8532894e-02
   3.8616396e-02
   3.3990774e-02
   5.3893417e-02
   4.5372065e-02
   4.4634003e-02
   5.9513189e-02
   6.0193807e-02
   4.9568005e-02
   4.7014706e-02
   3.5315715e-02
   4.0927786e-02
   2.9567732e-02
   2.7013730e-02
   4.1378442e-02
   4.3542050e-02
   5.7478059e-02
   3.5016660e-02
   7.2970517e-02
   4.4937845e-02
   4.5431159e-02
   3.3391640e-02
   2.2633778e-02
   5.9151568e-02
   6.2729217e-02
   5.7529118e-02
   3.5170812e-02
   9.3360901e-02
   9.5179878e-02
   9.9992335e-02
   7.0667446e-02
   4.2190623e-02
   3.5675045e-02
   2.8779607e-02
   3.6248602e-02
   3.7085086e-02
   5.2748013e-02
   5.0330911e-02
   4.0653303e-02
   3.8508151e-02
   4.9750149e-02
   6.0411021e-02
   5.0926730e-02
   3.4335159e-02
   3.5126269e-02
   3.6979869e-02
   2.9871488e-02
   3.1788573e-02
   3.5451360e-02
   3.0254876e-02
   1.9958796e-02
   8.7041492e-03
   1.6285866e-02
   7.0708478e-04
   1.8720591e-02
   4.9830128e-02
   4.3844189e-02
   1.8320240e-02
   1.8469092e-02
   3.9702497e-02
   2.6749173e-02
   1.1063570e-02
   3.1647902e-02
   6.6085853e-02
   5.5656675e-02
   8.7169416e-02
   5.5091776e-02
   1.5575783e-02
   2.0502906e-02
   5.8468357e-02
   1.3990742e-01
   1.7640272e-01
   6.9938302e-02
   2.9957892e-02
   4.5175400e-02
   4.4589799e-02
   4.7759913e-02
   4.8398893e-02
   4.8024837e-02
   6.3340716e-02
   1.2385692e-02
   9.6407253e-03
   1.6204501e-02
   2.9540438e-02
   2.0527067e-02
   4.4839021e-02
   6.0579468e-02
   4.5694578e-02
   2.5089629e-02
   3.9764866e-02
   5.2102115e-02
   8.5509270e-02
   1.1399495e-01
   1.0819006e-01
   1.4322485e-01
   9.8544568e-02
   3.7228018e-02
   1.5352175e-02
   2.1202590e-02
   2.1326460e-02
   2.8608173e-02
   7.0488438e-02
   9.7982273e-02
   4.8405826e-02
   1.8168148e-02
   7.9544764e-03
   1.6571794e-02
   6.7962766e-02
   6.6990532e-02
   2.7510870e-02
   2.5358319e-02
   2.6514582e-02
   2.4442460e-02
   1.6692976e-02
   2.1017211e-02
   3.6179446e-02
   6.7163520e-02
   5.4671325e-02
  -3.2835319e-03
   1.3635298e-02
   9.5055386e-02
   2.3187691e-01
   2.2556752e-01
   1.6335547e-01
   1.1854984e-01
   1.2502825e-01
   9.7713299e-02
   3.8466882e-02
   1.5715754e-01
   7.7623451e-01
   9.5324111e-01
   5.0275087e-01
   1.8397489e-01
   1.2828684e-01
   1.7623622e+00
   5.6862583e+00
   5.3545451e+00
   2.1910365e+00
   5.3683454e-01
   1.7059456e-01
   1.8876339e-01
   3.9264095e-01
   1.0398521e+00
   1.1074343e+00
   5.4905093e-01
   1.8991955e-01
   5.4993730e-02
   1.6777210e-01
   2.4645926e-01
   4.0337130e-01
   3.6939514e-01
   1.6730969e-01
   1.0735162e-01
   8.7246902e-02
   1.0703647e-01
   1.9761050e-01
   2.2395416e-01
   3.2742608e-01
   3.8068166e-01
   2.2251959e-01
   3.5421759e-02
   5.8228523e-02
   8.1595711e-02
   1.1634785e-01
   9.6658498e-02
   5.8251012e-02
   3.2401167e-02
   6.8498805e-02
   9.1606297e-02
   4.7043506e-02
   2.9953629e-02
   2.8483978e-02
  -6.7340895e-03
  -5.8760187e-03
  -1.7654890e-03
  -4.0195900e-04
   5.4852828e-02
   1.5302418e-02
  -2.0935778e-03
   7.5497036e-03
   6.5897815e-02
   1.6513857e-01
   1.6693896e-01
   8.7406293e-02
   7.4392430e-02
   2.9272833e-01
   4.1791001e-01
   2.0839012e-01
   5.9925508e-02
   9.9667609e-02
   2.0854250e-01
   1.4412229e-01
   7.5909011e-02
   7.7262588e-02
   1.6733855e-01
   7.8283709e-01
   8.6772722e-01
   4.1163346e-01
   1.3580327e-01
   2.8261064e-02
   8.1941774e-03
   1.6188672e-02
   1.3358292e-01
   1.8331030e-01
   1.1599218e-01
   2.2122979e-02
   1.2509554e-02
   3.1697616e-02
   5.1600900e-02
   8.7286875e-02
   1.0061011e-01
   1.8643487e-02
  -2.4540851e-02
  -3.6175065e-03
   3.2876268e-02
   3.2985862e-02
   4.5057740e-02
   6.6987388e-02
   6.1106641e-02
   5.1636431e-02
  -7.8637351e-04
   2.8040374e-02
   2.0539004e-02
   5.1612616e-02
   2.6290556e-02
  -3.8235120e-03
   2.6704764e-02
   5.1064774e-02
   8.2465738e-02
   9.4529592e-02
   6.9748014e-02
   3.7337765e-02
   1.3861230e-02
   2.8589148e-02
   7.4137352e-02
   5.3461675e-02
   8.0379270e-02
   6.8696290e-02
   4.3274708e-02
   8.2139835e-02
   8.6404614e-02
   9.0989076e-02
   6.9654100e-02
   7.2370343e-02
   1.7123950e-01
   1.7269015e-01
   9.1874741e-02
   3.6428735e-02
   1.5806845e-01
   4.3005127e-01
   4.5065650e-01
   2.1211588e-01
   7.7270523e-02
   2.9283214e-01
   1.2382301e+00
   1.5861299e+00
   8.9859271e-01
   3.5836604e-01
   7.6970294e-02
   9.9423960e-02
   1.9079608e-01
   2.6297975e-01
   3.2507697e-01
   1.7656806e-01
   8.1231728e-02
   6.4652957e-02
   4.8275393e-02
   3.8321342e-02
   8.4351927e-02
   8.8619195e-02
   3.8341299e-02
  -6.7544966e-03
   2.6355989e-02
   5.2644514e-02
   3.2500934e-02
   3.6303021e-02
   5.6125995e-02
   5.1134925e-02
   4.4270471e-02
   9.6088918e-03
   4.4760872e-02
   6.8596266e-02
   7.9969227e-02
   5.1662736e-02
   4.8546340e-02
   3.9230056e-02
   2.4259843e-02
   5.3783257e-02
   4.6274003e-02
   1.9012829e-02
   1.2048630e-02
   1.7021187e-02
   3.6048558e-02
   5.9381552e-02
   8.6401574e-02
   6.4607136e-02
   6.3965365e-02
   4.4969760e-02
   5.8855116e-02
   7.1283862e-02
   1.0464969e-01
   5.8074072e-02
   6.2189065e-02
   6.5181330e-02
   9.6415147e-02
   5.9017025e-02
   3.5539441e-02
   7.2816335e-02
   1.8367720e-01
   1.8201970e-01
   6.4378478e-02
   2.5912676e-02
   7.5351924e-02
   2.6425114e-01
   3.1425452e-01
   1.8555476e-01
   1.0432789e-01
   3.9170794e-02
   5.1029041e-02
   6.9116302e-02
   1.0357631e-01
   7.1256511e-02
   2.6785405e-02
   5.3703807e-02
   5.8055818e-02
   5.2778963e-02
   3.7084837e-02
   5.8002226e-02
   2.9903460e-02
   5.5544823e-03
  -8.4812064e-03
   3.1374775e-02
   4.7021445e-02
   4.8438989e-02
   7.6054320e-02
   9.0098716e-02
   5.6649972e-02
   2.4222776e-02
   1.9427503e-02
   4.0721241e-02
   2.2738159e-02
   2.9954029e-02
   3.9730012e-02
   3.8248952e-02
   1.9636361e-02
   2.5122089e-02
   3.8943540e-02
   3.8002782e-02
   4.5206156e-02
   2.6728205e-02
   3.3730734e-02
   6.5622531e-02
   4.4496123e-02
   1.7137794e-02
   1.1933695e-02
   1.6841117e-02
   4.6211269e-02
   6.3841097e-02
   4.3610610e-02
   4.9686559e-02
   3.5643950e-02
   2.0797728e-02
   3.1768657e-02
   3.6716975e-02
   4.9217376e-03
   1.9440865e-02
   5.4897208e-02
   7.3894791e-02
   2.5354566e-02
   1.4592534e-02
   2.4404809e-02
   9.9052198e-02
   1.1944836e-01
   8.1739523e-02
   1.5676985e-02
   1.5737066e-02
   6.4979300e-02
   7.6081701e-02
   5.9705898e-02
   2.4667609e-02
   4.7622304e-02
   6.1350603e-02
   3.1488989e-02
   1.3788906e-02
   6.8658024e-02
   1.0825200e-01
   1.0992141e-01
   8.7632470e-02
   3.5699937e-02
   2.3562917e-02
   6.9156036e-02
   1.0191125e-01
   7.8919344e-02
   5.7481259e-02
   6.9563225e-02
   1.4335193e-01
   2.9044700e-01
   2.9130772e-01
   1.7022285e-01
   7.7456079e-02
   8.2110368e-02
   1.8805230e-01
   1.4987706e-01
   7.4113846e-02
   5.2071009e-02
   6.6668741e-02
   1.2809901e-01
   6.5302730e-02
   4.1105818e-02
   2.6815983e-02
   4.5236256e-02
   2.0674828e-02
   4.9640883e-02
   4.6225775e-02
   3.6343198e-02
   3.0577948e-02
   3.8687706e-02
   2.3333494e-02
   1.8544523e-02
   4.7716931e-02
   3.0388178e-02
   3.0652093e-02
   2.1934222e-02
   4.1548952e-02
   4.0999766e-02
   6.9604311e-03
   2.1099007e-02
   2.9180540e-02
   4.5228593e-02
   2.3433605e-02
   2.7409550e-02
   2.1115579e-02
   2.8727291e-02
   3.6904532e-02
   1.6734200e-02
   2.1441245e-02
   2.8598094e-02
   2.1644168e-02
   2.7858911e-02
   5.9069172e-02
   8.1349835e-02
   5.6391153e-02
   4.1381635e-02
  -3.2421201e-03
   3.8793340e-02
   3.8853370e-02
   2.6950765e-02
   4.2143341e-02
   5.8651373e-02
   3.3806179e-02
   3.7006985e-02
   5.1665228e-02
   6.8230726e-02
   8.2504466e-02
   8.6118013e-02
   8.4388085e-02
   4.4840369e-02
   1.4649263e-02
   6.3974626e-02
   5.5276193e-02
   5.2303523e-02
   4.8742924e-02
   3.3067182e-02
   5.9562556e-02
   7.9858646e-02
   7.7022590e-02
   5.5423390e-02
   7.2023422e-02
   8.6356282e-02
   7.2108679e-02
   5.6220077e-02
   1.3617226e-01
   1.5946768e-01
   8.3619848e-02
   3.9491534e-02
   8.3506517e-02
   1.6033746e-01
   1.6805533e-01
   9.6565992e-02
   3.7823763e-02
   8.6650178e-02
   1.8468302e-01
   1.6486152e-01
   1.4107099e-01
   8.6149871e-02
   1.0205857e-01
   2.9005221e-01
   2.3627496e-01
   1.3188316e-01
   9.8542355e-02
   3.4587583e-01
   4.3998423e-01
   2.7561215e-01
   5.4798290e-02
   2.9512381e-02
   5.6982899e-01
   1.1938059e+00
   7.9738605e-01
   2.4736853e-01
   1.7848858e-01
   1.0739609e+00
   1.7440445e+00
   1.2255933e+00
   5.2099925e-01
   2.5380239e-01
   5.1499206e-01
   5.0222754e-01
   2.8049076e-01
   1.6138825e-01
   2.2292179e-01
   3.7252417e-01
   3.2504767e-01
   1.6386907e-01
   1.1400215e-01
   1.9543721e-01
   1.8799058e-01
   9.2398830e-02
   6.9013305e-02
   1.0533053e-01
   7.0840500e-02
   4.7168605e-02
   1.2376031e-02
  -1.4547883e-02
   1.0806413e-02
   3.5581760e-02
   3.4107666e-02
   4.9909312e-02
   9.9553056e-02
   4.4356741e-02
   2.8314505e-02
   4.1104160e-02
   5.3385369e-02
   5.5990946e-02
   3.7016753e-02
   1.5980840e-02
   2.4743788e-02
   3.3364169e-02
   4.5728676e-02
   8.5850812e-02
   1.0601114e-01
   5.8008764e-02
   1.1109025e-02
   4.9816802e-02
   6.1273936e-02
   8.3666049e-02
   7.7841334e-02
   6.2558889e-02
   8.0114938e-02
   7.0838086e-02
   3.2222211e-02
   3.6176726e-02
   1.2990201e-01
   2.7401915e-01
   2.3575692e-01
   1.1878008e-01
   5.3003915e-02
   1.4236526e-01
   1.9807304e-01
   1.3035619e-01
   6.3175119e-02
   9.0115860e-02
   1.3212556e-01
   1.5337071e-01
   1.2135097e-01
   6.0447693e-02
   2.2413313e-02
   6.0772333e-02
   5.8249056e-02
   2.8240304e-02
   2.3974711e-02
   1.9793605e-02
   4.1752387e-02
   3.8953591e-02
   1.8102368e-02
   7.3481739e-02
   1.8610995e-01
   1.8498437e-01
   6.9060870e-02
   6.8539684e-03
   1.1921301e-02
   3.6803771e-02
   2.7739249e-02
   6.6762038e-02
   1.6089642e-01
   2.1421446e-01
   1.6936852e-01
   9.5942780e-02
   4.0065989e-02
   6.1088629e-02
   4.5998011e-02
   3.5840243e-02
   2.5363803e-02
   2.3872187e-02
   1.5325326e-02
   7.6036812e-03
   1.6708814e-02
   3.1517692e-02
   2.6461346e-02
   4.8322573e-02
   4.9434479e-02
   6.0467917e-02
   1.3338010e-01
   1.5340447e-01
   1.0949869e-01
   7.3212326e-02
   4.5270387e-02
   1.8352423e-02
   8.1557475e-02
   1.0363065e-01
   9.4532527e-02
   4.4943977e-02
   8.5652336e-02
   2.1877477e-01
   2.0924266e-01
   1.6016570e-01
   6.7913435e-02
   7.3190078e-02
   1.0844752e-01
   9.0750583e-02
   3.6175199e-02
   3.9852671e-02
   4.3931495e-02
   3.2382030e-02
   9.4917808e-03
   1.4465566e-02
   4.0767044e-02
   5.2181590e-02
   2.2124054e-02
   9.6744858e-03
   1.4581231e-02
   1.7782550e-02
   3.7612751e-02
   5.5190623e-02
   1.6731534e-02
   6.3997814e-03
   2.1247543e-02
   3.1145260e-02
   5.4361042e-02
   5.6735892e-02
   5.6052286e-02
   6.1217062e-02
   6.4159647e-02
   9.9753283e-02
   1.0002115e-01
   8.7029420e-02
   6.2718675e-02
   4.0557407e-02
  -4.4425707e-03
   3.4514781e-02
   4.4307314e-02
   4.6879739e-02
   2.5157701e-02
   1.4496996e-02
   2.3554122e-02
   2.1861786e-02
   1.7892055e-02
   2.7424168e-02
   5.0397452e-02
   7.0854589e-02
   1.2210617e-01
   6.5662444e-02
   5.6303479e-02
   4.9281441e-02
   4.4782288e-02
   4.3016661e-02
   6.0800812e-03
   1.7032266e-02
   5.4198261e-02
   7.5648256e-02
   4.6090022e-02
   5.0229654e-02
   4.5552436e-02
   6.3187629e-02
   5.1275637e-02
   4.1357901e-02
   3.4641828e-02
   3.9118934e-02
   7.3113523e-02
   7.6966897e-02
   3.0833265e-02
   3.0375212e-02
   3.0324843e-02
   4.4989761e-02
   4.5215271e-02
   2.9939026e-02
   2.7693620e-02
   5.5578370e-02
   4.9658954e-02
   3.4825500e-02
   2.0161793e-02
   2.3658955e-02
   4.3528356e-02
   2.6478231e-02
   4.3428004e-02
   2.8474895e-02
   4.5184959e-02
   6.1306648e-02
   4.7305636e-02
   1.4371296e-02
   3.1676766e-02
   2.3029562e-02
   2.9793112e-02
   6.9596469e-02
   5.1257096e-02
   3.1119788e-02
   2.9864755e-02
   1.7780386e-02
   1.8706534e-02
   3.7352458e-02
   3.4608837e-02
   4.2127345e-02
   4.2693257e-02
   6.2148903e-02
   4.2467549e-02
   6.6001466e-03
   1.7647330e-02
   2.5554772e-02
   1.1789636e-02
   2.3373583e-02
   5.3686980e-02
   5.7452183e-02
   5.3599019e-02
   7.1844883e-02
   7.5832725e-02
   3.8183283e-02
   3.2326505e-02
   5.7956658e-02
   3.8422868e-02
  -1.3690025e-03
   2.8112475e-03
   1.9271567e-02
   6.3605592e-02
   5.2711312e-02
   4.7166120e-02
   1.5261875e-02
   5.1300872e-02
   6.4152941e-02
   3.7598848e-02
   4.4488337e-02
   3.9349634e-02
   7.2487451e-02
   5.7461109e-02
   4.5836423e-02
   4.9866799e-02
   6.1515886e-02
   6.9939315e-02
   6.2137403e-02
   1.0499813e-01
   1.4119522e-01
   9.4481878e-02
   6.6453405e-02
   6.6918448e-02
   5.0212052e-02
   4.4427734e-02
   5.2118581e-02
   2.2761511e-02
   2.7730783e-02
   5.3951003e-02
   3.2926448e-02
   2.0867646e-02
   3.5971407e-02
   3.7076514e-02
   5.4206431e-02
   1.7085373e-02
   1.5633561e-02
   3.7376150e-02
   3.6182944e-02
   6.6843860e-02
   5.2587181e-02
   3.7758537e-02
   3.2008193e-02
   3.3546433e-02
   2.5894446e-02
   2.0212768e-02
   8.0069778e-03
   3.6570217e-02
   4.5226842e-02
   4.6294082e-02
   1.9987006e-02
  -4.2277728e-03
   3.6485005e-02
   5.0222687e-02
   2.5129199e-02
   4.2212225e-02
   4.4231709e-02
   2.9922353e-02
   2.1743951e-02
   2.6760120e-02
   2.0930016e-02
   3.0035662e-02
   2.5435250e-02
   1.3956092e-02
   2.8942192e-03
  -3.9649666e-03
   1.2069167e-02
   2.9654477e-02
   2.6337275e-02
   1.9518998e-02
   2.8073896e-02
   5.4012660e-02
   4.4478860e-02
   5.6409054e-02
   6.4010367e-02
   5.8380876e-02
   3.7872840e-02
   3.4944754e-02
   4.0658344e-02
   3.0543042e-02
   3.9668147e-02
   1.9918781e-02
   6.7620035e-03
   3.4676127e-02
   2.6329841e-02
   2.7880995e-02
   2.8709577e-02
   2.9528143e-02
   2.2456720e-02
   3.1172877e-02
   2.9592387e-02
   5.2808013e-02
   3.9441559e-02
   3.5394613e-02
   3.5805915e-02
   4.9310658e-02
   6.5829098e-02
   6.0655612e-02
   4.2389445e-02
   3.0444128e-02
   2.3679798e-02
   3.9577253e-02
   4.1290071e-02
   4.2348325e-02
   2.8253701e-02
  -1.0636871e-03
   2.2169309e-02
   5.9030116e-02
   4.0671863e-02
   2.8489169e-02
   2.8240057e-02
   1.4706545e-02
   1.2247024e-02
   2.6065329e-02
   3.0258613e-02
   3.4567323e-02
   4.9913969e-02
   2.8739288e-02
   3.5175014e-02
   2.9409911e-02
   1.2175520e-02
   1.8617664e-02
   2.9169131e-02
   4.6129167e-02
   5.5784259e-02
   7.0437476e-02
   2.8843572e-02
   1.2909182e-02
   2.0686081e-02
   3.2741517e-02
   3.4027498e-02
   3.6966678e-02
   2.5682613e-02
   1.3983001e-02
   2.8627831e-02
   2.5516547e-02
   3.6385620e-03
   1.7558616e-02
   4.1761991e-02
   4.1608099e-02
   3.5892770e-02
   3.5511311e-02
   2.3417260e-02
   2.6578505e-02
   2.6531350e-02
   6.3962050e-02
   6.8000615e-02
   7.4204706e-02
   5.7554368e-02
   2.7646743e-02
   1.1313871e-01
   3.0852565e-01
   2.7530104e-01
   1.1432629e-01
   4.4570960e-02
   1.3762645e-01
   1.6079298e-01
   1.5591325e-01
   1.2308960e-01
   8.7821484e-02
   5.7728719e-02
   7.6461054e-02
   9.8002180e-02
   7.9189621e-02
   7.5842358e-02
   4.3310791e-02
   3.4579877e-02
   6.1128095e-02
   6.3452087e-02
   5.4824203e-02
   5.5221304e-02
   2.4517674e-02
   4.5011841e-02
   4.1981857e-02
   5.7984434e-02
   5.4020029e-02
   5.3305551e-02
   5.6513973e-02
   3.4383193e-02
   1.9566651e-02
   2.9114796e-02
   3.6386985e-02
   1.6573446e-02
   1.4092050e-02
   2.3328712e-02
   2.0297099e-02
   2.3302883e-02
   3.2175425e-02
   1.7668590e-02
   9.2167202e-03
   2.5331190e-02
   3.3231471e-02
   2.4680642e-02
   2.8299509e-02
   1.3264221e-02
   3.0854139e-02
   5.2146968e-02
   2.5495507e-02
   2.0781238e-02
   1.9269785e-02
   3.2532334e-02
   2.3064673e-02
   4.0502775e-02
   5.9007898e-02
   4.6249997e-02
   2.7740680e-02
   1.1772647e-02
   5.4540958e-02
   4.8362304e-02
   6.0347080e-02
   4.7855545e-02
   3.7321515e-02
   3.3153355e-02
   4.2194169e-02
   4.2194866e-02
   3.4856021e-02
   2.9987883e-02
   1.6506471e-02
   2.5719916e-02
   1.8699652e-02
   2.3213536e-02
   2.4060167e-02
   3.3038754e-02
   3.4182440e-02
   3.1121077e-02
   3.5276622e-02
   3.9477382e-02
   1.2638254e-02
   2.4073411e-02
   2.7769182e-02
   3.1591192e-02
   5.7848822e-02
   4.0475138e-02
   2.7301355e-04
   9.2566554e-03
   2.9547889e-02
   2.8916156e-02
   4.1773546e-02
   4.1706435e-02
   3.6110051e-02
   5.2454352e-02
   4.2475007e-02
   2.2213759e-02
   3.4084696e-02
   2.4801366e-02
   3.9814346e-02
   6.1024848e-02
   4.6925876e-02
   3.9153606e-02
   3.0833369e-02
   7.8850292e-04
   9.9076983e-03
   6.5382230e-03
   2.3665568e-02
   2.5843127e-02
   5.0539698e-02
   3.7195876e-02
   2.5047142e-02
   3.3088770e-02
   5.3524524e-02
   4.5957074e-02
   4.1531838e-02
   2.3143299e-02
   3.7522305e-02
   3.5947315e-02
   1.8085305e-02
   3.1150246e-02
   2.7222848e-02
   1.1086982e-02
   2.9471733e-03
   1.7721059e-03
   2.6466543e-02
   3.0558614e-02
   4.5180764e-02
   4.4138212e-02
   4.9569007e-02
   3.3478610e-02
   2.6042758e-02
   3.4204315e-02
   2.6657993e-02
   2.6670728e-02
   7.2309631e-03
   1.7046491e-02
   1.9353133e-02
   3.3734396e-02
   2.9622000e-02
   2.0418560e-02
   2.4510473e-02
   4.0020317e-02
   4.2921305e-02
   4.6055369e-02
   9.7819855e-03
   2.4359792e-02
   1.9275503e-02
   2.7771788e-02
   2.8999697e-02
   3.1957801e-02
   2.7208790e-02
   2.3105565e-02
   3.4620069e-02
   4.0140301e-02
   2.7130226e-02
   1.5388577e-02
   1.7230885e-02
   1.2037196e-02
   2.5436876e-02
   4.5673411e-02
   3.9557394e-02
   1.7033193e-02
   1.7391691e-02
   3.5256617e-02
   2.5083778e-02
   1.6131764e-02
   2.3057308e-02
   2.9592795e-02
   2.7777001e-02
   3.4303397e-02
   3.1736664e-02
   2.6178496e-02
   1.5282146e-02
   3.0761443e-02
   1.9311219e-02
   1.6515840e-02
   3.3178791e-02
   4.7153369e-02
   2.8821953e-02
   2.3837071e-02
   2.3495508e-02
   2.2623327e-02
   2.8066983e-02
   5.0278917e-02
   4.9133319e-02
   2.5295757e-02
   2.1444272e-02
   4.8915245e-02
   3.5405282e-02
   3.9163727e-02
   2.5020095e-02
   2.0464817e-02
   2.3304248e-02
   3.5587531e-02
   6.3498169e-02
   3.5698056e-02
   3.3845272e-02
   3.7666649e-02
   2.3715250e-02
   1.3507747e-02
   1.7024366e-02
   4.0814497e-02
   4.4227514e-02
   2.5783846e-02
   2.3076069e-02
   3.3601202e-02
   2.9726904e-02
   3.6643896e-02
   2.0442439e-02
   1.3167858e-02
   2.4914335e-02
   5.6050178e-03
   1.3798534e-02
   1.3817472e-02
   1.8584868e-02
   4.4495553e-02
   3.5846617e-02
   4.7062937e-02
   5.8435991e-02
   4.6289954e-02
   1.2056440e-02
   3.8063947e-02
   5.9903231e-02
   6.2455092e-02
   2.6142128e-02
   2.2884581e-02
   3.2313418e-02
   1.8769067e-02
   3.0683484e-02
   3.1761501e-02
   3.4294102e-02
   2.3626983e-02
   1.1870769e-02
   1.6978743e-02
   1.5766680e-02
   3.9209839e-02
   3.5963729e-02
   1.2572047e-02
   1.6184652e-02
   2.8490411e-02
   3.0460704e-02
   4.9115065e-02
   5.6182168e-02
   4.9502190e-02
   2.4511429e-02
   2.1678906e-02
   3.6344852e-02
   5.1088881e-02
   4.3938037e-02
   3.2061402e-02
   3.6110729e-02
   3.1006334e-02
   2.5946412e-02
   3.1195195e-02
   3.4569979e-02
   2.1386858e-02
   3.3752944e-02
   2.8516540e-02
   3.6877804e-02
   3.0777451e-02
   2.0621277e-02
   2.3167243e-02
   2.1956528e-02
   2.6073519e-02
   4.4099163e-02
   2.9373473e-02
   3.8254656e-02
   4.4160295e-02
   3.4367003e-02
   2.4839561e-02
   2.1351168e-02
   1.7356923e-02
   3.5150081e-02
   3.0959537e-02
   2.8139764e-02
   4.9611595e-02
   2.6692275e-02
   3.5758324e-02
   2.4365822e-02
   1.5333447e-02
   1.8897694e-02
   3.1968802e-02
   4.1300628e-02
   6.6668452e-03
   9.3821306e-03
   3.8261138e-02
   4.0497534e-02
   4.9007751e-02
   3.4135774e-02
   2.6895616e-02
   4.7262623e-03
   1.2228728e-02
   1.3967505e-02
   4.0128551e-02
   1.6462047e-02
   7.6162959e-03
   2.0519808e-02
   1.9450611e-02
   2.7825080e-02
   5.4590855e-02
   3.6375836e-02
   5.3100277e-02
   4.3522034e-02
   3.5132959e-02
   3.6889214e-02
   2.3771295e-02
   3.6847278e-02
   2.1757470e-02
   2.7949315e-02
   2.4722936e-02
   3.7386537e-02
   4.7329634e-02
   4.0028598e-02
   4.0421881e-02
   3.8966436e-02
   1.7041422e-02
   3.1098276e-02
   2.2405457e-02
   3.1971212e-02
   3.6165688e-02
   3.1649295e-02
   5.0678570e-02
   5.2992959e-02
   3.8550925e-02
   3.0574538e-02
   1.0053519e-02
   1.4479819e-02
   1.5655518e-02
   3.4169792e-03
   6.2980759e-03
   2.3937488e-02
   1.9093011e-02
   2.0712679e-02
   3.0011572e-02
   1.8575393e-02
   4.6582960e-02
   5.0579842e-02
   2.6066631e-02
   1.2131488e-02
   1.7693203e-02
   6.9429949e-03
   1.5544167e-02
   3.0915592e-02
   4.6815276e-02
   4.5841727e-02
   4.9404938e-02
   8.1394695e-02
   5.0742507e-02
   3.0250780e-02
   1.4689859e-02
   2.2483917e-02
   6.7527941e-03
   1.2036558e-03
   1.8792834e-02
   1.5921563e-02
   5.5140160e-02
   9.2399463e-02
   6.8811961e-02
   5.1052984e-02
   2.6214434e-02
   3.5047110e-02
   2.9377755e-02
   2.0274643e-02
   3.1795468e-02
   9.7750179e-02
   2.6150963e-01
   2.9453984e-01
   2.0271751e-01
   1.1270481e-01
   3.2904763e-02
   3.5354279e-02
   3.3203363e-02
   2.7382255e-02
   2.1694222e-02
   1.3496300e-02
   2.5820950e-02
   3.5872117e-02
   6.0218088e-02
   5.4201331e-02
   2.7868537e-02
   2.8233526e-03
  -4.5585926e-03
   2.1085199e-02
   2.9184723e-02
   1.8040219e-02
   3.3690732e-02
   3.4205750e-02
   1.7504463e-02
   2.5442438e-02
   3.5612419e-02
   2.8344898e-02
   3.6416441e-02
   2.6918892e-02
   2.4404725e-02
   3.6151096e-02
   2.1751840e-02
   1.7198652e-02
   3.8091660e-02
   8.3628617e-02
   5.8236655e-02
   4.1917492e-02
   4.5998845e-02
   3.8560800e-02
   1.5845770e-02
   8.5109696e-03
   1.1347529e-02
   9.3152754e-02
   1.6352248e-01
   1.5252727e-01
   1.0186383e-01
   5.6956019e-02
   2.9002350e-02
   1.6492441e-02
   1.3871395e-02
   2.3037305e-02
   2.7029788e-02
   3.7601613e-02
   6.2335465e-02
   3.1977043e-02
   6.1395552e-02
   5.6301489e-02
   1.1202496e-02
   2.1628043e-02
   1.8466182e-02
   2.3819152e-02
   3.1849656e-02
   3.3304423e-02
   2.0882409e-02
   1.7985178e-02
   2.4850920e-02
   2.3641048e-02
   3.2804705e-02
   4.4813778e-02
   4.4667143e-02
   3.7487682e-02
   2.7642921e-02
   2.5993152e-02
   2.8024195e-02
   1.4257199e-02
   3.1154275e-02
   3.5653457e-02
   9.1510341e-03
   3.3212662e-02
   4.2812899e-02
   5.7492770e-02
   4.8900153e-02
   3.7570003e-02
   2.2684418e-02
   3.0056160e-02
   1.9802578e-02
   1.2123898e-02
   8.0489172e-03
   1.4431266e-02
   3.6370419e-02
   2.5812358e-02
   1.9150995e-02
   1.1873101e-02
   1.4485197e-02
   1.8423978e-02
   1.0367335e-02
   1.4396999e-02
   1.8248513e-02
   1.2592572e-02
   5.7401769e-02
   8.0714487e-02
   6.5807149e-02
   5.0988577e-02
   2.1052344e-02
   1.3341735e-02
   3.2919843e-02
   3.1462710e-02
   1.5639124e-02
   1.4990621e-02
   1.3873280e-03
   3.2109506e-02
   3.1392839e-02
   4.8093729e-02
   4.6353139e-02
   1.3380439e-02
   4.9458640e-03
   6.1683431e-03
   2.2035465e-02
   3.4325156e-02
   3.2213539e-02
   2.5756003e-02
   4.6161905e-02
   2.2817601e-02
   1.5282903e-02
   3.8728498e-02
   4.8387919e-02
   2.4886850e-02
   3.9626673e-02
   3.0121138e-02
   1.1698009e-02
   1.3319645e-02
   2.5314722e-02
   1.0778939e-02
   3.0020107e-02
   2.5754012e-02
   2.7909335e-02
   5.3793482e-02
   3.1189630e-02
   1.4034783e-02
   2.0969694e-02
   2.8057504e-02
   3.6925972e-02
   2.7114810e-02
   1.4778229e-02
   1.2159827e-02
   1.2204074e-02
   1.0095909e-02
   2.1813527e-02
   2.0387538e-02
   1.8202087e-02
   3.1517521e-02
   1.9111626e-02
   1.7306585e-02
   2.3528695e-02
   2.2704767e-02
   3.2585297e-02
   1.4957945e-02
   4.7418671e-03
   1.1251397e-02
   3.1446137e-02
   2.5288660e-02
   2.5191138e-02
   2.6421519e-02
   4.5836452e-02
   3.3867218e-02
   1.8935468e-02
   6.2409211e-02
   5.3187359e-02
   4.5726582e-02
   4.1322716e-02
   4.2338643e-02
   2.2986166e-02
   3.1527206e-02
   3.1621303e-02
   2.7163219e-02
   1.9827375e-02
   4.4673059e-02
   4.5500603e-02
   3.4651689e-02
   1.3548343e-02
   8.4112110e-03
   6.8885488e-03
   4.1056392e-03
   3.6503602e-02
   4.5307223e-02
   4.4006057e-02
   3.9357461e-02
   4.1788552e-02
   3.1673729e-02
   2.5024010e-02
   2.2909818e-02
   1.4179729e-02
   1.5831033e-02
   2.4724869e-02
   3.3965509e-03
   1.9586265e-02
   5.7952356e-02
   4.1835107e-02
   3.0586550e-02
   3.9711647e-02
   3.2153834e-02
   3.1562936e-03
   1.6442113e-02
   3.3482522e-02
   4.1920792e-02
   1.9132737e-02
   2.8925119e-02
   2.9544286e-02
   2.5584308e-02
   2.9883713e-02
   2.5661098e-02
   1.3873399e-02
   1.8951284e-02
   2.6157668e-02
   3.2995038e-02
   9.8344740e-03
   5.1509603e-03
   1.2907783e-02
   3.3631962e-02
   1.7179715e-02
   2.9419573e-02
   3.8395740e-02
   7.0950001e-02
   6.5586738e-02
   4.7500871e-02
   3.7783802e-02
   2.8787451e-02
   2.6810762e-02
   5.0780200e-03
   2.2477554e-02
   1.7975109e-02
   1.2256509e-02
   3.0223334e-02
   2.0750232e-02
   2.2660680e-02
   4.7803305e-02
   4.6783634e-02
   4.9651433e-02
   3.2981709e-02
   3.1872563e-02
   4.7684126e-02
   3.6283668e-02
   3.6082923e-02
   3.3535089e-02
   3.9402738e-02
   9.1687758e-03
  -8.4091770e-04
   1.8721176e-02
   5.1554937e-02
   4.5044553e-02
   1.2082885e-02
   1.9063946e-02
   2.1614403e-02
   2.8497549e-02
   2.0969845e-02
   1.6232084e-02
   3.7979107e-02
   2.7672473e-02
   3.5285290e-02
   2.3021713e-02
   1.9764015e-02
   3.0144302e-02
   3.4254093e-02
   1.8173352e-02
   3.1948292e-03
   1.0124564e-02
   3.4618396e-02
   2.5991047e-02
   3.2694694e-02
   1.9036580e-02
   2.0996802e-02
   1.1498434e-02
   2.1111896e-02
   4.6308313e-02
   4.5271054e-02
   2.3277812e-02
   3.7462436e-02
   3.5600968e-02
   2.8830359e-02
   1.2281635e-02
   2.8421106e-02
   4.3418951e-02
   3.1541266e-02
   1.4792098e-02
   3.5345215e-02
   4.1608650e-02
   2.7700676e-02
   2.1621019e-02
   1.5084808e-02
   2.4005843e-02
   2.7659437e-02
   4.5925844e-03
   1.5115995e-02
   3.5664495e-02
   3.7246991e-02
   2.6016321e-02
   1.9732933e-02
   1.8290529e-02
   3.1598657e-02
   2.1577971e-02
   1.1770103e-02
   1.4209224e-02
   2.2154655e-02
   5.0225805e-02
   3.7476465e-02
   1.6846992e-02
  -5.8262427e-03
   1.0974537e-02
   2.5468884e-02
   3.7852872e-02
   2.2768922e-02
   1.1954412e-02
   2.4007451e-02
   1.6580280e-02
   2.8550794e-02
   2.5574306e-02
   1.7342402e-02
   2.4082540e-02
   2.7360231e-02
   1.1299648e-02
   2.3960158e-02
   1.8062674e-02
   2.0155465e-02
   3.0742206e-02
   2.5543958e-02
   2.0043595e-02
   3.1417146e-02
   2.5520835e-02
   1.7007304e-02
   4.0059924e-02
   5.1710840e-02
   5.1579215e-02
   4.5846149e-02
   2.6103096e-02
   9.2999628e-03
   2.3487324e-02
   2.4324404e-02
   3.6107413e-02
   2.5920058e-02
   4.6598036e-02
   5.6247383e-02
   3.2492947e-02
   3.6444001e-02
   3.0618381e-02
   9.4101606e-03
   1.3043833e-02
   2.1650843e-02
   5.0058559e-02
   1.0246031e-01
   8.5902795e-02
   3.9537378e-02
   4.8837196e-02
   4.0725332e-02
   2.9021960e-02
   3.5604302e-02
   4.1463718e-02
   3.3161964e-02
   2.3120288e-02
   2.2760116e-02
   2.7334668e-02
   3.4129869e-02
   2.5419684e-02
   1.2010890e-02
   3.0206623e-02
   4.0396273e-02
   3.2473769e-02
   2.8137114e-02
   1.7494425e-02
   2.7720720e-02
   2.1694377e-02
   1.4874022e-02
   2.6281912e-02
   2.3524340e-02
   2.9232455e-02
   2.6167316e-02
   2.7871013e-02
   3.1653456e-02
   4.2603802e-02
   2.1061815e-02
   3.5760719e-02
   1.9986987e-02
   3.1761464e-02
   2.9057031e-02
   1.0619072e-02
   9.6765421e-03
   2.8898872e-02
   3.1282414e-02
   4.9368531e-02
   4.9371548e-02
   5.0314929e-02
   2.3353437e-02
   2.0398967e-02
   1.5341251e-02
   4.5644335e-02
   3.3529919e-02
   3.0290717e-02
   3.1945605e-02
   3.0479191e-02
   3.4716181e-02
   3.1525388e-02
   2.1098416e-02
   3.6042113e-02
   6.2334705e-02
   4.6245854e-02
   2.4623958e-02
   1.4986346e-02
   9.9593615e-03
   3.9448902e-02
   1.2108219e-02
   1.9978167e-02
   1.8903742e-02
   2.0376524e-02
   2.8017541e-02
   2.0238718e-02
   2.3375375e-02
   4.4123400e-02
   2.9497160e-02
   1.7276675e-02
   2.9083803e-02
   2.6267568e-02
   2.9527755e-02
   4.7529165e-02
   4.9575821e-02
   4.9722042e-02
   3.4055986e-02
   7.0669451e-03
   1.5776016e-02
   1.5544213e-02
   9.9171763e-03
   2.6418757e-02
   3.8948759e-02
   3.8055334e-02
   2.2160409e-02
   6.9199470e-03
   1.4509134e-02
   1.4737380e-02
   3.0799029e-02
   5.3482451e-02
   7.7760667e-02
   8.9272060e-02
   6.7973144e-02
   4.7058113e-02
   2.3532460e-02
   2.9762248e-02
   6.1601117e-02
   1.2535776e-01
   1.3915187e-01
   1.0556185e-01
   3.3092272e-02
   2.8411593e-02
   1.1911127e-02
   3.6495861e-02
   7.4848652e-02
   6.1622344e-02
   4.6714034e-02
   4.6343137e-02
   2.1712400e-02
   2.4582261e-02
   2.1620994e-02
   3.0697698e-02
   3.8315546e-02
   5.0138760e-02
   6.3373357e-02
   3.5136074e-02
   2.6131466e-02
   7.9595214e-03
   1.1250482e-02
   3.6744695e-02
   4.7727875e-02
   2.3843117e-02
   1.0318696e-02
   3.4108028e-02
   2.8422371e-02
   1.0748819e-02
   7.5309472e-03
   2.3409165e-02
   3.9301679e-02
   8.8199176e-02
   7.9666011e-02
   8.9931466e-02
   4.6272732e-02
   1.9837681e-02
   5.6735985e-03
   3.1884179e-02
   5.2334350e-02
   5.4241396e-02
   4.9212337e-02
   6.5673567e-02
   5.8160502e-02
   3.3177175e-02
   4.6940397e-02
   2.5876408e-02
   3.3677023e-02
   2.8568391e-02
   3.5621893e-02
   6.2144343e-02
   3.1893667e-02
   2.6850089e-02
   3.2252628e-02
   2.7130758e-02
   4.4699978e-02
   4.1771475e-02
   3.5363000e-02
   2.6738802e-02
   4.9333096e-02
   2.3594029e-02
   3.8463969e-02
   9.1712907e-02
   9.0888232e-02
   1.1095544e-01
   8.4049515e-02
   2.4557877e-02
   1.5821926e-02
   3.4879297e-02
   4.1827612e-02
   4.0124927e-02
   6.0605690e-02
   4.0272288e-02
   1.2350066e-02
   1.1236904e-02
   1.3872109e-01
   1.9682273e-01
   1.2616439e-01
   5.2853502e-02
   1.9603021e-02
   1.8438449e-02
   1.1201805e-02
   3.9291888e-02
   3.0284983e-01
   1.0141559e+00
   1.3345586e+00
   9.0441310e-01
   4.3640622e-01
   1.5738086e-01
   2.8831109e-02
   7.5778374e-03
   5.9678122e-02
   1.1715660e-01
   7.2738886e-02
   7.6674365e-02
   1.0677049e-01
   9.8840624e-02
   1.0062501e-01
   8.5521579e-02
   2.5881785e-01
   4.9914497e-01
   4.8167479e-01
   2.8437752e-01
   1.3570540e-01
   4.1657183e-02
   6.5394200e-02
   6.6805996e-02
   3.7942160e-02
   4.0144257e-02
   2.7980506e-02
   6.2012255e-02
   9.2860885e-02
   1.3126218e-01
   8.6072370e-02
   3.5377491e-02
   6.2312081e-02
   8.7099575e-02
   5.1127706e-02
   2.7315326e-02
   1.6397212e-02
   2.6631763e-02
  -8.5451296e-03
   1.6281554e-02
   4.2388268e-02
   1.0982924e-01
   5.6989469e-02
   4.3331716e-02
   5.6272291e-02
   4.2449962e-02
   1.8699124e-02
   5.5900265e-02
   9.0236850e-02
   1.3988869e-01
   1.7167994e-01
   8.0396496e-02
   5.7297293e-02
   4.1626032e-02
   3.7166219e-02
   3.1918600e-02
   1.6340476e-02
   1.5885662e-03
   2.2924393e-02
   2.4113694e-02
   4.5272361e-02
   3.9650992e-02
   5.0066043e-02
   8.4648490e-02
   1.0039169e-01
   7.9192378e-02
   5.9036806e-02
  -1.8973985e-03
   4.2598639e-03
   5.0131522e-02
   6.6762030e-02
   6.1605513e-02
   7.2697081e-02
   4.0077988e-02
   2.1422366e-02
   4.2276170e-02
   2.3394380e-02
  -1.6590354e-03
   5.1755086e-02
   4.5471333e-02
   5.5132464e-02
   1.6794181e-01
   2.8546742e-01
   2.0903690e-01
   1.2488230e-01
   7.5124875e-02
   8.7894373e-02
   4.7185689e-02
   2.7721269e-02
   3.2701988e-02
   7.4975476e-02
   1.6299419e-01
   2.6049781e-01
   3.2297239e-01
   2.2389324e-01
   1.0850974e-01
   8.2833700e-02
   1.5104933e-01
   1.1310920e-01
   8.3775632e-02
   1.2830387e-01
   2.4880615e-01
   2.9865098e-01
   2.0021503e-01
   1.4986525e-01
   1.8681087e-01
   1.5000162e-01
   1.5065186e-01
   1.6374891e-01
   1.3252038e-01
   5.2261945e-02
   2.5018943e-02
   1.7396752e-02
   4.8622113e-02
   4.7269102e-02
   2.3441631e-02
   8.0883326e-03
   2.0470509e-02
   4.6661586e-02
   4.8508462e-02
   3.3325285e-02
   3.6138438e-02
   4.0765647e-02
   4.1739251e-02
  -1.7157838e-02
   8.3097825e-03
   2.7827928e-02
   3.8272675e-02
   9.7064011e-02
   1.3244008e-01
   1.0716598e-01
   8.1629924e-02
   5.5970311e-02
   1.0624645e-02
   1.4696759e-02
   4.9489789e-02
   7.1364336e-02
   7.9291344e-02
   7.2248302e-02
   7.2937064e-02
   5.3586632e-02
   6.6799477e-02
   8.7683424e-02
   6.9698140e-02
   3.8490411e-02
   3.9859831e-02
   8.0778174e-02
   6.9043130e-02
   4.0021457e-02
   4.8889276e-02
   4.1639969e-02
   3.6020625e-02
   2.3416065e-02
   2.6674483e-02
   3.3190493e-02
   7.0826553e-02
   6.5710291e-02
   4.2385250e-02
   4.0287789e-02
   9.9471528e-03
  -7.9752831e-03
   4.4928357e-02
   1.8108656e-01
   4.9916664e-01
   5.5560100e-01
   3.4619454e-01
   1.4153457e-01
   2.3892934e-02
   1.5655125e-02
   4.2132735e-02
   5.0282843e-02
   5.3026251e-02
   3.4662116e-02
   8.2607679e-02
   7.5787716e-02
   6.3945912e-02
   4.0543534e-02
   7.2651967e-02
   5.1604934e-02
   1.8541319e-02
   1.2150655e-02
   7.6948628e-02
   9.9499002e-02
   7.2615512e-02
   6.8970919e-02
   6.8228066e-02
   3.2927655e-02
   2.3051474e-02
   1.5997199e-02
   1.5483292e-02
   3.3852760e-02
   5.6230016e-02
   3.0874494e-02
   3.8823210e-02
   3.4958981e-02
   3.1071015e-02
   5.5929188e-02
   4.2332981e-02
   6.0392760e-02
   4.5806978e-02
   3.2491781e-02
   2.9089894e-02
   4.0317558e-02
   2.7357081e-02
   2.0309078e-02
   6.4683437e-02
   6.9686286e-02
   1.0351323e-01
   9.6663103e-02
   1.0388040e-01
   1.4743462e-01
   1.3374604e-01
   4.2292297e-02
   2.0868365e-02
   5.0339758e-02
   5.4754995e-02
   8.3217934e-02
   1.5559998e-01
   1.7671381e-01
   1.4215277e-01
   8.1430368e-02
   1.1843873e-01
   1.0068060e-01
   1.5363149e-02
   1.7804354e-02
   6.7404822e-02
   1.2999853e-01
   1.3482247e-01
   1.8182129e-01
   1.5201041e-01
   9.1726333e-02
   1.8105057e-01
   3.0889240e-01
   1.7768621e-01
   1.0631420e-01
   2.7393442e-01
   6.6702783e-01
   5.8718312e-01
   2.0598531e-01
   1.4302972e-01
   1.6979901e-01
   1.1418333e-01
   5.3240664e-02
   1.0343792e-01
   1.1525826e-01
   9.1630824e-02
   2.7764175e-02
   8.4224366e-02
   4.0262029e-02
   3.3445042e-02
   7.1813032e-02
   1.9873482e-01
   2.1305194e-01
   1.1077133e-01
   8.1030332e-02
   5.1745996e-02
   7.0508137e-02
   8.0226585e-02
   8.7741524e-02
   6.2543996e-02
   6.4646326e-02
   3.7069090e-02
   8.5830361e-02
   6.2153406e-02
   3.6288816e-02
   4.3125093e-02
   9.3266100e-02
   6.0411938e-02
   1.0401332e-01
   2.1091038e-01
   2.3442677e-01
   1.5166119e-01
   8.5577086e-02
   3.5819065e-02
   1.4424548e-02
   4.3083265e-02
   1.5052916e-01
   2.6379102e-01
   2.9374072e-01
   2.5375167e-01
   2.6219255e-01
   1.8714607e-01
   5.1549174e-02
   1.8391907e-02
  -2.5110056e-03
   4.5449990e-03
   4.4918124e-02
   1.1035436e-01
   6.9556601e-02
   6.7260429e-02
   6.1176393e-02
   3.3625279e-02
   1.1938879e-02
   2.5791986e-02
   4.0357605e-02
   5.5819266e-02
   4.7150698e-02
   7.4312665e-02
   8.2694523e-02
   6.2108815e-02
   1.7506691e-02
   3.3146162e-02
   4.7421414e-02
   4.9763020e-02
   5.8674019e-02
   5.6398157e-02
   9.1214567e-02
   5.3353790e-02
   5.9152648e-02
   6.5691680e-02
   6.5271948e-03
   1.1900358e-03
   2.1002410e-02
   4.8291292e-02
   8.5765973e-02
   7.1312353e-02
   6.9674365e-02
   9.1138989e-02
   1.0944450e-01
   9.8568149e-02
   8.8860542e-02
   5.0776713e-02
   5.2952982e-02
   7.2939128e-02
   7.0636146e-02
   2.5691807e-02
   2.1956502e-02
   8.1583537e-02
   2.0673153e-01
   2.6455015e-01
   1.9788761e-01
   1.0961986e-01
   4.3324701e-02
   6.0859006e-02
   4.4574413e-02
   1.4856556e-01
   5.6988627e-01
   1.0060430e+00
   8.6135834e-01
   4.4468641e-01
   1.7556924e-01
   7.7547960e-02
   4.8508640e-02
   8.0443388e-03
   1.4323939e-03
   1.1361373e-02
   7.7847756e-02
   1.7559278e-01
   1.3047659e-01
   1.1179920e-01
   7.4869640e-02
   3.4835454e-02
  -7.8005916e-03
   1.2282862e-02
   3.5202358e-02
   3.4153782e-02
   2.6394743e-02
   4.0371757e-02
   2.3072032e-02
   3.1687003e-02
   5.1838201e-02
   1.2096136e-01
   1.4027970e-01
   1.2326512e-01
   6.5788642e-02
   6.4382367e-02
   4.1249003e-02
   2.5623269e-02
   1.9723217e-01
   5.5604756e-01
   6.3082361e-01
   4.3485433e-01
   2.4835965e-01
   1.3198841e-01
   7.5001776e-02
   7.0744567e-02
  -8.1079453e-03
   9.7859064e-03
   5.2910917e-02
   1.8527022e-01
   4.2906052e-01
   4.1524306e-01
   2.8720602e-01
   1.9541042e-01
   4.7157422e-02
   2.0340232e-02
   2.1454159e-02
   1.1415371e-01
   2.6577023e-01
   3.5868764e-01
   2.9387367e-01
   1.9241735e-01
   1.9881937e-01
   1.6947165e-01
   9.7241275e-02
   6.4455189e-02
   6.5900788e-02
   3.3569541e-02
   9.3985103e-02
   3.4637827e-01
   5.3155428e-01
   5.5412000e-01
   3.6333576e-01
   1.2471841e-01
   3.7639275e-02
   8.4856816e-02
   1.5536331e-01
   7.2074813e-01
   1.5296783e+00
   1.8277158e+00
   1.2625757e+00
   8.0787057e-01
   8.9571923e-01
   8.4701842e-01
   6.1360419e-01
   3.4368429e-01
   5.3459570e-02
  -1.2464325e-03
   7.3244548e-01
   3.4317186e+00
   6.4292622e+00
   6.1401730e+00
   3.4386544e+00
   1.2942849e+00
   4.7196245e-01
   2.3367311e-01
   2.3352835e+00
   1.4785453e+01
   3.1077456e+01
   3.0911678e+01
   1.8438412e+01
   7.4163494e+00
   2.2694521e+00
   6.0198855e-01
   1.2095439e-01
   1.8137371e-02
   2.6329178e-01
   2.4150417e+00
   5.3971877e+00
   5.6499448e+00
   3.6194844e+00
   1.6076773e+00
   3.7503839e-01
  -1.6799362e-01
  -1.3935693e-01
   3.4465167e-01
   5.9990269e-01
   1.0218350e+00
   1.6311780e+00
   1.4874617e+00
   7.5775492e-01
   2.6001585e-01
   1.5905663e-01
   1.0913143e-01
   1.6465297e-01
   4.3436980e-01
   6.0324728e-01
   7.7231151e-01
   7.9079968e-01
   1.0814589e+00
   1.4971178e+00
   1.3131007e+00
   7.1077144e-01
   1.3924231e-01
   5.7470385e-02
   1.7318991e-01
   3.2085028e-01
   3.2085606e-01
   2.9597393e-01
   2.0796739e-01
   2.0661783e-01
   1.5896890e-01
   1.2152113e-01
   2.0475082e-01
   3.9473191e-01
   3.7016386e-01
   2.2697300e-01
   1.4160354e-01
   1.1032773e-01
   2.0988211e-01
   2.6842260e-01
   1.3085154e-01
  -2.8228385e-02
  -6.3549519e-02
   5.4568920e-02
   2.1168928e-01
   2.9984900e-01
   2.3286223e-01
   3.6203344e-03
  -8.6887114e-02
  -7.6088622e-02
   1.1443350e-01
   5.2385819e-01
   8.3524340e-01
   8.9408928e-01
   6.0160965e-01
   2.4291860e-01
   7.8419104e-02
   5.7895017e-01
   1.8468415e+00
   2.1295555e+00
   1.3788266e+00
   5.0131094e-01
   1.8772958e-01
   4.8292774e-01
   1.0935972e+00
   1.1989218e+00
   6.7651784e-01
   3.2423463e-01
   3.3842582e-01
   3.0590194e-01
   5.1197726e-01
   2.2553465e+00
   5.3594375e+00
   5.9242048e+00
   3.8315156e+00
   1.6737369e+00
   5.7720995e-01
   2.1834619e-01
   1.7263515e-01
   4.1893058e-02
   1.2604971e-01
   5.3083557e-01
   1.1775556e+00
   1.2038708e+00
   7.1999413e-01
   3.2977024e-01
   1.0439740e-01
   1.4548731e-02
   5.6844998e-02
   1.6199476e-01
   2.1157770e-01
   3.1385723e-01
   4.6812162e-01
   3.9488271e-01
   1.6477077e-01
   2.2181766e-02
  -8.3991227e-04
   1.3693354e-02
   8.1021465e-02
   1.2964025e-01
   1.2362873e-01
   1.1996861e-01
   1.8611872e-01
   2.1157113e-01
   2.6835385e-01
   2.1093294e-01
   1.0537244e-01
  -2.9330754e-03
   6.4838901e-02
   7.3230676e-02
   4.4827137e-02
   8.4871858e-02
   4.1935258e-02
   4.5595080e-02
   2.3841834e-02
   3.9917573e-02
   2.8468059e-02
   5.9470315e-02
   1.5121041e-01
   1.7682673e-01
   1.7434138e-01
   1.6706526e-01
   8.0328599e-02
   6.0473386e-02
   3.0470667e-02
   4.5357086e-02
   7.3198423e-02
   2.0324609e-01
   2.8578228e-01
   2.8607726e-01
   2.1660544e-01
   8.5898906e-02
   4.6216599e-03
   1.2376328e-01
   2.5671673e-01
   4.1094214e-01
   4.2307860e-01
   4.0037310e-01
   2.6757798e-01
   1.0114141e-01
   2.0338061e-01
   4.3459424e-01
   6.0197586e-01
   5.1794428e-01
   2.2937754e-01
  -2.7042878e-04
   1.3069887e-01
   8.5986066e-01
   1.9210067e+00
   2.2453456e+00
   1.4308532e+00
   6.4191961e-01
   2.1212202e-01
   1.1754645e-01
   1.2771276e+00
   4.7476606e+00
   7.4348817e+00
   6.3582878e+00
   3.6406481e+00
   1.5597821e+00
   6.1248374e-01
   2.0524442e-01
   2.3453860e-01
   3.5008633e-01
   6.4744288e-01
   1.0840344e+00
   1.3807125e+00
   1.1163061e+00
   7.2537678e-01
   4.8495677e-01
   3.1174019e-01
   1.7286682e-01
   1.4986232e-01
   1.4075595e-01
   3.2260057e-01
   4.0216535e-01
   3.7054479e-01
   2.2516607e-01
   1.2086955e-01
   8.4707350e-02
   9.3453772e-02
   6.4333975e-02
   1.5794644e-01
   2.5016096e-01
   2.2772188e-01
   2.1273609e-01
   1.9505544e-01
   1.5448102e-01
   1.1925571e-01
   5.9382379e-02
   3.7532005e-02
   5.4143187e-02
   3.1048991e-02
   8.1021488e-02
   1.0519453e-01
   9.7323380e-02
   2.0470820e-02
   1.2730766e-02
   6.8631764e-03
  -1.8079465e-02
   6.9617398e-02
   7.2801866e-02
   8.3362989e-02
   1.2520605e-01
   1.0710222e-01
   7.1555525e-02
   2.1353563e-02
   1.5459853e-02
   5.1244856e-03
   7.6937318e-02
   1.6016436e-01
   1.5654249e-01
   1.2107149e-01
   1.3252640e-01
   8.7558478e-02
   2.0197384e-02
   7.8706779e-03
   6.4273402e-02
   1.3646993e-01
   2.2672361e-01
   2.4982151e-01
   2.0398657e-01
   1.0457438e-01
   8.6038604e-02
   7.0102260e-02
   1.0586732e-01
   1.4887935e-01
   1.2767251e-01
   6.2067874e-02
   2.1448554e-02
   1.5578762e-01
   3.9225137e-01
   5.8718300e-01
   5.2640253e-01
   2.8775194e-01
   1.0321084e-01
   1.0703704e-02
   1.6482233e-01
   7.6072794e-01
   1.4274156e+00
   1.3754361e+00
   8.6251593e-01
   3.8642299e-01
   2.5212798e-01
   8.7726064e-02
   3.8604576e-02
   1.1496487e-01
   2.2478366e-01
   3.1109759e-01
   3.2497489e-01
   3.2380491e-01
   1.8848495e-01
   1.7918153e-01
   1.7005204e-01
   1.4594935e-01
   1.3740610e-01
   7.9861209e-02
   1.1762074e-01
   1.2218209e-01
   1.6083845e-01
   8.2238480e-02
   3.0927811e-02
   4.1107617e-02
   5.1670723e-02
   4.4212308e-02
   3.8375065e-02
   4.9058672e-02
   8.3865359e-02
   8.9582577e-02
   7.8422450e-02
   3.9282791e-02
   4.7175970e-02
   4.1052602e-02
   2.6999373e-02
   2.9509723e-02
   4.6942741e-02
   3.9388966e-02
   7.1246639e-02
   7.3987901e-02
   4.1353457e-02
   6.6289812e-02
   4.6941750e-02
   1.2029829e-02
   2.6131157e-02
   6.1987653e-02
   5.6195438e-02
   1.2451528e-01
   1.0566869e-01
   7.6230682e-02
   2.6971396e-02
   1.5812201e-02
   1.2574668e-02
   5.4134332e-02
   9.6341856e-02
   1.4639540e-01
   1.0083754e-01
   5.7609938e-02
   3.8541213e-02
   2.7698930e-02
   6.1540518e-02
   5.6660395e-02
   7.3694840e-02
   9.9806234e-02
   1.0169153e-01
   1.0594189e-02
   3.5270043e-02
   6.4953037e-02
   7.4293889e-02
   8.8659883e-02
   6.1334521e-02
   6.7884445e-02
   3.2401502e-02
   5.3746618e-02
   1.3677110e-01
   1.9087160e-01
   1.8720770e-01
   1.0483015e-01
   9.2242574e-03
  -1.6974103e-02
   2.6506068e-02
   1.9189824e-01
   3.5563979e-01
   4.0612760e-01
   3.1160939e-01
   1.9473177e-01
   8.2951903e-02
   2.5535338e-02
   7.2364114e-02
   1.7069773e-01
   1.8564786e-01
   1.2373474e-01
   9.6823476e-02
   7.7308007e-02
   1.1051221e-01
   9.4189309e-02
   6.9884472e-02
   7.6445930e-02
   1.0216027e-01
   1.0233738e-01
   5.4967556e-02
   1.0420341e-01
   1.5073138e-01
   1.9006352e-01
   1.6086787e-01
   1.0417436e-01
   5.4937266e-02
  -2.4979945e-02
   2.5307097e-02
   1.6672884e-01
   2.6168686e-01
   1.7724201e-01
   8.5819840e-02
   1.9932793e-02
   9.9496227e-03
   5.4196004e-02
   3.4024125e-01
   7.5342166e-01
   8.5953063e-01
   6.2797654e-01
   2.1233426e-01
   4.4912077e-02
   2.0943929e-02
   1.6195799e-01
   3.4201899e-01
   4.1584975e-01
   3.1491485e-01
   1.8712297e-01
   1.3971049e-01
   8.5760690e-02
   1.3489376e-01
   2.1240018e-01
   1.9350836e-01
   1.5102360e-01
   8.2389250e-02
   9.4482914e-02
   1.0147844e-01
   7.8035571e-02
   2.4719926e-02
   9.4360616e-03
   4.5831330e-02
   6.0313720e-02
   8.2990691e-02
   8.1742354e-02
   6.1507039e-02
   5.1898580e-02
   6.2094133e-02
   3.8971286e-02
   5.1609952e-02
   2.4264736e-02
   4.1937437e-02
   3.0459659e-02
   6.0179580e-02
   2.9252170e-02
   6.6482991e-02
   4.2548019e-02
   6.3087769e-02
   1.0641130e-01
   4.9026247e-02
   1.9434867e-02
   3.8391653e-02
   4.3474369e-02
   5.6671303e-02
   1.1013725e-01
   1.3890956e-01
   1.0798065e-01
   5.9600007e-02
   3.9691575e-02
   1.6410731e-02
   2.7323470e-02
   4.0876292e-02
   9.0349413e-02
   1.7350309e-02
   1.9828219e-02
   1.1443543e-02
   4.8211075e-02
   6.2911101e-02
   6.9344319e-02
   1.8967953e-02
   3.3563979e-02
   4.8418675e-02
   2.7437808e-02
   5.3694345e-02
   8.6395927e-02
   1.1238895e-01
   9.5354609e-02
   1.0004751e-01
   9.2654586e-02
   6.0413025e-02
   5.2467596e-02
   4.7347013e-02
   7.6316990e-02
   1.0920650e-01
   2.7507959e-02
   1.0137303e-02
   3.7660662e-02
   6.9947854e-02
   1.0334247e-01
   2.6104859e-01
   2.7547348e-01
   1.5069471e-01
   3.9356302e-02
   6.9541536e-02
   7.7068783e-02
   1.1336657e-01
   2.3907660e-01
   1.9574277e-01
   8.9981444e-02
   9.6878998e-02
   1.3897797e-01
   1.2764892e-01
   1.3970082e-01
   1.4514634e-01
   1.0394122e-01
   4.3693580e-02
   8.4072128e-02
   1.3623841e-01
   2.0006984e-01
   2.2707847e-01
   1.3634324e-01
   9.0869308e-02
   3.1726163e-02
   5.8982655e-02
   1.9817521e-01
   2.7691802e-01
   2.4332395e-01
   1.8355359e-01
   7.4824631e-02
   8.4239408e-02
   1.5088657e-01
   4.1933334e-01
   6.2127423e-01
   5.5069214e-01
   3.0568767e-01
   7.1400329e-02
   3.7786275e-02
   2.4526212e-01
   4.8938274e-01
   5.6601351e-01
   5.4641402e-01
   4.5571628e-01
   3.5676786e-01
   3.4458920e-01
   5.7872242e-01
   8.4374124e-01
   9.0392065e-01
   5.9632540e-01
   2.8214478e-01
   2.3015885e-02
   1.5865481e-01
   8.5392922e-01
   1.2978032e+00
   1.1261989e+00
   6.1930686e-01
   1.9411175e-01
   2.7976604e-02
   2.8829080e-01
   1.5394157e+00
   2.9539759e+00
   3.0472393e+00
   1.8892639e+00
   8.1878108e-01
   2.3209612e-01
   3.4908018e-01
   1.3632215e+00
   2.1328931e+00
   2.0105696e+00
   1.2253233e+00
   6.7033917e-01
   3.8906467e-01
   4.9407908e-01
   1.0544256e+00
   1.4465235e+00
   1.1796734e+00
   6.9884700e-01
   4.6015605e-01
   3.0778581e-01
   3.8362375e-01
   7.6243728e-01
   8.5856527e-01
   5.6048644e-01
   3.0702403e-01
   1.8757048e-01
   2.2336285e-01
   2.3885372e-01
   1.5391663e-01
   9.6808158e-02
   5.5860993e-02
   1.0145574e-01
   1.0342322e-01
   1.3116990e-01
   1.7571670e-01
   2.4107194e-01
   1.6679627e-01
   1.1571494e-01
   7.9599872e-02
   4.6514686e-02
   3.4428071e-02
   4.6222281e-02
   4.1222893e-02
   6.6325210e-02
   9.5787331e-02
   4.4124659e-02
   8.3533287e-02
   4.4005029e-02
   8.3572812e-02
   1.0814677e-01
   3.9205745e-02
   2.0353748e-03
  -1.3929532e-02
   1.4047931e-02
   1.0674611e-01
   1.6682567e-01
   6.4468242e-02
   3.5173927e-02
   5.1857480e-03
   2.5576063e-02
   1.0881741e-01
   1.6565944e-01
   2.1928285e-01
   2.1545713e-01
   1.0207277e-01
   5.0756734e-02
   6.2728606e-02
   1.7688961e-01
   1.8716550e-01
   1.8479872e-01
   1.5113644e-01
   7.5127527e-02
   1.0152162e-01
   3.1436536e-01
   3.2978091e-01
   2.5766298e-01
   1.0820052e-01
   3.2667495e-02
   1.7785745e-02
   1.9908191e-01
   5.7886726e-01
   7.9052597e-01
   6.9213337e-01
   3.7065899e-01
   9.9430867e-02
   2.6774419e-02
   1.5297075e-01
   3.8646284e-01
   4.7563735e-01
   4.3209091e-01
   2.7625033e-01
   1.7191659e-01
   8.2518905e-02
   1.8846038e-01
   3.8926095e-01
   3.3978891e-01
   2.3694071e-01
   1.4341635e-01
   1.7479956e-01
   1.4929172e-01
   1.6403550e-01
   2.3621096e-01
   2.2360782e-01
   9.5241666e-02
   4.7248591e-02
   1.0592563e-01
   1.9242482e-01
   1.2183056e-01
   8.8236831e-02
   1.5730133e-02
   1.5448509e-02
   4.4143226e-02
   1.7861557e-01
   4.1293016e-01
   4.9945110e-01
   3.0956388e-01
   1.6476776e-01
   1.0083672e-01
   7.1597166e-02
   8.0081068e-02
   8.5665539e-02
   3.0845990e-02
   6.9740310e-02
   8.0499575e-02
   4.6293247e-02
   4.5933958e-02
   1.2735276e-01
   1.9003594e-01
   1.8751195e-01
   4.3021671e-02
   1.0031936e-02
   4.7736890e-03
   4.0100936e-02
   7.4581288e-02
   1.1003622e-01
   2.7759517e-02
   3.9356511e-02
   5.4477848e-02
   3.8655397e-02
   5.7246167e-02
   8.3833508e-02
   9.3241028e-02
   9.9092528e-02
   5.2912891e-02
   2.9584233e-02
   1.7112695e-02
   2.6363265e-02
   5.9060536e-02
   6.2035844e-02
   1.0818321e-01
   1.5044750e-01
   1.4300701e-01
   1.4939000e-01
   1.4064457e-01
   9.3090884e-02
   6.3918710e-02
   7.5617112e-02
   3.8530611e-02
   1.0619437e-01
   2.6633206e-01
   3.2855794e-01
   2.3405096e-01
   7.4142806e-02
  -2.4081010e-03
   4.0748212e-02
   1.2846303e-01
   2.2222266e-01
   2.4758630e-01
   1.2857251e-01
   3.8597524e-02
   2.4904704e-02
   5.5098101e-02
   1.4135921e-01
   1.7812698e-01
   9.3645237e-02
   6.9837064e-02
   5.6774467e-02
   5.2511189e-02
   6.1549671e-02
   1.1561592e-01
   9.6580178e-02
   7.0279516e-02
   2.5719725e-02
   4.3639049e-02
   7.9853132e-02
   5.1407658e-02
   6.4601749e-02
   7.2041608e-02
   3.4874648e-02
   1.3776344e-02
   8.1704624e-02
   9.7098686e-02
   1.0575216e-01
   1.0326831e-01
   7.3583074e-02
   2.9545758e-02
   2.9432455e-02
   5.4487120e-02
   3.3092778e-02
   3.7355211e-02
   7.7454984e-02
   8.4898949e-02
   8.1038043e-02
   7.9507872e-02
   5.1550418e-02
   6.4419366e-02
   5.7385795e-02
   3.4089375e-02
   2.5025709e-02
  -4.9785157e-03
   2.7045431e-02
   5.2241188e-02
   1.8053226e-02
   3.1556543e-02
   4.3231849e-02
   1.6606757e-02
   3.0632688e-02
   2.4458107e-02
   2.7082436e-02
   2.1916004e-02
   3.4373309e-02
   4.6496272e-02
   2.2028992e-02
   2.4959158e-02
   1.3678627e-02
   3.4091432e-02
   3.0908313e-02
   1.6299741e-02
   3.7470926e-02
   8.7259673e-02
   5.5912122e-02
   3.3724792e-02
   4.3103356e-02
   6.5062352e-02
   4.3026071e-02
   4.5587700e-02
   8.5887574e-02
   1.3300312e-01
   1.4890234e-01
   9.1061339e-02
   3.6599897e-02
   2.3362048e-02
   5.9212591e-03
   6.5556586e-02
   6.8922594e-02
   6.8306245e-02
   5.1650967e-02
   5.9335962e-02
   4.3359358e-02
   2.3948459e-02
   4.3081976e-02
   6.0234595e-02
   5.1835667e-02
   3.6504753e-02
   2.9431541e-02
   5.4277863e-02
   6.9196455e-02
   6.6655971e-02
   5.7557490e-02
   2.1830915e-02
   6.2270645e-02
   2.5955573e-02
   3.2397144e-02
   4.2187084e-02
   6.3733183e-02
   5.6816217e-02
   1.4476303e-02
   4.9753934e-02
   6.0976196e-02
   8.3915427e-02
   8.4221326e-02
   7.9234272e-02
   4.8593067e-02
   3.9487936e-02
   1.5859248e-02
   2.6084684e-02
   4.6277370e-02
   3.1607796e-02
   6.9137663e-02
   5.1841177e-02
   9.2843659e-02
   7.9122841e-02
   2.9925510e-02
   3.8403042e-02
   3.6817212e-02
   8.1629474e-03
   2.4807211e-02
   2.8263526e-02
   2.9046912e-02
   3.6055863e-02
   3.8432188e-02
   2.8947432e-02
   4.0228914e-02
   4.3629576e-02
   5.7490874e-02
   3.5669081e-02
   3.2729100e-02
   3.6287710e-02
   2.6520623e-02
   3.4551021e-02
   6.0383052e-02
   5.5234972e-02
   6.5956809e-02
   4.2484961e-02
   2.9214567e-02
   3.8577043e-02
   5.7510186e-02
   5.3203803e-02
   1.7157629e-02
   2.5089284e-02
   4.9505655e-02
   4.2642161e-02
   3.4759693e-02
   5.0640959e-02
   2.3583790e-02
   3.6137253e-02
   2.9450525e-02
   3.1239403e-02
   3.6365066e-02
   2.5547037e-02
   4.6497434e-02
   3.1784866e-02
   1.9965805e-02
   3.0182349e-02
   2.9619034e-02
   2.5315017e-02
   4.8422933e-02
   6.6811241e-02
   4.9178455e-02
   4.3116782e-02
   2.1774288e-02
   3.1628344e-02
   4.2701047e-02
   5.4483499e-02
   1.7821170e-02
   3.1290174e-02
   3.9625142e-02
   2.8672658e-02
   3.8921133e-02
   3.6056776e-02
   3.8955163e-02
   2.9783305e-02
   3.3150669e-02
   3.9799638e-02
   4.5497421e-02
   6.0182776e-02
   5.1950358e-02
   4.3075271e-02
   4.2685546e-02
   1.7970784e-02
   4.3060698e-02
   5.9436731e-02
   4.2121883e-02
   4.3260742e-02
   4.4254232e-02
   5.8106806e-02
   2.7506355e-02
   5.8275957e-02
   2.6209211e-02
   2.8009349e-02
   4.4344064e-02
   5.2065372e-02
   3.4879666e-02
   3.6695540e-02
   3.7243143e-02
   1.9855745e-02
   4.9542811e-02
   3.2640584e-02
   2.7803998e-02
   4.9839761e-02
   5.4176543e-02
   3.6137182e-02
   2.2089260e-02
   2.6370455e-02
   5.6467182e-03
   5.1702950e-03
   5.5987537e-02
   5.9987999e-02
   3.6115650e-02
   2.6193773e-02
   4.8633732e-02
   3.4190428e-02
   5.5953279e-02
   6.0332436e-02
   4.3303739e-02
   4.0934231e-02
   5.8948759e-02
   4.9704552e-02
   3.9549276e-02
   1.9818781e-02
   2.6189864e-02
   4.6754491e-02
   2.3635771e-02
   2.7423136e-02
   1.3566042e-02
   5.4184895e-02
   2.9797420e-02
   1.8442024e-02
   1.5871981e-02
   2.7475120e-02
   3.2894507e-02
   3.0960631e-02
   3.5669815e-02
   4.0553100e-02
   3.2004163e-02
   2.6043003e-02
   3.5186641e-02
   2.2689627e-02
   2.0975072e-02
   2.6284497e-02
   5.9815113e-02
   3.5775252e-02
   2.5300341e-02
   1.7747076e-02
   2.2644809e-02
   6.5387256e-02
   4.3287981e-02
  -6.1719497e-03
  -8.0765615e-04
   9.5732901e-03
   2.1963648e-02
   1.2393736e-02
   2.0631790e-02
   3.9228357e-02
   3.6734164e-02
   4.0389955e-02
   3.4181695e-02
   1.3417886e-02
   2.3128210e-02
   3.9787557e-02
   3.7762612e-02
   2.5100429e-02
   2.9283108e-02
   2.3585266e-02
   2.3399374e-02
   2.7385194e-02
   3.2169744e-02
   2.0429466e-02
   2.3649594e-02
   3.2747813e-02
   3.3735596e-02
   4.1370403e-02
   4.7931239e-02
   2.7627455e-02
   3.0154731e-02
   2.1732798e-02
   1.7998056e-02
   2.4840979e-02
   5.2147064e-02
   3.9921943e-02
   4.8650365e-02
   3.9116710e-02
   1.0657039e-02
   9.4797257e-03
   8.1676577e-04
   2.4057832e-02
   2.6837271e-02
   1.9725781e-02
   1.3460320e-02
   3.6340456e-02
   4.0189214e-02
   3.6766790e-02
   1.1859132e-02
   1.6296981e-02
   2.7207589e-02
   3.3785630e-02
   2.0225756e-02
   2.8527541e-02
   4.1549787e-02
   3.7307806e-02
   2.5052000e-02
   1.5118809e-02
   1.3371041e-02
   1.8885419e-02
   6.6494063e-02
   7.8589015e-02
   5.0523151e-02
   5.1722441e-02
   2.6076272e-02
   4.4994578e-03
   3.3439688e-02
   3.7531242e-02
   3.3027541e-02
   1.6517622e-02
   2.6281247e-02
   2.8024213e-02
   1.8294716e-02
   1.6475370e-02
   4.0640477e-02
   3.9103407e-02
   3.0873412e-02
   8.0119923e-02
   4.5637082e-02
   2.5247877e-02
   2.9403640e-02
   1.5755190e-02
   3.9674334e-02
   8.5459940e-02
   8.8519365e-02
   6.1171927e-02
   5.6732189e-02
   2.8190283e-02
   1.7047359e-02
   3.5165906e-02
   4.6379909e-02
   3.2807980e-02
   4.2667314e-02
   3.5523418e-02
   5.5565801e-03
   8.3457101e-03
   3.2686342e-02
   1.5673542e-02
   8.5997637e-03
   2.9455675e-02
   1.6766710e-02
   2.0572156e-02
   7.8079174e-03
   1.4928154e-02
   4.1159298e-02
   3.1977434e-02
   2.1794932e-02
   2.0784771e-02
  -1.1967421e-03
   1.8665722e-02
   5.1191386e-02
   7.4909754e-02
   8.5110061e-02
   7.6572999e-02
   5.6982893e-02
   4.2656783e-02
   4.0088590e-02
   4.3763515e-02
   5.1754814e-02
   5.1334571e-02
   4.8527520e-02
   1.0894682e-01
   1.9944605e-01
   2.2360139e-01
   1.3123219e-01
   5.1743124e-02
  -3.9970144e-03
   5.2583758e-02
   3.7006789e-01
   8.1198114e-01
   8.1008905e-01
   5.3897095e-01
   2.2076644e-01
   6.3923500e-02
   9.6065506e-02
   3.1386822e-01
   4.1594845e-01
   3.6386326e-01
   3.2251984e-01
   2.7159634e-01
   1.5467726e-01
   5.9995707e-02
   6.5812409e-02
   9.5047899e-02
   1.1226847e-01
   1.4744963e-01
   1.6735496e-01
   1.2996981e-01
   5.7669606e-02
   5.0879188e-02
   3.1128775e-02
   2.9109797e-02
   4.2462535e-02
   9.9645741e-02
   8.5796908e-02
   5.8471978e-02
   5.6183781e-02
   3.8803458e-02
   1.6856305e-02
   2.1281786e-02
   1.6552066e-02
   3.8327035e-02
   5.8443807e-02
   4.1850220e-02
   3.5475470e-02
   3.2097012e-02
   4.6963967e-02
   4.5890301e-02
   3.0652117e-02
   3.9999519e-02
   4.6425603e-02
   4.1345093e-02
   2.3278713e-02
   2.8611662e-02
   1.9648591e-02
   3.4637917e-02
   1.8194040e-02
   4.2095024e-02
   3.6267422e-02
   3.9124127e-02
   1.3166214e-02
   2.0951025e-02
   2.8357044e-02
   4.7928199e-02
   2.1317396e-02
   4.0590819e-02
   6.2890314e-02
   5.5349711e-02
   3.4045838e-02
   1.9507727e-02
   2.8746512e-02
   3.5812758e-02
   2.0988239e-02
   1.6455146e-02
   3.3687763e-02
   3.4724772e-02
   7.0044227e-02
   6.9455013e-02
   3.8256835e-02
   2.9774921e-02
   1.8068034e-02
   1.5431684e-02
   7.7222645e-02
   1.2753434e-01
   1.2729514e-01
   1.2767108e-01
   9.3913101e-02
   5.8598451e-02
   1.3443897e-02
   5.1310051e-02
   7.0041470e-02
   6.9054686e-02
   7.7186063e-02
   6.5306284e-02
   7.2874077e-02
   2.4123207e-02
   8.0883522e-03
   1.5359538e-02
   2.3507511e-02
   3.3875581e-02
   2.2084579e-02
   1.9708622e-02
   3.9764959e-02
   2.3936456e-02
   2.5489619e-02
   2.9166482e-02
   1.8874517e-02
   2.0099889e-02
   4.6219606e-02
   3.2830216e-02
   1.3698039e-02
   2.0638021e-02
   3.1482667e-02
   2.9979473e-02
   1.2437901e-02
   4.6631016e-02
   3.3820312e-02
   3.6571819e-02
   3.8230017e-02
   2.2291316e-02
   3.6783196e-02
   3.4441307e-02
   3.7498582e-02
   3.5787798e-02
   3.2358192e-02
   3.0101014e-02
   3.5029896e-02
   1.6666342e-02
   5.0709777e-02
   3.7543003e-02
   1.3152521e-02
   4.0434808e-02
   3.4480084e-02
   2.2993973e-02
   3.0099871e-02
   2.2562768e-02
   2.4351386e-02
   3.1022912e-02
   2.2173099e-02
   2.0674424e-02
   2.5184857e-02
   1.4078793e-02
  -1.3079883e-03
   1.4004852e-02
   1.3767054e-02
   1.6367458e-02
   4.0591661e-02
   3.1074353e-02
   3.1453244e-02
   4.9790993e-02
   4.4999979e-02
   2.1819854e-02
   3.0545546e-02
   2.6957832e-02
   2.0352829e-02
   4.4148888e-02
   7.1116343e-02
   7.5388931e-02
   5.3780388e-02
   2.1085020e-02
   1.1307321e-02
   2.5385126e-02
   2.3002993e-02
   4.4837736e-02
   4.1554309e-02
   4.3659467e-02
   3.6587734e-02
   1.3315316e-02
   4.7549877e-02
   5.3251628e-02
   2.2926858e-02
   3.1609084e-02
   2.7123451e-02
   2.6152013e-02
   2.3584839e-02
   2.5637178e-02
   2.5215911e-02
   1.2156089e-02
   1.8754082e-02
   2.4167119e-02
   3.8478833e-02
   2.2980988e-02
   2.8657645e-02
   2.1925040e-02
   2.4912706e-02
   9.5280483e-03
   1.6187243e-02
   3.1170286e-02
   1.9501373e-02
   2.8050857e-02
   3.6598057e-02
   2.6528917e-02
   2.5040502e-02
   2.3618063e-02
   3.4294680e-02
   3.9068453e-02
   6.1731603e-02
   3.6674757e-02
   2.7388599e-02
   1.9854041e-02
   3.1031746e-02
   3.1301934e-02
   3.7629835e-02
   3.5960536e-02
   3.7751105e-02
   2.1797884e-02
   2.0611025e-02
   6.9685807e-03
   1.0844353e-02
   3.4256365e-02
   3.8163919e-02
   3.9805714e-02
   4.7055155e-02
   3.8001705e-02
   4.1604690e-02
   2.6158059e-02
   8.6049212e-04
   1.0502599e-02
   2.7642351e-02
   3.2883409e-02
   2.2626594e-02
   4.4256181e-02
   5.5848926e-02
   2.8825773e-02
   9.6913809e-03
   2.5973460e-02
   3.0389573e-02
   2.5559880e-02
   1.0694639e-02
   3.4123778e-02
   5.1282119e-02
   3.2003328e-02
   2.1667875e-02
   4.7696531e-02
   3.2769855e-02
   1.2438219e-02
   5.0666127e-02
   5.7350986e-02
   1.9560525e-02
   2.6086144e-02
   2.8558224e-02
   1.3339953e-02
   1.7394708e-02
   1.3784887e-02
   2.5279976e-02
   3.3857308e-02
   4.8226908e-02
   3.1672087e-02
   1.3941021e-02
   4.3648418e-02
   4.2667743e-02
   2.4294512e-02
   1.9010482e-02
   1.1787393e-02
   2.0531485e-02
   2.5513824e-02
   2.5009261e-02
   1.1408129e-02
   3.0100681e-02
   2.3101572e-02
   1.8138163e-02
   3.2522786e-02
   4.5607567e-02
   3.6004543e-02
   1.6426494e-02
   1.6112372e-02
   3.2574162e-02
   9.8210685e-03
   2.2989530e-02
   3.2350589e-02
   1.9504160e-02
   1.8472375e-02
   2.9334072e-02
   3.4555752e-02
   3.4410033e-02
   2.8871723e-02
   2.8027801e-02
   3.6618009e-02
   2.6610484e-02
   2.5817005e-02
   2.2035295e-02
   2.7933348e-02
   1.9618439e-02
   1.8670816e-02
   3.4539469e-02
   3.0065360e-02
   1.5600068e-02
   2.4397474e-02
   3.3525389e-02
   3.2191716e-02
   3.1909019e-02
   4.1854110e-02
   2.4134185e-02
   3.6326274e-02
   1.7493976e-02
