   3.6085922e-02
   4.6166636e-02
   1.7666208e-02
   2.2523008e-02
   3.9719474e-02
   5.0770722e-02
   4.2122073e-02
   4.8774462e-02
   5.5478401e-02
   4.1262254e-02
   1.0285980e-02
   4.6812266e-02
   4.7548015e-02
   3.0038953e-02
   2.3192812e-02
   1.7153898e-02
   2.0397209e-02
   6.1822843e-02
   6.0243741e-02
   6.3499734e-02
   2.9227242e-02
   1.1742310e-02
   7.9307528e-03
   2.2586625e-02
   2.2359772e-02
   4.1799434e-02
   6.2662534e-02
   6.9916695e-02
   5.5601958e-02
   4.8556443e-02
   3.2923937e-02
   3.6711410e-02
   3.1336591e-02
   4.3855201e-02
   5.1931329e-02
   3.4982976e-02
   2.8177762e-02
   4.4126689e-02
   3.3627227e-02
   3.5678212e-02
   3.0851925e-02
   3.5175212e-02
   3.3733860e-02
   1.3164024e-02
   7.5596063e-03
   2.4939399e-02
   3.7851050e-02
   5.0608277e-02
   5.3301945e-02
   4.7469553e-02
   4.5758020e-02
   2.2219434e-02
   2.2798307e-02
   2.1458482e-02
   3.2467499e-02
   1.0995784e-02
   2.4803221e-02
   2.7663963e-02
   3.5235185e-02
   3.6652379e-02
   1.8413074e-02
   4.3762509e-02
   3.4566991e-02
   1.6227856e-02
   2.9697163e-02
   3.5355337e-02
   4.9631655e-02
   3.6359992e-02
   3.0760894e-02
   2.1223657e-02
   1.0093788e-02
   5.7231616e-02
   4.1269366e-02
   2.0001149e-02
   3.5251863e-02
   2.9729338e-02
   3.0053779e-02
   6.5490715e-02
   3.0532965e-02
   2.1564038e-02
   2.9224711e-02
   1.5974622e-02
   3.3410657e-02
   4.3721750e-02
   3.4986965e-02
   2.6017433e-02
   4.7602907e-02
   4.3282621e-02
   4.1046418e-02
   2.9887356e-02
   2.4370678e-02
   3.7889004e-02
   2.0418398e-02
   2.2725964e-02
   4.1717045e-02
   3.6685646e-02
   3.1430278e-02
   4.9571801e-02
   3.7148390e-02
   3.7574407e-02
   7.3796675e-02
   3.2417487e-02
   3.1895943e-02
   2.9603092e-02
   4.1034389e-02
   2.4700919e-02
   6.4333260e-02
   7.8328326e-02
   5.7256423e-02
   4.2981233e-02
   3.6836900e-02
   4.4716343e-02
   4.2342830e-02
   4.7572277e-02
   4.8389588e-02
   4.0087886e-02
   4.0311337e-02
   3.7983812e-02
   4.3153618e-02
   5.9062399e-02
   6.4546250e-02
   6.5620512e-02
   2.4772631e-02
   3.7551872e-02
   3.5970528e-02
   1.9337822e-02
   2.2753039e-02
   3.1073850e-02
   2.1177063e-02
   3.9630350e-02
   4.3496210e-02
   2.7901666e-02
   1.2980110e-02
  -3.7648359e-03
   2.8178417e-03
   1.4085378e-02
   4.9070258e-02
   1.8809060e-02
   3.5867933e-02
   5.4218404e-02
   2.9258007e-02
   4.7919258e-02
   2.1407505e-02
   1.7162163e-02
   2.8760156e-02
   3.2577317e-02
   2.9292597e-02
   6.4580396e-02
   7.0475511e-02
   5.1333565e-02
   6.7205466e-02
   5.9123121e-02
   5.1522743e-02
   2.9743172e-02
   8.4612155e-03
   4.5827467e-02
   3.1265385e-02
   2.0515524e-02
   8.1389146e-03
   2.7903719e-02
   5.1365439e-02
   4.9440760e-02
   4.9441956e-02
   1.1711341e-02
   1.1908665e-02
   9.0818293e-03
   1.0127627e-02
   3.7530731e-02
   6.2925465e-02
   5.8786836e-02
   5.0451405e-02
   5.7934038e-02
   7.6385699e-02
   5.0485671e-02
   2.9191589e-02
   2.8566988e-02
   9.5604323e-03
   2.5405636e-02
   4.3132335e-02
   4.6055704e-02
   5.0512720e-02
   2.6650351e-02
   3.6604155e-02
   4.3242984e-02
   1.6558675e-02
   2.1056684e-02
   2.6669225e-02
   2.9865898e-02
   3.5387240e-02
   3.3202991e-02
   3.1589340e-02
   2.6170596e-02
   2.6942475e-02
   4.3592308e-02
   3.0107541e-02
   2.2945881e-02
   1.8032387e-02
   6.8113608e-03
   9.3619917e-03
   1.3124903e-02
   1.9714668e-02
   1.3726399e-02
   1.4417292e-02
   1.8926462e-02
   1.8723836e-02
   5.6777708e-03
   3.2351606e-02
   3.1129844e-02
   5.7470001e-02
   3.9680593e-02
   2.0942293e-02
   3.9288517e-02
   2.2879129e-02
   4.0274416e-03
   2.8774442e-02
   1.9842185e-02
   5.4022197e-02
   2.2959264e-02
   3.6865022e-02
   6.0519986e-02
   3.5821192e-02
   3.0812340e-02
   1.6640577e-02
   1.9907283e-02
   3.8098775e-02
   3.3087403e-02
   5.3849272e-02
   8.0424525e-02
   5.7368021e-02
   4.3962706e-02
   5.7078801e-02
   3.6296293e-02
   1.7710425e-02
   3.2610092e-02
   1.3378390e-02
   3.1981058e-02
   7.2153352e-02
   1.0381999e-01
   7.2311014e-02
   3.1645361e-02
   6.6871196e-02
   9.3338348e-02
   5.1067989e-02
   3.3114236e-03
   2.6706543e-02
   2.9003680e-02
   4.3891713e-02
   5.4071669e-02
   5.7593349e-02
   5.8714993e-02
   3.2170750e-02
   3.6668908e-02
   3.1492442e-02
   3.9349932e-02
   2.3330314e-02
   2.3811763e-02
   8.6171562e-03
   2.2161905e-02
   3.5212580e-02
   2.7971976e-02
   4.0336777e-02
   7.3296018e-02
   3.6613479e-02
   3.9640732e-02
   5.9380759e-02
   3.9857130e-02
   4.4911146e-02
   3.2160386e-02
   2.2599302e-02
   1.0941160e-02
   1.8926804e-03
   2.7200166e-02
   3.1588554e-02
   4.2221686e-03
   5.8290926e-03
   4.6546414e-02
   5.5685595e-02
   5.3979360e-02
   4.6149265e-02
   2.6082100e-02
   2.3538323e-02
   1.0170874e-02
   2.1254053e-02
   3.0987918e-02
   3.4191731e-02
   5.2137818e-02
   3.3547875e-02
   6.1119646e-02
   3.1435754e-02
   3.2301173e-02
   3.0806227e-02
   2.9492654e-02
   4.5138527e-02
   3.4105506e-02
   5.5607427e-02
   5.0825164e-02
   4.7981415e-02
   4.1137815e-02
   1.8265240e-02
   1.2027365e-02
   1.4730763e-01
   2.6455930e-01
   1.3398486e-01
   6.2675290e-02
   7.2739199e-02
   1.0175169e-01
   9.3675107e-02
   7.2527781e-02
   7.0560478e-02
   6.5810695e-02
   5.9739389e-02
   1.7473933e-01
   2.3828039e-01
   1.7057364e-01
   6.9566682e-02
   3.4121159e-02
   5.9487406e-02
   7.4286148e-02
   6.4403072e-02
   7.7353731e-02
   7.1729407e-02
   2.9396720e-02
   1.0237278e-02
   3.5745680e-02
   5.2927457e-02
   4.6797164e-02
   2.2921722e-02
   3.1533442e-02
   4.0463626e-02
   3.8764749e-02
   3.9683238e-02
   3.1771868e-02
   8.0205044e-03
   5.3269815e-02
   5.8046941e-02
   8.4966339e-02
   6.6118099e-02
   3.5754420e-02
   2.7530491e-02
   3.6672670e-02
   1.7272934e-03
   3.6327403e-02
   5.7804395e-02
   4.1851290e-02
   2.9549679e-02
   3.7884656e-02
   2.7489053e-02
   2.4711547e-02
   5.2185450e-02
   4.9168665e-02
   1.8246645e-02
   4.5798369e-02
   5.6047875e-02
   7.5620756e-02
   5.5855732e-02
   3.7007160e-02
   6.2078781e-02
   9.2875198e-02
   7.9265758e-02
   5.7452071e-02
   6.0563207e-02
   2.8971614e-02
   9.2430441e-03
   2.3125095e-02
   6.8056569e-02
   8.3187066e-02
   4.1372415e-02
   2.9410506e-02
   1.7394006e-02
   3.1548064e-02
   4.8939079e-02
   3.7371818e-02
   7.5852633e-02
   6.9600813e-02
   7.9185069e-02
   6.8468802e-02
   7.0093952e-02
   2.6720705e-02
   1.2316636e-02
   3.1497858e-02
   1.8898262e-02
   2.2833187e-02
   3.7743874e-02
   3.6971945e-02
   2.5189692e-02
   3.7121084e-02
   4.3132201e-02
   3.8067937e-02
   5.1582273e-02
   4.1305419e-02
   4.6274662e-02
   6.0648534e-02
   4.6474222e-02
   6.5390132e-02
   7.9010874e-02
   4.8274424e-02
   4.1033540e-02
   2.1698056e-02
   2.0950707e-02
   3.9692916e-02
   9.0723094e-03
   7.0195333e-03
   5.2628130e-02
   4.0889345e-02
   1.1090783e-02
   2.9509442e-03
   1.1653656e-02
   9.5002335e-03
   3.4908507e-02
   4.6777826e-02
   6.2773749e-02
   6.4356498e-02
   3.3285074e-02
   5.9953764e-02
   1.0144128e-01
   1.3438500e-01
   8.8910118e-02
   4.0206060e-02
   5.1249828e-02
   5.1332150e-02
   2.9142076e-02
   4.2484816e-02
   4.7659464e-02
   3.9821938e-02
   2.6934460e-02
   2.6399240e-02
   2.9789517e-02
   5.4494757e-02
   5.9142333e-02
   4.0299896e-02
   3.5200760e-02
   1.9531228e-02
   3.1849172e-02
   5.0294224e-02
   3.0411430e-02
   4.4375990e-02
   4.0337816e-02
   2.9471327e-02
   4.6994388e-02
   4.2787470e-02
   4.7573317e-02
   3.5775039e-02
   8.4078219e-03
   3.0522097e-02
   4.5818817e-02
   7.3994927e-02
   7.3187999e-02
   4.0797137e-02
   3.0231643e-02
   4.9585808e-02
   3.0523730e-02
   2.7424933e-02
   5.0009176e-02
   3.7653606e-02
   5.6807417e-03
   1.9716796e-02
   4.1932218e-02
   4.3919563e-02
   2.9815704e-02
   3.2424957e-02
   2.2736683e-02
   5.2189805e-02
   4.1918382e-02
   2.8570713e-02
   4.7200192e-02
   5.1197752e-02
   5.2142367e-02
   3.5377394e-02
   2.8920859e-02
   2.9872075e-02
   4.5896836e-02
   4.8257507e-02
   4.7721397e-02
   4.1092947e-02
   3.4454573e-02
   5.8237303e-02
   3.4023996e-02
   4.1209362e-02
   4.4875972e-02
   2.1540562e-02
   4.2153131e-02
   1.8040681e-02
   3.2498073e-02
   6.1367135e-02
   6.8798169e-02
   3.6784966e-02
   2.0990819e-02
   2.6692178e-02
   3.0883564e-02
   6.8469115e-02
   7.3190294e-02
   5.2180968e-02
   2.3681184e-02
   3.5507761e-02
   5.6305274e-02
   6.2064704e-02
   8.5806921e-02
   6.1082333e-02
   1.6278086e-02
   2.8164813e-02
   1.2883860e-02
   1.8132424e-02
   3.2825585e-02
   3.7332810e-02
   5.5724643e-02
   5.9409752e-02
   3.4702953e-02
   2.5619945e-02
   5.1368225e-02
   3.8760923e-02
   2.3150301e-02
   3.9395802e-02
   3.3274919e-02
   1.5445600e-02
   2.2355676e-02
   1.4153732e-02
   4.6413247e-03
   1.7276715e-02
   2.0165272e-02
   2.5684061e-02
   1.9014649e-02
   3.2131262e-02
   2.5521133e-02
   3.0725673e-02
   3.9511312e-02
   4.4813562e-02
   1.0443580e-02
   3.1982446e-03
   3.4163859e-02
   4.6781834e-02
   6.1194956e-02
   6.1161567e-02
   5.7092421e-02
   8.2530633e-02
   8.5194066e-02
   5.5112176e-02
   6.8145297e-02
   1.1469389e-01
   1.4506318e-01
   9.1915846e-02
   6.0900349e-02
   5.8575876e-02
   6.0254268e-02
   7.0866868e-02
   7.6454684e-02
   9.9398963e-02
   5.6533910e-02
   3.6656532e-02
   2.8772691e-02
   5.4013949e-02
   4.3507066e-02
   2.6883345e-02
   3.7657175e-02
   2.4479214e-02
   1.4672752e-02
   3.8715698e-02
   4.1936200e-02
   9.4169620e-03
   6.2446840e-02
   6.3530430e-02
   7.0627168e-02
   8.6537994e-02
   9.3732961e-02
   4.1986160e-02
   2.4096144e-02
   1.0986859e-02
   1.1009063e-02
   3.7692510e-02
   9.4912350e-02
   1.1577883e-01
   7.1394153e-02
   3.2424361e-02
   2.9387025e-02
   3.2737523e-02
   6.4373836e-02
   4.5524083e-02
   2.2658296e-02
   1.1266571e-02
   6.1749343e-02
   3.6843289e-02
   7.1393680e-03
   3.0708700e-02
   3.7038241e-02
   4.0179424e-02
   1.0855782e-02
  -9.3828654e-03
   3.4527506e-03
   7.2519414e-02
   1.6902381e-01
   1.5187854e-01
   9.9674709e-02
   9.4832428e-02
   8.3050206e-02
   2.4162611e-02
   1.7462451e-02
   1.4873932e-01
   5.5108994e-01
   7.1798044e-01
   4.0409774e-01
   1.4258842e-01
   1.2884374e-01
   1.2844939e+00
   4.2867122e+00
   4.0979395e+00
   1.6127077e+00
   4.0187681e-01
   2.0330545e-01
   2.1336004e-01
   3.6189273e-01
   7.8437114e-01
   8.0393380e-01
   4.0015045e-01
   1.5719071e-01
   2.6214223e-02
   6.9250412e-02
   1.7444693e-01
   2.8032109e-01
   2.8066570e-01
   1.3788621e-01
   1.1270632e-01
   6.8892688e-02
   7.4998468e-02
   9.8336652e-02
   1.6744095e-01
   2.2679345e-01
   2.3301409e-01
   1.4849107e-01
   6.1818529e-02
   1.8153617e-02
   3.6433075e-02
   5.9584722e-02
   7.4518368e-02
   7.5496860e-02
   5.1351696e-02
   5.6947399e-02
   3.6784161e-02
   2.4250073e-02
   4.4536922e-02
   3.9178666e-02
   1.0243641e-02
   3.3971909e-03
   2.3641666e-02
   4.3622144e-02
   6.8734482e-02
   4.0221084e-02
   8.1713013e-03
   1.1345846e-02
   5.3923294e-02
   1.1095116e-01
   1.3942297e-01
   7.0573092e-02
   3.9103482e-02
   3.1711462e-01
   4.0742144e-01
   2.1103120e-01
   1.1725800e-01
   1.2523738e-01
   1.3096991e-01
   1.2913935e-01
   1.1907851e-01
   9.6616171e-02
   1.5749805e-01
   5.9225017e-01
   7.1495277e-01
   3.1677935e-01
   6.7237072e-02
   4.7362473e-02
   6.2641189e-02
   3.2697454e-02
   1.2018222e-01
   1.5253015e-01
   7.8318499e-02
   2.7583921e-02
  -1.9867269e-02
   1.3007382e-02
   4.2366583e-02
   9.2070602e-02
   4.6303630e-02
   1.7708188e-02
   5.4181297e-03
   1.1964599e-02
   2.2154314e-02
   4.2689253e-02
   3.7622619e-02
   3.3766862e-02
   6.3976280e-02
   5.5740342e-02
   8.6399838e-03
   2.3544220e-02
   3.8730182e-02
   6.4628154e-02
   2.0181548e-02
   2.6475824e-02
   5.3818248e-02
   7.4785918e-02
   4.4698026e-02
   6.5549642e-02
   9.7228549e-02
   7.5206593e-02
   5.6261770e-02
   3.6380846e-02
   9.6532524e-02
   1.1214466e-01
   1.3532110e-01
   1.0887897e-01
   6.7961790e-02
   1.2110851e-01
   1.3319384e-01
   9.1396026e-02
   6.8135567e-02
   1.1318888e-01
   2.5280517e-01
   2.2945282e-01
   1.0221956e-01
   2.4907038e-02
   1.6731887e-01
   5.8752161e-01
   6.7385173e-01
   3.2127756e-01
   1.1891358e-01
   2.6433763e-01
   9.8857784e-01
   1.2699414e+00
   7.1343923e-01
   2.4044955e-01
   8.4371224e-02
   1.8486267e-01
   2.8028056e-01
   2.3885588e-01
   1.9156443e-01
   1.5488191e-01
   1.1207207e-01
   7.1776845e-02
   2.5310740e-02
   4.6916958e-02
   8.4537171e-02
   1.0864420e-01
   5.2565087e-02
   2.2743719e-02
   1.2740736e-02
   2.2629481e-02
   2.7161149e-02
   4.1469369e-02
   4.7030780e-02
   1.2767758e-02
   1.0315568e-02
  -8.8331718e-03
   2.8375352e-03
   2.6361238e-02
   2.5248691e-02
   4.7496159e-02
   3.9547790e-02
   2.9345268e-02
   4.0069379e-02
   3.9281517e-02
   3.5040777e-02
   4.2983703e-02
   3.9242160e-02
   5.7342317e-02
   4.2754500e-03
   2.6623426e-02
   3.8031310e-02
   5.2676685e-02
   5.8167603e-02
   4.2614829e-02
   5.0785590e-02
   9.6591003e-02
   1.1287305e-01
   3.9599475e-02
   5.5225894e-02
   5.1467661e-02
   8.2619645e-02
   6.7421705e-02
   6.1207000e-02
   9.3648486e-02
   1.8476444e-01
   1.8847322e-01
   8.5834563e-02
   6.2806413e-02
   9.5143512e-02
   2.5600985e-01
   3.0735409e-01
   1.8580678e-01
   8.5179590e-02
   5.1306691e-02
   5.5466298e-02
   8.1024066e-02
   1.3628723e-01
   1.1214630e-01
   4.3761820e-02
   6.1669171e-02
   7.2583757e-02
   4.8536837e-02
   3.3055995e-02
   5.3499348e-02
   6.2141657e-02
   3.1806402e-02
   1.0976530e-02
   2.9005913e-02
   3.1742208e-02
   6.0757328e-02
   1.1150800e-01
   5.4523196e-02
   2.4667736e-02
   2.4864219e-02
   3.2753736e-02
   5.9001144e-02
   2.7188215e-02
   2.3824334e-02
   3.7874810e-02
   2.0132639e-02
   2.6439309e-02
   3.1003028e-02
   2.6408570e-02
   1.7216152e-02
   3.1059643e-02
   2.4944194e-02
   8.8216504e-03
   9.4035957e-03
   3.9060168e-02
   3.8786668e-02
   4.9619082e-02
   2.4178229e-02
   2.3202868e-02
   3.4270067e-02
   3.0870704e-02
   2.5307059e-02
   4.0869404e-02
   4.9062390e-02
   2.6810413e-02
   1.3009222e-02
   2.3005158e-02
   6.6765114e-03
   6.4143620e-02
   7.8264534e-02
   5.6729991e-02
   2.5374444e-02
   4.9900658e-02
   1.1709321e-01
   1.2432264e-01
   9.8602407e-02
   3.2937590e-02
   1.5103096e-02
   5.0542962e-02
   8.2841635e-02
   7.0353426e-02
   1.9169515e-02
   2.9790075e-02
   5.5894129e-02
   7.5133331e-02
   3.1085923e-02
   4.2885300e-02
   7.7034846e-02
   9.9869825e-02
   7.9185151e-02
   5.2954182e-02
   7.9391338e-03
   4.9679764e-02
   8.9778326e-02
   9.1885738e-02
   4.7093235e-02
   6.6125952e-02
   1.3953699e-01
   2.8138956e-01
   3.0325675e-01
   1.1070760e-01
   3.1465426e-02
   8.5935995e-02
   1.9924036e-01
   1.6007417e-01
   1.0487417e-01
   8.3868265e-02
   7.4809268e-02
   8.5992619e-02
   6.5250389e-02
   4.6471059e-02
   5.1431973e-02
   3.2221567e-02
   1.9377904e-02
   1.5494616e-02
   1.2452462e-02
   4.2023722e-02
   4.3861330e-02
   1.6788490e-02
   1.7940532e-02
   2.1646922e-02
   2.8380118e-02
   1.6692359e-02
   1.7560890e-02
   2.2114795e-02
   3.5995033e-02
   6.8832688e-02
   6.0832407e-02
   4.2536650e-02
   5.3101547e-02
   5.4533817e-02
   7.0577644e-02
   4.3555729e-02
   1.9210912e-02
   2.0288691e-02
   2.5205052e-02
   5.1460505e-02
   3.8828067e-02
   1.5914284e-02
   1.1345116e-02
   3.4524608e-02
   2.6246678e-02
   2.1782974e-02
   2.2013126e-02
   3.5143584e-02
   2.9963087e-02
   3.0249767e-02
   3.0293211e-02
   3.4709726e-02
   2.6874037e-02
   5.0573580e-02
   3.2125544e-02
   1.8316092e-02
   6.5869517e-03
   4.1538723e-02
   7.4106149e-02
   8.8031217e-02
   4.7776211e-02
   4.6852469e-02
   3.4500554e-02
   4.3000158e-02
   5.2922230e-02
   5.2794810e-02
   4.6793118e-02
   4.7685076e-02
   7.8366853e-02
   4.0548038e-02
   3.2007042e-02
   7.2853290e-02
   7.6791696e-02
   8.8322304e-02
   5.3641286e-02
   3.7611473e-02
   8.8021576e-02
   1.2911789e-01
   7.0799313e-02
   4.4410612e-02
   5.7990499e-02
   1.1895283e-01
   1.0768694e-01
   6.8462767e-02
   2.6557008e-02
   9.2603490e-02
   1.3674045e-01
   1.0753646e-01
   9.1353931e-02
   2.9963819e-02
   9.6466772e-02
   2.0654736e-01
   2.0302299e-01
   1.0551035e-01
   3.8390066e-02
   2.1210034e-01
   3.5921431e-01
   2.1313281e-01
   6.0276065e-02
   7.0233069e-02
   4.3537000e-01
   7.8059983e-01
   5.4440081e-01
   1.1172251e-01
   8.5904904e-02
   5.1930094e-01
   8.4526241e-01
   5.9038246e-01
   2.2468062e-01
   1.4395337e-01
   3.3282444e-01
   3.6907065e-01
   1.6969113e-01
   8.7847523e-02
   1.3009505e-01
   2.2863477e-01
   2.0579077e-01
   9.2139244e-02
   6.7782812e-02
   7.0397638e-02
   7.4832052e-02
   6.5064609e-02
   9.3385078e-02
   7.7619687e-02
   5.1361840e-02
   9.0648439e-03
  -5.5118296e-03
   2.9762724e-02
   6.6987891e-03
   4.2027105e-03
   4.9303765e-03
   3.0846499e-02
   7.6251179e-02
   2.9341999e-02
   1.1792965e-02
   4.2793634e-03
   2.4149399e-03
   3.1402234e-02
   7.3118731e-02
   3.9809614e-02
   2.5462678e-02
   5.8829438e-02
   4.0740594e-02
   6.5833583e-02
   8.6429432e-02
   6.5569542e-02
   5.3393651e-02
   3.9412159e-02
   4.8443187e-02
   3.0224796e-02
   3.3881966e-02
   6.1354022e-02
   6.1651777e-02
   5.9673764e-02
   5.5060122e-02
   4.2367809e-02
   8.8306956e-02
   1.3954858e-01
   1.0855829e-01
   8.2940191e-02
   3.7909761e-02
   1.1737628e-01
   1.6432232e-01
   1.0673598e-01
   6.0223766e-02
   2.1364242e-02
   5.6247450e-02
   7.7708371e-02
   6.2772088e-02
   2.4806019e-02
   4.9943153e-02
   4.7139358e-02
   5.3205822e-02
   2.1627795e-02
   1.9498954e-02
   9.8717073e-03
   2.1480640e-02
   4.8209671e-02
   2.7772330e-02
   4.3559976e-02
   3.6093090e-02
   4.5446854e-02
   3.3323243e-02
   1.0598673e-02
  -3.7074138e-03
  -1.1274396e-02
   3.6819488e-02
   6.6796966e-02
   1.9701764e-01
   3.2931170e-01
   2.4010596e-01
   1.1296138e-01
   5.1612876e-02
   1.2786153e-02
   4.4334098e-03
   3.0790472e-02
   2.2189250e-02
   3.2077022e-02
   1.7064428e-02
   2.3468092e-02
   2.5273990e-02
   3.3877168e-02
   6.1691739e-02
   3.5894323e-02
   1.0614278e-02
   3.4294158e-02
   1.1601938e-01
   2.5604489e-01
   2.5201306e-01
   1.8120529e-01
   9.9507220e-02
   4.5089755e-02
   5.0575506e-02
   9.6355274e-02
   5.6907825e-02
   5.1863283e-02
   3.6790110e-02
   7.6872215e-02
   1.2578301e-01
   6.7733392e-02
   4.2661209e-02
   5.0039027e-02
   5.7625361e-02
   6.9735140e-02
   3.3156306e-02
   2.9297808e-02
   2.5390105e-02
   2.7118511e-02
   3.3481941e-02
   4.7500461e-02
   2.8864760e-02
   3.3448372e-02
   2.3935677e-02
   2.0654468e-02
   2.9918745e-02
   1.7008357e-02
   3.7317686e-02
   3.7097566e-02
   3.0347405e-02
   2.4448399e-02
   3.2889258e-02
   1.3114836e-02
  -2.9251534e-03
   4.7311749e-02
   4.1120525e-02
   7.7082187e-02
   5.9722349e-02
   6.4423725e-02
   9.5904075e-02
   5.3084724e-02
   6.3339751e-03
   1.9998297e-02
   4.2384945e-02
   3.0928679e-02
   4.4972286e-02
   3.4815360e-02
   4.3522581e-02
   3.0342780e-02
   3.2026276e-02
   4.7748666e-02
   3.5598442e-02
   4.0665928e-02
   4.8239354e-02
   8.8181987e-02
   9.8200038e-02
   7.2314665e-02
   5.4155171e-02
   5.4667443e-02
   4.8515499e-02
   6.3864112e-02
   4.8241653e-02
   5.4966755e-02
   4.1106135e-02
   5.4814991e-02
   4.7295053e-02
   3.6007542e-02
   3.3238329e-02
   3.4715652e-02
   4.0953334e-02
   2.1319678e-02
   1.7545054e-02
   2.7180197e-02
   6.0833447e-02
   7.0963658e-02
   5.7246909e-02
   2.5565837e-02
   4.1965814e-03
   3.5774726e-02
   4.4226240e-02
   1.7767241e-02
   3.6870547e-02
   2.7992666e-02
   4.5952339e-02
   3.6153030e-02
   1.9798873e-02
   1.9519079e-02
   1.6089158e-02
   3.9146632e-02
   1.1627334e-02
   3.6472332e-02
   4.9678974e-02
   2.3648499e-02
   2.0953573e-02
   2.7997652e-02
   2.2422830e-02
   3.1931151e-02
   2.0374082e-02
   4.2632021e-02
   3.6923546e-02
   1.7950023e-02
   2.2720324e-02
   1.5525783e-02
   1.2525864e-02
   5.0838310e-03
   2.3889853e-02
   3.8508158e-02
   5.8995482e-02
   5.2478932e-02
   5.6544948e-02
   6.2155407e-02
   6.0554173e-02
   2.7976964e-02
   2.0047767e-02
   2.4567612e-02
   4.7435958e-02
   4.3252852e-02
   6.5596260e-02
   6.1603419e-02
   1.9019172e-02
   2.6627181e-02
   2.9071761e-02
   4.5352589e-02
   3.2209855e-02
   4.6093732e-02
   2.8208889e-02
   2.1170659e-02
   1.6376894e-02
   3.1754546e-02
   2.4970053e-02
   1.3699769e-02
   3.0416900e-02
   1.0945116e-02
   2.2637896e-02
   1.5180948e-02
   1.8107604e-02
   1.7336352e-02
   4.2248059e-02
   6.6701435e-02
   6.6530772e-02
   8.2944371e-02
   5.3600565e-02
   3.3710316e-02
   4.4479419e-02
   7.2444357e-02
   5.3889241e-02
   7.5735748e-02
   9.6916318e-02
   6.1645593e-02
   4.2230420e-02
   4.1449990e-02
   4.3974962e-02
   4.2302564e-02
   4.7563959e-02
   4.6196822e-02
   3.3631995e-02
   4.4498853e-02
   3.3009097e-02
   4.0078241e-02
   4.2624366e-02
   3.4826148e-02
   1.3632271e-02
   2.1221505e-02
   4.7393102e-02
   4.1426312e-02
   2.2951512e-02
   3.0025817e-02
   1.8209983e-02
   3.7433479e-02
   5.4535489e-03
   1.7844960e-02
   5.0684936e-02
   4.4606868e-02
   2.1933673e-02
   3.5270199e-02
   3.3564571e-02
   4.1251872e-02
   3.9062403e-02
   4.9963731e-02
   2.8134912e-02
   2.4543678e-02
   5.3794511e-02
   7.5968973e-02
   5.9792828e-02
   1.3328982e-02
   7.8814058e-03
   3.5335511e-02
   3.4588650e-02
   4.7124755e-02
   3.1667229e-02
   8.0670118e-03
   1.9148411e-02
   1.8341204e-02
   1.9845717e-02
   3.5067555e-02
   1.6543787e-02
   1.3899124e-02
   1.5758811e-02
   4.2157616e-02
   3.2900099e-02
   2.5080144e-02
   2.7595298e-02
   4.9192242e-02
   5.4495264e-02
   3.0266857e-02
   9.5688393e-03
   3.2623850e-02
   2.1576416e-02
   2.6909353e-02
   1.5704751e-02
   1.8501900e-02
   2.7518906e-02
   4.8437599e-02
   5.8316234e-02
   4.3862268e-02
   5.5182789e-02
   4.2249292e-02
   5.0407548e-02
   3.0507168e-02
   2.4776118e-02
   2.1068843e-02
   3.3998396e-02
   4.5181401e-02
   3.0218877e-02
   9.6028643e-03
   3.5837442e-02
   4.1216411e-02
   3.7409980e-02
   1.8620489e-02
   3.1981423e-02
   2.9355761e-02
   1.5807742e-02
   1.7140180e-02
   1.8809417e-02
   1.7095579e-02
   5.1414270e-02
   2.4855783e-02
   3.4998711e-02
   2.8361881e-02
   2.4192724e-02
   2.7453123e-02
   3.1105136e-02
   3.8977653e-02
   4.3871850e-02
   3.3275560e-02
   2.4668122e-02
   2.1980906e-02
   3.4777176e-02
   5.6306352e-03
   9.1883149e-03
   1.7793896e-02
   6.0523823e-03
   1.6484283e-02
   4.0183656e-02
   2.6298234e-02
   1.0461922e-02
  -2.7910110e-03
   5.3592362e-03
  -7.0848661e-03
   1.3207868e-02
   2.4372671e-02
   4.4770475e-02
   6.8033040e-02
   7.1510032e-02
   2.8628228e-02
   2.8614732e-02
   2.6922042e-02
   1.5404048e-02
   1.5115138e-02
   1.9965796e-02
   4.1344307e-02
   5.0877497e-02
   2.4287639e-02
   3.1604968e-02
   9.7974293e-02
   1.6413254e-01
   1.4131460e-01
   5.8095764e-02
   2.6363056e-02
   7.5873651e-02
   9.8284140e-02
   8.1934385e-02
   5.2471738e-02
   2.9932832e-02
   1.0166901e-02
   4.7952857e-02
   4.1399043e-02
   6.0838610e-02
   6.0611188e-02
   4.8339203e-02
   2.6998753e-02
   1.5988624e-02
   2.4823966e-02
   3.7321698e-02
   3.9203402e-02
   2.7079506e-02
   6.6270633e-03
   8.0875009e-03
   2.4012851e-02
   2.5736356e-02
   2.2081841e-02
   1.8490970e-02
   3.8459755e-02
   3.7028477e-02
   4.7782704e-02
   4.3285038e-02
   5.6622967e-02
   3.9833415e-02
   2.9000271e-02
   3.4424108e-02
   4.0381242e-02
   4.3573335e-02
   1.9615024e-02
   2.5496950e-02
   1.8741004e-02
   1.8255508e-02
  -1.0600450e-03
   2.7904915e-02
   3.4141231e-02
   1.8889701e-02
   4.8106685e-02
   6.0088836e-02
   4.7173038e-02
   6.1764279e-03
   1.5379775e-02
   2.9700430e-02
   4.6076961e-02
   3.8760945e-02
   5.2559182e-02
   6.3135073e-02
   5.1963460e-02
   2.5349662e-02
   4.9514785e-02
   5.8924027e-02
   3.6355250e-02
   3.5804641e-02
   2.7994299e-02
   1.4493980e-02
   2.0177923e-02
   4.2252146e-02
   5.8642384e-02
   4.2464215e-02
   1.7025791e-02
   3.8806580e-03
   4.0724557e-02
   4.2278945e-02
   4.7573123e-02
   5.3968295e-02
   2.8463809e-02
   2.1205017e-02
   1.1507597e-02
   8.2466705e-03
   1.2122383e-02
   1.3170128e-02
   3.2472879e-02
   3.5673514e-02
   1.4692551e-02
   4.8269900e-03
   2.8185049e-02
   2.9663321e-02
   2.4391063e-02
   3.5215277e-02
   4.2386349e-02
   5.3261492e-02
   3.4787532e-02
   3.5919677e-02
   2.4695944e-02
   4.6937723e-02
   4.5394193e-02
   4.0885899e-02
   2.8058043e-02
   3.5547104e-02
   3.2185271e-02
   2.9581558e-02
   3.5999011e-02
   4.1996147e-02
   5.1459055e-02
   4.9814712e-02
   3.4205876e-02
   2.8778318e-02
   3.2551419e-02
   7.7419146e-03
   1.5543796e-02
   2.8862523e-02
   4.7849655e-02
   4.1328825e-02
   3.2270327e-02
   3.0737629e-02
   4.0679161e-02
   2.7716063e-02
   2.5138453e-02
   8.2810102e-03
   3.0701905e-02
   3.4564562e-02
   2.5767289e-02
   2.5644667e-02
   2.5077701e-02
   5.6816436e-02
   3.0112838e-02
   2.9542432e-03
   1.3331926e-02
   1.2048245e-02
   6.7059193e-03
   3.2766692e-02
   3.8585681e-02
   3.8034491e-02
   5.1753692e-02
   4.2658549e-02
   7.4540518e-02
   7.6109737e-02
   5.3138290e-02
   2.2707390e-02
   1.5760489e-02
   3.5071496e-02
   3.5688363e-02
   1.1312729e-02
  -6.6486755e-03
   7.4070659e-03
   2.3057487e-02
   4.2128045e-02
   5.2544791e-02
   3.1130277e-02
   2.9857969e-02
   4.5117993e-02
   5.4415438e-02
   3.6518313e-02
   5.6118421e-02
   4.7277596e-02
   3.2425772e-02
   2.2500463e-02
  -1.3431980e-03
   4.5746277e-05
   3.9136127e-02
   3.2446038e-02
   2.3414139e-02
   4.1664422e-02
   5.4101460e-02
   5.6468155e-02
   7.0011377e-02
   4.1008193e-02
   1.6314354e-02
   3.9505646e-02
   4.4801909e-02
   5.8426619e-02
   5.2887954e-02
   3.3800874e-02
   3.8926579e-02
   2.4365036e-02
   2.6277270e-02
   2.5411332e-02
   2.2648020e-02
   3.7418898e-02
   3.5257496e-02
   4.6102617e-02
   3.8130488e-02
   3.3987168e-02
   2.0204330e-02
   3.8782056e-02
   1.5190462e-02
   1.2623273e-02
   1.7486067e-02
   4.0220987e-02
   4.8289239e-02
   4.8699312e-02
   3.3248123e-02
   2.9292207e-03
   1.6082715e-02
   4.5481242e-02
   4.3329287e-02
   1.3908863e-02
   2.8481470e-02
   5.4956507e-02
   4.7509816e-02
   2.2632930e-02
   1.5599187e-02
   4.0057272e-02
   2.7471753e-02
   2.3857625e-02
   2.9099565e-02
   3.6720742e-02
   2.8171225e-02
   3.1512145e-02
   4.1425433e-02
   2.7228044e-02
   1.4607786e-02
   2.7369255e-02
   4.0072296e-02
   2.6206017e-02
   2.1747099e-02
   1.9568451e-02
   3.2355871e-02
   3.3618979e-02
   2.8674250e-02
   3.2274086e-02
   6.6727772e-02
   1.5061944e-02
   1.6568549e-03
   2.1142097e-02
   2.3134517e-02
   2.0897932e-02
   3.7833482e-02
   2.9042864e-02
   1.3166008e-02
   2.6901741e-02
   4.5575287e-02
   3.5081819e-02
   1.5333943e-02
   2.3586527e-02
   4.9909692e-02
   4.2473331e-02
   3.6280125e-02
   2.0670122e-02
   3.6824510e-02
   2.4188884e-02
   2.3680696e-02
   3.2594539e-02
   1.4739796e-02
   8.9953318e-03
   3.3040110e-02
   2.6977398e-02
   2.2832695e-02
   1.4599298e-02
   3.4319218e-02
   2.6836745e-02
   3.7701055e-02
   5.6124318e-02
   4.1270576e-02
   4.6241265e-02
   2.1046212e-02
   3.5907852e-03
   1.6950913e-02
   2.5222799e-02
   4.0951904e-02
   3.7022427e-02
   4.1744549e-02
   5.2732494e-02
   4.1847456e-02
   5.5363234e-02
   7.8647397e-02
   6.6369243e-02
   6.1593127e-02
   4.6839766e-02
   1.2093061e-02
   2.8680366e-02
   4.5471352e-02
   2.6156848e-02
   2.3449078e-02
   2.7395373e-02
   3.9158631e-02
   4.0903099e-02
   3.3439368e-02
   2.4063539e-02
   2.9513735e-02
   6.9372957e-03
   6.0210214e-03
   1.4003557e-02
   2.2184649e-02
   3.4194168e-02
   3.8653672e-02
   1.8985292e-02
   1.0949522e-02
   1.2731110e-02
   2.0496393e-02
   3.9794911e-02
   2.5561770e-02
   1.0235250e-02
   2.1899674e-02
   3.7383426e-02
   3.1956639e-02
   1.9871188e-02
   2.6773507e-02
   3.5319254e-02
   4.1553125e-02
   3.4507282e-02
   1.3931708e-02
   2.8082710e-02
   2.7413905e-02
   2.3573421e-02
   3.3280548e-02
   4.3602683e-02
   3.3932846e-02
   3.9042685e-02
   7.9962183e-03
   2.3141244e-02
   3.0109748e-02
   3.0986080e-02
   2.2706008e-02
   1.5911248e-02
   2.1852763e-02
   1.5143142e-02
   2.4231946e-02
   2.9542798e-02
   4.5862503e-02
   5.3491622e-02
   2.7636856e-02
   2.7324598e-02
   1.2155741e-02
   1.7247496e-02
   5.1926296e-02
   3.6272660e-02
   2.2292843e-02
   1.7928515e-02
   4.4169754e-02
   7.5620234e-02
   3.7852511e-02
   1.1603031e-02
   3.2766681e-02
   2.8143447e-02
   2.0561874e-02
   1.1628531e-02
   2.3287905e-02
   3.6834620e-02
   1.1675688e-02
   2.9902209e-02
   3.3174071e-02
   2.1147365e-02
   2.9765278e-02
   4.2906262e-02
   6.3416272e-02
   3.0679403e-02
   4.6241511e-02
   2.9667681e-02
   1.8726794e-02
   5.7179499e-03
   9.7202612e-03
   3.1145843e-02
   7.3674060e-02
   1.1065689e-01
   8.9499950e-02
   8.0219738e-02
   5.2270841e-02
   3.3169445e-02
   3.0864656e-02
   2.2183202e-02
   2.4979174e-02
   1.2252924e-01
   3.2664827e-01
   3.4249875e-01
   2.3572800e-01
   1.2109332e-01
   4.5752838e-02
   4.8903480e-02
   3.2252591e-02
   1.7805316e-02
   7.1351975e-03
   3.6870653e-03
   2.1985054e-02
   3.4621283e-02
   5.9603065e-02
   4.1979387e-02
   4.8228707e-02
   4.2677946e-02
   2.0491745e-02
   1.6758617e-02
   2.7429020e-02
   1.3173151e-02
   1.2165132e-02
   2.7936874e-02
   2.6456978e-02
   1.7113466e-02
   2.9436067e-02
   3.3384621e-02
   3.8230024e-02
   2.4842734e-02
   3.0914281e-02
   1.6820580e-02
   3.2492571e-02
   2.8613944e-02
   2.4222918e-02
   6.9660865e-02
   6.4307451e-02
   5.1951826e-02
   4.9545970e-02
   3.3188071e-02
   1.9245112e-02
   2.6096594e-02
   7.0487730e-02
   1.5995982e-01
   2.2872575e-01
   1.9645245e-01
   1.1012604e-01
   5.8344278e-02
   4.6211828e-02
   1.4356495e-02
   5.0583049e-03
   3.2472074e-02
   4.5608986e-02
   3.6489040e-02
   3.2951508e-02
   4.0531337e-02
   5.4933071e-02
   6.6231862e-02
   3.9613947e-02
   2.7933374e-02
   2.6685784e-02
   2.1940749e-02
   2.7888555e-02
   2.3016829e-02
   2.6059935e-02
   5.8080833e-02
   8.0217101e-02
   3.0060863e-02
   2.8676512e-02
   2.3652000e-02
   2.4948344e-02
   1.2852875e-02
   1.1195180e-02
   1.9232400e-02
   4.8062839e-02
   3.8563855e-02
   3.4012605e-02
   3.3989981e-02
   1.4398468e-02
   1.5562308e-02
   2.5093404e-03
   3.1757388e-02
   3.1855412e-02
   1.4536853e-02
   3.0708870e-02
   6.0902406e-02
   3.5629768e-02
   2.5245067e-02
   3.3839552e-03
   2.1020681e-02
   4.4449147e-02
   1.3760794e-02
   2.9694872e-02
   4.1940525e-02
   2.9597159e-02
   2.7621098e-02
   3.7664656e-02
   4.9637142e-03
   1.7861590e-02
   5.6708637e-03
   2.2593983e-02
   6.5191738e-02
   5.9210438e-02
   4.9378015e-02
   6.2423263e-02
   3.3327181e-02
   2.2791356e-02
   1.2381741e-02
   8.2280142e-03
   5.8106477e-03
   3.0634239e-02
   2.7772862e-02
   2.2594398e-02
   3.2875713e-02
   2.6288902e-02
   2.1493772e-02
   2.2704685e-02
   3.5213772e-02
   3.0373810e-02
   3.7344869e-02
   3.5377670e-02
   1.0421944e-02
   1.4024968e-02
   1.8225824e-02
   1.4643345e-02
   5.1281814e-02
   2.5947660e-02
   3.5723608e-02
   2.0923091e-02
   2.8027732e-02
   4.9875405e-02
   3.1249426e-02
   3.0612277e-02
   2.2892967e-02
   1.6325600e-02
   3.9010290e-02
   4.3715261e-02
   2.3996979e-02
   2.4852647e-02
   1.3023587e-02
   4.6554647e-02
   4.3464135e-02
   3.7826095e-02
   4.7976479e-02
   3.1785704e-02
   2.3533942e-02
   3.5368077e-02
   4.7714621e-02
   4.0759549e-02
   3.0615399e-02
   1.8535906e-02
   1.7321678e-02
   1.7625012e-02
   2.7270753e-02
   4.8475131e-02
   1.5005989e-02
   3.5830647e-02
   3.0341616e-02
   2.9321551e-02
   2.6149645e-02
   8.7306919e-03
   2.8410781e-02
   2.3368152e-02
   3.2501075e-02
   4.2670622e-02
   4.6622254e-02
   3.6042642e-02
   2.0062301e-02
   3.4131099e-02
   8.7322546e-03
   2.1505134e-02
   1.5646785e-02
   1.5647696e-02
   2.3072027e-02
   2.1596797e-02
   2.8055375e-02
   3.2218177e-02
   3.7984442e-02
   4.3961845e-02
   4.1258741e-02
   3.1031845e-02
   2.1900728e-02
   2.7550144e-02
   3.2399587e-02
   3.8915809e-02
   8.5120745e-02
   7.3561348e-02
   5.7361744e-02
   3.9946571e-02
   2.7717264e-02
   3.1520832e-02
   3.1965736e-02
   3.4428518e-02
   6.2390426e-03
   9.2877736e-03
   3.0774472e-02
   3.7186023e-02
   2.0587770e-02
   1.7446553e-02
   4.3918695e-02
   3.9127819e-02
   3.3795282e-02
   2.4146631e-02
   4.0346280e-02
   4.0729634e-02
   2.1021450e-02
   2.1721920e-02
   1.6853558e-02
   1.3961034e-03
   2.9663876e-02
   3.7720904e-02
   2.4414813e-02
   1.4101626e-02
   2.0407032e-02
   2.4708331e-02
   2.8527208e-02
   3.4721803e-02
   2.3680985e-02
   2.0722574e-02
   1.8438563e-02
   1.1170730e-02
   1.6628902e-02
   3.6660384e-02
   6.2438704e-02
   3.1132873e-02
   2.3207735e-02
   2.9756410e-02
   4.4988684e-02
   3.9000094e-02
   3.0196028e-02
   2.3558730e-02
   3.4202710e-02
   3.8469598e-02
   4.1583370e-02
   7.4033854e-03
   2.5172405e-02
   4.7030456e-02
   5.3035911e-02
   6.3492768e-02
   6.7970678e-02
   6.5393619e-02
   4.3593992e-02
   1.7224984e-02
   1.6808067e-02
   4.1619778e-02
   2.6147917e-02
   3.6461379e-02
   3.0977311e-02
   4.7884330e-02
   5.5450477e-02
   3.5257485e-02
   2.2666372e-02
   8.6402101e-03
   1.3595505e-02
   2.1763297e-02
   1.2773630e-02
   2.5985094e-02
   3.1007385e-02
   2.8087894e-02
   1.9729659e-02
   1.6976954e-02
   4.1448127e-02
   5.6087784e-02
   6.7573056e-02
   3.1253431e-02
   2.5817929e-02
   1.7520884e-02
   2.0987324e-02
   1.2881038e-02
   2.3112856e-02
   2.0558266e-02
   2.4412842e-02
   3.5404868e-02
   2.8901460e-02
   2.8158279e-02
   1.7392775e-02
   2.4404494e-02
   1.8298643e-02
   3.6005467e-02
   2.3507066e-02
   1.4740860e-02
   7.8822458e-03
   1.1750323e-02
   1.0355823e-02
   2.9182578e-03
   2.1403201e-02
   3.0303644e-02
   4.0687036e-02
   4.4062715e-02
   3.1139467e-02
   1.7413910e-02
   3.3218555e-02
   2.2110313e-02
   4.9921140e-02
   2.5320789e-02
   3.5158854e-02
   2.8238753e-02
   2.9211255e-02
   1.7989667e-02
   3.3447549e-02
   4.1716285e-02
   5.3159002e-02
   2.7052738e-02
   2.3116430e-02
   3.8443543e-02
   3.3277839e-02
   3.3003476e-02
   4.3363210e-02
   3.0470289e-02
   1.6783467e-02
   3.4402303e-02
   2.6533082e-02
   4.6661399e-02
   4.1616734e-02
   2.9186333e-02
   3.0140925e-02
   4.1986052e-02
   4.1149512e-02
   4.1754179e-02
   6.1399631e-02
   3.6999471e-02
   1.1896856e-02
   4.9679885e-03
   1.1086090e-02
   4.6542294e-02
   5.6403305e-02
   6.7545041e-02
   4.1914675e-02
   4.2597866e-03
   1.5195152e-02
  -1.1741739e-03
   1.6424539e-02
   3.0897669e-02
   5.6192126e-02
   4.0649869e-02
   4.4130366e-02
   3.0686453e-02
   4.2186361e-02
   4.7322035e-02
   3.3437580e-02
   5.9201092e-02
   5.6725595e-02
   4.9727608e-02
   1.2717261e-02
   2.9973222e-03
   3.0387705e-02
   2.9148381e-02
   3.3682711e-02
   7.5987823e-02
   1.1306018e-01
   8.7173805e-02
   6.8342298e-02
   5.3741094e-02
   4.7344789e-02
   5.2426301e-02
   6.0830623e-02
   4.4497255e-02
   5.2471418e-02
   3.1519681e-02
   2.8225433e-02
   2.4899466e-02
   3.2978952e-02
   5.6412537e-02
   5.4039840e-02
   2.9941848e-02
   4.6347383e-02
   4.1538339e-02
   4.9637333e-02
   2.7244024e-02
   3.4783464e-02
   3.3041991e-02
   2.0626685e-02
   3.4883971e-04
  -1.5256777e-02
   1.7581806e-02
   3.4703985e-02
   3.3865660e-02
   6.3365422e-02
   6.8638906e-02
   3.4195200e-02
   4.4208679e-02
   2.4200168e-02
   2.7105840e-02
   4.1575693e-02
  -1.5045961e-03
   7.1718046e-03
   9.7012380e-03
   1.9423656e-02
   5.8753444e-03
   2.3198048e-02
   3.1157563e-02
   5.3692862e-02
   4.6712179e-02
   3.4179542e-02
   3.6737431e-02
   2.2327395e-02
   2.8156510e-02
   1.9038958e-02
   2.9495547e-02
   3.3363737e-02
   3.3689156e-02
   4.2205505e-02
   3.9780576e-02
   5.5209361e-02
   7.3456235e-02
   5.0055049e-02
   3.1067727e-02
   3.8386006e-02
   4.1135348e-02
   4.5175098e-02
   3.7687972e-02
   2.5948867e-02
   2.7823752e-02
   1.5009835e-02
   3.6207993e-02
   3.8047370e-02
   3.2069683e-02
   5.1624916e-02
   3.5786368e-02
   1.8069178e-02
   3.1489015e-02
   3.8474694e-02
   8.3278567e-02
   8.8455416e-02
   6.3686959e-02
   5.5616688e-02
   5.2809000e-02
   2.7809443e-02
  -5.5124494e-03
  -3.2551924e-03
   2.0599557e-02
   1.0270436e-02
   2.0415012e-02
   5.8945719e-02
   2.7147057e-02
   2.7577559e-02
   2.8477374e-02
   4.4365846e-02
   4.5206599e-02
   1.0975912e-01
   9.5518462e-02
   7.5723507e-02
   5.3950470e-02
   4.1403823e-02
   1.4096618e-02
   4.1106187e-02
   1.0165740e-01
   1.4750344e-01
   1.0088280e-01
   4.9197830e-02
   8.0949590e-03
   1.0242954e-02
   1.1957835e-02
   5.3943910e-02
   6.3965105e-02
   4.8395909e-02
   4.3889649e-02
   5.8774155e-02
   7.1108669e-02
   8.5094765e-02
   9.2827238e-02
   7.3010936e-02
   8.2572527e-02
   5.8146592e-02
   4.8281897e-02
   2.0961691e-02
   5.8923266e-03
   9.1161840e-03
   1.2227522e-02
   6.6076934e-02
   5.8699727e-02
   1.9007837e-02
   1.7208794e-02
   3.9789252e-02
   4.2630617e-02
   2.8844500e-02
   1.5297023e-02
   3.9361846e-02
   1.0643470e-01
   8.8277534e-02
   7.2844453e-02
   3.7252642e-02
   2.6865533e-02
   1.8474339e-02
   3.7301555e-02
   4.6763115e-02
   6.3824750e-02
   9.1693699e-02
   8.4701486e-02
   3.5532583e-02
   3.0268794e-02
   3.0262902e-02
   2.7504712e-02
   2.9483734e-02
   4.3739896e-02
   4.4708055e-02
   5.3782951e-02
   5.1415700e-02
   4.4893555e-02
   2.3429271e-02
   3.3622071e-02
   4.0625423e-02
   4.1306082e-02
   3.5700120e-02
   2.6480721e-03
   2.1182779e-02
   2.4160505e-03
   1.5275366e-02
   6.9248654e-02
   1.3145573e-01
   1.0443921e-01
   7.0787139e-02
   2.0905083e-02
   3.5908584e-02
   4.4744994e-02
   3.9250817e-02
   5.5581562e-02
   4.5362979e-02
   3.1283330e-02
   4.4974174e-02
   5.5680487e-02
   9.4860375e-02
   1.6355513e-01
   1.7607318e-01
   8.1175007e-02
   8.0860049e-02
   3.3477850e-02
   3.4267258e-02
   2.6112989e-02
   1.6745289e-01
   7.8385288e-01
   1.1832656e+00
   9.6250904e-01
   4.6316600e-01
   1.3434574e-01
   1.4871128e-02
   1.4887039e-02
   3.7290148e-02
   7.3038310e-02
   9.3823761e-02
   7.1161762e-02
   7.7582031e-02
   1.1843648e-01
   3.1308003e-02
   6.1948620e-02
   2.7743512e-01
   6.2415254e-01
   6.0021836e-01
   3.2255465e-01
   1.3520572e-01
   3.7037935e-02
   1.8881980e-02
   5.4480955e-02
   7.1934536e-02
   8.2788639e-02
   5.7437862e-03
   1.3585730e-02
   9.4238542e-02
   5.8785401e-02
   2.1398257e-02
   6.4367630e-02
   1.0798207e-01
   9.5702715e-02
   3.2040194e-02
   3.8054176e-02
   4.0742267e-02
   3.1955030e-02
   7.0784958e-03
   3.2681145e-02
   1.0319011e-01
   8.4814705e-02
   4.8449863e-02
   3.7068546e-02
   3.0310269e-02
   2.0092726e-02
   3.1786382e-02
   3.1863265e-02
   5.6896672e-02
   1.1783807e-01
   1.4850043e-01
   1.2867309e-01
   7.6651141e-02
   3.0989317e-02
   1.5319201e-02
   5.7220031e-03
   1.5456442e-02
   1.9103283e-02
   2.0763483e-02
   2.9262725e-02
   4.2666666e-02
   6.9515459e-02
   5.7311323e-02
   5.3823147e-02
   3.3962596e-02
   4.6205789e-02
   2.6645776e-02
   2.7276466e-02
  -5.6631165e-04
   1.6144268e-02
   4.6910170e-02
   5.2043058e-02
   3.9190121e-02
   6.3742250e-02
   6.3835613e-02
   5.5053469e-02
   2.8030958e-02
   2.9622724e-02
   3.6269404e-02
   3.7862111e-02
   5.9918094e-02
   2.0151474e-01
   2.9613933e-01
   2.7678400e-01
   1.7912956e-01
   7.9868697e-02
   7.7879094e-02
   2.6115365e-02
   2.8738299e-02
   3.1948206e-04
   6.8603218e-02
   1.4874506e-01
   1.9682410e-01
   2.3362669e-01
   1.6728887e-01
   6.6792682e-02
   6.6524893e-02
   8.1765980e-02
   1.1522617e-01
   8.8538498e-02
   1.3898487e-01
   2.4111739e-01
   2.4677762e-01
   1.4093499e-01
   8.3925590e-02
   1.4841503e-01
   1.6795115e-01
   1.7527400e-01
   1.4190815e-01
   1.2400786e-01
   5.6007460e-02
   2.7826365e-02
   2.6231047e-02
   4.5934908e-02
   6.4637117e-02
   3.9857082e-02
   3.7311732e-03
  -1.0484642e-02
   2.1543941e-02
   2.6250742e-02
   1.6644929e-02
   1.9307885e-02
   1.8582208e-02
   2.7273327e-02
   4.3666614e-03
   2.2749363e-02
   1.6560624e-03
   2.8867360e-02
   1.0142702e-01
   1.2120586e-01
   1.0689684e-01
   8.4705487e-02
   5.4049268e-02
   3.1815197e-02
   2.5996035e-02
   5.6412950e-02
   5.7914503e-02
   4.3937024e-02
   3.9180711e-02
   6.1352581e-02
   7.9936132e-02
   3.5071976e-02
   4.6569724e-02
   5.7471134e-02
   8.0927826e-02
   8.0638848e-02
   4.7015965e-02
   4.5024659e-02
   2.7588574e-02
   3.1878039e-02
   6.3984931e-02
   4.0227640e-02
   1.2421850e-02
   8.7111890e-03
   4.3337464e-02
   1.1032526e-01
   1.0630117e-01
   6.1774835e-02
   2.3463076e-02
   2.0218290e-02
   7.5829853e-03
   3.0360000e-02
   2.1795644e-01
   5.6949174e-01
   6.1252987e-01
   4.0408358e-01
   1.7133288e-01
   6.4964361e-02
   2.1694450e-02
  -6.6499272e-03
  -9.8172119e-03
   6.5991156e-02
   9.6857242e-02
   1.1101802e-01
   1.5321314e-01
   1.1734036e-01
   5.9200995e-02
   7.2044209e-02
   5.4087512e-02
   4.2459134e-02
   4.2387847e-02
   1.0215266e-01
   1.0033335e-01
   7.4009500e-02
   3.9389856e-02
   2.6001951e-02
   1.3237587e-02
   2.8146606e-02
   7.5600401e-02
   4.3711156e-02
   5.1582724e-02
   8.9190908e-02
   4.3039225e-02
   3.5326391e-02
   2.7866272e-02
   3.3970367e-02
   2.6209103e-02
   6.4710379e-02
   2.8770458e-02
   4.1639794e-02
   3.0802144e-02
   4.8888221e-02
   3.8548842e-02
   2.0494668e-02
   3.6961732e-03
   2.1350056e-02
   5.4078363e-02
   6.1095499e-02
   4.4471685e-02
   7.5056992e-02
   1.1921113e-01
   9.0488508e-02
   5.6725349e-02
   4.4922236e-02
   4.1362587e-02
   9.4599482e-03
   9.2882395e-02
   2.2656949e-01
   2.3778011e-01
   1.5952531e-01
   1.1066303e-01
   1.0450178e-01
   8.5122451e-02
   6.6003665e-02
   7.6521626e-03
   2.3604972e-02
   4.9473688e-02
   1.0929460e-01
   1.3678072e-01
   9.4392069e-02
   1.1230786e-01
   1.3684259e-01
   1.5100272e-01
   9.0214767e-02
   8.0237158e-02
   1.9189590e-01
   3.6013061e-01
   3.0366141e-01
   1.7527626e-01
   2.6882440e-01
   1.7967848e-01
   7.5302653e-02
   6.8880253e-02
   4.8815686e-02
   5.9074193e-02
   4.6042994e-02
   3.1846773e-02
   1.7300110e-02
  -1.6946909e-03
   1.3554182e-02
   1.4969338e-02
   5.5364881e-02
   9.1232501e-02
   8.9342952e-02
   5.4605525e-02
   3.2551516e-02
   5.2324545e-02
   7.9200231e-02
   4.2976476e-02
   4.9676780e-02
   6.7041308e-02
   2.8111309e-02
   5.2131150e-02
   3.5829857e-02
   2.0598754e-02
   1.5207609e-02
   3.1096863e-02
   1.0061769e-02
   7.0259824e-02
   1.5068842e-01
   1.4722036e-01
   9.9692561e-02
   1.0881869e-01
   7.2205827e-02
   3.6473040e-02
   5.5630762e-02
   1.0998823e-01
   2.8700212e-01
   3.2047218e-01
   2.0403484e-01
   1.7511624e-01
   8.6818889e-02
   4.2748634e-02
   8.6785927e-02
   8.4389418e-02
   5.8134533e-02
   5.3329047e-02
   7.5306080e-02
   1.1997475e-01
   9.7806193e-02
   5.0340004e-02
   5.3762067e-02
   4.8572253e-02
   7.2956257e-03
   1.7724030e-02
   1.6756460e-02
   6.5426782e-02
   7.6825723e-02
   7.6097198e-02
   6.2134661e-02
   1.9132471e-02
   1.3818304e-02
   5.7254545e-02
   3.4816124e-02
   1.6907996e-02
   4.8534393e-02
   7.1778066e-02
   6.2753119e-02
   5.9810508e-02
   5.8778938e-02
   3.7442070e-02
   1.4127527e-02
   1.4298251e-02
   1.9865630e-02
   2.5993548e-02
   3.0009333e-02
   5.8839571e-02
   1.2794778e-01
   1.2002252e-01
   9.9089451e-02
   6.5121315e-02
   6.3279226e-02
   5.8886569e-02
   4.8161067e-02
   8.2042918e-02
   1.6925607e-02
   8.9555848e-03
   8.5137583e-02
   2.1120052e-01
   2.7093267e-01
   2.0384879e-01
   1.2914936e-01
   3.8568623e-02
   2.7040455e-02
   1.9795626e-02
   1.4982332e-01
   6.1657351e-01
   1.0210029e+00
   8.9339405e-01
   5.2305150e-01
   2.2988425e-01
   1.0529471e-01
   6.0481653e-02
   6.5210037e-02
   2.0829812e-02
   1.1432070e-02
   8.3900094e-02
   1.5668933e-01
   1.4025626e-01
   1.2122902e-01
   8.2681902e-02
   7.1372919e-02
   4.5790158e-02
   8.9573963e-03
   4.1698623e-02
   5.1614881e-02
   9.5091507e-02
   6.0985323e-02
   5.1355783e-02
   8.1142090e-02
   1.4665806e-01
   1.5498999e-01
   1.6355246e-01
   1.3746023e-01
   9.9086478e-02
   1.0147993e-01
   7.7928543e-02
   9.3225151e-02
   2.9104835e-01
   6.3484234e-01
   7.2572446e-01
   5.4477876e-01
   3.3095333e-01
   1.5935881e-01
   9.7925186e-02
   7.5387493e-02
   3.2328200e-02
   3.5688847e-02
   4.7762923e-02
   2.5738183e-01
   5.1871675e-01
   5.8206922e-01
   4.2861217e-01
   2.6010349e-01
   1.0448871e-01
   2.4154782e-03
   2.9544326e-02
   1.6846783e-01
   4.3378937e-01
   5.4078972e-01
   4.2292565e-01
   3.2870814e-01
   2.4601415e-01
   2.1877061e-01
   1.8263170e-01
   1.1728935e-01
   8.2903251e-02
   7.8739583e-02
   1.5550373e-01
   4.2025453e-01
   7.8016388e-01
   7.3362845e-01
   4.7123605e-01
   2.2089891e-01
   1.2473325e-01
   8.4379457e-02
   1.8248191e-01
   8.4207094e-01
   1.8977578e+00
   2.1708131e+00
   1.5846149e+00
   1.1330289e+00
   1.0640104e+00
   1.0959574e+00
   8.7827599e-01
   4.7984704e-01
   1.3678983e-01
   1.1048967e-01
   9.5749521e-01
   4.0305891e+00
   7.2535114e+00
   6.6563411e+00
   3.7272563e+00
   1.5056628e+00
   5.0999570e-01
   3.5515815e-01
   2.5561731e+00
   1.5428851e+01
   3.1970291e+01
   3.1828987e+01
   1.8944641e+01
   7.7389245e+00
   2.4782298e+00
   5.3921229e-01
   2.6569646e-02
   2.3514219e-02
   4.0810966e-01
   2.6468801e+00
   5.5498548e+00
   5.5292253e+00
   3.4126863e+00
   1.5064712e+00
   2.8767484e-01
  -2.5129202e-01
  -1.2351688e-01
   2.9250750e-01
   5.6854546e-01
   1.1294260e+00
   1.6299958e+00
   1.3821342e+00
   6.7047805e-01
   1.8729708e-01
   4.9001943e-02
   4.1767564e-02
   9.7149827e-02
   2.0664643e-01
   3.9391795e-01
   5.6934839e-01
   6.9599104e-01
   8.5791415e-01
   1.2763633e+00
   1.1001626e+00
   5.3875077e-01
   1.4575651e-01
  -1.2948260e-02
   1.1193150e-01
   1.8857816e-01
   3.3010107e-01
   2.7349961e-01
   1.3576026e-01
   1.0681484e-01
   7.5157456e-02
   1.0020646e-01
   1.2738436e-01
   2.4991818e-01
   2.7699038e-01
   2.3303640e-01
   1.6016293e-01
   1.8769945e-01
   2.4253875e-01
   2.0627695e-01
   1.2187354e-01
  -5.2102771e-02
  -7.6897733e-02
   4.4886917e-02
   2.3361503e-01
   2.9439503e-01
   1.7617513e-01
  -1.4124350e-02
  -1.3944314e-01
  -1.1451982e-01
   2.3590249e-01
   6.1482394e-01
   8.7404233e-01
   8.7580007e-01
   5.2022988e-01
   2.2760312e-01
   1.1345652e-01
   8.6198121e-01
   2.4646978e+00
   2.7993014e+00
   1.8440436e+00
   7.3308152e-01
   2.6017091e-01
   4.6282992e-01
   9.7757268e-01
   1.1537803e+00
   6.5656418e-01
   4.0279353e-01
   4.4772631e-01
   5.1802874e-01
   6.0221869e-01
   2.2029555e+00
   5.0019240e+00
   5.4198179e+00
   3.3618994e+00
   1.5081102e+00
   5.5410230e-01
   2.1532100e-01
   1.5885478e-01
   1.3038389e-01
   1.5985857e-01
   4.7666034e-01
   1.0458905e+00
   1.0783113e+00
   7.5295711e-01
   2.9917297e-01
   9.0653010e-02
  -5.3574581e-02
  -2.7501393e-02
   1.0716493e-01
   2.5741303e-01
   4.0114757e-01
   4.1268030e-01
   2.9381746e-01
   8.7782644e-02
  -1.0526389e-03
  -7.3987968e-02
   3.3968752e-03
   8.1657723e-02
   1.8344511e-01
   1.6728620e-01
   1.6627799e-01
   1.9655429e-01
   2.0416534e-01
   2.5386289e-01
   3.1857756e-01
   1.7520078e-01
   6.1690722e-02
   8.8054486e-02
   1.3594446e-01
   1.9049336e-01
   2.3412015e-01
   2.6549518e-01
   2.3658624e-01
   2.1866453e-01
   1.3709904e-01
   6.3848339e-02
   1.0928332e-01
   2.0551527e-01
   3.5491839e-01
   4.0366697e-01
   4.4711977e-01
   3.6085382e-01
   2.4351437e-01
   9.7741134e-02
   9.3636133e-02
   2.5900415e-01
   4.4074109e-01
   5.1408386e-01
   5.2100909e-01
   4.3356204e-01
   2.3677856e-01
   8.6838365e-02
   3.2928890e-01
   6.8897349e-01
   6.4234245e-01
   7.0050597e-01
   6.3653702e-01
   3.3401662e-01
   1.3574529e-01
   5.4837614e-01
   1.1154236e+00
   1.2464921e+00
   9.4957346e-01
   3.8903403e-01
   1.9089306e-02
   4.7581098e-03
   1.0275401e+00
   2.7014055e+00
   3.3966098e+00
   2.6141248e+00
   1.2489240e+00
   2.6688573e-01
   1.0678531e-01
   1.3916909e+00
   5.0070724e+00
   7.9720683e+00
   6.6985154e+00
   3.8541062e+00
   1.6613189e+00
   5.9907460e-01
   2.4560632e-01
   4.8334625e-01
   8.3107275e-01
   1.0634575e+00
   1.3039846e+00
   1.5078210e+00
   1.3362117e+00
   8.8771844e-01
   5.1643175e-01
   4.8895246e-01
   4.4443503e-01
   3.3581340e-01
   2.4537981e-01
   3.5614163e-01
   4.8338655e-01
   3.5033628e-01
   2.7476299e-01
   1.1535019e-01
   8.0361873e-02
   9.1049626e-02
   1.1699131e-01
   1.6051762e-01
   1.7932846e-01
   2.5058648e-01
   2.1889234e-01
   1.0284264e-01
   1.4579386e-01
   1.2107487e-01
   6.9760732e-02
   3.6638193e-02
   7.6128952e-03
   1.2016168e-01
   1.5948296e-01
   1.5404870e-01
   1.2299065e-01
   1.0168631e-01
   6.1067022e-02
   5.2704945e-02
   3.4971878e-02
   7.6164402e-02
   1.0118799e-01
   6.5404147e-02
   1.5574455e-01
   1.5562053e-01
   1.4488448e-01
   5.7027850e-02
  -2.2302253e-02
  -5.3629405e-03
   2.9218979e-02
   7.5509220e-02
   1.5512143e-01
   2.4715884e-01
   2.4398832e-01
   2.1177210e-01
   5.3872224e-02
  -8.0173267e-03
   8.7670371e-02
   1.8533137e-01
   2.7985439e-01
   3.2756215e-01
   2.4760084e-01
   1.2703209e-01
   9.7039089e-02
   2.5753790e-01
   3.5092881e-01
   3.2353675e-01
   2.0146041e-01
   1.0459734e-01
   2.5406051e-02
   1.1349149e-01
   5.4592609e-01
   8.3195156e-01
   7.4135143e-01
   4.0369451e-01
   1.8280451e-01
   7.1508527e-02
   1.7863448e-01
   7.6128238e-01
   1.3763449e+00
   1.3803494e+00
   8.7639517e-01
   4.1783300e-01
   1.4628613e-01
   5.1047642e-02
   9.9383689e-02
   1.7724621e-01
   2.3146661e-01
   2.8689530e-01
   2.7110812e-01
   3.2239643e-01
   2.3700354e-01
   1.9439812e-01
   2.0049405e-01
   1.6600417e-01
   1.8276879e-01
   1.4665160e-01
   1.6102391e-01
   1.6542488e-01
   1.8489747e-01
   1.3579823e-01
   1.0055777e-01
   6.2952302e-02
   2.6567971e-02
   3.8529612e-02
   3.3290844e-02
   2.0122306e-02
   4.7639120e-02
   6.5804705e-02
   1.0557741e-01
   3.2448534e-02
   2.9696183e-02
   4.7125411e-03
   1.8989570e-02
   2.2231119e-02
   3.7116941e-02
   7.2375491e-02
   9.8353490e-02
   8.5695505e-02
   6.7200199e-02
   6.1824251e-02
   7.1983553e-02
   3.4266118e-02
  -6.0167122e-03
   1.2108348e-02
   4.0880233e-02
   6.1316002e-02
   7.2028898e-02
   7.1528114e-02
   5.4702546e-02
   7.1350709e-02
   4.5048177e-02
   7.2433002e-02
   5.8553670e-02
   6.7602418e-02
   7.6092981e-02
   7.1987085e-02
   4.8597336e-02
   8.3538825e-03
  -2.1373253e-02
   3.0624801e-02
   1.1293434e-01
   1.3981321e-01
   9.4026454e-02
   2.6174890e-02
   3.5209853e-02
   1.1493204e-01
   1.8082348e-01
   1.5120305e-01
   6.6484079e-02
   4.7201522e-02
   3.2547988e-02
   9.4072316e-03
   1.2899968e-01
   3.1757632e-01
   4.2870641e-01
   2.1075422e-01
   1.0599776e-01
   7.1210479e-03
   2.5159853e-02
   1.8027778e-01
   4.0177506e-01
   4.4886687e-01
   3.5083717e-01
   1.4636800e-01
   8.9947954e-02
   5.9840982e-03
   4.2664092e-02
   1.4662825e-01
   1.8523344e-01
   2.0881070e-01
   1.2009647e-01
   7.9243705e-02
   7.2534025e-02
   1.1121441e-01
   1.7323670e-01
   1.7999381e-01
   1.5121958e-01
   7.4230328e-02
   7.1184948e-02
   9.6788041e-02
   1.6277999e-01
   2.7666298e-01
   2.4314366e-01
   1.4991327e-01
   8.7263405e-02
   8.0207741e-04
   6.1619546e-02
   2.6567602e-01
   3.7503943e-01
   2.7848184e-01
   1.8161216e-01
   3.3518050e-02
   6.2215659e-03
   9.8074235e-02
   3.7049553e-01
   8.7240201e-01
   9.9381727e-01
   7.0703220e-01
   3.3877411e-01
   4.7235332e-02
   6.3593008e-02
   2.0417581e-01
   3.4626159e-01
   4.4987354e-01
   3.7652713e-01
   2.9636827e-01
   1.7474113e-01
   8.8880621e-02
   7.3217474e-02
   1.5484373e-01
   2.0191588e-01
   1.5550028e-01
   3.6246035e-02
   4.8055455e-02
   8.1003763e-02
   8.5417613e-02
   7.2618857e-02
   4.9534716e-02
  -1.7171048e-02
   4.7020830e-02
   8.0077522e-02
   5.5075757e-02
   6.7384608e-02
   9.0743363e-02
   4.9718749e-02
   3.7683766e-02
   3.9243404e-02
   4.7216158e-02
   7.1293242e-02
   4.6732806e-02
   4.3040983e-02
   1.6197423e-02
   2.7771182e-02
   5.9845440e-02
   1.0473519e-01
   1.2741290e-01
   1.2433825e-01
   4.6990480e-02
   1.3725205e-02
   4.0117465e-02
   1.2390080e-01
   1.4127947e-01
   1.3451515e-01
   1.2542300e-01
   1.2325212e-01
   7.2274230e-02
   4.2195112e-02
   4.6484429e-02
   7.2479367e-02
   6.2501669e-02
   4.3300495e-02
   2.6663451e-02
   4.2418372e-02
   5.6837533e-02
   2.6436303e-02
   2.9415835e-02
   1.0515029e-01
   9.6355505e-02
   6.0840689e-02
   4.4228453e-02
   4.0084098e-02
   7.0359632e-02
   7.7545807e-02
   1.0237101e-01
   6.0169794e-02
   2.7644238e-02
   2.3926321e-02
   4.4481408e-02
   8.1637621e-02
   1.2252135e-01
   6.1920166e-02
   5.1073056e-02
   6.2619925e-02
   3.0420562e-02
   2.6111053e-02
   1.1065275e-01
   2.8419992e-01
   3.1145921e-01
   1.4801010e-01
   7.7796996e-02
   9.3894891e-02
   1.2211592e-01
   1.3373028e-01
   1.2462451e-01
   1.2011675e-01
   1.2962049e-01
   8.2345106e-02
   1.5466720e-01
   1.4050645e-01
   1.3303851e-01
   1.1848822e-01
   1.3087216e-01
   4.4357657e-02
   1.0617552e-01
   2.0653655e-01
   2.1105881e-01
   1.8913220e-01
   1.2600727e-01
   3.5765473e-02
   1.5798373e-02
   5.3564601e-02
   2.6592919e-01
   2.9369208e-01
   2.3159832e-01
   1.3235873e-01
   3.3633467e-02
   6.4932391e-02
   1.5374154e-01
   4.2489839e-01
   5.7352018e-01
   4.0243718e-01
   1.9345173e-01
   5.7584763e-02
   7.0750572e-02
   2.5382990e-01
   5.0877595e-01
   5.3900659e-01
   5.3009045e-01
   4.1452742e-01
   2.4388182e-01
   1.9485168e-01
   4.4669202e-01
   7.9957014e-01
   8.4835315e-01
   5.8494753e-01
   2.5373390e-01
   2.8941862e-02
   1.1589395e-01
   6.5838850e-01
   1.1752554e+00
   1.0023357e+00
   5.3195167e-01
   2.2007449e-01
   1.5762646e-02
   2.4979682e-01
   1.2196625e+00
   2.2137387e+00
   2.3056331e+00
   1.3294111e+00
   5.6659341e-01
   1.7746474e-01
   2.6667356e-01
   1.0056990e+00
   1.5685661e+00
   1.3867035e+00
   8.6405110e-01
   4.2659706e-01
   1.3171129e-01
   2.5320506e-01
   7.4600768e-01
   9.8895824e-01
   8.2182938e-01
   4.9099526e-01
   2.8133366e-01
   1.5698501e-01
   3.1392068e-01
   6.4982235e-01
   7.2783238e-01
   4.6439597e-01
   2.1552607e-01
   1.4693072e-01
   1.5827799e-01
   1.9225298e-01
   1.2712711e-01
   6.4313494e-02
   7.0601337e-02
   4.5068659e-02
   1.1632416e-01
   2.1453020e-01
   1.8113360e-01
   1.6977064e-01
   1.4781359e-01
   8.5438922e-02
   1.1451702e-02
   3.4131616e-02
   5.4644231e-02
   1.0541040e-01
   7.8645140e-02
   6.0688481e-02
   9.4118364e-02
   5.7386622e-02
   6.7352995e-02
   3.2074619e-02
   6.0876459e-02
   4.4310603e-02
   2.6134225e-02
   1.3960645e-02
   2.7106596e-02
   4.6110198e-02
   1.4285161e-01
   1.7889503e-01
   9.2877805e-02
   4.4052050e-02
   2.1749707e-02
   3.4971211e-02
   1.0147493e-01
   1.4038101e-01
   1.9218713e-01
   2.0918778e-01
   1.1082111e-01
   5.0846074e-02
   1.2191160e-01
   2.2822322e-01
   1.5725662e-01
   1.1219669e-01
   5.3458471e-02
   2.8755661e-02
   8.6274371e-02
   1.5696220e-01
   2.5221422e-01
   1.7561877e-01
   7.1939461e-02
   2.0894790e-02
  -1.2761611e-02
   1.4417326e-01
   4.6435270e-01
   6.5502197e-01
   4.8599327e-01
   2.4348265e-01
   5.8382969e-02
   1.2421802e-02
   1.3877107e-01
   3.7167484e-01
   3.7958837e-01
   2.7815059e-01
   1.7073354e-01
   9.0565868e-02
   7.7245913e-02
   2.3057422e-01
   3.2145089e-01
   3.2804900e-01
   2.2440946e-01
   1.7468551e-01
   9.9082306e-02
   1.1046640e-01
   1.8375878e-01
   2.3712008e-01
   1.7353775e-01
   1.2385274e-01
   1.0004831e-01
   7.8562826e-02
   1.0707457e-01
   5.2850787e-02
   4.5462716e-02
   8.3421886e-02
   1.1026091e-01
   8.2558312e-02
   5.9670676e-02
   1.1794169e-01
   1.2730403e-01
   8.6618237e-02
   4.7338933e-02
   5.3070333e-02
   2.5504513e-02
   4.5157850e-02
   5.8461193e-02
   4.6786983e-02
   5.3429630e-02
   3.4760941e-02
   6.5922551e-02
   9.1295622e-02
   8.1062749e-02
   7.1539581e-02
   5.2361831e-02
   5.2575492e-03
   7.1978266e-03
   3.9813578e-02
   4.7146566e-02
   2.7143212e-02
   3.3361748e-02
   2.9692912e-02
   4.1633181e-02
   3.6061335e-02
  -2.0016159e-03
   1.7603356e-02
   5.7494875e-02
   1.0672832e-01
   8.8067293e-02
   5.3570684e-02
   7.5111039e-02
   9.8710850e-02
   6.6005588e-02
   5.8354422e-02
   2.7475011e-02
   1.2686154e-01
   2.0888779e-01
   2.0769095e-01
   1.7676343e-01
   9.0402707e-02
   3.3851016e-02
   4.0924001e-02
   3.2532658e-02
   9.4995685e-02
   1.8406248e-01
   2.9359269e-01
   2.5894082e-01
   2.0633255e-01
   9.6626230e-02
  -9.6216297e-04
   3.3441472e-03
   9.4551377e-02
   1.5115727e-01
   1.6275628e-01
   1.2243979e-01
   1.3690402e-01
   7.2822884e-02
   7.8208759e-02
   1.1169052e-01
   1.5277901e-01
   1.0920555e-01
   4.6030406e-02
   5.5105425e-02
   7.8787118e-02
   1.1022539e-01
   1.3002701e-01
   1.0900381e-01
   9.6919954e-02
   1.1076693e-01
   7.6020703e-02
   9.5288895e-02
   1.0899931e-01
   7.6782599e-02
   8.6845390e-02
   4.5586769e-02
   4.1800350e-02
   4.3503597e-02
   4.9395002e-02
   8.0536708e-02
   6.0313061e-02
   7.6433965e-03
   3.8763199e-02
   5.9778802e-02
   5.1017288e-02
   4.2903196e-02
   8.8360999e-03
   1.1766535e-02
   2.7999677e-02
   3.2880809e-02
   8.1670791e-02
   5.3368736e-02
   2.1463975e-02
   1.2166101e-02
   4.1788071e-02
   5.5265892e-02
   3.6919221e-02
   6.4532138e-02
   6.6076882e-02
   4.1279472e-02
   5.7395164e-02
   1.2441269e-01
   9.4099335e-02
   5.5765867e-02
   2.7843200e-02
   3.7600707e-02
   5.0356291e-02
   3.6391407e-02
   2.2127884e-02
   2.0659754e-02
   8.4521370e-03
   6.1479505e-02
   3.8218014e-02
   2.0636953e-02
   2.6919466e-02
   4.5581777e-02
   5.7124365e-02
   4.4218361e-02
   5.6902122e-02
   4.7112122e-02
   5.3662688e-02
   6.5445006e-02
   5.5107772e-02
   1.0315259e-01
   1.0204200e-01
   1.0623721e-01
   5.8854952e-02
   2.7906287e-02
   3.1298850e-02
   1.9819733e-02
   5.7718966e-02
   5.6578692e-02
   7.2451361e-02
   4.8488885e-02
   4.4706255e-02
   4.2949326e-02
   7.3012672e-02
   5.4246601e-02
   8.5487969e-02
   5.7896841e-02
   2.1449195e-02
   1.6935954e-02
   1.6613295e-02
   3.9247174e-02
   5.1872943e-02
   5.6538127e-02
   2.2183668e-02
   1.8743293e-02
   5.5215456e-02
   5.8748823e-02
   5.8458161e-02
   5.8966622e-02
   3.0323798e-02
   5.1971816e-02
   4.3994378e-02
   8.3692551e-02
   7.7573314e-02
   4.2383481e-02
   3.3150531e-02
   2.8345337e-02
   3.8319729e-02
   4.7270663e-02
   4.4695824e-02
   4.8006054e-02
   2.0083044e-05
   1.9126927e-02
   2.3923265e-02
   2.2490896e-02
   3.2817788e-02
   3.1886503e-02
   5.4286607e-02
   6.6693678e-02
   2.6777148e-02
   2.2102565e-02
   5.2927695e-02
   2.9653359e-02
   5.2045140e-02
   2.6845949e-02
   5.3698979e-03
   8.7236864e-03
   4.9895931e-02
   3.7303437e-02
   3.9656069e-02
   7.6797448e-02
   3.3321634e-02
   5.6539558e-02
   3.4732431e-02
   5.5766981e-02
   4.5183260e-02
   3.1845942e-02
   2.7880238e-02
   1.7844791e-02
   3.0345663e-02
   3.3713371e-02
   5.4506321e-02
   6.4700298e-02
   3.7897620e-02
   1.5629956e-02
   3.9000496e-02
   1.9145189e-02
   4.9848396e-02
   4.3377671e-02
   4.6674747e-02
   3.5636030e-02
   1.8078299e-02
   1.7341994e-02
   3.7147805e-02
   3.7238970e-02
   4.7882073e-02
   2.7837096e-02
   4.1305758e-02
   1.6984502e-02
   3.2065243e-02
   1.4142088e-02
   4.0057171e-02
   2.8125420e-02
   5.5854917e-02
   4.7489408e-02
   2.5333202e-02
   2.3115978e-02
   5.1628966e-02
   3.9500289e-02
   3.7651911e-02
   5.9127662e-02
   3.6898125e-02
   6.0832392e-02
   6.0906786e-02
   4.0072303e-02
   3.2910831e-02
   4.6372920e-02
   5.8076393e-02
   4.6735320e-02
   5.8669105e-02
   2.9690171e-02
   2.0694217e-02
   3.7673239e-02
   3.0537726e-02
   2.5707878e-02
   1.6533062e-02
   1.4499392e-02
   2.5793845e-02
   3.5372239e-02
   5.6619503e-02
   2.8151361e-02
   2.0217236e-02
   3.9431117e-02
   4.3285020e-02
   2.3230508e-02
   2.0674272e-02
   1.9770842e-02
   2.3561556e-02
   2.2969285e-02
   3.0099019e-02
   1.6549919e-02
   1.2899704e-02
   1.4775055e-02
   4.8120022e-02
   2.7114652e-02
   2.4567248e-02
   4.0520608e-02
   3.7231248e-02
   2.5192196e-02
   2.2698961e-02
   3.0289322e-02
   3.6854204e-02
   3.1495359e-02
   2.6701758e-02
   1.8804876e-02
   3.9256275e-02
   3.9994664e-02
   2.2081055e-02
   3.5215601e-02
   3.2276392e-02
   2.3276322e-02
   1.7530914e-02
   2.5787089e-02
   3.6753081e-02
   3.8453411e-02
   2.8064553e-02
   6.9015888e-03
   2.2763893e-02
   2.6520221e-02
   2.3863850e-02
   2.3143232e-02
   1.8500380e-02
   2.8720779e-02
   1.7959544e-02
   1.3829377e-02
   2.8181935e-02
   2.2010915e-02
   2.4886852e-02
   2.9378723e-02
   2.5801485e-02
   1.5365172e-02
   4.3990570e-03
   3.1158270e-02
   1.9046286e-02
   2.1435549e-02
   2.3631599e-02
   2.6804195e-03
   1.8231567e-02
   2.0116381e-02
   1.7804174e-02
   2.3791939e-02
   2.8235679e-02
   3.9516691e-02
   1.6073857e-02
   1.9828104e-03
   2.8783914e-03
   2.1356571e-02
   3.7673365e-02
   3.0913115e-02
   2.9786836e-02
   2.4829056e-02
   3.7373237e-02
   2.4765765e-02
   3.3917986e-02
   4.6372410e-02
   3.0395847e-02
   3.6886305e-02
   2.2414574e-02
   2.3727290e-02
   4.4546317e-02
   4.6009380e-02
   3.2295391e-02
   1.7812150e-02
   3.3326730e-02
   3.9487027e-02
   6.3634329e-02
   3.2182354e-02
   2.6150549e-02
   4.4220496e-02
   1.6239807e-02
   4.1180410e-04
   2.5196599e-02
   2.9311508e-02
   3.1518884e-02
   2.2327030e-02
   4.2526975e-02
   1.3763482e-02
   1.1808885e-02
   2.0850591e-02
   3.3368561e-02
   3.2548796e-02
   1.0249959e-02
   1.3787919e-02
   3.9207734e-02
   4.2694695e-02
   4.2174298e-02
   1.8332345e-02
   2.1471638e-02
   2.6306408e-02
   6.6355681e-03
   2.2356842e-02
   1.0139898e-02
   1.6787859e-02
   1.9380355e-02
   1.1362643e-02
   2.0359604e-02
   4.6590839e-02
   1.8385950e-02
   3.7741099e-02
   7.4526139e-02
   4.7414262e-02
   2.0631403e-02
   3.3364695e-02
   4.0109694e-02
   2.6876401e-02
   2.7325299e-02
   4.3468848e-02
   3.4054611e-02
   3.9009593e-02
   3.5104595e-02
   2.9476536e-02
   2.6288921e-02
   3.0973917e-02
   3.1316464e-03
   1.9524096e-02
   5.0117262e-02
   4.7068175e-02
   2.4736004e-02
   6.4695217e-03
   2.6809236e-02
   3.2239750e-02
   5.4539684e-02
   5.8660928e-02
   5.3837638e-02
   3.7372723e-02
   5.2572303e-02
   5.7044543e-02
   3.2932930e-02
   1.8905826e-02
   3.4307510e-02
   1.7888656e-02
   1.7071687e-02
   3.8900439e-02
   4.6472590e-02
   2.0505060e-02
   1.0894660e-02
   3.4320891e-02
   3.8724523e-02
   1.3061331e-02
   2.5179723e-02
   2.5439158e-02
   4.5226868e-02
   3.9410312e-02
   2.4394965e-02
   1.2453715e-02
   5.0101965e-04
   1.3216650e-02
   3.5793494e-02
   4.0328614e-02
   7.5296625e-02
   7.0102096e-02
   6.5903582e-02
   6.0423046e-02
   4.7190182e-02
   4.5171309e-02
   5.3553510e-02
   6.1976597e-02
   3.4491915e-02
   2.4455195e-02
   7.4679218e-02
   1.6048923e-01
   1.6768602e-01
   1.0011970e-01
   4.6819031e-02
   2.2216002e-02
   4.1840140e-02
   2.4799223e-01
   6.1316848e-01
   6.1753261e-01
   3.6511043e-01
   1.8501370e-01
   8.1464708e-02
   9.9686407e-02
   2.3587888e-01
   3.3837619e-01
   2.9834175e-01
   2.4294382e-01
   1.4243503e-01
   4.9333293e-02
   8.2562275e-02
   4.5904111e-02
   5.3906865e-02
   7.3366269e-02
   9.2338540e-02
   8.7120198e-02
   1.2761873e-01
   8.5706703e-02
   4.2845402e-02
   2.0254938e-02
   1.4233580e-02
   3.4866095e-02
   7.9092570e-02
   7.5356439e-02
   4.8956051e-02
   5.0034996e-02
   5.5897497e-02
   3.7726529e-02
   2.3915507e-02
   2.9921146e-02
   1.1388198e-02
   2.8030712e-02
   3.2784861e-02
   4.2635314e-02
   2.4187697e-02
   2.6249366e-02
   4.2606089e-02
   5.0862689e-02
   5.0948054e-02
   2.7380200e-02
   1.8341437e-02
   4.2168848e-02
   3.2807056e-02
   1.5635725e-02
   3.7293166e-02
   2.7058881e-02
   3.0020372e-05
   3.4318626e-02
   4.9570810e-02
   3.8965274e-02
   1.6138043e-02
   7.8661665e-03
   1.0757553e-02
   1.1372445e-02
   3.6445431e-02
   4.5801263e-02
   3.6712803e-02
   2.8603768e-02
   3.1395998e-02
   1.8980483e-02
   2.3149634e-02
   2.4504241e-02
   3.5440810e-02
   3.2658607e-02
   3.7031434e-02
   4.8606314e-02
   4.0818885e-02
   2.2376088e-02
   5.1178534e-02
   3.1203115e-02
   9.3472740e-03
   4.0989351e-02
   1.0613658e-01
   1.0252843e-01
   6.4932808e-02
   2.9629329e-02
   4.0726591e-02
   3.1363387e-02
   4.1951612e-02
   5.3545073e-02
   5.1071301e-02
   7.0336275e-02
   3.8915548e-02
   3.0695470e-02
   3.4578998e-02
   1.3342625e-02
   1.4306261e-02
   3.6102284e-02
   2.1824583e-02
   9.5293159e-03
   1.2176841e-02
   1.7661817e-02
   3.3465724e-03
   1.3502236e-02
   4.4204108e-03
   1.4640826e-02
   1.0941891e-02
   6.5878178e-03
   7.0439037e-03
   3.3897728e-02
   2.2091089e-02
   2.6645677e-02
   3.0580992e-02
   3.2234848e-02
   2.3324147e-02
   2.3816863e-02
   2.7530678e-02
   6.3801683e-02
   3.9841607e-02
   2.8429614e-02
   2.6442826e-02
   3.6907330e-02
   2.7335644e-02
   2.4197640e-02
   1.2159717e-02
   3.9661366e-02
   3.4951810e-02
   4.0083773e-02
   3.2973997e-02
   3.3718742e-02
   2.3628470e-02
   1.1519283e-02
   2.9064709e-02
   2.3991400e-02
   9.2348484e-03
   1.3402614e-02
   3.8473420e-02
   2.5048422e-02
   2.6515825e-02
   3.6271129e-02
   3.4613151e-02
   3.3162825e-02
   3.4738872e-02
   5.6228738e-02
   3.2277085e-02
   2.9259793e-02
   1.6769351e-02
   1.3006832e-02
   3.2099344e-02
   3.6952507e-02
   1.9226925e-02
   1.9269073e-02
   1.2020579e-02
   1.5387440e-02
   3.5485797e-02
   4.2054322e-02
   6.4879529e-02
   8.2587048e-02
   6.8644702e-02
   1.7049290e-02
   2.1206234e-02
   4.4004258e-02
   4.4581134e-02
   4.1230295e-02
   1.5995163e-02
   1.3205557e-02
   5.9635350e-03
   4.7296919e-03
   2.2996143e-02
   1.6189892e-02
   2.2918696e-02
   1.9026617e-02
   4.1842818e-02
   4.5630462e-02
   3.4868613e-02
   2.4435649e-02
   2.9131984e-02
   1.8428264e-02
   2.7272111e-02
   1.7270923e-02
   2.5094604e-02
   1.5244241e-02
   1.0944217e-02
   1.5950119e-02
   3.5493750e-02
   2.8925171e-02
   1.9692015e-02
   2.3568068e-02
   2.0853834e-02
   1.5099211e-02
   1.3904714e-02
   1.6845904e-02
   3.1321235e-02
   2.3708155e-02
   2.0883257e-02
   1.0212526e-02
   1.3676065e-02
   2.3425695e-02
   1.0907350e-02
   2.4401724e-02
   8.3539039e-03
   4.0801871e-03
   2.6875392e-02
   2.0426109e-02
   1.8649630e-02
   9.0496102e-03
   2.8250212e-02
   2.7736114e-02
   1.0838042e-02
   9.5673464e-03
   2.6608657e-02
   3.9273635e-02
   2.2044992e-02
   2.1389080e-02
   2.3307664e-02
   2.7714835e-02
   2.6232846e-02
   3.1927496e-02
   3.2039132e-02
   2.9120686e-02
   1.7700436e-02
   1.8450368e-02
   1.1200052e-02
   2.2476722e-02
   2.9903483e-02
   1.3617108e-02
   2.7222067e-02
   3.2125983e-02
   1.1662403e-02
   7.3715393e-03
   1.3093760e-02
   3.1498470e-03
   8.4826136e-03
   1.3407335e-02
   2.0909784e-02
   2.0506319e-02
   2.7686246e-02
   1.2405047e-02
   5.6021498e-03
   1.2111357e-02
   1.8308584e-02
   4.7988877e-02
   2.4044564e-02
   1.6855070e-02
   1.9241672e-02
   1.7674319e-02
   9.1787344e-03
   3.0347651e-02
   3.7438955e-02
   4.1011445e-02
   1.8662058e-02
   1.1949523e-02
   1.4342478e-02
   1.1542742e-02
   2.7897315e-02
   2.0532636e-02
   1.4995530e-02
   6.9055031e-03
   1.9477174e-02
   2.6128648e-02
   2.1677129e-02
   2.7425384e-02
   2.9929293e-02
   2.8091161e-02
   4.1552026e-02
   1.3607373e-02
   9.8371012e-03
   2.9446369e-02
   4.6331447e-02
   4.2432889e-02
   1.6827464e-02
   1.8933551e-02
   3.4892257e-02
   4.1072648e-02
   2.3621969e-02
   1.1954363e-02
   2.2679329e-02
   3.1543590e-02
   1.6961381e-02
   1.2452119e-02
   2.0575821e-02
   8.2003428e-03
   1.8213362e-02
   4.2307195e-03
   2.7631257e-02
   2.5145914e-02
   3.2156758e-02
   2.6665036e-02
   3.6483683e-02
   5.3020477e-02
   3.5144206e-02
   5.3179776e-03
   1.0178054e-02
   6.0454272e-03
