   3.4558367e-02
   2.6751062e-02
   1.9592278e-02
   1.6225761e-02
   2.3204481e-02
   2.2977807e-02
   2.2548959e-02
   3.8081467e-02
   3.4949284e-02
   3.3630073e-02
   2.8116528e-02
   2.0629754e-02
   3.6487307e-02
   2.3851076e-02
   2.2392465e-02
   2.8502041e-02
   3.7508734e-02
   3.4850497e-02
   4.2857490e-02
   1.6260574e-02
   2.1667635e-02
   1.5446105e-02
   1.0898350e-02
   4.6363994e-03
   2.4802627e-03
   1.3388459e-02
   4.1148596e-02
   5.2245386e-02
   5.2698571e-02
   4.7536511e-02
   4.6482332e-02
   2.1291930e-02
   1.8998697e-02
   5.6423340e-03
   3.0463444e-02
   2.4962272e-02
   2.2675440e-02
   1.4544016e-02
   6.5813474e-03
   2.2854732e-02
   3.7306488e-02
   2.9372340e-02
   3.0667495e-02
   1.6945431e-02
   2.8561631e-02
   2.3997428e-02
   2.5659932e-02
   2.3395715e-02
   1.0132007e-02
   1.4359018e-02
   1.9661527e-02
   2.3390181e-02
   1.8064177e-02
   1.4374997e-02
   2.4221135e-02
   3.0245548e-02
   1.3100912e-02
   1.9409403e-02
   2.7339531e-02
   2.2442905e-02
   2.4725307e-02
   1.7769093e-02
   1.1569066e-02
   3.0474648e-02
   2.7739920e-02
   2.2793135e-02
   1.4017527e-02
   2.2407927e-02
   3.2854293e-02
   3.6302444e-02
   2.3728264e-02
   3.4459155e-02
   1.8111387e-02
   1.8717580e-02
   2.1566812e-02
   1.1884606e-02
   2.9064173e-02
   4.4744685e-02
   4.4125635e-02
   2.5178658e-02
   2.9675182e-02
   2.4632759e-02
   1.9300412e-02
   1.3262102e-02
   1.4816852e-02
   3.5689373e-02
   1.7414276e-02
   2.0701008e-02
   1.1554445e-02
   1.5995510e-02
   2.5224619e-02
   1.4375046e-02
   2.2000523e-02
   2.8034216e-02
   2.3908831e-02
   1.6004432e-02
   1.0641012e-02
   3.5123769e-02
   3.2604419e-02
   2.3169238e-02
   2.4634777e-02
   2.9476244e-02
   2.0807451e-02
   2.7987376e-02
   2.8836945e-02
   5.4256297e-03
   1.6650179e-02
   4.2373303e-02
   2.0411110e-02
   1.5167228e-02
   2.2306701e-02
   3.3359569e-02
   4.0402923e-02
   4.7477555e-02
   5.2720338e-02
   6.6324852e-02
   4.6501439e-02
   2.6933761e-02
   2.6876574e-02
   1.5986552e-02
   2.7286334e-02
   4.7512561e-02
   1.8217158e-02
   4.5061558e-03
   1.4119968e-02
   7.5210324e-03
   1.1628324e-02
   7.2966767e-03
   1.2336647e-02
   3.2522269e-02
   3.0286968e-02
   1.3597290e-02
   2.8391896e-02
   3.3613905e-02
   2.7849663e-02
   1.7443150e-02
   1.7094245e-02
   2.1138048e-02
   2.7791088e-02
   1.4327718e-02
   1.3078274e-02
   1.1760201e-02
   1.5877437e-02
   2.6971851e-02
   3.4066364e-02
   1.6160652e-02
   2.7331976e-02
   4.2845779e-03
   1.9917959e-02
   2.1798708e-02
   3.2641355e-02
   1.7330041e-02
   1.4265349e-02
   1.2830004e-02
   2.1200230e-02
   5.2215096e-02
   1.9882634e-02
   1.5802970e-02
   1.6013671e-02
   2.4852663e-02
   4.0141545e-02
   3.4256171e-02
   1.6796887e-02
   2.4854669e-02
   2.9664390e-02
   2.4055267e-02
   1.9529751e-02
   1.7930770e-02
   1.1701038e-02
   2.5825659e-02
   2.1869814e-02
   3.2830756e-02
   2.8054008e-02
   2.0512844e-02
   2.9847037e-02
   2.7890226e-02
   2.7066823e-02
   2.4199244e-02
   2.8713714e-02
   4.1075036e-02
   1.7838141e-02
   1.5966609e-02
   9.4648572e-03
   3.3725567e-02
   3.2169122e-02
   3.2866038e-02
   3.3530928e-02
   1.8547066e-02
   2.5142768e-02
   3.6932759e-02
   4.2922881e-02
   2.9117836e-02
   2.1193000e-02
   1.0658364e-02
   1.2680214e-02
  -2.7084185e-03
   5.4686931e-03
   3.1110616e-02
   4.2576898e-02
   3.8157851e-02
   3.4391008e-02
   2.1349266e-02
   5.3011179e-03
   2.1322666e-02
   5.6015961e-03
   1.6161690e-02
   2.2506306e-02
   1.9418918e-02
   2.6027171e-02
   3.0479612e-02
   3.1154843e-02
   1.7159350e-02
   2.3367198e-02
   2.0120081e-02
   4.4346604e-02
   2.8174093e-02
   1.5503843e-02
   1.8807495e-02
   3.1091146e-02
   3.9089173e-02
   3.1900860e-02
   3.1043742e-02
   2.2712275e-02
   2.8109374e-02
   5.5105422e-02
   6.4681061e-02
   5.0361603e-02
   1.8633934e-02
   1.2578528e-02
   2.1021556e-02
   2.2094617e-02
   1.3398310e-02
   4.2096429e-02
   3.1913392e-02
   6.1998656e-03
   1.7710298e-02
   1.4704996e-02
   2.5157364e-02
   1.5374459e-02
   2.7751217e-02
   2.8767280e-02
   5.3668544e-02
   4.6814535e-02
   4.0677942e-02
   3.2199565e-02
   3.5106368e-02
   2.5900843e-02
   2.3513522e-02
   3.3868369e-02
   1.9736139e-02
   7.4778632e-03
   1.6388116e-02
   1.4862739e-02
   1.3462656e-02
   1.4390604e-02
   2.5679724e-02
   2.3620363e-02
   2.5094874e-02
   2.3699202e-02
   3.2585129e-02
   3.6353473e-02
   2.8123770e-02
   5.0615285e-02
   3.5639863e-02
   2.4254339e-02
   2.5573280e-02
   3.4756649e-02
   3.6626913e-02
   2.4700100e-02
   3.5777271e-02
   3.8618177e-02
   2.4594344e-02
   3.0552292e-02
   2.7757309e-02
   1.3552986e-02
   2.3504021e-02
   1.2288120e-02
   1.3711625e-03
   8.8264560e-03
   7.2619868e-03
   2.6515400e-02
   1.8408764e-02
   6.6939634e-03
   3.3528470e-02
   3.4069035e-02
   2.8380061e-02
   3.4597188e-02
   1.5607578e-02
   2.0658707e-02
   4.0414803e-02
   2.9900916e-02
   2.9207129e-02
   2.8130271e-02
   2.5072372e-02
   2.1048488e-02
   1.5754459e-02
   2.2575991e-02
   3.4172013e-02
   4.4910237e-02
   9.2472713e-03
   1.6050998e-02
   1.1552590e-02
   1.1304672e-02
   1.2498382e-02
   2.0967608e-02
   2.2611141e-02
   4.6409573e-02
   6.3020751e-02
   3.2307539e-02
   1.3243643e-02
   4.2126372e-02
   6.5066226e-02
   4.5715179e-02
   3.5640415e-02
   2.7151747e-02
   1.5591859e-02
   1.5992643e-02
   2.2804258e-02
   1.8359525e-02
   5.1322944e-02
   2.7137894e-02
   2.4111960e-02
   3.7585735e-02
   2.0164218e-02
   3.7964098e-02
   2.1752298e-02
   1.9829059e-02
   2.7279370e-02
   2.3048516e-02
   1.7304435e-02
   2.5809266e-02
   2.3251886e-02
   1.7362287e-02
   3.0153016e-02
   4.7700547e-02
   3.4651071e-02
   2.8808571e-02
   2.6008986e-02
   3.2453265e-02
   3.7920982e-02
   3.4138184e-02
   2.1923479e-02
   2.8735917e-02
   4.0902212e-02
   2.8711885e-02
   7.3514306e-03
   3.2596871e-02
   7.7493540e-03
   1.6965084e-02
   2.7010158e-02
   3.6312323e-02
   3.9652910e-02
   2.8538913e-02
   3.2339349e-02
   2.7986402e-02
   2.3808990e-02
   1.6715184e-02
   5.6172840e-02
   5.8749732e-02
   4.4292282e-02
   3.1177940e-02
   1.2200496e-02
   2.5370747e-02
   2.0378597e-02
   2.7412914e-02
   4.2974234e-02
   3.4319222e-02
   1.5815761e-02
   2.1244276e-02
   1.6003301e-02
   4.6411637e-02
   2.5787039e-02
  -1.8018506e-03
   1.2325856e-02
   1.3444928e-02
   1.2121920e-02
   2.1439238e-02
   3.2926150e-02
   4.3760806e-02
   2.9387215e-02
   2.2078438e-02
   2.6722984e-02
   8.7373974e-03
   1.8670019e-02
   2.9501343e-02
   3.3113748e-02
   2.8317098e-02
   1.5087301e-02
   2.0460801e-02
   3.6356479e-02
   3.5941970e-02
   4.8835944e-02
   3.4766175e-02
   2.4671216e-02
   1.6665414e-02
   9.0631349e-03
   2.9380312e-02
   1.5267121e-02
   1.8319067e-02
   1.2778154e-02
   3.4228065e-03
   2.1497441e-02
   3.1104736e-02
   2.3286898e-02
   2.5308680e-02
   3.5720643e-02
   1.4102867e-02
   2.7654711e-02
   3.8660135e-02
   3.6673903e-02
   1.9445937e-02
   1.8404623e-02
   4.2822406e-02
   2.2217713e-02
   5.3416684e-02
   1.3592497e-01
   1.1841059e-01
   4.6284597e-02
   2.2434929e-02
   1.7484223e-02
   1.3800372e-02
   3.3282507e-02
   3.0743415e-02
   3.5274636e-02
   2.4121622e-02
   2.5929790e-02
   2.5030617e-02
   6.1025536e-03
   2.5807407e-02
   5.6993913e-02
   4.5190800e-02
   3.7413847e-02
   5.1992998e-02
   3.5120741e-02
   1.4507984e-02
   1.1492803e-02
   3.9494596e-03
   1.8379390e-02
   3.5920709e-02
   4.4205979e-02
   4.1318692e-02
   2.5991023e-02
   4.0492222e-02
   2.4278166e-02
   2.5999958e-02
   1.8503021e-02
   2.6979752e-02
   2.6856147e-02
   4.8527166e-02
   4.5908056e-02
   2.4056576e-02
   3.0590067e-02
   3.8516078e-02
   5.1959582e-02
   2.7043942e-02
   3.4229185e-02
   2.3852378e-02
   1.6141769e-02
   6.5423446e-03
   2.2257136e-02
   2.0822488e-02
   6.0204575e-03
   2.6947701e-02
   3.8290925e-02
   3.5844382e-02
   2.5117118e-02
   2.2580268e-02
   2.7771179e-02
   3.1565048e-02
   2.3361351e-02
   1.8965755e-02
   2.7919590e-02
   2.8952001e-02
   1.9183334e-02
   1.7872166e-02
   2.0987829e-02
   2.6396485e-02
   3.0838314e-02
   4.0318605e-02
   1.7904695e-02
   2.0580804e-02
   1.6777493e-02
   8.8364520e-04
   1.7055940e-02
   1.5352979e-02
   1.9290188e-02
   4.3530777e-02
   2.2907101e-02
   1.2320669e-02
   1.9526551e-02
   4.2851765e-02
   3.0848671e-02
   1.6566491e-02
   2.2666393e-02
   3.4474023e-02
   4.9565408e-02
   4.0003806e-02
   2.1693876e-02
   2.5522094e-02
   1.4251734e-02
   9.8614795e-03
   2.1889728e-02
   2.9375849e-02
   5.3678911e-02
   4.4589277e-02
   1.0662480e-02
   6.7470665e-03
   7.4981572e-03
   1.6870173e-02
   3.1766236e-02
   1.9986929e-02
   3.0961405e-02
   1.5215025e-02
   2.2095663e-02
  -3.2381239e-04
   2.4748998e-02
   2.9619193e-02
   3.9366286e-02
   2.7493306e-02
   1.6162252e-02
   1.4570842e-02
   2.8074143e-02
   4.2785402e-02
   3.0565441e-02
   2.4759816e-02
   2.2271089e-02
   3.9415278e-02
   3.6098365e-02
   2.3174183e-02
   4.2502444e-02
   3.1816404e-02
   3.6488019e-02
   5.7665236e-02
   5.3647503e-02
   2.6625892e-02
   1.4214062e-02
   3.2872152e-02
   7.9095550e-02
   1.3280365e-01
   1.1527237e-01
   6.1281599e-02
   4.0875178e-02
   2.9040948e-02
   1.5082427e-02
   8.8287126e-03
   3.6051307e-02
   2.7744809e-02
   1.0065423e-02
   2.4377783e-03
   3.4097485e-02
   2.8193133e-02
   2.5016228e-02
   2.9001104e-02
   1.1287674e-02
   2.3188137e-02
   2.4698470e-02
   2.5928656e-02
   4.0219147e-02
   2.8574411e-02
   3.6196668e-02
   6.3255303e-02
   9.1074862e-02
   5.3631008e-02
   6.2099736e-02
   5.7406630e-02
   2.4578178e-02
   3.2019269e-02
   5.7174560e-02
   1.2328254e-01
   1.4753199e-01
   1.0925172e-01
   2.6131120e-02
   1.7146252e-02
   9.8325068e-04
   3.3728104e-02
   4.2310726e-02
   2.1551136e-02
   1.0683118e-02
   2.9828044e-02
   1.8099705e-03
  -2.6764356e-02
   7.2919284e-03
   6.9104522e-02
   8.9370206e-02
   2.4038669e-02
   5.3116316e-03
   2.2697603e-02
   5.6917500e-02
   2.6889724e-01
   2.5931352e-01
   1.3838670e-01
   1.1192609e-01
   9.9797182e-02
   4.5154020e-02
   4.4380669e-02
   1.7812589e-01
   7.4398226e-01
   9.8970902e-01
   5.4016387e-01
   1.6440192e-01
   1.3578671e-01
   1.4833988e+00
   4.7724633e+00
   4.4960413e+00
   1.8427970e+00
   4.7798690e-01
   1.8530975e-01
   2.2070175e-01
   4.4242737e-01
   9.7637004e-01
   9.8060870e-01
   4.4032836e-01
   1.1916903e-01
   4.3203231e-02
   1.0387802e-01
   2.3243113e-01
   3.5201654e-01
   2.9320294e-01
   8.4318362e-02
   3.1185247e-02
   6.9712318e-02
   7.5663410e-02
   1.3768782e-01
   1.2504859e-01
   2.0543101e-01
   2.4831578e-01
   1.4514130e-01
   1.9834662e-02
   4.8481774e-02
   6.2477347e-02
   6.4187601e-02
   5.3852174e-02
   2.5609970e-02
   2.8922528e-02
   3.2594278e-02
   3.6485329e-02
   5.2244872e-02
   1.8815029e-02
   4.1867472e-02
   2.5669873e-02
   9.9229710e-03
  -7.3775616e-03
   2.5409702e-02
   3.7588783e-02
   3.0385593e-02
  -1.3350557e-03
  -8.5240379e-03
   6.2267605e-02
   1.6397543e-01
   1.7126876e-01
   6.1996561e-02
   6.6569649e-02
   2.3526067e-01
   3.5305172e-01
   1.9987486e-01
   7.4752539e-02
   1.1450501e-01
   1.7490171e-01
   9.0324208e-02
   6.0587060e-02
   4.9748447e-02
   2.2126503e-01
   9.2083800e-01
   1.0159767e+00
   4.8369312e-01
   1.1874928e-01
   2.5668792e-02
   2.3953084e-02
   4.4908173e-02
   1.8493196e-01
   2.2268276e-01
   1.1391766e-01
   2.4844447e-02
  -3.9893365e-04
   2.1443535e-02
   5.5946004e-02
   8.4939390e-02
   6.3424751e-02
   8.1550078e-03
   1.1420449e-02
   4.5317281e-03
   1.5426404e-02
   1.0656531e-02
   4.8706539e-02
   7.1730196e-02
   8.1576288e-02
   6.0869250e-02
   6.6494723e-03
   4.5119945e-02
   6.5358140e-02
   3.8093552e-02
   2.8307086e-02
   2.6241854e-02
   2.6714170e-02
   5.5675928e-02
   7.1502924e-02
   2.5062578e-02
   9.4674751e-03
   2.1843489e-02
   3.7537847e-02
   1.8509544e-02
   1.9785279e-02
   4.7952227e-02
   4.3558311e-02
   4.4446860e-02
   1.6574837e-02
   4.9817007e-02
   8.8519648e-02
   1.1776436e-01
   9.8893166e-02
   6.5271698e-02
   6.1834108e-02
   9.8018907e-02
   7.7948347e-02
   4.1484527e-02
   1.4441143e-01
   3.0578187e-01
   2.5493413e-01
   1.1311077e-01
   5.8286011e-02
   3.3424407e-01
   1.3226215e+00
   1.6532545e+00
   8.7651575e-01
   2.1953666e-01
   3.6181547e-02
   7.3010735e-02
   1.9315916e-01
   3.4699124e-01
   3.2012099e-01
   1.5147357e-01
   4.3997400e-02
   7.4873762e-03
   2.4651002e-02
   7.4212149e-02
   9.9215046e-02
   7.8962669e-02
   4.0386274e-02
   3.0305451e-03
   8.8756392e-04
   2.2602988e-02
   3.6549173e-02
   3.8506579e-02
   7.9374369e-03
   9.8092789e-03
   9.2456825e-03
   2.5012650e-02
   3.5097256e-02
   5.2373756e-02
   2.5170386e-02
   2.1418326e-02
   1.3793569e-02
   1.3024934e-02
   3.2684311e-02
   5.1651936e-02
   7.5371131e-02
   4.9818084e-02
   1.6723244e-02
   2.3649348e-02
  -3.6696887e-03
   2.0570477e-02
   2.7647214e-02
   6.8553075e-02
   3.2636475e-02
   4.8666415e-03
   2.6217462e-02
   5.6521852e-02
   7.6307699e-02
   6.0214907e-02
   4.2468414e-02
   3.9175984e-02
   3.8164917e-02
   3.9405100e-02
   2.3088677e-02
   6.7950852e-02
   1.2363091e-01
   1.1213735e-01
   7.1040221e-02
   3.9160736e-02
   1.2098605e-01
   3.6665985e-01
   4.0614113e-01
   2.1955299e-01
   6.3432463e-02
   1.7535640e-02
   3.3134684e-02
   6.2159520e-02
   1.2257045e-01
   1.2066758e-01
   6.4361677e-02
   1.2205794e-02
  -3.0194286e-03
   1.6043697e-02
   5.5396605e-02
   6.4376354e-02
   5.3129952e-02
   3.0147452e-02
  -3.5761119e-04
  -6.7769326e-03
   2.0650227e-02
   3.8635656e-02
   4.7942214e-02
   4.5086168e-02
   2.1644190e-02
   3.8161546e-03
   2.5407359e-02
   3.3213355e-02
   4.4247877e-02
   2.3948794e-02
   4.7748610e-02
   2.7186248e-02
   3.0252811e-02
   2.8045302e-02
   2.5758855e-02
   1.4291393e-02
   1.6449749e-02
   3.6723666e-02
   2.8958144e-02
   2.8153203e-02
   3.8129728e-02
   4.1938450e-02
   5.5786122e-02
   1.6456241e-02
   1.6470054e-02
   2.6138892e-02
   3.5595272e-02
   3.0634172e-02
   1.2477714e-02
   1.9431653e-02
   5.7737626e-02
   4.7266599e-02
   4.1671548e-02
   4.2553391e-02
   4.9810033e-02
   4.7149535e-02
   2.3048112e-02
   2.8809910e-03
   4.0329732e-02
   1.1598148e-01
   1.2402563e-01
   6.5310493e-02
   2.4330737e-02
   2.5055202e-02
   6.9701687e-02
   8.5332595e-02
   7.8395315e-02
   5.7080992e-02
   3.3236787e-02
   1.1062393e-02
   1.3455451e-02
   2.4156250e-02
   6.8870713e-03
   2.6554774e-02
   4.8668988e-02
   3.5948459e-02
   1.0495340e-02
   1.7283807e-02
   4.3778434e-02
   5.4145258e-02
   2.1371009e-02
   2.7522141e-02
   1.9471686e-02
   4.7647178e-02
   1.0820662e-01
   7.4731588e-02
   5.1858559e-02
   3.7085257e-02
   2.3953265e-02
   3.3766262e-02
   3.0912071e-02
   3.0868009e-02
   3.7716556e-02
   2.2224376e-02
   3.5135627e-02
   3.4288637e-02
   1.4504979e-02
   2.5885556e-02
   3.7447698e-02
   3.6354080e-02
   3.7341043e-02
   4.0044859e-02
   3.4601599e-02
   2.7786417e-02
   5.1191356e-02
   3.1404689e-02
   1.0538092e-02
   2.3410439e-02
   2.7213214e-02
   1.0140519e-02
   7.4671670e-03
   9.9290367e-03
   4.0826579e-03
   3.5047106e-02
   2.3865884e-02
   1.8002663e-02
   4.1580867e-02
   5.1108338e-02
   4.5487475e-02
   2.9527701e-02
   2.8025724e-02
   1.6434892e-03
   2.8472262e-02
   5.0806414e-02
   2.3926310e-02
   1.4370023e-02
   2.8507331e-02
   1.9100985e-02
   1.6805124e-02
   1.6455077e-02
   2.8690217e-02
   2.8522268e-02
   3.2561019e-02
   8.1736045e-03
   1.6666025e-02
   2.6467463e-02
   2.6517594e-02
   2.5185663e-02
   2.9736105e-02
   2.2705866e-02
   2.4973636e-02
   3.9723005e-02
   5.6020245e-02
   3.5801407e-02
   3.2210454e-02
   1.7127018e-02
   1.6702149e-02
   1.6381176e-02
   3.4879908e-02
   3.1140396e-02
   3.8348675e-02
   4.6916816e-02
   3.8427483e-02
   2.1639949e-02
   3.8892526e-02
   3.4273565e-02
   4.2761434e-02
   4.6142519e-02
   6.6930212e-02
   8.7348431e-02
   7.7997535e-02
   5.7068884e-02
   3.1050779e-02
   3.6343031e-02
   9.1662757e-02
   1.0570372e-01
   7.1648657e-02
   5.3192042e-02
   9.6827134e-02
   1.1024447e-01
   9.7811103e-02
   7.6346695e-02
   9.2297979e-02
   1.5199697e-01
   1.8424511e-01
   1.4182951e-01
   7.9557285e-02
   4.2363469e-02
   1.5732878e-01
   2.5900927e-01
   1.7219433e-01
   7.5515844e-02
   5.0110750e-02
   2.8515092e-01
   5.4107213e-01
   3.6500216e-01
   1.1633717e-01
   5.6925744e-02
   1.7674921e-01
   2.7399409e-01
   1.8042937e-01
   8.7596588e-02
   7.8662999e-02
   1.0889719e-01
   1.0591203e-01
   7.3174559e-02
   3.1588670e-02
   2.1233879e-02
   3.3552367e-02
   4.4222243e-02
   2.8085114e-02
   8.2940497e-03
   9.6253548e-03
   3.8080595e-02
   1.0710547e-02
  -1.7178514e-03
  -2.5512963e-03
   7.9087587e-03
  -1.1762686e-03
  -9.7364131e-03
   4.8369742e-03
   2.8769782e-02
   2.9638790e-02
   2.7335417e-02
   3.6684468e-02
   2.6077284e-02
   1.8560888e-02
   4.0590703e-02
   2.4524799e-02
   2.2267908e-02
   1.6741790e-02
   1.0527986e-02
   4.9597554e-02
   4.0389068e-02
   1.4576340e-02
   1.5762512e-02
   4.4806968e-02
   6.3505508e-02
   5.7953890e-02
   4.3215264e-02
   4.1886643e-02
   4.9934201e-02
   4.4561688e-02
   5.8580027e-03
   2.6827712e-02
   5.6591466e-02
   4.3649174e-02
   1.3581239e-02
   2.0658094e-02
   7.5434364e-02
   1.3531511e-01
   1.1219107e-01
   5.3022180e-02
   1.4550730e-02
   4.1121617e-02
   6.8146348e-02
   5.4992586e-02
   3.2162998e-02
   2.9516354e-02
   2.2705341e-02
   3.2718763e-02
   4.2603057e-02
   3.4766119e-02
   7.4252542e-03
   3.9415076e-02
   4.0400345e-02
   2.4575150e-02
   8.7247733e-03
   2.6399778e-02
   1.5892133e-02
   1.8266948e-02
   1.4894192e-02
   2.5708289e-04
  -8.8264374e-03
   1.9710828e-02
   6.6613662e-03
   1.4066817e-02
   1.1375271e-02
   2.9450996e-02
   3.2212291e-02
   8.0402615e-03
   1.0795773e-02
  -4.0870211e-03
   6.3085319e-03
   2.3776172e-02
   3.7873223e-02
   4.0573962e-02
   5.0382882e-02
   4.6846371e-02
   3.6609355e-02
   2.1502931e-02
   2.8906742e-02
   1.1528651e-02
   2.8277813e-02
   2.9888570e-02
   4.0904362e-02
   5.5829052e-02
   9.0763204e-02
   1.4208502e-01
   1.7982882e-01
   1.4905992e-01
   6.4061120e-02
   2.3957556e-02
   3.9574619e-02
   4.6402548e-02
   7.5873919e-02
   1.2052952e-01
   8.1291750e-02
   5.0693389e-02
   4.6633828e-02
   6.1844099e-02
   7.7675268e-02
   5.4557402e-02
   3.9749887e-02
   1.4702258e-02
   2.8738165e-02
   3.1052584e-02
   3.0110136e-02
   1.7118707e-02
   1.6521022e-02
   1.4182896e-02
   4.1400217e-03
   6.7432858e-03
   2.5035264e-02
   2.2177793e-02
   1.5246809e-02
   1.9922853e-03
   2.6534822e-02
   3.9409440e-02
   2.3150042e-02
   1.4630076e-02
   1.6140312e-02
   1.6600249e-02
  -3.5345331e-03
   2.5183780e-02
   1.8222533e-02
   1.1326330e-02
   2.0572407e-02
   2.1409597e-02
   1.9782601e-02
   2.5471728e-02
   2.1152170e-02
   2.3976509e-02
   3.0125333e-02
   3.6458559e-02
   2.5422240e-02
   3.4801628e-02
   1.5713399e-02
   1.9080341e-02
   1.6045315e-02
   5.2038105e-03
   1.7514551e-02
   1.9730851e-02
   2.6107254e-02
   4.4039838e-02
   3.2080960e-02
   3.2727648e-02
   4.1906036e-02
   2.7606772e-02
   3.4162886e-02
   5.9333447e-02
   3.9721005e-02
   2.1470362e-02
   1.0779060e-02
   2.8571537e-02
   2.8813051e-02
   3.5607100e-02
   2.8539117e-02
   5.2808583e-02
   4.9134325e-02
   2.2477144e-02
   1.7625438e-02
   9.1899233e-03
   1.3813386e-02
   2.0402910e-02
   1.2595785e-02
   9.7430265e-03
   3.7903257e-02
   3.4743827e-02
   5.2594330e-02
   2.8292423e-02
   1.6401676e-02
   2.2591792e-02
   1.4964097e-02
   2.8188905e-02
   2.8203810e-02
   3.7731785e-02
   1.1724168e-02
   3.3855766e-02
   3.5826251e-02
   1.6863922e-02
   1.1549364e-02
   1.9596988e-02
   1.0509185e-02
   8.2745869e-03
   1.4515985e-02
   3.4895767e-02
   2.2197725e-02
   3.7501987e-02
   3.2986328e-02
   2.4287922e-02
   3.0912044e-02
   1.2108334e-02
   1.6617183e-02
   2.3612142e-02
   3.0257847e-02
   3.0636143e-02
   5.8380187e-02
   6.1149679e-02
   7.8555152e-02
   7.7122882e-02
   2.4878299e-02
   2.8239664e-02
   2.8602235e-02
   2.6647663e-02
   2.8616121e-02
   2.4239765e-02
   2.7674269e-02
   4.5597918e-02
   3.3859652e-02
   3.0734977e-02
   1.9162573e-02
   3.9264884e-02
   2.1064265e-02
   5.8923010e-03
   2.1567687e-02
  -1.0635485e-03
   9.5893815e-03
   3.6425196e-02
   2.5866991e-02
   2.7415466e-02
   4.7212638e-02
   3.8400315e-02
   2.5144681e-02
   3.0978227e-02
   2.9114019e-02
   1.9545723e-02
   2.6388010e-02
   1.7632058e-02
   2.0761412e-02
   4.1565645e-02
   5.0030150e-02
   3.9782539e-02
   3.9289046e-02
   2.1110762e-02
   2.3655742e-02
   5.4104790e-02
   4.8744868e-02
   4.4595294e-02
   4.0638011e-02
   2.3290113e-02
   2.7914405e-02
   4.8332490e-02
   2.8811101e-02
   2.9509233e-02
   9.8393448e-03
  -6.7313598e-03
   1.4039272e-02
   1.4711655e-02
   1.6303489e-02
   2.1650091e-02
   1.9926442e-02
   1.6021388e-02
   3.2405481e-02
   2.9757475e-02
   3.2751173e-02
   1.4315730e-02
   3.7363391e-02
   2.4721263e-02
   3.3991173e-02
   3.7317991e-02
   2.4504045e-02
   1.9391388e-02
   3.3439547e-02
   2.2289813e-02
   1.7367071e-02
   1.8068597e-02
   1.8939007e-02
   2.6241062e-02
   2.3514258e-02
   4.5317646e-02
   4.6133190e-02
   3.1935908e-02
   2.2928558e-02
   6.8731420e-03
   1.3577568e-02
   1.0290863e-02
   2.0438302e-02
   2.1571796e-02
   8.9380918e-03
   2.2946609e-02
   1.2330176e-02
   3.4863517e-02
   2.7764967e-02
   2.5228504e-02
   2.1447152e-02
   2.6660230e-02
   2.3350313e-02
   2.2405835e-02
   1.6124129e-02
   2.0527001e-02
   2.9868806e-02
   2.3469381e-02
   2.5621153e-02
   9.0417862e-03
   2.5175327e-02
   1.7642284e-02
   4.4571436e-03
   1.2831188e-02
   1.8259639e-02
   1.5351324e-02
   5.8785793e-03
   8.7547181e-03
   9.3076630e-03
   3.0268075e-02
   3.1954478e-02
   3.6099441e-02
   3.2351162e-02
   2.9696209e-02
   2.6486550e-02
   2.9863281e-02
   3.2897081e-02
   3.3859544e-02
   3.2390386e-02
   4.8965346e-02
   1.7529679e-02
   3.7485357e-02
   4.9364161e-02
   5.1658072e-02
   4.6473574e-02
   1.8327544e-02
   1.2749771e-02
   2.9152967e-02
   2.1525247e-02
   3.5936646e-02
   3.5195101e-02
   3.3926181e-02
   2.4266157e-02
   2.0985581e-02
   2.5343850e-02
   2.6230538e-02
   1.3753543e-02
   1.8692752e-02
   2.2492614e-02
   4.3555900e-02
   4.8817076e-02
   3.2606561e-02
   2.6604684e-02
   3.3212408e-02
   1.6808031e-02
   6.4642271e-03
   1.4239613e-02
   1.6335284e-02
   5.3566438e-03
  -3.3667050e-03
   1.7217962e-02
   2.4476381e-02
   3.3632405e-02
   2.0686071e-02
   1.3241919e-02
   1.5766177e-02
   1.5705289e-02
   1.6639316e-02
   8.9002773e-03
   1.6993878e-02
   5.4348528e-02
   3.4794595e-02
   3.1750079e-02
   4.2496465e-02
   3.8785994e-02
   2.5178453e-02
   4.8504014e-02
   9.1408938e-02
   7.5515956e-02
   3.4737222e-02
   2.0679699e-02
   9.4699502e-02
   3.2149020e-01
   3.0232313e-01
   1.0680786e-01
   5.0181810e-02
   1.0442716e-01
   1.1738192e-01
   1.2088855e-01
   8.0833852e-02
   4.0492062e-02
   1.8489052e-02
   1.8127460e-02
   2.9811695e-02
   3.6080301e-02
   3.2399535e-02
   2.8953834e-02
   2.7067896e-02
   2.4527397e-02
   1.9513821e-02
   3.0105349e-02
   3.5262518e-02
   1.9726245e-02
   4.7892548e-02
   2.7524646e-02
   1.7001102e-02
   1.4592855e-02
   6.9933129e-03
   1.9652627e-02
   1.5732994e-02
   1.4329454e-02
   1.6091466e-02
   8.3050150e-03
   2.1298576e-02
   1.4289343e-02
   1.8483618e-02
   3.4774251e-02
   2.3044309e-02
   2.4554877e-02
   1.3943133e-02
   1.3198134e-02
   2.3552600e-02
   3.7299354e-02
   1.4012070e-02
   2.3059577e-02
   1.8804448e-02
   3.2222100e-02
   1.7163396e-02
   1.5521391e-02
   2.1410000e-02
   2.1633543e-02
   3.3095859e-02
   9.3448721e-03
   1.3446191e-02
   5.4778360e-02
   6.6987552e-02
   2.7738972e-02
   2.5796108e-02
   2.4198286e-02
   1.9727448e-02
   3.6697160e-02
   5.1075406e-02
   1.3395137e-02
   2.5411958e-03
   1.6643092e-02
   3.0226324e-02
   1.3182296e-02
   1.6584270e-02
   2.8834339e-02
   2.1993546e-02
   3.7086468e-02
   3.9242219e-02
   2.3103584e-02
   5.8901887e-03
   2.7579859e-02
   2.3496972e-02
   2.5530599e-02
   2.0924579e-02
   1.9180840e-02
   1.8683581e-02
   3.4668375e-02
   3.4031153e-02
   2.7412359e-02
   8.7168887e-03
   1.2852359e-02
   3.7382558e-02
   2.2873828e-02
   1.8185422e-02
   1.2102210e-02
   9.0973172e-03
   2.8893996e-02
   2.7292410e-02
   1.0550476e-02
   1.0453688e-02
   2.5584277e-02
   2.7566796e-02
   1.8292060e-02
   3.1025508e-02
   4.9919743e-02
   2.6278015e-02
   3.3459581e-02
   4.2580687e-02
   3.8163632e-02
   3.8053818e-02
   9.3920408e-03
   1.8625714e-02
   3.7237454e-02
   4.3994680e-02
   4.1401640e-02
   2.7889719e-02
   2.5603300e-02
   2.2834387e-02
   1.4249814e-02
   3.2278042e-02
   2.9113634e-02
   2.4130043e-02
   4.0143941e-02
   3.4538805e-02
   1.6613251e-02
  -9.4656169e-04
   8.5771701e-04
   2.2096800e-02
   1.2788172e-02
   1.4947020e-02
   4.2350046e-02
   3.4076568e-02
   1.1265875e-02
   1.3445237e-02
   2.5128376e-02
   1.5269319e-02
   2.3355728e-02
   4.1424278e-02
   3.0653061e-02
   2.5429465e-02
   2.2286175e-02
   3.2088295e-02
   2.1405343e-02
   2.6848376e-02
   2.5939332e-02
   9.5815361e-03
   2.2655202e-02
   2.7851246e-02
   2.7871137e-02
   7.5300150e-03
   1.1333458e-02
   2.6696926e-02
   3.4340624e-02
   1.9325182e-02
   2.2120115e-03
   3.2349970e-02
   1.3343145e-02
   1.1327353e-02
   2.5631806e-02
   2.7714914e-02
   2.7013315e-02
   1.2393581e-02
   2.3445863e-02
   3.0380065e-02
   1.6629992e-02
   1.0818283e-02
   1.4393623e-02
   2.0714786e-02
   3.4220152e-02
   3.9113190e-02
   3.6336463e-02
   2.0368833e-02
   5.9380983e-03
   1.2396682e-02
   1.8121867e-02
   2.1397963e-02
   2.8830396e-02
   1.6798588e-02
   1.4261065e-02
   2.6758645e-02
   2.4635525e-02
   2.2434397e-02
   2.2573851e-02
   3.1212127e-02
   3.7746679e-02
   4.0756702e-02
   2.8189689e-02
   2.4097439e-02
   1.4503673e-02
   2.5233014e-02
   2.9930174e-02
   3.0017825e-02
   2.8882753e-02
   2.2297403e-02
   1.9259261e-02
   9.4971042e-03
   1.8273070e-02
   2.4048537e-02
   1.2807688e-02
   1.8118365e-02
   2.4327919e-02
   4.4878125e-03
   1.9120179e-02
   9.9100787e-03
   1.0157282e-02
   9.6013881e-03
   4.0108776e-03
  -6.6806264e-03
   3.5464992e-03
   2.9202694e-02
   2.4300603e-02
   7.3733642e-03
   2.0913100e-02
   5.4647704e-03
   2.0777365e-02
   2.8437234e-02
   9.4573628e-03
   2.7469464e-02
   3.5595864e-02
   1.6447073e-02
   1.5387179e-02
   2.6498834e-02
   3.4075353e-02
   3.3997171e-02
   1.8228525e-02
   1.4811565e-02
   1.0756964e-02
   1.2648794e-02
   2.3939120e-02
   1.9465134e-02
   1.3714784e-02
   2.0539738e-02
   9.6845627e-03
   1.1451517e-02
   2.2241712e-02
   2.7856940e-02
   1.1806048e-02
   1.7585857e-02
   6.4713396e-03
   4.4291532e-03
   9.5003033e-03
   1.9322040e-02
   1.8463094e-02
   2.2180434e-02
   2.6948977e-02
   3.3456422e-02
   2.0286798e-02
   1.7247148e-02
   3.0356318e-02
   1.3297207e-02
   1.5832979e-02
   1.0387981e-02
   9.5583675e-03
   3.3417877e-02
   1.3090244e-02
   1.5621316e-02
   1.5072275e-02
   2.0430174e-02
   2.7617928e-02
   3.4896284e-02
   3.8963933e-02
   2.4509309e-02
   2.3636702e-02
   2.5679754e-02
   2.3378139e-02
   7.6207090e-03
   8.6443750e-03
   3.2901339e-02
   7.8928554e-03
   2.9610364e-02
   3.2032568e-02
   1.1645167e-02
   2.1652330e-02
   2.2084527e-02
   1.8638989e-02
   2.0117451e-02
   3.5134766e-02
   5.3144060e-02
   4.0542822e-02
   1.6683184e-02
   2.9948963e-02
   4.2155445e-02
   3.5748877e-02
   1.9599939e-02
   1.9939592e-02
   2.6982343e-02
   1.3339372e-02
   2.5513282e-02
   1.7919332e-02
   1.6533395e-02
   2.9542264e-02
   3.7017476e-02
   1.9832853e-02
   1.6947279e-02
   1.6578829e-02
   2.8867710e-02
   1.5801337e-02
   1.4864546e-02
   2.8809965e-02
   3.0107958e-02
   2.7167518e-02
   1.7316639e-02
   2.3665024e-02
   3.0708650e-02
   2.2757601e-02
   1.3329587e-02
   1.4566028e-02
   2.1632023e-02
   3.1091228e-02
   2.1807477e-02
   2.1217072e-02
   4.2832348e-02
   3.3582434e-02
   1.6905993e-02
   4.5391660e-02
   4.1921038e-02
   1.8764604e-02
   1.0936148e-02
   1.9525897e-02
   1.1209860e-02
   1.3289307e-02
  -5.0223907e-03
   1.0662212e-02
   2.0726355e-02
   3.2250382e-02
   3.4457326e-02
   4.0521029e-02
   3.7626538e-02
   2.5437189e-02
   3.1731144e-02
   3.0485742e-02
   2.3428928e-02
   2.1699317e-02
   2.1653807e-02
   1.5946703e-02
   2.3783917e-02
   1.1204399e-02
   4.2115692e-02
   5.3904694e-02
   3.7734289e-02
   2.8356647e-02
   1.9275771e-02
   1.7976822e-02
   1.7894475e-02
   3.4205329e-02
   2.0312868e-02
   3.3826135e-02
   3.2539260e-02
   2.5851995e-02
   4.9474165e-02
   6.8861924e-02
   4.5374844e-02
   3.8934957e-02
   1.5002406e-02
   1.8107843e-02
   1.6134612e-02
   3.1968057e-02
   2.1146081e-02
   2.9737195e-02
   8.3564512e-02
   1.1141114e-01
   8.1835635e-02
   6.8386585e-02
   4.5161862e-02
   4.5498502e-02
   3.6862463e-02
   2.2204075e-02
   1.8852070e-02
   1.3205382e-02
   2.6989853e-02
   4.5512188e-02
   1.9259501e-02
   6.3295938e-02
   5.9605613e-02
   4.4572677e-02
   2.8376887e-02
   1.5095066e-02
   2.6204143e-02
   1.3118491e-02
   2.4048101e-02
   3.6017973e-02
   1.7794399e-02
   1.2583967e-02
   2.0602427e-02
   2.8147697e-02
   9.0682209e-03
   1.1621501e-02
   3.3218142e-02
   3.8180560e-02
   4.9346663e-02
   1.7140491e-02
   1.9537315e-02
   2.3629321e-02
   2.3955785e-02
   3.5018761e-02
   2.0512182e-02
   1.4759081e-02
   2.5694896e-02
   3.7034713e-02
   2.8180633e-02
   1.8666940e-02
   7.4150398e-02
   7.5425759e-02
   4.9607798e-02
   3.9484106e-02
   1.7016396e-02
   7.0489007e-03
   1.7552424e-02
   8.1794383e-03
   2.8848775e-02
   1.6882275e-01
   2.9879674e-01
   2.8321779e-01
   1.6543593e-01
   8.2966045e-02
   2.3267973e-02
   3.3537209e-02
   2.0896602e-02
   2.0318469e-02
   1.5825219e-02
   2.1168033e-02
   2.4564808e-02
   4.2463396e-02
   3.1265993e-02
   2.8122671e-02
   1.2504776e-02
   1.0345170e-02
   1.2944436e-02
  -2.0407869e-03
   1.3773586e-02
   1.7766709e-02
   2.5272766e-02
   1.8447582e-02
   2.0448584e-02
   1.8451467e-02
   3.1339765e-02
   4.4978715e-02
   3.9591942e-02
   1.9153140e-02
   1.4302265e-02
   2.4282930e-02
   1.9964460e-02
   2.1544836e-02
   1.1910713e-02
   1.7526606e-02
   2.2067694e-02
   4.0735848e-02
   4.1121650e-02
   4.8788153e-02
   4.3986611e-02
   2.7388409e-02
   3.0234752e-02
   1.8072531e-02
   1.4585834e-02
   2.2104207e-02
   3.8196299e-02
   4.1204404e-02
   3.8686275e-02
   2.9611915e-02
   3.5261970e-02
   1.5168477e-02
  -6.9643534e-03
  -7.8945300e-03
   2.2799660e-02
   1.5710335e-02
   1.0823663e-02
   2.8003789e-02
   2.7338812e-02
   1.7719222e-02
   3.4806415e-02
   3.1892698e-02
   1.9687241e-02
   2.2602830e-02
   1.6765531e-02
   2.8474610e-02
   1.6435685e-02
   2.4340369e-02
   2.6116822e-02
   1.9538015e-02
   7.9553304e-03
   1.3187584e-02
   6.5650106e-03
   2.4442969e-02
   2.9562416e-02
   1.8635266e-02
   3.0110523e-02
   2.3295075e-02
   2.8677126e-02
   2.5385307e-02
   9.5272241e-03
   2.8160466e-02
   4.7380310e-02
   4.8340864e-02
   2.2234539e-02
   2.6012229e-02
   1.3828345e-02
   3.6492709e-02
   3.4069367e-02
   7.9750223e-03
   3.2497991e-02
   3.7358664e-02
   3.2055542e-02
   1.6022190e-02
   1.5924260e-02
   2.4978854e-02
   2.8061390e-02
   1.2858818e-02
   1.7709855e-02
   2.9033350e-02
   5.2524995e-02
   4.4354938e-02
   1.4717928e-02
   3.1864930e-02
   2.6754711e-02
   2.0333154e-02
   2.1404775e-02
   2.0664196e-02
   1.3001341e-02
   1.1871544e-02
   1.2837255e-02
   3.1665329e-02
   2.2924224e-02
   2.1375040e-02
   2.9522516e-02
   9.5870765e-03
   1.4022533e-02
   1.5247635e-02
   2.3936559e-02
   1.6972812e-02
   1.3798249e-02
   1.0729405e-02
   2.3410680e-02
   2.9376531e-02
   2.4763523e-02
   3.4267418e-02
   6.0061801e-02
   4.2991139e-02
   1.2519231e-02
   1.1757250e-02
   1.6457606e-02
   7.7620097e-03
   6.8919305e-03
   1.1820969e-02
   1.1905192e-03
   4.2415544e-02
   4.8198901e-02
   3.5342459e-02
   3.5587989e-02
   1.8523559e-02
   1.3094241e-02
   1.7241238e-02
   1.8232698e-02
   1.9921659e-02
   1.5625026e-02
   2.0781532e-02
   2.4716005e-02
   4.6539105e-02
   2.3482027e-02
   2.2139294e-02
   1.9174952e-02
   5.5093658e-03
   4.2797825e-03
   3.2595139e-02
   2.2688488e-02
   1.8624043e-02
   1.6155520e-02
   1.8698838e-02
   7.2478014e-03
   6.8064178e-03
   1.2220686e-02
   2.6040431e-02
   4.8967950e-02
   4.5105401e-02
   1.6207658e-02
   3.9277421e-03
   3.0704807e-03
   1.4513812e-02
   1.6311608e-02
   3.1752810e-02
   2.3885082e-02
   4.2504270e-02
   3.2667801e-02
   4.1520931e-02
   2.6257029e-02
   2.6738528e-02
   2.4562778e-02
   2.0415282e-02
   2.4791732e-02
   2.0233596e-02
   9.5546171e-03
   2.7830785e-02
   3.2134634e-02
   3.6767811e-02
   3.9031602e-02
   2.9972598e-02
   2.3514440e-02
   2.3137912e-02
   2.4211146e-02
   1.1518291e-02
   1.7929446e-02
  -3.5988803e-03
   4.7070170e-03
   1.7079728e-02
   5.7223435e-02
   7.1940303e-02
   6.0420215e-02
   4.5529600e-02
   3.2056816e-02
   3.4995086e-02
   3.5335124e-02
   3.4399324e-03
   2.2856719e-03
   1.7782796e-02
   3.1576663e-02
   2.5982110e-02
   3.1397935e-02
   2.0987980e-02
   1.3750772e-02
   1.4963822e-02
   2.1306396e-02
   1.9036222e-02
   1.8779909e-02
   2.1134522e-02
   2.3861798e-02
   2.5952389e-02
   2.4195891e-02
   2.3486827e-02
   2.5041321e-02
   2.4716385e-02
   4.3771908e-02
   3.8207959e-02
   2.2294097e-02
   1.3213200e-02
   2.1496987e-02
   1.6614636e-02
   2.1838905e-02
   1.0392477e-02
   2.9132003e-02
   3.3571675e-02
   1.9430051e-02
   1.4562387e-02
   2.8145626e-02
   3.2227125e-02
   4.0754523e-02
   2.8302031e-02
   1.0167328e-02
   1.4512821e-02
   2.5756825e-02
   3.5046067e-02
   2.0509059e-02
   9.6530151e-03
   2.0297591e-02
   1.5672510e-02
   3.2888960e-02
   3.9696123e-02
   3.0585615e-02
   3.3735525e-02
   1.5295444e-02
   9.8312134e-03
   1.4174066e-02
   1.5728353e-02
   3.8615078e-02
   2.8386496e-02
   3.1237662e-02
   3.8747817e-02
   2.5592197e-02
   1.7447157e-02
   2.7068727e-02
   2.5859231e-02
   1.6388904e-02
   8.9364210e-03
   2.0289205e-02
   9.2957756e-03
   1.2838451e-02
   2.4317488e-02
   3.5690088e-02
   3.7164439e-02
   2.9414928e-02
   1.9066878e-02
   3.4704365e-02
   8.2606515e-03
   1.8552709e-02
   1.7081400e-02
   2.3264982e-02
   3.9039984e-02
   3.2535866e-02
   3.8117278e-02
   4.8295807e-02
   3.3214957e-02
   1.1389496e-02
   4.5946691e-02
   8.2099102e-02
   1.1208324e-01
   9.5862970e-02
   6.1528206e-02
   3.7671305e-02
   1.6027639e-02
   2.2609066e-02
   1.4119375e-02
   4.2123321e-02
   3.1550050e-02
   3.1516787e-02
   2.2388516e-02
   1.6272308e-02
   1.9868890e-02
   2.7188426e-02
   2.7350649e-02
   1.8545721e-02
   4.6845384e-02
   4.9510010e-02
   3.1492840e-02
   4.1771334e-02
   3.1729035e-02
   1.4967714e-02
   3.8078289e-02
   7.4105985e-02
   4.7249924e-02
   4.9604144e-02
   4.5583982e-02
   8.4044905e-03
   1.5712289e-02
   1.1469705e-02
   1.5880708e-03
   1.4938713e-02
   1.1962847e-02
   1.3608768e-03
   6.7995526e-03
   3.0800551e-02
   2.1309184e-02
   6.8647354e-03
   8.8212723e-03
   1.1456442e-02
   1.9780096e-02
   2.5886990e-02
   1.8634027e-02
   2.7759310e-02
   2.5720995e-02
   1.8806452e-02
   1.8213518e-02
   2.6399035e-02
   1.8505029e-02
   9.6622342e-03
   1.5973203e-02
   2.5872212e-02
   3.2511637e-02
   3.5432588e-02
   3.2746043e-02
   1.5420681e-02
   1.9345252e-02
   1.4072913e-02
   1.2422781e-02
   8.6880941e-03
  -5.7750447e-03
   5.9429351e-03
   2.1878315e-02
   2.7138408e-02
   3.7653748e-02
   3.5800580e-02
   2.9531930e-02
   3.7533022e-02
   3.1001987e-02
   1.6376089e-02
   3.2145679e-02
   3.4234431e-02
   1.0296684e-02
   1.7931772e-02
   4.2257439e-02
   3.6041159e-02
   4.3792181e-02
   6.1793398e-02
   4.7392413e-02
   2.2310136e-02
   2.3507522e-02
   8.8094268e-03
   1.3027065e-02
   3.4612011e-02
   1.9182583e-02
   1.4638203e-02
   8.5843531e-03
   1.0635940e-02
   3.9629478e-02
   5.2056678e-02
   3.8731400e-02
   5.0848007e-02
   5.1358201e-02
   2.5666783e-02
   2.2620322e-02
   1.2528806e-02
   1.5566963e-02
   9.3854062e-02
   2.5521201e-01
   2.2078319e-01
   1.4219499e-01
   5.5992566e-02
   1.7905997e-02
   1.1189597e-02
   3.8261954e-02
   4.3205090e-02
   8.2365163e-02
   7.4688919e-02
   5.6119122e-02
   4.1048657e-02
   3.3109304e-02
   3.9296363e-02
   5.6050498e-02
   5.6461841e-02
   3.7654113e-02
   5.4787017e-02
   4.7617219e-02
   2.4597736e-02
   4.3703303e-02
   3.4135997e-02
   4.7760859e-02
   1.3836725e-01
   1.5539065e-01
   9.8194726e-02
   5.4812036e-02
   3.2454375e-02
   9.9041937e-03
   1.3616029e-03
   2.2824023e-02
   2.4798034e-02
   1.9258799e-02
   3.1586342e-02
   2.9337645e-02
   4.6839625e-02
   4.1738480e-02
   3.8509123e-02
   4.7567207e-02
   4.1794401e-02
   2.6841819e-02
   2.3839945e-02
   1.8357676e-02
   1.9905146e-02
   8.5147778e-03
   1.1042647e-02
   1.2654288e-02
   3.4969788e-02
   2.8720997e-02
   1.4439777e-02
   3.0800419e-02
   2.7753817e-02
   2.0875931e-02
   1.7674072e-02
   3.0080225e-02
   3.9429631e-02
   3.9089680e-02
   3.7101634e-02
   3.9385356e-02
   3.0261876e-02
   2.1002622e-02
   1.2097960e-02
   6.7877835e-03
   6.0825631e-02
   6.9309413e-02
   8.7646417e-02
   3.8048431e-02
   2.2953415e-02
   2.0545239e-02
   2.2685454e-05
   1.6928079e-02
   2.3833569e-02
   5.2455943e-02
   4.6111636e-02
   5.2344471e-02
   3.1713568e-02
   1.2026513e-02
   1.3173682e-02
   3.0334616e-02
   3.8375895e-02
   3.0180426e-02
   2.0613624e-02
   2.9835127e-02
   2.6971992e-02
   1.8374953e-02
   2.4664467e-02
   3.8666621e-02
   3.0860806e-02
   7.5716330e-03
   1.2219205e-02
   3.7341066e-02
   5.6034412e-02
   5.4434642e-02
   6.2693499e-02
   6.3890040e-02
   2.8368976e-02
   4.2961491e-03
   2.3930307e-02
   3.8629774e-02
   1.0558074e-02
   8.1137884e-03
   1.1323689e-02
   2.3033140e-02
   2.5886463e-02
   2.8914398e-02
   2.2328371e-02
   3.8480792e-02
   1.6323477e-02
   2.3932146e-02
   1.8709747e-02
   2.9631920e-02
   3.0694980e-02
   2.5970746e-02
   3.3347499e-02
   3.3920985e-02
   3.1801570e-02
   4.4654496e-02
   3.7815437e-02
  -3.8751841e-03
   3.2193393e-03
   2.7307495e-02
   1.8594710e-02
   1.5795104e-02
   2.0799704e-02
   1.7432759e-02
   1.8752985e-02
   2.8352948e-02
   3.7520420e-02
   2.8526556e-02
   2.8315736e-02
   2.3969868e-02
   2.7787160e-02
   5.0476670e-02
   4.0219132e-02
   4.8809607e-02
   3.9835356e-02
   3.4171566e-02
   4.7922105e-02
   3.1992987e-02
   3.2857515e-02
   2.4254179e-02
   1.8736936e-02
   2.4552539e-02
   2.8194651e-02
   4.8609177e-04
   1.0688439e-03
   2.2157349e-02
   4.9222570e-02
   3.2115147e-02
   4.3350711e-02
   2.0113325e-02
   1.0548701e-02
   1.7041799e-02
   9.9449549e-03
   1.0871690e-02
   2.3648672e-02
   2.4614103e-02
   2.1227192e-02
   1.5208600e-02
   4.7275007e-02
   5.6480560e-02
   2.5731165e-02
   2.6991192e-02
   4.6909552e-02
   2.8377514e-02
   3.2270346e-02
   3.3413157e-02
   2.4064049e-02
   3.2686878e-02
   2.0981733e-02
   1.2562728e-02
   2.1006536e-02
   2.0721871e-02
   3.0836128e-02
   2.0057222e-02
   2.6846835e-03
   1.0185706e-02
   9.8753730e-03
   8.8413926e-03
   5.9086535e-02
   7.4858807e-02
   7.8923829e-02
   6.1639603e-02
   7.2482280e-02
   4.7121249e-02
  -4.9312613e-03
   3.9023142e-02
   2.0504348e-01
   3.8318965e-01
   3.0816227e-01
   1.5579756e-01
   4.8314024e-02
   4.0898599e-02
   1.8035280e-02
   6.6513019e-03
   2.0349840e-02
   2.5800465e-02
   3.0443061e-02
   4.4964895e-02
   8.0594257e-02
   8.9279629e-02
   5.1063757e-02
   2.9151117e-02
   3.5257258e-02
   1.9203555e-02
   2.0701466e-02
   6.6087663e-02
   1.0337813e-01
   8.3886191e-02
   4.1072950e-02
   3.7683178e-02
   5.6730922e-02
   4.5298889e-02
   4.4339638e-02
   5.0935291e-02
   5.6495298e-02
   2.6372716e-02
   2.9566332e-03
   2.9233159e-02
   4.7906999e-02
   1.9398456e-02
   1.7960556e-02
   1.3020728e-02
  -1.0616839e-02
   4.8329937e-03
   3.5754617e-02
   3.7685093e-02
   4.8977301e-02
   3.1274080e-02
   4.6447076e-02
   3.6372602e-02
  -7.1190740e-03
  -1.2081347e-02
   4.9651492e-02
   1.7338566e-01
   2.2463530e-01
   1.3115841e-01
   5.6622490e-02
   1.6794996e-02
   1.6863275e-02
   2.0926202e-02
   4.4810150e-02
   1.0032481e-01
   5.5420563e-02
   3.9340395e-02
   6.2839493e-02
   3.7172165e-02
   2.0794727e-02
   7.7412970e-02
   1.1775121e-01
   9.6882232e-02
   5.2022319e-02
   5.6660041e-02
   5.6623511e-02
   3.5803635e-02
   2.6606334e-02
   2.0137571e-02
   1.9502765e-02
   2.5210695e-03
   6.6197114e-03
   6.7423038e-02
   1.2538819e-01
   1.4100309e-01
   1.0410908e-01
   3.4323800e-02
   9.7533446e-03
   1.7962689e-02
   1.9008737e-02
   2.4923521e-01
   8.0309027e-01
   9.4416440e-01
   5.9919852e-01
   2.2082826e-01
   9.2433311e-02
   1.4015166e-02
  -5.5866824e-03
   1.4370187e-02
   2.6583860e-02
   8.0428511e-02
   1.1268324e-01
   1.4300685e-01
   1.3721770e-01
   6.7683987e-02
   4.7535546e-02
   2.4347784e-02
   5.5837901e-03
   1.8077312e-02
   2.9509755e-02
   4.7559384e-02
   5.2982286e-02
   5.5386350e-02
   3.9481122e-02
   3.7059414e-03
  -1.7331756e-03
   4.4329640e-02
   5.2781060e-02
   1.5449133e-02
   9.9889394e-03
   2.9454561e-02
   4.4012934e-02
   1.1687026e-02
   1.7241232e-02
   6.0244150e-02
   9.5078960e-02
   6.5801814e-02
   4.5317288e-02
   5.9331115e-02
   9.2361704e-02
   8.0745429e-02
   7.2605260e-02
   5.9895091e-02
   5.9466925e-02
   6.7817777e-02
   7.6925054e-02
   1.2142318e-01
   2.3414528e-01
   2.3354638e-01
   1.5643999e-01
   7.4717984e-02
   1.4784062e-02
   1.5618647e-02
  -9.1405032e-04
   8.7434351e-02
   2.9757082e-01
   3.7048471e-01
   2.2078264e-01
   1.1319746e-01
   8.6622432e-02
   3.6796406e-02
   1.5992889e-02
   3.3792119e-02
   8.2541570e-02
   6.6233784e-02
   9.3435138e-02
   1.5240434e-01
   1.0150639e-01
   9.6243136e-02
   1.3317913e-01
   1.5159048e-01
   7.3546849e-02
   6.5567702e-02
   1.7545463e-01
   3.0229706e-01
   2.2798976e-01
   1.6810812e-01
   2.1098457e-01
   1.3901444e-01
   8.5885979e-02
   5.3983733e-02
   5.9016656e-02
   4.6385426e-02
   1.1866382e-02
   5.3708623e-03
   2.4323344e-02
   4.1441023e-02
   4.4498932e-02
   5.6437634e-02
   1.4749354e-01
   1.9261470e-01
   1.7284469e-01
   7.4405886e-02
   1.3458246e-03
   7.8927018e-03
   2.1461826e-02
   2.8357847e-02
   3.6816638e-02
   5.2010015e-02
   4.4809487e-02
   7.0363477e-02
   5.3922154e-02
   1.2159321e-02
   2.0930437e-02
   4.6734158e-02
   1.4505458e-02
   1.0697426e-01
   1.9969900e-01
   1.9450387e-01
   9.8518237e-02
   5.6694325e-02
   3.2906700e-02
   1.2607904e-02
   3.5544887e-02
   1.7296629e-01
   2.3031357e-01
   2.8845459e-01
   2.8409132e-01
   1.9558556e-01
   1.2445965e-01
   7.5507410e-02
   7.3171571e-02
   5.3553917e-02
   1.7018974e-02
   3.2380696e-02
   8.5787863e-02
   1.0800641e-01
   6.3799471e-02
   4.8724867e-02
   2.0727843e-02
  -3.1098255e-03
   2.8072787e-04
   6.9957608e-03
   2.4781831e-02
   5.6927696e-02
   9.5940776e-02
   8.2405396e-02
   5.6955419e-02
   1.9727500e-02
   1.2169017e-02
   1.3354357e-02
   3.2628719e-02
   4.4178575e-02
   7.0049316e-02
   8.4462091e-02
   8.3528168e-02
   8.4226206e-02
   9.0382911e-02
   7.7788852e-02
   3.1061448e-02
   1.8429834e-02
   7.4030729e-03
   1.2058674e-02
   1.5452992e-02
   6.9059782e-02
   1.1080850e-01
   1.2677170e-01
   7.1368836e-02
   7.1856916e-02
   7.9947174e-02
   7.2929196e-02
   5.3435717e-02
   1.5999341e-02
   3.5262093e-02
   1.7206345e-02
   9.1593824e-02
   2.2293907e-01
   3.0420703e-01
   2.2458118e-01
   1.0537418e-01
   5.1010910e-02
   2.6012214e-02
  -1.6035033e-02
   1.3733548e-01
   6.2999034e-01
   1.0650791e+00
   9.0600634e-01
   5.5955052e-01
   2.7567190e-01
   1.1525749e-01
   3.8540147e-02
   6.1593647e-03
   2.7467487e-02
   3.8605433e-02
   5.4465525e-02
   1.3801989e-01
   1.6086327e-01
   1.6801588e-01
   1.1743464e-01
   7.0600986e-02
   9.4779804e-03
  -1.1485592e-02
   2.4615094e-02
   3.6726244e-02
   6.4006232e-02
   6.6450343e-02
   6.6342935e-02
   5.5467468e-02
   6.8630688e-02
   1.6491288e-01
   1.7008942e-01
   1.1239706e-01
   7.4273348e-02
   9.8087803e-02
   6.4494386e-02
   8.6661562e-02
   2.3837307e-01
   5.1660913e-01
   5.8140302e-01
   4.4842592e-01
   2.9167771e-01
   1.8366966e-01
   9.8880596e-02
   5.7953767e-02
   4.2109050e-02
   1.1230809e-02
   4.2001624e-02
   2.6598561e-01
   5.4070985e-01
   6.6543150e-01
   5.3843766e-01
   2.8597620e-01
   1.4665172e-01
   6.9730736e-02
   8.9732744e-02
   1.9397816e-01
   3.9296702e-01
   5.4273564e-01
   5.4092205e-01
   4.7375736e-01
   3.9922902e-01
   3.2263687e-01
   2.9009730e-01
   1.2641409e-01
   1.3595083e-02
   2.7265687e-02
   1.8666016e-01
   6.2631929e-01
   1.2126024e+00
   1.2821968e+00
   7.9200161e-01
   2.9184520e-01
   1.7242639e-01
   7.9769239e-02
   2.2723016e-01
   1.2707175e+00
   2.8364823e+00
   3.4355361e+00
   2.4405339e+00
   1.5330852e+00
   1.6512836e+00
   1.6560248e+00
   1.3103352e+00
   6.9680077e-01
   2.3238419e-01
   1.4942393e-01
   1.2080667e+00
   4.8692069e+00
   9.1074038e+00
   8.8823233e+00
   5.2015686e+00
   2.1538622e+00
   8.6497426e-01
   5.1632053e-01
   2.7614799e+00
   1.7043505e+01
   3.5275043e+01
   3.4873814e+01
   2.0869802e+01
   8.6988926e+00
   2.8265133e+00
   7.0748603e-01
   1.4523858e-01
   3.7930407e-02
   3.4414756e-01
   2.8050432e+00
   6.0312262e+00
   6.1954689e+00
   3.8364701e+00
   1.6307244e+00
   3.2560259e-01
  -2.3271945e-01
  -1.2087569e-01
   4.0618417e-01
   8.5749978e-01
   1.3600087e+00
   1.8612124e+00
   1.6124045e+00
   8.7662601e-01
   2.6197314e-01
   1.5935713e-01
   8.5937738e-02
   1.0333943e-01
   2.6307276e-01
   4.1486290e-01
   5.5771947e-01
   6.7466128e-01
   1.0324767e+00
   1.5196917e+00
   1.2877035e+00
   5.8465534e-01
   4.9248047e-02
  -6.8963997e-02
   7.6689929e-02
   2.2572765e-01
   3.6179513e-01
   2.9280972e-01
   2.0705235e-01
   1.6786402e-01
   1.1346427e-01
   7.6382510e-02
   2.4515752e-01
   3.9267677e-01
   4.1425425e-01
   2.4043480e-01
   1.6326199e-01
   2.1170978e-01
   2.4530111e-01
   2.9368863e-01
   1.2816060e-01
  -2.3305234e-02
  -1.7077188e-01
   6.3073933e-02
   3.3162013e-01
   4.1905025e-01
   3.2232496e-01
   7.7847846e-02
  -1.6210583e-01
  -1.4156972e-01
   1.2034767e-01
   6.0280752e-01
   1.0460231e+00
   1.1456494e+00
   7.6411021e-01
   2.6496199e-01
   1.6386746e-01
   7.2403574e-01
   1.8789639e+00
   2.1597393e+00
   1.4570154e+00
   5.2895868e-01
   2.1131469e-01
   6.8437588e-01
   1.6195333e+00
   1.7419345e+00
   9.9485457e-01
   4.3956622e-01
   3.8209715e-01
   2.7585870e-01
   4.5803857e-01
   3.0004985e+00
   7.5392809e+00
   8.4839449e+00
   5.2794852e+00
   2.2916081e+00
   6.9585133e-01
   2.0079491e-01
   1.0261855e-01
   7.2075844e-02
   1.0550151e-01
   6.8886614e-01
   1.4977033e+00
   1.6525788e+00
   1.0722220e+00
   4.5811969e-01
   1.6103518e-01
   1.0106771e-02
   1.7471930e-02
   1.9450676e-01
   3.4685665e-01
   4.7086012e-01
   6.0355997e-01
   4.6351159e-01
   1.6504525e-01
   5.4573063e-02
   1.2133268e-02
   4.2600177e-02
   7.3260285e-02
   1.5399688e-01
   1.9675054e-01
   1.9526212e-01
   2.2146636e-01
   2.9149649e-01
   3.3888045e-01
   1.9406855e-01
   3.9890252e-02
   9.7840587e-03
   1.1553467e-01
   1.9203599e-01
   2.3346375e-01
   1.6098855e-01
   7.0548236e-02
   2.6760619e-02
   2.9684469e-02
   6.2228061e-02
   1.4831816e-01
   1.9243793e-01
   2.1384093e-01
   1.4971758e-01
   1.1444020e-01
   1.0545974e-01
   6.8812981e-02
   4.5492589e-02
   2.7249791e-02
  -3.4888126e-02
  -1.6723966e-02
   9.2006363e-02
   3.1635621e-01
   4.2712349e-01
   2.9543447e-01
   8.4934942e-02
  -1.7620815e-02
  -6.2011674e-02
  -1.2809664e-02
   3.0825573e-01
   7.4478078e-01
   9.7400296e-01
   6.9442719e-01
   3.2870972e-01
   2.5039709e-01
   3.2998574e-01
   4.1629028e-01
   3.9708090e-01
   1.8520100e-01
  -9.4511099e-03
   2.1771927e-01
   1.1976510e+00
   2.1643791e+00
   2.0235217e+00
   1.0278078e+00
   2.6978499e-01
   1.0027579e-02
   9.0474114e-02
   1.6816701e+00
   6.5702868e+00
   1.0320487e+01
   8.9451857e+00
   4.9984403e+00
   2.0488393e+00
   5.7414246e-01
   1.1221020e-01
   5.0935723e-02
   1.5357699e-01
   5.3542465e-01
   1.4619749e+00
   1.9636190e+00
   1.5507169e+00
   8.3579594e-01
   2.8337526e-01
   1.0173149e-01
   5.5434261e-02
   1.5462400e-01
   2.8186658e-01
   4.2368624e-01
   6.2977785e-01
   5.9064847e-01
   3.5737181e-01
   1.5162413e-01
   3.3121709e-02
  -9.3002990e-03
   5.1216807e-02
   1.2449252e-01
   1.5157558e-01
   2.0730232e-01
   2.9472426e-01
   2.6616129e-01
   2.0364089e-01
   9.9279024e-02
   4.0889081e-02
   5.5955895e-03
   4.4073667e-02
   5.6804754e-02
   1.0118061e-01
   1.1797668e-01
   9.4499886e-02
   3.8224842e-02
   1.2106818e-02
   1.9038266e-02
   3.9096173e-02
   4.7438614e-02
   1.3897054e-01
   1.2745972e-01
   1.3512139e-01
   1.5391476e-01
   1.5267782e-01
   1.0683520e-01
   5.0000604e-02
   4.1923122e-03
  -3.2487400e-02
   2.6387161e-02
   1.2771244e-01
   1.8055670e-01
   1.6115919e-01
   1.0498339e-01
   1.2052814e-02
   1.5428170e-02
   2.8623637e-02
   1.4688218e-01
   2.9271528e-01
   3.6757308e-01
   2.9100466e-01
   1.9453265e-01
   1.2159123e-01
   1.3668984e-01
   1.7636679e-01
   2.2295699e-01
   1.6885808e-01
   1.1273752e-01
   1.5105322e-01
   2.7776486e-01
   4.9058124e-01
   5.5120111e-01
   4.0237513e-01
   2.0143780e-01
   1.0448645e-01
   5.1289905e-02
   2.9765508e-01
   1.3238041e+00
   2.4134750e+00
   2.3638663e+00
   1.4509594e+00
   5.9179282e-01
   2.4096200e-01
   1.0839625e-01
  -5.3115957e-03
   3.8832296e-02
   1.7241262e-01
   4.2870739e-01
   5.4744536e-01
   4.6792403e-01
   2.9345348e-01
   1.2716238e-01
   3.7876088e-02
  -8.4481924e-04
   6.5161213e-02
   9.4979413e-02
   1.4454679e-01
   2.3434383e-01
   2.0641470e-01
   1.3768929e-01
   8.6612269e-02
   3.3298198e-02
   3.5790220e-02
   7.1268086e-03
   4.8839118e-02
   4.0267609e-02
   8.9221284e-02
   7.6823123e-02
   8.2008898e-02
   7.0927247e-02
   4.2325370e-02
   3.0417267e-02
   2.3289632e-02
   2.5969693e-02
   5.4914098e-02
   1.5840426e-02
   1.4685412e-02
   2.9224413e-02
   7.2992772e-02
   7.1280405e-02
   1.2098009e-02
   1.8056981e-02
   6.1871237e-03
   6.8034708e-02
   5.9794560e-02
   6.9250576e-02
   7.7861413e-02
   7.6171190e-02
   5.8021005e-02
   7.3727384e-02
   5.7580214e-02
   3.1482846e-02
   2.6835905e-02
   7.6309696e-02
   4.6813983e-02
   3.7270106e-02
   5.0409719e-02
   2.9958130e-03
  -1.3416045e-02
   3.8829889e-02
   9.6095145e-02
   1.0837118e-01
   1.2102330e-01
   9.5233291e-02
   6.7229748e-02
   6.2726893e-02
   5.2163374e-02
   4.9571611e-02
   6.6180021e-02
   4.3631237e-02
   2.0901527e-02
   7.7864371e-02
   1.7701817e-01
   2.1864016e-01
   1.6878355e-01
   1.1644894e-01
   5.5653330e-02
   2.2319021e-02
   6.1145574e-02
   3.5510468e-01
   7.5398523e-01
   8.2160681e-01
   5.2086616e-01
   2.3664705e-01
   8.7529503e-02
  -1.4217902e-02
  -5.7760193e-03
   6.6107571e-02
   8.7151058e-02
   1.7964673e-01
   1.7043585e-01
   1.4458729e-01
   1.1160837e-01
   5.6447938e-02
   5.0387017e-02
   3.5835680e-02
   5.9342586e-02
   5.3858656e-02
   6.9091745e-02
   1.0455946e-01
   9.1022424e-02
   1.3505930e-01
   9.3116611e-02
   1.3095692e-02
   3.3336449e-02
   2.8197706e-02
   1.4336388e-02
   9.9090271e-02
   1.5123782e-01
   1.3505509e-01
   9.2859872e-02
   4.1292559e-02
   8.3856527e-03
   4.0438464e-03
   1.5312968e-01
   2.8337175e-01
   3.1343585e-01
   2.7890086e-01
   1.2307079e-01
   1.6846178e-02
   9.6158907e-03
   4.9949214e-02
   8.9351080e-02
   8.9440443e-02
   9.0086080e-02
   8.3862968e-02
   6.4065568e-02
   5.0862633e-02
   3.2890230e-02
   4.3113537e-02
   1.2596296e-02
   1.6808970e-02
   2.6010349e-02
   4.3378141e-02
   5.2217249e-02
   1.5075276e-02
   4.1172069e-02
   4.5298982e-02
   4.2824417e-02
   6.7176782e-03
   4.4370204e-02
   4.7727387e-02
   3.9797086e-02
   4.2011905e-02
   4.2684112e-02
   3.3656705e-02
   3.2540374e-02
   6.3067779e-02
   5.1614046e-02
   2.7626831e-02
   1.7568078e-02
   2.1708647e-02
   3.1724885e-02
   9.2295751e-02
   1.2683670e-01
   1.2210940e-01
   5.4798048e-02
   4.0434588e-02
   1.9595552e-02
   2.6810486e-02
   1.1220620e-01
   2.1451756e-01
   2.0939262e-01
   1.6917208e-01
   1.0077050e-01
   2.6819898e-02
   2.3939928e-02
   6.4966224e-02
   5.9511490e-02
   4.7944538e-02
   6.0729843e-02
   7.6123655e-02
   6.5811828e-02
   1.8015027e-02
   1.3296610e-02
   1.8453255e-02
   2.9715989e-02
   5.1639583e-02
   8.0354273e-02
   5.8939517e-02
   5.6860376e-02
   6.1103910e-02
   5.9957817e-02
   7.9614162e-02
   6.9909379e-02
   1.6058004e-02
   2.1848250e-02
   5.5887721e-02
   5.5520717e-02
   7.8448579e-02
   4.8210196e-02
   5.3485557e-02
   4.4463672e-02
   3.9005313e-02
   7.5866356e-02
   1.1931002e-01
   1.5709464e-01
   1.1861800e-01
   1.1013216e-01
   6.1392929e-02
   8.8141352e-02
   1.3037354e-01
   1.2406225e-01
   8.2343914e-02
   8.4228605e-02
   6.6118546e-02
   1.2709859e-01
   1.5160641e-01
   1.3048299e-01
   1.3265015e-01
   1.2741029e-01
   8.0155089e-02
   1.8027678e-02
   9.9739365e-02
   1.7485102e-01
   2.0013179e-01
   1.6322842e-01
   8.3252676e-02
  -3.6820147e-02
  -7.3269121e-02
   6.2971517e-02
   1.9055334e-01
   2.4077575e-01
   1.9551621e-01
   1.1159626e-01
   5.0243154e-02
   3.4103312e-02
   1.0025298e-01
   2.2509472e-01
   3.1433058e-01
   2.7522463e-01
   1.7724817e-01
   1.6364569e-02
   5.6377821e-02
   1.7728783e-01
   2.9693767e-01
   3.2254297e-01
   2.3859096e-01
   2.9170275e-01
   1.8784072e-01
   1.3262850e-01
   3.7468034e-01
   6.3307679e-01
   5.9559673e-01
   2.9700005e-01
   1.1777800e-01
   7.6033873e-03
   8.5766129e-02
   4.2785254e-01
   6.9485807e-01
   6.3997716e-01
   2.9663807e-01
   1.4217518e-01
   8.2321260e-03
   7.4417911e-02
   6.2613118e-01
   1.3451202e+00
   1.4190847e+00
   9.6716386e-01
   3.9018968e-01
   7.9692431e-02
   7.7746026e-02
   3.2002988e-01
   6.2838656e-01
   6.0201871e-01
   4.0193123e-01
   2.7459276e-01
   1.4280239e-01
   1.0228728e-01
   2.5574970e-01
   3.3037737e-01
   2.8087705e-01
   1.5141653e-01
   1.0464209e-01
   9.2653699e-02
   1.1319333e-01
   1.6283198e-01
   1.6967778e-01
   1.1902586e-01
   6.0585473e-02
   4.1504469e-02
   5.6541603e-02
   8.9797758e-02
   1.0249538e-02
   2.2830574e-02
   6.0857929e-02
   2.1029618e-02
   5.2953709e-02
   5.4261569e-02
   4.8564587e-02
   6.9217198e-02
   5.7541024e-02
   4.0526561e-02
   2.6739707e-02
   2.5414322e-02
   4.9581043e-02
   4.2925362e-02
   1.4960329e-02
   1.0376366e-02
   2.1387337e-02
   4.8282608e-02
   3.3836205e-02
   5.8943234e-02
   5.4617230e-02
   3.4919195e-02
   3.0861210e-02
  -9.3830088e-03
   2.3343341e-02
   8.7786175e-02
   1.3575862e-01
   1.7236081e-01
   9.7818255e-02
   2.1332927e-02
   1.2380316e-02
   2.7621482e-02
   6.9059744e-02
   1.1442291e-01
   1.4447540e-01
   1.3779159e-01
   8.2127854e-02
   1.0122553e-01
   1.3857274e-01
   1.7208581e-01
   1.0520174e-01
   4.6562742e-02
   2.6882870e-02
   5.2256402e-02
   8.1867762e-02
   1.8807028e-01
   1.9203024e-01
   1.2765548e-01
   6.1981536e-02
  -3.4445131e-03
  -1.9683274e-02
   1.1662322e-01
   3.9494756e-01
   5.3249270e-01
   4.5939308e-01
   2.3027597e-01
   4.1325931e-02
   2.4301196e-02
   9.3965590e-02
   1.9158104e-01
   2.0613614e-01
   1.8626793e-01
   1.3177548e-01
   6.7799352e-02
   5.8835033e-02
   5.5007357e-02
   1.1803425e-01
   9.6503191e-02
   4.5993704e-02
   3.4913838e-02
   2.5610855e-02
   6.5914467e-02
   6.3873537e-02
   6.5614946e-02
   6.0148064e-02
   8.1666507e-02
   6.4773448e-02
   3.4023836e-02
   2.9678026e-02
   2.3548558e-02
   1.4318799e-02
   3.7356563e-02
   7.0001744e-02
   4.8146307e-02
   5.4869191e-03
   2.2879848e-02
   2.7413666e-02
   2.1341680e-02
   1.7098671e-02
   1.1463165e-02
   1.6130548e-02
   4.7075577e-02
   3.1098789e-02
   3.9403425e-03
   1.5186201e-02
   2.1686459e-02
   2.9175332e-02
   6.0763970e-02
   6.2610343e-02
   4.0758982e-02
   2.7929949e-02
   9.5271766e-03
   3.1607911e-02
   7.0637397e-02
   6.1124772e-02
   5.3487025e-02
   3.0800998e-02
   2.7852729e-02
   2.5032930e-02
   1.5433508e-02
   1.7530106e-02
   3.8462054e-02
   4.1869119e-02
   8.2927048e-02
   1.3248208e-01
   1.0491552e-01
   5.5023611e-02
   4.6568718e-02
   6.2659681e-02
   3.5648536e-02
   6.3019827e-02
   2.3240200e-01
   4.1262466e-01
   3.5690746e-01
   2.6334217e-01
   1.5438658e-01
   6.6935375e-02
   2.3889357e-02
   6.1532300e-02
   7.0031174e-02
   1.3662694e-01
   2.7855343e-01
   3.0124834e-01
   2.2318669e-01
   9.8858520e-02
   1.2986454e-02
   5.2733100e-03
   3.1526670e-02
   9.5082641e-02
   1.2503546e-01
   1.0870097e-01
   7.6390535e-02
   1.9020913e-02
   1.8616218e-02
   1.5343573e-02
   4.6074014e-02
   6.5866709e-02
   5.4972559e-02
   2.1378024e-02
   3.8042504e-02
   3.3904307e-02
   2.3950364e-02
   1.2845958e-02
   3.7168175e-02
   2.3741879e-02
   1.0708232e-02
   5.0841466e-02
   2.6062844e-02
   2.0067919e-02
   8.6095687e-03
   1.4720710e-03
   1.3904330e-02
   3.1130690e-02
   3.2876942e-02
   3.1168124e-02
   2.7464686e-02
   4.2443257e-02
   4.7019929e-02
   3.1344034e-02
   2.7097289e-02
   3.6533926e-02
   3.4409635e-02
   2.4792457e-02
   1.6376246e-02
   1.3524520e-02
   2.6950400e-02
   3.6199883e-02
   3.4942724e-02
   1.6530324e-02
   2.6798429e-02
   1.4797536e-02
   1.4244828e-02
   1.5672769e-02
   3.6608301e-02
   1.7330406e-02
   1.6233196e-02
   3.7041936e-02
   3.3544667e-02
   6.9703655e-03
   1.8840890e-02
   2.1723127e-02
   4.0595137e-02
   4.4107877e-02
   2.3799505e-02
   3.2951280e-02
   2.2945413e-02
   3.2863170e-02
   1.6161565e-02
   3.2192115e-02
   5.4109413e-02
   7.6509260e-02
   8.0680139e-02
   9.3393497e-02
   7.3056057e-02
   2.1693885e-02
   8.2313567e-03
   2.0790242e-02
   1.3487688e-02
   5.0084468e-02
   9.7380102e-02
   1.1030699e-01
   7.1276866e-02
   2.4327705e-02
   1.3226103e-02
   3.2686539e-02
   3.5199828e-02
   6.5562084e-02
   2.0203348e-02
   1.7127354e-02
   3.0733244e-02
   1.8335518e-03
   1.4335771e-02
   2.6953457e-02
   5.2960139e-02
   2.8280385e-02
   3.0940836e-02
   3.6610678e-02
   3.8605269e-02
   2.9225495e-02
   2.8972324e-02
   1.4151374e-02
   1.2441285e-02
   1.9600004e-02
   3.0478992e-02
   4.2530235e-02
   4.1047506e-02
   4.8331391e-02
   2.7768359e-02
   1.8053941e-02
   3.1896285e-03
   1.3234485e-02
   2.5432324e-02
   2.8499886e-02
   1.6009597e-02
   3.4245584e-02
   3.6473606e-02
   3.9673306e-02
   1.8627835e-02
   2.3274461e-02
   2.6720263e-02
   2.2335961e-02
   1.8308157e-02
   2.8769657e-02
   3.2601971e-02
   3.6046643e-02
   2.9198995e-02
   2.3986995e-02
   2.5806921e-02
   1.8249184e-02
   1.7762363e-02
   3.0391568e-02
   9.2560742e-03
   9.4043491e-03
   3.1960059e-02
   2.4217371e-02
   3.4534610e-03
   1.5400085e-03
   1.3305215e-02
   2.1585086e-02
   2.4398390e-02
   2.8470922e-02
   3.3603072e-02
   2.1873835e-02
   1.9164275e-02
   1.1615176e-02
   8.2543269e-03
   2.5760906e-02
   6.6714443e-02
   6.2999502e-02
   2.9061534e-02
   2.9637367e-02
   2.4543993e-02
   2.0365855e-02
   1.8540809e-02
   9.1516329e-03
   1.1816760e-02
   4.6956930e-02
   3.6293253e-02
   4.1323680e-02
   4.6939854e-02
   3.0784944e-02
   3.1413190e-02
   3.8601067e-02
   8.0301519e-03
   1.8648278e-02
   2.7498053e-02
   2.8993785e-02
   3.6778883e-03
   1.5453281e-02
   2.5396552e-02
   2.1804705e-02
   3.4298483e-02
   3.9272558e-02
   3.9749566e-02
   1.8154943e-02
   6.5100198e-03
   2.3991076e-02
   3.5551161e-02
   2.6094507e-02
   2.6164467e-02
   1.7818986e-02
   1.7204098e-02
   3.9725222e-02
   1.4352080e-02
   2.5943231e-02
   1.6916189e-02
   1.6421441e-02
   2.1857988e-02
   3.1668160e-02
   4.4982772e-02
   4.0205684e-02
   4.0960860e-02
   1.8417772e-02
   2.5585536e-02
   2.0908853e-02
   8.6974176e-03
   2.6332684e-02
   1.0175183e-02
   2.1377025e-02
   8.9616608e-03
   4.5214584e-03
   9.2517468e-04
   1.1346981e-02
   4.0003713e-02
   3.2702111e-02
   1.6364120e-02
   8.8025294e-03
   5.5290591e-03
   1.6597429e-02
   1.7053548e-02
   2.7756035e-02
   3.7491929e-02
   2.7113352e-02
   3.6001164e-02
   3.1331625e-02
   2.1498898e-02
   1.9417763e-02
   3.1186208e-02
   2.4853680e-02
   1.6284157e-02
   1.7892690e-02
   3.0004606e-03
   1.7209297e-02
   2.2927398e-02
   1.6562946e-02
   9.4710123e-03
   2.0557147e-02
   1.9642323e-02
   2.8406227e-02
   6.8860915e-03
   9.0977335e-03
   1.2548165e-02
   2.7933963e-02
   3.7524518e-02
   2.8111853e-02
   2.5843317e-02
   2.4153966e-02
   4.1243587e-02
   3.0112853e-02
   2.3077875e-02
   2.4080664e-02
   3.3881389e-02
   2.9139124e-02
   1.5520236e-02
   2.7115414e-02
   3.4409426e-02
   2.7049940e-02
   1.7574836e-02
   6.9356561e-03
   9.4206762e-03
   1.4391034e-02
   1.9716579e-02
   2.8725581e-02
   2.8704310e-02
   2.8984381e-02
   2.1206513e-02
  -4.5936528e-04
   1.2345579e-02
   2.1128120e-02
   3.0991754e-02
   2.2777427e-02
   3.0544182e-02
   1.8902415e-02
   2.0993683e-02
   1.2371589e-02
   1.8977949e-02
   2.3951087e-02
   1.4638792e-02
   2.1804070e-02
   2.2000993e-02
   2.9437745e-02
   2.5912367e-02
   4.0078178e-02
   4.8673619e-02
   2.3490289e-02
   2.5007863e-02
   2.3530312e-02
   1.7364465e-02
   1.0590139e-02
   2.4282373e-02
   1.4596825e-02
   1.4675871e-02
   1.8730758e-02
   1.6615804e-02
   2.1009326e-02
   3.8695221e-03
   7.1432195e-03
   1.7575933e-02
   2.1069979e-02
   7.4506905e-03
   5.1898365e-03
   1.2906653e-02
   1.8208355e-02
   1.7370263e-02
   3.0210219e-02
   2.7477365e-02
   2.4787260e-02
   1.5223348e-02
   1.8824110e-02
   2.4718117e-02
   1.4970326e-02
   1.0341756e-02
  -5.5210461e-04
   2.0693287e-02
   2.8323520e-02
   1.5581173e-02
   9.9380938e-03
   1.5322000e-02
   2.4385823e-02
   4.8561681e-02
   3.5752594e-02
   1.8470468e-02
   1.4049016e-02
  -2.2060610e-03
   2.7973836e-03
   2.7812514e-02
   7.0346549e-02
   7.9786740e-02
   5.2599195e-02
   5.0121542e-02
   4.0126793e-02
   2.1061491e-02
   5.0338827e-02
   4.0406998e-02
   1.9885095e-02
   1.3222377e-02
   1.4894092e-02
   3.4839019e-02
   1.1965118e-02
   8.1494525e-03
   1.3648566e-02
   2.3496380e-02
   4.1743342e-02
   6.1046191e-02
   5.0577410e-02
   4.0396038e-02
   2.0486183e-02
   8.9852493e-03
   3.2271639e-02
   7.5843751e-02
   1.0987218e-01
   7.8166015e-02
   4.3122839e-02
   2.1801172e-02
   2.1215670e-02
   2.7621724e-02
   3.0033804e-02
   2.2427898e-02
   2.6505429e-02
   3.9711572e-02
   3.5848010e-02
   2.6719792e-02
   2.1243041e-02
   1.0666977e-02
   2.4070302e-02
   1.7913202e-02
   8.4824739e-03
   7.1315104e-03
   2.0142479e-03
   2.1726567e-02
   3.0156041e-02
   3.7166797e-02
   3.1351607e-02
   1.7860660e-02
   1.2684483e-02
   1.0469140e-02
   3.0766901e-02
   5.9187535e-02
   1.1973786e-01
   1.0659682e-01
   5.8017805e-02
   7.5808786e-02
   8.3367676e-02
   6.1330698e-02
   3.0803727e-02
   4.7133718e-02
   6.1785460e-02
   1.8115681e-01
   3.4564465e-01
   4.0085587e-01
   2.3896830e-01
   8.2242243e-02
   1.9985287e-02
   8.6757466e-02
   5.2706593e-01
   1.2050616e+00
   1.3061048e+00
   7.8213733e-01
   3.1933653e-01
   9.4556428e-02
   9.1669932e-02
   2.5038254e-01
   3.2348734e-01
   2.9707021e-01
   2.5884250e-01
   1.9677983e-01
   8.9922555e-02
   2.6501181e-02
   1.0619874e-02
   2.5387671e-02
   5.5941734e-02
   6.4898916e-02
   5.8975913e-02
   7.6932937e-02
   6.2831752e-02
   4.6997353e-02
   1.5617758e-02
  -1.0125683e-02
   1.6765427e-02
   3.0688552e-02
   2.2793274e-02
   3.0887086e-02
   3.2593131e-02
   1.6639326e-02
   1.3670167e-02
   1.9714380e-02
   2.1075666e-02
   3.0025393e-02
   2.1849127e-02
   3.5410371e-02
   5.7673436e-02
   3.4929879e-02
   2.2330280e-02
   1.1510031e-02
   5.0848465e-02
   4.6170849e-02
   3.3367902e-02
   4.1698258e-02
   2.0789111e-02
   2.2854950e-02
   2.1674249e-02
   2.5326900e-02
   2.0313777e-02
   1.7872211e-02
   2.4246991e-02
   3.5666194e-02
   3.2557938e-02
   3.1569175e-02
   8.5065300e-03
   1.4614634e-02
   2.0529825e-02
   6.5552103e-03
   3.2909561e-02
   5.4683354e-02
   3.5852447e-02
   2.5384691e-02
   2.1095805e-02
   1.8326353e-02
   3.4857754e-02
   1.7188424e-02
   1.4705759e-02
   3.5664901e-02
   9.4510458e-02
   7.3366977e-02
   4.9463317e-02
   1.6873101e-02
   2.7755015e-02
   3.0522620e-02
   8.3077915e-02
   2.3905717e-01
   2.8478676e-01
   1.8457094e-01
   7.4506000e-02
   2.8372765e-02
   1.2739553e-02
   5.6214403e-02
   7.9663634e-02
   8.1834383e-02
   7.9762049e-02
   6.3410386e-02
   3.0255474e-02
   3.3379868e-02
   1.0706223e-02
   1.8127030e-02
   2.7835526e-02
   2.8923789e-02
   1.7529767e-02
   2.7832652e-02
   2.3847142e-02
   2.8939972e-02
   3.8998716e-02
   4.2153489e-02
   1.9101689e-02
   8.4637711e-03
   3.1713232e-02
   3.0628050e-02
   3.7042838e-02
   3.6881093e-02
   2.0148603e-02
   2.3452554e-02
   1.6044669e-02
   1.3750165e-02
   2.1868650e-02
   1.6891174e-02
   7.2732964e-03
   2.4761552e-02
   1.6424902e-02
   2.2754241e-02
   2.8220475e-02
   3.0183572e-02
   2.4747910e-02
   1.3348022e-02
  -2.5822688e-03
   2.0267870e-02
   2.6090151e-02
   9.1718454e-03
   2.0316947e-02
   1.0473322e-02
   1.8681826e-02
   3.8351215e-02
   2.6505971e-02
   2.1402959e-02
   1.2839070e-02
   3.1573072e-02
   1.9839760e-02
   6.9830921e-03
   2.0060183e-02
   2.1729564e-02
   7.3647625e-03
   2.1368239e-02
   4.8640539e-04
   2.3807850e-02
   4.4375245e-02
   3.6183424e-02
   1.8937718e-02
   1.9734422e-02
   3.4701474e-02
   3.0293768e-02
   2.8884428e-02
   1.9604664e-02
   2.0910908e-02
   3.4247275e-02
   4.4864882e-02
   8.1158914e-02
   9.6055493e-02
   5.2573495e-02
   3.3283070e-02
   3.0010926e-02
   3.5619076e-02
   3.6514319e-02
   2.9870370e-02
   3.6378182e-02
   3.1527728e-02
   2.0308102e-02
   3.0619488e-03
   1.5288330e-02
   1.1030499e-02
   2.5786029e-02
   2.7364600e-02
   2.2735277e-02
   1.3680888e-02
   9.8858215e-03
   1.5046668e-02
   2.1406855e-02
   1.8652861e-03
   1.8837761e-02
   2.4165275e-02
   2.6512152e-02
   1.6942855e-02
   1.4971181e-02
   1.1878774e-02
   1.6975531e-02
   1.9923426e-02
   2.5520952e-02
   1.4258197e-02
   4.0815994e-03
   2.6926560e-02
   3.2582276e-02
   3.2729577e-02
   1.8305875e-02
   2.7210381e-02
   1.5649077e-02
   2.5840197e-02
   2.5357574e-02
   2.9331844e-02
   2.8121062e-02
   4.7326973e-03
   2.8670594e-02
   2.3773335e-02
   1.4270701e-02
   2.6272243e-02
   2.4556009e-02
   3.2068215e-02
   2.5272859e-02
   2.3395551e-02
   1.4017742e-02
   1.1416427e-02
   1.8435536e-02
   1.3777920e-02
   2.3445601e-02
   3.1588573e-02
   1.5195185e-02
   1.8858168e-02
   3.6391690e-02
   2.3341106e-02
   4.8384573e-03
   2.0887248e-02
   2.7289476e-02
   1.9624107e-02
   1.1528879e-02
   9.1140186e-03
   1.1769237e-02
   4.3819048e-03
   1.7603856e-02
   3.0053778e-02
   3.8290694e-02
   2.3059975e-02
   4.0818043e-02
   2.3359250e-02
   1.1560981e-02
   2.1233996e-02
   1.7787078e-02
   1.1036969e-02
   1.5015068e-02
   1.2330762e-02
   9.4361193e-03
   2.1673203e-02
   1.5013454e-02
   1.2774909e-02
   1.8985992e-02
   8.4492005e-03
   1.6135061e-02
   1.8568803e-02
   2.6933093e-02
   4.2141531e-02
   2.0863213e-02
   2.2963880e-02
   1.3339111e-02
   1.5487868e-02
   2.5368720e-02
   1.5982276e-02
   1.3340449e-02
   1.7171485e-02
   1.6772281e-02
   9.5285904e-03
   5.5185924e-03
   1.8571639e-02
   1.9568158e-02
   1.6355025e-02
   1.7969856e-02
  -5.4672576e-04
   2.7321709e-02
   2.1292694e-02
   2.2483625e-02
   1.2117600e-02
   8.8100424e-03
   2.0203674e-02
   3.1089630e-02
   1.8241124e-02
   3.7157714e-02
   3.0373761e-02
   2.7757198e-02
   1.3555569e-02
   1.1483193e-02
   2.7027383e-02
   1.9377524e-02
   2.4263209e-02
   2.7827706e-02
   2.8648511e-02
   8.5283602e-03
  -2.6100716e-03
   9.8195504e-03
   1.8606860e-02
   6.8087978e-03
   1.6004583e-02
   2.1732427e-02
   2.6845813e-02
   1.5869949e-02
   1.2511364e-02
   8.2070334e-03
   1.2519558e-02
