   6.6185519e-02
   8.3398983e-02
   7.1433887e-02
   4.6207517e-02
   3.1930016e-04
   1.6506076e-02
   3.8331874e-02
   6.5312721e-02
   8.2817957e-02
   8.7190293e-02
   3.2374889e-02
   5.5035755e-02
   6.5704137e-02
   4.7998790e-02
   4.7749955e-02
   4.1821625e-02
   3.7346132e-02
   7.2512098e-02
   5.7275958e-02
   5.9311744e-02
   2.4316229e-02
   3.7354127e-02
   5.9593160e-02
   2.1313429e-02
   3.2266922e-02
   6.3711450e-02
   6.2507071e-02
   4.0343322e-02
   4.3366998e-02
   6.1330538e-02
   2.9517731e-02
   2.2756265e-02
   4.9493589e-02
   4.7583736e-02
   9.4712218e-03
   5.1962145e-02
   6.7112409e-02
   4.2515237e-02
   5.7921957e-02
   6.5292314e-02
   6.3739382e-02
   6.7530796e-02
   3.1964429e-02
   1.2916578e-02
   1.6491186e-02
   4.3632567e-02
   5.2748755e-02
   3.9568350e-02
   5.6236476e-02
   4.8660014e-02
   5.5603694e-02
   5.8733795e-02
   3.2790586e-02
   2.8893646e-02
   2.0831026e-02
   4.2922538e-02
   2.9522847e-02
   4.1084033e-02
   3.6072794e-02
   4.5384191e-02
   5.7022993e-02
   2.1715669e-03
   5.4625969e-02
   2.8482204e-02
   5.1256423e-03
   2.7960174e-02
   3.2249607e-02
   3.9995324e-02
   4.2128682e-02
   6.8273149e-02
   1.9987881e-02
   6.8660098e-04
   5.7411203e-03
   1.8884895e-02
   5.6196108e-02
   5.6687117e-02
   4.6318829e-02
   8.5513562e-02
   4.4030480e-02
   3.0430056e-02
   3.5227269e-02
   2.5083613e-02
   3.2087654e-02
   3.2772984e-02
   2.4577864e-02
   6.4220726e-02
   3.9953161e-02
   4.0234450e-02
   2.4632238e-02
   4.3654509e-02
   2.2751020e-02
   2.3593403e-02
   2.3681147e-02
   1.0249292e-02
   3.7576508e-02
   4.5475569e-02
   5.9272815e-02
   6.4941630e-02
   4.7667906e-02
   3.3177849e-02
   2.5517473e-02
   3.1620547e-02
   1.6494345e-02
   1.8008951e-02
   2.7674448e-02
   4.4237260e-02
   3.8693875e-02
   3.9202504e-02
   6.5405264e-02
   5.8754858e-02
   2.0536710e-02
   3.2029256e-02
   6.3571543e-02
   6.1135042e-02
   1.9181907e-02
   3.0100042e-02
   4.9214303e-02
   3.6726292e-02
   4.2337410e-02
   5.6519728e-02
   5.9479464e-02
   3.3539802e-02
   3.2101762e-02
   2.4099775e-02
   4.1951101e-02
   3.5591099e-02
   1.6386012e-02
   4.4992954e-02
   4.5049746e-02
   2.4651542e-02
   1.1432550e-02
   2.7853845e-02
   3.2703433e-02
   4.2379558e-02
   2.7831834e-02
   5.8238216e-02
   8.0202006e-02
   5.6644455e-02
   4.1129004e-02
   3.4347590e-02
   3.3294987e-02
   3.7153471e-02
   2.7486084e-02
   3.6637221e-02
   6.2981986e-02
   2.2456234e-02
   1.3444484e-02
   5.3504758e-02
   7.1197942e-02
   5.3823967e-02
   1.9498840e-02
   6.5792881e-02
   6.4049818e-02
   1.7736727e-02
   1.0328671e-02
   3.0973209e-03
   3.1255607e-02
   3.7329067e-02
   1.4856595e-02
   1.7001867e-02
   2.8869567e-02
   4.7976129e-02
   4.5311026e-02
   2.0323819e-02
   6.1076261e-02
   4.9120728e-02
   4.4784758e-02
   4.1075803e-02
   5.0857928e-02
   4.1834541e-02
   5.6558214e-02
   4.7173385e-02
   3.8679048e-02
   3.4537975e-02
   5.1649462e-02
   3.2932896e-02
   4.9845580e-02
   3.3039290e-02
   6.4962909e-02
   5.3966369e-02
   3.3671901e-02
   3.7919499e-02
   3.4205772e-02
   4.3484241e-02
   2.5116505e-02
   4.4066381e-02
   3.7881382e-02
   3.2755282e-02
   6.7590907e-02
   5.9852701e-02
   5.1750850e-02
   4.2041220e-02
   3.7863530e-02
   1.3759461e-02
   3.5943769e-02
   2.7174629e-02
   4.3391131e-02
   6.8836458e-02
   3.9892785e-02
   2.7655307e-02
   2.5628418e-02
   4.8704524e-02
   5.4635227e-02
   6.8414643e-02
   3.3884205e-02
   1.2723393e-02
   3.6216535e-02
   1.9718476e-02
   1.0300614e-02
   3.2632347e-02
   4.4259328e-02
   6.4782977e-02
   4.2018704e-02
   2.8056394e-02
   5.1640451e-02
   7.0593275e-02
   3.9594356e-02
   1.4567212e-02
   3.3041444e-02
   4.4870581e-02
   3.9824694e-02
   3.1452157e-02
   4.1841507e-02
   2.0371813e-02
   1.6948562e-02
   7.1449116e-02
   5.3741302e-02
   4.2809453e-02
   4.4899900e-02
   3.3470090e-02
   7.8243487e-02
   4.6406712e-02
   3.4234256e-02
   3.3386540e-02
   3.6514524e-02
   4.8008807e-02
   5.3985376e-02
   3.7478983e-02
   3.1312469e-02
   4.7326304e-02
   4.8535362e-02
   8.5903965e-02
   7.3319294e-02
   2.6718050e-02
   2.4115495e-02
   4.9685374e-02
   5.1187254e-02
   7.2863594e-02
   3.6560409e-02
   3.1636570e-02
   4.1827887e-02
   4.3875914e-02
   4.4334941e-02
   1.9084457e-02
   2.6831787e-02
   2.2994641e-02
   1.8675592e-02
  -4.1280976e-03
   3.7805781e-02
   8.3911017e-02
   5.2808084e-02
   4.8108816e-02
   4.9550664e-02
   3.3101585e-02
   3.7708409e-02
   2.4376830e-02
   3.6344543e-02
   4.6196304e-02
   4.2560577e-02
   4.5725025e-02
   6.1562702e-02
   3.8303643e-02
   3.1495858e-02
   3.9928362e-02
   6.6551611e-02
   5.7423960e-02
   3.0398080e-02
   5.2276418e-02
   4.4466637e-02
   1.0703092e-02
   3.7231036e-02
   4.0032331e-02
   3.5289910e-02
   5.4562431e-02
   6.2368836e-02
   5.3710479e-02
   1.7012060e-02
   4.4707429e-02
   1.5335818e-02
   3.5721641e-02
   2.4293123e-02
   2.5825934e-02
   1.9695843e-02
   4.1889422e-02
   6.5497808e-02
   6.7673750e-02
   7.5766400e-02
   7.2263867e-02
   5.8018915e-02
   2.5694557e-02
   2.6317155e-02
   3.0674826e-02
   3.3600438e-02
   2.6507374e-02
   4.6391957e-02
   5.5039145e-02
   4.7953844e-02
   3.2114450e-02
   2.4891132e-02
   3.8896378e-02
   3.3001434e-02
   7.3592863e-03
   4.0907841e-02
   3.9393343e-02
   3.8435694e-02
   7.3554620e-02
   7.9176784e-02
   1.9355861e-02
   3.9305147e-02
   4.7456186e-02
   4.2238109e-02
   3.6668338e-02
   3.9075818e-02
   5.5774502e-02
   3.5438128e-02
   2.9524179e-02
   3.5837628e-02
   6.8184160e-02
   6.3783340e-02
   3.7599009e-02
   1.9325392e-02
   1.8244259e-02
   8.0677886e-03
   6.3715898e-02
   5.1755685e-02
   2.6304543e-02
   4.9153078e-02
   7.3683448e-02
   2.7790435e-02
   1.1672782e-02
   5.6123223e-02
   2.9772982e-02
   4.1448809e-02
   6.7958198e-02
   3.2096110e-02
   2.2077516e-02
   3.7681106e-02
   3.4196779e-02
   4.6595339e-02
   3.0007100e-02
   4.7589257e-02
   4.4702008e-02
   1.0048416e-02
   7.7530737e-03
   4.6060167e-02
   4.9714882e-02
   5.8884796e-02
   9.3503714e-02
   5.4894440e-02
   2.4111127e-02
   3.3858228e-02
   3.6832329e-02
   9.8207472e-03
   5.4219589e-02
   6.5878846e-02
   6.1263621e-02
   6.0224053e-02
   7.0446298e-02
   7.3549129e-02
   2.2794727e-02
   1.9987214e-02
   5.3102914e-02
   4.9944535e-02
   9.2820324e-02
   5.9777547e-02
   2.9546395e-02
   3.4243558e-02
   1.8338196e-02
   3.7583314e-02
   1.8006044e-02
   5.3522032e-02
   5.5562221e-02
   6.4422302e-02
   4.0867921e-02
   2.4235722e-02
   1.6347053e-02
   2.6700992e-02
   2.8682392e-02
   3.8537860e-02
   4.6160989e-02
   4.9553290e-02
   2.3479687e-02
   2.5620161e-02
   3.8946666e-02
   4.2899080e-02
   3.8181357e-02
   2.7343107e-02
   2.6700052e-02
   2.9850947e-02
   4.7933053e-02
   1.3354972e-02
   1.1763901e-02
   3.8031586e-02
   4.7890238e-02
   3.3051327e-02
   4.7901627e-02
   3.4020919e-02
   4.3878254e-02
   6.4607993e-02
   7.1912855e-02
   4.5812614e-02
   5.4890417e-02
   4.1970775e-02
   4.8103847e-02
   5.4238409e-02
   1.0247323e-01
   1.0806687e-01
   5.4954235e-02
   4.6527129e-02
   4.5712620e-02
   5.2695930e-02
   3.6246169e-02
   4.8504192e-02
   4.9836505e-02
   3.0821759e-02
   5.7811294e-02
   5.6084622e-02
   4.6842434e-02
   5.2690979e-02
   3.8534049e-02
   2.5670405e-02
   5.0918810e-02
   6.7159906e-02
   7.9528742e-02
   5.2743185e-02
   1.6815726e-02
   3.1440165e-02
   4.0549584e-02
   5.9242975e-02
   4.9895141e-02
   2.7164362e-02
   2.3911260e-02
   2.6789019e-02
   1.4635230e-02
   7.7089551e-03
   1.8091945e-02
   3.1294916e-02
   6.5398857e-02
   6.9940589e-02
   7.5948901e-02
   5.3085018e-02
   4.6129175e-02
   3.7519716e-02
   2.9545164e-02
   4.6044406e-02
   4.3298401e-02
   1.5186360e-02
   2.5326915e-02
   3.3546962e-02
   2.4982619e-03
   3.6094096e-02
   4.6180382e-02
   4.7114052e-02
   5.7578009e-02
   7.7966914e-02
   4.4722605e-02
   5.1030453e-02
   5.7648361e-02
   6.2387154e-02
   5.0777327e-02
   2.2503415e-02
   4.0052075e-02
   2.5140876e-02
   3.0867336e-02
   7.2845012e-02
   6.8281457e-02
   5.6512468e-02
   6.1905872e-02
   6.3578792e-02
   3.6065705e-02
   3.6414206e-02
   2.8977104e-02
   4.2348105e-02
   4.9873564e-02
   5.6454461e-02
   7.0272163e-02
   6.9649264e-02
   5.7809774e-02
   3.9202493e-02
   5.4032348e-02
   7.1970664e-02
   1.0982352e-01
   8.3099395e-02
   3.3667002e-02
   6.7833103e-02
   1.1802599e-01
   1.2531678e-01
   8.5584305e-02
   6.4689808e-02
   2.2261830e-02
   1.2560594e-02
   1.3165676e-02
   4.5571323e-02
   6.7777857e-02
   5.1460259e-02
   3.6890369e-02
   5.7844374e-02
   4.6147447e-02
   5.0500892e-02
   1.5951145e-02
   5.1123120e-02
   7.0580676e-02
   1.8160377e-02
   2.5530601e-02
   4.4620782e-02
   3.6194202e-02
   3.1412899e-02
   4.0519763e-02
   2.2197792e-02
   1.3056151e-02
   1.2429638e-02
   1.6872628e-02
   2.7161587e-02
   3.5527658e-02
   6.4891763e-02
   6.0490735e-02
   2.2349540e-02
   1.9790834e-02
   1.7073156e-02
  -1.1479631e-02
   3.6135577e-02
   5.5891316e-02
   8.5264586e-02
   6.0665365e-02
   3.0288875e-02
   2.0335287e-02
   2.0807959e-02
   1.0256139e-01
   1.6440734e-01
   9.4323769e-02
   3.9018288e-02
   5.3236719e-02
   5.0347455e-02
   3.6547728e-02
   5.7296835e-02
   3.8666062e-02
   2.9173894e-02
   1.5603654e-02
   2.8213253e-02
   5.3225037e-02
   3.7351169e-02
   1.9543378e-02
   1.8720163e-02
   2.8503412e-02
   3.1590704e-02
   3.0891087e-02
   2.4816116e-02
   3.1896379e-02
   5.6214303e-02
   7.7205025e-02
   1.3631816e-01
   1.6119908e-01
   1.2127176e-01
   4.3471869e-02
   5.2411344e-02
   5.7344705e-02
   4.6495087e-02
   7.3901758e-02
   1.5961097e-01
   1.3330851e-01
   6.3685648e-02
   2.5245979e-02
   3.1944089e-02
   4.4607677e-02
   5.5343144e-02
   4.9628597e-02
   2.3076376e-02
   4.5134250e-02
   7.9019792e-02
   3.3218138e-02
   2.1309808e-02
   3.5739470e-02
   5.1612280e-02
   6.6679150e-02
   2.5487533e-02
   7.7358750e-03
   3.2437410e-02
   6.0569670e-02
   2.0801653e-01
   1.9247915e-01
   1.3071440e-01
   1.4724615e-01
   1.1002803e-01
   3.8058929e-02
   2.8423768e-02
   1.5124847e-01
   5.8363831e-01
   7.6781064e-01
   4.1418061e-01
   1.4931436e-01
   1.5180244e-01
   1.3549386e+00
   4.3035178e+00
   4.1108646e+00
   1.5872236e+00
   4.4882613e-01
   1.7794071e-01
   1.6153614e-01
   2.7593708e-01
   6.9031584e-01
   6.7933518e-01
   3.4419528e-01
   1.4049864e-01
   3.3601712e-02
   8.6111106e-02
   1.7224027e-01
   2.8086260e-01
   2.6868641e-01
   1.8110892e-01
   8.0424301e-02
   7.7941015e-02
   8.7640844e-02
   1.2413150e-01
   1.5364210e-01
   2.2788689e-01
   2.8665778e-01
   2.0466456e-01
   6.0232516e-02
   3.7243124e-02
   3.8198572e-02
   5.0139420e-02
   2.4344478e-02
   3.5535127e-02
   1.5026088e-02
   2.0372082e-02
   6.4083457e-02
   6.2379729e-02
   4.0807553e-02
   2.6346182e-02
  -2.1849519e-02
   3.5760764e-02
   8.8937245e-03
   4.1007757e-02
   7.4647225e-02
   4.1582547e-02
   6.4536985e-03
   2.1637278e-02
   5.2763000e-02
   1.2294424e-01
   1.7650703e-01
   9.7375706e-02
   6.4343214e-02
   2.2592787e-01
   2.9321295e-01
   1.5568353e-01
   7.4563056e-02
   1.2545282e-01
   1.3886786e-01
   1.1440082e-01
   4.5509655e-02
   5.4473694e-02
   1.8715492e-01
   7.1632212e-01
   8.8980460e-01
   4.0405002e-01
   1.3754642e-01
   9.4395965e-02
   4.4695187e-02
   8.8464357e-02
   1.5941410e-01
   1.2559398e-01
   1.0715175e-01
   3.7268374e-02
   5.3341087e-04
  -5.1487125e-03
   6.7200184e-02
   8.3985485e-02
   7.2830833e-02
   5.5030644e-02
   2.5271967e-02
   1.4557024e-02
   6.0520288e-02
   3.8609162e-02
   6.8644881e-02
   6.6524953e-02
   5.0640967e-02
   5.0415959e-02
   5.5079423e-02
   5.2550375e-02
   3.9456226e-02
   3.5001881e-02
   3.6549389e-02
   1.5003484e-02
   6.9318749e-03
   2.0671358e-02
   5.3153221e-02
   6.8716399e-02
   5.2222911e-02
   4.4257596e-02
   1.8469223e-03
   3.1192999e-03
   3.3843540e-02
   5.7417814e-02
   5.9239816e-02
   4.7039911e-02
   4.0609851e-02
   2.9330412e-02
   8.8919215e-02
   1.0047434e-01
   9.3034044e-02
   4.1022453e-02
   5.9145987e-02
   7.1979910e-02
   6.4656049e-02
   6.4052328e-02
   1.4526741e-01
   2.7490601e-01
   2.4257243e-01
   1.0052481e-01
   3.9803419e-02
   2.6408720e-01
   1.1128187e+00
   1.4301739e+00
   7.2792655e-01
   2.0888552e-01
   5.9198707e-02
   3.6934942e-02
   1.3474026e-01
   2.5605100e-01
   2.6673064e-01
   1.3746589e-01
   1.9500412e-02
   2.6323348e-02
   4.5814347e-02
   7.0306067e-03
   3.4820706e-02
   5.3824227e-02
   3.6388591e-02
   1.8476367e-02
   4.7891241e-02
   3.5953950e-02
   2.7181508e-02
   3.4084734e-02
   3.4807071e-02
   4.8994489e-02
   5.0290130e-02
  -1.0027759e-02
   3.6638260e-02
   9.7918831e-02
   7.3700801e-02
   4.9547173e-02
   5.0823987e-02
   5.9636638e-02
   8.2955219e-02
   1.0541064e-01
   7.5732119e-02
   7.2359897e-02
   4.5192327e-02
   4.4241245e-03
   1.6280286e-02
   5.6106158e-02
   5.4953188e-02
   5.5004254e-02
   2.8327273e-02
   1.3647980e-02
   5.5341158e-02
   1.1719698e-01
   7.4673489e-02
   3.9074805e-02
   2.9814310e-02
   4.8954777e-02
   4.6940345e-02
   5.4293003e-02
   2.5261294e-02
   8.8519990e-02
   1.3558146e-01
   1.0189396e-01
   5.5235092e-02
   5.8489658e-02
   9.7081795e-02
   2.8086340e-01
   3.3011344e-01
   1.9992672e-01
   8.7769531e-02
   2.7548905e-02
   3.6824316e-02
   3.4345206e-02
   5.6527343e-02
   7.3676899e-02
   6.1397865e-02
   5.0116811e-02
   2.2209024e-02
   4.1617464e-02
   6.9848292e-02
   6.6042684e-02
   4.3112922e-02
   2.8028060e-02
   1.2140175e-02
   2.6121233e-02
   3.0737299e-02
   1.9232439e-02
   7.1974508e-02
   7.2838925e-02
   5.4076251e-02
   4.5881871e-02
   3.5603702e-02
   2.6596541e-02
   5.6859948e-02
   4.1493513e-02
   3.5919193e-02
   4.8310626e-02
   4.3814819e-02
   4.1034255e-02
   6.5247059e-02
   2.8668994e-02
   4.7069769e-02
   5.5109009e-02
   4.5324497e-02
   5.0936926e-02
   2.3131063e-02
   1.7043456e-02
   1.8745303e-02
   4.2027541e-02
   2.3762962e-02
   5.3969111e-02
   5.3760249e-02
   4.9424205e-02
   2.6172262e-02
   3.9674945e-02
   6.5353148e-02
   4.7744453e-02
   2.7382504e-02
   4.4949826e-02
   8.2797386e-02
   8.6133830e-02
   5.6708056e-02
   4.1861758e-02
   5.3156652e-02
   1.3931945e-01
   1.4519614e-01
   1.0647908e-01
   7.2795853e-02
   7.5077310e-02
   8.0983259e-02
   5.1423781e-02
   4.5134664e-02
   5.6034271e-02
   1.2379731e-02
   1.9920791e-02
   1.4051490e-02
   6.0576618e-02
   5.3333353e-02
   5.9712220e-02
   4.2567983e-02
   3.2438651e-02
   5.5704307e-02
   4.1379113e-02
   5.4041166e-02
   6.1156474e-02
   4.1805521e-02
   2.8464392e-02
   3.3679721e-03
   4.5311417e-02
   1.0192394e-01
   9.3692891e-02
   7.8210711e-02
   3.7209131e-02
   5.1309839e-02
   5.6854106e-02
   3.9638694e-02
   2.3292568e-02
   3.8396817e-02
   6.9904082e-02
   6.0068902e-02
   4.8344396e-02
   4.8483290e-02
   3.5512209e-02
   4.6340711e-02
   1.4575806e-02
   1.7560165e-02
   4.9767099e-02
   3.1554747e-02
   2.8691633e-02
   6.0796118e-03
   9.7906673e-03
   1.6135862e-02
   2.0816267e-02
   2.4086218e-02
   3.4773223e-02
   4.2901527e-02
   3.7069444e-02
   4.5110662e-02
   3.5557423e-02
   8.8017965e-03
   3.2474410e-02
   3.2760128e-02
   5.2709673e-02
   6.8680234e-02
   2.9927049e-02
   1.2306699e-02
   2.4344005e-02
   4.2916831e-02
   2.2186352e-02
  -1.0038713e-02
   1.0794469e-02
   5.2444026e-02
   4.7982991e-02
   4.6320207e-02
   4.7628555e-02
   4.7470450e-02
   3.5926547e-02
   1.6121740e-02
   2.9790606e-02
   2.7853997e-02
   4.3628559e-02
   2.1924332e-02
   2.8281635e-02
   1.8961901e-02
   1.0541886e-02
   2.5806390e-02
   4.9016502e-02
   5.6083068e-02
   5.1597834e-02
   6.7564644e-02
   7.7469610e-02
   4.4371460e-02
   4.3526653e-02
   7.1149491e-02
   8.1500895e-02
   6.5789714e-02
   8.3514564e-02
   5.5989917e-02
   4.0298142e-02
   6.8460084e-02
   9.7680300e-02
   5.9022482e-02
   4.4705935e-02
   7.7624768e-02
   1.4112791e-01
   9.3032673e-02
   8.4389918e-02
   9.2778340e-02
   1.0611198e-01
   2.0824242e-01
   2.6869673e-01
   1.5168498e-01
   8.7011062e-02
   1.2246890e-01
   2.7244020e-01
   3.0376762e-01
   1.8646406e-01
   1.5000609e-01
   1.8053143e-01
   3.2930648e-01
   3.1031427e-01
   1.7026927e-01
   1.5482971e-01
   3.1917965e-01
   4.7191727e-01
   3.5060939e-01
   1.1354017e-01
   6.9302492e-02
   5.3562927e-01
   9.9616688e-01
   7.8772211e-01
   2.8683257e-01
   1.3312754e-01
   3.9116654e-01
   5.6149751e-01
   3.3101043e-01
   1.4119768e-01
   1.2378050e-01
   2.7854040e-01
   3.2024297e-01
   1.6690458e-01
   6.5425776e-02
   1.3751639e-01
   2.8787139e-01
   2.2906688e-01
   1.1169157e-01
   3.9447673e-02
   4.0189169e-02
   3.7118580e-02
   1.9569548e-02
   3.4548577e-02
   4.1141562e-02
   2.1473149e-02
   1.7267382e-02
   2.6954526e-02
  -6.3172807e-03
   2.2146152e-02
   4.8960906e-02
   1.9281140e-02
   1.5742911e-02
   2.4646861e-02
   5.5929560e-02
   7.4077830e-02
   5.0530545e-02
   1.0273614e-02
   1.7223373e-02
   3.0005079e-02
   5.1136818e-02
   6.8795554e-02
   4.8424117e-02
   4.3835860e-02
   5.4907732e-02
   7.0452705e-02
   8.4605902e-02
   2.9692534e-02
   2.8521912e-02
   6.9022007e-02
   6.5993890e-02
   3.1487383e-02
   6.2503569e-02
   1.1735995e-01
   6.2347949e-02
   3.6893345e-02
   3.9394204e-02
   1.6034983e-01
   2.6297486e-01
   2.4117881e-01
   1.4949183e-01
   9.1645233e-02
   1.4632344e-01
   1.9554922e-01
   1.3687113e-01
   8.4677532e-02
   4.7743883e-02
   1.0788000e-01
   1.2672628e-01
   1.4377527e-01
   7.9678215e-02
   6.0598303e-02
   7.8638345e-02
   7.1982026e-02
   3.8986299e-02
   4.6211947e-02
   6.1905105e-02
   4.3847572e-02
   3.9438754e-02
   2.0737993e-02
   1.6390998e-02
   4.2770222e-02
   2.2540312e-02
   5.9843059e-03
   2.5003335e-02
   2.0671921e-02
   3.7946101e-02
   5.0228484e-02
   4.3511447e-02
   1.4439224e-02
   1.1861011e-02
   1.3650504e-02
   2.2767562e-02
   1.5702596e-02
   5.0971512e-02
   6.1172329e-02
   7.4504890e-02
   4.3572266e-02
  -5.7369797e-03
   3.2746896e-02
   2.4866020e-02
   3.7169386e-02
   1.0109970e-02
   1.8263537e-02
   6.1308812e-02
   8.0225602e-02
   7.5771675e-02
   6.5690681e-02
   1.2865247e-01
   1.0405159e-01
   5.8004171e-02
   3.4523379e-02
   8.0968566e-02
   1.6133486e-01
   1.9429913e-01
   1.4352860e-01
   8.2775615e-02
   4.8704676e-02
   1.0171008e-01
   1.1895366e-01
   1.0394672e-01
   5.7887834e-02
   5.1294919e-02
   5.0041463e-02
   5.2423641e-02
   4.4964161e-02
   2.7397063e-02
   8.8129528e-02
   7.5417817e-02
   4.9936630e-02
   5.7559069e-02
  -1.5402744e-03
   1.9371716e-02
   1.9179258e-02
   1.6027981e-02
   3.1528510e-02
   3.3256784e-02
   2.3700161e-02
   5.1532168e-02
   4.4231370e-02
   6.7813089e-03
   1.6002841e-02
  -4.6774931e-03
   1.9705418e-02
   5.5099066e-02
   3.9712284e-02
   4.3540437e-02
   4.9886163e-02
   4.8342656e-02
   5.2638497e-02
   4.8149131e-02
   4.8879165e-02
   2.6235690e-02
   2.7022606e-02
   8.6411750e-03
   3.9162915e-02
   5.3082626e-02
   3.6345318e-02
   3.1242011e-02
   3.5792675e-02
   3.8540695e-02
   5.1139332e-02
   5.8286108e-02
   6.1290644e-02
   6.4933561e-02
   2.8147161e-02
   3.3430696e-02
   6.4064056e-02
   1.1283460e-01
   1.3790046e-01
   6.9057241e-02
   6.4361230e-02
   8.3543681e-02
   1.0248937e-01
   8.2126841e-02
   4.8001930e-02
   5.3895768e-02
   2.9489674e-02
   4.9946547e-02
   5.5424117e-02
   2.9430835e-02
   3.2457113e-02
   6.9756672e-02
   9.8937429e-02
   7.3403828e-02
   6.0495533e-02
   4.6571668e-02
   7.0096731e-02
   3.6581323e-02
   2.6546149e-02
   5.1132500e-02
   4.4089988e-02
   5.7175003e-02
   4.7078431e-02
   3.8229972e-02
   2.1683121e-02
   4.6223544e-02
   4.1502085e-02
   3.2213558e-02
   1.3549571e-02
   3.4374844e-02
   4.2352516e-02
   2.5722889e-02
   1.1623802e-02
   3.8699862e-02
   3.8035884e-02
   5.2270923e-02
   6.5475352e-02
   4.7876146e-02
   4.0024482e-02
   5.7597827e-02
   3.5145096e-02
   2.0324688e-02
   5.0210617e-02
   6.0991872e-02
   4.7217686e-02
   7.8696325e-02
   8.0072358e-02
   6.9348715e-02
   1.8751940e-02
   4.5028802e-02
   3.3929456e-02
   6.6055469e-02
   5.2419771e-02
   6.2211450e-02
   5.2463550e-02
   3.7460808e-02
   7.4540175e-02
   8.8259019e-02
   6.8637930e-02
   5.3849593e-02
   6.5390795e-02
   4.9473416e-02
   3.5018735e-02
   5.8659244e-02
   7.2191991e-02
   5.3624071e-02
   7.0010729e-02
   5.9348568e-02
   5.4650370e-02
   2.9128289e-02
   2.0857578e-02
   3.0398201e-02
   6.7146748e-02
   2.6219219e-02
   1.9628609e-02
   3.9884709e-02
   5.2926309e-02
   5.8088101e-02
   5.2135400e-02
   2.4489634e-02
   4.1044138e-02
   9.3927644e-02
   8.6300127e-02
   9.8348483e-02
   7.3685005e-02
   9.0817235e-02
   6.4953074e-02
   5.7568330e-02
   2.5012514e-02
   1.9710653e-02
   4.3933701e-02
   4.8375636e-02
   4.7959823e-02
   4.4138603e-02
   3.1368062e-02
   1.7912980e-02
   2.6399544e-02
   1.9214097e-02
   4.1502085e-02
   5.6226481e-02
   6.1586656e-02
   4.0524822e-02
   7.8861907e-02
   6.9982938e-02
   2.3128022e-02
   3.0915802e-02
   7.5055465e-02
   4.3589152e-02
   5.9664115e-02
   2.7879670e-02
   4.1135319e-02
   6.2473480e-02
   7.2007954e-02
   6.1131030e-02
   5.3365387e-02
   6.4828165e-02
   4.5851354e-02
   2.7695077e-02
   4.1386813e-02
   4.6291217e-02
   5.8667101e-02
   3.7657764e-02
   2.5806436e-02
   2.0300949e-02
   5.0660532e-02
   5.3509228e-02
   3.8279898e-02
   1.7535130e-02
   4.1883182e-02
   4.8215233e-02
   3.0785564e-02
   2.7889488e-02
   1.7810961e-02
   6.7526698e-03
   2.2142451e-02
   4.9376529e-02
   3.1394765e-02
   2.6189419e-02
   1.2389579e-02
   5.6602113e-02
   4.4700544e-02
   5.2631434e-02
   4.6235267e-02
   3.6233615e-03
   2.8846880e-02
   3.0907601e-02
   3.2528896e-02
   3.9431646e-02
   4.1175380e-02
   4.0670659e-02
   4.5852307e-02
   2.5334312e-02
   1.3517179e-02
   4.3899056e-02
   3.2496579e-02
   3.4404617e-02
   3.6569547e-02
   3.0874094e-02
   1.6282707e-02
   1.6074082e-02
   2.2155369e-02
   5.3110413e-02
   4.0670402e-02
   5.2202273e-02
   3.0681802e-02
   3.0420106e-02
   4.0974360e-02
   3.9358325e-02
   3.1319067e-02
   2.9064862e-02
   6.2172465e-02
   4.9750756e-02
   3.4053765e-02
   4.0227603e-02
   3.7528656e-02
   2.6442377e-02
   3.3037584e-02
   5.3124387e-02
   4.4542778e-02
   6.1334495e-02
   2.1709220e-02
   2.4655769e-02
   3.1328458e-02
   4.3450110e-02
   5.2186225e-02
   3.8309816e-02
   4.5620561e-02
   4.3157667e-02
   1.0047504e-02
   1.7240677e-02
   2.6891317e-02
   2.5849484e-02
   2.2241279e-02
   2.5845079e-02
   3.3505224e-02
   4.4785230e-03
   1.8065110e-02
   3.5786700e-02
   1.3591274e-02
   1.7141774e-02
   1.8037943e-02
   1.2426014e-02
   2.0490177e-02
   2.5994767e-02
   3.0599074e-02
   2.1235876e-02
   2.5924897e-02
   2.3285065e-02
   5.5305183e-02
   4.5098398e-02
   3.3870060e-02
   3.0823749e-02
   3.2456987e-02
   6.1697762e-02
   1.0295495e-01
   9.3766831e-02
   3.2647844e-02
   5.1679175e-02
   7.1674369e-02
   5.3690452e-02
   7.1154170e-02
   6.3502245e-02
   3.7558269e-02
   2.1518504e-02
   5.8932748e-02
   9.0016358e-02
   8.8933945e-02
   5.9082914e-02
   4.1821416e-02
   4.7459055e-02
   3.2133628e-02
   2.1564329e-02
  -7.6075001e-03
   3.9447200e-02
   7.1366310e-02
   5.9452221e-02
   3.6984906e-02
   2.3615072e-02
   4.1506771e-02
   4.0357422e-02
   4.3901961e-02
   3.6209125e-02
   1.5498559e-02
   2.9843651e-02
   4.9256474e-02
   5.8987699e-02
   6.1117720e-02
   5.8223527e-02
   5.7943344e-02
   7.1687259e-02
   6.3989811e-02
   3.7682611e-02
   2.2970740e-02
   1.7864751e-02
   3.8189635e-02
   4.6056621e-02
   3.6980100e-02
   3.3611365e-02
   5.2479479e-02
   5.9306268e-02
   2.5320403e-02
   5.4347124e-02
   3.3043742e-02
   2.0237934e-02
   1.6951459e-03
   2.8347896e-02
   6.2329914e-02
   5.3683255e-02
   3.5605319e-02
   4.4974584e-02
   7.0621900e-02
   4.2161755e-02
   2.5752936e-02
   3.2257132e-02
   1.9310020e-02
   2.3806399e-02
   4.8154719e-02
   4.8902269e-02
   2.1741947e-02
   2.6266474e-02
   2.7568964e-02
   2.6087157e-02
   1.8230116e-02
   2.9631061e-02
   4.7099236e-02
   4.6814177e-02
   3.6225170e-02
   1.6374469e-02
   2.3814263e-02
   7.7509329e-02
   3.8075801e-02
   3.3723485e-02
   2.0307491e-02
   3.7985548e-02
   1.1057151e-02
   5.0252236e-02
   7.2880782e-02
   5.7803970e-02
   5.4798082e-02
   8.0813624e-02
   7.1152024e-02
   7.1647175e-02
   6.8788439e-02
   4.7860559e-02
   3.1746984e-02
   3.5307221e-02
   3.5753470e-02
   3.2835547e-02
   3.7665024e-02
   5.1915847e-02
   3.9171346e-02
   6.3819133e-02
   8.7324284e-02
   6.2498245e-02
   5.2764667e-03
   4.5227341e-02
   4.2302039e-02
   5.9220303e-02
   6.3231893e-02
   6.1697308e-02
   3.3183690e-02
   4.1274775e-02
   2.9444564e-02
   4.6068549e-02
   6.0177065e-02
   4.7151476e-02
   2.9564729e-02
   3.6246855e-02
   5.0675858e-02
   5.8987379e-02
   4.7370784e-02
   2.5661755e-02
   1.7412074e-02
   5.6271609e-02
   2.3152864e-02
   4.8920628e-02
   4.8797160e-02
   4.3523941e-02
   3.0731145e-02
   2.2733197e-02
   2.0128371e-02
   4.3720905e-02
   5.3008113e-02
   4.0689826e-02
   2.8058270e-02
   1.9417578e-02
   1.6677009e-02
   4.1064043e-02
   3.5181809e-02
   3.3556797e-02
   5.0466608e-02
   3.3655263e-02
   4.0125050e-02
   7.0601754e-02
   2.3904907e-02
   9.2537422e-03
   2.4395745e-02
   3.0499630e-02
   3.4914751e-02
   2.9183246e-02
   2.3207095e-02
   3.9319631e-02
   3.5325319e-02
   2.5138481e-02
   2.7924968e-02
   3.1547122e-02
   4.9014602e-02
   3.4954403e-02
   3.0231332e-02
   4.2506784e-02
   6.7899078e-02
   6.9465823e-02
   5.1716112e-02
   4.3949708e-02
   5.7882514e-02
   4.2368334e-02
   3.2764126e-02
   2.9104594e-02
   2.4613220e-02
   1.3682433e-02
   1.8287856e-02
   3.3316862e-02
   3.6743425e-02
   3.0846188e-02
   2.3365265e-02
   2.8560234e-02
   3.4587786e-02
   5.5532575e-02
   3.9036669e-02
   4.3967698e-02
   5.0159663e-02
   2.6152493e-02
   5.1441178e-02
   5.6937922e-02
   4.9613386e-02
   4.3605879e-02
   5.7987967e-03
   2.4497414e-02
   2.4240529e-02
   4.0984254e-02
   3.3776000e-02
   5.4796085e-02
   4.7440249e-02
   3.0912638e-02
   3.3807404e-02
   4.6618029e-02
   3.2225672e-02
   5.8590479e-02
   2.7243637e-02
   6.4766053e-03
   1.9622196e-02
   2.9082835e-02
   3.9139375e-02
   4.7277454e-02
   2.9377608e-02
   2.9734349e-02
   3.9816961e-02
   1.8963724e-02
   2.0428028e-02
   3.4680638e-02
   5.6229535e-02
   4.3711387e-02
   4.8095617e-02
   3.8683206e-02
   3.8506787e-02
   3.8785771e-02
   3.1635538e-02
   3.7593801e-02
   1.6552730e-02
   2.3050969e-02
   3.9408132e-02
   5.5027243e-02
   3.9241672e-02
   2.6776537e-02
   3.0011803e-02
   2.3933055e-02
   1.6356120e-02
   9.4036693e-03
   8.8177044e-03
   9.7141704e-03
   2.7003868e-02
   3.4030616e-02
   4.8021354e-02
   4.1246321e-02
   3.8704127e-02
   2.9561779e-02
   4.2753402e-02
   2.9878909e-02
   4.2247828e-02
   3.3611473e-02
   5.3226292e-02
   3.1769011e-02
   6.1193462e-02
   5.4099962e-02
   2.7309941e-02
   3.7740372e-02
   6.8966523e-02
   4.0021401e-02
   1.7096544e-02
   3.2512322e-02
   5.6418821e-02
   5.5091940e-02
   4.6512183e-02
   5.8797199e-02
   4.9964514e-02
   2.8339157e-02
   3.8288195e-02
   3.9263703e-02
   3.9399318e-02
   5.7371099e-02
   6.1760254e-02
   5.2076291e-02
   4.8208158e-02
   3.9536010e-02
   3.6410034e-02
   1.4989591e-02
   3.1133411e-02
   3.4550566e-02
   2.5872376e-02
   1.8562980e-02
   3.9016705e-02
   2.8136849e-02
   2.9961126e-02
   3.8812872e-02
   3.4141850e-02
   4.1448232e-02
   3.1042092e-02
   4.3551601e-02
   4.2256922e-02
   1.8025327e-02
   5.1367111e-03
   2.3157597e-02
   3.0142581e-02
   1.9061685e-02
   3.1065693e-02
   5.1196024e-02
   4.1524716e-02
   5.8899861e-02
   5.7784073e-02
   5.5521637e-02
   4.2701732e-02
   2.9751303e-02
   2.7414097e-02
   2.0435046e-02
   9.5374389e-03
   1.7630367e-02
   4.4432275e-02
   3.2172855e-02
   2.2310453e-02
   3.0558866e-02
   2.5183478e-02
   2.9856993e-02
   1.8930238e-02
   1.7511699e-02
   4.6384197e-02
   6.6602424e-02
   5.6476798e-02
   3.5104387e-02
   1.7701373e-02
   3.4508903e-02
   3.9438542e-02
   3.2746725e-02
   2.4377473e-02
   3.7737124e-02
   2.7652474e-02
   1.7670622e-02
   4.1686032e-02
   5.7108104e-02
   5.8417954e-02
   3.8045280e-02
   4.8258003e-02
   2.8039930e-02
   5.3177428e-02
   3.3650361e-02
   4.8543911e-02
   4.4691842e-02
   3.6814664e-02
   3.5066597e-02
   3.0086350e-02
   4.0039711e-02
   4.5408759e-02
   3.8301721e-02
   3.9198905e-02
   3.8505401e-02
   5.2845001e-02
   3.6599029e-02
   5.0135408e-02
   2.7860358e-02
   1.6007736e-02
   1.2414231e-02
   1.9972203e-02
   3.6398627e-02
   4.4019073e-02
   2.2230109e-02
   1.6235162e-02
   3.9108969e-02
   4.5177355e-02
   5.9568129e-02
   4.9750146e-02
   2.3021251e-02
   2.1862676e-02
   1.2962342e-02
   4.0880136e-02
   3.9790690e-02
   4.7480743e-02
   6.7201510e-02
   9.6455418e-02
   6.6803575e-02
   4.1760184e-02
   4.1417886e-02
   2.8316641e-02
   4.4522252e-02
   5.1543772e-02
   4.9756709e-02
   3.4697879e-02
   1.8008353e-02
   2.3977159e-02
   4.3558516e-02
   5.2211381e-02
   2.6817275e-02
   3.3727892e-02
   4.3317080e-02
   6.2517032e-02
   3.7728801e-02
   3.8595404e-02
   2.3420874e-02
   1.2036464e-02
   2.7460083e-02
   2.8987493e-02
   2.6941543e-02
   1.1866910e-02
   2.9851923e-02
   2.2068769e-02
   1.6317733e-02
   3.0217398e-02
   4.0064815e-02
   3.5133827e-02
   1.9550385e-02
   2.8610287e-02
   6.0188092e-02
   5.4188441e-02
   3.1423587e-02
   3.8006559e-02
   4.6436932e-02
   2.5416849e-02
   8.7806685e-03
   1.4348009e-02
   2.7460648e-02
   4.8296738e-02
   3.9367106e-02
   3.1022677e-02
   4.6043865e-02
   3.5952833e-02
   2.5478005e-02
   7.6953317e-03
   4.7063328e-02
   1.7161642e-01
   2.3444004e-01
   2.1396630e-01
   1.4871243e-01
   6.3059829e-02
   3.9607812e-02
   2.7764916e-02
   2.8520636e-02
   5.3788811e-02
   5.3722017e-02
   3.3855062e-02
   3.8835857e-02
   8.1029549e-02
   9.8234363e-02
   4.1528340e-02
   3.2677967e-02
   2.8381525e-02
   1.5801551e-02
   5.4368554e-03
   2.2919916e-02
   2.7726037e-02
   4.4658897e-03
   2.2506760e-02
   5.3009328e-02
   3.2099798e-02
   2.3101790e-02
   3.5084639e-02
   4.0566184e-02
   3.4470469e-02
   3.5421453e-02
   4.3165643e-02
   2.1803746e-02
   3.5269510e-02
   3.7364680e-02
   3.1372566e-02
   1.6659496e-02
   3.0483399e-02
   4.4373162e-02
   4.1716080e-02
   3.9809782e-02
   3.2620449e-02
   2.7105730e-02
   2.5676021e-02
   3.8408075e-02
   1.8867327e-02
   2.0008104e-02
   3.7175510e-02
   5.5336080e-02
   2.9677195e-02
   3.4654252e-02
   1.7441697e-02
   2.3269186e-02
   1.9875694e-02
   1.0165882e-02
   1.0754416e-02
   1.5265163e-02
   1.9570848e-02
   3.2829598e-02
   3.6278185e-02
   1.7931903e-02
   3.8182057e-02
   5.7833083e-02
   5.8314618e-02
   1.3525297e-02
   2.8552826e-02
   3.1714931e-02
   2.2395780e-02
   5.5455584e-03
   2.2831725e-02
   2.9567292e-02
   1.6266879e-02
   2.8571542e-02
   2.5655081e-02
   3.8735513e-02
   3.3250157e-02
   3.1803805e-02
   2.3802161e-02
   3.5221651e-02
   1.5128338e-02
   1.8357284e-02
   3.3281330e-02
   3.2178566e-02
   3.5869732e-02
   4.0370721e-02
   4.1345391e-02
   3.7006643e-02
   4.0322058e-02
   6.5556183e-02
   4.0246639e-02
   3.2495510e-02
   2.4435259e-02
   2.3790425e-02
   5.2663792e-02
   3.7882928e-02
   2.0294050e-02
   9.9951942e-03
   3.7144974e-02
   3.6067601e-02
   6.5067321e-02
   7.6272063e-02
   4.3159865e-02
   2.0583745e-02
   3.0545004e-02
   2.2381430e-02
   3.1184541e-02
   4.3489650e-02
   3.4374267e-02
   5.2990694e-02
   3.3199821e-02
   1.4366815e-02
   2.2674460e-02
   3.5729080e-02
   6.0393956e-02
   6.4159259e-02
   5.8116734e-02
   4.1851513e-02
   2.3282256e-02
   3.8796972e-02
   4.0261321e-02
   3.8190678e-02
   4.8958439e-02
   5.2270919e-02
   2.6802506e-02
   3.3839766e-02
   5.0327856e-02
   4.8675474e-02
   3.6791701e-02
   4.6772175e-02
   3.0782767e-02
   2.9932169e-02
   1.2648338e-02
   3.3759903e-02
   5.0458085e-02
   4.2357456e-02
   4.8837248e-02
   6.1270475e-02
   5.9332248e-02
   3.3489864e-02
  -5.4858262e-03
   1.8336385e-03
   4.4640545e-02
   2.6072701e-02
   1.7833402e-02
   1.7052405e-02
   3.7832431e-02
   4.9417928e-02
   2.4471095e-02
   4.6288569e-02
   4.7650702e-02
   3.2735743e-02
   4.8284695e-02
   4.4269044e-02
   1.9564735e-02
   3.0675970e-02
   2.5908085e-02
   4.0396014e-03
   3.0138157e-02
   3.6337469e-02
   3.8064405e-02
   4.0394701e-02
   3.1376630e-02
   3.3737179e-02
   4.7701668e-02
   3.9704498e-02
   2.1657780e-02
   1.2134610e-02
   1.8221268e-02
   1.0208935e-02
   1.4948953e-02
   3.0873017e-02
   1.7029852e-02
   2.9906692e-02
   2.1670569e-02
   2.8136382e-02
   3.6719266e-02
   3.9769586e-02
   3.0619701e-02
   2.1652902e-02
   2.7271925e-02
   2.2517784e-02
   3.6574278e-02
   4.6439596e-02
   3.4061782e-02
   1.1814149e-02
   1.8698636e-02
   1.9024553e-02
   3.5951257e-02
   3.0146578e-02
   3.1960711e-02
   2.0868259e-02
   1.4838637e-03
   1.4537006e-02
   5.1930953e-02
   3.6871552e-02
   4.9833711e-02
   7.3736943e-02
   8.8437244e-02
   4.8594583e-02
   2.5723487e-02
   2.2909027e-02
   3.1843193e-02
   2.0972878e-02
   4.8771030e-03
   3.1334188e-02
   3.1238923e-02
   2.5235509e-02
   3.8314853e-02
   2.4521906e-02
   2.3976510e-02
   3.4111369e-02
   3.8864132e-02
   5.1418722e-02
   7.0480794e-02
   2.8375275e-02
   2.2504129e-02
   3.5442855e-02
   3.0243831e-02
   1.5265500e-02
   2.4409203e-02
   1.1730273e-02
   2.7899189e-02
   4.2931162e-02
   4.0043250e-02
   1.8889314e-02
   2.6658867e-02
   4.2815916e-02
   4.1914374e-02
   3.2521963e-02
   3.0896761e-02
   3.5909425e-02
   6.2324092e-02
   3.9054036e-02
   3.8040821e-02
   7.3284477e-02
   5.0489362e-02
   2.4180429e-02
   4.6506446e-02
   4.4408642e-02
   3.6505897e-02
   4.1654568e-02
   2.0491537e-02
   2.2930512e-02
   4.1160863e-02
   5.3983126e-02
   6.2479455e-02
   6.8867430e-02
   6.1339580e-02
   1.1164864e-02
   3.8970124e-02
   3.5997648e-02
   2.7551530e-02
   3.5106391e-02
   4.3611858e-02
   4.9679704e-02
   4.6711549e-02
   3.0468114e-02
   2.4880862e-02
   4.7102615e-02
   4.5331940e-02
   3.9187375e-02
   2.7653690e-02
   5.4717809e-02
   1.0172609e-02
   3.3762269e-02
   4.4721346e-02
   5.0480511e-02
   5.9836350e-02
   6.3581638e-02
   4.5835149e-02
   4.6017073e-02
   2.4308410e-02
   3.5881266e-02
   5.0177284e-02
   4.1654587e-02
   3.8952276e-02
   2.9694878e-02
   3.8966082e-02
   2.7981935e-02
   3.9943483e-02
   5.1718596e-02
   1.7641520e-02
   5.3043269e-02
   5.3319126e-02
   5.1523101e-02
   4.0692177e-02
   2.2598267e-02
   2.6752228e-02
   3.5883337e-02
   3.3312060e-02
   4.1939929e-02
   5.1980015e-02
   4.3288857e-02
   5.2634394e-03
   4.6079690e-03
   4.7923890e-03
   2.1512939e-02
   2.2754734e-02
   2.0005299e-02
   8.2425505e-02
   6.2154558e-02
   5.3662319e-02
   4.9073137e-02
   3.8038321e-02
   5.5444695e-02
   6.5334730e-02
   8.8354886e-02
   1.1741130e-01
   1.1988902e-01
   6.4809114e-02
   4.6950784e-02
   7.6520294e-02
   6.5057546e-02
   5.2902427e-02
   5.2124981e-02
   4.3019589e-02
   6.0508724e-02
   2.4940930e-02
   4.4121895e-02
   5.0220184e-02
   4.7352057e-02
   6.1648570e-02
   5.6699857e-02
   2.4639627e-02
  -7.8356229e-03
   3.4171775e-02
   3.3533353e-02
   4.8059940e-02
   3.8608011e-02
   4.8223857e-02
   7.0658494e-03
   1.0406272e-02
   1.3348107e-02
   1.6280681e-02
   2.1878274e-02
   6.6856481e-02
   7.1803428e-02
   5.6846563e-02
   5.3298008e-02
   3.2764506e-02
   3.1424660e-02
   3.1200457e-02
   3.7560228e-02
   1.7633937e-02
   3.1936031e-02
   4.7773380e-02
   1.2348831e-02
   3.8236473e-02
   5.9696905e-02
   3.9331328e-02
   2.1217076e-02
   5.2912239e-02
   3.4874603e-02
   3.2988682e-02
   4.5819134e-02
   5.7805981e-02
   3.9605122e-02
   2.9376011e-02
   3.9568286e-02
   5.6839768e-02
   4.0466420e-02
   3.6449570e-02
   1.9431809e-02
   5.8055972e-03
   2.2164490e-02
   9.8110558e-03
  -1.4399750e-03
   2.6980555e-02
   3.9173700e-02
   3.9645009e-02
   2.9377442e-02
   3.0160522e-02
   4.7273152e-02
   2.6873009e-02
   5.6730773e-02
   4.4307660e-02
   9.4836522e-03
   2.1330990e-02
   4.7879815e-02
   4.5854520e-02
   5.0573215e-02
   8.5276127e-02
   8.6026385e-02
   7.5247288e-02
   6.2938049e-02
   3.7160553e-02
   4.4534497e-02
   4.1243207e-02
   4.3791596e-02
   6.0881674e-02
   7.6063886e-02
   3.2246508e-02
   2.6396791e-02
   1.4397974e-02
   1.7852129e-02
   3.3748709e-02
   6.9767497e-02
   9.2511423e-02
   5.6304686e-02
   4.6419017e-02
   4.2753853e-02
   3.3711065e-02
   4.8541766e-02
   7.8105316e-02
   2.1347077e-01
   2.5956005e-01
   1.6326608e-01
   6.0253467e-02
   2.2793332e-02
   2.9437985e-02
   4.8674870e-02
   5.4356504e-02
   5.4718405e-02
   3.9743781e-02
   3.8164545e-02
   5.1926125e-02
   8.9319423e-02
   7.4058406e-02
   6.7343533e-02
   9.3567468e-02
   7.6037891e-02
   3.1683996e-02
   2.6294716e-02
   2.5014786e-02
   4.2341631e-02
   3.2768056e-02
   1.2727433e-02
   5.4094382e-02
   4.5271143e-02
   4.6029184e-02
   7.4368529e-02
   5.5745173e-02
   3.8951572e-02
   4.5148984e-02
   5.4328460e-02
   3.7730049e-02
   4.3442138e-02
   3.1824581e-02
   3.3264827e-02
   2.1119410e-02
   3.1635385e-02
   1.9641234e-02
   3.0653868e-02
   4.6727031e-02
   7.6578304e-02
   1.3119456e-01
   1.2396106e-01
   6.6623934e-02
   4.3178659e-02
   4.2114869e-02
   2.7554723e-02
   3.1864583e-02
   6.1160073e-02
   7.1674742e-02
   5.0170761e-02
   5.8272589e-02
   4.5306191e-02
   2.6005030e-02
   2.2274379e-02
   1.4005375e-02
   9.2183268e-03
   4.4582997e-02
   6.1512578e-02
   1.4574572e-02
   2.8154965e-02
   5.3274393e-02
   3.0956710e-02
   2.8237239e-02
   2.1367680e-02
   3.2870002e-02
   5.0003212e-02
   1.8826738e-02
   1.3917664e-02
   1.6898634e-02
   5.0462306e-02
   4.9417447e-02
   2.4778735e-02
   2.1417473e-02
   2.7519977e-02
   3.5594907e-02
   4.3161660e-02
   4.1399814e-02
   3.1526592e-02
   4.0344317e-02
   5.9639856e-02
   2.9494897e-02
   2.9690802e-02
   5.0347719e-02
   2.7545985e-02
   4.5630824e-02
   2.7508516e-02
   3.0949164e-02
   2.8266169e-02
   8.1162285e-03
   1.5981795e-02
   4.8771225e-02
   1.0635789e-01
   5.5599820e-02
   4.8849367e-02
   5.1079333e-02
   3.3289019e-02
   3.6782265e-02
   2.9676627e-02
   1.8399391e-02
   4.4178538e-02
   6.7996696e-02
   6.7306742e-02
   7.2748087e-02
   6.7694791e-02
   3.8092226e-02
   4.2206783e-02
   7.5826898e-02
   4.9318552e-02
   9.9860653e-03
   5.9138451e-02
   8.4011570e-02
   8.5913442e-02
   6.6117138e-02
   4.5725275e-02
   3.9078888e-02
   8.2357228e-02
   6.4309925e-02
   3.8405079e-02
   1.1751154e-02
   8.7417895e-04
   1.6729672e-02
   2.6690658e-02
   5.0852600e-02
   6.4027496e-02
   3.2517225e-02
   1.7893862e-02
   4.2673342e-02
   4.9528688e-02
   4.1232985e-02
   5.3377002e-02
   4.0160213e-02
   7.7895194e-02
   6.1404292e-02
   3.1164451e-02
   4.7939703e-02
   1.8998902e-02
   1.9527320e-02
   5.9908312e-02
   4.4576339e-02
   1.5109802e-02
   3.7986066e-02
   2.7138270e-02
   4.1312121e-02
   7.4242689e-02
   6.4128898e-02
   3.0941028e-02
   3.5742890e-02
   4.1393682e-02
   5.0846770e-02
   6.7040645e-02
   5.0574642e-02
   3.7809663e-02
   6.4126790e-02
   2.7101936e-02
   1.9470533e-02
   7.1871459e-02
   7.3978707e-02
   3.7675798e-02
   5.4705407e-02
   5.2946378e-02
   2.8824626e-02
   7.0529333e-03
   4.2881653e-02
   1.8206257e-01
   3.4497368e-01
   3.0155095e-01
   1.6898714e-01
   7.8502543e-02
   4.6841975e-02
   3.5985239e-02
   2.8027449e-02
   1.9882906e-02
   3.8125366e-02
   6.3087896e-02
   6.5084055e-02
   9.9484883e-02
   1.3060254e-01
   8.9580692e-02
   6.5839536e-02
   9.3376420e-02
   1.0272456e-01
   7.0414625e-02
   9.3169115e-02
   1.8992311e-01
   1.7088370e-01
   1.6765285e-01
   1.2841602e-01
   1.0240842e-01
   1.0296709e-01
   9.9280655e-02
   8.5838959e-02
   3.1382602e-02
   3.2052785e-02
   3.9797459e-02
   4.1979164e-02
   5.4085314e-02
   4.9747039e-02
   2.9183572e-02
   4.0307246e-02
   1.3032475e-02
   4.8984844e-02
   3.1454716e-02
   3.3114653e-02
   4.1158628e-02
   5.1040005e-02
   2.6809318e-02
   1.7256111e-02
  -1.3668970e-02
   5.6377221e-03
   4.6145502e-02
   1.2150827e-01
   1.5731241e-01
   1.0709946e-01
   8.8461585e-02
   6.9702074e-02
   5.3487733e-02
   2.9137600e-02
   5.5988915e-02
   9.4441578e-02
   1.0903223e-01
   9.7007312e-02
   8.7707177e-02
   4.9829364e-02
   5.3626157e-02
   9.4656326e-02
   1.2821378e-01
   9.0291813e-02
   9.6968055e-02
   1.0695903e-01
   9.9194720e-02
   7.9122968e-02
   4.9081322e-02
   1.9955169e-02
   4.1036956e-02
   2.9760096e-02
   1.5172047e-02
   5.9699807e-02
   1.2012792e-01
   1.3398580e-01
   6.4591154e-02
   2.6175201e-02
   1.1759347e-02
   3.2125898e-02
   3.7166756e-02
   2.3062886e-01
   7.1660686e-01
   8.0220658e-01
   5.4844028e-01
   2.6169369e-01
   8.5984461e-02
   5.2623015e-02
   3.7800502e-02
   9.7264992e-03
   2.9615803e-02
   8.9564398e-02
   1.5425144e-01
   1.8069515e-01
   1.1547905e-01
   9.3426265e-02
   7.7470139e-02
   3.4321602e-02
   2.6315074e-02
   2.8220937e-02
   4.9779285e-02
   5.9011921e-02
   5.3336781e-02
   4.1887939e-02
   4.2110149e-02
   4.2567536e-02
   5.1105808e-02
   4.3326393e-02
   4.7235969e-02
   8.2509220e-02
   5.1847052e-02
   3.9424490e-02
   4.3821387e-02
   3.3048637e-02
   4.0181253e-02
   7.7739395e-02
   8.6010970e-02
   5.7657555e-02
   2.8059205e-02
   4.7188692e-02
   6.1084852e-02
   7.2796382e-02
   1.0224372e-01
   7.0120335e-02
   1.5866417e-02
   2.6892686e-02
   6.2432718e-02
   9.2257746e-02
   1.4253503e-01
   1.3211571e-01
   1.2858534e-01
   7.0970811e-02
  -7.0472383e-03
   1.1949248e-02
   2.7665736e-02
   9.7342871e-02
   2.4149314e-01
   2.6681390e-01
   1.7831907e-01
   7.2983034e-02
   8.9823604e-02
   1.3231605e-01
   3.6485471e-02
   4.9280401e-02
   4.5943949e-02
   7.1127474e-02
   1.2079743e-01
   1.5980472e-01
   1.0584707e-01
   1.0468131e-01
   1.8611008e-01
   2.3802291e-01
   1.2573469e-01
   7.9919405e-02
   2.5211117e-01
   4.3374491e-01
   3.5623512e-01
   2.0216911e-01
   3.0997980e-01
   2.6039860e-01
   1.1318116e-01
   5.9249561e-02
   9.3647085e-02
   1.2777035e-01
   6.0972437e-02
   1.8475881e-02
   2.1965206e-02
   1.7091360e-02
   1.9438487e-02
   6.0239766e-02
   1.7258003e-01
   1.7748913e-01
   1.3939901e-01
   5.7734184e-02
   3.8633641e-02
   1.9202264e-02
   2.6309052e-02
   6.6519894e-02
   8.8299267e-02
   6.9389001e-02
   2.2998799e-02
   4.0227987e-02
   4.2877372e-02
   4.3681677e-02
   3.6936130e-02
   5.7083253e-02
   5.2409705e-02
   1.1477669e-01
   2.4472438e-01
   1.8796876e-01
   1.2582672e-01
   1.2254418e-01
   7.9890721e-02
   1.9268323e-02
   6.0318742e-02
   2.1324703e-01
   3.3284950e-01
   3.7609774e-01
   3.4208086e-01
   2.4979395e-01
   1.4812574e-01
   8.1325486e-02
   1.0387176e-01
   4.6632275e-02
   3.9130732e-02
   4.1950069e-02
   1.0412758e-01
   7.9775818e-02
   9.6372858e-02
   7.0626415e-02
   5.8983449e-02
   2.9611900e-02
   2.2927452e-02
   1.9556809e-02
   2.8993621e-02
   3.8156573e-02
   6.5856151e-02
   5.8865059e-02
   6.0382612e-02
   3.0791471e-02
   5.9800567e-03
   1.8618252e-02
   6.0976282e-02
   8.7964684e-02
   9.7602166e-02
   6.6670664e-02
   5.5978548e-02
   6.6062294e-02
   5.0413858e-02
   4.1448031e-02
   2.6641082e-02
   2.2838909e-02
   2.9223796e-02
   2.2246199e-02
   3.9745126e-02
   7.1594127e-02
   8.2023621e-02
   6.7207389e-02
   6.3911758e-02
   6.5209828e-02
   6.0763489e-02
   6.1023012e-02
   9.8411486e-02
   7.7268206e-02
   3.3261951e-02
   4.7948394e-02
   6.9795273e-02
   1.8719292e-01
   2.5022420e-01
   1.9802611e-01
   8.9716062e-02
   2.1956032e-02
   5.5719810e-03
  -7.8181950e-03
   1.2385865e-01
   6.3288796e-01
   1.0965971e+00
   8.4066135e-01
   5.4754877e-01
   2.6199460e-01
   8.5794345e-02
   5.0564464e-02
   5.0601274e-02
   3.5253465e-02
   3.2854725e-02
   4.5815650e-02
   8.5151374e-02
   1.2925406e-01
   1.6054846e-01
   1.2559730e-01
   4.5703143e-02
   1.6287904e-02
   3.2998744e-02
   4.2164497e-02
   2.1606356e-02
   9.0275370e-02
   7.4744493e-02
   4.2277265e-02
   3.3746298e-02
   1.3032602e-01
   1.5760468e-01
   1.5570995e-01
   1.3379082e-01
   8.7176040e-02
   7.6952733e-02
   3.5586528e-02
   7.3183335e-02
   3.6454070e-01
   7.2308147e-01
   8.1737131e-01
   5.5106109e-01
   3.1195664e-01
   1.7219658e-01
   1.2088525e-01
   7.3237047e-02
   4.2203549e-02
  -9.3995873e-03
   4.4824433e-02
   2.7217439e-01
   5.4026979e-01
   5.7759994e-01
   4.3168360e-01
   2.4170579e-01
   1.3386446e-01
   4.2378724e-02
   1.7331880e-02
   1.6549720e-01
   4.1911021e-01
   5.1808763e-01
   4.5293367e-01
   3.2458505e-01
   2.8681991e-01
   2.7101901e-01
   2.3251610e-01
   1.0394060e-01
   9.8438971e-02
   9.8329268e-02
   1.1696678e-01
   4.9866459e-01
   8.4392828e-01
   8.3358651e-01
   6.0879415e-01
   2.7875853e-01
   1.3199778e-01
   5.3934779e-02
   1.9333701e-01
   9.4635141e-01
   2.1238165e+00
   2.6598046e+00
   1.9859222e+00
   1.2835444e+00
   1.2582487e+00
   1.3367571e+00
   1.0269457e+00
   5.2121705e-01
   2.1513543e-01
   1.1212385e-01
   8.7486434e-01
   3.8448989e+00
   7.2068152e+00
   6.7643638e+00
   4.1015081e+00
   1.7552265e+00
   6.0962915e-01
   2.4016978e-01
   2.5308664e+00
   1.5089542e+01
   3.1045641e+01
   3.0918671e+01
   1.8776939e+01
   7.6967564e+00
   2.4269743e+00
   5.6130677e-01
   1.4275350e-01
  -2.2881556e-02
   2.5553700e-01
   2.2699316e+00
   4.7849798e+00
   4.8421111e+00
   3.1829188e+00
   1.3362081e+00
   3.2461393e-01
  -1.7311844e-01
  -2.2135016e-01
   2.5489142e-02
   3.3885920e-01
   9.2847168e-01
   1.6440815e+00
   1.3866469e+00
   7.3323667e-01
   3.7328613e-01
   3.3222061e-01
   3.2045439e-01
   2.3167129e-01
   2.7427790e-01
   2.6951334e-01
   5.1664567e-01
   7.7529514e-01
   1.4155309e+00
   2.0439422e+00
   1.9280497e+00
   9.9310869e-01
   2.6098508e-01
   1.5004720e-02
   1.1471250e-01
   2.3710676e-01
   3.4215176e-01
   3.3342764e-01
   2.9972962e-01
   2.8210855e-01
   2.3145942e-01
   2.1783935e-01
   1.6387048e-01
   3.0026799e-01
   2.9559249e-01
   2.5306171e-01
   2.0004846e-01
   2.9618904e-01
   3.3538562e-01
   2.4817860e-01
   1.2262870e-01
  -3.5134286e-02
  -8.8362075e-02
   1.4959235e-02
   2.0229246e-01
   2.4784273e-01
   2.6850674e-01
   7.1839303e-02
  -7.5378053e-02
  -9.0992004e-02
   3.1679973e-02
   3.6470133e-01
   8.8841361e-01
   1.0542887e+00
   6.6028398e-01
   2.1527414e-01
   1.0574324e-01
   5.1945913e-01
   1.4135303e+00
   1.7447855e+00
   1.1665062e+00
   4.6024612e-01
   1.8070978e-01
   5.8993846e-01
   1.2923099e+00
   1.3405499e+00
   8.1513268e-01
   4.4759855e-01
   3.1565511e-01
   2.8861016e-01
   4.9230266e-01
   2.7684350e+00
   6.6189866e+00
   7.2164216e+00
   4.6346536e+00
   1.9953439e+00
   6.5061939e-01
   1.7906311e-01
   1.0099346e-01
   8.4730245e-02
   7.1137115e-02
   4.9747339e-01
   1.2232219e+00
   1.2865641e+00
   8.3182526e-01
   3.8869461e-01
   1.1625383e-01
  -5.3254932e-02
  -2.5795193e-02
   1.3671426e-01
   2.8195900e-01
   4.3395779e-01
   5.5016851e-01
   4.1122088e-01
   1.6128820e-01
   7.0357092e-02
   8.7771863e-02
   8.4485143e-02
   2.7737122e-02
   6.3604936e-02
   1.0638890e-01
   1.5237822e-01
   2.4064036e-01
   3.2051909e-01
   4.3811741e-01
   4.0524554e-01
   1.5622394e-01
   4.7878973e-02
   1.5004003e-02
   1.2019254e-01
   1.5329257e-01
   1.0701739e-01
   3.9099269e-02
   5.1683571e-02
   7.3342852e-02
   2.7064826e-02
   1.0459519e-02
   8.5648663e-02
   1.8196031e-01
   1.6095635e-01
   1.2318937e-01
   1.4481762e-01
   1.7119147e-01
   1.5811183e-01
   4.6025496e-02
  -1.9169042e-02
   1.9843431e-02
   1.1535611e-01
   1.3764530e-01
   2.3004355e-01
   1.8114147e-01
   8.5517116e-02
   2.6543380e-03
  -1.3206085e-02
   8.2386158e-02
   2.4922304e-01
   5.9145403e-01
   7.3134339e-01
   4.5735368e-01
   2.9275119e-01
   2.0693903e-01
   3.0545577e-01
   3.6339444e-01
   2.7419284e-01
   1.3896304e-01
   4.6820003e-03
   1.5891388e-01
   8.7744951e-01
   1.7131752e+00
   1.6579487e+00
   8.8467050e-01
   4.0352774e-01
   6.4835638e-02
   8.6116776e-02
   1.4730495e+00
   5.7141528e+00
   9.0904026e+00
   7.8463960e+00
   4.4046998e+00
   1.7758527e+00
   5.0222129e-01
   6.4225189e-02
   4.0136188e-02
   1.2636441e-01
   3.9542320e-01
   1.0397710e+00
   1.5384775e+00
   1.3384235e+00
   8.4065056e-01
   4.1346952e-01
   1.8781719e-01
   1.3474035e-01
   8.7028526e-02
   1.8508238e-01
   3.0125731e-01
   5.1534235e-01
   4.8322704e-01
   4.0007535e-01
   1.5326117e-01
   6.6996771e-03
   3.9065648e-02
   8.9510232e-02
   1.1026498e-01
   1.5866677e-01
   2.0063260e-01
   2.7422443e-01
   2.9152027e-01
   2.5226375e-01
   1.9732773e-01
   1.1721700e-01
   4.2136945e-02
  -9.2229703e-03
   6.0417175e-02
   1.0695110e-01
   1.2225010e-01
   1.3620514e-01
   1.0008068e-01
   8.5868388e-02
  -4.9308065e-04
   2.0798150e-02
   3.6701825e-02
   2.7074767e-02
   1.4347501e-01
   1.0687479e-01
   1.0424002e-01
   7.4625164e-02
   7.0721358e-02
   4.5618769e-02
   2.6515421e-02
  -5.6730462e-03
   4.9567342e-02
   1.7073943e-01
   2.0022979e-01
   1.5834738e-01
   1.1517189e-01
   6.8354651e-02
   4.2417400e-02
   5.6744598e-02
   1.1952402e-01
   2.4031131e-01
   3.3127990e-01
   3.1668967e-01
   1.7038305e-01
   9.1924340e-02
   7.2285041e-02
   9.8015845e-02
   1.7321366e-01
   2.2665638e-01
   1.0731343e-01
   6.7408003e-02
   1.6967882e-01
   3.9672014e-01
   5.4100901e-01
   3.9025211e-01
   1.6090703e-01
   7.4288766e-03
   3.9576270e-02
   2.7101496e-01
   1.1808460e+00
   2.1725044e+00
   2.1830840e+00
   1.3876318e+00
   6.1904746e-01
   2.8304803e-01
   1.0271535e-01
   6.2317718e-02
   7.8371532e-02
   1.4092281e-01
   3.6341298e-01
   4.5113346e-01
   4.3983138e-01
   3.5589513e-01
   1.6737230e-01
   8.1271872e-02
   5.2762702e-02
   5.9429999e-02
   1.1043844e-01
   1.3226806e-01
   2.2500858e-01
   2.7300552e-01
   1.6160151e-01
   1.0422691e-01
   7.0894085e-02
   4.1309606e-02
   5.4057585e-03
  -1.5390168e-02
   5.0602149e-02
   1.0387470e-01
   1.3457198e-01
   9.7014979e-02
   7.3886722e-02
   4.0257394e-02
   1.9964220e-02
  -4.5123664e-03
   5.8764320e-02
   7.8008346e-02
   5.5440690e-02
   5.4998238e-02
   7.9485990e-02
   1.2636751e-01
   1.1825943e-01
   4.8967957e-02
   2.8458863e-02
   5.8212765e-02
   8.4988371e-02
   6.2387291e-02
   1.0059229e-01
   1.3215235e-01
   1.0601452e-01
   1.0098214e-01
   8.0804251e-02
   7.0715368e-02
   3.0982589e-02
   1.1586819e-01
   9.4174758e-02
   1.0349829e-01
   9.5628329e-02
   4.8216633e-02
   3.1411067e-02
   5.2154593e-02
   7.2994351e-02
   1.1427655e-01
   7.2001189e-02
   1.0917851e-01
   8.3595037e-02
   8.1920058e-02
   6.3372351e-02
   2.5712892e-02
   8.7695718e-02
   8.0752246e-02
   2.9051060e-02
  -6.3041323e-03
   7.7703461e-02
   1.6387288e-01
   2.2037151e-01
   1.9027503e-01
   8.7075792e-02
   3.5021964e-02
  -1.6101038e-02
   4.7429547e-02
   3.2761815e-01
   7.5953108e-01
   7.8596807e-01
   5.4192692e-01
   1.9792530e-01
   9.0642728e-02
   3.6470935e-02
   1.4119532e-02
   3.8229272e-02
   8.7906770e-02
   1.0550237e-01
   1.5511486e-01
   1.7099994e-01
   1.4354841e-01
   8.3055481e-02
   5.3268284e-02
   6.2055934e-02
   1.0823123e-01
   9.3658485e-02
   1.1052899e-01
   1.0988265e-01
   1.2204649e-01
   1.5386561e-01
   8.8890329e-02
   9.7800814e-02
   5.1221747e-02
   5.8147751e-02
   5.7580795e-02
   9.6970834e-02
   1.3934092e-01
   8.3759658e-02
   8.8461921e-02
   1.5965488e-02
  -4.4431612e-03
   3.4313384e-03
   6.9798097e-02
   1.4411493e-01
   1.8787849e-01
   1.2079138e-01
   7.1468875e-02
   6.3043013e-02
   4.2782158e-02
   9.1830283e-02
   1.0556273e-01
   8.5955717e-02
   8.4816270e-02
   5.2413490e-02
   5.5596668e-02
   4.0576294e-02
   1.3243218e-01
   1.2220535e-01
   7.7590078e-02
   7.4010849e-02
   7.2528578e-02
   4.7496721e-02
   1.8219776e-02
   4.3376684e-02
   3.2528076e-02
  -8.9245122e-03
   1.3118869e-02
   3.8262233e-02
   5.4696342e-03
   3.6311824e-02
   8.2583755e-02
   7.0449539e-02
   7.8614332e-02
   3.9935179e-02
   5.7381351e-02
   1.1990218e-01
   9.1992572e-02
   9.0839706e-02
   7.8381002e-02
   1.0643969e-01
   5.7787023e-02
   8.7169550e-02
   1.1399726e-01
   7.1570255e-02
   7.4028350e-02
   8.2966134e-02
   4.2411756e-02
   5.4160021e-02
   1.0858662e-01
   2.0201488e-01
   2.7758741e-01
   2.5688890e-01
   1.6727266e-01
   1.3321541e-01
   7.6101787e-02
   8.5799694e-02
   8.2693852e-02
   7.4386097e-02
   1.2980089e-01
   1.2166169e-01
   8.8825069e-02
   6.6369742e-02
   8.9770973e-02
   8.1568182e-02
   6.6550933e-02
   8.9372218e-02
   4.8466064e-02
   5.7463657e-02
   7.0485234e-02
   1.1008594e-01
   1.2689716e-01
   5.2070878e-02
   1.0437726e-01
   6.3053817e-02
   4.2199973e-02
   7.8189559e-02
   6.8091482e-02
   1.2688813e-01
   6.9558755e-02
   8.5708909e-02
   1.1115938e-01
   1.1911316e-01
   8.3119199e-02
   1.4133805e-01
   1.7267510e-01
   1.6010404e-01
   1.1241852e-01
   1.1674257e-01
   1.9917914e-01
   1.9249626e-01
   1.5843506e-01
   1.8644634e-01
   7.3441148e-02
  -2.5321180e-03
   1.2300113e-01
   2.3097959e-01
   2.3982032e-01
   2.2320750e-01
   2.0816782e-01
   1.4279833e-01
   8.2684331e-02
   1.5380846e-01
   2.0537946e-01
   3.5547718e-01
   3.4228724e-01
   1.7499781e-01
   4.6767224e-02
   8.6606480e-02
   2.5709835e-01
   3.9610487e-01
   4.2349863e-01
   3.6740714e-01
   2.6034492e-01
   9.5388345e-02
   5.3372677e-02
   2.3635507e-01
   5.8648658e-01
   6.9577563e-01
   6.0990518e-01
   3.4732568e-01
   1.1951020e-01
   4.4079192e-02
   3.5611230e-01
   5.6536800e-01
   6.0126048e-01
   5.8409768e-01
   5.1765418e-01
   2.4405238e-01
   3.1438181e-01
   7.1211547e-01
   1.1659275e+00
   1.0527779e+00
   6.2486947e-01
   2.8401563e-01
   9.3085833e-02
   1.7537880e-01
   8.2287419e-01
   1.3321874e+00
   1.1499376e+00
   7.1389019e-01
   3.2275143e-01
  -5.3474598e-04
   1.7754048e-01
   1.2739825e+00
   2.5592403e+00
   2.6651902e+00
   1.5985889e+00
   6.5283155e-01
   1.2717979e-01
   1.6506685e-01
   7.1172208e-01
   1.3748252e+00
   1.2457539e+00
   7.7739441e-01
   4.3320596e-01
   1.8122822e-01
   2.7882120e-01
   6.7884803e-01
   9.3901336e-01
   7.5160861e-01
   4.3653077e-01
   2.6126930e-01
   2.1232720e-01
   3.3679473e-01
   6.8510360e-01
   7.7808231e-01
   5.2390069e-01
   2.4204989e-01
   1.3176438e-01
   1.6508390e-01
   1.5298586e-01
   1.4286397e-01
   8.1271008e-02
   6.9079563e-02
   1.8141228e-01
   1.5464608e-01
   2.0521194e-01
   2.5944674e-01
   2.1977976e-01
   1.0405014e-01
   3.0358294e-02
   6.4529642e-02
   1.0641912e-01
   1.3609616e-01
   1.0197899e-01
   4.7296956e-02
   5.4107368e-02
   1.1073856e-01
   1.2515019e-01
   6.8296000e-02
   1.0624638e-01
   7.7651478e-02
   1.0822286e-01
   2.5908979e-02
   1.2703524e-03
   1.1986151e-02
   6.4699300e-02
   1.8594080e-01
   2.4579702e-01
   1.8612620e-01
   1.0573112e-02
   3.2387596e-02
   7.8379251e-02
   1.0027192e-01
   2.0830393e-01
   3.4556535e-01
   3.1835124e-01
   1.5542872e-01
   1.5939516e-01
   2.4579747e-01
   3.0816373e-01
   2.9486492e-01
   1.4355098e-01
   6.2687568e-02
   1.2839783e-02
   1.6655654e-01
   3.7056682e-01
   4.9020338e-01
   3.2727635e-01
   1.4353360e-01
   5.6039702e-02
   1.5591484e-02
   2.2405905e-01
   7.0646805e-01
   9.7476912e-01
   8.6370128e-01
   4.1415614e-01
   9.3659870e-02
   1.0164250e-02
   2.0050532e-01
   4.3244684e-01
   4.9373254e-01
   3.3184332e-01
   1.8182236e-01
   7.9549290e-02
   7.4272968e-02
   1.9758977e-01
   3.1255111e-01
   3.5320482e-01
   2.1602328e-01
   1.3262789e-01
   1.0444679e-01
   1.4545532e-01
   2.4604660e-01
   2.8378952e-01
   2.9352194e-01
   1.6633104e-01
   2.8883407e-02
   3.8868267e-02
   7.7646583e-02
   6.3408479e-02
   3.5978816e-02
   8.3335534e-02
   8.9259073e-02
   7.4060403e-02
   7.9021163e-02
   5.5098433e-02
   4.7270741e-02
   5.4021757e-02
   3.5701357e-02
   7.0688248e-02
   6.9901273e-02
   5.7703335e-02
   4.0510770e-02
   3.8269352e-02
   4.8153095e-02
   8.5655175e-02
   5.9055746e-02
   6.4371616e-02
   7.1852446e-02
   4.1784637e-02
   5.9906039e-02
   2.4828490e-02
   4.3759622e-02
   3.2564461e-02
   5.5008065e-02
   9.2332207e-02
   5.6693621e-02
   4.7901515e-02
   6.2803231e-02
   5.4206189e-02
   2.1870382e-02
   2.4602966e-02
   7.2770968e-02
   8.4741235e-02
   9.5913455e-02
   2.6731895e-02
   4.8462071e-02
   7.2767265e-02
   7.1511753e-02
   9.5175944e-02
   5.9033208e-02
   1.5750760e-02
   7.7422425e-02
   1.4545110e-01
   1.5631497e-01
   2.0785539e-01
   2.0638320e-01
   1.1413290e-01
   5.8749653e-03
   3.0863665e-02
   1.8636118e-01
   4.9265429e-01
   6.0084981e-01
   4.1692606e-01
   1.8428817e-01
   4.6626355e-02
   4.1932195e-02
   2.1011256e-01
   2.3650557e-01
   2.6407006e-01
   1.8998173e-01
   7.7458650e-02
   2.9654555e-02
   3.5908479e-02
   1.4222233e-01
   1.8716836e-01
   1.4949238e-01
   9.2365079e-02
   5.1234744e-02
   9.8967299e-02
   1.9092435e-01
   2.5201148e-01
   1.8842903e-01
   9.0611540e-02
   6.8819895e-02
   1.0779215e-01
   9.4945401e-02
   1.1955051e-01
   6.7138292e-02
   3.8702156e-02
   6.1826278e-02
   7.5833589e-02
   5.9783462e-02
   3.5021864e-02
   2.6963128e-02
   4.2948496e-02
   6.1881926e-02
   5.2842535e-02
   3.6496356e-02
   6.3133553e-02
   2.7755408e-02
   1.4560838e-02
  -7.3341518e-03
   3.7314307e-02
   6.2532477e-02
   6.0667127e-02
   5.3610407e-02
   4.3446999e-02
   5.8604188e-02
   4.9991731e-02
   3.4088291e-02
   4.4777416e-02
   6.3329980e-02
   7.9238959e-02
   6.7441225e-02
   5.3731680e-02
   7.4783482e-02
   3.9117690e-02
   3.7760425e-03
   4.4070873e-02
   1.0411794e-01
   8.4158070e-02
   6.9468901e-02
   3.8572703e-02
   2.1731200e-02
   4.0703610e-02
   5.3115096e-02
   7.7621803e-02
   6.2354304e-02
   6.6908903e-02
   1.6859662e-02
   5.1101193e-02
   8.9142613e-02
   6.7989066e-02
   3.4390166e-02
   6.1902064e-03
   6.2154025e-02
   6.8802834e-02
   1.2207141e-01
   2.5001228e-01
   2.6468036e-01
   1.2096903e-01
   5.6732159e-02
   1.4951490e-02
   3.2016385e-02
   9.5841587e-02
   1.0330300e-01
   1.0577633e-01
   8.4412068e-02
   5.3744856e-02
   4.6803236e-02
   7.1207255e-02
   6.2553450e-02
   1.0038579e-01
   8.3252765e-02
   4.6495873e-02
   7.6454002e-03
   2.0423317e-02
   7.5372286e-02
   8.2843788e-02
   9.1182061e-02
   6.0777131e-02
   4.0366821e-02
   3.9651059e-02
   8.1152275e-02
   7.5637273e-02
   8.7030612e-02
   6.8549126e-02
   7.1855895e-02
   6.8569571e-02
   6.6710137e-02
   2.2700004e-02
   4.0661473e-02
   4.2408992e-02
   7.2060324e-02
   7.4647680e-02
   7.5197645e-02
   6.6342913e-02
   3.3764172e-02
   3.8951769e-02
   6.5937236e-02
   2.3749260e-02
   2.5204642e-02
   3.4843504e-02
   7.2654538e-02
   6.8079226e-02
   4.6239797e-02
   3.9245915e-02
   3.1651981e-02
   3.9615292e-02
   6.1508544e-02
   6.0116433e-02
   6.2956192e-02
   5.5317067e-02
   4.6288703e-02
   3.5783488e-02
   3.6290895e-02
   3.5495762e-02
   5.6077197e-02
   9.9046685e-02
   5.9809465e-02
   5.5020649e-02
   3.0862419e-02
   3.3679675e-02
   4.5199178e-02
   3.8628858e-02
   3.8597774e-02
   7.0561983e-02
   5.6975599e-02
   6.6716895e-02
   7.2514787e-02
   3.9848622e-02
   2.8026700e-02
   3.9448015e-02
   6.3087285e-02
   6.3615315e-02
   1.0900585e-01
   1.1177174e-01
   1.0606190e-01
   7.1442194e-02
   3.4701101e-02
   3.9832745e-02
   4.7432318e-02
   9.7093873e-02
   8.2036920e-02
   4.5028072e-02
   2.4378723e-02
   3.9824974e-02
   6.4178906e-02
   4.3753333e-02
   7.4422419e-02
   7.0689686e-02
   3.0204732e-02
   4.2858545e-02
   5.5766486e-02
   4.8791774e-02
   5.0523084e-02
   4.5175854e-02
   7.3202558e-02
   3.5279773e-02
   3.3756219e-02
   3.3247370e-02
   3.7257142e-02
   6.0884610e-02
   3.7810974e-02
   1.3371028e-02
   6.0447451e-02
   4.6433903e-02
   1.7788623e-02
   5.8651559e-02
   7.0823811e-02
   7.1983948e-02
   2.8253967e-02
   4.0677272e-02
   4.4723880e-02
   3.1769458e-02
   5.3960711e-02
   2.8922435e-02
   2.0477206e-02
   4.3889813e-02
   5.3029235e-02
   5.5360984e-02
   6.4371876e-02
   1.5705032e-02
   5.4573603e-02
   4.0584117e-02
  -8.5094823e-03
   1.7488055e-02
   2.7060164e-02
   2.6483500e-02
   4.8591487e-02
   3.7909545e-02
   2.9594064e-02
   6.0531560e-02
   2.4700396e-02
   4.7407027e-02
   7.0545003e-02
   5.5986062e-02
   4.8139058e-02
   6.0597409e-02
   6.3986301e-02
   1.8722901e-02
   6.3229306e-04
   4.7963787e-02
   6.6199906e-02
   6.4539067e-02
   5.7641093e-02
   4.0163670e-02
   3.6650486e-02
   6.1744034e-02
   2.9081071e-02
   3.0604107e-02
   6.8097666e-02
   5.9766650e-02
   7.4693218e-02
   5.6372385e-02
   4.0478166e-02
   3.3643551e-02
   4.0205929e-02
   5.5340189e-02
   4.3254919e-02
   2.9655043e-02
   4.7757778e-02
   3.1140802e-02
   4.1060202e-02
   4.8029717e-02
   3.9922677e-02
   1.9035134e-02
   2.4003820e-02
   3.4041669e-02
   4.6921503e-02
   3.0267620e-02
   5.5375509e-02
   4.8800189e-02
   5.1975641e-02
   4.4721786e-02
   6.1928540e-02
   6.3435271e-02
   3.7985068e-02
   3.9837401e-02
   2.1389514e-02
   5.2025709e-02
   7.5190328e-02
   1.7910806e-02
   1.2776504e-02
   3.7630308e-02
   5.5343986e-02
   3.3464305e-02
   5.4714061e-02
   4.3286182e-02
   5.0003324e-02
   2.5449481e-02
   1.6758719e-02
   3.0846085e-02
   2.6532456e-02
   5.6693926e-02
   1.6108146e-02
   5.9492398e-02
   5.7284165e-02
   4.4190623e-02
   3.2830801e-02
   5.9815194e-02
   5.1539771e-02
   4.0717222e-02
   5.5570126e-02
   5.2262917e-02
   3.3352453e-02
   2.9286914e-02
   3.0424029e-02
   3.5750099e-02
   3.7992366e-02
   1.9502144e-02
   3.5932779e-02
   4.8841707e-02
   4.6432525e-02
   2.8201187e-02
   2.1259835e-02
   3.4169972e-02
   4.9850423e-02
   5.4173324e-02
   4.3596093e-02
   2.4571640e-02
   3.3853527e-02
   4.6703085e-02
   4.5334496e-02
   1.6626900e-02
  -1.8399026e-03
   3.6052659e-02
   3.8195834e-02
   4.8891876e-02
   4.1829132e-02
   4.0968947e-02
   2.9977093e-02
   4.4532146e-02
   2.6122164e-02
   3.4817856e-02
   5.8817223e-02
   5.2277524e-02
   3.8297549e-02
   2.1815449e-02
   4.4042457e-02
   3.9224975e-02
   4.0910669e-02
   2.7932210e-02
   2.6657209e-02
   1.5697071e-02
   4.0997141e-03
   2.3928082e-02
   4.4493973e-02
   1.6400060e-02
   4.1477155e-02
   5.7295952e-02
   4.8675101e-02
   4.7807708e-02
   2.6874878e-02
   3.0133005e-02
   3.8644142e-02
   2.0413529e-02
   2.9201292e-02
   3.7809201e-02
   7.1420275e-02
   2.9885700e-02
   3.2216143e-02
   1.8167319e-02
   3.3657639e-03
   1.6358088e-03
   2.2073340e-02
   3.7174225e-02
   3.2415137e-02
   6.2098280e-02
   4.0861122e-02
   3.9776947e-02
   3.6042541e-02
   3.6054637e-02
   4.5444917e-02
   4.3325767e-02
   4.0014233e-02
   2.7283935e-02
   1.9873628e-02
   8.3180368e-03
   7.7304617e-03
   2.3825321e-02
   3.5240371e-02
   2.8593015e-02
   2.6073167e-02
   2.2398887e-02
   1.2817199e-02
   5.3962465e-02
   4.7168862e-02
   6.1249446e-02
   3.9477933e-02
   6.9793478e-02
   6.6485450e-02
   2.5167435e-02
   3.7875880e-02
   5.9399251e-02
   3.8358986e-02
   3.9045759e-02
   8.2120970e-02
   9.0920717e-02
   9.0162449e-02
   2.8441127e-02
   5.0307788e-02
   4.0042821e-02
   1.0642250e-01
   2.2688495e-01
   2.3751654e-01
   1.5259726e-01
   7.9322465e-02
   5.3851619e-02
   6.2907167e-02
   1.1454225e-01
   1.7801237e-01
   1.5147197e-01
   8.1452906e-02
   6.6849314e-02
   6.3147947e-02
   3.9629865e-02
   3.4553599e-02
   3.7213940e-02
   6.6827744e-02
   6.9056801e-02
   6.5214604e-02
   7.9444729e-02
   7.3895961e-02
   2.2268688e-02
   2.9462939e-02
   3.2981865e-02
   4.5528036e-02
   6.4039610e-02
   3.9295338e-02
   1.7192354e-02
   3.0587697e-02
   5.2684542e-02
   4.0860329e-02
   2.5021650e-02
   5.0055306e-02
   4.6324186e-02
   2.7478032e-02
   2.1298662e-02
   3.2181557e-02
   3.6262125e-02
   9.2590163e-03
   2.0547666e-02
   4.3866735e-02
   3.3288043e-02
   4.7648557e-02
   6.3239008e-02
   4.2516384e-02
   4.1665841e-02
   3.0120250e-02
   3.6145043e-02
   2.0497521e-02
   3.6057327e-02
   4.3888971e-02
   3.9532095e-02
   5.5949807e-02
   4.0438481e-02
   3.0865654e-02
   1.9146221e-02
   2.3236345e-02
   3.2912489e-02
   3.7561882e-02
   2.3546966e-02
   5.1430881e-02
   6.8790033e-02
   3.5440173e-02
   2.6861748e-02
   5.2658532e-02
   2.5489880e-02
   3.4390550e-02
   4.1786183e-02
   2.0046288e-02
   1.0294306e-02
   1.5913155e-02
   3.6997575e-02
   4.2544443e-02
   2.1081612e-02
   3.6289655e-02
   7.6088950e-02
   7.7928655e-02
   4.0269703e-02
   3.5325069e-02
   1.3900073e-02
   2.2010855e-02
   2.4780678e-02
   6.1276164e-02
   4.7058798e-02
   2.3680635e-02
   2.2641160e-02
   1.7968152e-02
   3.3887045e-03
   3.7092175e-02
   3.8398087e-02
   4.7576971e-02
   5.3294860e-02
   3.2293998e-02
   2.4199706e-02
   2.8354347e-02
   7.2328173e-02
   3.4875929e-02
   3.3941310e-02
   2.8491825e-02
   3.6414269e-02
   3.5207395e-02
   5.5135757e-02
   3.6775712e-02
   4.6815790e-02
   6.0616307e-02
   3.0837702e-02
   9.3258945e-03
   2.9131837e-02
   7.0429385e-02
   3.9155845e-02
   3.5785489e-02
   3.2168079e-02
   2.1125138e-02
   2.6187951e-02
   7.6294378e-03
   1.2993365e-02
   1.1299936e-02
   2.4518184e-02
   2.0039234e-02
   2.2957319e-02
   2.8795658e-02
   2.9197279e-02
   3.2543395e-02
   3.7868038e-02
   3.7386954e-02
   2.3050353e-02
   3.5015415e-02
   1.6708523e-02
   3.3445928e-02
   5.5099923e-02
   6.4642154e-02
   3.5033230e-02
   2.4202842e-02
   1.3501329e-02
   1.7907072e-02
   2.2749597e-02
   2.5128257e-02
   3.6409952e-02
   1.2663037e-02
   7.9122130e-03
   3.9442789e-02
   3.1975266e-02
   2.6211705e-02
   2.9577848e-02
   3.1221624e-02
   1.0632201e-02
   3.7807964e-02
   5.6843042e-02
   5.4567829e-02
   7.4896380e-02
   4.2107344e-02
   4.2395771e-02
   2.6474118e-02
   2.8171744e-02
   2.0443574e-02
   1.9821307e-02
   2.7824862e-02
   3.7197236e-02
   2.1150853e-02
   1.6116945e-02
   4.5889024e-02
   4.4251975e-02
   2.3530362e-02
   7.6784529e-03
   2.7482921e-02
   4.4532795e-02
   2.9774679e-02
   2.2558805e-02
   1.9481601e-02
   2.3097649e-02
   2.4292095e-02
   2.2305850e-02
   1.2301581e-02
   2.8124051e-02
   2.6130967e-02
   1.8981507e-02
   2.5955398e-02
   2.9792057e-02
   2.3268940e-02
   3.0996086e-02
   4.7887556e-02
   5.0830796e-02
   3.1833425e-02
   2.5011567e-02
   3.3138756e-02
   3.4119178e-02
   3.3443280e-02
   1.4547258e-02
   2.8238993e-02
   2.6101962e-02
   1.9789867e-02
   1.6271528e-02
   2.3286838e-02
   3.9704207e-02
   1.7759880e-02
   1.6715882e-02
   1.2945598e-02
   1.2060015e-02
   2.5596771e-02
   3.1969979e-02
   3.2437060e-02
   2.1455947e-02
   9.1314064e-03
   3.2521889e-02
   6.1035383e-02
   6.8068996e-02
   4.3142758e-02
   1.1159199e-02
   1.7549891e-02
   1.9810911e-02
   3.3899549e-02
   1.8431058e-02
   1.1443361e-02
   3.3672296e-02
   7.8938017e-03
   1.4478168e-02
   3.1706654e-02
   3.5902806e-02
   4.3138873e-02
   2.4315538e-02
   2.7921278e-02
   3.2884620e-02
   4.6494082e-02
   5.9631027e-02
   3.9264981e-02
   4.2624056e-02
   5.5136777e-02
   1.8388540e-02
   1.7176487e-02
   2.7935823e-02
   4.3259051e-02
   5.2183822e-02
   5.9584774e-02
   3.9435532e-02
   1.4948517e-02
   1.4590218e-02
   3.3638861e-03
   2.4268391e-02
   2.7291877e-02
   3.7420351e-02
   2.8100355e-02
   3.8878657e-02
   5.3211521e-02
   4.8079614e-02
   3.8690545e-02
   3.4183297e-02
   3.5843335e-02
   5.9327263e-02
   2.7614219e-02
   2.7260441e-02
   3.4512557e-02
   4.3541655e-02
   3.0760759e-02
   5.3708777e-02
   5.6003094e-02
   2.5562163e-02
   1.6878203e-02
   2.6837876e-02
   3.0084139e-02
   1.8619277e-02
   3.1978250e-02
   1.8904842e-02
   2.9136209e-02
   3.3564292e-02
   2.3007648e-02
   1.9829735e-02
   1.0643474e-02
   3.0458590e-02
   4.3601781e-02
   2.1291595e-02
   4.1939355e-02
   5.1925894e-02
   2.0085000e-02
   3.5240475e-02
   1.3691013e-02
   3.1069756e-02
   2.4510801e-02
   2.9640585e-02
   3.9097778e-03
   1.0405390e-03
   3.6166713e-02
   5.9833344e-02
   3.1146888e-02
   1.9514399e-02
   3.0874729e-02
   1.4944002e-02
   9.6366508e-03
