   6.7484401e-02
   5.1155329e-02
   4.0992219e-02
   3.8131282e-02
   5.4519545e-02
   5.4590691e-02
   3.6639452e-02
   6.1341252e-02
   7.1260445e-02
   6.4013734e-02
   5.3772446e-02
   6.2405556e-02
   9.4464496e-02
   8.7392338e-02
   8.2754202e-02
   4.6037588e-02
   7.1778744e-02
   1.2615766e-01
   1.2272888e-01
   8.4047198e-02
   6.8843313e-02
   4.3358814e-02
   3.2855291e-02
   8.3404584e-03
   4.6379503e-02
   6.1764140e-02
   7.9908378e-02
   9.2966869e-02
   6.5766692e-02
   6.4853519e-02
   3.4693372e-02
   1.9033385e-02
   4.1673657e-02
   5.1571988e-02
   3.3841558e-02
   5.1553577e-02
   9.1573223e-02
   8.0134138e-02
   1.0032056e-01
   9.3170397e-02
   7.2752349e-02
   5.1660188e-02
   1.3865105e-02
  -1.5240759e-03
   4.3434273e-02
   3.6080588e-02
   5.1358655e-02
   5.1694326e-02
   4.1943394e-02
   6.5164760e-02
   7.4574433e-02
   6.3123934e-02
   6.1899807e-02
   5.2100599e-02
   2.1770276e-02
   4.1782174e-02
   9.1893718e-02
   7.0193775e-02
   4.9091749e-02
   6.7185365e-02
   6.8710111e-02
   5.1316530e-02
   6.3324183e-02
   5.3304300e-02
   5.1937141e-03
   1.4199135e-02
   4.7501944e-02
   7.1343109e-02
   5.4459643e-02
   6.0836300e-02
   5.9516873e-02
   2.3223493e-02
   1.5012732e-02
   7.9730563e-03
   4.9706049e-02
   9.1239661e-02
   4.8613191e-02
   5.8668640e-02
   8.9843780e-02
   7.1261510e-02
   6.0127828e-02
   3.8519952e-02
   3.4540560e-02
   1.4581162e-02
   4.0590618e-02
   5.5805191e-02
   9.2788160e-02
   4.4526614e-02
   2.7865782e-02
   4.2300869e-02
   3.2856274e-02
   4.0052775e-02
   1.5958015e-02
   2.9704137e-02
   3.0386873e-02
   6.6340670e-02
   5.0246786e-02
   4.7493618e-02
   7.8129351e-02
   8.2108237e-02
   6.9112487e-02
   3.8089436e-02
   4.6725675e-02
   4.0090840e-02
   6.1026257e-02
   5.5411365e-02
   4.5822695e-02
   1.0203198e-01
   1.2076776e-01
   8.2403652e-02
   4.1983917e-02
   4.4080690e-02
   8.0550477e-02
   1.1459143e-01
   1.3223647e-01
   1.2293547e-01
   7.8898937e-02
   8.0385558e-02
   9.5658064e-02
   6.1984614e-02
   3.1832498e-02
   4.2421971e-02
   3.8510196e-02
   6.2363043e-02
   6.3548930e-02
   2.4699228e-02
   6.1270904e-02
   7.1099274e-02
   6.2948354e-02
   9.7328626e-02
   6.9692880e-02
   2.9040566e-02
   3.2913249e-02
   3.1538755e-02
   3.0416995e-02
   4.8896119e-02
   5.5794206e-02
   7.4479908e-02
   6.6182606e-02
   5.4839648e-02
   4.8872285e-02
   1.8677263e-02
   4.4272311e-02
   4.9883951e-02
   4.7202595e-02
   5.9575256e-02
   4.9325678e-02
   5.7018586e-02
   5.4067168e-02
   4.4041146e-02
   3.7418909e-02
   4.8307024e-02
   2.2355489e-02
   4.0034927e-02
   7.8873470e-02
   6.9980904e-02
   6.7279756e-02
   3.2933537e-02
   3.4838676e-02
   7.2407573e-02
   5.7362877e-02
   4.2562820e-02
   1.6885092e-02
   2.3768852e-02
   2.3230555e-02
   7.0350990e-02
   8.5536085e-02
   9.0687364e-02
   1.0021706e-01
   3.5084408e-02
   3.0862832e-02
   4.3407589e-02
   1.3456631e-01
   1.1182246e-01
   6.9999129e-02
   6.9317378e-02
   3.7484895e-02
   7.7658609e-02
   1.3071857e-01
   1.0769401e-01
   1.0330188e-01
   4.1687377e-02
   3.4901060e-02
   3.6823612e-02
   6.1955214e-02
   5.6476485e-02
   5.3833954e-02
   5.1072277e-02
   6.4235106e-02
   6.3872024e-02
   9.0578318e-02
   8.9443140e-02
   4.2343196e-02
   2.3845006e-02
   4.5241419e-02
   2.4152985e-02
   2.4340242e-02
   4.8638038e-02
   6.4309984e-02
   5.5572584e-02
   4.8474148e-02
   9.7355992e-03
   5.2906062e-02
   4.7063082e-02
   5.0485961e-02
   3.1508166e-02
   2.9020002e-02
   3.2139260e-02
   6.5494776e-02
   4.6899095e-02
   9.0441413e-02
   4.9129192e-02
   1.8574148e-02
   3.6577336e-02
   6.1332770e-02
   3.0262077e-02
   3.7086233e-02
   5.6142643e-02
   2.9863913e-02
   5.2160881e-02
   4.3806173e-02
   3.4747537e-02
   4.9587533e-02
   2.3931757e-02
   5.7143066e-02
   8.7508619e-02
   6.0221415e-02
   7.5148612e-02
   7.7132501e-02
   5.5023812e-02
   7.3861584e-02
   6.7706831e-02
   4.1455567e-02
   4.3359809e-02
   3.7109733e-02
   9.4605774e-02
   1.3826196e-01
   9.6250854e-02
   8.5903309e-02
   8.5091792e-02
   1.0527206e-01
   1.5046521e-01
   1.1974377e-01
   9.7303040e-02
   5.5475123e-02
   2.4219122e-02
   7.6857261e-02
   1.0038578e-01
   9.6938141e-02
   8.6521581e-02
   1.4341075e-02
   3.9022438e-02
   4.0578306e-02
   2.8149540e-02
   2.4467103e-02
   1.7856915e-02
   5.5344254e-02
   5.7067499e-02
   7.8996971e-02
   6.1904795e-02
   4.5533668e-02
   5.7000682e-02
   5.5333048e-02
   5.0000731e-02
   6.0662821e-02
   6.6480242e-02
   6.1485395e-02
   9.6725829e-02
   7.1109131e-02
   3.1545922e-02
   6.2247090e-02
   2.3512775e-02
   2.4389379e-02
   7.5189792e-02
   6.4818129e-02
   7.7666089e-02
   9.1065116e-02
   8.7161012e-02
   5.4956347e-02
   5.5869315e-02
   4.0683161e-02
  -1.5093349e-02
   3.9153427e-02
   5.8907218e-02
   6.3316837e-02
   6.7296088e-02
   8.4714219e-02
   6.1176237e-02
   1.4624116e-03
  -2.1941038e-02
   1.1152621e-02
   5.8746874e-02
   2.8254580e-02
   6.4155042e-02
   9.1438420e-02
   9.5790245e-02
   5.3851370e-02
   3.5209753e-02
   1.8611673e-02
   2.4678025e-02
   1.0420693e-01
   2.1019559e-01
   1.7335506e-01
   8.2340270e-02
   6.4099640e-02
   1.2367815e-01
   1.3242847e-01
   7.3723130e-02
   8.9640029e-02
   4.5064338e-02
   6.3135624e-02
   2.7264756e-01
   4.3875062e-01
   2.5804758e-01
   9.5786370e-02
   6.6625305e-02
   9.0168417e-02
   7.1834654e-02
   7.6588415e-02
   1.1474192e-01
   9.9930011e-02
   1.1151423e-01
   6.7069627e-02
   5.8198061e-02
   1.0787611e-01
   7.1211472e-02
   3.1265467e-02
   6.0738340e-02
   5.1908363e-02
   7.2276652e-02
   3.7034217e-02
   2.6021380e-02
   4.1535776e-02
   8.6771220e-02
   1.2600596e-01
   1.0527688e-01
   7.7754050e-02
   2.7013019e-02
   1.9384006e-02
   5.1666182e-02
   8.2260892e-02
   6.8690158e-02
   6.6692017e-02
   7.4768990e-02
   4.7774892e-02
   5.4376241e-02
   2.7930742e-02
   4.5971528e-02
   5.2808080e-02
   7.9124428e-02
   6.4164184e-02
   5.5612896e-02
   4.8968598e-02
   5.7573635e-02
   1.0549037e-01
   7.4786887e-02
   3.9545145e-02
   6.4896204e-02
   6.9085322e-02
   2.8136635e-02
   6.3285284e-02
   3.8453098e-02
   3.4670573e-02
   7.3549792e-02
   9.9441417e-02
   8.7172270e-02
   6.9561005e-02
   3.3301387e-02
   7.4321334e-03
   2.2827441e-02
   5.2333202e-02
   9.0982705e-02
   1.0365907e-01
   5.3720284e-02
   8.0877461e-02
   3.6172461e-02
   3.3088449e-02
   3.7633438e-02
   2.5474042e-02
   1.0459250e-02
   1.5339222e-02
   2.8141918e-02
   5.4233514e-02
   4.0163159e-02
   4.9434844e-02
   1.9670339e-02
   4.0161419e-03
   4.0778048e-02
   3.6923923e-02
   3.4494180e-02
   3.9271791e-02
   5.3724509e-02
   4.2155936e-02
   2.4615526e-02
   1.5872423e-02
   1.5257082e-02
   2.5898429e-02
   4.1591115e-02
   6.4248808e-02
   6.9534227e-02
   4.1337263e-02
   5.8205631e-02
   6.0794581e-02
   6.4268425e-02
   1.1124524e-01
   8.1236489e-02
   7.6927274e-02
   6.2838741e-02
   2.8850516e-02
   3.7580706e-02
   6.2943473e-02
   6.9161214e-02
   8.1557639e-02
   3.8594231e-02
   4.0570702e-02
   1.8960282e-01
   1.5042700e-01
   7.1709692e-02
   9.8821081e-02
   6.7563310e-02
   4.4227123e-02
   1.1558165e-01
   7.5989790e-02
   2.9582541e-02
   4.1989923e-02
   4.5531411e-02
   1.0521081e-02
   3.4593064e-02
   6.3342236e-02
   5.9179652e-02
   3.0315535e-02
   5.0983001e-02
   6.6253982e-02
   5.0295845e-02
   2.4907369e-02
   1.3299682e-02
   1.9027412e-02
   5.6763712e-02
   5.4390978e-02
   5.5005651e-02
   9.5375374e-02
   9.6520498e-02
   7.6732002e-02
   1.8606979e-02
   5.0904457e-02
   8.1103720e-02
   5.3819057e-02
   6.0216900e-02
   4.4253316e-02
   4.0551551e-02
   3.4601111e-02
   2.1978261e-02
   3.6440846e-02
   5.8601554e-02
   6.9132611e-02
   9.9354619e-03
   1.4190527e-03
   2.1214874e-02
  -8.3841132e-03
   1.8614385e-02
   1.5819756e-02
   7.6522268e-02
   7.6199837e-02
   3.6852539e-02
   3.5760682e-02
   5.6225441e-02
   5.4868277e-02
   8.1341840e-02
   6.0229469e-02
   5.7445671e-02
   8.7623872e-02
   6.2514767e-02
   4.2056657e-02
   5.5448905e-02
   7.9251930e-02
   1.0279823e-01
   4.3480676e-02
   5.1133014e-02
   5.6262940e-02
   7.1015246e-02
   5.4292541e-02
   4.0479962e-02
   8.2154453e-02
   6.3641928e-02
   9.0297297e-02
   9.6379675e-02
   6.4525805e-02
   4.8889041e-02
   3.7117213e-02
   5.0585032e-02
   7.5775959e-02
   9.3135327e-02
   4.8130572e-02
   6.5203235e-02
   5.9740402e-02
   9.2026934e-02
   9.2312850e-02
   8.2775168e-02
   3.5921689e-02
   2.7811384e-02
   9.8301936e-03
   4.5631163e-02
   9.5527254e-02
   6.6902317e-02
   5.5479407e-02
   4.1977048e-02
   2.8132759e-02
   2.3098497e-02
   4.0878385e-02
   5.6211125e-02
   9.0826890e-03
   4.6440374e-02
   2.5171582e-02
   1.2732574e-02
   5.4526668e-02
   4.5649298e-02
   6.8591177e-02
   6.4027503e-02
   3.4839839e-02
   7.0683174e-02
   5.6345277e-02
   4.1110376e-03
   4.6752021e-02
   4.8576336e-02
   4.3807384e-02
   4.2433612e-02
   3.7755098e-02
   3.9391346e-02
   2.7036469e-02
   3.1490076e-02
   4.4469528e-02
   1.0630251e-01
   1.2761791e-01
   9.6465543e-02
   4.9163558e-02
   2.7881680e-02
   4.3402672e-02
   1.7838684e-01
   2.0530242e-01
   1.5173765e-01
   5.7297684e-02
   4.1146014e-02
   3.4367751e-02
   1.9968882e-02
   5.8077466e-02
   8.6125582e-02
   6.0697317e-02
   1.8418627e-02
   7.4397582e-03
   3.4569070e-02
   4.6637662e-02
   7.4708663e-02
   2.7638732e-02
   5.6061270e-03
   3.9911408e-02
   8.8316157e-02
   5.6204792e-02
   4.1599434e-02
   6.3086949e-02
   6.4461969e-02
   1.4198644e-01
   1.9893131e-01
   1.1605211e-01
   8.8433281e-02
   1.1142577e-01
   8.3827816e-02
   6.0538143e-02
   6.8185359e-02
   1.1808944e-01
   1.3568452e-01
   8.1707470e-02
   3.1804189e-02
   1.0582303e-02
   5.0198026e-02
   5.5150770e-02
   3.1265877e-02
   6.2374201e-02
   5.2297760e-02
   9.4749480e-03
  -1.0344543e-02
  -1.1023514e-02
   1.6601242e-02
   6.9472648e-02
   5.4664426e-02
   5.4420311e-02
   2.7250398e-02
  -2.6257164e-03
   8.3830439e-02
   2.6259655e-01
   2.9288301e-01
   2.1273600e-01
   2.0733151e-01
   2.3661646e-01
   8.8392667e-02
   1.2735207e-01
   2.5559852e-01
   7.4028057e-01
   1.0653486e+00
   5.9193486e-01
   2.2419272e-01
   1.8588331e-01
   1.6321932e+00
   5.3855453e+00
   5.0872889e+00
   2.0988076e+00
   6.0850340e-01
   2.0585451e-01
   1.6086687e-01
   4.3910858e-01
   1.2400551e+00
   1.2990658e+00
   6.4203066e-01
   1.8296149e-01
   6.7112796e-02
   2.0142114e-01
   3.3513126e-01
   5.4284161e-01
   4.8460406e-01
   2.4811365e-01
   1.2980005e-01
   8.7235808e-02
   1.1653508e-01
   1.6763759e-01
   2.3627710e-01
   3.1275105e-01
   3.9006475e-01
   2.1273613e-01
   8.2333475e-02
   7.1106829e-02
   7.6552525e-02
   1.0510609e-01
   9.9200867e-02
   8.7626733e-02
   1.2612273e-02
   1.8273367e-02
   9.0848893e-02
   9.0720311e-02
   1.3860865e-02
   4.4387747e-02
   4.8015215e-02
   2.6959023e-02
   9.3873199e-03
   1.7729579e-02
   9.7814344e-02
   4.8103951e-02
  -1.0403772e-03
   3.8051766e-03
   5.7620689e-02
   1.5005811e-01
   1.7610216e-01
   1.4541900e-01
   1.3779178e-01
   3.5343274e-01
   4.9262157e-01
   3.2163849e-01
   1.5105288e-01
   1.2996078e-01
   2.0626524e-01
   1.0347812e-01
   4.8272643e-02
   1.4257014e-01
   1.8454812e-01
   4.6386766e-01
   5.5568683e-01
   2.9937100e-01
   1.0415573e-01
   1.1690620e-01
   5.7650845e-02
   1.0096087e-01
   2.0110022e-01
   2.1734758e-01
   1.4540885e-01
   1.3089788e-01
   7.3729947e-02
   9.7091824e-02
   1.1430395e-01
   9.2098825e-02
   9.2952006e-02
   3.3271834e-02
   2.7286891e-02
   6.2755764e-02
   4.4676322e-02
   9.9087983e-02
   1.5467103e-01
   1.1008697e-01
   8.5908644e-02
   1.2443591e-01
   9.5779277e-02
   8.8153437e-02
   1.1191434e-01
   1.2416621e-01
   9.1445968e-02
   6.0643181e-02
   6.9520868e-02
   9.0152755e-02
   1.4198527e-01
   1.2046694e-01
   1.1859979e-01
   1.2406792e-01
   3.6901012e-02
   6.4896062e-02
   1.6186073e-01
   2.0464183e-01
   1.8332735e-01
   1.2664548e-01
   1.1130057e-01
   2.0595288e-01
   1.5559649e-01
   1.4865105e-01
   1.0463208e-01
   1.3416728e-01
   2.9835153e-01
   2.6794761e-01
   1.5121117e-01
   1.2612240e-01
   2.7073121e-01
   6.4726037e-01
   6.9359076e-01
   3.8144177e-01
   1.7379393e-01
   3.6621583e-01
   1.1322110e+00
   1.3045266e+00
   7.8991210e-01
   3.1596425e-01
   1.4687380e-01
   1.9219573e-01
   3.5490620e-01
   3.8850379e-01
   3.7616017e-01
   2.2495092e-01
   2.4462031e-01
   1.8992525e-01
   9.8608814e-02
   1.3226148e-01
   1.5441999e-01
   9.3190834e-02
   4.2308155e-02
   2.9357841e-02
   5.1176596e-02
   7.9101220e-02
   6.2212415e-02
   3.3681512e-02
  -1.1025665e-02
  -3.2480035e-02
   2.0735594e-02
   6.1774932e-02
   5.9727333e-02
   4.9487446e-02
   7.6707847e-02
   3.3577710e-02
  -8.0093769e-03
   3.4416914e-02
   2.3280557e-02
   3.9680671e-02
   9.4658360e-02
   5.4973312e-02
   3.5496913e-02
   3.7595846e-02
   5.4450452e-02
   1.1401650e-01
   6.7194514e-02
   8.3027981e-02
   4.4488382e-02
   5.2859660e-02
   9.0980954e-02
   1.1926425e-01
   1.0100266e-01
   7.7070482e-02
   3.5430226e-02
   1.1353513e-01
   1.1648746e-01
   1.1467606e-01
   7.3027000e-02
   1.4586666e-01
   2.0655164e-01
   2.1222940e-01
   1.3731441e-01
   5.8328953e-02
   5.9594672e-02
   2.5850502e-01
   2.8442550e-01
   1.9765608e-01
   1.3480094e-01
   1.2405208e-01
   1.0885047e-01
   5.6285750e-02
   8.6166792e-02
   1.0528933e-01
   1.2307847e-01
   1.1721642e-01
   7.1907341e-02
   7.7320546e-02
   5.7789233e-02
   7.3663607e-02
   6.5398991e-02
   4.5924898e-02
   5.6888938e-02
   4.0527306e-02
   7.3166594e-02
   1.5471850e-01
   1.7674522e-01
   1.7422691e-01
   6.6615008e-02
   2.5177686e-02
   2.1053988e-02
   3.0790731e-02
   3.7165035e-02
   2.3853004e-02
   7.1622930e-02
   3.6740404e-02
   6.1158996e-02
   4.7939006e-02
   4.1451186e-02
   7.0769027e-02
   6.7761801e-02
   5.9543267e-02
   4.1934431e-02
   4.9931869e-02
   5.1535398e-02
   6.2264368e-02
   2.9037995e-02
   2.3952756e-02
   4.6463281e-02
   5.2009750e-02
   2.7109860e-02
   9.2862165e-03
   5.4630887e-02
   7.7293351e-02
   4.8395984e-02
   3.7839875e-02
   3.8574215e-02
   5.9747096e-02
   9.1263406e-02
   1.1121005e-01
   7.1411297e-02
   8.4828008e-03
   4.2781670e-02
   5.2556008e-02
   6.8025276e-02
  -2.6536544e-03
   8.8158194e-03
   5.8098830e-02
   9.8352663e-02
   9.4853103e-02
   5.3268824e-02
  -2.6834742e-03
   5.1444867e-03
   5.3581212e-02
   7.7585317e-02
   6.9032870e-02
   4.2022821e-02
   4.6742484e-02
   1.1158858e-01
   1.0054883e-01
   6.6471487e-02
   6.0796309e-02
   1.0142975e-01
   1.2151381e-01
   7.4745357e-02
   7.0959032e-02
   5.0507493e-02
   1.4253482e-01
   3.0261633e-01
   2.7367231e-01
   1.3060783e-01
   9.4588488e-02
   1.2167376e-01
   2.1176113e-01
   2.0849778e-01
   1.1516402e-01
   5.0404079e-02
   8.1482880e-02
   1.8596888e-01
   1.7717853e-01
   9.9196352e-02
   4.9404636e-02
   5.1181391e-02
   5.3153668e-02
   6.1495855e-02
   6.9733769e-02
   3.1715054e-02
   3.2600123e-02
   4.9187262e-02
   1.9122489e-02
   6.3877359e-02
   5.2849662e-02
   7.5136952e-02
   4.4819091e-02
   5.6538209e-03
   2.1683870e-02
  -5.2618952e-03
   5.8946710e-02
   7.0330709e-02
   6.1710898e-02
   8.1902944e-02
   5.6733187e-02
   5.3202718e-02
   3.2410320e-02
   1.2674626e-02
   1.2073985e-02
   1.6573275e-02
   3.6325730e-02
   3.8811121e-02
   5.9269417e-02
   3.3591937e-02
   5.9457146e-02
   5.9419218e-02
   5.7166331e-02
   4.7605094e-02
  -8.0754738e-03
   8.4978417e-03
   9.0740420e-02
   1.0520867e-01
   8.3259381e-02
   6.6634066e-02
   6.3981943e-02
   1.0713133e-01
   5.4294754e-02
   8.1410013e-02
   6.9021121e-02
   7.9934932e-02
   7.0819728e-02
   4.9798157e-02
   4.1374009e-02
   9.5621914e-02
   7.9447500e-02
   4.6714019e-02
   7.8351855e-02
   9.4143987e-02
   7.7367164e-02
   9.8434523e-02
   1.1490040e-01
   1.1409024e-01
   1.1070120e-01
   5.3870678e-02
   4.8258394e-02
   7.7973932e-02
   1.2615775e-01
   1.1724000e-01
   1.5075602e-01
   1.1181974e-01
   1.1459214e-01
   1.6148521e-01
   1.5296486e-01
   4.7742944e-02
   3.5540845e-02
   8.2604460e-02
   1.5334219e-01
   1.6525428e-01
   1.4520709e-01
   8.1198759e-02
   1.1935148e-01
   1.9658840e-01
   2.1085574e-01
   1.2658200e-01
   1.3125826e-01
   2.7666697e-01
   3.6657825e-01
   2.3459215e-01
   4.7765221e-02
   3.0648340e-02
   3.2523119e-01
   6.1429912e-01
   4.0761659e-01
   1.3210067e-01
   1.6635409e-01
   9.2846936e-01
   1.5765504e+00
   1.0866567e+00
   4.3465328e-01
   2.4443945e-01
   4.3083602e-01
   4.6182117e-01
   1.8756674e-01
   1.1941219e-01
   2.0160846e-01
   3.5721174e-01
   3.0318072e-01
   1.8214728e-01
   1.9224353e-01
   3.1937942e-01
   2.4151023e-01
   1.1596183e-01
   1.3274986e-01
   1.6820607e-01
   1.9722210e-01
   1.2401371e-01
   3.4244999e-02
   8.1628179e-03
   3.0381462e-02
   3.1136181e-02
   5.5917840e-02
   1.3386229e-01
   1.5610966e-01
   9.4938770e-02
   7.7048935e-02
   5.6759186e-02
   6.1159119e-02
   1.9297011e-02
   2.7769148e-02
   6.0103558e-02
   1.3608199e-01
   1.4962642e-01
   1.0170561e-01
   6.6723056e-02
   8.8460445e-02
   5.2943125e-02
   3.4727184e-03
   4.1363858e-02
   7.5891152e-02
   5.9407491e-02
   6.4439610e-02
   6.8728536e-02
   5.5285957e-02
   2.1858813e-02
   3.7459575e-02
   3.2316051e-02
   9.9455833e-02
   1.4507231e-01
   1.2241495e-01
   7.4731141e-02
   4.3249179e-02
   1.4046939e-01
   1.5965709e-01
   5.5229668e-02
   6.8769731e-02
   2.9882332e-02
   6.6584997e-02
   1.3667467e-01
   1.7165034e-01
   1.1595853e-01
   7.8180820e-02
   9.5667645e-02
   8.6296596e-02
   5.7209704e-02
   6.0110264e-02
   6.7453049e-02
   4.5917466e-02
   1.6061353e-02
   2.3876663e-02
   7.3286921e-02
   1.3689053e-01
   1.1629883e-01
   1.8048087e-02
   1.0636977e-02
   7.2521277e-02
   6.3969404e-02
   2.6669312e-02
   3.2920279e-02
   1.0230191e-01
   1.4859797e-01
   1.5677097e-01
   1.2355904e-01
   4.5562584e-02
   2.0281689e-02
  -1.6729292e-02
   3.2864150e-02
   5.9187107e-02
   7.8835577e-02
   2.4796650e-02
   1.1781930e-02
   2.1002151e-02
   4.9608648e-02
   5.4283928e-02
   7.9297692e-02
   7.6876052e-02
   5.3543828e-02
   9.9973068e-02
   1.9982064e-01
   1.9452958e-01
   1.0501618e-01
   6.7116939e-02
   7.7543698e-02
   8.9317858e-02
   3.4546897e-02
   3.3263806e-02
   3.2831043e-02
   1.5014602e-02
   1.5819362e-01
   1.5517813e-01
   9.7171225e-02
   8.1496730e-02
   7.9375990e-02
   7.7012375e-02
   2.8716847e-02
   1.6329288e-02
   4.3031927e-02
   7.6291747e-02
   6.1006926e-02
   3.9164696e-02
   3.9354667e-02
   1.5040728e-02
   1.6176306e-02
   2.9768353e-02
   5.9247915e-02
   8.5510947e-02
   7.4402034e-02
   6.1897691e-02
   7.1871579e-02
   4.1110303e-02
   1.9402357e-02
   5.1405009e-02
   2.7424518e-02
   7.5749524e-02
   1.0926952e-01
   8.6550675e-02
   1.0019314e-01
   1.2315716e-01
   1.8335959e-01
   2.0310542e-01
   1.4609337e-01
   8.8695228e-02
   7.0090279e-02
   7.9162493e-02
   6.5646261e-02
   4.1475862e-02
   3.3625357e-02
   5.9931535e-02
   5.3158786e-02
   3.1391576e-02
   3.1977843e-02
   3.6464315e-02
   4.1371651e-02
   8.0645755e-02
   7.5837024e-02
   7.7654436e-02
   1.2892717e-02
   2.0303270e-02
   8.0413938e-02
   5.7143107e-02
   4.3909638e-03
   2.0552138e-02
   6.7401409e-02
   7.0371024e-02
   4.3225452e-02
   2.2076134e-02
   4.1678630e-02
   8.0156907e-02
   5.9567701e-02
   5.8323637e-02
   4.6401877e-02
   4.8925135e-02
   1.5453136e-01
   2.3650110e-01
   2.3992860e-01
   1.1595822e-01
   7.3863957e-03
   1.0960687e-02
   2.9919272e-02
   4.2162534e-02
   4.4325769e-02
   4.0497310e-02
   4.5163639e-02
   6.1556220e-02
   4.6414845e-02
   8.5897468e-02
   7.5047329e-02
   5.5773802e-02
   5.8726531e-02
   4.8818666e-02
   4.9248189e-02
   6.4818747e-02
   5.3079210e-02
   6.5758035e-02
   6.6108234e-02
   7.2564825e-02
   7.4822232e-02
   7.3423319e-02
   7.8844301e-02
   6.3603394e-02
   5.9696682e-02
   3.4128491e-02
   4.3226103e-03
  -1.2298920e-03
   2.7897675e-02
   5.4773882e-02
   9.0936497e-02
   9.4468802e-02
   6.4246729e-02
   5.1051125e-02
   4.7845852e-02
   5.2485798e-02
   3.7604917e-02
   2.7561788e-02
   6.1097074e-02
   7.2417885e-02
   1.0014538e-01
   5.5497222e-02
   8.3485901e-02
   6.0699198e-02
   4.7025800e-02
   6.4108104e-02
   4.0008321e-02
   1.7756714e-02
   3.3476684e-02
   3.6784422e-02
   3.4593999e-02
   2.0340197e-02
   3.4501702e-03
   8.7330174e-03
   2.2053527e-02
   4.5283195e-02
   6.8786077e-02
   5.1961947e-02
   4.9413219e-02
   8.8593274e-02
   5.4342195e-02
   4.6580534e-02
   5.4818176e-02
   3.6706597e-02
   9.5131002e-02
   1.2835087e-01
   9.4219245e-02
   1.0760681e-01
   9.8960854e-02
   6.5390885e-02
   7.2485574e-02
   6.1590660e-02
   8.3120644e-02
   4.4704538e-02
   3.5310950e-02
   4.8869640e-02
   2.7617155e-02
   4.7007333e-02
   2.1416038e-02
   2.9076952e-02
   8.7888330e-02
   9.2453912e-02
   7.0429355e-02
   3.2344457e-02
  -1.8329878e-03
   1.8142717e-02
   4.4013117e-02
   6.2986910e-02
   5.0445072e-02
   4.7543485e-02
   2.0406310e-02
   1.9043807e-02
   2.3995023e-02
   5.6333400e-02
   9.2450671e-02
   6.7573823e-02
   6.8199381e-02
   4.0166613e-02
   4.1317239e-02
   6.2069654e-02
   6.0133729e-02
   2.4560289e-02
   2.4259686e-02
   4.1249387e-02
   3.9375380e-02
   4.2994104e-02
   4.5073140e-02
   5.5570610e-02
   6.2463846e-02
   3.1681832e-02
   8.8230614e-03
   4.2087868e-02
   7.2839126e-02
   4.6711333e-02
   3.5836045e-02
   1.1289521e-02
   2.0473180e-02
   2.9045096e-02
   1.3156736e-02
   2.1036901e-02
   2.0477695e-02
   5.1139381e-02
   5.5994865e-02
   2.7204590e-02
   2.7841484e-02
   2.1547962e-02
   3.8788993e-02
   6.1246671e-02
   4.5775704e-02
   4.2119641e-02
   4.1918129e-02
   3.3850759e-02
   2.0099550e-02
   3.5261087e-02
   5.2434124e-02
   3.1524643e-02
   3.9027371e-02
   5.5613168e-02
   3.4326419e-02
   1.8107364e-02
   2.1644695e-02
   3.5628751e-02
   3.2649986e-02
   5.0781250e-02
   3.5882339e-02
   3.5222717e-02
   2.8047040e-02
   1.9927572e-02
   3.9702956e-02
   6.9699734e-02
   4.9148854e-02
   2.2566365e-02
   1.5783940e-02
   3.3655729e-02
   5.7864100e-02
   1.1133599e-01
   4.8232246e-02
   5.2048810e-02
   4.3399032e-02
   1.8835824e-02
   1.8345574e-02
   4.5573380e-02
   4.3001901e-02
   5.4989845e-02
   6.3774101e-02
   3.2087922e-02
   5.8079485e-02
   6.6652045e-02
   5.1549233e-02
   3.7197959e-02
   1.7456084e-02
   4.9479868e-02
   3.5246532e-02
   4.7749724e-02
   2.4381500e-02
   3.1084420e-02
   1.5224755e-02
   3.0869132e-02
   4.2333890e-02
   4.6831604e-02
   3.4884464e-02
   1.5945720e-02
   3.5762552e-02
   5.2007891e-02
   5.5268995e-02
   6.1515450e-02
   3.6391951e-02
   3.2939166e-02
   3.3503998e-02
   5.2202541e-02
   5.4467708e-02
   2.3965757e-02
   2.4054646e-02
   3.6346058e-03
   2.2197371e-02
   3.4293424e-02
   2.0367954e-02
   5.6108758e-03
   3.1838503e-02
   9.2842735e-02
   1.1428385e-01
   7.9632401e-02
   6.5837704e-02
   9.4782323e-02
   9.0679571e-02
   8.6705409e-02
   8.9209013e-02
   1.0449495e-01
   7.4302606e-02
   7.7592604e-02
   8.4311739e-02
   6.4256281e-02
   6.0892299e-02
   6.9862947e-02
   5.7861973e-02
   5.0850641e-02
   4.6927381e-02
   2.9215997e-02
   3.5637766e-02
   4.4782821e-02
   3.9844338e-02
   6.7805916e-02
   5.7437457e-02
   5.6287557e-02
   6.3746922e-02
   7.1289755e-02
   5.4256864e-02
   2.3372889e-02
   2.2812963e-02
   3.5018474e-02
   6.7954227e-02
   4.4355460e-02
   4.3209970e-02
   2.5188844e-03
   4.1706953e-02
   1.6146321e-02
   1.1592714e-02
   2.0747995e-02
   5.7907198e-02
   8.4976025e-02
   5.2016761e-02
   1.2875689e-02
   4.6763197e-02
   8.6697869e-02
   3.5364166e-02
   5.0812744e-02
   3.0783497e-02
   4.5535658e-02
   3.3224851e-02
   4.5768470e-02
   5.8254112e-02
   6.5947235e-02
   7.5120628e-02
   7.3265687e-02
   3.2873213e-02
   1.8153744e-02
   5.2223038e-02
   8.4637381e-02
   6.4897411e-02
   5.6176953e-02
   1.1803089e-02
   1.3044670e-02
   6.9504015e-02
   8.5282572e-02
   8.5266635e-02
   1.9844901e-02
   1.3225057e-02
   3.7998557e-02
   4.4897087e-02
   5.3619783e-02
   4.5435119e-02
   6.0205802e-02
   6.7387894e-02
   3.6656775e-02
   4.8048064e-02
   4.1661810e-02
   3.7209947e-02
   4.1874751e-02
   4.3654416e-02
   3.0215817e-02
   5.0265379e-02
   5.2815918e-02
   5.5678803e-02
   4.7628552e-02
   5.7266735e-02
   2.9522106e-02
   2.5624953e-02
   4.1084100e-02
   2.0899994e-02
   4.8662815e-02
   2.5542429e-02
   2.1832259e-02
   6.0326006e-02
   5.8118250e-02
   5.4938976e-02
   7.2596639e-02
   4.7658261e-02
   5.4390740e-02
   4.1636422e-02
   2.7531089e-02
   1.5063466e-02
   2.9210322e-02
   3.2268073e-02
   3.0772367e-02
   4.2047706e-02
   6.0782723e-02
   3.8595274e-02
   2.2889310e-02
   3.3634029e-02
   6.2089838e-02
   5.5413913e-02
   6.1350536e-02
   6.0473207e-02
   2.6575902e-02
   5.5705383e-02
   3.5752989e-02
   5.0582127e-03
   1.9938167e-02
  -2.9792446e-03
  -1.9414130e-03
   8.2199313e-03
   2.3802212e-02
   1.7226461e-02
   3.3568520e-02
   4.9905922e-02
   1.8022344e-02
   1.6358590e-02
   3.1214735e-02
   4.9848475e-02
   3.1050213e-02
   2.2510704e-02
   4.3501459e-02
   1.9367790e-02
   3.5334416e-02
   4.7910884e-02
   3.7950389e-02
   2.6256403e-02
   5.0026450e-02
   4.7737114e-02
   3.3410240e-02
   6.2149268e-02
   5.5291735e-02
   4.4189744e-02
   5.0926853e-02
   1.5063968e-02
   4.7514241e-02
   3.0052362e-02
   4.1749943e-02
   3.8143788e-02
   5.0226793e-02
   5.3950004e-02
   6.1196420e-02
   5.4174531e-02
   3.2646496e-02
   6.1118755e-02
   8.7590054e-02
   1.0517249e-01
   4.6013363e-02
   4.5155622e-02
   2.6000673e-02
   1.0542461e-02
   4.2378128e-02
   5.4183707e-02
   4.7556181e-02
   7.6036230e-02
   8.0672942e-02
   6.9990389e-02
   2.2095934e-02
   2.6649071e-03
   2.9988967e-02
   5.9898980e-02
   3.0350862e-02
   4.5335490e-02
   6.6601291e-02
   7.3534079e-02
   3.5975900e-02
   2.6913675e-02
   3.9918810e-02
   1.2813271e-02
   2.8500101e-02
   5.7229917e-02
   5.0478246e-02
   4.0050801e-02
   5.3799704e-02
   4.2564902e-02
   3.1374123e-02
   4.8926134e-02
   2.6432492e-02
   7.1589284e-02
   4.2092253e-02
   2.3411795e-02
   7.5348556e-02
   7.9309680e-02
   2.7135877e-02
   2.0168327e-02
   5.1170450e-02
   5.2815832e-02
   4.0682573e-02
   4.8424341e-02
   3.9048761e-02
   2.6579188e-02
   4.0552769e-02
   2.0924930e-02
   9.9860067e-03
  -3.2735071e-03
   3.7106782e-02
   4.7708649e-02
   6.2974922e-02
   4.5342870e-02
   4.6012715e-02
   4.9918689e-02
   5.5885740e-02
   8.1292465e-02
   3.9158810e-02
   5.5419851e-02
   5.3816870e-02
   4.1989271e-02
   5.8971789e-02
   8.7460898e-02
   3.8836040e-02
   3.0859336e-02
   2.2593580e-02
   2.3445196e-02
   2.6632508e-02
   3.4212966e-02
   1.9548196e-02
   4.1302018e-02
   4.4137862e-02
   1.6199607e-02
   2.4367202e-02
   3.5343722e-02
   3.8377643e-02
   6.7931816e-02
   7.2211273e-02
   4.7062133e-02
   5.0862771e-02
   3.1958554e-02
   2.5868047e-02
   2.6523657e-02
   1.6142223e-02
   4.3717511e-02
   8.1588164e-02
   5.4468229e-02
   5.1823340e-02
   2.1602465e-02
   3.3540726e-02
   4.5083690e-02
   2.9434077e-02
   3.1397492e-02
   4.2636447e-02
   3.2482557e-02
   3.6139522e-02
   6.9063358e-02
   5.2656453e-02
   3.6425486e-02
   1.1710996e-02
   1.5301396e-02
   3.7354592e-02
   4.6410795e-02
   3.6244314e-02
   3.3012114e-02
   2.1685503e-02
   4.6915181e-02
   4.3420956e-02
   1.7760776e-02
   1.6648989e-02
   4.0265910e-02
   2.0596357e-02
   2.9861154e-02
   1.3337109e-02
   3.1177808e-02
   5.0494723e-02
   6.1465085e-02
   3.8307149e-02
   5.8358617e-02
   5.2072585e-02
   4.3279376e-02
   4.3574665e-02
   2.6567882e-02
   3.2525972e-02
   3.1955447e-02
   2.2465128e-02
   5.4794941e-02
   7.9705045e-02
   5.3824715e-02
   5.2774318e-02
   6.6311628e-02
   4.3613575e-02
   3.7620660e-02
   2.9698074e-02
   2.1483667e-02
   5.6320190e-02
   5.5156436e-02
   5.9987303e-02
   6.2961213e-02
   6.4628616e-02
   3.2412287e-02
   1.9865707e-02
   3.9943185e-02
   6.1321061e-02
   4.1918781e-02
   3.6705535e-02
   4.0234879e-02
   3.8223881e-02
   4.3497439e-02
   3.0186158e-02
   2.0736136e-02
   3.5674069e-02
   3.3332109e-02
   3.6660302e-02
   3.0557774e-02
   2.4008308e-02
   5.4741096e-02
   6.2000170e-02
   3.6233936e-02
   5.0981540e-02
   1.4763146e-02
   3.1421806e-03
   3.9730608e-02
   1.9300003e-02
   1.2108314e-02
   2.9307768e-02
   4.2642128e-02
   1.5783394e-02
   2.0030836e-02
   3.4225948e-02
   3.0862425e-02
   4.0697999e-02
   4.5350846e-02
   4.5362126e-02
   4.5498364e-02
   6.8139665e-02
   4.0938642e-02
   3.4445003e-02
   1.3481740e-02
   1.9237211e-02
   2.9581830e-02
   3.3094358e-02
   2.7271546e-02
   1.8823979e-02
   2.8635599e-02
   3.6837969e-02
   5.3169612e-02
   3.1637877e-02
   2.6435845e-02
   2.0347537e-02
   3.3053346e-02
   5.6039877e-02
   6.3077785e-02
   7.1343385e-02
   8.5717455e-02
   1.0519835e-01
   6.2664449e-02
   4.7050115e-02
   4.6845149e-02
   4.6091754e-02
   4.5341063e-02
   4.9659058e-02
   1.7776858e-02
   5.5395737e-02
   1.7746617e-01
   2.0999181e-01
   1.5568909e-01
   9.5618710e-02
   7.7238254e-02
   7.4581839e-02
   5.2756168e-02
   5.3021424e-02
   3.0811997e-02
   8.6592408e-03
   2.8520260e-02
   8.1008084e-02
   5.8548212e-02
   6.5486006e-02
   5.2045308e-02
   3.2166384e-02
   1.8896544e-02
   1.4510714e-02
   2.9108753e-02
   6.1466604e-02
   2.4145510e-02
   4.3809228e-02
   4.0102907e-02
   1.7704278e-02
   5.9106514e-02
   7.4687324e-02
   3.9531562e-02
   2.3036739e-02
   5.6086559e-02
   6.2265079e-02
   1.0258204e-01
   6.3187800e-02
   8.8687107e-02
   1.4043199e-01
   1.0205767e-01
   5.7497032e-02
   6.9901943e-02
   5.8711194e-02
   5.2943274e-02
   5.2252047e-02
   6.2541232e-02
   1.1556510e-01
   2.2552069e-01
   2.1587646e-01
   1.3598458e-01
   1.1876081e-01
   8.1966743e-02
   2.6859125e-02
   2.4259621e-02
   7.0772120e-03
  -1.0769654e-02
   3.0399732e-02
   1.8504879e-02
   4.5285188e-02
   8.6630642e-02
   5.7680905e-02
   2.0483395e-02
   5.6664054e-03
   1.6975436e-02
   3.6398832e-02
   1.7241133e-02
   1.8256115e-02
   9.8982630e-03
   1.4575980e-02
   3.5188429e-02
   1.9809978e-02
   4.7211573e-02
   2.5647910e-02
   3.2070644e-02
   2.8191483e-02
   2.4395023e-02
   4.0174335e-02
   3.8569834e-02
   3.9141115e-02
   3.6289677e-02
   2.6237790e-02
   3.0202515e-02
   2.9571624e-02
   4.0155590e-02
   2.0883782e-02
   8.0342768e-03
   6.2463478e-05
   3.6004834e-02
   1.7075881e-02
   8.4904581e-03
   1.0845308e-02
   4.6440247e-02
   7.6591767e-02
   5.7647042e-02
   1.0921749e-02
   3.6392484e-02
   3.1374529e-02
   2.8765760e-02
   2.3466475e-02
   4.5499843e-02
   3.2335661e-02
   4.9480896e-02
   3.4670662e-02
   2.5988866e-02
   5.9876304e-02
   6.5826014e-02
   9.0485610e-02
   6.4757913e-02
   6.5160267e-02
   2.3755213e-02
   2.4118083e-02
   3.7022956e-02
   3.4860794e-02
   3.2357402e-02
   4.3233730e-02
   2.6763801e-02
   1.3899779e-02
   4.0457312e-02
   2.1582995e-02
   4.0624980e-02
   5.5665299e-02
   5.7547387e-02
   6.5066256e-02
   4.7824834e-02
   2.9145231e-02
   4.2312101e-02
   2.5023228e-02
   4.6819206e-02
   3.8067870e-02
   5.3586096e-02
   4.5691267e-02
   2.5944062e-02
   2.3937257e-02
   3.7063785e-02
   1.6587891e-02
   1.3621224e-02
   1.6065719e-02
   2.6276661e-02
   3.3598736e-02
   5.6855630e-02
   3.1091660e-02
   2.9399881e-02
   5.2859552e-02
   6.4850353e-02
   6.5754347e-02
   6.0740482e-02
   7.5109288e-02
   4.2431824e-02
   3.7142128e-02
   1.8367173e-02
  -1.2838183e-02
   3.2151990e-02
   3.9433464e-02
   2.9092817e-02
   2.0169701e-02
   2.7638558e-02
   4.3976475e-02
   2.4560153e-02
   2.6954785e-02
   3.5995498e-02
   5.1865079e-02
   4.0356968e-02
   3.9523195e-02
   9.9146273e-03
   2.4944237e-03
   2.9758584e-02
   2.5181813e-02
   1.8579204e-02
   3.7919581e-02
   3.6065903e-02
   3.8924109e-02
   6.2254917e-02
   7.1161680e-02
   5.3416766e-02
   3.4385368e-02
   4.5432396e-02
   1.6581669e-02
   5.3371754e-03
   3.6532566e-02
   4.9728841e-02
   3.4144428e-02
   4.4553038e-02
   3.4359951e-02
   2.2188740e-02
   2.9681485e-02
   2.4947712e-02
   3.3401593e-04
   2.1460006e-02
   6.7330636e-02
   8.4348910e-02
   4.3770730e-02
   2.1232791e-02
   4.3825194e-02
   3.5967428e-02
   3.1606965e-02
   2.5464393e-02
   1.4802605e-02
   2.4444837e-02
   5.7416800e-02
   5.8116369e-02
   2.1404473e-02
   4.2723425e-02
   2.6133152e-02
   4.7553744e-02
   4.4051751e-02
   4.3310668e-02
   1.9288797e-02
   2.0773215e-02
   1.9246619e-02
   5.6003317e-02
   3.5732139e-02
   3.5980143e-02
   2.2674004e-02
   3.1336281e-02
   2.6630655e-02
   4.3226037e-02
   6.4403057e-02
   6.2253717e-02
   4.8050374e-02
   2.3696538e-02
   2.9170232e-02
   2.1683313e-02
   3.8734995e-02
   3.1774797e-02
   2.6796293e-02
   3.2311264e-02
   3.8979582e-02
   3.5486743e-02
   3.4946617e-02
   3.4694035e-02
   4.6151377e-02
   3.4627445e-02
   6.2801853e-02
   4.6956677e-02
   1.6653409e-02
   1.8861845e-02
   5.9704911e-02
   5.5834077e-02
   5.3951189e-02
   1.4836172e-02
   5.8336940e-02
   7.7950045e-02
   5.7202097e-02
   2.3697730e-02
   7.1264185e-02
   1.0170729e-01
   4.2897873e-02
   3.6592528e-02
   5.2481093e-02
   3.7183262e-02
   5.6318585e-02
   6.7789614e-02
   5.7917878e-02
   3.3871457e-02
   3.6510997e-02
   2.3203198e-02
   2.4463337e-02
   3.6512617e-02
   3.1200143e-02
   2.3408793e-02
   4.0320851e-02
   4.1717909e-02
   3.9251626e-02
   4.4865131e-02
   3.2771546e-02
   3.8606416e-02
   4.3086741e-02
   4.6450395e-02
   3.0275451e-02
   1.6213823e-02
   7.7665932e-03
   1.4489786e-02
   3.1342603e-02
   1.2349539e-02
   1.6800502e-02
   9.1401767e-03
   2.5636153e-02
   4.2775862e-02
   1.4432256e-02
   3.6111020e-02
   3.8026951e-02
   2.5715526e-02
   3.0799285e-02
   4.7373623e-02
   3.0570000e-02
   1.4245818e-02
   4.5385536e-02
   4.6346348e-02
   3.7738360e-02
   4.4821445e-02
   5.2298237e-02
   5.4529827e-02
   5.3742301e-02
   2.9367417e-02
   4.2860717e-02
   4.9104616e-02
   3.5580177e-02
   2.5039264e-03
   2.6492445e-02
   3.6256783e-02
   3.3117004e-02
   3.2509245e-02
   4.0141787e-02
   3.4011520e-02
   1.8790560e-02
   4.8408274e-02
   2.9133510e-02
   2.5695564e-02
   6.5308504e-02
   6.2673010e-02
   2.3595149e-02
   4.2293359e-02
   7.5100504e-02
   4.7685914e-02
   2.3597425e-02
   2.9674822e-02
   3.9267655e-02
   1.5537045e-02
   9.6320743e-03
   2.8251078e-02
   4.3521192e-02
   5.4493237e-02
   5.8544219e-02
   5.0823458e-02
   5.2822527e-02
   4.0851898e-02
   3.2278031e-02
   9.6925378e-02
   1.0350744e-01
   7.9678901e-02
   8.4619507e-02
   3.3905651e-02
   2.3844015e-02
   3.9972190e-02
   2.4277614e-02
   5.2130613e-02
   4.3730691e-02
   4.7533490e-02
   4.8245125e-02
   6.1591979e-02
   7.0093229e-02
   3.8611915e-02
   5.8545876e-02
   1.1713141e-01
   1.2702809e-01
   8.6944349e-02
   4.4582013e-02
   4.8113145e-02
   1.8552741e-02
  -8.6493641e-03
   5.7177246e-02
   1.3982867e-01
   1.7702959e-01
   1.7144300e-01
   1.2031454e-01
   7.1957126e-02
   2.8933227e-02
   3.6276218e-02
   8.7789036e-02
   7.8142129e-02
   3.1940468e-02
   7.1828336e-02
   7.6538377e-02
   6.4598508e-02
   4.9729086e-02
   4.9803663e-02
   2.5118019e-02
   2.4299610e-02
   5.1918045e-02
   4.5322448e-02
   6.2917873e-02
   5.2012842e-02
   2.6692333e-02
   4.6224821e-02
   2.9245872e-02
   1.8490644e-02
   2.9664122e-02
   5.3569451e-02
   3.7808038e-02
   3.0563183e-02
   7.6635823e-02
   7.7419020e-02
   7.1637414e-02
   7.8350827e-02
   5.2176878e-02
   2.2574771e-02
   3.2228660e-02
   4.2956498e-02
   2.1582164e-02
   4.7310952e-02
   3.2367185e-02
   1.8980557e-02
   4.0028080e-02
   8.6300850e-02
   5.2453581e-02
   3.3982426e-02
   4.9309235e-02
   3.8291853e-02
   2.0319099e-02
   2.7326848e-02
   5.3332362e-02
   5.9437644e-02
   5.3385984e-02
   5.4404207e-02
   6.7312792e-02
   3.1798210e-02
   7.4727997e-02
   9.4684370e-02
   8.0264226e-02
   7.0912480e-02
   8.6258538e-03
   3.7468404e-02
   5.2462466e-02
   2.6306968e-02
   6.1484561e-03
   2.6082214e-02
   3.1824294e-02
   9.4301946e-02
   1.2495353e-01
   8.3853684e-02
   2.3959022e-02
   3.2247998e-02
   6.4624675e-02
   3.2543540e-02
   2.8803935e-02
   1.2087344e-01
   2.2276874e-01
   2.5505480e-01
   1.2401794e-01
   5.1503185e-02
   2.3606611e-02
   1.2707588e-02
   2.9396394e-02
   8.2798824e-02
   8.3943047e-02
   9.2381768e-02
   5.3417180e-02
   4.8625238e-02
   4.1366205e-02
   2.4302287e-02
   5.7773519e-02
   1.3249262e-01
   1.5012695e-01
   1.3983119e-01
   8.0976970e-02
   9.3688555e-02
   1.3975385e-02
   1.7881936e-04
   1.1109120e-01
   2.6197311e-01
   3.4698811e-01
   2.0297898e-01
   8.8102646e-02
   6.1006330e-02
   4.3375254e-02
   4.0357593e-02
   5.9037369e-02
   8.1776239e-02
   5.8726091e-02
   6.1403945e-02
   7.1732439e-02
   6.5770276e-02
   6.8387352e-02
   9.7659692e-02
   1.0047832e-01
   4.5137994e-02
   4.8724663e-02
   2.8826019e-02
   4.8681520e-02
   5.0148789e-02
   5.5176765e-02
   6.1673481e-02
   1.9556215e-02
   3.7008032e-02
   4.6565201e-02
   2.6159765e-02
   4.5506041e-02
   3.6384806e-02
   3.6919780e-02
   1.9011877e-02
   4.9824774e-02
   4.4362873e-02
   7.5544871e-02
   3.9039552e-02
  -9.5959315e-03
  -4.4181742e-04
   1.2660244e-02
  -1.3710327e-06
   4.1932222e-02
   6.2674612e-02
   1.3248532e-01
   1.0842237e-01
   3.4821555e-02
   3.8778536e-02
   1.9343160e-02
   1.1885413e-02
   3.7344810e-02
   4.3826010e-02
   4.9306918e-02
   1.0111476e-01
   1.0479196e-01
   5.7209998e-02
   4.4739373e-02
   3.5217267e-02
   2.0521855e-02
   4.5069225e-02
   1.6547302e-02
   2.4404168e-02
   3.8389929e-02
   6.7964591e-02
   7.4526608e-02
   7.2418436e-02
   1.2551965e-01
   1.4918007e-01
   9.7772315e-02
   4.1861411e-02
  -4.3775090e-03
   5.3321458e-03
   5.0334722e-02
   8.4613673e-02
   7.5378940e-02
   3.9898984e-02
   2.0566879e-02
   3.2907497e-02
   5.9314221e-02
   1.2217073e-01
   9.3765564e-02
   5.8582038e-02
   5.2959073e-02
   5.2960832e-02
  -4.6627042e-03
   1.2689618e-02
   8.9971341e-02
   4.0811983e-01
   6.2908792e-01
   4.4254005e-01
   2.5580570e-01
   9.1067761e-02
  -1.9089933e-02
   1.8657291e-02
   1.1218611e-01
   1.7546293e-01
   1.4875436e-01
   8.0215089e-02
   9.8531693e-02
   1.3940132e-01
   6.3908361e-02
   1.0987663e-01
   5.2981985e-01
   9.9999297e-01
   9.8925060e-01
   5.5277783e-01
   2.1038719e-01
   6.8679415e-02
   2.7932536e-02
   8.1952345e-03
   2.7316073e-02
   4.9893994e-02
   5.1123980e-02
   1.3808779e-01
   2.3231906e-01
   1.7195977e-01
   9.9678300e-02
   8.9296423e-02
   7.0912108e-02
   9.5362075e-02
   5.0075337e-02
   2.7576424e-02
   6.3525148e-02
   5.2713253e-02
   6.2291138e-02
   3.9955828e-02
   1.2938754e-01
   1.3894950e-01
   1.0045992e-01
   3.9264444e-02
   4.7020204e-03
   2.6426293e-02
   4.8176203e-02
   4.4569302e-02
   7.9835981e-02
   1.3184430e-01
   1.6152398e-01
   1.3769649e-01
   1.1619003e-01
   6.7279793e-02
   5.2487183e-02
   7.1538858e-02
   3.9156470e-02
  -2.2770374e-03
   2.2001376e-02
   4.9966592e-02
   3.8348597e-02
   8.7279066e-02
   9.1245554e-02
   5.8248073e-02
   2.6528336e-02
   2.4774475e-02
   1.0703607e-02
   1.3840502e-02
   1.3862350e-02
   2.6401429e-02
   1.8901100e-02
   2.5779994e-02
   6.9671281e-02
   3.5414577e-02
   3.8649794e-02
   5.5909105e-02
   3.8665023e-02
   5.7051688e-02
   1.1540706e-01
   7.1300864e-02
   4.8492320e-02
   1.3688670e-01
   2.5639054e-01
   2.2894494e-01
   1.3669731e-01
   9.7699940e-02
   1.1868636e-01
   1.2202968e-01
   9.0347171e-02
   3.0421516e-02
   4.1627679e-02
   2.1484838e-01
   2.2200531e-01
   2.6845220e-01
   2.4724832e-01
   1.4511868e-01
   1.1151074e-01
   1.6657317e-01
   1.8635646e-01
   1.3258933e-01
   1.4711307e-01
   4.0379044e-01
   4.4535422e-01
   2.1315309e-01
   1.4646414e-01
   2.9371977e-01
   2.7711931e-01
   2.1351640e-01
   2.2297621e-01
   2.3270902e-01
   1.4469075e-01
   9.1821089e-02
   1.0038977e-01
   1.2889659e-01
   6.6841878e-02
   1.8816671e-03
   1.7594362e-02
   6.4029209e-02
   4.6083711e-02
   6.7283064e-02
   5.9203930e-02
   4.6499904e-02
   8.5361465e-04
   1.4691385e-02
   8.2442975e-03
   1.3592040e-02
   9.1913249e-03
   8.4903300e-02
   1.5224607e-01
   9.9270731e-02
   9.8626934e-02
   6.5703712e-02
   5.8122467e-02
   1.6790852e-02
   5.4587450e-02
   9.8291703e-02
   1.1752667e-01
   8.8806584e-02
   8.9196391e-02
   1.0629775e-01
   1.1165636e-01
   5.4880053e-02
   6.7731790e-02
   1.3179496e-01
   9.9582657e-02
   8.5539304e-02
   7.1074851e-02
   8.1861012e-02
   9.3394347e-02
   9.0960711e-02
   5.6956604e-02
   4.5815941e-02
   2.4914453e-02
   3.9054208e-02
   4.1504856e-02
   9.9734776e-02
   1.5299723e-01
   6.2337764e-02
   2.2689527e-02
  -1.5365010e-02
   2.4204692e-02
   5.7573665e-02
   2.0187232e-01
   5.6142914e-01
   6.2127191e-01
   4.3396428e-01
   2.4191959e-01
   8.9777544e-02
   4.5541391e-02
   2.1197289e-02
   4.7122080e-02
   3.0407676e-02
   7.5417869e-02
   1.4145403e-01
   1.9813901e-01
   1.9433598e-01
   1.0295264e-01
   5.3633686e-02
   5.9861779e-02
   6.0322877e-02
   3.4675643e-02
   5.9031386e-02
   3.5437789e-02
   4.2233091e-02
   5.3122044e-02
   4.2771410e-02
   6.7714654e-02
   8.1572890e-02
   5.8091138e-02
   6.2209979e-02
   5.6554545e-02
   6.8393134e-02
   5.7102539e-02
   7.6003872e-02
   5.0717775e-02
   6.2944137e-02
   4.9007308e-02
   8.2020715e-02
   1.0080123e-01
   8.7625377e-02
   3.9023276e-02
   4.8803970e-02
   4.6771307e-02
   7.3939376e-02
   4.6343595e-02
   4.9648747e-02
   8.0816761e-02
   1.3855807e-01
   8.4713235e-02
   1.1634582e-01
   1.5135746e-01
   1.4584416e-01
   1.0348335e-01
  -1.1495497e-02
   1.2428780e-02
   7.6831371e-02
   7.5743683e-02
   2.3375441e-01
   2.5824100e-01
   1.9211534e-01
   1.2816891e-01
   1.2486244e-01
   1.3844889e-01
   4.6727020e-02
   5.3185742e-02
   9.2406847e-02
   1.0023580e-01
   1.3838017e-01
   1.8883342e-01
   1.4291106e-01
   4.7463655e-02
   1.1548539e-01
   2.4284980e-01
   1.3864596e-01
   8.6357564e-02
   2.6093614e-01
   4.4091201e-01
   3.5891891e-01
   1.0753722e-01
   9.1456309e-02
   1.3459219e-01
   1.0619456e-01
   8.8260084e-02
   7.6300181e-02
   8.3540723e-02
   7.3019959e-02
   4.4202916e-02
   4.3756593e-02
   7.6594666e-02
   3.2649413e-02
   9.3112521e-02
   1.4260270e-01
   1.6829422e-01
   1.0789949e-01
   6.7852706e-02
   1.0355850e-01
   6.6459306e-02
   1.1600309e-01
   1.6077332e-01
   1.3066654e-01
   5.9587061e-02
   6.7735732e-02
   6.6468589e-02
   5.0469521e-02
   2.2694346e-02
   8.7129287e-02
   1.1605848e-01
   5.5245958e-02
   1.0263725e-01
   2.1098737e-01
   2.5971982e-01
   1.3371041e-01
   4.7497515e-02
   5.7855152e-02
   1.2431216e-02
   5.5999309e-02
   1.6332258e-01
   2.7179673e-01
   3.0737451e-01
   2.8068015e-01
   2.1502978e-01
   1.2255373e-01
   7.1647987e-02
  -8.1080319e-03
  -1.1311784e-02
  -1.1563312e-03
   1.0257121e-02
   6.5302111e-02
   1.0735235e-01
   1.0142993e-01
   1.0713498e-02
  -6.6410745e-03
  -1.8172778e-02
   2.0725861e-02
   4.7558699e-02
   7.7975191e-02
   1.1182577e-01
   8.3583251e-02
   7.6301165e-02
   1.0596546e-01
   8.7664530e-02
   8.0247767e-02
   6.1071534e-02
   6.8879411e-02
   5.0910711e-02
   6.9798037e-02
   1.1300394e-01
   9.3308337e-02
   8.5026950e-02
   8.4900647e-02
   8.4102057e-02
   8.6768121e-02
   8.7131128e-02
   3.7704494e-02
   1.0258204e-01
   6.8448357e-02
   4.6030037e-02
   7.8421451e-02
   7.0410751e-02
   4.2888682e-02
   7.6323636e-02
   1.1007081e-01
   3.3098262e-02
   2.4738826e-02
   6.6816518e-03
   1.9874100e-02
   7.5344950e-02
   7.7043518e-02
   1.8564960e-01
   2.6737124e-01
   1.8631268e-01
   1.0063216e-01
   2.9434374e-02
   1.1397638e-02
   2.6669914e-03
   1.3716981e-01
   5.9091794e-01
   9.5088500e-01
   7.6470554e-01
   4.6597901e-01
   2.2896893e-01
   8.3559424e-02
   5.3023513e-02
   5.4330572e-02
   2.5546329e-02
   5.4525509e-02
   1.1879498e-01
   1.7015237e-01
   1.7345624e-01
   1.1775099e-01
   8.1979871e-02
   8.5940331e-02
   2.0763373e-02
  -9.9850120e-04
   4.7576711e-02
   5.9089810e-02
   8.7716118e-02
   4.0103544e-02
   4.9851730e-02
   5.7698268e-02
   7.7150114e-02
   1.2394793e-01
   1.7895617e-01
   1.2088038e-01
   4.6369273e-02
   3.5014261e-02
   7.3072620e-02
   8.1386060e-02
   2.3648438e-01
   5.9237999e-01
   6.8717134e-01
   4.9822256e-01
   2.9768649e-01
   1.4931384e-01
   2.7162317e-02
   2.6044142e-02
   2.2101117e-02
   1.8088395e-02
   6.7845523e-02
   2.0189217e-01
   4.7306660e-01
   5.6534070e-01
   4.1259560e-01
   2.1027930e-01
   1.3597782e-01
   8.5692726e-02
   1.5930267e-02
   9.7652040e-02
   2.9032207e-01
   4.5305046e-01
   4.4232473e-01
   2.6639915e-01
   1.7061125e-01
   1.4647038e-01
   1.4124900e-01
   6.4598486e-02
   1.7530926e-02
   9.1151688e-03
   1.3610788e-01
   3.8690567e-01
   7.1928215e-01
   6.8824267e-01
   4.4020379e-01
   1.9921912e-01
   1.3828866e-01
   1.2166900e-01
   1.2237746e-01
   7.0421153e-01
   1.6656107e+00
   1.9434240e+00
   1.5215914e+00
   1.1620427e+00
   1.1231060e+00
   1.0023447e+00
   7.0675039e-01
   3.7999395e-01
   1.4076829e-01
   1.3909973e-01
   1.0422840e+00
   3.9700758e+00
   7.0756674e+00
   6.6348743e+00
   3.7562695e+00
   1.4656818e+00
   3.9489743e-01
   1.6990592e-01
   2.3186171e+00
   1.3679837e+01
   2.8032732e+01
   2.7930592e+01
   1.6963346e+01
   7.0878630e+00
   2.4203091e+00
   6.0706389e-01
   7.9618648e-02
   5.2054670e-02
   6.9540167e-01
   3.4500031e+00
   6.8308601e+00
   6.7973208e+00
   4.2552161e+00
   1.9247520e+00
   5.3748488e-01
  -3.2577157e-02
   3.8553592e-02
   6.4753747e-01
   1.0164919e+00
   1.5337713e+00
   2.1032555e+00
   1.7364815e+00
   9.2778265e-01
   3.7063670e-01
   1.5734139e-01
   5.6894593e-02
   1.0675135e-01
   3.0400595e-01
   4.8666897e-01
   5.9774715e-01
   8.2976949e-01
   1.1618720e+00
   1.6233516e+00
   1.5558318e+00
   8.0665386e-01
   1.5522349e-01
  -1.0321021e-02
   1.3427255e-01
   2.8900817e-01
   2.5998953e-01
   2.1507867e-01
   2.1397586e-01
   2.3112841e-01
   2.5631210e-01
   1.7050166e-01
   1.5609819e-01
   2.2091958e-01
   2.8853408e-01
   1.9151452e-01
   1.2409837e-01
   1.5336668e-01
   1.7851654e-01
   2.0532162e-01
   1.0626873e-01
  -4.1208509e-02
  -6.3128904e-02
   1.4099876e-02
   1.3498677e-01
   2.0566019e-01
   1.2929845e-01
   1.5303270e-02
  -7.0602722e-02
  -5.9219930e-02
   2.2490536e-01
   5.0718564e-01
   8.1332707e-01
   7.1063423e-01
   4.4369659e-01
   1.0207308e-01
   4.9697906e-02
   5.9594125e-01
   1.8883071e+00
   2.3501775e+00
   1.4996458e+00
   5.6263363e-01
   1.9641338e-01
   3.6156645e-01
   7.5641459e-01
   8.0997020e-01
   3.9769721e-01
   2.6304579e-01
   4.2572999e-01
   4.4833955e-01
   5.0529689e-01
   1.4272560e+00
   3.2868299e+00
   3.5588667e+00
   2.2554963e+00
   1.1457661e+00
   4.3893632e-01
   1.9505274e-01
   1.5853779e-01
   1.3830867e-01
   1.3523108e-01
   4.7711876e-01
   9.5592868e-01
   9.9312538e-01
   6.6262454e-01
   3.4358189e-01
   4.2171851e-02
  -3.7085660e-02
  -1.6273092e-02
   6.0265925e-02
   2.5488997e-01
   3.4469694e-01
   4.3254766e-01
   2.8827524e-01
   1.1178158e-01
  -2.8962614e-02
  -2.3428371e-02
   1.3568309e-02
   9.7210864e-03
   1.1997862e-01
   1.9791228e-01
   1.2496353e-01
   1.1740951e-01
   1.8381301e-01
   2.7565306e-01
   3.1812510e-01
   2.3457749e-01
   1.3294864e-01
   9.1922246e-02
   9.5345370e-02
   1.9142123e-01
   2.2205944e-01
   2.1768349e-01
   2.6008856e-01
   2.2747310e-01
   1.7129487e-01
   8.7716646e-02
   7.0138820e-02
   1.2328661e-01
   2.9612029e-01
   4.0452230e-01
   3.4045941e-01
   2.4867265e-01
   1.9292669e-01
   9.8432980e-02
   1.2766118e-01
   2.9838121e-01
   4.2662805e-01
   4.3712354e-01
   5.3003258e-01
   4.7445387e-01
   1.7030562e-01
   1.4258039e-01
   3.4105149e-01
   5.8926696e-01
   7.1915394e-01
   6.7431706e-01
   4.3891749e-01
   1.7717040e-01
   1.9785462e-01
   5.3687972e-01
   9.2919010e-01
   9.6753120e-01
   7.4515480e-01
   3.2848588e-01
   5.2611832e-02
   6.5135553e-02
   1.0443388e+00
   2.3575575e+00
   2.6935933e+00
   1.8891965e+00
   8.5868603e-01
   3.4370750e-01
   1.2923768e-01
   1.1347197e+00
   3.9950879e+00
   5.8967795e+00
   5.1782670e+00
   3.0336335e+00
   1.4978324e+00
   6.0361940e-01
   3.9415997e-01
   5.8256519e-01
   8.0302233e-01
   1.1091827e+00
   1.5369264e+00
   1.7054472e+00
   1.3138216e+00
   8.4620214e-01
   6.4371288e-01
   5.7422662e-01
   4.0221575e-01
   3.3263397e-01
   3.5125756e-01
   5.1201010e-01
   6.1225957e-01
   5.4740882e-01
   3.1672385e-01
   1.5508550e-01
   1.4026253e-01
   1.0609542e-01
   2.0800166e-01
   2.6010618e-01
   2.1064751e-01
   2.1000370e-01
   2.3564178e-01
   2.0034052e-01
   1.6650596e-01
   8.8658005e-02
   7.3277906e-02
   7.0377834e-02
   8.5018471e-02
   1.6351658e-01
   2.2022644e-01
   1.8862642e-01
   1.3945359e-01
   5.7624463e-02
   7.5369120e-02
   9.4914012e-02
   4.2063303e-04
   4.2351436e-02
   5.3913962e-02
   1.3856687e-01
   1.4119320e-01
   9.5769569e-02
   4.7905669e-02
   2.0024698e-02
   6.7706868e-02
   2.1110395e-02
   8.5493110e-02
   1.7140628e-01
   2.2580704e-01
   2.1598467e-01
   2.1081033e-01
   1.0500503e-01
   7.6930322e-02
   9.9202082e-02
   7.6224804e-02
   7.4826844e-02
   2.1823074e-01
   3.5137743e-01
   2.1056874e-01
   9.9996582e-02
   1.0215157e-01
   1.2073432e-01
   1.5832999e-01
   1.7606135e-01
   1.3372736e-01
   6.8312198e-02
  -3.5225846e-02
   7.9427451e-02
   3.4325650e-01
   5.2689362e-01
   4.5369497e-01
   2.7436697e-01
   1.4153431e-01
   2.6684189e-02
   7.8700870e-02
   4.3940285e-01
   8.7430710e-01
   8.6333466e-01
   5.1628131e-01
   3.1111172e-01
   1.8726979e-01
   8.6937636e-02
   1.2977928e-01
   1.7399688e-01
   1.7743731e-01
   2.6735064e-01
   2.8288269e-01
   2.3752871e-01
   1.4488682e-01
   7.1817048e-02
   1.4716442e-01
   1.2885475e-01
   1.4515862e-01
   1.1120754e-01
   1.0391237e-01
   1.8129668e-01
   1.5584782e-01
   9.3050651e-02
   8.1820287e-02
   5.3140469e-02
   5.7794843e-02
   7.6972850e-02
   5.2088514e-02
   8.6063989e-02
   7.0500091e-02
   8.1914216e-02
   5.4197360e-02
   3.1219373e-02
   9.8969415e-02
   1.0548424e-01
   2.3536844e-02
   4.4293836e-02
   5.3181682e-02
   9.4669372e-02
   7.1762785e-02
   8.6155191e-02
   8.7008461e-02
   5.6023471e-02
   6.4724140e-02
   4.0716417e-03
   2.6416127e-03
   7.6751381e-02
   1.0325900e-01
   1.2570827e-01
   1.6273466e-01
   1.0952333e-01
   6.8187989e-02
   6.2821223e-03
  -1.1873511e-03
   4.3236148e-02
   7.7739365e-02
   1.3367188e-01
   8.1644826e-02
   7.3808119e-02
   5.9729211e-02
   3.9691061e-02
   8.0297254e-02
   1.4160995e-01
   1.6039902e-01
   1.0288766e-01
   3.2876253e-02
   4.2980287e-02
   5.4110296e-02
   1.4384460e-01
   1.6469273e-01
   9.8217301e-02
   7.2506256e-02
   3.2073032e-02
   4.5643669e-02
   5.2057657e-02
   1.2971911e-01
   2.2396243e-01
   2.1898098e-01
   8.9426644e-02
  -3.1483982e-02
  -2.8588420e-02
   3.5820238e-02
   1.7071804e-01
   3.2727367e-01
   3.5551119e-01
   2.3035710e-01
   1.2168394e-01
   4.7947537e-02
   6.7582145e-02
   1.1547763e-01
   2.1066749e-01
   2.0925030e-01
   1.4965567e-01
   1.4140381e-01
   4.8512299e-02
   1.3691289e-02
   5.8654170e-02
   1.4709973e-01
   1.8056390e-01
   1.6209330e-01
   7.5872958e-02
   5.6813933e-02
   7.1992591e-02
   1.6098201e-01
   2.0344472e-01
   1.9069225e-01
   1.3148913e-01
   4.4935074e-02
   6.5446515e-03
   8.1554517e-02
   2.1038927e-01
   2.5681713e-01
   1.7874381e-01
   1.7909671e-01
   5.8843013e-02
  -1.1677549e-03
   4.2817242e-02
   3.0462158e-01
   6.3644534e-01
   6.4720565e-01
   4.2799342e-01
   1.0924670e-01
  -2.7498868e-04
   2.5763474e-02
   1.7813365e-01
   4.2008203e-01
   4.7955152e-01
   3.1028372e-01
   2.5557998e-01
   1.5346196e-01
   6.3952021e-02
   1.1829084e-01
   2.1658321e-01
   3.1028134e-01
   2.9374662e-01
   1.7032968e-01
   1.1790468e-01
   1.1244418e-01
   6.4790219e-02
  -3.5118430e-03
   3.4094192e-02
   8.0592334e-02
   8.6615533e-02
   9.6556313e-02
   1.0249974e-01
   1.0061455e-01
   4.5145109e-02
  -1.5678460e-02
   4.0460352e-02
   3.3921029e-02
   6.2263966e-02
   7.7586912e-02
   5.0299298e-02
   7.4557304e-02
   2.3946440e-02
   3.1603187e-02
   3.7397809e-02
   4.1774079e-02
   2.7354209e-02
   5.4233603e-02
   4.3396130e-02
   2.6848126e-02
   4.5697581e-02
   9.6313678e-02
   1.2176098e-01
   1.2567532e-01
   8.6457342e-02
   5.6378543e-02
   6.1441742e-02
   3.9960809e-02
   2.9613620e-02
   6.5333515e-02
   7.6177716e-02
   8.4414922e-02
   4.5272794e-02
   5.2518297e-02
   5.8152460e-02
   3.0421825e-02
   6.9749773e-02
   1.1229055e-01
   1.3488513e-01
   1.1284975e-01
   1.0052266e-01
   8.6254425e-02
   1.1794520e-01
   1.3957347e-01
   6.3569844e-02
   7.8900471e-02
   9.2122175e-02
   9.3401894e-02
   6.7787431e-02
   1.0835759e-01
   1.2507175e-01
   1.2278204e-01
   9.9200010e-02
   4.6494715e-02
   5.3380571e-02
   4.7716327e-02
   1.2851731e-01
   2.3896286e-01
   1.9577453e-01
   8.1099406e-02
   3.6229227e-02
   4.5454185e-02
   6.3300900e-02
   9.1040157e-02
   1.7353182e-01
   1.3482022e-01
   1.4568396e-01
   1.5906967e-01
   2.0051387e-01
   1.9923580e-01
   2.4768795e-01
   2.0736115e-01
   1.3512552e-01
   9.6024491e-02
   1.3518009e-01
   2.1533640e-01
   3.2813156e-01
   2.7129319e-01
   1.7253654e-01
   1.3254814e-01
   1.0914863e-01
   1.5386230e-01
   3.5267797e-01
   3.6082631e-01
   2.3233950e-01
   1.6056420e-01
   5.3642962e-02
   7.7844590e-02
   2.2750941e-01
   3.6249146e-01
   4.2093790e-01
   4.1289511e-01
   3.1104562e-01
   1.1403183e-01
   1.4967526e-01
   2.9292101e-01
   4.3234327e-01
   4.7179034e-01
   3.9456913e-01
   2.7601856e-01
   2.0011447e-01
   2.1936554e-01
   3.9724275e-01
   6.6957414e-01
   6.4040858e-01
   4.6346429e-01
   2.5029060e-01
   4.7079202e-02
   1.1528376e-01
   5.8627468e-01
   8.8276404e-01
   6.9850707e-01
   4.1207922e-01
   1.7096801e-01
   1.5876202e-02
   2.8253606e-01
   9.0342724e-01
   1.4336646e+00
   1.4679501e+00
   9.5646524e-01
   4.0289178e-01
   1.4427795e-01
   3.2556519e-01
   8.4245390e-01
   1.3409681e+00
   1.2377340e+00
   7.3127514e-01
   4.5890290e-01
   2.9119542e-01
   3.8550144e-01
   8.7588048e-01
   1.0653570e+00
   8.1642210e-01
   5.3065991e-01
   4.0308249e-01
   3.4287867e-01
   4.6202803e-01
   6.9891018e-01
   7.2420472e-01
   4.2014840e-01
   3.2942614e-01
   2.4013491e-01
   2.8615800e-01
   3.6970189e-01
   2.1098536e-01
   1.7928067e-01
   1.5944627e-01
   1.7833896e-01
   3.2337514e-01
   4.5891365e-01
   4.2836735e-01
   2.5883886e-01
   1.8423879e-01
   1.7699164e-01
   1.7085433e-01
   1.4786518e-01
   1.1634713e-01
   1.0377460e-01
   9.3193226e-02
   8.4496222e-02
   1.6991544e-01
   1.0834657e-01
   9.7591773e-02
   1.0956457e-01
   7.3635787e-02
   7.7103809e-02
   6.0341798e-02
   7.7028521e-03
   2.5875660e-02
   6.0346145e-02
   1.0300542e-01
   1.5052365e-01
   1.0546133e-01
   6.1096292e-02
   1.6952885e-02
   3.4429424e-02
   4.2626038e-02
   7.9509683e-02
   1.2250493e-01
   7.5842373e-02
   4.5162898e-02
   6.9824338e-02
   6.9397204e-02
   1.4533949e-01
   1.5077056e-01
   1.3608566e-01
   8.9107364e-02
   1.2797757e-02
   8.0597445e-02
   2.5240016e-01
   1.7547427e-01
   1.2226195e-01
   8.8951752e-02
   9.1177106e-02
   2.7945887e-02
   1.1769342e-01
   2.3668090e-01
   3.6062121e-01
   3.2335627e-01
   1.4268847e-01
   6.1724722e-02
   6.1444126e-02
   7.2292246e-02
   1.5651752e-01
   2.7539265e-01
   1.9495220e-01
   8.6756475e-02
   4.7131766e-02
   3.2688908e-02
   2.2184844e-01
   2.9560381e-01
   2.0875539e-01
   1.4703070e-01
   6.4422995e-02
   7.7261597e-02
   1.1692596e-01
   1.4590479e-01
   1.4245577e-01
   1.3028364e-01
   1.0358956e-01
   6.4111777e-02
   8.3588868e-02
   1.0638493e-01
   4.6922158e-02
   5.9371628e-02
   2.1069817e-02
   5.0272889e-02
   5.6813251e-02
   1.0998943e-01
   1.9621927e-01
   1.9988763e-01
   1.1194779e-01
   5.5517960e-02
   4.4648748e-02
   4.7180490e-03
   5.8739878e-02
   6.3616432e-02
   5.9210476e-02
   8.6094007e-02
   4.8226766e-02
   4.3065716e-02
   5.9314981e-02
   1.0280067e-01
   1.4305022e-01
   7.0032500e-02
   5.3976636e-02
   2.8857494e-02
   2.1327028e-02
   6.2168676e-02
   5.1755015e-02
   4.7885239e-02
   6.6710673e-02
   2.7135773e-02
   2.0107996e-02
   4.5664389e-02
   5.1734768e-02
   7.3643222e-02
   8.0391094e-02
   1.1456440e-01
   7.4497007e-02
   9.0006560e-02
   6.7672901e-02
   7.5479753e-02
   7.8822589e-03
  -5.9352844e-04
   3.9078511e-02
   1.0973237e-01
   1.1562592e-01
   9.8618947e-02
   5.9634212e-02
   4.4106089e-02
   8.8551946e-02
   1.3025154e-01
   1.3027970e-01
   1.5850833e-01
   1.4727902e-01
   1.2981886e-01
   8.9947455e-02
   5.6550417e-02
   3.1385317e-02
   1.0775470e-03
   6.0431521e-02
   5.5973507e-02
   7.5028718e-02
   7.5286672e-02
   4.3238211e-02
   1.9187860e-02
   3.9561760e-02
   4.1331336e-02
   7.1949273e-02
   3.7023209e-02
   3.9060310e-02
   4.1524298e-02
   1.1244360e-02
   5.5304751e-02
   5.5376764e-02
   9.3273565e-02
   1.1273535e-01
   4.8449587e-02
   5.8302186e-02
   4.9336214e-02
   6.2143464e-02
   4.9476441e-02
   5.7482772e-02
   3.3551011e-02
   3.8580231e-02
   3.8356375e-02
   5.2470438e-02
   2.1014715e-02
   3.2257158e-02
   4.6190515e-02
   5.5007257e-02
   8.6711362e-02
   5.2208927e-02
   5.8822677e-02
   4.0147420e-02
   6.8083905e-02
   1.6313044e-02
   3.7433766e-02
   6.8359040e-02
   6.7340463e-02
   4.6380073e-02
   9.8508760e-02
   5.1027577e-02
   5.1761728e-02
   3.6540743e-02
   4.8315991e-02
   3.9155163e-02
   5.9381276e-02
   4.4493746e-02
   6.3244365e-03
   6.2793731e-03
   3.9007783e-02
   1.2541327e-02
   6.5141365e-02
   4.6796009e-02
   9.5596842e-02
   9.0695947e-02
   5.7343211e-02
   2.7400345e-02
   1.4157574e-02
   5.8803381e-03
   5.3016771e-02
   4.6733510e-02
   6.8281725e-02
   7.9319812e-02
   5.6386366e-02
   7.0044048e-02
   4.1517872e-02
   3.8926344e-02
   2.7340518e-02
   2.7239591e-02
   5.2865732e-02
   7.2824672e-02
   7.5379476e-02
   8.2237147e-02
   6.4473368e-02
   4.1026477e-02
   5.8800090e-02
   7.7618122e-02
   7.9650238e-02
   6.0040567e-02
   3.0956270e-02
   5.4206859e-02
   2.5837557e-02
   3.0341066e-02
   8.3305672e-02
   8.9002341e-02
   1.0945196e-01
   8.3365843e-02
   3.8858648e-02
   3.6888625e-03
   2.4345962e-02
   5.9913266e-02
   3.9429210e-02
   2.9874269e-02
   4.4229548e-02
   3.1053573e-02
   2.0217022e-02
   4.6983220e-02
   4.6646308e-02
   1.3781446e-02
   2.0071266e-02
   5.7054643e-02
   6.4360045e-02
   6.2838815e-02
   6.8491772e-02
   2.5873499e-02
   4.3968219e-02
   7.6893695e-02
   5.1388599e-02
   4.8980512e-02
   5.0704867e-02
   2.9087797e-02
   1.2612179e-02
   5.7199027e-02
   6.5701932e-02
   2.6138794e-02
   6.2772043e-02
   7.2363958e-02
   7.1775205e-02
   3.4544405e-02
   3.8848590e-02
   3.5500295e-02
   4.6195123e-02
   3.8805112e-02
   2.6553491e-02
   1.5221599e-02
   2.6335530e-02
   4.3618407e-02
   5.9006844e-02
   2.9000929e-02
   2.2832777e-02
   1.2417132e-02
   3.5709176e-02
   3.8295597e-02
   4.8216984e-02
   3.1165494e-02
   3.2865781e-02
   4.3907933e-02
   3.8225859e-02
   4.5234811e-02
   4.2864148e-02
   2.9186904e-02
   2.8035609e-02
   4.3476652e-02
   4.1991550e-02
   4.8930597e-02
   4.8578519e-02
   3.8785797e-02
   2.9533252e-02
   1.5856732e-02
   2.2691533e-02
   4.0937588e-02
   3.6128860e-02
   2.1805184e-02
   1.2344804e-02
   3.2209035e-02
   6.1369769e-02
   6.1856955e-02
   4.2537641e-02
   4.7999494e-02
   4.3926936e-02
   4.2334985e-02
   2.9118994e-02
   6.3493147e-02
   1.6487911e-02
   3.2002300e-03
   1.8653836e-02
   3.9095595e-02
   5.1479246e-02
   4.2026494e-02
   4.0418189e-02
   4.8375204e-02
   6.3285798e-02
   6.2634066e-02
   3.7690166e-02
   5.7614543e-02
   3.1416208e-02
   3.6668416e-02
   2.5161309e-02
   6.4606801e-02
   6.4633749e-02
   2.0189378e-02
   5.0971247e-02
   5.1128775e-02
   2.3663325e-02
   3.2998681e-02
   3.0308226e-02
   4.7906838e-02
   3.2343786e-02
   1.8194122e-02
   6.9722682e-02
   4.4219252e-02
   4.1294895e-02
   6.9603473e-02
   6.3460216e-02
   5.5110063e-02
   4.2494472e-02
   1.5461263e-02
   5.1090633e-03
   7.5986892e-02
   5.4109666e-02
   3.0767849e-02
   2.8023450e-02
   2.8639121e-02
   1.7489797e-02
   1.7628269e-02
   3.9801799e-02
   2.8281024e-02
   3.8409527e-02
   3.1208759e-02
   7.2679937e-02
   5.6176554e-02
   5.6394543e-02
   3.5341073e-02
   4.5290403e-02
   3.6955390e-02
   6.1218064e-02
   4.0080644e-02
   4.4353195e-02
   4.8879817e-02
   3.5768926e-02
   5.1913444e-02
   4.7776837e-02
   2.5294393e-02
   2.8836884e-02
   4.8301451e-02
   5.5439439e-02
   4.6229478e-02
   3.6393460e-02
   2.5402557e-02
   3.4058921e-02
   3.5149127e-02
   5.3851962e-02
   5.0617851e-02
   4.6926558e-02
   2.7665474e-02
   4.0359501e-02
   4.0972613e-02
   2.6195377e-02
   3.1193454e-02
   2.7788458e-02
   3.2857858e-02
   6.2744491e-02
   6.8228222e-02
   3.6170729e-02
   2.8664229e-02
   6.2743537e-03
   4.0629808e-02
   5.0381031e-02
   5.0366640e-02
   6.0382437e-02
   4.3582443e-02
   5.4519288e-02
   3.0468427e-02
   4.1846313e-02
   2.4449915e-02
   2.9491803e-02
   4.9048997e-03
   2.3456769e-02
   2.7015083e-02
   3.7140254e-02
   3.0654686e-02
   5.4637466e-02
   3.9847016e-02
   2.5147641e-02
   1.9900601e-02
   2.9762549e-02
   2.0896116e-02
   3.7572917e-02
   5.2101534e-02
   4.9054913e-02
   5.0489850e-02
   5.2938044e-02
   4.3564133e-02
   4.3800041e-02
   3.6413971e-02
   3.5676137e-02
   5.9527364e-02
   2.8775975e-02
   3.4712344e-02
   4.2570084e-02
   3.1286079e-02
   1.4115778e-02
  -1.0903127e-02
   3.2548498e-02
   4.9056698e-02
   2.9680148e-02
   4.6091370e-02
   4.2902526e-02
   3.4421798e-02
   3.4930073e-02
   1.8242577e-02
   3.2809809e-02
   4.1841548e-02
   6.6123731e-02
   4.0121060e-02
   3.6339667e-02
   4.2728245e-02
   3.7208859e-02
   3.7663914e-02
   6.9787949e-02
   8.8949449e-02
   5.8135837e-02
   2.0418258e-02
   2.5750816e-02
   3.1273361e-02
   8.7805436e-04
   2.2696933e-02
   3.7126590e-02
   1.4740183e-02
   3.4569051e-02
   4.1777909e-02
   3.6602408e-02
   4.6542678e-02
   4.0405903e-02
   4.5627259e-02
   3.5347279e-02
   2.5178572e-02
   3.3091631e-02
   2.0146329e-02
   5.7009710e-03
   9.0963654e-03
   1.6591102e-02
   3.0181117e-02
   5.6764498e-02
   5.6940459e-02
   4.9816869e-02
   2.2230808e-02
   3.3279251e-02
   2.0265762e-02
   2.4766278e-02
   2.2313805e-02
   3.5623770e-02
   3.3721723e-02
   2.6590806e-02
   3.7139658e-02
   3.6127806e-02
   1.9889714e-02
   2.2715524e-02
   2.8509391e-02
   3.0522535e-02
   3.4385711e-02
   3.8957477e-02
   4.6631332e-02
   1.8994346e-02
   2.5597140e-02
   4.5200028e-02
   1.1364130e-02
   3.1016253e-02
   1.9795295e-02
   2.7047954e-02
   1.9272435e-02
   8.1401616e-03
   3.7400797e-02
   3.4266420e-02
   3.0118296e-02
   3.8309615e-02
   2.4115035e-02
   3.1745758e-02
   4.3366473e-02
   4.1680966e-02
   3.1883765e-02
   3.9557043e-02
   3.4116987e-02
   3.2796446e-02
   2.7114116e-02
   3.4878191e-02
   1.3618604e-02
   9.4125858e-03
   6.5205626e-02
   9.5277213e-02
   7.4913040e-02
   1.9156730e-02
   1.7165640e-02
   8.4700175e-03
   3.1996947e-02
   1.1371873e-01
   2.0688055e-01
   2.0374304e-01
   1.0871581e-01
   4.3599393e-02
   1.3211794e-02
   4.8419997e-02
   1.1239573e-01
   1.6706122e-01
   1.4179915e-01
   1.1476348e-01
   6.3516937e-02
   1.0425135e-01
   7.3943190e-02
   4.0366404e-02
   1.2367909e-02
   4.3162625e-02
   8.5871048e-02
   4.3263465e-02
   8.1669152e-02
   4.2642578e-02
   2.6404077e-02
   3.5707291e-02
   2.0210160e-02
   4.9227417e-02
   4.8832826e-02
   4.1035108e-02
   2.9280005e-02
   4.5865595e-02
   3.3553924e-02
   3.6209840e-02
   3.1654239e-02
   1.2151549e-02
   3.4293894e-02
   4.9762595e-02
   5.8242109e-02
   4.3434612e-02
   3.9808225e-02
   4.2012755e-02
   3.1972639e-02
   1.3331226e-02
   4.8417699e-02
   6.3105509e-02
   3.8012534e-02
   1.6307456e-02
   3.2644324e-02
   2.2528000e-02
   2.9226031e-02
   2.5566593e-02
   1.9976616e-02
   2.3322476e-02
   2.6576981e-02
   3.0085379e-02
   2.0152256e-02
  -1.9165587e-03
   1.9064272e-02
   1.7765341e-02
   3.3300206e-02
   3.4543987e-02
   2.6670655e-02
   2.2162681e-02
   2.3675106e-02
   4.0973928e-02
   3.1323854e-02
   4.1319147e-02
   1.9659145e-02
   1.6523752e-02
   3.0702207e-02
   1.6522210e-02
   2.3505298e-02
   2.4816217e-02
   2.8082691e-02
   2.0458901e-02
   2.7036464e-02
   3.9672833e-02
   6.4631581e-02
   5.7442587e-02
   4.7926098e-02
   4.9979627e-02
   3.2607939e-02
   4.7533128e-02
   5.5809584e-02
   4.4753984e-02
   4.8563253e-02
   1.4858545e-02
   2.2745062e-02
   3.4123510e-02
   8.7143946e-03
   2.8260408e-02
   2.3805970e-02
   1.2347971e-02
   1.8509267e-02
   5.1600352e-02
   4.7124185e-02
   4.8501689e-02
   2.5249265e-02
   1.1955239e-02
   2.5760768e-02
   3.7046149e-02
   1.0266596e-02
   2.3977276e-02
   4.1810039e-02
   3.0464863e-02
   1.6122211e-02
   1.7615920e-02
   1.3449733e-02
   2.9987622e-02
   4.1626487e-02
   2.0744069e-02
   1.7199287e-02
   2.4092954e-02
   4.0825192e-02
   1.0299333e-02
   6.0287435e-03
   1.9263633e-02
   1.8894266e-02
   4.2662006e-02
   4.3590277e-02
   3.2348529e-02
   3.2284409e-02
   2.2701444e-02
   1.9924451e-02
   4.0677883e-02
   3.2495555e-02
   2.7566580e-02
   1.4076297e-02
   2.0278431e-02
   2.3144802e-02
   3.9770700e-02
   3.0855462e-02
   2.9469356e-02
   6.2527843e-02
   4.7886524e-02
   3.7579097e-02
   2.9939365e-02
   3.6341488e-02
   2.3679927e-02
   1.1659151e-02
   1.7028190e-02
   3.2285485e-02
   4.9422264e-02
   2.9437607e-02
   2.4258982e-02
   2.2416068e-02
   2.1429308e-02
   3.1276949e-02
   2.2719203e-02
   2.1763165e-02
   4.1291576e-02
   2.2403819e-02
   4.5254171e-02
   2.4082821e-02
   1.7156711e-02
   3.9578795e-02
   4.1600373e-02
   2.4209034e-02
   3.0487694e-02
   3.2023568e-02
   3.6467016e-02
   2.4641490e-02
   3.7076600e-02
   5.5172924e-02
   5.7894796e-02
   4.0747609e-02
   2.0425512e-02
   2.2173449e-02
   4.5024455e-02
   3.0112727e-02
   2.8240979e-02
   2.1777527e-02
   3.9646443e-02
   4.3167461e-02
   2.9024446e-02
   2.2171747e-02
   3.2234833e-02
   4.2826869e-02
   5.0882056e-02
   4.4156712e-02
   1.2563094e-02
   1.9847941e-02
   2.8340526e-02
   3.6293350e-02
   1.9669363e-02
   2.1594992e-02
   2.6358983e-02
   2.2490079e-02
   3.0305790e-02
   2.4634764e-02
  -7.8768842e-03
   3.2444961e-02
   5.9244130e-02
   3.5138626e-02
   6.6072652e-03
   2.0447379e-02
   6.4076610e-02
   6.0851354e-02
   3.6206443e-02
   2.3667717e-02
   4.4591006e-02
   3.6237419e-02
   2.9142318e-02
   3.2949202e-02
   2.0462068e-02
   4.8462402e-02
   2.0979661e-02
   2.9903110e-02
   4.5462921e-02
   2.8540105e-02
   2.0895341e-02
   2.9108491e-02
   4.2806990e-02
   4.9866240e-02
   1.3202015e-02
   1.0311171e-02
   3.4747686e-02
   4.6212748e-02
   6.1849546e-02
   4.8682012e-02
   4.2228617e-02
   3.4374814e-02
   3.7220251e-02
   3.1648535e-02
   5.7649072e-02
   4.0941209e-02
   1.4609086e-02
   3.5439990e-02
   4.5569092e-02
   3.4138754e-02
   4.2293955e-02
   4.3905668e-02
   2.8917924e-02
   3.4376409e-02
   2.4340644e-02
   4.4918828e-02
   5.1219516e-02
   5.0921712e-02
   2.2724325e-02
   2.0648526e-02
   3.2618973e-02
   2.1488832e-02
   3.2347497e-02
   4.1998543e-02
   7.5877726e-02
   7.4624188e-02
   6.2446192e-02
   3.9751112e-02
   2.8118851e-02
   4.1740835e-02
   3.1132594e-02
   2.8111380e-02
   3.1001173e-02
   4.2563535e-02
   3.0300887e-02
   6.8384712e-03
   1.9802835e-02
   4.9689043e-02
   4.2530876e-02
   2.9048808e-02
   2.5247082e-02
   2.9776458e-02
   3.7999958e-02
   3.1761486e-02
   3.3738248e-02
   1.9110866e-02
   1.8733921e-02
   3.0871529e-02
   1.8994661e-02
   2.0064149e-02
   5.5835884e-02
   3.0251395e-02
   4.5011684e-02
   4.6016425e-02
   3.1804625e-02
   2.2783469e-02
   1.8793229e-02
   1.7908564e-02
   3.0702075e-02
   2.6210809e-02
   1.8277461e-02
   2.9845335e-02
   2.2420479e-02
   3.2444406e-02
   3.5135273e-02
   3.3980615e-02
   4.7887668e-02
   5.6471661e-02
   4.1188445e-02
