   4.7519729e-02
   2.3456242e-02
   3.3292275e-02
   8.4271329e-03
   2.9531496e-02
   6.8077384e-03
   4.7456108e-02
   5.0955057e-02
   2.2080136e-02
   2.9551363e-02
   3.1375770e-02
   2.5449552e-02
   2.8831478e-02
   3.1378452e-02
   4.8241515e-02
   5.0887831e-02
   3.3813100e-02
   2.5823275e-02
   6.3357539e-02
   4.3727983e-02
   3.9141636e-02
   4.3940634e-02
   1.8173125e-02
   1.8633336e-02
   2.4679245e-02
   4.5012359e-02
   4.4032764e-02
   5.7684235e-02
   7.2583050e-02
   5.7055410e-02
   5.4173730e-02
   2.2186160e-02
   4.5619477e-02
   4.3100372e-02
   6.3006813e-03
   1.5716208e-02
   4.9764536e-02
   5.6010302e-02
   4.6547040e-02
   3.4150667e-02
   4.5830257e-02
   5.4570064e-02
   3.9740805e-02
   6.5339864e-03
   1.0819461e-02
   3.4318991e-02
   4.3749992e-02
   3.7306372e-02
   5.5039916e-02
   5.2445244e-02
   4.6813738e-02
   5.9063639e-02
   5.6868680e-02
   5.2254546e-02
   5.2111186e-02
   1.3526677e-02
   5.2066814e-02
   5.9657659e-02
   4.6305209e-02
   2.6395662e-02
   3.7925996e-02
   3.7601572e-02
   1.1312393e-02
   2.5053514e-02
   5.2975625e-02
   1.9227065e-02
   2.5674433e-02
   1.7079275e-02
   2.4449291e-02
   2.8896356e-02
   3.0379493e-02
   3.2242440e-02
   2.2785908e-03
   1.9308908e-02
   3.9264657e-02
   5.0365116e-02
   4.3779165e-02
   4.2059306e-02
   2.0302041e-02
   9.7735003e-03
   1.7626265e-02
   1.3937252e-03
   3.6123898e-03
   3.8538948e-02
   4.9894668e-02
   4.2987511e-02
   3.1444609e-02
   5.0309718e-02
   6.0970075e-02
   5.9727442e-02
   4.3403152e-02
   3.8117830e-02
   3.9420154e-02
   2.9749252e-02
   3.8771406e-02
   4.9299724e-02
   4.8418213e-02
   4.9978778e-02
   4.2057779e-02
   3.3071317e-02
   4.4038597e-02
   3.4182657e-02
   2.1715766e-02
   2.4187325e-02
   4.4261970e-02
   2.4374573e-02
   3.5147272e-02
   6.4437196e-02
   5.0434858e-02
   3.0096104e-02
   2.6795983e-02
   3.1781580e-02
   4.0123340e-02
   2.9524166e-02
   3.0427039e-02
   4.9123496e-02
   2.3089955e-02
   2.5463561e-02
   3.5982192e-02
   2.9165454e-02
   2.5131464e-02
   4.1986737e-02
   4.0665228e-02
   1.8726509e-02
   2.7837926e-03
   6.5501933e-03
   3.5498142e-02
   3.7221443e-02
   4.7779046e-02
   4.8535898e-02
   5.5649403e-02
   3.0372832e-02
   3.1163128e-02
   3.7565969e-02
   3.4843802e-02
   5.1325124e-02
   7.0995346e-02
   4.9300045e-02
   5.6108996e-02
   3.4101609e-02
   4.1545529e-02
   2.6326006e-02
   1.0436536e-02
   4.2341240e-02
   1.2220883e-02
   2.3513388e-02
   3.4346603e-02
   5.3428765e-02
   7.0169419e-02
   3.9584100e-02
   2.2436112e-02
   2.4405712e-02
   3.0943185e-02
   4.2332150e-02
   5.1575642e-02
   5.4332033e-02
   7.4065231e-02
   6.3688904e-02
   4.4319648e-02
   4.4153869e-02
   3.9496794e-02
   5.0932135e-02
   1.3948263e-02
   3.7187357e-02
   3.3575267e-02
   2.2250729e-02
   3.2462265e-02
   2.9477021e-02
  -2.2106702e-03
   3.3155568e-02
   6.9774456e-02
   7.1358465e-02
   9.8538689e-02
   5.3319383e-02
   3.9765339e-02
   4.4492133e-02
   2.8872261e-02
   3.9446533e-02
   6.6841356e-02
   4.7244340e-02
   1.2556965e-02
   4.2723637e-02
   6.1789315e-02
   5.4212917e-02
   4.2867035e-02
   1.2516735e-02
   1.4186209e-02
   2.6463786e-02
   3.7243523e-02
   5.2809935e-02
   2.7795168e-02
   2.9699024e-02
   5.5655222e-03
   2.4469271e-02
   3.6171705e-02
   2.9078852e-02
   5.3371053e-02
   4.4086915e-02
   5.6902811e-02
   5.2299008e-02
   5.0947931e-02
   6.9491602e-02
   3.1564761e-02
   2.6521366e-02
   5.3684629e-02
   2.1358760e-02
   1.2612289e-02
   1.8892594e-02
   4.5555461e-02
   6.3094169e-02
   3.8216565e-02
   3.6375392e-02
   5.6156363e-02
   5.0147861e-02
   2.1023605e-02
   5.4367974e-02
   3.2333259e-02
   1.1008985e-02
   4.4919074e-02
   7.3157825e-02
   4.8546955e-02
   1.8953150e-02
   2.3090100e-02
   4.7489505e-02
   6.2817186e-02
   1.8619815e-02
   5.5022620e-02
   6.0527507e-02
   6.4123727e-02
   7.5262874e-02
   6.5726578e-02
   5.0363608e-02
   2.5638606e-02
   2.1046296e-02
   3.2123927e-02
   6.3975111e-02
   9.6853137e-02
   8.1396595e-02
   5.3791851e-02
   4.4416856e-02
   7.0593812e-02
   7.6300524e-02
   6.8596624e-02
   3.0126950e-02
   3.1458840e-02
   1.5903855e-02
   3.4309831e-02
   4.0774990e-02
   6.9129869e-02
   5.0487768e-02
   3.8005557e-02
   3.9968364e-02
   4.7763914e-02
   3.0400846e-02
   1.6379723e-02
   2.4282956e-02
   3.6418173e-03
   2.7584672e-04
   5.9270062e-03
   3.3046756e-02
   2.5289286e-02
   1.8440586e-02
   3.2297421e-02
   4.0208928e-02
   1.9956660e-02
   1.8573537e-02
   6.1426405e-02
   4.6221532e-02
   1.8481614e-02
   2.5096491e-02
   3.9209601e-02
   2.4278961e-02
   1.4499722e-02
   2.0047555e-02
   1.8813578e-02
   6.7358226e-02
   5.8622323e-02
   2.6419109e-02
   4.3741532e-02
   3.7467171e-02
   4.4933982e-02
   3.5053212e-02
   2.9532321e-02
   5.6885403e-02
   4.1756906e-02
   6.5600552e-02
   4.5687042e-02
   6.5702288e-03
   1.7062472e-02
   3.8580347e-02
   3.1572811e-02
   2.4795720e-02
   3.3139206e-02
   3.6322162e-02
   5.6443553e-02
   6.4618714e-02
   6.6804811e-02
   3.6095701e-02
   2.4187597e-02
   1.6260214e-02
   9.0197198e-02
   1.4875951e-01
   8.0514088e-02
   4.6378084e-02
   5.0355267e-02
   5.4702163e-02
   4.7403015e-02
   3.8231838e-02
   4.7299631e-02
   5.1578254e-02
   7.1974374e-02
   1.8232208e-01
   2.5173131e-01
   1.3004820e-01
   6.1029591e-02
   3.7448540e-02
   2.6700933e-02
   7.9370134e-02
   3.9842311e-02
   2.9166745e-02
   3.8241033e-02
   1.9439394e-02
   3.0935686e-02
   4.6548322e-02
   4.8987724e-02
   2.2524180e-02
   4.3516256e-02
   2.9855713e-02
   4.4453289e-02
   2.0743456e-02
   1.8705506e-02
   3.5984959e-02
   1.9979389e-02
   3.2692675e-02
   3.9529037e-02
   5.8628965e-02
   3.2129981e-02
   2.5017271e-02
   1.5685130e-02
   2.8696444e-02
   3.9705440e-02
   2.6539367e-02
   5.1876105e-02
   5.4857425e-02
   5.0765112e-02
   3.5457578e-02
   1.5476455e-02
   1.9144023e-02
   1.4105962e-02
   3.5437599e-02
   3.2382093e-02
   3.7072156e-02
   2.8798236e-02
   4.2538229e-02
   8.1654996e-02
   6.0035069e-02
   3.7091278e-02
   5.6891397e-02
   9.1856316e-02
   4.6486061e-02
   4.0600721e-02
   3.1447954e-02
   7.5705666e-03
   3.3481691e-02
   5.8124889e-02
   7.0683382e-02
   6.1816961e-02
   3.6169942e-02
   2.4300592e-02
   2.3181213e-02
   4.5825351e-02
   4.3689918e-02
   2.6201595e-02
   2.5559958e-02
   4.2883735e-02
   4.8833556e-02
   6.2626176e-02
   5.3763557e-03
  -2.0029917e-03
   2.1179676e-02
   1.8602723e-02
   3.8139835e-02
   4.4211399e-02
   8.9338738e-03
   2.4758201e-02
   3.2843810e-02
   1.3607949e-02
   3.8301561e-02
   2.4939014e-02
   3.9696228e-02
   2.9162008e-02
   2.4692660e-02
   4.7055535e-02
   3.5270073e-02
   7.2742305e-03
   1.3444499e-02
   2.9714331e-02
   3.2176159e-02
   3.1626105e-02
   4.5885898e-02
   5.3057849e-02
   3.0246079e-02
   3.4868419e-02
   4.7455400e-02
   3.6879819e-02
   2.6149342e-02
   1.5637482e-02
   3.7256717e-03
   2.8451983e-02
   5.1336102e-02
   6.8245389e-02
   6.6771448e-02
   3.9585192e-02
   3.2575924e-02
   6.9163755e-02
   1.5626901e-01
   1.1327654e-01
   6.3478030e-02
   5.4641273e-02
   5.5617243e-02
   4.4227354e-02
   5.8786791e-02
   7.8084327e-02
   4.5203544e-02
   1.9142574e-02
   1.9683883e-02
   3.3426661e-02
   3.3295594e-02
   3.7693419e-02
   4.1254926e-02
   5.0225146e-02
   3.2753639e-02
   4.7420513e-02
   4.2220611e-02
   3.1451926e-02
   4.4126790e-02
   2.1674488e-02
   5.7284426e-02
   5.2449789e-02
   7.3712282e-02
   4.6333168e-02
   2.2469847e-02
   1.5274176e-02
   3.6568027e-02
   1.7741198e-02
   4.7576563e-03
   1.8466998e-02
   4.1280046e-02
   4.7211565e-02
   5.6336131e-02
   4.8282869e-02
   3.1637233e-02
   2.9431777e-02
   6.4090215e-02
   4.6324700e-02
   3.8279589e-02
   3.7463181e-02
   3.6602803e-02
   3.7053298e-02
   2.3680694e-02
   4.9389530e-02
   3.7730202e-02
   4.0007923e-02
   3.8633402e-02
   2.1376049e-02
   2.5813853e-02
   2.6672164e-02
   3.3439551e-02
   3.7171014e-02
   2.4594846e-03
   2.9844776e-02
   4.2040110e-02
   2.6956929e-02
   3.1479407e-02
   2.2729699e-02
   1.5640773e-02
   1.0014557e-02
   3.0986818e-02
   5.7111569e-02
   4.1369706e-02
   1.5357689e-02
   2.7554505e-02
   4.1414082e-02
   3.4326021e-02
   3.2173283e-02
   6.4870544e-02
   3.0476609e-02
   9.1253044e-03
   1.1833963e-02
   1.6589748e-02
   5.8253497e-02
   4.2837497e-02
   2.9031768e-02
   4.8110913e-02
   4.8833080e-02
   7.6296456e-02
   8.7754995e-02
   6.7157649e-02
   4.3573108e-02
   3.2497067e-02
   2.6500920e-02
   2.5362840e-02
   3.3897031e-02
   2.8722029e-02
   4.9582250e-02
   3.3298332e-02
   2.7162718e-02
   3.7060969e-02
   1.5643749e-02
   4.6829269e-03
   1.4463549e-02
   3.0479275e-02
   4.0886313e-02
   4.5040272e-02
   2.6113115e-02
   1.2619605e-05
   1.1318510e-02
   4.0149499e-02
   2.9381599e-02
   1.0185609e-02
   1.9916421e-02
   3.4719482e-02
   2.4829537e-02
   4.1912913e-02
   4.5763798e-02
   3.8749658e-02
   5.4004103e-02
   6.2211744e-02
   3.0017432e-02
   1.9510839e-02
   4.8112698e-02
   3.8642310e-02
   5.5408124e-02
   4.9131684e-02
   3.0839669e-02
   2.3537220e-02
   3.8275767e-02
   1.1756191e-01
   1.7080013e-01
   1.3192470e-01
   5.6642853e-02
   3.4198850e-02
   1.5973356e-02
   1.0306233e-02
   4.9770646e-02
   6.8482861e-02
   5.9583243e-02
   3.0798979e-02
   1.4176260e-02
   2.5180355e-02
   4.0104721e-02
   1.9324500e-02
   3.2660190e-02
   2.5034256e-02
   1.6809884e-02
   5.9390374e-02
   5.9375830e-02
   4.7552511e-02
   4.9017541e-02
   8.9067668e-02
   1.1634456e-01
   1.3389976e-01
   1.3742104e-01
   6.2341984e-02
   4.0885944e-02
   3.4411155e-02
   8.8849018e-04
   3.4662098e-02
   1.0818915e-01
   1.4292121e-01
   8.6720355e-02
   2.0098105e-02
   1.1335782e-02
   2.6346439e-02
   6.4058676e-02
   5.1738635e-02
   4.6010170e-02
   1.1164513e-02
   1.1312673e-02
   3.9592352e-02
   2.1294907e-02
   4.6158593e-02
   6.7806982e-02
   6.5016381e-02
   3.8475726e-02
   2.5867553e-02
   1.1914043e-02
   7.2009332e-02
   2.2596617e-01
   2.3217501e-01
   1.1941824e-01
   1.4811574e-01
   1.2041288e-01
   8.2057528e-02
   4.8780803e-02
   2.3205058e-01
   7.0964122e-01
   9.5537996e-01
   5.6115121e-01
   1.8797103e-01
   1.3109422e-01
   1.4295058e+00
   4.6813016e+00
   4.3560615e+00
   1.8295739e+00
   4.6933004e-01
   2.2126254e-01
   2.1207117e-01
   3.3625841e-01
   8.4177244e-01
   8.7084347e-01
   4.3367180e-01
   1.7472860e-01
   6.5692291e-02
   9.2933871e-02
   1.6959701e-01
   3.1914386e-01
   2.9911301e-01
   1.6430819e-01
   1.1405262e-01
   9.8744102e-02
   8.6158738e-02
   1.2634715e-01
   1.4544991e-01
   2.3520596e-01
   3.4310240e-01
   1.6199370e-01
   9.3985703e-03
   2.0157490e-02
   3.2003637e-02
   6.5289326e-02
   8.5888624e-02
   7.2021954e-02
   4.1140541e-02
   4.9226627e-02
   5.3406458e-02
   1.9322183e-02
   1.1891458e-02
   2.9665997e-02
   4.6236057e-02
   2.6123082e-02
   9.3236165e-03
   4.8820417e-02
   7.8246474e-02
   2.7125411e-02
  -4.1971533e-03
   4.9524726e-03
   7.0497759e-02
   1.5554252e-01
   1.6355897e-01
   1.1071682e-01
   4.6991263e-02
   2.0493156e-01
   2.8834668e-01
   1.5058853e-01
   6.4893611e-02
   1.4577863e-01
   1.9833395e-01
   1.2216964e-01
   8.0218777e-02
   8.8232875e-02
   2.2824633e-01
   9.0605283e-01
   1.0243012e+00
   4.8327434e-01
   1.1342234e-01
   2.7702147e-02
   4.1741617e-02
   5.4436423e-02
   1.5788950e-01
   2.0308179e-01
   1.2790640e-01
   4.7178194e-02
  -6.7824667e-04
  -1.1279694e-02
   5.0509989e-02
   6.3366294e-02
   4.7862031e-02
   1.5174920e-02
   2.6228491e-02
   4.7300842e-02
   2.0198792e-02
   3.6830466e-02
   5.3463865e-02
   6.6938624e-02
   1.0342909e-01
   7.0192501e-02
   8.6017270e-03
   1.7916489e-02
   3.9998297e-02
   4.6305548e-02
   3.6378667e-02
   3.5304531e-02
   3.1034029e-03
   2.7833048e-02
   1.0024590e-01
   4.6223123e-02
   2.4440166e-02
   2.4508236e-02
   2.3054030e-02
   2.8285054e-02
   3.6705241e-02
   8.5801147e-02
   8.1948936e-02
   3.2923676e-02
   3.1618848e-02
   6.4099126e-02
   8.0822900e-02
   1.0067046e-01
   7.5558007e-02
   8.0942877e-02
   9.3827657e-02
   1.6611017e-01
   1.1704668e-01
   4.0684119e-02
   1.3439466e-01
   3.4953302e-01
   3.5304362e-01
   1.5221606e-01
   3.6618080e-02
   2.5333837e-01
   1.2046880e+00
   1.6398842e+00
   8.8666815e-01
   2.4656808e-01
   7.9904400e-02
   1.2456956e-01
   1.9969738e-01
   3.0547413e-01
   2.8982604e-01
   1.4189717e-01
   8.6046062e-02
   7.3130585e-02
   5.6761857e-02
   5.9626445e-02
   8.3040096e-02
   5.6676313e-02
   1.3660057e-02
   1.4900329e-03
   2.9521815e-02
   3.0321972e-02
   8.2753012e-03
   7.7263708e-03
   3.5924472e-02
   4.8422351e-02
   1.4664080e-02
  -5.2470723e-03
   2.3083812e-02
   4.7884587e-02
   4.5656558e-02
   3.6489058e-02
   3.2744627e-02
   3.8020477e-02
   4.8053328e-02
   3.3591952e-02
   1.9652290e-02
   1.2071867e-02
   2.3366019e-02
   4.0686954e-02
   2.9867105e-02
   4.2155009e-02
   3.2940287e-02
   1.5618004e-02
   5.9754860e-02
   2.3080403e-02
   4.8874002e-02
   1.0465194e-01
   9.6686222e-02
   6.2859535e-02
   3.9073247e-02
   8.3683819e-02
   3.8397782e-02
   2.3589859e-02
   3.7593730e-02
   7.6337464e-02
   1.8327083e-01
   1.0445435e-01
   5.4721013e-02
   1.9844744e-02
   1.2188139e-01
   3.8079256e-01
   4.3191522e-01
   2.2907825e-01
   6.8621136e-02
   3.9720200e-02
   3.2818656e-02
   9.2140906e-02
   9.3883909e-02
   6.7188308e-02
   5.5459064e-02
   6.2576830e-02
   2.7265821e-02
   1.8181331e-02
   5.1909700e-02
   7.8215420e-02
   5.0912026e-02
   3.7830431e-02
   2.1038875e-02
   2.2926163e-02
   3.2675602e-02
   5.2182294e-02
   1.0480437e-01
   1.0469189e-01
   6.7114927e-02
   1.4151386e-02
   2.5455602e-02
   3.5895143e-02
   1.8408228e-02
   1.0513454e-02
   2.6000012e-02
   3.7902724e-02
   1.8292170e-02
   4.0738445e-02
   2.4049012e-02
   6.2269405e-02
   7.2937384e-02
   2.6653359e-02
   3.6355544e-02
   4.9046680e-02
   4.9501419e-02
   4.5139376e-02
   3.4986667e-02
   4.8107032e-02
   2.4438402e-02
   3.0458882e-02
   7.1429238e-02
   4.1924175e-02
   3.6615975e-02
   5.4354541e-02
   1.1416454e-01
   7.8420900e-02
   3.4650322e-02
   4.3710370e-02
   1.1365741e-01
   1.1837658e-01
   6.0566399e-02
   5.0914418e-02
   8.5294895e-02
   1.4177746e-01
   2.0595254e-01
   1.5277484e-01
   7.9848729e-02
   6.4533845e-02
   8.7041646e-02
   1.1064539e-01
   9.6140221e-02
   6.9587737e-02
   4.4133276e-02
   8.0395676e-02
   4.6039432e-02
   3.6541451e-02
   8.1641532e-02
   9.6903600e-02
   9.4158389e-02
   6.5170877e-02
   3.1818591e-02
  -5.3598266e-03
   3.3196166e-02
   8.9761503e-02
   4.1873973e-02
   2.0048523e-02
   2.8341064e-02
   6.3323699e-02
   1.4491768e-01
   1.2180076e-01
   8.1389368e-02
   6.1987426e-02
   7.6027609e-02
   9.3065619e-02
   7.5598769e-02
   8.6358503e-02
   4.0749464e-02
   1.2559080e-02
   4.9794853e-02
   5.4185137e-02
   2.8877210e-02
   2.6298979e-02
   6.3240498e-02
   4.9581893e-02
   3.4673661e-02
   2.3861825e-02
   4.9956683e-02
   4.4965297e-02
   4.4295806e-02
   3.1022366e-02
  -4.7145430e-03
  -6.2702410e-03
   1.0369346e-02
   4.6974085e-02
   2.5971957e-02
   5.4608293e-02
   8.1086360e-02
   4.9534351e-02
   2.4261734e-02
   5.2684140e-03
   5.0830957e-02
   8.1894793e-02
   7.5890251e-02
   4.4629198e-02
   1.9929649e-02
   2.9232413e-02
   5.6039136e-02
   1.0017467e-02
   3.7475020e-02
   4.4557080e-02
   3.5832115e-02
   2.8885301e-02
   3.3559687e-02
   2.6230372e-02
   4.1888904e-02
   4.5981094e-02
   4.3290041e-02
   5.4115154e-02
   3.7710518e-02
   1.8014751e-02
   5.3155154e-02
   5.3196952e-02
   7.5301990e-02
   3.9677836e-02
   4.9312256e-02
   6.9067530e-02
   5.1726058e-02
   4.0865455e-02
   3.0354472e-02
   6.6246912e-02
   5.0924946e-02
   1.7516566e-02
   1.9272236e-02
   4.7479041e-02
   6.6328794e-02
   5.6000546e-02
   6.0967680e-02
   6.2549703e-02
   5.3839181e-02
   5.8110539e-02
   2.7593082e-02
   4.9796890e-02
   4.5173012e-02
   7.2728731e-02
   8.4102586e-02
   6.9625288e-02
   4.3569446e-02
   2.9300541e-02
   1.1290498e-01
   1.6574919e-01
   1.0573974e-01
   6.9596604e-02
   1.1108807e-01
   1.5492101e-01
   1.4709762e-01
   9.9806577e-02
   5.3529177e-02
   9.6978419e-02
   1.8954760e-01
   1.6198877e-01
   6.2510833e-02
   5.6564346e-02
   2.2000381e-01
   3.2492706e-01
   2.3319268e-01
   8.3785489e-02
   5.5352069e-02
   2.4292602e-01
   3.6368665e-01
   2.6944548e-01
   7.4910305e-02
   7.4608363e-02
   6.0836685e-01
   1.0586332e+00
   7.3579389e-01
   3.1003669e-01
   1.5505183e-01
   2.3735416e-01
   2.4877320e-01
   1.0049267e-01
   2.1699579e-02
   5.9578680e-02
   2.1834090e-01
   1.9774999e-01
   9.6033305e-02
   8.0511115e-02
   1.4228855e-01
   1.1264095e-01
   7.6427259e-02
   5.2892204e-02
   4.9904663e-02
   4.1310191e-02
   9.6471608e-03
   6.4161634e-03
  -2.7173817e-02
  -5.5508628e-03
   1.7337123e-02
   5.1406346e-02
   6.5604918e-02
   7.2715983e-02
   5.6905005e-02
   3.3259954e-02
   2.0960618e-02
  -9.2958361e-03
   1.6903659e-02
   1.9280706e-02
   2.7698340e-02
   4.9829856e-02
   6.5780856e-02
   8.0969080e-02
   5.4011047e-02
   2.6792075e-02
   5.1410276e-02
   7.5286642e-02
   8.7046191e-02
   3.3876769e-02
   5.5434007e-02
   4.0940426e-02
   4.2731654e-02
   9.3226120e-02
   7.3583513e-02
   3.3747014e-02
   9.7117163e-03
   6.9601335e-02
   1.3021743e-01
   1.0713768e-01
   5.9655823e-02
   4.7162551e-02
   6.8438783e-02
   1.0215656e-01
   6.7711778e-02
   2.3901605e-03
   1.8532611e-02
   8.9441925e-02
   1.3875808e-01
   7.7777624e-02
   4.6073068e-02
   4.0455230e-02
   1.0796875e-01
   7.5353622e-02
   6.7121327e-02
   4.8587251e-02
   3.8311210e-02
   1.2200159e-02
   3.1893332e-02
   6.5897733e-02
   5.7425357e-02
   8.1076972e-02
   7.9802357e-02
   5.6521326e-02
   2.2608304e-02
   4.4058871e-02
   3.1339064e-02
   2.5463393e-02
   4.4050205e-02
   1.1354967e-01
   1.8696879e-01
   1.7728262e-01
   9.6128576e-02
   3.3685993e-02
   1.9758007e-02
   2.6347892e-02
  -4.5763380e-03
   4.2414334e-02
   5.8801558e-02
   1.7236764e-02
   2.5785839e-02
   7.3231719e-03
   4.2981267e-02
   9.4643652e-02
   6.8281457e-02
   6.4226806e-02
   4.7517002e-02
   8.9604668e-02
   2.1666107e-01
   1.9045684e-01
   1.3495922e-01
   7.9463199e-02
   5.4316584e-02
   9.7327866e-02
   1.1519474e-01
   5.8729265e-02
   7.1299680e-02
   7.4481532e-02
   1.7659080e-01
   2.2050864e-01
   1.4263791e-01
   9.3018457e-02
   7.0701391e-02
   6.0052816e-02
   4.0957090e-02
   1.1877854e-02
   4.3029793e-02
   5.1095482e-02
   6.6795982e-02
   6.6202506e-02
   1.3323414e-02
   3.2641541e-02
   5.8402319e-02
   4.3698125e-02
   2.6316347e-02
   2.3034913e-02
   9.1926744e-03
   4.4461712e-02
   1.1748507e-02
  -1.5520738e-02
   1.1290099e-03
  -1.3666109e-02
   1.9624187e-02
   1.5057245e-02
   3.0290036e-02
   4.7422010e-02
   6.2185269e-02
   5.2524239e-02
   4.3898236e-02
   1.1558646e-01
   9.5540091e-02
   3.9559752e-02
   3.9894231e-02
   5.6481387e-02
   4.3329213e-02
   9.1852583e-03
   3.9393552e-02
   5.3793084e-02
   3.2087874e-02
   2.7785849e-02
   3.8923334e-02
   3.3151269e-02
   1.8070895e-02
   4.9338546e-02
   8.9988850e-02
   1.1443902e-01
   7.0952639e-02
   5.3219128e-02
   7.7256829e-02
   9.0212010e-02
   5.7879452e-02
   5.2145842e-02
   5.6783292e-02
   6.8403900e-02
   4.6736799e-02
   3.6668207e-02
   3.0868020e-02
   2.9981215e-02
   3.3252411e-02
   6.2218234e-02
   8.0507047e-02
   5.3698372e-02
   7.8527421e-02
   1.7209652e-01
   1.7878960e-01
   7.3925570e-02
   2.2497503e-02
   1.7456679e-02
   4.1571539e-03
   1.3302785e-02
   8.2161445e-03
   1.3885566e-02
   3.1643279e-02
   5.5466350e-02
   2.9114012e-02
   5.1611833e-02
   5.8211017e-02
   6.0661782e-02
   3.4026869e-02
   1.6419439e-02
   3.4012429e-02
   5.4736964e-02
   4.2147938e-02
   6.3949369e-02
   3.5270963e-02
   2.5195457e-02
   4.2454597e-02
   3.9343949e-02
   3.0556174e-02
   4.5780048e-02
   2.5709709e-02
   3.9261233e-02
   4.9732760e-02
   3.0063661e-02
   4.7401905e-02
   4.6675354e-02
   5.1110834e-02
   6.9623530e-02
   7.4629001e-02
   9.3029246e-02
   6.7411393e-02
   6.1175641e-02
   5.5467077e-02
   8.2437918e-02
   5.5406209e-02
   3.8181417e-02
   5.3932283e-02
   7.7869371e-02
   1.1993062e-01
   7.9493612e-02
   6.7173973e-02
   4.4741955e-02
   3.6651008e-02
   1.8680668e-02
   2.2707710e-02
   1.0201703e-02
   1.9027106e-02
   1.2543499e-02
   4.3899573e-02
   7.4378230e-02
   7.2877526e-02
   4.7508299e-02
   3.6782354e-02
   2.9711312e-02
   3.9225951e-02
   5.2577026e-02
   3.7913017e-02
   3.3102095e-02
   3.6714386e-02
   3.9136843e-03
   3.9255764e-02
   6.0105719e-02
   4.6103314e-02
   5.4652460e-02
   6.1404146e-02
   4.4595998e-02
   1.3212574e-02
   3.4730166e-02
   4.1377693e-02
   2.7036449e-02
   2.1333110e-02
   1.4852121e-02
   3.2641184e-02
   3.7557352e-02
   3.7018698e-02
   3.4144696e-02
   4.4343367e-02
   3.8952716e-02
   2.5187727e-02
   2.8486775e-02
   3.2739747e-02
   1.6008701e-02
   3.1803738e-02
   9.4230719e-02
   4.4009361e-02
   3.9092820e-02
   2.5214253e-02
   3.2444488e-02
   4.5967102e-02
   3.4137331e-02
   1.2499170e-02
   5.0539013e-02
   5.3288449e-02
   3.8735703e-02
   3.5414763e-02
   2.1878151e-02
   5.1521812e-02
   4.7329266e-02
   2.8015366e-02
   2.1091478e-02
   2.8319554e-02
   4.9138077e-02
   5.3151231e-02
   3.2208167e-02
   3.0380838e-02
   3.7099406e-02
   3.2413792e-02
   2.7666632e-02
   2.7115731e-02
   3.7875280e-02
   5.4080162e-02
   1.6237680e-02
   3.1928558e-02
   1.2098292e-02
   2.4906117e-02
   2.4106897e-02
  -1.1383821e-03
   4.0941782e-02
   7.2269037e-02
   4.8425764e-02
   3.9107896e-02
   1.8736763e-02
   1.9084115e-02
   4.4726636e-02
   3.5149526e-02
   5.8255050e-02
   3.5333890e-02
   4.1191056e-02
   2.4347845e-02
   3.1798258e-02
   1.8143574e-02
   3.6185514e-02
   3.7095975e-02
   2.5542039e-02
   4.6852466e-02
   7.0867665e-02
   7.4771762e-02
   5.6630902e-02
  -4.0215384e-03
   3.1742775e-03
   4.9481619e-02
   3.6849588e-02
   4.7274090e-02
   2.9966414e-02
   4.3153908e-02
   6.6290990e-02
   8.8870429e-02
   6.7356102e-02
   4.1593637e-02
   1.9220447e-02
   2.5925834e-02
   1.4528343e-02
  -1.7158977e-03
   1.3749898e-02
   2.2197807e-02
   4.5378007e-02
   2.9197851e-02
   5.7782713e-02
   3.7952181e-02
   5.1384885e-02
   4.4318326e-02
   3.1444680e-02
   7.9834638e-03
   1.5091815e-02
   2.8687909e-02
   4.2895228e-02
   1.8826513e-02
   3.0369801e-02
   4.3249387e-02
   2.5323534e-02
   3.1339608e-02
   2.9136369e-02
   4.1877702e-02
   2.9538788e-02
   4.3265391e-02
   2.0026319e-02
   2.8490975e-02
   3.0633653e-02
   5.3108274e-03
  -3.8595470e-05
   2.9514827e-02
   4.1693650e-02
   5.2716501e-02
   5.4719191e-02
   5.7521157e-02
   3.9638907e-02
   1.0970904e-02
   1.7587911e-02
   3.5046563e-02
   2.3428727e-02
   4.6433479e-02
   5.4214180e-02
   4.4671386e-02
   3.4248669e-02
   6.3011371e-02
   1.4203914e-01
   9.8599628e-02
   5.0278969e-02
   4.9241841e-02
   9.3771525e-02
   1.0085296e-01
   1.0602021e-01
   6.3809246e-02
   3.7732560e-02
   2.5145927e-02
   3.7438698e-02
   4.5200959e-02
   5.4707173e-02
   4.5326084e-02
   4.3486517e-02
   6.4471222e-02
   6.3854866e-02
   2.7102765e-02
   3.9768156e-02
   3.4602623e-02
   2.2721011e-02
   1.6392425e-02
   2.1804711e-02
   6.3959323e-02
   6.2396437e-02
   4.8247781e-02
   3.3442274e-02
   3.9547849e-02
   1.4512990e-02
  -1.8713295e-03
   3.3216521e-02
   2.4333101e-02
   4.1136611e-02
   4.2148080e-02
   5.0551362e-02
   4.2146388e-02
   3.9343875e-02
   2.6042383e-02
   3.4776114e-02
   4.5663144e-02
   3.0256674e-02
   2.9264146e-02
   4.1762691e-02
   3.4425151e-02
   2.0551261e-02
   4.4535276e-02
   4.7465444e-02
   1.8140975e-02
   2.0025894e-02
   3.7203275e-02
   4.1374773e-02
   2.8663674e-02
   4.5900166e-02
   3.6444001e-02
   5.5691015e-02
   5.5292446e-02
   6.8519980e-02
   6.0336553e-02
   5.4518625e-02
   6.0413819e-02
   3.7928149e-02
   2.7414914e-02
   6.0157087e-03
   2.7398281e-02
   3.1834200e-02
   2.5463261e-02
   3.6579013e-02
   2.2855876e-02
   3.5078827e-02
   4.0343683e-02
   1.9338422e-02
   2.7610675e-02
   3.3073988e-02
   5.0241321e-02
   2.7056720e-02
   4.4944226e-03
   2.9855728e-02
   6.3199043e-02
   3.5472829e-02
   4.3224506e-02
   4.0691864e-02
   4.3162845e-02
   2.8751163e-02
   4.8986882e-02
   3.8895551e-02
   2.5488727e-02
   4.7284070e-02
   4.2259343e-02
   2.6467714e-02
   3.5879292e-02
   4.3934528e-02
   7.2037406e-02
   3.8237091e-02
   4.2344769e-03
   2.6611600e-02
   3.6233712e-02
   2.9233463e-02
   6.4976074e-02
   3.7143942e-02
   2.5945481e-02
   3.7141472e-02
   3.0773753e-02
   5.6341637e-02
   5.5073388e-02
   4.1293606e-02
   5.4830987e-02
   2.8055975e-02
   4.0961385e-02
   4.3108430e-02
   4.8494905e-02
   5.2868564e-02
   3.0060440e-02
   8.0894548e-03
   2.5395140e-02
   4.2602841e-02
   1.4034403e-02
   5.0766043e-02
   2.5321268e-02
   3.0872161e-02
   1.5671246e-02
   3.7190661e-02
   4.4349246e-02
   5.6111567e-02
   2.7037857e-02
   2.2621894e-02
   3.8400933e-02
   2.0479266e-02
  -3.0390029e-03
   1.3908008e-02
   1.8473508e-02
   2.7185341e-02
   1.2690977e-02
   1.2558663e-02
   1.6517114e-02
   3.5836738e-02
   4.1503105e-02
   2.4231136e-02
   3.4531955e-02
   3.0040940e-02
   2.6798166e-02
   2.8442554e-02
   2.8240446e-02
   3.9391164e-02
   1.5572992e-02
   3.1916820e-02
   4.8073661e-02
   1.3046680e-02
   2.5519580e-02
   6.4771891e-02
   5.5399179e-02
   3.4713570e-02
   3.8567659e-02
   3.8184252e-02
   3.0745009e-02
   3.9260324e-02
   3.5866272e-02
   2.6975224e-02
   4.1285027e-02
   4.1311856e-02
   4.9743701e-02
   4.2284057e-02
   2.9915383e-02
   2.6101394e-02
   4.5610167e-02
   1.6700173e-02
  -1.5617177e-04
   2.9502023e-02
   4.5014523e-02
   4.6415672e-02
   3.9719831e-02
   1.9910993e-02
   1.3293548e-02
   3.0312020e-02
   5.2969966e-02
   4.3589052e-02
   2.8098056e-02
   1.5293155e-02
   2.0794954e-02
   3.3083908e-02
   2.3456408e-02
   1.6282976e-02
   3.6339410e-02
   4.1756414e-02
   3.8919829e-02
   3.0613679e-02
   3.6268730e-02
   4.6754453e-02
   2.8218431e-02
   2.0225884e-02
   2.2512631e-02
   3.6401819e-02
   5.2529763e-02
   2.9710550e-02
   1.7222676e-02
   2.8008161e-02
   3.8068127e-02
   3.3200994e-02
   3.6504898e-02
   4.6200253e-02
   3.2197922e-02
   3.3462349e-02
   1.3996899e-02
   1.9514382e-02
   3.1224063e-02
   3.9965834e-02
   2.6520723e-02
   2.5549075e-02
   2.6623672e-02
   2.5740724e-02
   3.4605831e-02
   3.3932496e-02
   2.6416009e-02
   1.9630397e-02
   4.0907323e-02
   5.2030049e-02
   3.5482820e-02
   3.9356641e-02
   9.0733282e-03
   2.2914639e-02
   3.5671923e-02
   3.8189955e-02
   4.2777464e-02
   3.0490177e-02
   3.4623571e-02
   5.9016719e-02
   4.3430075e-02
   3.7736628e-02
   2.6712133e-02
   1.4511475e-02
   2.7563384e-02
   2.5990084e-02
   1.4227303e-02
   4.5284666e-02
   3.6445145e-02
   1.9784190e-02
   1.9976182e-02
   1.8071488e-02
   3.2654919e-02
   4.1950691e-02
   5.8568608e-02
   6.5419696e-02
   1.7083062e-02
   4.6273526e-03
   2.7218968e-02
   2.5866127e-02
   4.6265796e-02
   4.8135772e-02
   5.3622991e-02
   4.2617444e-02
   2.5457693e-02
   3.9126746e-02
   3.1831238e-02
   5.0501704e-02
   4.9000781e-02
   1.8576350e-02
   1.7796660e-02
   4.6892855e-02
   5.0442763e-02
   3.8137577e-02
   1.5531309e-02
   5.0795812e-02
   3.2823924e-02
   3.1108202e-02
   2.1478685e-02
   4.3659527e-02
   5.2177865e-02
   4.5095708e-02
   5.0471902e-02
   3.8347088e-02
   3.3263393e-02
   3.7925430e-02
   3.5109296e-02
   1.9877423e-02
   6.9446038e-03
   1.9758333e-02
   3.8718369e-02
   4.6317585e-02
   1.7342448e-02
   1.1550602e-02
   3.1754892e-02
   3.4947481e-02
   2.1589622e-02
   4.0250830e-02
   5.2596599e-02
   4.3461155e-02
   5.7845201e-02
   3.9780110e-02
   1.7295912e-02
   2.0471733e-02
   2.5025889e-02
   1.6475413e-02
   2.6084034e-02
   3.0971715e-02
   1.5451459e-02
   3.2227185e-02
   4.0852346e-02
   3.1492386e-02
   1.5937172e-02
   2.7244085e-02
   1.8542387e-02
   1.6525891e-02
   4.3767747e-02
   2.6293440e-02
   1.8008323e-02
   2.2913542e-02
   2.0599615e-02
   2.6381304e-02
   3.9494801e-02
   3.3014990e-02
   3.4915056e-02
   5.4279577e-02
   5.7608493e-02
   4.1277062e-02
   2.5991620e-02
   3.0529236e-02
   7.4354790e-02
   3.7128959e-02
   3.3465635e-02
   4.3894559e-02
   4.2416431e-02
   2.5399361e-02
   2.1596447e-02
   4.3094050e-02
   1.6263980e-02
  -2.3250035e-03
   2.3088643e-02
   2.3099234e-02
   3.9705679e-02
   2.9459363e-02
   4.5918830e-02
   3.3602063e-02
   3.5344120e-02
   1.5880620e-02
   3.9757609e-02
   4.0809598e-02
   2.9937906e-02
   3.4286231e-02
   3.1763762e-02
   2.2181794e-02
   4.0553436e-02
   2.6096681e-02
   1.4319488e-02
   3.6851164e-02
   6.8332925e-02
   4.7842577e-02
   4.0465124e-02
   1.1445184e-02
   1.0736265e-02
  -5.3726835e-03
   4.2252247e-03
   1.6120221e-02
   6.4135395e-02
   7.5697161e-02
   7.8184322e-02
   5.3114481e-02
   4.0793549e-02
   3.3751033e-02
   3.5792593e-02
   2.7583525e-02
   2.8184235e-02
   5.6663193e-02
   1.7856838e-01
   1.9892056e-01
   1.5158857e-01
   9.0235293e-02
   1.1893911e-02
   2.0681769e-02
   3.3814412e-02
   4.1004967e-02
   6.9224099e-03
   1.9675355e-02
   1.6634727e-02
   3.0176051e-02
   6.8829469e-02
   6.7927703e-02
   3.4322761e-02
   1.8224772e-02
   4.2373035e-02
   2.8314529e-02
   1.2262041e-02
   2.2214757e-02
   5.6222089e-02
   6.0950283e-02
   4.2867281e-02
   4.1055895e-02
   3.4283642e-02
   3.1871777e-02
   9.0160510e-03
   7.7301026e-03
   2.2975702e-02
   2.7649732e-02
   6.0315235e-03
   1.9818967e-02
   5.1612761e-02
   7.0519812e-02
   5.0447505e-02
   4.0012598e-02
   3.0555721e-02
   1.7496429e-02
   2.5436385e-02
   3.9732587e-02
   4.3680497e-02
   1.5220752e-01
   2.6177278e-01
   2.2085519e-01
   1.1931787e-01
   4.6172123e-02
   2.9680502e-02
   2.0991147e-02
   2.1800436e-03
   1.6462881e-02
   1.4583376e-02
   5.0628889e-02
   5.2735630e-02
   5.8071364e-02
   4.5153022e-02
   4.2793766e-02
   1.7491458e-02
   2.4852224e-02
   3.4069110e-02
  -7.0029381e-04
  -9.0123322e-05
   7.4851429e-03
   3.5526611e-02
   4.8393182e-02
   3.0415479e-02
   3.2369688e-02
   2.2308607e-02
   2.7926821e-02
   3.5624605e-02
   1.4564855e-02
   1.8074654e-02
   2.8034532e-02
   3.2587718e-02
   2.4635637e-02
   3.1187482e-02
   4.4204615e-02
   1.6289292e-02
   3.6606878e-02
   5.0903741e-02
   4.1305020e-02
   4.1372605e-02
   3.9860897e-02
   2.1149216e-02
   7.7170837e-03
   3.5004154e-02
   4.2015206e-02
   4.2761657e-02
   4.0814422e-02
   3.0099673e-02
   3.6979057e-02
   2.2400942e-02
   1.0116252e-02
   1.1372864e-02
   9.0473043e-03
   2.1650545e-02
   1.5239511e-02
   1.9160338e-02
   8.6224778e-03
   2.9705994e-02
   3.8812287e-02
   5.7515658e-02
   4.3344509e-02
   1.9267967e-02
   3.9115012e-02
   4.3085992e-02
   3.8902801e-02
   1.0012207e-02
   3.1629790e-02
   4.5005679e-02
   3.9359029e-02
   4.2798169e-02
   1.7540317e-02
   2.8077377e-02
   3.0419428e-02
   4.2015169e-02
   4.2316414e-02
   2.8783729e-02
   2.6829207e-02
   2.9198131e-02
   1.2238013e-02
   1.1400872e-02
   4.1526839e-02
   2.9350210e-02
   2.0871216e-02
   5.8137536e-02
   4.5373376e-02
   1.1227577e-02
   1.9551389e-02
   1.8973088e-02
   4.1335806e-02
   4.3179743e-02
   4.5719475e-02
   3.1154517e-02
   2.8668784e-02
   5.0911535e-02
   2.7064763e-02
   1.4005093e-02
   8.4147248e-03
   2.0682124e-02
   5.5183984e-02
   6.1140098e-02
   3.5478968e-02
   2.0787951e-02
   1.2668287e-02
   2.7744211e-02
   2.7804758e-02
   1.7075453e-02
   1.2913913e-02
   3.4094386e-02
   4.6666525e-02
   3.4763940e-02
   1.4708469e-02
   2.5749760e-02
   3.7120435e-02
   4.1805200e-02
   1.1031715e-02
   2.4980515e-02
   3.0309033e-02
   5.6987018e-03
   1.3692129e-02
   3.0858921e-02
   1.8582260e-02
   1.9386390e-02
   3.7146438e-02
   4.7674134e-02
   4.8155870e-02
   6.0860094e-02
   7.6461546e-02
   4.4193912e-02
   1.5046773e-02
   9.5448634e-03
   1.0640652e-02
   2.3081442e-02
   3.7608322e-02
   2.9086405e-02
   4.5659192e-02
   3.4493681e-02
   1.8290594e-02
   1.8143529e-02
   1.5750414e-02
   1.4437189e-02
   2.8605705e-02
   5.6486953e-02
   9.0821870e-02
   6.0060550e-02
   3.2023240e-02
   2.8840352e-02
   3.8057256e-02
   3.6636308e-02
   1.8017245e-02
   1.3338270e-02
   1.1329247e-02
   2.1641551e-02
   3.2801766e-02
   2.4387242e-02
   2.4306305e-02
   6.6171689e-03
   2.2721617e-02
   2.4104698e-02
   1.9141741e-02
   7.2872862e-03
   8.2870116e-03
   3.5498105e-02
   5.4017149e-02
   3.0702537e-02
   6.1843246e-03
   4.3766897e-02
   6.0485706e-02
   2.3281770e-02
   1.3133834e-02
   1.6004875e-02
   2.6290912e-02
   2.2509942e-02
   3.0792322e-02
   4.4079922e-02
   3.5208289e-02
   1.7381214e-02
   3.0380914e-02
   2.6830040e-02
   2.4510706e-03
   1.8020106e-02
   4.7155403e-02
   4.8768770e-02
   4.8022933e-02
   3.2031793e-02
   3.8295094e-02
   2.8440535e-02
   1.1169516e-02
   2.4417656e-02
   4.9862526e-02
   4.0203556e-02
   6.0911300e-03
   2.3943555e-02
   3.9600674e-02
   4.3851294e-02
   7.1179189e-02
   5.9829034e-02
   6.2877357e-02
   5.1953495e-02
   4.7840789e-02
   5.0962117e-02
   2.9411027e-02
   4.6817195e-03
   4.1178679e-03
   2.5861677e-02
   2.4594354e-02
   3.1173810e-02
   3.5900328e-02
   4.6619572e-02
   3.5651907e-02
   3.0583756e-02
   1.7662672e-02
   3.3990040e-02
   1.7838322e-02
   3.4646977e-02
   2.4026180e-02
   3.5125140e-02
   3.4414165e-02
   1.2401022e-02
   2.6874254e-02
   3.7025407e-02
   5.1014252e-02
   5.6725625e-02
   3.5730965e-02
   1.2594968e-02
   1.0795024e-02
   2.5879769e-02
   3.2560963e-02
   2.8864434e-02
   3.7840251e-02
   2.7349671e-02
   3.0962802e-02
   4.4935714e-02
   6.1435658e-02
   3.8032610e-02
   4.6364740e-02
   5.7518266e-02
   6.7174263e-02
   3.0030124e-02
   4.7796510e-02
   4.9737148e-02
   3.8771749e-02
   2.7018605e-02
   2.9402386e-02
   1.2372116e-02
   3.7976854e-02
   5.1698677e-02
   4.3068089e-02
   1.5920954e-02
   2.1733709e-02
   4.3229911e-02
   2.5641913e-02
   2.8534170e-02
   2.1648578e-02
   5.6921173e-02
   5.4356497e-02
   4.4842314e-02
   3.3792257e-02
   2.3862705e-02
   2.2162927e-02
   1.8266883e-02
   2.3777906e-02
   1.7243074e-02
   3.4279440e-02
   3.8582593e-02
   1.3488649e-02
   2.7179599e-02
   5.2479241e-02
   3.3852067e-02
   1.0216333e-02
   2.5447775e-03
   2.7678901e-02
   1.6120961e-02
   2.2516340e-02
   4.5787506e-02
   5.7788759e-02
   5.8411192e-02
   3.8925938e-02
   1.7016049e-02
   2.0614896e-02
   3.4874003e-02
   4.7304712e-02
   2.8149487e-02
   3.7788551e-02
   3.8236476e-02
   2.0874543e-02
   6.3844500e-03
   1.1622134e-02
   2.9271591e-02
   2.5941782e-02
   3.0246131e-02
   2.7792951e-02
   4.0348545e-02
   6.4658552e-02
   1.7037304e-02
   1.1231503e-03
   5.7821241e-03
   2.7581032e-02
   6.8300083e-02
   3.7477612e-02
   2.5724972e-02
   1.2573529e-02
   6.3745677e-03
   2.3746807e-02
   2.0602480e-02
   3.0130282e-02
   7.9327740e-02
   1.2332043e-01
   8.9331411e-02
   8.2186535e-02
   3.0444471e-02
   2.3996746e-02
   3.2433495e-02
   4.0973660e-02
   5.4795925e-02
   2.6391471e-02
   3.5549756e-02
   2.5995987e-02
   4.7979876e-02
   6.4502604e-02
   4.9287621e-02
   9.2634149e-02
   7.0050724e-02
   1.2784487e-02
   5.8026765e-03
   2.1785853e-02
   4.9968477e-02
   7.3392890e-02
   6.1022446e-02
   5.1831581e-02
   1.3686788e-02
   2.5974991e-02
   1.0585010e-02
   3.0980906e-02
   6.2594555e-02
   8.2762204e-02
   7.5130463e-02
   5.8744043e-02
   3.9589014e-02
   3.9212368e-02
   6.4565013e-03
   3.9319143e-02
   5.2663468e-02
   4.2960003e-02
   3.5691518e-02
   1.9554788e-02
   3.6295604e-02
   3.9034780e-02
   5.1360290e-02
   4.1437395e-02
   3.3730973e-02
   1.7300477e-02
   2.9721446e-02
   3.1469937e-02
   6.9441803e-02
   4.3349560e-02
   2.5081752e-02
   3.0912260e-02
   2.9099725e-02
   4.3008510e-02
   1.1977782e-02
   5.7768267e-02
   7.1191087e-02
   4.9787946e-02
   1.6371669e-02
   1.0221639e-02
   3.1069160e-02
   3.5663275e-03
   3.0300384e-02
   1.9495914e-02
   2.0859543e-02
   6.2284712e-02
   6.2780581e-02
   4.2299293e-02
   5.3388622e-02
   3.3931490e-02
   1.3931786e-02
   1.7517785e-02
   8.1197517e-03
   9.0856222e-04
   4.7391754e-02
   9.7004354e-02
   8.7065965e-02
   7.7484705e-02
   5.2731093e-02
   2.3342736e-02
   3.0476850e-02
   4.5284532e-02
   5.9915237e-02
   7.4371628e-02
   4.7955986e-02
   5.0010212e-02
   1.5744900e-02
   7.5826524e-03
   1.6241951e-02
   3.4297273e-02
   1.0032908e-01
   1.2286932e-01
   5.7560347e-02
   5.7452526e-02
   4.7441762e-02
   3.1643379e-02
   2.3526832e-02
   6.9405340e-02
   2.1678114e-01
   2.2176181e-01
   1.3456196e-01
   8.0329940e-02
   2.9177481e-02
   2.6140889e-02
   3.1236345e-02
   4.2887464e-02
   5.8984399e-02
   3.5248972e-02
   2.9275112e-02
   4.4762075e-02
   4.3237101e-02
   5.5285875e-02
   6.9785982e-02
   9.9432886e-02
   8.5446388e-02
   6.7295879e-02
   5.8453731e-02
   2.6456088e-02
   1.6447475e-02
   3.5382159e-02
   2.2435827e-02
   4.1193280e-02
   4.2964518e-02
   3.8303174e-02
   4.3152750e-02
   3.3732101e-02
   2.3372987e-02
   1.3703791e-02
   7.0214993e-03
   1.7810645e-02
   8.2869947e-02
   6.4115278e-02
   5.0534073e-02
   3.5493217e-02
   3.6528748e-02
   2.2442909e-02
   5.6074928e-03
   4.7846042e-02
   4.6590362e-02
   1.0248143e-01
   9.1181420e-02
   5.0504543e-02
   9.4010914e-03
   3.4287207e-02
   4.3728407e-02
   2.1048276e-02
   1.4907301e-02
   3.9127138e-02
   6.0946200e-02
   4.0749937e-02
   5.3680465e-02
   1.9662932e-02
   2.6668116e-02
   2.5750009e-02
   2.4389407e-02
   4.9599260e-02
   4.6089794e-02
   2.6288459e-02
   1.8694231e-02
   2.7986512e-02
   7.9206347e-02
   6.1518345e-02
   7.6824412e-02
   6.0814500e-02
   2.2308167e-02
   1.5320944e-02
   1.0104157e-02
   1.3253185e-02
   2.9056767e-02
   1.7965926e-02
   3.4012079e-02
   1.5232662e-02
   1.3356353e-02
   6.1731569e-02
   6.9655918e-02
   8.3298638e-02
   9.9760875e-02
   4.9046617e-02
   3.5335992e-02
   2.3278229e-02
   2.6334729e-02
   1.3599892e-01
   4.4695956e-01
   6.5536743e-01
   4.8216325e-01
   2.7007633e-01
   6.6747829e-02
  -6.1755013e-03
  -5.3039850e-03
   8.1800923e-02
   1.8620630e-01
   1.1466613e-01
   5.8307480e-02
   1.1502276e-01
   1.3520148e-01
   5.0641224e-02
   9.2446871e-02
   3.2017612e-01
   6.7155325e-01
   6.5656549e-01
   3.6468390e-01
   1.7077951e-01
   7.3779151e-02
   6.9429643e-02
   8.4681280e-02
   6.7202672e-02
   5.1460271e-03
   4.3843679e-02
   1.0366555e-01
   1.9233435e-01
   1.4621691e-01
   9.2005171e-02
   4.6224039e-02
   5.7429772e-02
   3.8917653e-02
   3.7135240e-02
   4.8381314e-02
   3.7889399e-02
   2.7436262e-02
   2.4881551e-02
   3.4359105e-02
   4.3152913e-02
   5.7449814e-02
   6.8295039e-02
   5.7893682e-02
   1.5047167e-02
   3.7599459e-02
   1.7948642e-02
  -3.5819181e-03
   5.1766675e-02
   9.7176254e-02
   1.2506022e-01
   1.2615314e-01
   5.5019371e-02
   4.6732720e-02
   3.3966094e-02
   1.9436644e-02
   2.0139730e-02
   3.3215422e-02
   5.0720975e-02
   6.6457219e-02
   3.5244912e-02
   9.4399579e-02
   9.5716931e-02
   8.9265645e-02
   1.0290711e-01
   5.0759904e-02
   3.3629283e-02
   1.7766758e-03
  -7.3098287e-04
   8.2149432e-04
   3.9148338e-02
   4.8262794e-02
   5.2520443e-02
   5.5537831e-02
   8.2128741e-02
   4.6591230e-02
   2.1732002e-02
   4.8880305e-02
   5.4267865e-02
   3.7244949e-02
   6.1763786e-02
   1.6728404e-01
   2.9600000e-01
   3.0109107e-01
   1.8097976e-01
   9.6301578e-02
   5.0035559e-02
   2.2921521e-02
   3.9390415e-02
   3.6883686e-02
   2.7599130e-02
   9.5655650e-02
   1.8640636e-01
   1.8783729e-01
   1.5720537e-01
   6.9718957e-02
   2.2285486e-02
   5.7951432e-02
   5.0539374e-02
   6.4736262e-02
   1.2072615e-01
   1.2007175e-01
   1.2212580e-01
   7.4942805e-02
   9.2133552e-02
   1.0884050e-01
   1.1627951e-01
   1.8570754e-01
   1.6481683e-01
   1.2687683e-01
   3.3281010e-02
   1.3877679e-02
   2.4010237e-02
   1.6701506e-02
   2.0663632e-02
  -1.0905152e-02
   3.1376380e-02
   5.3672466e-02
   6.2510945e-02
   5.4510303e-02
   4.4095233e-02
   3.0513329e-02
   4.1424707e-02
   2.9164514e-02
   1.2213442e-02
  -2.7137832e-03
   1.3192602e-02
   6.9486968e-02
   1.9257908e-01
   2.1390337e-01
   1.4928164e-01
   6.8586133e-02
   3.2806896e-02
   3.5012405e-02
   4.6517052e-02
   1.6024800e-02
   5.7988789e-02
   7.7110223e-02
   9.7933173e-02
   9.4157726e-02
   7.3772602e-02
   4.6555780e-02
   1.0411477e-01
   1.2950562e-01
   7.0945755e-02
   4.8534550e-02
   3.3972900e-02
   7.1234979e-02
   6.6622570e-02
   5.7938252e-02
   4.4214856e-02
   3.3670904e-03
  -1.1400977e-03
   2.3154594e-02
   4.6934023e-02
   1.2535106e-01
   1.2947959e-01
   7.0315503e-02
   2.8107397e-02
   1.4533713e-02
   2.7346045e-02
   4.2987313e-02
   2.4423978e-01
   6.7148077e-01
   8.5824698e-01
   5.6541401e-01
   2.8875226e-01
   1.0877180e-01
   6.4419806e-02
   6.6150770e-02
   2.5905237e-02
   6.6045314e-02
   1.0391607e-01
   1.6185077e-01
   1.2943809e-01
   9.3411461e-02
   9.8582633e-02
   5.1612336e-02
  -1.5341079e-02
   9.5938947e-03
   4.2234413e-02
   6.8176948e-02
   9.2331693e-02
   7.5083226e-02
   6.3550532e-02
   6.1238576e-03
   1.7067807e-02
   1.8152129e-02
   4.6348736e-02
   4.3380380e-02
   4.5500699e-02
   4.8014514e-02
   4.9464658e-02
   1.8924383e-02
   1.0909238e-02
   6.0161512e-02
   1.0859673e-01
   1.2536639e-01
   8.4747463e-02
   7.5550586e-02
   5.4055184e-02
   2.3133902e-02
   6.6206180e-02
   5.7229109e-02
   4.8542697e-02
   1.3809473e-02
   5.1039539e-02
   8.7661877e-02
   9.9892482e-02
   1.2865770e-01
   1.6238770e-01
   1.1180907e-01
   4.6827964e-02
   2.9355623e-02
   5.1068213e-02
   2.8487056e-02
   9.5689863e-02
   2.6652011e-01
   3.0066338e-01
   2.5626472e-01
   1.3581879e-01
   7.8479461e-02
   2.8718939e-02
   1.1370612e-02
   5.4578684e-02
   4.3227084e-02
   4.6471767e-02
   9.7866483e-02
   1.1613983e-01
   1.3024049e-01
   8.3509937e-02
   9.8642707e-02
   1.3767532e-01
   6.2072333e-02
   6.8091050e-02
   1.3895573e-01
   1.8067540e-01
   1.4176187e-01
   8.1937499e-02
   6.9160812e-02
   4.9337175e-02
   3.5083693e-02
   3.4260344e-02
   4.0699031e-02
   2.0225717e-02
   2.7207667e-02
   4.7391143e-02
   1.9356975e-02
  -9.6028512e-03
   2.5276328e-02
   1.2460348e-02
   1.1497298e-01
   2.1573475e-01
   1.9114479e-01
   9.5835179e-02
   4.1122597e-02
   3.5276406e-02
   5.9800331e-02
   8.2555704e-02
   7.1082667e-02
   8.6593911e-02
   4.3756004e-02
   5.9733573e-02
   7.2651438e-02
   2.1949595e-02
   5.2550260e-02
   6.1254356e-02
   4.8202120e-02
   8.5178517e-02
   1.9717747e-01
   2.1949154e-01
   1.0003116e-01
   5.1403973e-02
   7.9131901e-02
   2.1346375e-02
   2.3030303e-02
   1.7915542e-01
   3.6843082e-01
   4.0117311e-01
   2.9270494e-01
   2.0491639e-01
   9.8838620e-02
   1.9856818e-02
   3.4983419e-02
   3.7657429e-02
   5.8086619e-02
   4.6040505e-02
   6.5036125e-02
   9.9034920e-02
   6.8577439e-02
   6.0080182e-02
   5.3836964e-02
   6.3550738e-03
   1.1015883e-02
  -1.0742391e-02
  -6.3125640e-03
   3.2758828e-02
   7.8517370e-02
   6.3594095e-02
   8.1987068e-02
   6.0002059e-02
   2.9014448e-02
   2.6158694e-02
   3.5115730e-02
   4.2009469e-02
   6.7743585e-02
   6.8586081e-02
   5.6509562e-02
   6.5016702e-02
   7.6002225e-02
   4.6813902e-02
   7.0743375e-03
   4.7275261e-03
   6.5714517e-03
   4.0249195e-02
   5.2458853e-02
   6.2799469e-02
   9.4799094e-02
   7.0295013e-02
   7.7218480e-02
   4.7162309e-02
   4.8509382e-02
   7.4770324e-02
   7.9015188e-02
   8.8238291e-02
   3.7600257e-02
   2.4698310e-02
   5.9817724e-02
   2.3492739e-01
   3.1246680e-01
   2.5491774e-01
   1.6884078e-01
   2.1311263e-02
  -3.5601852e-03
   2.7016664e-02
   1.5042531e-01
   6.7024338e-01
   1.1006992e+00
   9.3222165e-01
   5.1473433e-01
   2.2473803e-01
   1.4605366e-01
   5.0637461e-02
   2.2369087e-02
   4.6950124e-02
   2.2169717e-02
   7.1143836e-02
   1.7615022e-01
   1.9058533e-01
   1.9229633e-01
   1.2530202e-01
   4.9258366e-02
   2.0638961e-02
   3.6423106e-02
   3.7511390e-02
   1.7808235e-03
   8.7386198e-02
   8.4799804e-02
   5.8628552e-02
   4.7693826e-02
   1.1372296e-01
   1.5959167e-01
   1.5556745e-01
   1.4167622e-01
   1.1688619e-01
   6.0373254e-02
   5.0463468e-02
   7.8002460e-02
   2.8758648e-01
   7.2397608e-01
   8.2844430e-01
   6.1999655e-01
   3.2975808e-01
   1.6517770e-01
   1.0470742e-01
   7.4734405e-02
   3.7737417e-03
   1.0435767e-02
   6.0747311e-02
   3.1212232e-01
   6.0099500e-01
   6.2564367e-01
   4.4278634e-01
   2.2196095e-01
   1.0738336e-01
   3.5334423e-02
   2.9423784e-02
   1.6964367e-01
   3.9346531e-01
   5.1132828e-01
   4.3970257e-01
   3.9211041e-01
   2.8746146e-01
   2.2256954e-01
   1.8429266e-01
   1.5167892e-01
   4.9485363e-02
   5.5799759e-03
   1.0716324e-01
   4.5943794e-01
   9.3808734e-01
   9.8568481e-01
   6.3402873e-01
   3.1893539e-01
   1.6743420e-01
   8.1845589e-02
   1.9531876e-01
   8.3060288e-01
   2.0250525e+00
   2.4776795e+00
   1.8738458e+00
   1.2747028e+00
   1.3874586e+00
   1.3158047e+00
   9.3230611e-01
   5.1490235e-01
   1.5393446e-01
   1.0466804e-01
   9.9150133e-01
   4.3972969e+00
   8.1266785e+00
   7.7208343e+00
   4.4551821e+00
   1.7754654e+00
   6.7702180e-01
   3.0788532e-01
   2.5403209e+00
   1.5619957e+01
   3.2408291e+01
   3.2048084e+01
   1.9030676e+01
   7.9218407e+00
   2.4679673e+00
   5.4435116e-01
   9.4582602e-02
   1.2447407e-02
   2.5709128e-01
   2.3723974e+00
   5.1276550e+00
   4.9866447e+00
   3.2852194e+00
   1.6088405e+00
   4.4824374e-01
  -2.2803624e-01
  -2.0378931e-01
   1.3198264e-01
   4.1187391e-01
   1.0777872e+00
   1.7283667e+00
   1.4467850e+00
   7.6028317e-01
   3.2142803e-01
   3.3780047e-01
   2.2364300e-01
   1.2004495e-01
   2.1225293e-01
   3.6649570e-01
   5.1171702e-01
   7.9747337e-01
   1.3562645e+00
   2.0347958e+00
   1.8656925e+00
   9.6963125e-01
   2.1191652e-01
   1.1354355e-02
   1.3739242e-01
   3.0088133e-01
   3.6933544e-01
   3.6680359e-01
   3.5916990e-01
   3.7597823e-01
   2.5877538e-01
   1.8817611e-01
   2.1425168e-01
   3.1758296e-01
   3.4702507e-01
   2.9928276e-01
   2.1279225e-01
   2.4999911e-01
   2.5292012e-01
   2.0887762e-01
   6.6753469e-02
  -5.0550334e-02
  -6.4160287e-02
   1.1954094e-02
   2.6219317e-01
   3.7157151e-01
   2.8320685e-01
   9.6249163e-02
  -7.5938858e-02
  -9.8196059e-02
   1.1777616e-01
   4.8149043e-01
   8.9493942e-01
   1.0395949e+00
   6.5337431e-01
   2.3709822e-01
   6.5959483e-02
   5.7688928e-01
   1.5951395e+00
   1.8222462e+00
   1.1541102e+00
   4.3205798e-01
   1.7328154e-01
   6.1981446e-01
   1.4665140e+00
   1.6328164e+00
   9.6075386e-01
   4.6521330e-01
   3.5105699e-01
   3.0297002e-01
   5.3410655e-01
   2.9397287e+00
   7.1945400e+00
   8.0207405e+00
   5.1090283e+00
   2.2625847e+00
   7.0552331e-01
   2.3217386e-01
   1.3366754e-01
   9.7302228e-02
   9.1981128e-02
   6.7323178e-01
   1.4615067e+00
   1.4649011e+00
   9.8568797e-01
   4.0963373e-01
   8.6753048e-02
  -3.9202504e-02
  -4.0113248e-02
   1.2092888e-01
   2.3026614e-01
   4.4605157e-01
   5.9549767e-01
   4.1186512e-01
   1.3743061e-01
   3.5164833e-02
   3.8260322e-02
   4.2356946e-02
   3.0560737e-02
   1.0639805e-01
   1.5318093e-01
   2.3386978e-01
   2.4939017e-01
   3.3705664e-01
   5.4736924e-01
   3.5184959e-01
   1.0248336e-01
   4.1707270e-02
   1.7758872e-02
   1.2027729e-01
   1.1346677e-01
   1.5440099e-01
   1.8208717e-01
   9.5514573e-02
   5.8100797e-02
   1.0883650e-02
   4.1959837e-02
   1.2624943e-01
   1.8149815e-01
   2.1581687e-01
   2.3126379e-01
   2.3758893e-01
   1.6091618e-01
   1.3226582e-01
   2.4499133e-02
  -1.6381834e-02
   8.6322866e-02
   2.2605954e-01
   3.2392800e-01
   3.5744262e-01
   3.1093037e-01
   1.0044803e-01
  -5.1019737e-03
   1.0603435e-01
   2.7184951e-01
   4.4623622e-01
   6.7134738e-01
   7.2948492e-01
   4.8176515e-01
   1.9438675e-01
   2.4003910e-01
   4.8956418e-01
   5.9984112e-01
   5.0394571e-01
   1.7321041e-01
  -4.1098393e-02
   1.1155538e-01
   1.0834225e+00
   2.1870854e+00
   2.3132796e+00
   1.4411995e+00
   5.5190974e-01
   1.0664129e-01
   9.1877587e-02
   1.4451195e+00
   5.6207738e+00
   9.2228832e+00
   8.1523743e+00
   4.6737394e+00
   1.8327065e+00
   5.3666812e-01
   1.5419398e-01
   2.0252153e-01
   3.7829483e-01
   6.4297754e-01
   1.1604139e+00
   1.7305415e+00
   1.3563064e+00
   9.0375346e-01
   5.1961118e-01
   3.5539755e-01
   2.5975820e-01
   1.7657486e-01
   2.6782328e-01
   4.1077107e-01
   5.5949593e-01
   5.3662652e-01
   2.9345185e-01
   2.0075336e-01
   8.1363283e-02
   8.1444889e-02
   9.2921130e-02
   1.6258138e-01
   1.7256735e-01
   2.1911989e-01
   2.8108719e-01
   2.4587996e-01
   2.5743863e-01
   2.5392550e-01
   1.2942250e-01
   2.3195654e-02
   5.7397284e-02
   9.6160419e-02
   1.4247853e-01
   1.8640730e-01
   1.8144475e-01
   1.1224797e-01
   3.7846025e-02
  -6.6932654e-03
  -7.9953118e-04
   6.1332181e-02
   1.0963321e-01
   1.3250661e-01
   1.4503992e-01
   1.8312636e-01
   1.8285510e-01
   7.8549132e-02
   2.6842924e-02
  -1.7408581e-02
   3.6209699e-02
   6.4796530e-02
   1.3312151e-01
   1.8497217e-01
   1.9041905e-01
   1.3790718e-01
   8.1848070e-02
   3.0493684e-02
   8.6385816e-02
   1.4842178e-01
   3.3414367e-01
   4.0296963e-01
   2.8151563e-01
   1.3007486e-01
   1.0079822e-01
   1.5904671e-01
   2.2975764e-01
   2.2604887e-01
   1.6843194e-01
   6.8659909e-02
   3.6905777e-02
   2.3188113e-01
   5.8942610e-01
   8.0154485e-01
   5.6323487e-01
   2.5789416e-01
   4.7296595e-02
   1.8486010e-02
   2.3903273e-01
   1.2200371e+00
   2.3422577e+00
   2.4420903e+00
   1.6086668e+00
   6.7101610e-01
   1.6392373e-01
   8.8807203e-02
   6.8692915e-02
   7.6842025e-02
   1.7004347e-01
   3.4537503e-01
   5.0682855e-01
   4.6380532e-01
   2.4772523e-01
   1.2942275e-01
   1.1038337e-01
   1.2417667e-01
   5.4892175e-02
   3.3306047e-02
   1.2952037e-01
   2.1766077e-01
   1.8048659e-01
   1.2606955e-01
   1.0262355e-01
   6.2835194e-02
   5.2406579e-02
   2.5157239e-02
   2.5753502e-02
   5.5189416e-02
   1.1102316e-01
   1.7770664e-01
   1.3107321e-01
   6.2393893e-02
   5.8437616e-02
   5.2097972e-02
   1.6628027e-02
   3.6888942e-02
   5.0750077e-02
   3.2191809e-02
   2.4889469e-02
   7.1974702e-02
   6.9207102e-02
   3.8282290e-02
   1.5704267e-02
   2.8563745e-02
   4.5393318e-02
   7.4667007e-02
   4.0622391e-02
   9.6105717e-02
   9.2364445e-02
   1.0255819e-01
   8.1045702e-02
   7.0076331e-02
   4.7096472e-02
   5.2157678e-02
   6.5428272e-02
   1.4189279e-01
   1.2739435e-01
   6.9652408e-02
   6.2773570e-02
   3.0524461e-02
   7.2829485e-02
   5.1179089e-02
   1.0773311e-01
   1.7956264e-01
   1.6371660e-01
   9.0988278e-02
   6.6815555e-02
   5.4989230e-02
   1.0605729e-01
   1.2725636e-01
   9.3319237e-02
  -1.5860789e-02
  -4.0577192e-02
   5.0691571e-02
   2.0525934e-01
   2.7286255e-01
   2.3730996e-01
   1.5414660e-01
   6.2430773e-02
   3.9056707e-03
   2.2817763e-02
   3.6144388e-01
   8.5027421e-01
   9.4243878e-01
   6.2881303e-01
   2.6295793e-01
   7.1828209e-02
   3.4908902e-02
   4.7990000e-03
   6.7135401e-02
   8.9856014e-02
   1.5116252e-01
   1.9461080e-01
   1.5632118e-01
   6.3758381e-02
   8.1189036e-02
   7.4671671e-02
   7.2144732e-02
   3.3673208e-02
  -3.0039335e-03
   3.4581896e-02
   9.2728898e-02
   7.9558313e-02
   1.4520371e-01
   1.4606519e-01
   8.5829310e-02
   4.1937422e-02
   1.8163079e-02
   2.4614414e-02
   1.3624138e-01
   1.4691409e-01
   1.3150288e-01
   1.2527509e-01
   6.0516536e-02
   4.1710496e-02
   4.5752097e-02
   1.5926513e-01
   3.2129467e-01
   3.6361817e-01
   2.3447563e-01
   1.0654481e-01
   2.9480016e-02
   2.1425987e-02
   7.8396164e-02
   1.5519261e-01
   1.7814590e-01
   1.8807752e-01
   1.3580211e-01
   4.8958492e-02
   4.3647852e-02
   7.8184597e-02
   1.4381361e-01
   1.6398408e-01
   9.4574973e-02
   9.6340045e-02
   6.2967658e-02
   6.4404190e-02
   8.0754712e-02
   8.8371811e-03
   3.0581154e-02
   4.8460811e-02
   2.5584416e-02
   4.5078296e-02
   5.8623236e-02
   7.3657125e-02
   7.3992468e-02
   3.4794629e-02
   1.4568037e-02
   5.3192165e-02
   8.1706353e-02
   8.1911974e-02
   8.5478850e-02
   4.6285771e-02
  -1.3611787e-03
   2.0226236e-02
   8.6899951e-02
   1.3873169e-01
   1.5193479e-01
   1.3603091e-01
   7.3637873e-02
   3.5176117e-02
   8.3829612e-03
   9.1820851e-02
   2.6392221e-01
   3.1827703e-01
   2.7624190e-01
   1.5338093e-01
   4.9459953e-02
   2.1241946e-02
   2.3331717e-02
   4.6937902e-02
   3.4417037e-02
   5.8187954e-02
   8.8243604e-02
   6.2064756e-02
   2.9962420e-02
   6.0071658e-02
   3.1165650e-02
   3.0402965e-03
   3.2969128e-02
   4.2831577e-02
   3.2327291e-02
   5.6825154e-02
   6.4170800e-02
   1.0113607e-01
   6.3504010e-02
   8.0572084e-02
   7.9830028e-02
   5.2715000e-02
   2.5804380e-02
   6.1781835e-02
   1.0981496e-01
   1.0092251e-01
   3.2317530e-02
   4.5039430e-02
   1.0007530e-01
   1.1810739e-01
   1.4500664e-01
   1.8935627e-01
   1.9435425e-01
   1.3126691e-01
   1.1192228e-01
   7.2997659e-02
   7.2120555e-02
   1.0308721e-01
   1.5439938e-01
   1.8206806e-01
   1.0893116e-01
   8.0053531e-02
   7.9877093e-02
   1.1570144e-01
   1.4310689e-01
   1.0323358e-01
   4.8944265e-02
   2.0527281e-02
   7.1547553e-02
   1.3852711e-01
   1.4146166e-01
   1.3328217e-01
   5.1201344e-02
   1.2365401e-02
   5.0494559e-02
   6.2795915e-02
   2.1823554e-01
   2.3784889e-01
   1.8958361e-01
   8.6492352e-02
   1.6094964e-02
  -1.8250087e-02
   9.5486395e-02
   2.7734709e-01
   3.4631762e-01
   2.7486378e-01
   1.5289649e-01
   8.4083281e-02
   2.8900793e-02
   1.7745838e-01
   3.3232832e-01
   3.8720632e-01
   2.8417894e-01
   2.5002253e-01
   1.3066354e-01
   1.1962146e-01
   3.3377033e-01
   5.9838134e-01
   6.1833715e-01
   4.3451375e-01
   1.5586466e-01
   1.2672377e-02
   1.0530112e-01
   4.5264766e-01
   6.5151793e-01
   6.2329370e-01
   3.7621436e-01
   9.3338676e-02
   9.5910681e-03
   1.1606331e-01
   5.4435617e-01
   1.0505390e+00
   1.0977025e+00
   6.7772341e-01
   2.7236161e-01
   1.2803755e-02
   1.4136487e-01
   5.8874899e-01
   9.0849102e-01
   6.5045768e-01
   4.2195407e-01
   2.1244794e-01
   5.2051369e-02
   1.3082701e-01
   4.2819732e-01
   6.5878516e-01
   5.2152866e-01
   3.0442020e-01
   1.2050341e-01
   7.8737773e-02
   2.0498732e-01
   5.2810925e-01
   6.2477142e-01
   4.4644415e-01
   1.7826925e-01
   1.1150170e-01
   1.1707190e-01
   9.1273040e-02
   1.2959437e-01
   6.8215534e-02
   6.1385240e-02
   8.1509791e-02
   7.8423150e-02
   1.0611781e-01
   1.4489141e-01
   1.5713386e-01
   1.1783678e-01
   1.0602426e-01
   6.4196758e-02
   6.5764107e-02
   7.2134875e-02
   4.7589630e-02
   3.4935404e-02
   5.7722881e-02
   3.7084833e-02
   5.8416981e-02
   6.6800267e-02
   8.4121741e-02
   9.6828073e-02
   1.0894669e-01
   7.4247215e-03
   3.0992124e-03
   4.3549839e-02
   5.0270464e-02
   1.1191753e-01
   1.0347796e-01
   5.7955094e-02
   6.6354953e-02
   6.8582550e-02
   4.4574969e-02
   1.2932210e-01
   1.3919778e-01
   1.3758601e-01
   1.1801641e-01
   7.4977301e-02
   1.9982507e-02
   1.2197780e-01
   1.6051200e-01
   1.8147746e-01
   1.4246556e-01
   1.1406126e-01
   2.4745742e-02
   7.9612158e-02
   2.2210409e-01
   2.6222670e-01
   2.1945761e-01
   1.2901177e-01
   2.0076772e-02
  -1.1609087e-02
   9.3664974e-02
   3.5603359e-01
   5.2612436e-01
   3.9264673e-01
   1.9410940e-01
   4.4301417e-02
   2.5802162e-02
   1.2853475e-01
   2.3700470e-01
   2.8506747e-01
   2.0515575e-01
   8.9232676e-02
   6.5420300e-02
   9.9313185e-02
   1.6759127e-01
   2.9943663e-01
   2.6768190e-01
   1.5568280e-01
   6.8840772e-02
   2.5996285e-02
   4.6846732e-02
   2.0789576e-01
   3.0534247e-01
   2.3030841e-01
   1.2503128e-01
   6.7356437e-02
   5.4133307e-02
   3.8882259e-02
   3.1231897e-02
   2.0276221e-02
   3.5260774e-02
   5.9893813e-02
   7.4646764e-02
   4.8877981e-02
   1.0237330e-01
   1.6526984e-01
   8.2195997e-02
   1.0673615e-02
  -8.4689911e-03
   2.0535080e-02
   5.6519907e-02
   8.0204897e-02
   6.5783806e-02
   6.1681058e-02
   1.9029617e-02
   3.9614286e-02
   6.3642628e-02
   8.2656473e-02
   9.1681972e-02
   6.6799283e-02
   4.0050827e-02
   2.6967717e-02
   1.2045956e-02
   1.6014179e-02
   4.2385869e-02
   5.0049402e-02
   3.7259974e-02
   1.2548734e-03
  -5.8039003e-03
   1.2947258e-02
   4.4308562e-02
   5.7860576e-02
   5.0813511e-02
   6.2075961e-02
   3.6377016e-02
   5.9612356e-02
   4.5154694e-02
   6.0813595e-02
   5.8189724e-02
   4.6399049e-02
   8.8016570e-02
   1.1160354e-01
   1.0652889e-01
   1.4180377e-01
   7.5560875e-02
   9.2869073e-02
   8.6144798e-02
   6.8663478e-02
   9.5893517e-03
   1.2956302e-01
   2.6138079e-01
   2.5666240e-01
   1.5933144e-01
   6.7263283e-02
   1.9766013e-03
   4.2425886e-02
   1.0746317e-01
   1.3956645e-01
   1.3991386e-01
   7.9083614e-02
   4.5228515e-02
   3.8572997e-02
   6.9789544e-02
   1.3071607e-01
   1.3628489e-01
   1.1007501e-01
   8.0767527e-02
   5.2154679e-02
   2.9082144e-02
   5.2237757e-02
   1.4795704e-01
   1.9101496e-01
   1.2941720e-01
   4.5464069e-02
   5.4315470e-02
  -2.5904656e-03
   3.1445097e-02
   2.4498405e-02
   2.3903251e-02
   3.0050775e-02
   2.8114833e-02
   6.8511076e-02
   5.4328397e-02
   7.6313712e-02
   6.2128671e-02
   2.9101711e-02
   5.9746940e-02
   6.1321981e-02
   3.7539292e-02
   5.6383297e-02
   4.9685251e-02
   4.6838202e-02
   8.0141790e-02
   4.1979019e-02
   7.9949191e-03
   5.2006382e-02
   2.4712995e-02
   2.9457457e-02
   5.3821910e-02
   6.2301420e-02
   5.5029079e-02
   5.5630431e-02
   4.3566030e-02
   4.6813589e-02
   3.8512018e-02
   4.4939741e-02
   6.2077671e-02
   2.8033407e-02
   3.4286924e-02
   3.8943283e-02
   6.8464100e-02
   4.9947646e-02
   4.7279719e-02
   3.5616634e-03
   1.7193301e-02
   3.6440823e-02
   7.6805480e-02
   6.0872201e-02
   2.8193817e-02
   1.7231546e-02
   9.0866245e-02
   9.2035435e-02
   6.4703934e-02
   2.2049457e-02
   4.7694255e-02
   4.7595069e-02
   7.7213638e-02
   8.9720801e-02
   1.4330724e-01
   1.4093316e-01
   8.3255045e-02
   4.8740286e-02
   3.5253167e-02
   1.4071685e-02
   4.4287488e-02
   1.0517178e-01
   5.9485391e-02
   4.7065567e-02
   2.9212384e-02
   2.4019442e-02
   5.9349451e-02
   5.1289801e-02
   4.5360647e-02
   5.0513715e-02
   5.7644792e-02
   3.0631633e-02
   2.3943663e-02
   6.2980644e-02
   6.3678876e-02
   3.9599951e-02
   4.0750492e-02
   1.7668495e-02
   1.9100329e-02
   3.0582758e-02
   1.3516905e-02
   3.9903142e-02
   4.2454205e-02
   4.4726647e-02
   4.0738311e-02
   2.7211385e-02
   9.6115069e-03
   4.8707847e-02
   5.4110423e-02
   3.9082058e-02
   6.3991368e-02
   6.9090135e-02
   2.3400128e-02
   4.3010309e-02
   4.5020454e-02
   4.5947149e-02
   7.4511811e-02
   1.8144274e-02
   3.4453515e-02
   2.9707056e-02
   2.5671715e-02
   5.3000949e-02
   6.3541286e-02
   4.7844376e-02
   3.6076788e-02
   3.9771710e-02
   4.2530235e-02
   6.5908097e-02
   4.5659114e-02
   6.1359540e-02
   7.2398402e-02
   4.4644531e-02
   4.6301719e-02
   3.6870152e-02
   5.2396867e-02
   3.5985637e-02
   2.9181419e-02
   2.9272996e-02
   5.3834762e-02
   4.8141357e-02
   3.4841161e-02
   2.5010468e-02
   2.4241973e-02
   3.2875311e-02
   6.3764863e-02
   3.2695614e-02
   4.9249236e-02
   5.1860590e-02
   6.0280360e-02
   6.3703485e-02
   3.1189380e-02
   4.8968643e-02
   5.4394681e-02
   2.3788102e-02
   3.6940951e-02
   4.5768339e-02
   2.9340664e-02
   2.5549902e-02
   6.1691079e-02
   6.0549069e-02
   6.0480624e-02
   3.4839980e-02
   2.5514023e-02
   4.0377926e-02
   6.0853668e-02
   5.8606882e-02
   2.6812255e-02
   4.9018797e-02
   2.9493760e-02
   4.6331581e-02
   4.1558031e-02
   6.6801503e-02
   5.2563027e-02
   3.7836611e-02
   1.2847703e-02
   1.9174639e-02
   1.5653413e-02
   4.7817413e-02
   4.3253839e-02
   5.1511228e-02
   5.2342687e-02
   4.5721453e-02
   2.1242931e-02
   3.0738480e-02
   4.7829922e-02
   4.8110988e-02
   4.3548439e-02
   4.1221090e-02
   2.9762387e-02
   4.2132527e-02
   2.8572185e-02
   3.1663407e-02
   2.5256306e-02
   1.4081177e-03
   1.9730981e-02
   3.7663080e-02
   3.4052223e-02
   3.1676795e-02
   5.1632136e-02
   6.1281912e-02
   4.0209088e-02
   3.4449898e-02
   2.9758925e-02
   1.0835166e-03
   1.8674295e-02
   1.5892839e-02
   3.4980848e-02
   3.4282587e-02
   3.4712750e-02
   2.8736360e-02
   4.0202718e-02
   4.6515156e-02
   3.7468396e-02
   3.4900103e-02
   2.0390570e-02
   3.3888668e-02
   1.9571776e-02
   1.0625700e-02
   1.0342530e-02
   2.4685932e-02
   4.0268328e-02
   2.3873383e-02
   1.2989103e-02
   2.6096545e-02
   2.9992167e-02
   1.6736807e-02
   1.4493266e-02
   5.9553417e-03
   2.9509194e-02
   2.9005993e-02
   3.1652059e-02
   4.0571786e-02
   4.1577239e-02
   5.9391469e-02
   4.8136175e-02
   5.2391153e-02
   4.4756234e-02
   3.7554782e-02
   3.5076916e-02
   1.1393509e-02
   4.6014231e-02
   2.8779574e-02
   4.8122633e-02
   2.3934884e-02
   3.8530581e-02
   3.7640817e-02
   4.7565561e-02
   3.8033448e-02
   5.9262741e-02
   4.1099504e-02
   2.4720488e-02
   3.2351382e-02
   3.2114569e-02
   6.1543919e-02
   3.6083527e-02
   1.3337304e-02
   2.5198355e-02
   5.7154465e-02
   4.1755944e-02
   2.1854674e-02
   3.8446914e-02
   2.1227337e-02
   3.2318238e-02
   5.7776716e-02
   6.3344814e-02
   4.4001717e-02
   2.5638342e-02
   2.2503749e-02
   3.5951823e-02
   2.9013444e-02
   1.5367348e-02
  -9.3663922e-03
   3.0019565e-02
   2.3733327e-02
   3.1415749e-02
   3.2337636e-02
   4.2764269e-02
   2.6974291e-02
   2.1804174e-02
   4.5690197e-02
   4.2543560e-02
   4.2735517e-02
   2.9628757e-02
   4.0141068e-02
   2.2576984e-02
   2.5702463e-02
   5.4255038e-02
   3.6619827e-02
   1.7448438e-02
   3.5913669e-02
   3.9572209e-02
   3.9904077e-02
   1.2709106e-02
   1.7234828e-02
   3.0166043e-02
   3.9812341e-02
   2.8151626e-02
   3.0928725e-02
   1.6632590e-02
   2.3229174e-02
   4.8158564e-02
   3.9837908e-02
   3.2142371e-02
   5.8513727e-02
   4.3129906e-02
   2.3852665e-02
   2.2166742e-02
   2.1875983e-02
   1.7047545e-02
   1.6702609e-02
   3.3305384e-02
   3.2347888e-02
   3.0846355e-02
   2.5401106e-02
   2.6982222e-02
   3.4274895e-02
   1.9753268e-02
   6.0193758e-02
   5.5777892e-02
   2.6159380e-02
   3.2779567e-02
   3.9182704e-02
   5.4548092e-02
   4.2043619e-02
   2.9976143e-02
   5.3147689e-02
   7.0441766e-03
   1.5348087e-02
   3.7696801e-02
   3.5878077e-02
   3.4756131e-02
   3.5512865e-02
   3.4735218e-02
   2.5160914e-02
   2.7188769e-02
   2.0308156e-02
   4.4582121e-02
   4.3448705e-02
   4.6877824e-02
   4.2990450e-02
   4.1266736e-02
   5.6693450e-02
   5.5093944e-02
   5.3271931e-02
   4.2140815e-02
   9.4986130e-03
   2.4686297e-02
   1.4917708e-02
   1.4110555e-02
   1.7246824e-02
   2.0427972e-02
   2.3234786e-02
   4.7427092e-02
   3.8425643e-02
   3.5624903e-02
   5.6676064e-02
   2.7059933e-02
   2.4347782e-02
   2.3370141e-02
   9.8185334e-03
   5.9143540e-02
   2.7394624e-02
   3.8247664e-02
   5.0072022e-02
   6.3311756e-02
   5.7316322e-02
   5.1606797e-02
   2.9907143e-02
   1.3783849e-02
   2.8389232e-02
   4.5618214e-02
   2.7520336e-02
   4.3828223e-02
   9.9805929e-02
   1.1334228e-01
   6.8648838e-02
   3.6770914e-02
   1.2107369e-02
   3.2676972e-02
   2.0030743e-01
   3.6547518e-01
   3.3317518e-01
   2.1339634e-01
   1.0157431e-01
   5.5498865e-02
   8.6445905e-02
   2.0672277e-01
   3.0635348e-01
   2.3774442e-01
   1.6263081e-01
   1.0799240e-01
   8.6643443e-02
   4.5752138e-02
   6.6848891e-03
   3.0312592e-02
   5.3914689e-02
   5.6500308e-02
   6.6730373e-02
   7.6097667e-02
   4.7133133e-02
   2.5209142e-02
   3.2512359e-02
   3.1317223e-02
   3.9557595e-02
   2.7681123e-02
   2.1876333e-02
   3.0101078e-02
   3.1131554e-02
   2.5022071e-02
   2.5718996e-02
   8.6655160e-03
   3.6312222e-02
   3.9801829e-02
   3.3526681e-02
   1.3634568e-02
   1.4024914e-02
   2.8101658e-02
  -9.7931293e-04
   6.9802180e-03
   1.1535292e-02
   3.0084025e-02
   4.7821615e-02
   5.2252185e-02
   2.4002623e-02
   1.6491096e-02
   1.6674123e-04
   2.1859432e-02
   1.6843410e-02
   2.2997322e-02
   2.7552614e-02
   3.6217142e-02
   3.9829317e-02
   3.8988709e-02
   4.2305920e-02
   3.7303846e-02
   4.4234931e-02
   3.8474701e-02
   4.3877363e-02
   3.8043443e-02
   4.4494204e-02
   3.7087761e-02
   6.3953586e-02
   2.6360668e-02
   2.2871666e-02
   3.6045767e-02
   3.9741673e-02
   3.8038708e-02
   3.9152808e-02
   5.4304507e-02
   4.9819153e-02
   4.4417497e-02
   1.8373149e-02
   2.3852665e-02
   6.0192708e-02
   1.0948971e-01
   1.0193426e-01
   6.7179978e-02
   5.6908526e-02
   2.2623898e-02
   3.0176876e-02
   7.1875408e-02
   9.1346711e-02
   9.2430890e-02
   7.3739372e-02
   4.1553985e-02
   4.0649701e-02
   8.0808317e-03
   1.9064663e-02
   4.1405745e-02
   3.2496337e-02
   1.7711142e-02
   1.3715861e-02
   2.0976990e-02
   1.0795729e-02
   2.4886316e-02
   3.0243065e-02
   9.3862899e-03
   4.0201908e-03
   1.4173537e-02
   1.7209191e-02
   2.3168039e-02
   3.3487875e-02
   3.8800105e-02
   2.4767533e-02
   2.6495093e-02
   1.2578679e-02
   2.0728087e-02
   3.0755620e-02
   3.4292918e-02
   3.9421279e-02
   9.2653567e-03
   2.3901784e-04
   1.3601146e-02
   2.9124193e-02
   7.7303266e-03
   1.1818580e-02
   3.5986885e-02
   3.6038961e-02
   1.8375184e-02
   3.8333271e-02
   4.5225337e-02
   2.8401939e-02
   3.4125492e-02
   3.0742157e-02
   4.9401574e-02
   3.8413972e-02
   1.5706616e-02
   1.5496057e-02
   1.2616635e-02
   2.4202954e-02
   3.9949138e-02
   2.0900516e-02
   8.3770081e-03
   2.7064022e-02
   2.2667659e-02
   4.1809216e-02
   1.8670911e-02
   2.9546628e-02
   2.9652756e-02
   2.0858550e-02
   6.4316490e-03
   3.4625385e-02
   3.5209231e-02
   3.6870811e-02
   4.2770647e-02
   4.1155975e-02
   3.2746188e-02
   1.7745979e-02
   6.6093415e-02
   6.7195356e-02
   4.8343398e-02
   2.0761212e-02
   1.4157903e-02
   1.1718947e-02
   4.0004499e-02
   5.1816098e-02
   1.9220889e-02
   1.4049255e-02
   5.6044165e-02
   3.6821339e-02
   9.1475276e-03
   1.5889360e-02
   2.6628939e-02
   2.9646369e-02
   1.3177111e-02
   9.0178661e-03
   2.6735278e-02
   1.7645540e-02
   2.0856570e-02
   1.8872367e-02
   3.0458391e-02
   2.4727182e-02
   1.7958995e-02
   2.7151138e-02
   2.6108192e-02
   3.4103341e-02
   2.5497176e-02
   1.2107721e-02
   3.9726868e-02
   2.6486654e-02
   1.6299155e-02
   1.1869382e-02
   2.4523098e-02
   2.3883389e-02
  -2.0552995e-03
   1.4727508e-02
   2.2792935e-02
   3.0533921e-02
   3.8510222e-02
   4.4045266e-02
   3.7817765e-02
   3.6967140e-02
   2.7740102e-02
   3.1817518e-02
   2.0628912e-02
   2.9102931e-02
   3.4062531e-02
   1.9502226e-02
   1.1655685e-02
   1.6077414e-02
   1.2774262e-02
   3.1160612e-03
   1.2080005e-02
   2.0758178e-02
   2.5546065e-02
   1.4420466e-02
   2.2928167e-02
   3.0896571e-02
   4.4648565e-02
   4.9778853e-02
   1.7753417e-02
   3.4952905e-02
   4.7805477e-03
   4.1189906e-03
   2.1869438e-02
   2.6829051e-02
   2.9962074e-02
   2.3682239e-02
   2.8667148e-02
   2.2390306e-02
   3.8690962e-02
   3.0589638e-02
   3.7062921e-02
   2.0882567e-02
   1.5022681e-02
   2.0147989e-02
   3.1843554e-02
   4.6424773e-02
   2.4416758e-02
   2.1662474e-02
   1.5370224e-02
   2.0725487e-02
   1.1854949e-02
   1.9390129e-02
   4.0225264e-02
   4.5460243e-02
   3.0205511e-02
   2.6586883e-02
   8.0969147e-03
  -1.0562098e-03
   3.1528719e-02
   2.1763621e-02
   3.0915244e-02
   2.7274881e-02
   1.2688877e-02
   3.1049596e-02
   2.0819498e-02
   2.8610477e-02
   1.8734822e-02
   1.8770581e-02
   2.3741594e-02
   4.0378265e-02
   3.4648050e-02
   3.0133750e-02
   2.9138021e-02
   3.5944305e-02
   4.9544588e-02
   3.4908284e-02
   1.5746735e-02
   2.8881161e-02
   1.4390560e-02
   3.3929601e-02
   2.4604755e-02
   1.5496731e-02
   2.8077170e-02
   2.6960215e-02
   4.0538128e-02
   3.1188009e-02
   3.4799378e-02
   1.8864591e-02
   1.3144452e-02
   1.5712196e-02
   1.9559544e-02
   1.7019652e-02
   2.2289088e-02
   4.7073651e-02
   4.3821562e-02
   2.0379836e-02
   1.7491847e-02
   3.0803520e-02
   2.1893926e-02
   1.7605124e-02
   5.4304837e-04
   2.6719104e-02
   2.3429818e-02
   3.9874051e-02
