   2.0889683e-02
   1.8243272e-02
   2.0265164e-02
   1.9251620e-02
   2.4947802e-02
   5.3465240e-02
   3.4326341e-02
   4.3568566e-02
   2.5437422e-02
   2.9830443e-02
   4.2642664e-02
   4.1032676e-02
   1.5141366e-02
   1.5211888e-02
   2.6650554e-02
   4.5759473e-02
   4.3314278e-02
   4.2073827e-02
   4.2166166e-02
   2.4840986e-02
   3.9261401e-02
   1.6685473e-02
  -7.2123669e-04
   2.0705782e-02
   1.7777475e-02
   2.2988763e-02
   4.5477126e-02
   5.7171408e-02
   2.9101091e-02
   4.0101320e-02
   5.8531623e-02
   4.4966694e-02
   3.5138160e-02
   5.6175023e-02
   5.8241822e-02
   5.0516900e-02
   5.3266723e-02
   5.3353556e-02
   5.2589301e-02
   3.1728689e-02
   2.7030390e-02
   4.3721616e-02
   2.2252448e-02
   4.2222671e-02
   2.9369557e-02
   1.5699560e-02
   2.6894571e-02
   4.2691696e-02
   3.8562365e-02
   5.8523715e-03
   1.9545848e-02
   4.1929796e-02
   4.5097232e-02
   4.1407514e-02
   3.0026350e-02
   3.9294269e-02
   3.2459810e-02
   2.4176894e-02
   2.4671437e-02
  -1.2884897e-03
   2.0332646e-02
   3.9426666e-02
   4.1417450e-02
   1.0949901e-02
   3.1264894e-02
   4.1359782e-02
   2.1101978e-02
   2.9072957e-02
   2.0037903e-02
   2.0176634e-02
   3.7499864e-02
   3.0245744e-02
   3.0169126e-02
   2.2505237e-02
   3.0268379e-03
   2.5237482e-02
   5.7446122e-02
   5.3981092e-02
   3.1332035e-02
   4.0373091e-02
   4.5738831e-02
   3.3964373e-02
   1.5171926e-02
   1.9602608e-02
   1.8156940e-02
   5.3348508e-02
   4.7317520e-02
   4.9187802e-02
   2.9187378e-02
   4.2345095e-02
   4.3807249e-03
   2.0320524e-02
   4.5203280e-02
   3.6934257e-02
   5.5822380e-02
   3.8266391e-02
   4.1892897e-02
   4.3399237e-02
   5.9954498e-02
   3.3872049e-02
   3.3181231e-02
   3.0089889e-02
   2.5868319e-02
   1.5619121e-02
   1.8047826e-02
   4.4336930e-02
   4.5867927e-02
   5.5885956e-02
   8.1904024e-02
   5.2303351e-02
   3.2977894e-02
   3.3111755e-02
   1.8328050e-02
   2.5893111e-02
   2.9213535e-02
   5.8750831e-02
   3.7868746e-02
   2.5129123e-02
   3.8813144e-02
   5.5734228e-02
   6.0332883e-02
   5.3022988e-02
   4.3300625e-02
   4.4582512e-02
   2.5552100e-02
   1.7175127e-02
   1.7229147e-02
   1.6058030e-02
   2.9133976e-02
   6.0158879e-02
   6.6472217e-02
   3.4690417e-02
   3.0053802e-02
   3.3043042e-02
   3.7571102e-02
   6.3845091e-02
   5.1414877e-02
   3.9325036e-02
   1.5015553e-02
   1.6611535e-02
   1.0489993e-02
   3.4365717e-02
   6.4887665e-02
   3.6894463e-02
   1.8005060e-02
   2.8879464e-02
   4.6472512e-02
   3.1902492e-02
   2.0861097e-02
   5.5374611e-02
   4.3345243e-02
   1.4504571e-02
   1.8243998e-02
   3.7889350e-02
   5.6231830e-02
   3.0406697e-02
   3.2264847e-02
   3.4885846e-02
   4.5987811e-02
   4.5152210e-02
   4.1306902e-02
   3.4786072e-02
   1.9976975e-02
   2.1003248e-02
   5.8507279e-02
   4.8015609e-02
   3.8375080e-02
   5.7803478e-02
   7.1157649e-02
   6.6017993e-02
   2.2897350e-02
   4.3410659e-02
   5.6386262e-02
   6.3228108e-02
   4.2282842e-02
   3.8244862e-02
   4.3036301e-02
   3.9464038e-02
   5.5821162e-02
   7.4717060e-02
   3.7000995e-02
   5.2065860e-02
   4.1988775e-02
   3.3979829e-02
   2.3238322e-02
   3.8295861e-02
   3.1017914e-02
   1.9695850e-02
   5.6811076e-02
   9.5554084e-02
   3.7930992e-02
   5.4713454e-02
   4.0113289e-02
   3.1224035e-02
   3.7350647e-02
   2.3760762e-02
   3.0783622e-02
   4.0332004e-02
   6.5652370e-02
   7.1355082e-02
   5.2357215e-02
   2.6236435e-02
   2.0260653e-02
   4.2021036e-02
   7.8103997e-02
   5.2458759e-02
   2.4164476e-02
   4.4248994e-02
   2.9248308e-02
   6.5556310e-02
   5.0151773e-02
   3.1615749e-02
   4.0010415e-02
   1.4876802e-02
   3.5679422e-02
   2.5872339e-02
   5.4072849e-02
   3.8135346e-02
   4.4879448e-02
   5.6609571e-02
   6.1470285e-02
   5.0038271e-02
   1.8311044e-02
   2.5469360e-03
   4.9638543e-02
   6.1219659e-02
   5.9142645e-02
   4.5035850e-02
   4.3045860e-02
   5.7418518e-02
   9.1744000e-03
   5.0205002e-03
   2.7734039e-02
   4.0414449e-02
   5.3088732e-02
   1.0253181e-01
   8.5445024e-02
   6.8051308e-02
   7.7865101e-02
   4.9512826e-02
   8.2515106e-02
   1.5755700e-01
   1.0142127e-01
   2.7292501e-02
   4.8795469e-02
   7.0723459e-02
   3.8165729e-02
   5.6674264e-02
   4.8217684e-02
   6.9793470e-02
   4.4691872e-02
   2.5190659e-02
   3.5668015e-02
   1.1084431e-02
   1.1527993e-02
   2.9363811e-02
   2.1150988e-02
   3.5210643e-02
   7.6374166e-02
   4.3893307e-02
   3.7711509e-02
   4.8765987e-02
   3.2048978e-02
   4.7502041e-02
   4.3368578e-02
   4.7385048e-02
   1.9024082e-02
   4.4738211e-02
   5.8945939e-02
   6.3244075e-02
   4.5152724e-02
   1.5677666e-02
   4.9142916e-02
   4.4892997e-02
   2.4664687e-02
   3.4517650e-02
   4.6313390e-02
   7.6356247e-02
   6.2332384e-02
   3.1015778e-02
   3.4720864e-02
   3.4277402e-02
   2.0914484e-02
   3.9192870e-02
   4.7806662e-02
   6.6497996e-02
   5.6155100e-02
   4.4515479e-02
   4.0160507e-02
   3.6318455e-02
   3.7495885e-02
   2.3806302e-02
   3.0275242e-02
   3.9782658e-02
   4.3069389e-02
   7.0590116e-02
   5.0252367e-02
   6.4693272e-02
   4.8051346e-02
   3.8402781e-02
   4.5037329e-02
   3.0078530e-02
   4.0932570e-02
   5.7410788e-02
   2.5284415e-02
   9.6170999e-02
   1.0181782e-01
   1.1376815e-01
   7.5021535e-02
   3.9509285e-02
   1.5409295e-02
   4.6751887e-02
   7.6511443e-02
   5.8769200e-02
   4.8563410e-02
   2.8237067e-02
   4.2421557e-02
   4.6363316e-02
   6.3536897e-02
   4.5845818e-02
   1.2689385e-02
   6.0632188e-02
   4.9972195e-02
   8.9505114e-02
   9.5651813e-02
   6.1565462e-02
   7.3600762e-02
   6.8646334e-02
   2.4997154e-02
   3.8761292e-02
   4.4126999e-02
   1.5598727e-02
   2.8177388e-02
   3.0522751e-02
   2.5731584e-02
   3.3761330e-02
   2.3764493e-02
   1.8109029e-02
   5.0375383e-02
   3.9180599e-02
   4.8660133e-02
   3.5755195e-02
   5.5055339e-02
   5.3120736e-02
   2.2269093e-02
   3.8928922e-02
   4.8964042e-02
   3.6298495e-02
   1.5133930e-02
   2.0593710e-02
   4.2454619e-02
   4.3338161e-02
   3.6856107e-02
   4.1640103e-02
   2.5331078e-02
   2.5883211e-02
   2.8568909e-02
   8.0356084e-02
   7.6481171e-02
   5.6224752e-02
   6.7853972e-02
   3.3315502e-02
   4.0584698e-02
   5.4632366e-02
   4.2431764e-02
   4.8532877e-02
   4.4046991e-02
   4.8853833e-02
   1.0864588e-02
   1.5864231e-02
   1.6163781e-02
   4.6395969e-02
   4.8136618e-02
   2.0501334e-02
   2.0714693e-02
   2.1168934e-02
   4.0041257e-02
   1.0084601e-01
   1.1111983e-01
   6.9623835e-02
   8.0211945e-02
   6.1169606e-02
   4.8165038e-02
   6.5289631e-02
   2.6956061e-02
   2.2688024e-02
   2.8010517e-02
   6.0390092e-02
   3.6856413e-02
   2.7408337e-02
   3.5222847e-02
   4.7934819e-02
   8.7133057e-02
   7.6244690e-02
   2.7165020e-02
   2.5174404e-02
   6.8347447e-02
   5.7856981e-02
   4.1817382e-02
   3.5537355e-02
   3.0931687e-02
   6.7213409e-02
   7.2594836e-02
   5.8556423e-02
   5.6249138e-02
   5.8690984e-02
   2.3859741e-02
   3.0713160e-02
   5.2278243e-02
   7.4135847e-02
   4.1680478e-02
   7.0184335e-02
   7.2585560e-02
   4.0985361e-02
   1.3331948e-01
   1.8520263e-01
   1.4828330e-01
   5.9308257e-02
   5.6054786e-02
   3.7148863e-02
   5.6778513e-02
   4.1060854e-02
   4.6333682e-02
   8.3564676e-02
   5.4523136e-02
   3.9928220e-02
   7.0262738e-02
   3.4108806e-02
   2.8911319e-02
   3.6015794e-02
   3.3425104e-02
   3.7184924e-02
   3.8016591e-02
   6.0125325e-02
   3.6131583e-02
   4.2307999e-02
   4.8136879e-02
   3.6396082e-02
   4.7966331e-02
   6.5062463e-02
   1.2031652e-02
   3.7797198e-02
   4.1304477e-02
   5.0837465e-02
   3.8873751e-02
   4.8143722e-02
   1.8916270e-02
   5.7346061e-02
   4.5484927e-02
   3.7560470e-02
   2.7574478e-02
   3.3590052e-02
   3.1031754e-02
   2.5845598e-02
   5.2826934e-02
   2.1579031e-02
   4.1044466e-02
   6.6581160e-02
   5.0228599e-02
   6.2553883e-02
   1.5154446e-02
   2.5376389e-02
   4.6813603e-02
   3.9198823e-02
   2.9811360e-02
   4.1337032e-02
   4.0667590e-02
   2.2848861e-02
   4.3258619e-02
   5.5803556e-02
   1.8096715e-02
   1.6993860e-02
   4.0975228e-02
   8.0309898e-02
   6.9834545e-02
   5.1934272e-02
   7.8339480e-02
   4.4522606e-02
   3.6030453e-02
   2.1475745e-02
   2.4673590e-02
   6.7208700e-02
   5.3677987e-02
   7.7334434e-02
   5.0373077e-02
   4.4654652e-02
   3.2294143e-02
   3.5470519e-02
   7.6765724e-02
   7.3053516e-02
   8.0638014e-02
   6.3787848e-02
   5.1421616e-02
   4.8494361e-02
   7.0721239e-02
   8.7987117e-02
   8.1479542e-02
   7.1385078e-02
   6.4712115e-02
   4.5785632e-02
   1.1556639e-02
   2.0213855e-02
   6.2066007e-02
   8.9354150e-02
   5.7691123e-02
   3.9491996e-02
   5.4776922e-02
   6.6255592e-02
   2.7200699e-02
   1.8114002e-02
   6.5636970e-02
   6.5342210e-02
   6.4643830e-02
   2.4392145e-02
   3.5920613e-02
   1.0301546e-02
   4.9368315e-03
   3.3586435e-02
   5.3336151e-02
   4.3050725e-02
   5.9642311e-02
   3.4204274e-02
   4.5679696e-02
   4.4058923e-02
   5.7165392e-02
   5.4482538e-02
   4.3474752e-02
   5.5229284e-02
   5.0755572e-02
   6.7771375e-02
   3.2558680e-02
   6.2216800e-02
   7.8555897e-02
   4.8020676e-02
   4.0060021e-02
   5.2080616e-02
   8.4164783e-02
   2.2173335e-01
   3.2050484e-01
   1.8776610e-01
   6.3577853e-02
   5.1187042e-02
   5.4817662e-02
   4.8855599e-02
   4.5540400e-02
   5.7458475e-02
   7.5385399e-02
   3.7884753e-02
   1.0720283e-02
   4.2280745e-02
   1.7670969e-02
   2.2266392e-02
   2.8923610e-02
   3.3976343e-02
   2.8672989e-02
   5.1985212e-02
   4.2748120e-02
   3.8310181e-02
   5.1699731e-02
   1.0317854e-01
   1.7710982e-01
   1.6924158e-01
   1.2229618e-01
   8.8857971e-02
   7.2639048e-02
   4.6229847e-02
   3.8959775e-02
   5.6604315e-02
   1.3680363e-01
   1.1389687e-01
   4.5306057e-02
   3.8078833e-02
  -3.8185809e-03
   3.6037304e-02
   9.0918668e-02
   7.0301339e-02
   4.0187076e-02
   5.8836959e-02
   4.6869643e-02
   2.5585316e-02
   2.8132854e-03
   2.4794620e-02
   5.6720376e-02
   7.3283739e-02
   5.3378448e-02
   3.0098556e-02
  -2.0706136e-02
   1.2520571e-01
   3.4000066e-01
   2.8665072e-01
   1.7276008e-01
   1.1339913e-01
   8.3257779e-02
   1.0632835e-01
   8.2407638e-02
   2.8009686e-01
   1.1559050e+00
   1.4478925e+00
   7.2153664e-01
   2.0498241e-01
   2.0029049e-01
   2.4102490e+00
   8.0949240e+00
   7.6934156e+00
   3.0252533e+00
   7.5251091e-01
   2.0112357e-01
   2.1313494e-01
   5.6909615e-01
   1.4776170e+00
   1.4640621e+00
   6.5111279e-01
   2.5514817e-01
   1.3112864e-01
   1.9249439e-01
   3.0570522e-01
   5.4804534e-01
   5.0866795e-01
   2.3462717e-01
   1.2144402e-01
   1.1001842e-01
   1.5020868e-01
   1.3470751e-01
   1.9302122e-01
   3.0091882e-01
   4.0270182e-01
   2.1360844e-01
   5.3531617e-02
   5.5335663e-02
   3.0129375e-02
   7.4322857e-03
   3.8077992e-03
   3.0036045e-02
   6.8166465e-02
   4.8312638e-02
   3.7047300e-02
   2.4001066e-02
   2.7440809e-02
   6.8482026e-02
   5.0345942e-02
   3.4566090e-02
  -2.4556039e-02
   4.4082883e-03
   6.3869990e-02
   8.2774706e-02
   1.2595730e-02
   5.0540864e-03
   8.2709894e-02
   1.8759587e-01
   1.7686941e-01
   9.4832614e-02
   1.3361928e-01
   3.4207815e-01
   4.9140891e-01
   2.8799367e-01
   9.1090545e-02
   1.4275199e-01
   2.2897176e-01
   1.3578407e-01
   5.4055367e-02
   1.0809326e-01
   1.7099063e-01
   6.0678452e-01
   7.7977425e-01
   3.0122980e-01
   7.9398811e-02
   6.0014512e-02
   3.7440684e-02
   2.1427477e-02
   1.2118126e-01
   1.5739411e-01
   9.6870095e-02
   1.9240571e-02
   5.0090082e-02
   8.2684323e-02
   8.3781779e-02
   6.9202721e-02
   3.1725544e-02
   2.0982871e-02
   1.8180573e-02
   1.1381397e-03
  -2.0125194e-04
   4.6352457e-02
   2.6015462e-03
   2.6514126e-02
   1.6343122e-02
   6.3756324e-02
   6.7663036e-02
   7.4393615e-02
   6.9404975e-02
   4.4767719e-02
   3.2488778e-02
   4.7642805e-02
   7.7344023e-02
   6.8724133e-02
   6.5809995e-02
   6.8285398e-02
   8.4441595e-02
   7.9904288e-02
   5.4141350e-02
   4.8960198e-02
   8.8428766e-02
   1.0889303e-01
   7.5727977e-02
   6.5892942e-02
   5.7740033e-02
   8.5619666e-02
   8.0655567e-02
   1.3924347e-01
   1.1228017e-01
   7.7844657e-02
   1.1452723e-01
   1.4692870e-01
   1.1082750e-01
   9.1955699e-02
   2.1112467e-01
   3.9526045e-01
   2.7922660e-01
   1.0352870e-01
   5.3099267e-02
   4.1311455e-01
   1.5713555e+00
   1.8789788e+00
   9.0083897e-01
   2.7318981e-01
   6.5015398e-02
   7.0964567e-02
   1.5557057e-01
   3.2613507e-01
   3.4986243e-01
   1.9804411e-01
   8.3568834e-02
   3.2948689e-03
   4.4800173e-02
   1.0857832e-01
   1.2317336e-01
   1.0342269e-01
   6.0202818e-02
   4.6134043e-02
   4.1195326e-02
   2.9178564e-02
   4.0748630e-02
   3.5795607e-02
   7.8746773e-02
   7.1724370e-02
   7.0695646e-02
   3.8607109e-02
   4.8301935e-02
   2.8524654e-02
   2.5284527e-02
   3.6416475e-02
   3.8031075e-02
   3.2987650e-02
   3.4464404e-02
   7.5466193e-02
   6.5385699e-02
   2.7443079e-02
   4.0541057e-02
   2.1977948e-02
   5.2365381e-03
   5.1931486e-02
   5.6951180e-02
   3.7203711e-02
   2.2085134e-02
   4.8152067e-02
   3.6485221e-02
   6.0554545e-02
   7.2782256e-02
   4.4267904e-02
   3.6183219e-02
   4.1666295e-02
   3.0369746e-02
   4.2721529e-02
   3.4573443e-02
   4.4288881e-02
   1.0591690e-01
   8.6751029e-02
   4.3657728e-02
   1.0729994e-02
   7.3380187e-02
   2.1568668e-01
   2.3810510e-01
   1.3330835e-01
   5.7600524e-02
   4.0413655e-02
   4.4775486e-02
   4.3387737e-02
   5.1982276e-02
   5.0651409e-02
   5.1377147e-02
   4.0634293e-02
   4.4510990e-02
   3.2374192e-02
   7.7117018e-02
   5.3992875e-02
   1.1136934e-02
   1.9736592e-02
   3.7925117e-02
   2.9753868e-02
   2.5794258e-02
   7.2011247e-02
   8.8565901e-02
   6.8085209e-02
   6.5872438e-02
   3.2591250e-02
   1.7341170e-02
   1.8423596e-02
   3.8342334e-02
   7.1635991e-02
   3.9126765e-02
   5.5166624e-02
   7.5296000e-02
   5.4456070e-02
   3.8829926e-02
   6.8454713e-02
   6.6926628e-02
   3.9650019e-02
   4.4381380e-02
   5.8835208e-02
   4.3129019e-02
   5.5383299e-02
   1.6249597e-02
   3.1388287e-02
   8.2411971e-03
   3.0872898e-02
   3.2882575e-02
   3.6245625e-02
   5.5760570e-02
   4.2521574e-02
   1.7270522e-02
   1.5248988e-02
   1.4546433e-02
   8.9940159e-03
   2.5754454e-02
   1.4840899e-02
   5.3015057e-02
   2.6698058e-02
   1.6479079e-02
   4.8050836e-02
   4.2290192e-02
   5.8305532e-02
   4.8882697e-02
   3.3359792e-02
   4.6120722e-02
   3.2829415e-02
   4.4434093e-02
   1.6910587e-02
   2.9176950e-02
   4.0723968e-02
   7.6025450e-03
   2.5839278e-02
   3.6501519e-02
   5.5722792e-02
   8.1301428e-02
   8.6064950e-02
   6.3726090e-02
   2.4702244e-02
   5.5275887e-02
   1.0646176e-01
   9.0207830e-02
   4.3759428e-02
   3.1959783e-02
   9.0202369e-02
   2.4623436e-01
   2.2429307e-01
   1.2249558e-01
   5.2310050e-02
   7.1448438e-02
   1.5492392e-01
   1.7045261e-01
   1.2735800e-01
   7.3680297e-02
   8.1200719e-02
   7.2966799e-02
   7.1582012e-02
   4.1181680e-02
   6.4038806e-02
   3.5233837e-02
   5.7091713e-02
   4.1772343e-02
   5.0378233e-02
   3.7646636e-02
   1.6133994e-02
   5.9320513e-02
   4.6653058e-02
   4.0886834e-02
   3.0318389e-02
   2.6924820e-03
   1.7255731e-02
   1.0289104e-02
   2.5675250e-02
   1.8339258e-02
   3.1761561e-02
   5.1258210e-02
   2.7342195e-02
   7.6008484e-02
   8.2439624e-02
   2.9531227e-02
   1.9044207e-02
   2.7916215e-02
   1.2574456e-02
   4.4121873e-02
   4.7740381e-02
   2.1679442e-02
   2.3948569e-02
   3.4427807e-02
   3.8253419e-02
   3.2967016e-02
   3.3976521e-02
   4.9093667e-02
   5.0299309e-02
   3.6265716e-02
   3.9352696e-02
   3.1305417e-02
   2.6756689e-02
   4.4493400e-02
   4.4355229e-02
   2.5468057e-02
   1.6641613e-02
   4.4492774e-02
   6.0941447e-02
   7.3085129e-02
   7.3199630e-02
   3.4431368e-02
   1.9776693e-02
   3.9085031e-02
   6.4554967e-02
   5.8218438e-02
   4.0161096e-02
   3.5859380e-02
   4.8834395e-02
   4.1076079e-02
   4.9768999e-02
   3.2619648e-02
   5.3575315e-02
   7.9636417e-02
   6.2673464e-02
   6.8679020e-02
   1.1516298e-01
   9.6947379e-02
   3.7984084e-02
   3.2145940e-02
   9.6342266e-02
   1.2044058e-01
   1.6425547e-01
   1.1135876e-01
   8.0325060e-02
   1.2722991e-01
   1.4498173e-01
   1.9139403e-01
   1.7204106e-01
   1.0305844e-01
   1.3314851e-01
   2.5150594e-01
   1.9231914e-01
   1.1972910e-01
   1.2166100e-01
   3.7206855e-01
   5.0206316e-01
   2.6312038e-01
   5.9806384e-02
   9.0265200e-02
   6.0490936e-01
   1.1679795e+00
   8.1114632e-01
   2.3187390e-01
   1.6618767e-01
   5.1217383e-01
   8.5083473e-01
   5.7902598e-01
   2.6794735e-01
   1.6068050e-01
   3.3671910e-01
   4.1583139e-01
   3.0322629e-01
   1.4914036e-01
   1.3081558e-01
   2.1266977e-01
   1.8538049e-01
   8.1248999e-02
   4.9943745e-02
   2.2308478e-02
   4.1873012e-02
   3.4850318e-02
   1.8864863e-03
  -1.8598842e-02
   3.6740736e-03
   2.5702260e-02
   4.1446136e-03
   1.2672601e-02
   5.6016315e-03
   1.2267118e-02
   1.3369124e-02
   3.9429974e-02
   3.1220136e-02
  -1.0708293e-02
   1.3827731e-02
   1.5631748e-02
   4.1522570e-02
   2.5942570e-02
   4.1938957e-02
   5.3123169e-02
   3.2016654e-02
   3.8393348e-02
   3.8276464e-02
   7.6462701e-02
   9.2882529e-02
   6.9311075e-02
   1.5061277e-02
   4.6516012e-02
   6.1644636e-02
   6.1682187e-02
   5.0720472e-02
   6.7423984e-02
   8.4272258e-02
   8.4197246e-02
   3.8466733e-02
   2.3312191e-02
   9.8634750e-02
   2.0210436e-01
   1.9112487e-01
   1.3313185e-01
   6.4065851e-02
   5.7845950e-02
   1.1910360e-01
   1.1528042e-01
   6.2591977e-02
   5.0029580e-02
   6.2368318e-02
   1.1185302e-01
   1.0847458e-01
   3.7342042e-02
   3.7291162e-03
   2.2780625e-02
   3.7450030e-02
   2.0145662e-02
   2.1667285e-02
   4.8921388e-02
   3.5472427e-02
   2.9670611e-02
   3.2865301e-02
   3.1729694e-02
   3.1218559e-02
   4.7820367e-02
   4.3738607e-02
   4.3174464e-02
   3.6775384e-02
   5.5553824e-02
   5.6244753e-02
   3.7974354e-02
   3.8591143e-02
   2.7181447e-02
   2.2056041e-02
   4.0715389e-02
   3.9069850e-02
   4.4002842e-02
   1.1803714e-02
   3.8566012e-02
   5.9610784e-02
   3.1920705e-02
   2.0512898e-02
   2.8432155e-02
   5.3493921e-02
   4.0687453e-02
   1.9884741e-02
   1.3548764e-02
   5.4930076e-02
   1.0021981e-01
   1.2055702e-01
   1.3560405e-01
   5.9091307e-02
   3.9679408e-02
   7.2978005e-02
   7.6037072e-02
   7.5824581e-02
   1.1495557e-01
   5.9630957e-02
   4.6401702e-02
   7.6067246e-02
   1.0112169e-01
   1.3200378e-01
   1.1021412e-01
   6.0775861e-02
   3.5352368e-02
   4.2874932e-02
   2.1352153e-02
   3.0466117e-02
  -6.7588165e-03
   2.6764993e-02
   4.3637510e-02
   2.6076829e-02
   1.7701527e-02
   2.9806370e-02
   3.6734823e-02
   4.0694460e-02
   3.0468678e-02
   2.6233798e-02
   5.3189423e-02
   3.7048422e-02
   3.6479417e-02
   5.1726565e-02
   3.6710754e-02
   2.7989056e-02
   3.2149184e-02
   3.8711485e-02
   9.5225230e-02
   7.2046697e-02
   4.6109196e-02
   3.6312647e-02
   3.9950140e-02
   1.8213870e-02
   1.8304253e-02
   1.7349089e-02
   1.4832993e-02
   3.1628449e-02
   2.1459691e-02
   3.1387798e-02
   3.7670366e-02
   1.1697813e-02
   2.2860771e-02
   3.0042140e-03
   4.4435464e-02
   4.7727890e-02
   5.8968168e-02
   5.1820751e-02
   3.2223430e-02
   2.1294003e-02
   1.9900454e-02
   5.6201339e-02
   7.4558459e-02
   6.2846884e-02
   3.9633643e-02
   2.0073781e-02
   2.8084645e-02
   4.5285959e-02
   2.7830780e-02
   2.7763668e-02
   2.7768934e-02
   4.3002442e-02
   3.9850302e-02
   3.1493373e-02
   3.9433427e-02
   5.6047961e-02
   3.7235998e-02
   4.6997517e-02
   4.8964020e-02
   5.4199439e-02
   3.7562482e-02
   4.2962756e-02
   5.1767077e-02
   4.9189720e-02
   1.2006773e-02
   2.7108954e-02
   2.0771442e-02
   3.0656468e-02
   2.5830783e-02
   1.2577948e-02
   2.8424073e-02
   4.2725854e-02
   3.8771991e-02
   3.0995449e-02
   1.2570907e-02
   8.7154675e-03
   2.5581822e-02
   7.6778219e-03
   8.1337551e-03
   1.9175291e-02
   3.1006519e-02
   3.7413117e-02
   6.1350353e-02
   4.9666665e-02
   1.8713227e-02
   4.1904714e-02
   4.4882361e-02
   2.4898570e-02
   3.8348898e-02
   5.9414253e-02
   4.9496248e-02
   6.5111898e-02
   3.5402242e-02
   2.3930850e-02
   2.9273272e-02
   1.8990124e-02
   6.9034304e-03
   7.7646174e-03
   3.5584331e-02
   2.0765899e-02
   1.3628526e-02
   8.0861887e-03
   4.1882090e-02
   5.1057544e-02
   9.6502090e-03
   1.3686745e-02
   3.9492674e-02
   5.9945386e-02
   5.4971583e-02
   3.6446046e-02
   2.1946233e-02
   2.9475082e-02
   2.4302719e-02
   2.6687343e-02
   3.5318475e-02
   1.6762374e-02
  -8.1996288e-04
   1.4812007e-02
   2.1458913e-02
   2.7151451e-02
   2.9848728e-02
   3.1566691e-02
   4.3932557e-02
   4.3884486e-02
   6.3806169e-02
   4.9336761e-02
   7.1840443e-02
   5.3618178e-02
   6.1807230e-02
   5.8445662e-02
   7.9889940e-03
   4.0965617e-02
   4.9543433e-02
   5.9054464e-02
   4.4583615e-02
   2.3608763e-02
   9.3588820e-03
   2.1690158e-02
   2.2699781e-02
   4.5909900e-02
   4.2561341e-02
   3.1331018e-02
   4.0503487e-02
   4.0312432e-02
   3.0462258e-02
   1.6747966e-02
   4.6872303e-02
   4.9951445e-02
   3.1381052e-02
   4.2361915e-02
   4.1945357e-02
   4.2744130e-02
   3.9681971e-02
   2.3181163e-02
   1.4112983e-02
   1.9113667e-02
   3.5440378e-02
   4.0658284e-02
   4.8825312e-02
   3.3912320e-02
   6.3724950e-02
   4.7961649e-02
   3.0389605e-02
   1.2591588e-02
   2.8392496e-02
   3.3434328e-02
   3.5210751e-02
   4.2232621e-02
   2.9519452e-02
   3.6428098e-02
   3.0957829e-02
   3.3670686e-02
   4.2917091e-02
   6.3643664e-02
   3.4966432e-02
   1.6517915e-02
   2.9678730e-02
   3.8371712e-02
   3.4988333e-02
   4.8459657e-02
   2.8298700e-02
   2.8060967e-02
   4.8863661e-02
   4.6791799e-02
   3.5103656e-02
   2.8038003e-02
   1.6113628e-02
   1.2689230e-02
   2.9964142e-02
   7.5618193e-02
   6.7618772e-02
   4.6639983e-02
   3.4426685e-02
   3.3319842e-02
   1.2210516e-02
   3.0405976e-02
   7.3783256e-02
   4.7897752e-02
   4.5628514e-02
   4.4494651e-02
   5.5166673e-02
   3.4001604e-02
   2.1060761e-02
   2.2825859e-02
   6.6924699e-02
   6.8928003e-02
   4.3533493e-02
   3.4441628e-02
   3.9486099e-02
   3.6570854e-02
   2.1140805e-02
   4.7689635e-02
   3.8195573e-02
   7.1717228e-04
   1.6883683e-03
   3.4383297e-02
   3.5558444e-02
   2.4679145e-02
   2.8582839e-02
   2.7155856e-02
   3.2237619e-02
   1.7276542e-02
   4.3255270e-02
   7.5270772e-02
   2.1803588e-02
   2.8130090e-02
   5.2259028e-02
   4.9699686e-02
   4.3536048e-02
   4.3807629e-02
   4.3168567e-02
   1.7392728e-02
   3.1626027e-02
   1.6892413e-02
   2.0109838e-02
   2.1477321e-02
   2.8099602e-03
   2.4864880e-02
   2.9467802e-02
   1.9273689e-02
   3.0970523e-02
   4.4022046e-02
   4.1978940e-02
   2.0758474e-02
   2.1426843e-02
   4.5889001e-02
   2.0637095e-02
   2.1624390e-02
   2.2743668e-02
   4.4832882e-02
   3.4833539e-02
   1.8021580e-02
   1.9353667e-02
   4.4811122e-02
   6.8561010e-02
   8.9121416e-02
   5.4367103e-02
   3.6041845e-02
   1.1305681e-01
   2.1268040e-01
   1.8980007e-01
   8.1891797e-02
   3.5051785e-02
   6.6400602e-02
   1.1391700e-01
   1.1584075e-01
   9.1200925e-02
   5.5484165e-02
   4.4098925e-02
   6.2322870e-02
   5.6931194e-02
   3.8873222e-02
   5.1619567e-02
   4.7271859e-02
   2.2178909e-02
   1.6553501e-02
   3.1419262e-02
   2.6291840e-02
   2.0628439e-02
   2.2293584e-02
   1.2262101e-02
   5.4909859e-02
   5.6108128e-02
   2.8566735e-02
   6.6056304e-02
   4.5065351e-02
   3.4388538e-02
   3.5462711e-02
   3.4265220e-02
   3.4837268e-02
   3.9335962e-02
   2.7497543e-02
   1.6851928e-02
   4.0462408e-02
   3.2240745e-02
   4.3030001e-02
   2.5163461e-02
   1.0025048e-02
   1.6027726e-02
   1.0639659e-02
   2.7203145e-02
   2.6947148e-02
   2.2451079e-02
   5.8754224e-02
   4.8227061e-02
   6.3204207e-03
   1.0861344e-02
   3.9700400e-02
   2.6388342e-02
   1.4688727e-02
   2.3852820e-02
   3.8960785e-02
   4.7077194e-02
   3.3580147e-02
   5.0170530e-02
   3.9196387e-02
   3.2025933e-02
   2.5671989e-02
   3.7579745e-02
   2.8789980e-02
   3.9633323e-02
   5.3320874e-02
   3.4201488e-02
   3.0226961e-02
   3.9891079e-02
   4.0481899e-02
   2.7313219e-02
   3.1780288e-02
   2.4307556e-02
   2.6752220e-02
   1.9564988e-02
   1.7557891e-02
   3.2959979e-02
   2.7703092e-02
   5.4666460e-02
   2.8799945e-02
   1.2955671e-02
   4.5052875e-02
   4.4249106e-02
   2.9267251e-02
   1.7831789e-02
   3.7822172e-02
   5.2847076e-02
   2.7352596e-02
   1.0573737e-02
   3.2998286e-02
   3.7160322e-02
   4.1059289e-02
   3.5280351e-02
   4.8481163e-02
   3.9282084e-02
   4.3398019e-02
   3.4441087e-02
   2.5685094e-02
   3.2975502e-02
   4.4578571e-02
   3.5671774e-02
   4.0074337e-02
   2.1481695e-02
   3.0576989e-02
   2.6180629e-02
   4.4947170e-02
   5.0952997e-02
   4.0796425e-02
   5.1290404e-02
   4.4296149e-02
   2.2512689e-02
   1.2884133e-02
   3.5311878e-03
   1.3977394e-02
   4.1450378e-02
   2.9422009e-02
   2.3795387e-02
   1.4656311e-02
   3.7801065e-02
   3.4579203e-02
   2.2637540e-02
   1.2468333e-02
   4.8492318e-03
   3.3188872e-02
   2.1268792e-02
   5.3044941e-02
   3.7078656e-02
   8.7199556e-03
   1.8062597e-02
   4.9153652e-02
   3.7012339e-02
   2.4570504e-02
   1.8038144e-02
   2.7418839e-02
   2.5149513e-02
   2.7427033e-02
   3.0426612e-02
   1.6598335e-02
   3.8729206e-02
   4.6635833e-02
   4.5171384e-02
   2.0418303e-02
   2.6385877e-02
   3.7414342e-02
   3.1426597e-02
   1.6394971e-02
   2.4436003e-02
   3.8896851e-02
   3.2777101e-02
   3.5480622e-02
   4.1290812e-02
   3.5607126e-02
   2.4093989e-02
   3.1807818e-02
   2.5150863e-02
   3.8457483e-02
   2.8359979e-02
   2.8603770e-02
   5.3205062e-02
   5.3467456e-02
   3.6936715e-02
   1.8191721e-02
   3.6980707e-02
   6.3894212e-02
   5.1296469e-02
   3.5231158e-02
   1.1753342e-02
   4.0365193e-02
   5.0644524e-02
   3.8284201e-02
   6.2036898e-02
   4.4293005e-02
   4.5178428e-02
   4.2946842e-02
   6.6698007e-02
   3.4771040e-02
   3.2997169e-02
   3.1793624e-02
   1.2490134e-02
   1.4048571e-02
   1.7479552e-02
   4.3305635e-02
   3.9074115e-02
   1.0475501e-02
   4.5303736e-02
   2.4803014e-02
   2.6758254e-02
   4.8427474e-02
   3.1528044e-02
   4.6694510e-02
   2.1131597e-02
   3.1491078e-02
   4.2302527e-02
   3.2721583e-02
   3.7235048e-02
   4.3597840e-02
   3.4877591e-02
   3.7663992e-02
   3.0028814e-02
   4.2875916e-02
   3.4341909e-02
   2.6610553e-02
   2.4864670e-02
   2.3123195e-02
   3.4403834e-02
   4.2910378e-02
   3.0710574e-02
   3.2763556e-02
   3.5176136e-02
   1.5806602e-02
   2.2379123e-02
   2.7578242e-02
   2.6978808e-02
   5.0554858e-03
   1.7229842e-02
   4.4377629e-02
   6.6227667e-02
   5.9599511e-02
   3.6149040e-02
   3.6526766e-02
   3.2572508e-02
   1.7154148e-02
   1.9912625e-02
   2.7605496e-02
   2.0372311e-02
   4.2636439e-02
   1.8187720e-02
   1.5869094e-02
   2.6112940e-02
   1.3962814e-02
   2.3165388e-02
   1.8236421e-02
   5.1921494e-02
   4.5005232e-02
   1.8937392e-02
   1.9234119e-02
   3.4821574e-02
   4.3043524e-02
   2.9453726e-02
   3.5401195e-02
   2.3442494e-02
   5.9125163e-02
   3.3915270e-02
   3.9131688e-03
   2.8098002e-02
   3.4629449e-02
   5.1458944e-02
   3.1324949e-02
   3.8035519e-02
   4.1532513e-02
   4.2387884e-02
   3.8513284e-02
   4.2543828e-02
   2.9715417e-02
   4.2645205e-02
   3.7143167e-02
   1.5826266e-02
   1.2950708e-02
   2.9929180e-02
   4.1260049e-02
   2.9139223e-02
   2.4919815e-02
   1.8584881e-02
   1.7819691e-02
   1.3627518e-02
   6.4343791e-03
   1.4024465e-02
   2.6854459e-02
   2.5651852e-02
   2.2782812e-02
   4.5401715e-02
   4.9565576e-02
   3.2974541e-02
   3.0018864e-02
   3.1258166e-02
   4.7747567e-02
   3.3833705e-02
   2.8430369e-02
   3.5864186e-02
   9.7318422e-03
   2.7327698e-02
   2.7786467e-02
   2.4702823e-02
   4.5439664e-02
   3.7808981e-02
   6.9927715e-02
   7.5357683e-02
   4.2193417e-02
   2.5885435e-02
   3.1204170e-02
   2.8991992e-02
   3.3720978e-02
   1.2303719e-02
   1.7018199e-02
   2.7576225e-02
   9.4289957e-03
   1.4621583e-02
   2.1426592e-02
   1.4993394e-02
   1.3919515e-02
   5.5495735e-02
   4.0209312e-02
   9.0499585e-03
   1.7457915e-02
   1.8346919e-02
   4.1678958e-02
   4.4451922e-02
   2.6542591e-02
   2.0189002e-02
   1.9117584e-02
   2.6657915e-02
   5.4044064e-02
   2.6866604e-02
   2.7495675e-02
   1.8906977e-02
   2.0514725e-02
   4.2598799e-02
   4.2371359e-02
   2.2390082e-02
   2.0888491e-02
   2.9740350e-02
   3.2855779e-02
   5.1094949e-02
   5.4205921e-02
   6.9528338e-03
   2.8444227e-02
   2.4144279e-02
   2.5328495e-02
   1.1701423e-02
   5.1118083e-02
   3.8013469e-02
   4.1242067e-02
   3.0238871e-02
   3.1735759e-02
   3.1152826e-02
   2.1622466e-02
   1.0612590e-02
   2.7430108e-02
   2.5322298e-02
   1.2263007e-02
   1.2807601e-02
   1.9939313e-02
   1.4807623e-02
   3.4099434e-02
   4.6292495e-02
   2.7884495e-02
   2.0883959e-02
   5.4948840e-02
   3.8722698e-02
   4.2100329e-02
   1.1647513e-02
   3.4066260e-02
   2.3247708e-02
   2.4306241e-02
   6.8534948e-02
   7.3803328e-02
   8.8674113e-02
   6.3813902e-02
   3.2988284e-02
   3.3603877e-02
   2.5202509e-02
   5.0492223e-02
   2.7809223e-02
  -6.1556284e-04
   3.7230037e-02
   2.4059566e-02
   2.0308850e-02
   3.4970466e-02
   5.8468677e-02
   4.8663333e-02
   2.4743458e-02
   1.3644428e-02
   2.7156942e-02
   3.4532528e-02
   3.3851847e-02
   3.0140994e-02
   3.4998767e-02
   2.2151973e-02
   1.9744631e-02
   4.4328477e-02
   3.4793895e-02
   6.4188456e-03
   2.3326799e-02
   5.9394643e-02
   7.0965938e-02
   6.0818121e-02
   5.3033609e-02
   3.3426654e-02
   2.9379746e-02
   2.4533076e-02
   2.1565286e-02
   2.6944125e-02
   3.0451540e-02
   2.0483617e-02
   4.0369965e-02
   5.7384174e-02
   6.3294701e-02
   5.0891228e-02
   5.8366310e-02
   3.1696968e-02
   1.7427372e-02
   4.2388476e-02
   2.6363555e-02
   2.3222450e-02
   4.9800474e-02
   1.3904083e-01
   2.5680956e-01
   2.4038702e-01
   1.2010226e-01
   4.2809177e-02
   2.9312719e-02
   2.1344619e-02
   1.6658770e-02
   2.4525952e-02
   1.3017392e-02
   2.0815479e-02
   3.9279137e-02
   4.0829439e-02
   4.5511961e-02
   4.5808677e-02
   4.0256955e-02
   2.2616623e-02
   2.5551232e-02
   3.4686461e-02
   1.7856527e-02
   2.7042271e-03
   1.9012224e-02
   3.4900367e-02
   3.4755930e-02
   4.8419844e-02
   5.4982476e-02
   3.7855074e-02
   5.2784264e-02
   6.3203514e-02
   4.6418246e-02
   4.2077895e-02
   3.5586178e-02
   2.7639216e-02
   2.5330540e-02
   5.2658860e-02
   2.1802433e-02
   4.3417965e-03
   2.7615298e-02
   2.5909090e-02
   4.7750615e-02
   5.0786536e-02
   3.7871782e-02
   4.7767521e-03
   3.7549101e-02
   5.0810385e-02
   4.4097990e-02
   4.3331496e-02
   4.2095974e-02
   2.3795512e-02
   3.0327206e-02
   1.8694405e-02
   6.9193975e-03
   2.8802685e-02
   3.8438227e-02
   2.8678352e-02
   2.9128332e-02
   2.5250720e-02
   2.5451569e-02
   2.6026182e-02
   1.3217230e-02
   2.4754208e-02
   3.8593858e-02
   3.0262798e-02
   2.8371222e-02
   3.3627100e-02
   3.9081138e-02
   4.4680007e-02
   5.2683074e-02
   1.8450335e-02
   3.5637356e-02
   2.6989952e-02
   4.4830985e-02
   2.0894643e-02
   5.4162554e-03
   2.9582549e-02
   4.4022832e-02
   3.6731254e-02
   3.6133636e-02
   1.6423265e-02
   6.0582917e-02
   5.1418431e-02
   3.3777978e-02
   1.0506401e-02
   4.0602516e-02
   3.5700437e-02
   2.8043151e-02
   1.7285476e-02
   2.2976736e-02
   8.1394389e-03
  -3.7532442e-03
   4.3384037e-03
   2.2883736e-02
   3.9646775e-02
   6.0412757e-02
   4.6876825e-02
   3.5431247e-02
   2.5933838e-02
   3.7604157e-02
   4.5257784e-02
   4.2316452e-02
   2.2625772e-02
   8.9842267e-03
   1.6696645e-02
   2.2707587e-02
   2.6717644e-02
   2.7794041e-02
   3.7668783e-02
   4.7344871e-02
   1.7525574e-02
   3.2725673e-02
   2.9899906e-02
   3.4508217e-02
   4.3449279e-02
   3.0921213e-02
   2.3290480e-02
   3.4603871e-02
   2.9590119e-02
   1.9158922e-02
   2.2143591e-02
   2.3968810e-02
   3.5335861e-02
   1.5357391e-02
   2.8293291e-02
   2.5904637e-02
   2.4339210e-02
   4.0349685e-02
   2.2072658e-02
   2.2907706e-02
   2.2860937e-02
   3.2803770e-02
   1.4007896e-02
   9.8635349e-04
   2.9552115e-02
   3.7419669e-02
   4.7769021e-02
   3.9445288e-02
   2.6851414e-02
   5.1580269e-02
   3.0615512e-02
   4.0719070e-02
   2.9063523e-02
   3.5882398e-02
   5.0562169e-02
   4.9385171e-02
   3.5604145e-02
   4.6283856e-02
   6.2260121e-02
   3.4213588e-02
   3.9842922e-02
   2.8029902e-02
   4.5912314e-02
   2.4885343e-02
   3.0687861e-03
   1.1088783e-02
   3.0262994e-02
   2.7832039e-02
   2.9641835e-02
   3.4073755e-02
   2.9608006e-02
   3.0710077e-02
   3.7661150e-02
   3.7646517e-02
   4.1245423e-02
   4.4805378e-02
   4.1891180e-02
   3.6576811e-02
   3.0586163e-02
   3.8489006e-02
   2.9606447e-02
   3.2180555e-02
   2.8834134e-02
   1.4534325e-02
   4.6747830e-02
   4.2257275e-02
   4.2127177e-02
   3.3932023e-02
   1.3430228e-02
   7.6466878e-03
   1.6782781e-02
   3.1086853e-02
   4.9735051e-02
   2.9543448e-02
   1.1417595e-02
   3.8953952e-02
   5.7506390e-02
   2.9295357e-02
   3.6811519e-02
   5.0318364e-02
   3.2052115e-02
   2.9553600e-02
   1.3089603e-02
   1.9441355e-02
   2.5335103e-02
   5.1138334e-02
   7.5037941e-02
   6.3805841e-02
   6.0219925e-02
   5.2581944e-02
   4.0371459e-02
   2.5138736e-02
   1.4044211e-02
   1.3500902e-02
   2.0333022e-02
   3.2922782e-02
   4.0845197e-02
   3.8936254e-02
   4.3441258e-02
   4.2805582e-02
   2.9090427e-02
   3.0858431e-02
   4.2941183e-02
   1.9818373e-02
   1.1939156e-02
   2.1032771e-02
   3.9630052e-02
   5.9909422e-02
   4.8414733e-02
   3.6174331e-02
   5.2678637e-02
   3.9618980e-02
   2.6867850e-02
   4.1554738e-02
   3.2569572e-02
   3.9439529e-02
   5.7485312e-02
   2.3526326e-02
   5.0864033e-02
   6.4271189e-02
   7.4547574e-02
   3.8857155e-02
   5.2858252e-02
   2.6812449e-02
   3.4270152e-02
   2.8759349e-02
   3.7440468e-02
   2.3815861e-02
   2.0993439e-02
   2.9899061e-02
   5.7342965e-02
   3.6095422e-02
   1.5648857e-02
   5.7830296e-02
   4.3713003e-02
   4.2693470e-02
   3.8199641e-02
   6.8813160e-02
   3.8938746e-02
   4.7187593e-02
   5.5886190e-02
   4.6707507e-02
   2.5174856e-02
   4.7564913e-02
   2.2056295e-02
   3.9110418e-02
   3.1827003e-02
   9.6244616e-03
   1.0714490e-02
   3.3994455e-02
   3.6785390e-02
   4.0701721e-02
   1.4726606e-02
   3.5449378e-02
   2.3741703e-02
  -1.6973827e-03
   8.2169818e-03
   2.4237458e-02
   2.9832004e-02
   4.9548537e-02
   5.0125897e-02
   3.8308654e-02
   2.0003581e-02
   5.0637797e-03
   1.9393845e-02
   6.6013716e-02
   6.7764074e-02
   6.2679790e-02
   4.9324650e-02
   4.5475654e-02
   2.3763571e-02
   2.1699740e-02
   2.2066364e-02
   4.2200793e-02
   4.6170224e-02
   5.3480346e-02
   4.4059649e-02
   5.9940957e-02
   1.9873524e-02
   1.8073762e-02
   1.3328721e-02
   1.9334251e-02
   2.9261848e-02
   3.4037121e-02
   3.4235079e-02
   2.6976213e-02
   4.2046700e-02
   2.0583170e-02
   1.1024558e-02
   3.4357566e-02
   7.7102900e-02
   6.2248144e-02
   4.7310006e-02
   3.1487472e-02
   1.1744116e-02
   2.9180668e-02
   5.1857956e-02
   1.0524300e-01
   1.1014964e-01
   8.5642852e-02
   5.0161920e-02
   4.5490883e-02
   3.7977792e-02
   1.9017357e-02
   2.7064560e-02
   3.5798781e-02
   4.3976340e-02
   3.5255581e-02
   2.2089846e-02
   3.0407961e-02
   1.3405923e-02
   4.2240486e-02
   5.2023105e-02
   4.6267468e-02
   3.0966343e-02
   9.9325348e-03
   1.8672833e-02
   3.7799988e-02
   4.7461238e-02
   3.6127277e-02
   1.1727943e-02
   2.8229339e-02
   1.9434206e-02
   2.3607446e-02
   5.7552516e-02
   5.3861879e-02
   5.3293638e-02
   5.3402208e-02
   5.6838531e-02
   4.2965613e-02
   2.9890489e-02
   3.1223271e-02
   2.2149218e-02
  -1.1156855e-04
   4.4019166e-03
   2.1229111e-02
   1.2907573e-02
   1.2603865e-02
   2.4952706e-02
   4.7047313e-02
   4.4157591e-02
   4.0976357e-02
   2.9994853e-02
   3.2382831e-02
   3.3614997e-02
   2.3778742e-02
   1.8339081e-02
   4.7664996e-02
   6.4165361e-02
   5.6692410e-02
   6.0724027e-02
   2.7076745e-02
   2.2509912e-02
   3.1464212e-02
   2.1833617e-02
   3.4515161e-02
   3.6955755e-02
   3.8221471e-02
   5.1103324e-02
   3.8216103e-02
   9.7115105e-03
   1.6488232e-02
   4.1733906e-02
   6.0344506e-02
   6.1507836e-02
   4.1212592e-02
   3.9416496e-02
   2.8110819e-02
   1.5417184e-02
  -2.2833592e-03
   2.6518475e-02
   7.8194395e-02
   1.3459656e-01
   1.4332028e-01
   1.3217439e-01
   6.6030011e-02
   4.4972584e-02
   2.9697258e-02
   3.1787362e-02
   4.2824496e-02
   5.3706240e-02
   4.5114178e-02
   2.4408545e-02
   6.1837111e-02
   2.4758916e-02
   4.1991379e-02
   8.3066598e-02
   2.1690065e-01
   2.1924202e-01
   1.2834512e-01
   4.5479059e-02
   3.8087789e-02
   7.9545509e-03
   1.1630178e-02
   1.0840758e-01
   2.5465453e-01
   3.2606301e-01
   2.1980378e-01
   1.1525111e-01
   4.5290451e-02
   3.6764003e-02
   2.8633684e-02
   2.1863416e-02
   3.4774698e-02
   3.1896736e-02
   4.2373542e-02
   4.5500886e-02
   5.0249986e-02
   5.3348426e-02
   6.5926611e-02
   6.8653822e-02
   5.3986736e-02
   4.7092840e-02
   6.4755514e-02
   3.9693840e-02
   4.3876506e-02
   1.5989384e-02
   9.1130976e-03
   3.0379420e-02
   1.7193969e-02
   2.0367138e-02
   4.6529207e-02
   4.4638041e-02
   3.1592365e-02
   5.6200117e-02
   5.1708158e-02
   2.2380579e-02
   3.3245452e-02
   3.0548664e-02
   3.9611686e-02
   3.0588873e-02
   2.3155577e-02
   3.0179214e-02
   1.9702701e-02
   1.6919490e-02
   2.4177000e-02
   7.6100506e-02
   4.7321562e-02
   2.7292924e-02
   2.5040241e-02
   3.6334302e-02
   2.6579108e-02
   3.9883930e-02
   2.1730972e-02
   2.5914667e-02
   1.7895643e-02
   1.8978702e-02
   2.2719629e-02
   2.8740367e-02
   1.7975133e-02
   1.7462039e-02
   2.3895787e-02
   2.9636782e-02
   1.5715038e-02
   2.6375689e-02
   3.3331271e-02
   3.8988762e-02
   2.5433654e-02
   1.7207671e-02
   2.6628671e-02
   1.7925529e-02
   3.6831126e-02
   2.0877445e-02
  -8.5618719e-03
   2.6476748e-02
   5.9102528e-02
   3.9681286e-02
   3.4206480e-02
   2.6839349e-02
   2.2537526e-02
   3.5006687e-02
   2.6114115e-02
   2.9022977e-02
   2.3587335e-02
   2.4888285e-02
   1.1300324e-02
   2.0960687e-02
   2.0901091e-02
   5.3637531e-02
   5.1502071e-02
   4.9016673e-02
   4.2406041e-02
   4.3258104e-02
   2.2447042e-02
   1.8194925e-02
   3.7869062e-02
   4.3925989e-02
   5.4709040e-02
   5.3495571e-02
   4.1479871e-02
   3.0942557e-02
   2.0555405e-02
   1.0217056e-02
   2.6972571e-02
   4.1972701e-02
   2.9152552e-02
   3.5257678e-02
   2.1442786e-02
   2.3192950e-02
   3.9580327e-02
   2.9390462e-02
   5.2028146e-02
   2.4993129e-02
   2.6749507e-02
   3.1985197e-02
   3.0630572e-02
   4.4070709e-02
   7.1871735e-02
   4.7591750e-02
   6.7573511e-03
   3.2730747e-02
   3.1253126e-02
   1.6900513e-02
   4.1131735e-02
   5.2139409e-02
   3.7136618e-02
   3.9847139e-02
   3.2572404e-02
   3.0472523e-02
   4.8218682e-02
   3.3433493e-02
   1.2580884e-02
   5.1044758e-02
   4.9252424e-02
   4.4177301e-02
   3.9487101e-02
   3.1180501e-02
   4.5814846e-02
   7.1725026e-02
   6.4714320e-02
   4.2311143e-02
   4.1060362e-02
   5.4321215e-02
   1.6564928e-02
   3.9484086e-03
  -6.6993837e-03
   5.6653908e-03
   1.9458711e-02
   4.1919753e-02
   5.3269293e-02
   5.4144431e-02
   2.1490203e-02
   4.5987368e-02
   4.7869563e-02
   3.3962719e-02
   1.6972525e-02
   5.2760515e-02
   4.5949809e-02
   3.2098345e-02
   6.5110726e-03
  -2.0139655e-03
   2.9830741e-02
   4.3789838e-02
   3.2668080e-02
   3.2456446e-02
   3.7409887e-02
   1.4731529e-02
   1.4940074e-02
   9.4314255e-02
   2.1199359e-01
   3.4543467e-01
   2.9958141e-01
   1.3669689e-01
   5.5000618e-02
   6.1852396e-02
   3.7751131e-02
   4.1799348e-02
   1.7987924e-02
   7.7824883e-02
   1.1303189e-01
   9.7800881e-02
   1.4086321e-01
   1.3435647e-01
   1.0371689e-01
   8.8833474e-02
   1.4099666e-01
   1.1511268e-01
   6.3125469e-02
   1.0011514e-01
   2.5066516e-01
   2.7961493e-01
   1.3046990e-01
   9.4475754e-02
   1.1806402e-01
   1.0766924e-01
   7.0912950e-02
   4.6383303e-02
   9.1073558e-02
   4.4908557e-02
   2.3888839e-02
   5.1971734e-02
   7.3779434e-02
   8.0857858e-02
   5.4087095e-02
   3.2234743e-02
   7.9415347e-03
  -1.4507232e-02
  -1.4525658e-02
   1.1164295e-02
   2.8786628e-02
   2.6232416e-02
   7.7063618e-03
   7.4132206e-03
  -6.7304112e-03
   3.4677181e-03
   1.3664125e-02
   8.9073278e-02
   1.2951380e-01
   9.0847775e-02
   3.8561672e-02
   3.4178551e-02
   1.1732254e-02
   3.1667918e-02
   3.6546510e-02
   6.5782651e-02
   5.6851920e-02
   5.5492960e-02
   6.1909489e-02
   6.1511494e-02
   4.0821146e-02
   6.8320103e-02
   4.8518546e-02
   5.5410821e-02
   3.9669376e-02
   4.5598265e-02
   5.5483472e-02
   4.9087517e-02
   1.3983268e-02
  -4.2602094e-03
  -1.2910045e-03
   7.8455349e-03
   2.5976535e-02
   1.0227434e-01
   1.7401591e-01
   1.2136651e-01
   1.0893779e-01
   5.9106685e-02
   8.8099912e-03
   3.6424953e-02
   5.2092299e-02
   2.3467280e-01
   7.0289195e-01
   8.4781152e-01
   5.4835695e-01
   2.4569955e-01
   1.1438463e-01
   5.2109431e-02
   4.1142926e-02
   3.4570824e-02
   5.2041508e-02
   7.1310781e-02
   1.0475523e-01
   1.5971003e-01
   1.1751851e-01
   9.2809930e-02
   6.6991366e-02
   3.2702934e-02
   1.3228067e-02
   2.1874085e-02
   8.0542946e-03
   4.6283484e-02
   4.2409841e-02
   4.7365937e-02
   4.1919187e-02
   2.5436359e-02
   2.1096265e-02
   2.9680315e-02
   3.7181374e-02
   5.4347906e-02
   6.1369348e-02
   1.8482596e-02
  -2.4748985e-03
   1.7450644e-02
   6.8157716e-03
   2.9223127e-02
   6.6072017e-02
   4.8752364e-02
   2.7946560e-02
   2.5855694e-02
   2.0487575e-02
   8.3904885e-02
   5.5955157e-02
   2.8000625e-02
   3.7019312e-02
   6.2998243e-02
   6.2014077e-02
   9.5200717e-02
   1.3853373e-01
   1.7977491e-01
   1.0411423e-01
   7.8015454e-02
   4.2551309e-02
   3.2436591e-02
   1.4579190e-02
   1.1313841e-01
   2.1864463e-01
   2.3638111e-01
   1.7400302e-01
   7.5958602e-02
   1.9068062e-02
   5.9409961e-02
   2.1967765e-02
   4.0042114e-02
   2.4761207e-02
   5.6166250e-02
   1.1747358e-01
   1.2469038e-01
   1.1719526e-01
   9.9174500e-02
   9.3208387e-02
   1.8365896e-01
   1.2576538e-01
   7.0348486e-02
   1.4696459e-01
   3.1837356e-01
   2.4954736e-01
   1.3995305e-01
   6.8091407e-02
   5.0800249e-02
   4.5013778e-02
   4.9838088e-02
   5.6694377e-02
   8.2976855e-02
   3.8150754e-02
   2.0906828e-02
   3.2619093e-02
   8.7212831e-02
   4.8313107e-02
   1.5033497e-02
   4.3564484e-02
   7.9809025e-02
   5.2707262e-02
   4.8920278e-02
   3.9909594e-02
   3.9538477e-02
   4.3092877e-02
   1.1431246e-01
   7.7484101e-02
   6.1511785e-02
   4.5066319e-02
   3.2721005e-02
   1.0874140e-02
   1.7774364e-02
   1.0285992e-02
   6.6772714e-02
   9.1717005e-02
   1.0007767e-01
   1.6882548e-01
   1.6797030e-01
   1.0142159e-01
   4.3869656e-02
   3.4425024e-02
   2.7885927e-02
   1.6154336e-02
   1.1433983e-01
   3.2011569e-01
   3.7107652e-01
   2.1477112e-01
   1.3095614e-01
   7.8684635e-02
   2.6892379e-02
   4.2294335e-02
   5.3076431e-02
   2.8712060e-02
  -7.8868854e-04
   4.5484722e-02
   9.8259442e-02
   9.8443687e-02
   5.4733112e-02
   4.7236163e-02
   2.0331321e-02
   2.4182728e-02
   6.7166023e-02
   6.1787512e-02
   1.0721165e-01
   1.1017293e-01
   1.3074589e-01
   1.0835468e-01
   3.8166158e-02
   2.6411252e-02
   3.1936541e-02
   3.5870574e-02
   1.3540291e-02
   1.6074205e-02
   4.0888648e-02
   7.5071730e-02
   6.9731414e-02
   6.9755524e-02
   3.2714132e-02
   1.2716901e-02
   3.7750259e-02
   3.6700729e-02
   4.0051062e-02
   4.2832226e-02
   4.2514592e-02
   6.0890652e-02
   4.7895961e-02
   3.2111142e-02
   4.9970645e-02
   6.2266186e-02
   3.8627412e-02
   3.8531858e-02
   3.0899653e-02
   3.6113534e-02
   2.0521218e-02
   6.3415647e-02
   2.1188235e-01
   3.1525880e-01
   2.7037686e-01
   1.1962798e-01
   5.9021093e-02
   4.4754088e-02
   5.6596719e-02
   2.2832553e-01
   8.1215888e-01
   1.3076775e+00
   1.0935154e+00
   6.9905996e-01
   2.8636485e-01
   7.7836327e-02
   2.7352121e-02
   1.2810976e-02
   5.4875464e-04
   8.5753789e-03
   1.0142734e-01
   2.1758407e-01
   2.1702012e-01
   1.7598212e-01
   8.2851335e-02
  -1.1045404e-02
  -1.2887059e-02
   1.7286805e-02
   3.3636026e-02
   5.3186782e-02
   4.8971351e-02
   9.1258585e-02
   5.9577186e-02
   3.5150304e-02
   5.6077592e-02
   1.2930401e-01
   1.5113410e-01
   1.2548517e-01
   9.6479304e-02
   2.1385967e-03
  -1.2273633e-02
   4.9472339e-02
   2.5008240e-01
   5.8963263e-01
   6.5246636e-01
   4.6286941e-01
   2.5797787e-01
   1.1643174e-01
   5.7526700e-02
   5.2845169e-02
   2.6701674e-02
  -4.6857307e-03
   5.7521839e-02
   2.7405789e-01
   5.0355834e-01
   5.7193434e-01
   4.0614417e-01
   2.8174269e-01
   1.5853405e-01
   5.3600464e-02
   3.5189848e-02
   1.9486138e-01
   4.3157551e-01
   4.9823678e-01
   4.1142699e-01
   3.0627644e-01
   2.8993991e-01
   1.9148979e-01
   1.5085906e-01
   5.5350948e-02
   1.6449543e-02
   8.0715790e-02
   1.8877015e-01
   4.6711969e-01
   8.0418867e-01
   8.6228377e-01
   6.5683675e-01
   3.1326401e-01
   1.0423975e-01
   7.6824054e-02
   2.2672530e-01
   9.0576696e-01
   2.0782380e+00
   2.3621523e+00
   1.7591902e+00
   1.2959974e+00
   1.2509501e+00
   1.2503303e+00
   9.3572295e-01
   5.1204646e-01
   1.3696440e-01
   3.1664547e-02
   1.0302007e+00
   4.7187967e+00
   8.5923920e+00
   7.8359137e+00
   4.3560939e+00
   1.6018946e+00
   7.1479493e-01
   3.6873797e-01
   3.0554056e+00
   1.8905201e+01
   3.8687069e+01
   3.8518646e+01
   2.2548737e+01
   9.1869240e+00
   2.6441393e+00
   5.4223549e-01
   9.4825789e-02
   4.5511648e-02
   4.5539454e-01
   3.0352025e+00
   6.4565067e+00
   6.5287476e+00
   3.9238465e+00
   1.5796685e+00
   2.5874025e-01
  -2.4911679e-01
  -1.7189699e-01
   3.5769665e-01
   8.1648785e-01
   1.4482427e+00
   1.9188312e+00
   1.6386951e+00
   7.9850274e-01
   2.2303130e-01
   1.4725535e-01
   7.3177107e-02
   3.2679878e-02
   2.2722210e-01
   3.8525036e-01
   5.5350393e-01
   7.1470815e-01
   1.0557501e+00
   1.5741141e+00
   1.5035965e+00
   7.4184448e-01
   1.6963109e-01
   4.5630500e-02
   2.6819763e-01
   3.4269586e-01
   3.5955411e-01
   3.8001791e-01
   2.4403040e-01
   2.0634641e-01
   1.4191593e-01
   1.3934560e-01
   1.6860747e-01
   2.9822373e-01
   3.5126653e-01
   2.6826850e-01
   1.8250939e-01
   2.7197731e-01
   3.3271545e-01
   2.7838120e-01
   1.0060627e-01
   4.8357202e-03
  -7.9424642e-02
  -3.5404288e-03
   2.9032567e-01
   4.0232313e-01
   2.0047963e-01
   1.0923577e-02
  -1.1289144e-01
  -1.0202279e-01
   1.9856875e-01
   5.6198150e-01
   9.1503227e-01
   9.8190701e-01
   5.5334038e-01
   1.8777598e-01
   1.0429884e-01
   7.4071431e-01
   2.0376830e+00
   2.5251913e+00
   1.7441438e+00
   6.6476935e-01
   1.9134763e-01
   4.4743001e-01
   9.0542370e-01
   9.3252456e-01
   5.0634283e-01
   1.7735375e-01
   3.0771747e-01
   3.6132377e-01
   4.6241418e-01
   1.8376386e+00
   4.2894020e+00
   4.4673743e+00
   2.8436694e+00
   1.1784695e+00
   3.5788873e-01
   1.9774775e-01
   1.7998418e-01
   5.0085153e-02
   9.0259410e-02
   3.9529490e-01
   8.2319456e-01
   8.8894123e-01
   5.2802449e-01
   2.1150447e-01
   5.3333674e-02
  -1.7214125e-02
   1.9813899e-02
   1.4796138e-01
   2.6009443e-01
   2.7752560e-01
   2.8491667e-01
   1.7407413e-01
   7.2660714e-02
   3.1554926e-02
   1.7409792e-02
  -1.4963792e-02
   3.4623567e-02
   2.1237306e-02
   8.0575787e-02
   1.2496553e-01
   1.6210571e-01
   1.5278843e-01
   1.7799942e-01
   1.3737500e-01
   6.7615435e-02
   2.9591536e-02
   9.0821274e-02
   1.4240497e-01
   1.5029609e-01
   9.0469226e-02
   9.2744157e-02
   5.3605188e-02
   1.9998290e-02
   2.9205950e-02
   4.7507819e-02
   1.7708050e-01
   1.5425377e-01
   1.6425516e-01
   1.1178038e-01
   7.2866984e-02
   6.4844154e-02
   9.3559474e-02
   5.9928551e-02
   1.3592099e-03
   6.2769718e-02
   1.0669538e-01
   2.1607964e-01
   2.1895139e-01
   1.6965264e-01
   1.3330875e-01
  -1.5499119e-02
  -5.8953397e-02
   1.3050827e-02
   1.5990618e-01
   4.0486565e-01
   4.7589278e-01
   3.4878206e-01
   1.6537599e-01
   1.2100145e-01
   1.7558709e-01
   2.5633910e-01
   2.5291598e-01
   1.5252496e-01
   1.5916745e-03
   1.7656037e-01
   8.9038938e-01
   1.5076873e+00
   1.3100026e+00
   7.3571324e-01
   2.7100438e-01
   3.4243390e-02
   1.2310258e-01
   1.5418897e+00
   5.4276009e+00
   8.0564518e+00
   6.2301769e+00
   3.1370931e+00
   1.1810498e+00
   3.9605522e-01
   1.3486376e-01
   1.0023823e-01
   1.2374716e-01
   4.8136330e-01
   1.0916919e+00
   1.3552889e+00
   1.1077006e+00
   5.8784699e-01
   2.4898733e-01
   1.1935528e-01
   7.7376023e-02
   1.4973152e-01
   2.4910806e-01
   3.6458576e-01
   4.4154361e-01
   3.8542116e-01
   2.2906299e-01
   7.6726653e-02
   3.7734486e-02
   2.5076881e-02
   9.8109670e-02
   1.4617242e-01
   1.0440454e-01
   1.8373814e-01
   2.1475016e-01
   1.8585514e-01
   7.2089776e-02
   2.3814877e-02
   6.3105654e-03
   3.0255595e-02
   5.2802458e-02
   6.2828876e-02
   4.0363766e-02
   6.2732309e-02
   1.1212185e-01
   5.8955271e-02
   4.5153011e-02
  -4.1964753e-03
   3.5467368e-02
   6.3252173e-02
   1.1853656e-01
   1.4344162e-01
   1.3457720e-01
   1.1987042e-01
   8.6883366e-02
   4.9479250e-02
   8.1822306e-02
  -1.2574363e-03
   1.2026221e-02
   7.2908945e-02
   8.9162000e-02
   1.1175340e-01
   1.6857710e-01
   1.3421841e-01
   7.3989175e-02
   5.3418223e-02
   5.4892994e-02
   9.3944401e-02
   1.9308379e-01
   2.1924992e-01
   1.5344758e-01
   9.4123118e-02
   6.9482416e-02
   4.6030760e-02
   2.3982001e-02
   5.5067092e-02
   1.1130059e-01
   9.3349874e-02
   9.1235414e-02
   1.2911393e-01
   2.3297387e-01
   2.2483413e-01
   1.4198990e-01
   4.5864213e-02
   2.9639563e-02
   3.8694073e-02
   1.8057716e-01
   4.7779754e-01
   8.8342494e-01
   7.9707825e-01
   4.6463597e-01
   1.9069526e-01
   1.3449322e-01
   3.3560056e-02
   5.3974137e-02
   1.3544388e-01
   1.7479759e-01
   2.6328939e-01
   2.0933816e-01
   2.2644652e-01
   2.5909880e-01
   1.6364157e-01
   9.3657963e-02
   8.0403954e-02
   1.2359996e-01
   1.2077424e-01
   1.1050030e-01
   1.2113502e-01
   9.6508518e-02
   6.4752772e-02
   6.3782513e-02
   5.7415370e-02
   4.7800608e-02
   5.2783400e-02
   5.6519665e-02
   4.4842873e-02
   2.6204996e-02
   1.8385485e-02
   4.3916460e-02
   6.6819824e-03
   4.6083047e-03
   3.4701411e-02
   4.6997171e-02
   7.8814566e-02
   6.5542094e-02
   3.0422902e-02
   6.6609241e-02
   6.2577300e-02
   2.7773257e-02
   4.3096051e-02
   1.4363050e-02
   2.3852726e-02
   2.6828157e-02
   4.8905242e-02
   4.2627607e-02
   7.9588801e-02
   8.3004549e-02
   7.0606023e-02
   6.7235589e-02
   1.0147533e-02
   6.5614772e-03
   3.1026151e-02
   7.9198018e-02
   5.6067362e-02
   6.0850967e-02
   5.6366209e-02
   3.5893112e-02
   1.5602970e-02
   4.8487280e-02
   5.7325445e-02
   6.7209005e-02
   7.6869130e-02
   5.1389877e-02
   7.4065909e-02
   6.0290087e-02
   6.7357577e-02
   1.3694659e-02
   6.2708601e-02
   5.3175528e-02
   6.2595330e-02
   2.7819457e-02
   6.0433354e-02
   8.5580237e-02
   1.0666957e-01
   7.5182535e-02
   5.5697028e-02
   6.0332543e-03
   1.1803740e-02
   2.2915561e-02
   1.3417323e-01
   2.2769646e-01
   2.6704657e-01
   1.5041479e-01
   3.3886191e-02
   3.7370466e-02
   4.8512980e-02
   4.0928550e-02
   9.3359850e-02
   1.0541410e-01
   1.2996182e-01
   8.8206001e-02
   5.1407449e-02
   6.7942910e-02
   3.7326217e-02
   6.8600498e-02
   4.8764750e-02
   9.2098683e-02
   6.3657649e-02
   2.6061350e-02
   3.1974796e-02
   9.6638404e-02
   1.2373589e-01
   1.2901242e-01
   8.6417839e-02
   7.6120328e-03
   1.0191755e-02
   2.4606330e-02
   1.3437957e-01
   2.1732387e-01
   1.5170895e-01
   1.2575509e-01
   5.5539723e-02
   1.2679010e-02
   8.0027990e-02
   2.5934410e-01
   5.7797068e-01
   5.8885622e-01
   3.5036826e-01
   1.3009690e-01
   4.6575308e-02
   2.6480542e-02
   1.1166665e-01
   2.7384388e-01
   2.9802838e-01
   2.5322002e-01
   1.8462422e-01
   1.2689623e-01
   4.1964851e-02
   4.9101222e-02
   1.1647777e-01
   1.2492990e-01
   7.4495129e-02
   5.6077570e-02
   1.1783925e-01
   8.2439065e-02
   3.9119180e-02
   2.8436795e-02
   8.3636977e-03
   3.8844973e-02
   4.0654149e-02
   5.5071324e-02
   6.1075278e-02
   2.9828498e-02
   1.5853500e-02
   1.6217280e-02
   2.0339495e-02
   2.0407017e-02
   5.3944748e-02
   3.7676200e-02
   2.3785381e-02
   3.2476224e-02
   2.1809816e-02
   2.9232290e-02
   4.3861147e-02
   6.1510473e-02
   7.4755304e-02
   3.9685335e-02
   4.0138733e-02
   6.0512599e-02
   6.0084648e-02
   4.5880102e-02
   9.4225086e-02
   1.1052178e-01
   5.0710343e-02
   5.3985011e-02
   8.2871683e-02
   4.5681920e-02
   7.5699231e-03
   1.6904561e-02
   6.5576293e-02
   2.6714457e-02
   3.7790228e-02
   3.5635773e-02
   2.9343357e-02
   3.1763777e-02
   7.6697588e-02
   6.8425067e-02
   4.3456502e-02
   7.4019007e-02
   4.3587912e-02
   2.4076847e-02
   2.6201801e-02
   6.3120395e-02
   7.7591814e-02
   4.7219794e-02
   4.6579629e-02
   1.2922236e-02
   4.0999167e-02
   9.1596812e-02
   8.0986433e-02
   5.7129208e-02
   6.0355507e-02
   2.7224770e-02
   5.5876017e-02
   6.4150006e-02
   8.5589841e-02
   1.4899606e-01
   1.5154129e-01
   9.7648568e-02
   2.3115136e-02
   5.1620871e-02
   6.8368591e-02
   6.5330766e-02
   7.2288506e-02
   1.1481446e-01
   6.5273479e-02
   6.0551181e-02
   5.0092880e-02
   1.1652018e-01
   1.4626414e-01
   1.4784031e-01
   1.5340015e-01
   1.1129676e-01
   1.0554096e-01
   1.4557730e-01
   1.7887844e-01
   1.3856472e-01
   7.6403633e-02
   6.7990638e-02
   9.7187787e-02
   1.3233092e-01
   1.7756875e-01
   2.9995757e-01
   2.8516740e-01
   1.4370817e-01
   6.2341250e-02
   6.9531430e-03
   1.1109260e-01
   3.0643716e-01
   4.6139359e-01
   3.6187324e-01
   2.3793714e-01
   7.7485971e-02
   2.5987072e-02
   1.9926941e-01
   4.1213897e-01
   4.6963325e-01
   4.8957846e-01
   4.3061385e-01
   2.6264179e-01
   2.3139898e-01
   4.4514656e-01
   6.9473588e-01
   7.0386130e-01
   4.9943951e-01
   2.5598079e-01
   7.0039347e-02
   1.3183822e-01
   6.4793521e-01
   9.7327781e-01
   8.4991097e-01
   4.0853837e-01
   1.1977277e-01
  -2.5599170e-02
   1.6522612e-01
   1.2588054e+00
   2.3980708e+00
   2.4494028e+00
   1.5828873e+00
   6.6024858e-01
   1.5693997e-01
   2.6214871e-01
   8.8485157e-01
   1.5935187e+00
   1.5840566e+00
   1.0820999e+00
   6.1135668e-01
   3.5422596e-01
   3.4130096e-01
   6.0550427e-01
   8.6319935e-01
   7.4730021e-01
   5.0450957e-01
   3.4218192e-01
   3.0129966e-01
   2.9691049e-01
   3.4907463e-01
   4.0897831e-01
   2.8513402e-01
   2.0183946e-01
   1.8530871e-01
   1.8375766e-01
   1.2912396e-01
   1.0097660e-01
   2.1533227e-02
   1.4204633e-02
   6.5572627e-02
   8.1085317e-02
   7.3744096e-02
   8.7552704e-02
   1.1186793e-01
   7.3753454e-02
   4.2949490e-02
   5.0697658e-02
   2.1863975e-02
   6.3055672e-02
   1.0280448e-01
   7.9621702e-02
   7.8059599e-02
   1.9599590e-02
   3.6714502e-02
   3.0407094e-04
  -5.6686387e-03
   7.5336449e-02
   4.6647541e-02
   6.1662775e-02
   5.5497713e-02
   3.0087817e-02
   4.9623288e-02
   6.6795938e-02
   9.9521309e-02
   7.7108808e-02
   6.4272080e-03
   1.8781245e-02
   2.5550505e-02
   6.6467665e-02
   1.3050325e-01
   1.6583709e-01
   1.9402406e-01
   8.2170993e-02
   4.0844027e-02
   7.2750501e-02
   1.4468892e-01
   9.7088598e-02
   1.2618901e-01
   1.0468345e-01
   2.3041194e-02
   9.5136441e-02
   2.1980004e-01
   1.9130421e-01
   1.1899821e-01
   5.3262737e-02
   4.3552443e-02
   1.8944982e-02
   1.2323536e-01
   3.6312786e-01
   5.3503156e-01
   4.6341181e-01
   2.5490785e-01
   6.1316878e-02
  -1.4002824e-03
   7.9773784e-02
   2.9188600e-01
   3.5104015e-01
   2.7009183e-01
   1.7806399e-01
   1.3191934e-01
   5.2596852e-02
   7.2850943e-02
   2.1880777e-01
   1.9785295e-01
   1.9944802e-01
   1.3723519e-01
   7.4022487e-02
   5.8621801e-02
   7.8860007e-02
   8.0477305e-02
   5.6823917e-02
   5.1193539e-02
   3.4784775e-02
   6.0708541e-02
   4.5897376e-02
   7.4001260e-02
   3.8828854e-02
   3.1363070e-02
   2.6189301e-02
   3.2902803e-02
   4.9227230e-02
   6.6686422e-02
   7.3539294e-02
   5.0050400e-02
   3.7402678e-02
   1.2002389e-02
   2.7502438e-02
   6.1987147e-02
   6.8147264e-02
   2.8290918e-02
   1.2932035e-02
   6.8352327e-02
   7.0119657e-02
   3.6026653e-02
   2.9426748e-02
   6.3364476e-02
   6.9854550e-02
   2.7301565e-02
   3.7331145e-02
   3.6931530e-02
   4.8191700e-02
   6.3369811e-02
   3.5687599e-02
   1.3774973e-02
   4.1901741e-02
   1.3771541e-02
   1.5479960e-02
   1.8958531e-02
   3.5351738e-02
   9.5848612e-02
   1.1702739e-01
   9.0304717e-02
   6.5481931e-02
   7.9033114e-02
   7.1624674e-02
   3.0190703e-02
   4.4469573e-02
   1.7488971e-01
   2.5481516e-01
   2.4610032e-01
   1.7489560e-01
   1.0805841e-01
   6.8052605e-02
   6.4161368e-02
   9.7965799e-02
   7.2119661e-02
   1.3685928e-01
   1.8533932e-01
   1.8440446e-01
   1.3967714e-01
   7.8670099e-02
   2.9749746e-02
   1.7039148e-02
   6.0786091e-02
   1.2578319e-01
   1.2968977e-01
   1.1110741e-01
   9.3060717e-02
   1.1140699e-02
   1.0263979e-02
   2.1108346e-02
   4.6619184e-02
   7.3907994e-02
   9.1480136e-02
   5.7449274e-02
   4.0120255e-02
   5.4040644e-02
   6.3284181e-02
   3.7534941e-02
   5.2640680e-02
   6.0773984e-02
   6.4298697e-02
   3.1852104e-02
   1.6078856e-02
   4.5783661e-02
   4.3917082e-02
   4.7774635e-02
   5.4005351e-02
   3.6346529e-02
   2.5188077e-02
   7.1127536e-03
   5.5158146e-02
   4.2075019e-02
   1.5966618e-02
   4.2853273e-02
   6.8377927e-02
   4.2986862e-02
   4.2897068e-02
   2.6625955e-02
   3.3221334e-02
   3.1752590e-02
   4.7178064e-02
   4.2996485e-02
   5.9122842e-02
   3.4950774e-02
   9.5254276e-03
   4.5741022e-02
   4.0390059e-02
   3.3122588e-02
   8.0008982e-03
   1.4403091e-02
   2.8812647e-02
   3.2918897e-02
   3.6843624e-02
   3.9539639e-02
   4.9738415e-02
   4.0553395e-02
   1.3091893e-02
   1.8999161e-02
   2.8116053e-02
   7.0341952e-02
   4.7150154e-02
   3.4806103e-02
  -4.0382170e-03
   1.1939637e-02
   4.2701725e-02
   3.0013587e-02
   2.2206323e-02
   6.2830277e-02
   5.9537753e-02
   3.5575487e-02
   4.7273327e-02
   3.2919988e-02
   2.5009237e-02
   4.8277404e-02
   8.1650347e-02
   5.5403646e-02
   5.2513253e-02
   1.9739835e-02
   1.8073535e-02
  -1.2953065e-03
   3.4533229e-02
   3.3332963e-02
   3.6456723e-02
   4.4576019e-02
   3.5386447e-02
   2.9116996e-02
   1.8070126e-02
   1.7402261e-02
   3.4741260e-02
   4.1625768e-02
   4.1724753e-02
   1.9611081e-02
   3.9279286e-02
   4.2036835e-02
   2.0765286e-02
   2.5367210e-02
   4.4398148e-02
   2.9326027e-02
   2.2802483e-02
   2.6767477e-02
   2.8032057e-02
   1.9999485e-02
   4.3832056e-02
   5.0729804e-02
   2.8693087e-02
   2.7681079e-02
   1.5845535e-02
   5.0084364e-02
   3.9688408e-02
   2.6473926e-02
   4.7841512e-02
   7.2087750e-02
   2.6628155e-02
  -4.4873534e-03
   6.2318698e-02
   7.9129495e-02
   5.9307445e-02
   4.8144277e-02
   5.4284714e-02
   2.0890830e-02
   3.7826609e-02
   2.6152598e-02
   4.3968391e-02
   3.0970240e-02
   4.9528468e-02
   7.2394565e-02
   1.6238613e-02
   2.0360354e-02
   3.3434812e-02
   3.7687760e-02
   2.3850402e-02
   1.5989520e-02
   2.2441098e-02
   4.1906673e-02
   2.6309194e-02
   3.8504690e-02
   3.7488881e-02
   3.5989758e-02
   6.1349217e-02
   4.3064889e-02
   3.1843849e-02
   4.1747253e-02
   4.8537601e-02
   6.3956052e-02
   3.3338070e-02
   4.0879138e-02
   3.8961489e-02
   3.8680259e-02
   5.0587691e-02
   2.9951060e-02
   1.4169106e-02
   3.0938253e-02
   5.6001782e-02
   2.4021527e-02
   1.9184571e-02
   2.4712520e-02
   2.3487933e-02
   2.2707894e-02
   4.7506511e-02
   8.2869843e-02
   4.4663444e-02
   4.4039987e-02
   4.1633796e-02
   5.0773297e-02
   3.4583475e-02
   2.5625337e-02
   4.2413589e-02
   4.6211451e-02
   4.7857005e-02
   3.0635232e-02
   4.2412039e-02
   3.1951960e-02
   4.0943190e-02
   4.8931528e-02
   2.2713304e-02
   2.3499044e-02
   4.0004458e-02
   2.5432149e-02
   3.5304185e-02
   4.1195642e-02
   2.2668734e-02
   4.2748883e-02
   4.0837932e-02
   2.8396958e-02
   2.1357328e-02
   3.4553539e-02
   2.3322001e-02
   1.2821132e-02
   1.5281935e-02
   1.1127391e-02
   3.2259569e-02
   3.4429781e-02
   3.6103673e-02
   1.6804421e-02
   2.4506981e-02
   3.5693500e-02
   3.3788063e-02
   1.6432837e-02
   1.4652914e-02
   1.1540885e-02
   2.6641002e-02
   4.3840252e-02
   3.5077874e-02
   3.7463564e-02
   3.0173808e-02
   2.1942018e-02
   2.3842242e-02
   1.7248020e-02
   2.2147482e-02
   2.2593057e-02
   2.1286627e-02
   3.6655594e-02
   2.9710939e-02
   3.6397718e-02
   3.1102031e-02
   2.9470183e-02
   2.9404499e-02
   1.4703047e-02
   1.8729301e-02
   3.8234219e-02
   4.3320552e-02
   3.9775379e-02
   3.1974301e-02
   3.5799921e-02
   1.7626898e-02
   3.8466178e-02
   2.8520228e-02
   2.4038356e-02
   2.1672286e-02
   3.6488771e-02
   1.6912878e-02
   2.0454157e-02
   3.7318747e-02
   4.6841819e-02
   3.9233800e-02
   5.6610312e-02
   2.5519537e-02
   4.6729315e-02
   5.9021381e-03
   1.5390969e-02
   2.2116838e-02
   4.1431468e-02
   4.5618653e-02
   3.2360353e-02
   8.7465439e-03
   2.8684862e-02
   2.7817225e-02
   2.7410379e-02
   2.9936265e-02
   1.3173034e-02
   4.1452505e-02
   4.2100642e-02
   3.9377701e-02
   3.9305948e-02
   3.0169886e-02
   2.3433562e-02
   5.2790638e-02
   3.9312258e-02
   2.6388770e-02
   4.6723176e-02
   3.2038677e-02
   4.1614685e-02
   4.1186448e-02
   2.1373451e-02
   1.5066587e-02
   2.5674051e-02
   1.4586532e-02
   2.2137595e-02
   2.5408657e-02
   1.4844379e-02
   2.4203943e-02
   2.9892230e-02
   6.5295354e-02
   3.2718338e-02
   4.2072902e-03
   1.0565957e-02
   4.7623417e-03
   2.4778340e-02
   2.0608440e-02
   3.1751730e-02
   1.2018922e-02
   1.5383087e-02
   3.0653358e-02
   3.4703270e-02
   2.5803994e-02
   3.0329999e-02
   2.0825073e-02
   3.2808699e-02
   3.7881631e-02
   2.9424844e-02
   2.5421260e-02
   2.7300255e-02
   2.3494231e-02
   2.2421224e-02
   3.8011804e-02
   2.5940398e-02
   6.2205791e-02
   2.5570096e-02
   2.1074219e-03
   1.6082333e-02
   3.5779770e-02
   4.0891714e-02
   2.4469301e-02
   2.9164620e-02
   3.5842530e-02
   3.2057498e-02
   2.7256886e-02
   3.1083651e-02
   1.8917482e-02
   1.9593492e-02
   3.5672393e-02
   4.7035534e-02
   7.0829429e-02
   5.1035084e-02
   1.8924333e-02
   3.9305411e-02
   4.1661885e-02
   2.7525717e-02
   3.0858189e-02
   4.5688648e-02
   3.1224659e-02
   3.4839522e-02
   3.1142652e-02
   1.8463643e-02
   3.2668687e-02
   3.6999043e-02
   4.7937389e-02
   3.4635298e-02
   3.9479613e-02
   3.3450916e-02
   4.4030834e-02
   1.6211374e-02
   7.2676358e-03
   1.9450620e-02
   6.4848520e-02
   5.7769928e-02
   3.2916367e-02
   3.3185847e-02
   1.7204102e-02
   1.2709436e-02
   1.6112372e-02
   1.0751229e-02
   2.8892588e-02
   4.4722725e-02
   2.8711880e-02
   2.9566633e-02
   3.3800881e-02
   3.2132473e-02
   2.7338356e-02
   4.1205686e-02
   3.4420986e-02
   2.6410423e-02
   1.0189801e-02
   2.7843252e-02
   2.3847766e-02
   2.5115563e-02
   5.0052121e-02
   4.0969823e-02
   2.0530282e-02
   3.9098980e-03
  -2.1521603e-04
   9.1620032e-03
   4.0704142e-02
   7.6328695e-02
   3.0134786e-02
   1.3809284e-02
   3.5922386e-02
   2.9030062e-02
   3.5710678e-02
   3.5404764e-02
   3.2411881e-02
   4.7987130e-02
   8.2546890e-02
   1.4270546e-01
   1.5178032e-01
   9.3449146e-02
   4.4835936e-02
   2.2393301e-02
   6.4654917e-02
   2.7906755e-01
   6.1734802e-01
   6.4080042e-01
   4.3203148e-01
   2.0108454e-01
   6.1935570e-02
   6.1683204e-02
   1.6200352e-01
   2.4425673e-01
   2.7218843e-01
   2.1317710e-01
   1.7054999e-01
   1.0024185e-01
   4.0887542e-02
   8.9886282e-03
   4.2115625e-02
   1.1000572e-01
   9.7508758e-02
   7.2937578e-02
   5.1585924e-02
   2.5467398e-02
   3.2529958e-02
   2.2454003e-02
   1.0125821e-02
   6.3638450e-03
   3.9433617e-02
   4.4424769e-02
   3.8749505e-02
   3.3054501e-02
   4.6750862e-02
   2.6333191e-02
   2.0249048e-02
   3.5560578e-02
   4.8419669e-02
   3.1540155e-02
   4.7421288e-02
   4.1816428e-02
   1.6726825e-02
   1.1816653e-02
   2.6819892e-02
   3.9339643e-02
   4.0840048e-02
   4.5282912e-02
   3.9739527e-02
   4.4790883e-02
   1.6783176e-02
   2.4777109e-02
   3.2115147e-02
   3.0009078e-02
   4.4256359e-02
   4.0037580e-02
   2.7736202e-02
   3.9943263e-02
   2.9372882e-02
   2.0475727e-02
   1.3568606e-02
   3.2967668e-02
   4.8896994e-02
   6.1763465e-02
   6.3466355e-02
   4.0061343e-02
   2.7011648e-02
   1.7184999e-02
   2.5407381e-02
   8.2349414e-03
  -5.4547726e-03
   1.2979012e-02
   6.4020944e-03
   1.3307950e-02
   2.8526867e-02
   3.1552110e-02
   2.0759745e-02
   3.2284450e-02
   3.2630183e-02
   5.5207659e-02
   8.9306951e-02
   8.7666415e-02
   8.8699169e-02
   7.1411312e-02
   3.7648778e-02
   2.0796806e-02
   5.1660310e-02
   7.7817351e-02
   6.7549184e-02
   4.9310382e-02
   5.7870585e-02
   6.7502327e-02
   2.9321760e-02
   1.9068670e-02
   1.2208970e-02
   2.5444720e-02
   2.2595894e-02
   1.4601058e-02
   2.2164004e-02
   3.9071538e-02
   4.0039405e-02
   6.3688783e-03
   2.1334795e-02
   3.8642861e-02
   5.1734574e-02
   4.2092770e-02
   3.4299139e-02
   1.8209331e-02
   3.4080163e-02
   3.7949920e-02
   2.0179253e-02
   2.3724759e-02
   2.4176590e-02
   3.7226256e-02
   2.6985999e-02
   3.8696304e-02
   3.0221852e-02
   2.0021269e-02
   1.1424447e-02
   1.0834497e-02
   8.4362319e-03
   1.6562670e-02
   2.6596341e-02
   6.5599419e-03
   9.1409618e-03
   9.3028368e-03
   1.4341344e-02
   2.4643786e-02
   1.0302553e-02
   2.0714207e-02
   3.6660645e-02
   3.9168868e-02
   4.4413492e-02
   3.7310511e-02
   2.1216055e-02
   2.0409264e-02
   2.3683222e-02
   2.3692731e-02
   9.1097392e-03
   1.6128743e-02
   3.6385544e-02
   1.9494848e-02
   2.1906449e-02
   4.1577332e-02
   2.0550946e-02
   1.7666675e-02
   5.4614644e-02
   3.2315254e-02
   1.1872198e-02
   3.5255998e-02
   3.4147248e-02
   1.9534249e-02
   1.8049110e-02
   2.0354083e-02
   3.0192122e-02
   2.3526218e-02
   2.5928384e-02
   3.4245051e-02
   2.5776343e-02
   1.3066204e-02
   4.4788226e-02
   3.0139660e-02
   2.6656920e-02
   3.9914139e-02
   2.7014485e-02
   5.8078677e-03
   2.6529320e-02
   3.2844640e-02
   3.1540539e-02
   2.0318342e-02
   3.5203110e-02
   2.4132511e-02
   3.2765884e-02
   5.8238793e-02
   2.3274975e-02
   4.8948149e-03
   3.0490262e-02
   4.7604080e-02
   3.6998820e-02
   5.0138414e-02
   4.2362332e-02
   2.8680952e-02
   1.3012067e-02
   3.0794144e-02
   3.7550632e-02
   4.3782145e-02
   1.8695474e-02
   3.6039948e-02
   3.6872163e-02
   1.8688828e-02
   3.6534410e-02
   4.9720068e-02
   3.3044431e-02
   1.3435455e-02
   2.2238661e-02
   9.9780755e-03
   7.0005748e-03
   1.0016756e-02
   3.9342809e-02
   1.8743688e-02
   2.4793966e-02
   2.3303507e-02
   1.3293610e-02
   9.9845901e-03
   3.1705581e-02
   4.9343526e-02
   4.8688967e-02
   3.5417683e-02
   5.8656838e-02
   3.0703872e-02
   2.1257244e-02
   4.4443157e-02
   2.2593249e-02
   2.6039667e-02
   1.4332779e-02
   1.4405658e-02
   3.8381558e-02
   2.7582005e-02
   3.4856625e-02
   3.9894216e-02
   3.6384769e-02
   3.1046189e-02
   2.8994603e-02
   2.1868628e-02
   2.2431592e-02
   3.3472292e-02
   1.5549397e-02
   8.2569458e-03
   1.8358717e-02
   2.3624314e-02
   2.6513562e-02
   2.6711615e-02
   2.4245394e-02
   3.9080884e-02
   2.1809721e-02
   2.3320623e-02
   1.7528819e-02
   1.2615060e-02
   1.8824475e-02
   4.4604905e-02
   4.0089846e-02
   5.5108607e-02
   4.6951186e-02
   1.8347844e-02
   1.2341255e-02
   1.4146890e-02
   3.6312316e-02
   2.6023379e-02
   3.5670612e-02
   3.4109540e-02
   2.7872682e-02
   4.1331057e-02
   2.8972285e-02
   1.6325526e-02
   2.4378849e-02
   2.0943128e-02
   2.5958858e-02
   2.7049076e-02
   1.8571677e-02
   1.9505411e-02
   6.8170219e-03
   9.5997369e-03
   1.6201369e-02
   2.6508789e-03
   2.1252811e-02
   3.0740280e-02
   3.1768583e-02
   2.6882797e-02
   1.5128957e-02
   1.3065332e-02
   3.6774985e-02
   5.1506892e-02
   3.5202283e-02
   3.7833124e-02
   2.2784704e-02
   1.0343990e-02
   2.0143187e-02
   2.1474361e-02
   3.4855444e-02
   4.2479392e-02
   2.4772422e-02
   7.9308916e-04
   6.8672048e-03
   3.6452360e-02
   2.8274108e-02
   2.9062023e-02
   2.7576694e-02
   1.5903858e-02
   1.1513057e-02
   2.7015517e-02
   3.2083258e-02
   3.0718505e-02
