   2.4957033e-02
   3.9908055e-02
   3.0050464e-02
   2.6234062e-02
   3.5172608e-02
   4.7679689e-02
   4.6146359e-02
   4.3376643e-02
   4.2606093e-02
   5.5154670e-02
   4.9598902e-02
   3.8183730e-02
   2.7854359e-02
   3.6867343e-02
   2.4761226e-02
   2.3527509e-02
   2.2676161e-02
   6.2186267e-02
   7.0438109e-02
   3.9867319e-02
   2.0007011e-02
   3.0187340e-02
   2.6056631e-02
   1.3939154e-02
   3.1978648e-02
   8.0953509e-02
   9.1153532e-02
   5.5365615e-02
   4.8535816e-02
   4.7098592e-02
   4.8322827e-02
   4.1273050e-02
   2.2906546e-02
   1.5870629e-02
   2.2269405e-02
   3.6848828e-02
   6.2621221e-02
   6.5451577e-02
   5.4353300e-02
   5.3292152e-02
   4.5745846e-02
   5.9763215e-02
   3.0252011e-02
   2.0509874e-02
   1.7107762e-02
   2.4732621e-02
   2.7684322e-02
   2.5445661e-02
   1.9096162e-02
   4.0214006e-02
   5.0355230e-02
   1.4093689e-02
   2.5271740e-02
   3.8722567e-02
   5.8325347e-03
   1.1851096e-02
   6.2112577e-02
   5.7687718e-02
   2.5538499e-02
   3.7095785e-02
   2.5992170e-02
   1.9643096e-02
   2.6200561e-02
   3.7602928e-02
   3.2828800e-02
   2.9727610e-02
   2.0331578e-02
   2.6908059e-02
   3.1533975e-02
   4.7490165e-02
   4.9488317e-02
   3.5293642e-02
   2.5723837e-02
   5.9833724e-02
   3.8115736e-02
   5.3179439e-02
   3.0555965e-02
   6.7328182e-03
   3.9087970e-02
   2.2130856e-02
   1.1077539e-02
   1.6495831e-02
   6.7124683e-03
   1.4717153e-02
   2.4649322e-02
   5.9034850e-02
   4.5747481e-02
   8.2199134e-02
   5.0639253e-02
   2.0073529e-02
   3.4710661e-02
   4.5801170e-02
   6.0486071e-02
   3.8645934e-02
   4.0813833e-02
   4.1224841e-02
   4.2396262e-02
   6.5933794e-02
   8.4473409e-02
   8.0802418e-02
   5.6201518e-02
   4.9816664e-02
   3.1994529e-02
   1.7537858e-02
   3.0178033e-02
   1.6711930e-02
   3.5347428e-02
   4.9845804e-02
   8.1068076e-02
   6.4546004e-02
   2.6418045e-02
   4.1696582e-02
   3.8511433e-02
   2.1708777e-02
   3.1274106e-02
   4.6450220e-02
   2.8196672e-02
   4.7386333e-02
   3.6667116e-02
   5.0389219e-02
   2.7606577e-02
   3.2246396e-02
   2.4315255e-02
   1.6517052e-02
   2.2519402e-02
   3.5246048e-02
   3.7603669e-02
   3.9910909e-02
   2.9152306e-02
   4.6638425e-02
   4.8500754e-02
   2.8364696e-02
   3.4703411e-02
   3.8605727e-02
   2.9320592e-02
   3.8518455e-02
   5.1266849e-02
   5.0711948e-02
   7.0897676e-02
   4.8950184e-02
   5.1052134e-02
   5.3306933e-02
   1.2766616e-02
   3.0527392e-02
   5.2234426e-02
   2.5707519e-02
   2.6213635e-02
   2.9588878e-02
   6.3586511e-02
   5.3615738e-02
   5.5096582e-02
   2.9094426e-02
   2.0675028e-02
   3.7279207e-02
   2.7282856e-02
   7.0535024e-03
   1.2896352e-02
   3.3230171e-02
   4.7733720e-02
   2.8831406e-02
   3.1771153e-02
   2.6381509e-02
   4.3210924e-02
   2.8409179e-02
   1.7555729e-02
   6.0898801e-03
   3.6302712e-02
   5.6934889e-02
   5.5862203e-02
   4.2566385e-02
   6.5159075e-02
   3.7999257e-02
   3.4825280e-02
   3.7043169e-02
   3.4720581e-02
   2.7272904e-02
   2.4586588e-02
   3.8792271e-02
   9.3943678e-02
   1.0262806e-01
   8.5457303e-02
   4.9377639e-02
   3.2232821e-02
   2.9581860e-02
   1.9650515e-02
   1.1221468e-02
  -2.7294160e-05
   3.3191700e-02
   5.3824302e-02
   5.8790877e-02
   7.8111306e-02
   4.6784110e-02
   3.9368071e-02
   3.8489442e-02
   3.3972431e-02
   3.1673443e-02
   2.4873534e-02
   1.7475147e-02
   4.3663535e-02
   4.7882054e-02
   1.4127629e-02
   3.5037134e-02
   4.4609830e-02
   5.5787671e-02
   2.4429463e-02
   3.8991686e-02
   2.9912408e-02
   4.7021411e-02
   5.7579815e-02
   7.2540849e-02
   5.8708355e-02
   2.4280310e-02
   1.9844178e-02
   3.4410704e-02
   5.7638478e-02
   6.1476145e-02
   2.6766613e-02
   2.9655112e-02
   4.9132541e-02
   3.5006274e-02
   4.8507757e-02
   5.0971411e-02
   3.0194849e-02
   3.2640297e-02
   3.4389179e-02
   4.2301171e-02
   6.2514566e-02
   4.6076108e-02
   4.4027913e-02
   6.4187802e-02
   4.8555445e-02
   2.8478935e-02
   4.9915750e-02
   1.7924806e-02
   1.9474747e-02
   5.6785606e-02
   6.9933891e-02
   6.2006194e-02
   6.3855127e-02
   5.5833302e-02
   7.0505925e-02
   7.8311682e-02
   6.9718145e-02
   3.9899122e-02
   2.7504684e-02
   3.1049987e-02
   4.1674640e-02
   4.9849857e-02
   3.7991613e-02
   4.4548381e-02
   4.4439562e-02
   7.3126152e-02
   5.5175599e-02
  -5.0182370e-03
  -9.2629530e-03
   2.5530217e-02
   3.6011595e-02
   4.6941638e-02
   4.3478765e-02
   6.0741767e-02
   4.7263701e-02
   3.2221604e-02
   3.0950839e-02
   1.3761768e-02
   1.6329089e-02
   2.3407906e-02
   4.3533932e-02
   6.3832164e-02
   5.2604668e-02
   4.1381650e-02
   4.8166718e-02
   3.6747649e-02
   3.5535909e-02
   4.2981636e-02
   1.5841926e-02
   3.1541619e-02
   4.6834808e-02
   3.0818716e-02
   2.9338345e-02
   2.8898548e-02
   1.3818389e-02
   6.2699638e-02
   6.4815477e-02
   6.2142447e-02
   4.9191896e-02
   5.5699453e-02
   2.3851389e-02
   5.8959816e-02
   4.3296672e-02
   1.3193278e-02
   2.8826447e-02
   1.9625433e-02
   3.6166519e-02
   3.5838354e-02
   5.0768886e-02
   8.1488557e-02
   1.0843129e-01
   7.6848209e-02
   2.0725541e-02
   4.4388627e-03
   9.4498154e-03
   2.2332380e-02
   5.0143588e-02
   4.6324119e-02
   9.9122062e-02
   1.0184518e-01
   8.1048504e-02
   6.0693394e-02
   6.2745824e-02
   3.1970724e-02
   3.3545099e-02
   7.6386608e-02
   8.8829949e-02
   7.8564860e-02
   5.3266168e-02
   4.2478725e-02
   1.9077806e-02
   4.9278345e-02
   5.0285451e-02
   2.3920299e-02
   3.3071376e-02
   3.3390157e-02
   4.8187897e-02
   4.5965444e-02
   5.5076752e-02
   4.5696143e-02
   2.8145889e-02
   3.2754648e-02
   3.8311265e-02
   3.8844902e-02
   3.1676650e-02
   1.6242754e-02
   1.5771344e-02
   3.4466319e-02
   2.8168084e-02
   5.6899745e-02
   5.3928040e-02
   3.3556130e-02
   3.7368398e-02
   3.8434591e-02
   2.7425723e-02
   4.2457994e-02
   1.8680567e-02
   2.4153369e-02
   2.9874541e-02
   2.7861608e-02
   1.5473962e-02
   1.4774944e-02
   3.8149651e-02
   5.3963546e-02
   4.8796855e-02
   3.8557351e-02
   3.8455017e-02
   2.5679072e-02
   1.2193604e-02
   1.5612713e-02
   5.4926261e-02
   7.1562283e-02
   6.2064245e-02
   5.1199161e-02
   4.5472950e-02
   2.2525230e-02
   1.9195970e-02
   4.7449339e-02
   3.7669864e-02
   4.0417183e-02
   3.2600746e-02
   1.3798296e-02
   1.5439784e-02
   2.0840721e-02
   1.4473226e-02
   1.2716392e-02
   5.1099993e-02
   5.8681902e-02
   3.9369199e-02
   6.2532467e-03
   3.1177012e-02
   4.8257489e-02
   4.7653280e-02
   2.4866011e-02
   1.3812915e-02
   1.7344169e-02
   3.4751114e-02
   3.9983802e-02
   3.8934421e-02
   2.9859535e-02
   2.6011117e-02
   3.9438847e-02
   2.1411655e-02
   3.6881879e-02
   3.3231955e-02
   4.1553646e-02
   3.3830609e-02
   2.2512406e-02
   1.5760249e-02
   2.9481255e-02
   5.5662859e-02
   2.2257552e-02
   1.9954987e-02
   1.7973056e-02
   4.0390141e-02
   1.8511539e-02
   4.8333410e-02
   4.6051037e-02
   3.8253698e-02
   1.5903192e-02
   2.7163897e-02
   2.9482313e-02
   4.6755048e-03
   4.0764239e-02
   5.1213905e-02
   3.3325292e-02
   4.5002729e-02
   4.5284886e-02
   7.8454807e-02
   1.3748206e-01
   1.2812816e-01
   6.2954843e-02
   3.7635565e-02
   4.6944212e-02
   3.7666168e-02
   6.4763919e-02
   3.7663169e-02
   6.8333045e-02
   3.9522134e-02
   5.1372081e-02
   3.0426465e-02
   4.6040464e-02
   4.5997489e-02
   6.3219421e-02
   6.0096066e-02
   5.2685648e-02
   4.6760827e-02
   5.5675153e-02
   2.9434681e-02
   3.2355387e-02
   7.8979814e-03
   2.3381226e-02
   3.8838141e-02
   4.5880154e-02
   3.3664986e-02
   1.2821806e-02
   3.5495002e-02
   5.0675318e-02
   1.6438849e-02
   2.2526620e-02
   4.3331329e-02
   2.1872045e-02
   4.8698578e-02
   3.5553709e-02
   4.2670820e-02
   2.7101321e-02
   4.5632046e-02
   6.6484250e-02
   3.2595273e-02
   4.6413515e-02
   5.2875288e-02
   4.5847211e-02
   2.4167487e-02
   4.0003035e-02
   3.5907950e-02
   3.7537225e-02
   2.5027150e-02
   2.1722984e-02
   2.7146081e-02
   6.8138532e-02
   7.3881999e-02
   5.0607625e-02
   4.9501691e-02
   4.6582412e-02
   3.8059041e-02
   1.9687489e-02
   9.4135767e-03
   1.3306721e-02
   4.3779470e-02
   5.0667498e-02
   4.1153088e-02
   3.7361935e-02
   3.0816523e-02
   1.5561405e-02
   1.8963914e-02
   1.0643760e-02
   1.4317292e-02
   3.9746564e-02
   5.0121505e-02
   6.0193926e-02
   6.2833838e-02
   4.1652348e-02
   2.8787725e-02
   6.0030106e-02
   3.7017740e-02
   5.2608483e-02
   2.2592731e-02
   3.2189704e-02
   6.1504614e-02
   7.2070651e-02
   7.2026558e-02
   7.5359061e-02
   4.2828087e-02
   3.0899053e-02
   5.2358150e-03
   1.5539116e-02
   5.1802944e-02
   6.9283791e-02
   3.2495063e-02
   1.8477887e-02
   1.3470303e-02
   1.8829999e-02
   2.1135375e-02
   1.3178231e-02
   3.6539838e-02
   6.2885702e-02
   4.5551389e-02
   3.5365127e-02
   5.2986532e-03
   5.1562320e-02
   4.1362863e-02
   5.0431038e-03
  -1.4939731e-03
   4.2845707e-02
   4.8448954e-02
   2.1965977e-02
   7.4488227e-03
   3.6305472e-02
   4.0433515e-02
   3.5621371e-02
   3.1229211e-02
   5.6949820e-02
   5.3909928e-02
   2.6447974e-02
   5.4333843e-02
   6.5289930e-02
   8.5408039e-02
   6.7276366e-02
   1.2739561e-02
   1.7174395e-02
   3.6667880e-02
   1.4371860e-01
   2.0107906e-01
   1.5573208e-01
   8.4074333e-02
   5.8223546e-02
   5.6175783e-02
   3.2025602e-02
   4.5947932e-02
   8.0679193e-02
   8.3489403e-02
   3.6256883e-02
   2.3868203e-02
   4.8354915e-03
   4.8747342e-02
   6.2297769e-02
   4.7343798e-02
   2.1044841e-02
   4.2117752e-02
   4.7650639e-02
   3.0674966e-02
   2.8195096e-02
   4.9612906e-02
   5.5654779e-02
   9.2177093e-02
   1.3395661e-01
   8.8519424e-02
   6.6557072e-02
   2.1570256e-02
   1.4654578e-02
   2.3616593e-02
   4.0662166e-02
   7.3063813e-02
   8.2820132e-02
   6.1642066e-02
   1.1492473e-02
  -3.2303298e-03
   3.8844515e-02
   6.4360023e-02
   5.3813782e-02
   3.5727337e-02
   2.9706156e-02
   1.9759635e-02
   3.7332550e-02
   4.0135771e-02
   1.1826090e-02
   4.4133238e-02
   8.3178379e-02
   6.0453165e-02
   1.2922626e-02
   1.3985187e-02
   1.1231163e-01
   3.2939234e-01
   2.9459968e-01
   1.7679968e-01
   1.2044384e-01
   1.2127003e-01
   9.2655987e-02
   7.7281982e-02
   2.1009749e-01
   8.7991095e-01
   1.1225373e+00
   6.3518572e-01
   2.4545519e-01
   1.9694340e-01
   1.7491702e+00
   5.7056389e+00
   5.3903718e+00
   2.2141101e+00
   5.8514124e-01
   2.3014580e-01
   1.7147180e-01
   4.1997185e-01
   1.2209107e+00
   1.3453537e+00
   7.1268266e-01
   2.7814555e-01
   1.2077940e-01
   1.5942305e-01
   2.7933019e-01
   5.0428146e-01
   4.9336991e-01
   2.3768175e-01
   6.4342387e-02
   5.6859486e-02
   1.2131045e-01
   2.5490192e-01
   2.8247350e-01
   3.1070122e-01
   2.9144046e-01
   1.4686404e-01
   1.8482126e-02
   5.3422000e-02
   8.3861791e-02
   1.0067020e-01
   9.7250775e-02
   6.1369997e-02
   1.4558972e-02
   2.6065838e-02
   5.1855609e-02
   7.4625097e-02
   3.3220261e-02
   1.8073846e-02
   3.6535572e-02
  -1.3851841e-02
   1.4987274e-02
   6.5841690e-02
   7.9441197e-02
   5.4563671e-02
  -2.7622406e-03
   1.1068556e-02
   8.2369655e-02
   1.7719792e-01
   1.8605900e-01
   1.4134459e-01
   9.0238661e-02
   2.7151525e-01
   4.1263142e-01
   2.5184107e-01
   1.0588052e-01
   1.3969937e-01
   2.0890778e-01
   1.3691105e-01
   1.2159910e-01
   9.2138141e-02
   2.2471356e-01
   8.1381679e-01
   9.4017500e-01
   4.2558670e-01
   1.0425813e-01
   7.2894782e-02
   4.7944307e-02
   5.1560227e-02
   2.2884607e-01
   2.7739397e-01
   1.4799517e-01
   1.4326136e-03
  -1.1576368e-02
   3.2386146e-02
   3.8076956e-02
   1.0176796e-01
   1.0702223e-01
   5.1071525e-02
   2.8451495e-02
   2.8235676e-02
   3.5658650e-02
   6.2574960e-02
   5.2988417e-02
   6.5804005e-02
   1.0148399e-01
   5.6435212e-02
   6.5242440e-02
   4.8835915e-02
   3.1360082e-02
   3.8654514e-02
   4.7130484e-02
   5.3344648e-02
   1.2105553e-01
   7.7524662e-02
   6.3670225e-02
   4.6176337e-02
   7.7434130e-02
   3.6982477e-02
   4.4545360e-02
   1.6074203e-02
   3.4926713e-02
   7.7359214e-02
   5.9655543e-02
   7.4171387e-02
   8.5809179e-02
   4.3169126e-02
   6.5754168e-02
   1.3033156e-01
   1.0552674e-01
   9.1584347e-02
   7.5585738e-02
   1.0656600e-01
   9.1594122e-02
   8.2151882e-02
   2.3108160e-01
   3.7630588e-01
   2.4502642e-01
   8.9087568e-02
   6.0550861e-02
   3.8819543e-01
   1.6410332e+00
   2.0569427e+00
   1.0357395e+00
   3.0656812e-01
   7.4320011e-02
   3.6871795e-02
   1.0608947e-01
   3.0227160e-01
   4.0715376e-01
   2.4516225e-01
   6.7556284e-02
   4.1794430e-02
   3.3591360e-02
   7.0245087e-02
   9.7616352e-02
   1.4864479e-01
   7.0244133e-02
   2.0951908e-02
   8.7222131e-03
   3.3552773e-02
   6.0962878e-02
   1.1576126e-01
   7.4913815e-02
   1.2859348e-03
  -1.3254385e-02
   3.3769578e-02
   4.0177859e-02
   7.5742647e-02
   8.3220132e-02
   2.8676026e-02
  -5.3288513e-05
   8.7107811e-03
   5.0505038e-02
   8.6342588e-02
   9.6245445e-02
   6.8176575e-02
   3.6050156e-02
   7.1899197e-03
   2.0700820e-02
   7.0567918e-03
   3.9716467e-02
   4.9100138e-02
   2.6738755e-02
   8.0446051e-03
   4.5402385e-02
   7.3507003e-02
   1.1202959e-01
   8.6085364e-02
   4.8228346e-02
   5.8663514e-02
   9.6304484e-02
   7.0132107e-02
   4.6682138e-02
   3.0438656e-02
   8.0347218e-02
   1.0014993e-01
   4.6551298e-02
   5.7354704e-02
   1.6826709e-01
   4.1083956e-01
   4.3118480e-01
   2.3702934e-01
   1.1400352e-01
   7.2028667e-02
   7.6704033e-02
   7.7324323e-02
   1.2882969e-01
   1.5906116e-01
   7.7344827e-02
   5.3019676e-02
   6.0742624e-02
   7.6282360e-02
   7.4649446e-02
   6.0208775e-02
   7.0872925e-02
   6.3695736e-02
   7.8656608e-03
  -3.1964253e-03
   1.4060450e-02
   4.8774783e-02
   6.5445483e-02
   5.3316783e-02
   5.7361539e-02
   1.9946132e-02
   3.0670565e-02
   5.6343067e-02
   4.2477816e-02
   4.7305569e-02
   4.0973410e-02
   3.8083740e-02
   2.4306200e-02
   2.2977328e-02
   4.6582971e-02
   3.3094604e-02
   3.0788599e-02
   4.0062904e-02
   4.0478401e-02
   3.3236466e-02
   2.5470652e-02
   3.6364976e-02
   1.9265948e-02
   2.1427590e-02
   2.7985636e-02
   5.7501704e-02
   7.9798125e-02
   7.8923851e-02
   5.8460828e-02
   4.2017139e-02
   4.5839842e-02
   4.8474882e-02
   4.4287648e-02
   5.1082972e-02
   3.8586780e-02
   2.1956617e-02
   3.2306395e-02
   4.1888058e-02
   7.1735568e-02
   1.8398477e-01
   2.0644204e-01
   1.3121915e-01
   6.7172952e-02
   2.8280621e-02
   1.6988611e-02
   3.7920196e-02
   5.3239476e-02
   6.6757225e-02
   2.1003833e-02
   1.8601397e-02
   3.5490274e-02
   2.7761426e-02
   3.5364512e-02
   2.9418597e-02
   1.3777536e-02
   3.7877157e-02
   2.4339300e-02
   3.9599847e-02
   3.7515189e-02
   3.7858557e-02
   4.9248721e-02
   4.2457670e-02
   8.4481528e-03
   2.1801176e-02
   2.1312773e-02
   3.9232042e-02
   1.8744078e-02
   2.8170193e-02
   3.5728507e-02
   5.8580160e-02
   6.8563476e-02
   7.9437152e-02
   4.7691174e-02
   1.3813384e-02
   4.3978456e-02
   7.2387300e-02
   4.8122995e-02
   5.5869903e-02
   6.8980306e-02
   4.1072436e-02
   3.5904486e-02
   3.0373007e-02
   3.0054111e-02
   2.9092275e-02
   7.1128989e-03
   1.7822560e-02
   2.9562917e-02
   3.0389823e-02
   1.0990940e-02
   1.7406587e-02
   5.3016938e-02
   1.9281277e-02
   3.4911782e-02
   2.3332531e-02
   1.8559176e-02
   1.4443154e-02
   6.3054740e-02
   9.7644322e-02
   1.1521891e-01
   5.1912140e-02
   2.0157438e-02
   2.2558494e-02
   4.8020232e-02
   3.2966521e-02
   2.2254908e-02
   3.1201707e-02
   5.2382663e-02
   4.3562900e-02
   4.5844696e-02
   4.2349249e-02
   1.1740414e-02
   3.8657483e-02
   5.8519553e-02
   4.3243848e-02
   5.8202676e-02
   4.9846832e-02
   2.8967861e-02
   3.6241692e-02
   4.5598261e-02
   4.7496643e-02
   4.3487430e-02
   3.9961826e-02
   3.9948117e-02
   1.8036459e-02
   1.7949166e-02
   2.6730552e-02
   3.3336084e-03
   2.5089717e-02
   3.8966671e-02
   4.0822454e-02
   4.7727734e-02
   7.5401746e-02
   7.4628852e-02
   4.2030685e-02
   3.2133643e-02
   6.5190531e-02
   8.5698523e-02
   4.5200910e-02
   2.6142737e-02
   7.2656259e-02
   8.0970615e-02
   5.0566904e-02
   1.2294039e-02
   3.8411036e-02
   6.0118984e-02
   5.9352767e-02
   2.9023499e-03
   3.9965335e-02
   7.4273147e-02
   5.9669241e-02
   8.4318303e-02
   8.3113395e-02
   3.7858054e-02
   3.8226459e-02
   1.1172580e-01
   1.1294834e-01
   5.9195228e-02
   5.4286256e-02
   8.4798448e-02
   1.1888481e-01
   1.1540347e-01
   3.7555672e-02
   3.7844546e-02
   1.6621707e-01
   2.2171564e-01
   1.4364545e-01
   6.9034494e-02
   4.6201922e-02
   2.0689154e-01
   2.8430375e-01
   2.0963407e-01
   1.2052926e-01
   9.1832437e-02
   1.5462027e-01
   1.5307538e-01
   7.7635475e-02
   2.4672883e-02
   7.7906981e-02
   1.3946924e-01
   7.9334229e-02
   5.0929639e-02
   5.4080520e-02
   9.0414099e-02
   9.0703927e-02
   3.9661914e-02
   3.2851253e-02
   7.1406983e-02
   9.2386499e-02
   6.6775292e-02
   4.2064168e-02
   2.1781350e-02
   2.7976129e-02
   2.6933441e-02
   6.4743496e-02
   8.6510047e-02
   5.6177679e-02
   5.6085531e-02
   4.9752839e-02
   2.5604157e-02
   1.3531155e-02
   9.4256047e-03
   4.7370005e-02
   5.1044349e-02
   5.3177413e-02
   5.7560392e-02
   4.2545177e-02
   2.9132774e-02
   3.7511755e-02
   4.4232156e-02
   1.6132444e-02
   1.9153362e-02
   4.3094624e-02
   3.7877500e-02
   6.3110031e-02
   4.9469076e-02
   4.8548445e-02
   5.4301593e-02
   5.0009772e-02
   1.0703298e-02
   4.8753377e-02
   8.8585868e-02
   6.2261935e-02
   2.6423596e-02
   5.0640348e-02
   6.2496435e-02
   6.8190701e-02
   5.5435617e-02
   4.6507362e-02
   2.0216243e-02
   5.7112448e-02
   4.9515773e-02
   4.1429177e-02
   3.3107620e-02
   4.1724209e-02
   3.9636064e-02
   4.0915865e-02
   2.5768293e-02
   3.3207029e-02
   6.8500437e-02
   4.4243947e-02
   2.9060908e-02
   3.4047872e-02
   4.9200151e-02
   5.3683721e-02
   4.2306125e-02
   3.8647108e-02
   1.3507376e-02
   2.3113297e-02
   2.6847856e-02
   2.8486568e-02
   2.2079004e-02
   4.1506428e-02
   1.1030091e-01
   1.3856131e-01
   5.8732755e-02
   2.7394226e-02
   2.6915900e-02
   4.3045323e-02
   4.6135623e-02
   2.9611090e-02
   4.3158073e-02
   2.6022883e-02
   2.2641966e-02
   7.7486797e-03
   4.7373608e-02
   3.9289109e-02
   3.6225602e-02
   3.3658549e-02
   4.9654566e-02
   3.1732131e-02
   2.2509981e-02
   4.8620451e-02
   4.1577037e-02
   5.7831727e-02
   4.4750188e-02
   4.6337709e-02
   5.2411176e-02
   4.6769738e-02
   4.7097865e-02
   7.0263654e-02
   4.3960016e-02
   4.8963618e-02
   9.3713142e-02
   3.0495889e-02
   1.1470650e-02
   5.3103816e-02
   2.7987212e-02
   1.5512463e-02
   2.5501546e-02
   3.6682304e-02
   4.0265381e-02
   5.9990097e-02
   3.8435511e-02
   4.2596433e-02
   5.9964407e-02
   2.9968090e-02
   5.1447645e-02
   7.0618942e-02
   5.9659280e-02
   3.9864052e-02
   1.1145178e-02
   3.5737976e-02
   4.1453369e-02
   5.0550435e-02
   5.1868219e-02
   5.3596705e-02
   8.0965661e-02
   5.2945118e-02
   4.7281705e-02
   5.1409341e-02
   4.6192106e-02
   2.4447478e-02
   3.5534814e-02
   2.6072456e-02
   3.6543198e-02
   5.1409241e-02
   5.6654409e-02
   5.1973235e-02
   2.1110853e-02
   7.3146024e-03
   3.0093072e-02
   5.5095028e-02
   3.4092009e-02
   5.8363378e-02
   6.1799929e-02
   1.4569662e-02
  -1.9496483e-03
   3.3535119e-02
   3.5544205e-02
   1.8838465e-02
   1.8013142e-02
   3.9530199e-02
   5.6696266e-02
   2.2693014e-02
   2.8482245e-02
   4.9539711e-02
   4.2395510e-02
   3.4311660e-02
   5.0507183e-03
   1.8467590e-02
   5.7377096e-02
   5.2099589e-02
   5.1471200e-02
   2.5810830e-02
   2.6140304e-02
   5.1617492e-02
   6.4920940e-02
   3.7246533e-02
   9.6141137e-03
   3.1475473e-02
   1.8129770e-02
   3.0784748e-02
   4.2415764e-02
   3.6868624e-02
   4.2696293e-02
   2.7434031e-02
   3.8336001e-02
   2.9165214e-02
   3.5744280e-02
   2.4583176e-02
   1.8031385e-02
   3.0924270e-02
   3.9177328e-02
   6.3074559e-02
   4.3973241e-02
   2.5495397e-02
   2.9097240e-02
   2.4834998e-02
   2.4510361e-02
   3.8701836e-02
   3.8693804e-02
   4.3510597e-02
   1.0999207e-02
   1.4190516e-02
   2.9078741e-02
   1.6803775e-02
   1.7107397e-02
   2.4308087e-02
   6.1894260e-02
   6.7159578e-02
   1.7639020e-02
   4.5764007e-02
   4.8596978e-02
   4.2896781e-02
   2.5420459e-02
   3.6099501e-02
   3.3972289e-02
   2.4474187e-02
   5.2641094e-02
   7.7061348e-02
   5.8724370e-02
   6.5371588e-02
   2.9094765e-02
   3.5854798e-02
   1.5145750e-02
   1.3065211e-02
   2.0511355e-02
   3.5809729e-02
   4.3519277e-02
   2.1191968e-02
   1.9315124e-02
   5.7603638e-03
   2.1297576e-02
   2.4148772e-02
   1.4713002e-02
   3.3625945e-02
   4.6614092e-02
   3.9188899e-02
   5.2556369e-02
   3.4489760e-03
   9.5063634e-03
   5.5651134e-03
   1.5910316e-02
   3.6747724e-02
   4.3406110e-02
   4.6052575e-02
   4.4346940e-02
   4.7085393e-02
   3.1098563e-02
   1.4571601e-02
   1.0545874e-02
   2.7117303e-02
   4.3118645e-02
   4.3986402e-02
   5.4567084e-02
   3.6411777e-02
   1.1974732e-02
   4.1771820e-03
   1.2929110e-02
   2.8575029e-02
   3.3340365e-02
   5.1680729e-02
   2.4668742e-02
   2.4746314e-02
   3.4330919e-02
   3.2880332e-02
   3.5220392e-02
   3.9615024e-02
   4.7763400e-02
   2.4347378e-02
   2.4423432e-02
   2.0442519e-02
  -4.3917587e-03
   2.4274589e-02
   4.5986976e-02
   4.4663023e-02
   2.8392008e-02
   1.5281859e-02
   3.6479052e-02
   2.8981881e-02
   4.1235801e-02
   4.3693684e-02
   2.4403445e-02
   3.7432924e-02
   2.9228609e-02
   3.6627799e-02
   3.6442712e-02
   4.7758136e-02
   3.9202906e-02
   2.2431115e-02
   1.4251076e-02
   3.1843442e-02
   3.5200644e-02
   1.0133766e-02
   2.2645555e-02
   3.6050502e-02
   2.3665342e-02
   1.9235630e-02
   1.3227718e-02
   3.8937122e-02
   5.1462233e-02
   2.8082782e-02
   1.7856894e-02
   2.8862387e-02
   4.6476521e-02
   2.5872760e-02
   1.5854387e-02
   3.4170870e-02
   2.3294263e-02
   4.2384185e-02
   3.0673767e-02
   1.5219119e-02
   4.1060444e-02
   3.8656525e-02
   3.0454649e-02
   2.8760981e-02
   4.4301823e-02
   3.9344743e-02
   2.4338430e-02
   4.1958209e-02
   3.0604644e-02
   1.9721521e-02
   1.4810582e-02
   3.2204319e-02
   4.7095276e-02
   3.2761808e-02
   2.7452659e-02
   3.8266677e-02
   3.7864942e-02
   3.2029860e-02
   4.9564641e-02
   5.7996940e-02
   2.9550850e-02
   2.7756128e-02
   1.9658692e-02
   2.5087472e-02
   2.8137226e-02
   1.2688273e-02
   2.1638023e-02
   2.1337274e-02
   3.3360641e-02
   2.9664690e-02
   4.6912942e-02
   4.2345528e-02
   2.3336416e-02
   4.6262767e-02
   4.5139994e-02
   1.4201330e-02
   2.7747851e-02
   4.6259794e-02
   5.7051968e-02
   4.0162433e-02
   5.0811756e-02
   2.1771267e-02
  -1.4412509e-02
   1.7214999e-02
   2.8112032e-02
   2.5267949e-02
   3.1302936e-02
   1.2157392e-02
   2.8537013e-02
   1.7468276e-02
   2.0043464e-02
   2.2933671e-02
   1.7925750e-02
   4.0419843e-02
   1.2225001e-02
   1.0251214e-02
   3.3790883e-02
   5.8746736e-02
   1.3743519e-02
   1.9880390e-02
   5.5128857e-02
   7.7468045e-02
   4.1073415e-02
   4.3455325e-02
   5.8700383e-02
   1.4220546e-01
   1.5360463e-01
   1.0601801e-01
   6.6011108e-02
   9.7576730e-02
   1.3293165e-01
   1.1029498e-01
   7.7229068e-02
   4.9791578e-02
   5.2569490e-02
   1.9314576e-02
   5.4141190e-02
   9.3675539e-02
   5.8475565e-02
   2.6989201e-02
   2.4263075e-02
   3.3940908e-02
   1.9132545e-02
   2.5808170e-02
   2.9673118e-02
   4.1556738e-02
   6.1241459e-02
   4.3453481e-02
   2.7328797e-02
   4.1726787e-02
   4.5115620e-02
   4.5459289e-02
   4.5386430e-02
   2.3812056e-02
   2.4390973e-02
   4.7477938e-02
   4.4938736e-02
   1.8871438e-02
   2.0365937e-02
   2.7808866e-02
   1.6245456e-02
   1.1120516e-04
   2.1126887e-02
   1.6916366e-02
   3.1649668e-02
   2.5101189e-02
   7.3723323e-03
   1.7267501e-02
   1.2549529e-02
   1.0971687e-02
   2.3495207e-02
   2.8663741e-02
   3.6852647e-02
   2.7341997e-02
   6.1321319e-03
   5.7615330e-03
   2.0842036e-02
   4.1394077e-02
   4.5456361e-02
   2.0178419e-02
   1.7280828e-02
   3.8392652e-02
   4.4814926e-02
   4.4176776e-02
   4.2479295e-02
   5.0769925e-02
   5.3423651e-02
   2.8045202e-02
   3.5173140e-02
   7.4030042e-02
   8.5298881e-02
   3.1504478e-02
   1.3160992e-02
   4.3105982e-02
   3.9351743e-02
   1.4114495e-02
   1.2480895e-02
   3.2761823e-02
   1.1880536e-02
   3.1601943e-02
   2.6700253e-02
   5.0451200e-02
   5.1782165e-02
   4.0546417e-02
   2.8312400e-02
   2.0192130e-02
  -4.5784125e-03
   8.6313495e-03
   1.7587725e-02
   2.8678121e-02
   3.0715132e-02
   2.9787758e-02
   4.4969129e-03
   2.1267204e-02
   2.7838727e-02
   4.4505246e-02
   4.6464425e-02
   2.5825551e-02
   3.0810494e-02
   2.2679936e-02
   4.3352857e-02
   2.9959507e-02
   2.7294818e-02
   5.0324231e-02
   6.2687241e-02
   3.4078170e-02
   3.3623357e-03
   3.1196032e-02
   4.1694682e-02
   2.0180881e-02
   1.9649392e-02
   3.2869503e-02
   5.5414021e-02
   4.1213091e-02
   4.8073232e-02
   4.4594452e-02
   4.2875830e-02
   4.2752374e-02
   1.6150609e-02
   1.8877823e-02
   3.0727770e-02
   3.7639081e-02
   2.8519534e-02
   6.2463935e-03
   3.2255784e-02
   5.5157203e-02
   5.4830041e-02
   1.5126890e-02
   1.5163616e-02
   3.5264190e-02
   2.6733985e-02
   3.6550906e-02
   3.0501667e-02
   2.3814695e-02
   4.4530906e-02
   4.0620960e-02
   1.9554699e-02
   2.3604220e-02
   4.9221024e-02
   3.8947497e-02
   1.0319128e-02
  -4.9699922e-03
   7.3774634e-03
   1.3556585e-02
   3.0377340e-02
   3.1628579e-02
   3.9031360e-02
   6.1140186e-03
   2.3064798e-02
   1.5880946e-02
   2.7318022e-03
   1.4870602e-02
   3.0485798e-02
   3.6825780e-02
   4.5519549e-02
   5.3453423e-02
   5.2852482e-02
   3.2952826e-02
   4.5152172e-02
   3.5604645e-02
   1.2278255e-02
   4.1535012e-02
   3.0667961e-02
   4.9594495e-02
   3.1572655e-02
   2.0146066e-02
   4.6061695e-02
   3.6843024e-02
   2.7932636e-02
   2.6050515e-02
   2.7723042e-02
   2.4974963e-02
   2.1561462e-02
   4.5185432e-02
   1.8392013e-02
   1.3688833e-02
   3.4217507e-02
   4.2416692e-02
   2.2972234e-02
   4.4365775e-02
   3.3376608e-02
   4.8365708e-02
   2.7934819e-02
   1.3117653e-02
   4.4725011e-03
   1.6813053e-02
   3.0987242e-02
   2.5407074e-02
   3.0393226e-02
   3.5111520e-02
   1.9822896e-02
   2.8896004e-02
   2.4290115e-02
   2.6313240e-02
   3.0075051e-02
   3.4565929e-02
   2.6788512e-02
   3.1635318e-02
   3.4356792e-02
   2.9690424e-02
   3.7497051e-02
   3.8925342e-02
   3.2645967e-02
   3.3383254e-02
   1.6062818e-02
   2.8618762e-02
   3.5255443e-02
   2.3939746e-02
   2.5869602e-02
   3.9114714e-02
   2.7080143e-02
   1.2499198e-02
   1.8360982e-02
   3.4724984e-02
   3.0953450e-02
   2.0893410e-02
   3.9547864e-02
   4.2715583e-02
   5.0488118e-02
   3.5177238e-02
   2.7688032e-02
   3.6620542e-02
   3.8273957e-02
   3.0282492e-02
   2.3278818e-02
   5.5553738e-02
   6.4272039e-02
   4.5722883e-02
   4.5478053e-02
   5.3835180e-02
   3.5179198e-02
   2.8700968e-02
   5.0876461e-02
   1.8323798e-02
   3.0860297e-02
   3.8446125e-02
   4.2676192e-02
   2.2591632e-02
   4.1427184e-02
   5.8955476e-02
   3.4099553e-02
   1.8634081e-02
   3.2885339e-02
   3.5569612e-02
   1.3812451e-02
   4.1941144e-02
   4.5746028e-02
   3.8934130e-02
   2.4517059e-02
   2.4427053e-02
   3.2880396e-02
   3.2705504e-02
   2.6715532e-02
   1.6715126e-02
   3.2264993e-02
   4.3163899e-02
   4.6081066e-02
   5.5046335e-02
   4.3432929e-02
   3.1842250e-02
   5.8906443e-02
   6.2933028e-02
   5.4619696e-02
   3.3077516e-02
   3.0197261e-02
   3.4181722e-02
   2.3125039e-02
   8.4857997e-03
   1.8965535e-02
   2.6391823e-02
   1.7293785e-02
   3.5576787e-02
   9.9778743e-03
   4.1008547e-02
   4.7930151e-02
   3.9930355e-02
   6.5071538e-02
   2.8323859e-02
   3.2425798e-02
   3.2900508e-02
   4.0228620e-02
   4.2191662e-02
   3.8082894e-02
   2.5684766e-02
   1.7273525e-02
   2.4712687e-02
   3.0480621e-02
   3.5627447e-02
   6.7836173e-02
   5.6889948e-02
   2.2311235e-02
   3.0290307e-02
   3.1646933e-02
   5.5239972e-02
   4.9549833e-02
   2.7514488e-02
   2.6117139e-02
   3.5781387e-02
   5.7865988e-02
   5.2724693e-02
   5.6796160e-02
   4.2189427e-02
   2.7360165e-02
   5.4001743e-03
   1.5673554e-02
   2.2033721e-02
   4.7061019e-02
   1.1726707e-02
   2.3708947e-02
   2.0730926e-02
   3.4926169e-02
   4.2627744e-02
   4.9780130e-02
   6.6702649e-02
   4.9415521e-02
   3.6560904e-02
   5.1509354e-02
   3.8782332e-02
   1.8584169e-02
   4.6793739e-03
   3.7838280e-02
   3.7043925e-02
   3.1740427e-02
   1.6953683e-02
   3.5314456e-02
   4.0516578e-02
   2.0633284e-02
   5.6444672e-03
   2.5639879e-02
   2.7446952e-02
   2.4676397e-02
   2.4729382e-02
   1.6203130e-02
   9.7020129e-03
   2.6902556e-02
   3.4654047e-02
   2.4784636e-02
   3.0372264e-02
   1.5867146e-02
   1.8290829e-02
   2.7012872e-02
   1.4707506e-02
   2.4790425e-02
   4.1514389e-02
   1.5762160e-02
   2.7056688e-02
   5.0777722e-02
   5.8358900e-02
   4.0174209e-02
   6.2235698e-02
   5.1696330e-02
   5.4824449e-02
   3.1541184e-02
   3.4308273e-02
   2.3583859e-02
   3.0533047e-02
   6.0874723e-02
   1.1116489e-01
   8.0165118e-02
   6.2377349e-02
   6.6741288e-02
   2.0809019e-02
   1.8914949e-02
   1.9942220e-02
   2.6959971e-02
   3.0297007e-02
   2.7617753e-02
   2.3205105e-02
   6.1938953e-02
   7.3464289e-02
   4.6336215e-02
   4.1592166e-02
   6.1485011e-02
   3.3725962e-02
   1.7684823e-02
   2.2960298e-02
   1.6670724e-02
   3.0397141e-02
   3.5684444e-02
   1.2093951e-02
   9.9799372e-03
   2.0862600e-02
   1.9586002e-02
   1.0427488e-02
   3.0459808e-02
   2.8924393e-02
   5.0524361e-02
   2.9586490e-02
   2.0515030e-02
   8.8035194e-03
   1.4126040e-02
   1.3882935e-02
   7.2174445e-03
   1.7613072e-02
   1.6938049e-02
   3.3946637e-02
   3.5823561e-02
   3.4264363e-02
   6.1259363e-02
   5.5957701e-02
   6.4143546e-02
   3.0388309e-02
   1.7231284e-02
   2.3053512e-02
   2.2549257e-02
   2.1138353e-02
   4.2805225e-02
   1.4781055e-01
   2.6445234e-01
   2.1751991e-01
   1.3358274e-01
   4.5933541e-02
   1.6789861e-02
   1.8162088e-02
   1.6178954e-02
   1.7554708e-02
   1.8589612e-02
   1.6379224e-02
   5.3712722e-02
   7.3558673e-02
   6.0236827e-02
   5.6057401e-02
   3.4513593e-02
   2.5213001e-02
   3.2275207e-02
   1.1835068e-02
   2.5582256e-02
   1.1170122e-02
   1.6874822e-02
   2.3539234e-02
   4.6886317e-02
   3.6790561e-02
   4.6419322e-02
   4.7032822e-02
   3.0450447e-02
   2.9062511e-02
   1.6045852e-02
   2.8112968e-02
   3.4881737e-02
   2.3341808e-02
   5.1864203e-02
   3.0322939e-02
   2.4906676e-02
   5.1461566e-02
   3.8023945e-02
   2.9604942e-02
   2.8470354e-02
   1.9520761e-02
   4.6046063e-02
   5.0853115e-02
   2.1006497e-02
   1.3291766e-02
   2.3848748e-02
   3.3804983e-02
   2.0911681e-02
   2.2360561e-02
   1.0392868e-02
   2.3121741e-02
   4.1266922e-02
   1.4337637e-02
   1.2408290e-02
   2.4257151e-02
   1.2088127e-02
   8.3781853e-03
   1.3529273e-02
   3.0910322e-02
   2.9275978e-02
   2.3165079e-02
   3.4344573e-02
   4.9023978e-02
   3.1734288e-02
   2.0372568e-02
   2.1299113e-02
   2.3756010e-02
   2.5032694e-02
   2.6123613e-02
   3.5909873e-02
   3.0763565e-02
   1.6539419e-02
   1.9718973e-02
   3.2043222e-02
   2.6475824e-02
   4.7280239e-03
   3.1230787e-02
   3.9136942e-02
   5.6017164e-02
   3.8161892e-02
   1.2471020e-02
   1.8368104e-02
   2.0789444e-02
   3.3766344e-02
   3.1231269e-02
   3.6016949e-02
   3.7197806e-02
   2.4989573e-02
   2.5736181e-02
   3.4402739e-02
   1.6737202e-02
   2.5576409e-02
   2.0417949e-02
   4.0810883e-02
   3.0390026e-02
   1.3251883e-02
   3.0466192e-03
   3.1238964e-02
   4.6724256e-02
   5.1973723e-02
   3.7002847e-02
   4.3604702e-02
   3.4584504e-02
   3.0522054e-02
   2.3242459e-02
   1.6702078e-02
   2.5713794e-02
   3.3704467e-02
   3.1025782e-02
   3.6914013e-02
   4.8368007e-02
   3.1435560e-02
   4.1259732e-02
   3.2371238e-02
   4.0559587e-03
   2.0729570e-02
   1.9346321e-02
   2.2563793e-02
   8.4382500e-03
   1.3874245e-02
   1.8061176e-02
   1.8063452e-02
   1.5720006e-02
   3.5605416e-02
   2.9433832e-02
   2.4959717e-02
   4.1127875e-02
   2.3227932e-02
   2.2492247e-02
   2.4700165e-02
   4.5935366e-02
   2.2983402e-02
   1.0946864e-02
   3.2235019e-02
   4.0454462e-02
   2.3118321e-02
   4.1542858e-02
   4.1997544e-02
   4.6573889e-02
   4.5629859e-02
   3.3969346e-02
   2.8590696e-02
   2.2609258e-02
   1.9138206e-02
   5.0070662e-02
   4.4886768e-02
   4.2746954e-02
   4.4005476e-02
   3.0016873e-02
   3.1505447e-02
   2.4243843e-02
   1.1687735e-02
   1.2302834e-02
   3.4679484e-02
   2.4340488e-02
   4.1828874e-02
   4.4033725e-02
   1.7453827e-02
   2.7718764e-02
   3.8650546e-02
   3.9643973e-02
   2.1244304e-02
   3.2017440e-02
   1.9744666e-02
   1.4876683e-02
   1.9361474e-02
   2.5098510e-02
   1.1037516e-02
   2.5503812e-02
   2.8578283e-02
   3.0595943e-02
   2.7182819e-02
   2.5131013e-02
   9.6461205e-03
   2.8454302e-02
   3.0131565e-02
   1.5785476e-02
   1.5748490e-02
   9.2195943e-03
   1.6486734e-02
   2.9109739e-02
   2.6786085e-02
   2.0542108e-02
   1.9173596e-02
   2.2148313e-02
   4.1107085e-02
   2.6006857e-02
   3.7390668e-02
   5.3022269e-02
   4.7408316e-02
   3.1549409e-02
   1.6290292e-02
   2.8714873e-02
   8.4954858e-02
   8.7071456e-02
   8.2452685e-02
   5.9852965e-02
   6.9552243e-02
   6.9033280e-02
   4.6001300e-02
   1.0716890e-02
   1.1095028e-02
   6.3058138e-02
   4.1312043e-02
   2.1895822e-02
   2.4919165e-02
   3.4456097e-02
   5.3889636e-02
   5.3042810e-02
   4.9921524e-02
   2.8749458e-02
   3.5964627e-02
   2.6927130e-02
   2.7669141e-02
   2.1600917e-02
   2.0801857e-02
   4.4108078e-02
   3.9947800e-02
   3.0340085e-02
   4.6657097e-02
   2.2598017e-02
   2.9707270e-02
   2.1703463e-02
   3.1010084e-02
   2.8131275e-02
   1.3281937e-02
   1.2421765e-02
   3.2231554e-02
   3.4351934e-02
   3.9581612e-02
   3.6731526e-02
   3.4291480e-02
   3.2051768e-02
   2.7190074e-02
   2.8500034e-02
   2.5448065e-02
   4.0938266e-02
   2.3123369e-02
   3.2512207e-02
   4.9241815e-02
   2.0970907e-02
  -8.5304718e-04
   1.0628203e-02
   3.9735850e-02
   4.6229500e-02
   3.1642020e-02
   5.0280500e-02
   5.6519996e-02
   9.9816788e-03
   2.5979854e-02
   2.5197893e-02
   1.8235471e-02
   4.3294378e-02
   2.3644513e-02
   3.7284352e-02
   4.2619884e-02
   3.5879064e-02
   1.8870616e-02
   2.5191028e-02
   4.2639334e-02
   2.7276346e-02
   1.3110975e-02
   3.6578741e-02
   1.5994612e-02
   2.0024082e-02
   4.0183425e-02
   2.7061004e-02
   1.1996231e-02
   2.4555139e-02
   3.3936951e-02
   1.3690143e-02
   6.5110968e-03
   1.1518352e-02
   4.5932580e-02
   5.6650214e-02
   4.4490948e-02
   5.7905622e-02
   3.5017643e-02
   1.3041375e-02
   1.6132236e-02
   2.0185968e-02
   1.9716183e-02
   3.3260100e-02
   3.7944805e-02
   1.5371172e-02
   2.2183511e-02
   2.6837010e-02
   2.7017618e-02
   2.4583969e-02
   5.0225455e-02
   3.8702711e-02
   2.5777316e-02
   1.4052859e-02
   1.7022351e-03
   1.0590055e-02
   9.8379673e-03
   2.1428544e-02
   3.8724728e-02
   5.4080371e-02
   4.3260533e-02
   5.2108120e-02
   4.4517443e-02
   4.4637021e-02
   3.4751493e-02
   1.6947640e-02
   4.6847515e-02
   7.4238800e-02
   5.7841305e-02
   3.2314312e-02
   3.3026643e-02
   4.0632904e-02
   3.4699630e-02
   2.2076054e-02
   1.4054442e-02
   1.7128160e-02
   2.7189134e-02
   1.1372112e-02
   3.2966926e-03
   2.4094367e-02
   3.2124400e-02
   2.9513489e-02
   1.7548125e-02
   1.3432840e-02
   5.7415940e-02
   4.3641064e-02
   2.5571801e-02
   4.3298569e-02
   2.9866198e-02
   4.5384392e-02
   4.0632084e-02
   2.5023010e-02
   2.3606827e-02
   6.7845420e-03
   2.6596114e-02
   3.9150178e-02
   3.8609378e-02
   3.8266294e-02
   1.3945755e-02
   2.2238744e-02
   3.8291965e-02
   3.5824176e-02
   2.8947188e-02
   7.4364003e-03
   2.3718476e-02
   3.3051237e-02
   2.2009846e-02
   4.6763562e-02
   3.5259292e-02
   2.0938495e-02
   2.5881689e-02
   1.7991118e-02
   2.3383643e-02
   3.7484791e-02
   1.9333977e-02
   2.4717549e-02
   3.9446387e-02
   4.4298857e-02
   3.4739807e-02
   2.2835145e-02
   2.0218104e-02
   3.6399636e-02
   3.4569271e-02
   6.7729048e-02
   4.0725812e-02
   2.5982309e-02
   1.9897489e-02
   3.3035394e-02
   3.6406070e-02
   2.1896552e-02
   1.3475543e-02
   3.2121561e-02
   3.5795350e-02
   1.3336233e-02
   1.7016564e-02
   4.6119418e-02
   6.2839933e-02
   3.1655133e-02
   2.8405160e-02
   2.3572290e-02
   4.6236243e-02
   5.9539959e-02
   6.1851781e-02
   5.6342464e-02
   5.7825077e-02
   5.2659806e-02
   2.3245586e-02
   3.4185592e-02
   2.6254373e-02
   1.9565973e-02
   2.6994172e-02
   2.6576675e-02
   1.4414381e-02
   1.5099099e-02
   4.1600790e-02
   5.6560785e-02
   8.1422903e-02
   1.2716091e-01
   9.2565089e-02
   5.0442636e-02
   2.7264355e-02
   1.8037820e-02
  -5.8683910e-04
   5.7592787e-02
   1.2954031e-01
   1.6616705e-01
   1.1241949e-01
   7.2824866e-02
   4.7670428e-02
   3.8862139e-02
   3.4772214e-02
   5.2786242e-02
   2.3855912e-02
   9.7597912e-03
   3.8708534e-02
   5.3782497e-02
   5.6479972e-02
   4.4657957e-02
   5.0040431e-02
   3.9150149e-02
   3.0182671e-02
   6.7695924e-03
   2.1772156e-02
   2.0098895e-02
   3.0263301e-02
   1.8551899e-02
   1.3989515e-02
   8.1147114e-03
   2.5229910e-02
   5.6603979e-02
   2.3192879e-02
   4.0993322e-02
   4.5648549e-02
   2.1874806e-02
   8.8499580e-03
   1.8159939e-02
   3.9079737e-02
   5.2278128e-02
   4.5390192e-02
   2.3704654e-02
   1.7956788e-02
   1.1247663e-02
   1.3983613e-02
   2.2592871e-02
   3.2627907e-02
   6.4234920e-02
   7.0549868e-02
   4.2721942e-02
   4.8629623e-02
   5.1466133e-02
   2.2083219e-02
   1.1991402e-02
   2.1749550e-02
   4.3982301e-02
   5.0164722e-02
   3.8021691e-02
   1.8460693e-02
   1.4293295e-02
   9.0959249e-03
   2.8957875e-02
   3.4129631e-02
   4.1379962e-02
   1.8961567e-02
   9.6313395e-03
   2.8551033e-02
   3.7608944e-02
   3.2532811e-02
   3.1778060e-02
   4.2506203e-02
   8.1941014e-04
   6.9376430e-03
   1.7521357e-02
   3.6406267e-02
   3.5965666e-02
   2.5999827e-02
   5.0693743e-02
   4.2923342e-02
   5.4649785e-02
   2.6350336e-02
   1.6937630e-02
   1.1738938e-02
   2.4908060e-02
   3.0198308e-02
   3.2866124e-02
   2.7585879e-02
   2.5006637e-02
   1.5936397e-02
   2.4632894e-02
   8.0197178e-02
   6.5784648e-02
   3.2694828e-02
   2.6730871e-02
   8.6886305e-03
   3.6753014e-02
   2.4272850e-02
   5.6305885e-02
   8.4234655e-02
   3.6905278e-02
   3.8573343e-02
   3.7927706e-02
   2.4177931e-02
   1.3184133e-02
   3.1008590e-02
   7.8168392e-02
   1.3975489e-01
   1.0517794e-01
   7.0013419e-02
   3.6980681e-02
   2.0385131e-02
   2.0409985e-02
   5.3498130e-02
   3.8005784e-02
   2.6654547e-02
   3.0094041e-02
   4.4172455e-02
   8.1946038e-02
   7.1517199e-02
   4.5212824e-02
   6.5676004e-02
   3.7943669e-02
   3.8860865e-02
   3.6119811e-02
   4.2195808e-02
   3.8539361e-02
   4.5732185e-03
   8.5103624e-03
   1.8319894e-02
   3.2571066e-02
   2.9378053e-02
   4.1968238e-02
   2.2300443e-02
   1.9885048e-02
   2.9839545e-02
   9.6356189e-03
   7.5071743e-03
   9.3388641e-03
   3.7659984e-02
   5.4856878e-02
   4.5868844e-02
   4.0527947e-02
   3.4331378e-02
   5.1395472e-02
   3.5595026e-02
   3.1908348e-02
   1.7736547e-02
   4.4506243e-03
   2.4208464e-03
   1.8759461e-02
   4.3330316e-02
   4.8734635e-02
   4.7046918e-02
   7.1079698e-03
   1.5603306e-02
   1.7531948e-02
   4.9142938e-02
   2.6292233e-02
   1.4089058e-02
   2.2456694e-02
   2.6105938e-02
   2.3014124e-02
   3.5339758e-02
   4.1378491e-02
   2.7333526e-02
   3.6981069e-02
   1.7982678e-02
   3.8688131e-02
   4.8609145e-02
   6.4425118e-02
   1.7815283e-01
   2.9163501e-01
   2.7697361e-01
   1.6559233e-01
   7.5790189e-02
   2.6554223e-02
   4.0446021e-02
   3.5749383e-02
   1.4576977e-02
   2.5668535e-02
   5.9256159e-02
   8.5171990e-02
   1.2042627e-01
   9.7453557e-02
   7.6072142e-02
   6.6025011e-02
   7.9004541e-02
   7.9255886e-02
   4.5436878e-02
   6.3600630e-02
   1.7977704e-01
   1.8688111e-01
   9.0282589e-02
   6.1205342e-02
   7.7604085e-02
   9.4873615e-02
   5.8473609e-02
   5.7237193e-02
   6.5237671e-02
   1.8718330e-02
   4.8741933e-02
   7.0363402e-02
   1.0326664e-01
   5.2479908e-02
   3.0342886e-02
   1.9491231e-02
   2.7271934e-04
   2.3544902e-02
   3.3880308e-02
   5.3337425e-02
   2.3187388e-02
   1.4053371e-02
   5.2180183e-03
   1.9626778e-02
   2.2688707e-02
   4.0877499e-02
   4.9814545e-02
   1.4030458e-01
   1.5832981e-01
   1.3620733e-01
   7.1105376e-02
   2.2517791e-02
   1.2795605e-02
   5.2280407e-03
   5.3540189e-02
   7.8852564e-02
   9.8302461e-02
   1.1238659e-01
   7.9954974e-02
   3.8209941e-02
   2.4206907e-02
   5.4882158e-02
   9.8048881e-02
   9.1897488e-02
   6.7210779e-02
   7.9688773e-02
   1.0255101e-01
   9.0824507e-02
   8.5157402e-02
   6.6762902e-02
   3.3993747e-02
  -1.5003481e-03
   2.3350222e-02
   7.6337643e-02
   9.5415525e-02
   1.0533048e-01
   9.9835522e-02
   3.4287807e-02
   3.5533119e-02
  -9.2263008e-03
  -2.9414047e-03
   2.2018768e-01
   6.8986738e-01
   7.7833670e-01
   5.0280488e-01
   2.1608879e-01
   7.6019742e-02
   8.4853796e-03
   1.2462536e-02
   5.5596861e-03
   4.7540780e-02
   5.6140129e-02
   1.2256969e-01
   1.6650765e-01
   1.3406007e-01
   9.3837403e-02
   8.8366456e-02
   3.5096366e-02
   2.7143825e-02
   3.0032238e-02
   5.3282041e-02
   7.2324403e-02
   6.0989305e-02
   6.3369252e-02
   3.9982356e-02
   2.4384456e-02
   2.4216875e-02
   1.6551914e-02
   4.8946250e-02
   4.1482542e-02
   4.2491958e-02
   4.6026971e-02
   4.2413026e-02
   4.1764140e-02
   7.3592484e-02
   4.8537761e-02
   6.8312109e-02
   5.3892899e-02
   3.3287253e-02
   5.6774750e-02
   3.6391497e-02
   3.7242915e-02
   3.9247960e-02
   1.8972291e-03
   1.8021801e-02
   5.4007296e-02
   5.7460696e-02
   1.2363991e-01
   1.5851200e-01
   1.8213439e-01
   1.4371024e-01
   8.0259815e-02
   7.3289849e-02
   2.4923604e-02
   1.3214705e-02
   1.3409239e-01
   2.5895897e-01
   3.0336133e-01
   1.9702379e-01
   1.0101050e-01
   8.5903585e-02
   7.4397333e-02
   4.7412049e-02
   4.0487062e-02
   8.8889398e-02
   6.0247887e-02
   1.1283620e-01
   1.2816101e-01
   1.1143634e-01
   7.7628739e-02
   1.2234993e-01
   2.0498182e-01
   1.3869525e-01
   1.7963169e-02
   1.1098105e-01
   2.5371537e-01
   1.8955508e-01
   1.1339948e-01
   9.4863534e-02
   6.0907211e-02
   3.7394989e-02
   3.9319899e-02
   6.4685434e-02
   6.9303326e-02
   6.9131233e-02
   3.8045272e-02
   2.8160119e-02
   1.6207814e-02
   3.1546470e-02
   3.8118780e-02
   1.1675850e-01
   1.5930307e-01
   9.5295668e-02
   4.9871635e-02
   1.4775972e-02
  -1.3937997e-02
   6.9791097e-03
   1.6246136e-02
   7.0136108e-02
   5.7981644e-02
   6.8123907e-02
   6.6889212e-02
   6.3143067e-02
   4.3753322e-02
   4.0417787e-02
   4.8607584e-02
   2.1035003e-02
   6.7818642e-02
   1.1119569e-01
   1.0052827e-01
   8.2863107e-02
   5.3918477e-02
   1.9571912e-02
   3.5070244e-03
   2.1076171e-02
   8.9679457e-02
   2.2947231e-01
   2.4003610e-01
   1.8589151e-01
   1.7112020e-01
   7.8183562e-02
   3.7764844e-02
   5.4019517e-03
  -2.2980761e-02
   1.7726962e-02
   6.4432225e-03
   6.1003249e-02
   1.1640583e-01
   9.9282600e-02
   5.2516017e-02
   2.2878557e-02
   1.4682512e-02
   8.4127039e-03
   8.8043092e-03
   4.3314956e-02
   3.5733487e-02
   6.8997912e-02
   7.6702587e-02
   7.3049702e-02
   5.6840554e-02
   4.4723183e-02
   6.7206677e-03
   2.3369035e-02
   9.6141221e-03
   2.2799315e-02
   5.0500881e-02
   6.5452009e-02
   8.0148473e-02
   8.0402993e-02
   5.3973235e-02
   3.6603272e-02
   2.9128244e-02
   6.0485996e-02
   4.2514235e-02
   2.4808792e-02
   3.8778223e-02
   9.3267784e-02
   9.7309448e-02
   9.3284853e-02
   5.6703966e-02
   5.0702758e-02
   7.0713505e-02
   5.9761122e-02
   3.1524196e-02
   2.8781645e-02
  -1.8480770e-02
   5.9749249e-02
   1.9417602e-01
   2.5389069e-01
   2.2558376e-01
   1.3076068e-01
   5.6110337e-02
   2.3188723e-02
   2.7891014e-02
   1.6032651e-01
   6.6827279e-01
   1.1259768e+00
   9.6296108e-01
   5.8183157e-01
   2.7330044e-01
   1.2281631e-01
   2.6106453e-02
   2.8199786e-02
   8.0194408e-03
   1.8166794e-02
   1.6600595e-01
   2.2924231e-01
   2.5974008e-01
   1.9624268e-01
   1.3667884e-01
   6.8401739e-02
   2.7416410e-02
   2.9971329e-02
   4.7103647e-02
   6.5390974e-02
   8.7314561e-02
   9.9002264e-02
   8.7228067e-02
   6.8516985e-02
   9.6826933e-02
   1.1638051e-01
   8.3626404e-02
   6.6648744e-02
   5.3769719e-02
   3.2052901e-02
  -1.5415616e-02
   6.0502581e-02
   2.5372124e-01
   4.8010337e-01
   5.1661521e-01
   3.8189232e-01
   2.5919959e-01
   1.2500511e-01
   5.2622143e-02
   5.0351895e-02
   4.2978261e-02
   8.3641596e-03
   5.2915722e-02
   2.4619067e-01
   5.0420845e-01
   5.0934362e-01
   3.7864152e-01
   2.2783308e-01
   1.0802155e-01
   2.2513187e-02
   5.6847345e-02
   1.2251192e-01
   3.0029568e-01
   4.4849077e-01
   4.4931692e-01
   3.2402968e-01
   2.2270371e-01
   1.8778133e-01
   1.3319689e-01
   9.3007788e-02
   2.5780026e-02
   3.8796589e-02
   1.8472740e-01
   4.9589550e-01
   8.5048306e-01
   8.6328924e-01
   5.6985569e-01
   2.6445284e-01
   1.5564732e-01
   1.1655040e-01
   2.2136596e-01
   9.4745189e-01
   2.1370466e+00
   2.5358696e+00
   1.8556019e+00
   1.3288952e+00
   1.3251524e+00
   1.2137693e+00
   8.4550643e-01
   5.3013164e-01
   1.1087009e-01
   1.6534923e-01
   1.0924070e+00
   4.4064765e+00
   8.0222425e+00
   7.4359717e+00
   4.3085237e+00
   1.8010771e+00
   6.8253899e-01
   2.5323457e-01
   2.8156812e+00
   1.7019753e+01
   3.4716309e+01
   3.4399216e+01
   2.0452147e+01
   8.5732794e+00
   2.7682877e+00
   7.5468653e-01
   1.6403808e-01
   2.4966605e-02
   5.2859753e-01
   3.7864425e+00
   8.1940422e+00
   8.5976372e+00
   5.5331264e+00
   2.4356863e+00
   6.4315361e-01
  -8.3194792e-02
  -4.9007263e-02
   5.2980345e-01
   1.0254487e+00
   1.9934120e+00
   3.1386840e+00
   3.0569749e+00
   1.7183264e+00
   6.3678950e-01
   7.7688769e-02
  -1.3376208e-02
   1.7167807e-01
   5.8806896e-01
   9.8074347e-01
   1.3117579e+00
   1.5781255e+00
   1.5552964e+00
   1.5705533e+00
   1.1203517e+00
   3.9487299e-01
   4.1334475e-03
   2.1907451e-02
   3.6834633e-01
   6.4745253e-01
   6.3724238e-01
   7.0224565e-01
   5.6860274e-01
   3.2991794e-01
   1.8044953e-01
   1.3526109e-01
   1.9524813e-01
   4.3073216e-01
   4.7642955e-01
   4.2614737e-01
   3.8267076e-01
   3.5588282e-01
   2.9258105e-01
   2.3235035e-01
   4.9546771e-02
  -9.6114628e-02
  -7.6878086e-02
   3.1102367e-02
   3.4961340e-01
   4.1943738e-01
   3.0253461e-01
   6.0194679e-02
  -1.1512502e-01
  -1.5958495e-01
   8.6037032e-02
   4.7886413e-01
   8.5685188e-01
   9.8763973e-01
   6.8891650e-01
   2.3823081e-01
   7.9231448e-02
   5.3463703e-01
   1.7914273e+00
   2.1459029e+00
   1.4166602e+00
   6.3902378e-01
   2.8700033e-01
   5.7454169e-01
   1.2643068e+00
   1.3034652e+00
   7.2030789e-01
   3.6336824e-01
   4.2147800e-01
   4.6558976e-01
   5.7280576e-01
   2.7346716e+00
   6.1417904e+00
   6.6423664e+00
   4.3055639e+00
   1.8830574e+00
   6.8342829e-01
   2.7280250e-01
   1.3622613e-01
   1.1649075e-01
   2.0420875e-01
   8.1346881e-01
   1.7600546e+00
   1.9553688e+00
   1.2673206e+00
   5.9938657e-01
   2.1717291e-01
   1.9421274e-02
   7.7201031e-02
   2.0514423e-01
   3.2995221e-01
   5.2362585e-01
   7.7835608e-01
   6.6371250e-01
   3.8061202e-01
   1.4315739e-01
   1.3866749e-02
   3.5652057e-03
   8.4487461e-02
   2.0290287e-01
   2.5180706e-01
   3.3318663e-01
   4.0794837e-01
   3.7630817e-01
   3.3828998e-01
   1.7749795e-01
   3.3126146e-02
  -4.7646738e-03
   7.9698473e-02
   1.8070059e-01
   2.6435170e-01
   2.6063365e-01
   1.4636403e-01
   8.6318687e-02
   7.8812853e-02
   2.3080878e-02
   1.7625490e-02
   8.8547602e-02
   1.7178676e-01
   1.6269264e-01
   7.3678546e-02
   1.0503462e-01
   1.0494378e-01
   7.0884116e-02
   4.5307461e-02
   1.9507281e-02
   7.9351533e-03
   7.5818725e-02
   2.0522225e-01
   2.5299141e-01
   2.0172946e-01
   8.4466383e-02
  -9.8851649e-03
  -5.8594707e-02
   2.4702668e-03
   2.7373791e-01
   5.4996145e-01
   7.5828081e-01
   5.4080641e-01
   2.8888255e-01
   1.7870410e-01
   2.1171792e-01
   3.4497407e-01
   3.4366420e-01
   1.4102776e-01
  -1.1220123e-02
   2.9005188e-01
   1.2174459e+00
   2.0467031e+00
   1.7304598e+00
   7.8630984e-01
   2.6898062e-01
   7.7188969e-02
   1.7356265e-01
   1.8654770e+00
   6.8407626e+00
   1.0689511e+01
   8.9956770e+00
   4.8874025e+00
   1.9516695e+00
   6.1755604e-01
   1.4413482e-01
   1.0360728e-01
   1.2889896e-01
   6.6154563e-01
   1.7571779e+00
   2.3652399e+00
   2.0178978e+00
   1.1774777e+00
   5.7257998e-01
   1.6369849e-01
   7.4079379e-02
   1.3211025e-01
   2.5237665e-01
   5.3375369e-01
   8.8646120e-01
   9.0134853e-01
   5.5227900e-01
   2.7834666e-01
   8.7236367e-02
   5.2469831e-02
   9.1627114e-02
   1.9045690e-01
   3.0103621e-01
   4.0068805e-01
   4.5909712e-01
   3.8269293e-01
   2.6768559e-01
   1.4930192e-01
   3.8710907e-02
  -1.6316621e-02
   2.3539746e-02
   1.0111578e-01
   1.6621222e-01
   2.4836761e-01
   2.0413327e-01
   1.2891543e-01
   7.7669397e-02
   2.7444588e-02
   6.3713077e-03
   6.8957441e-02
   1.4909753e-01
   2.2497895e-01
   2.5490183e-01
   1.9631207e-01
   1.3536327e-01
   1.0605178e-01
   3.0595858e-02
  -6.0988916e-03
   1.4967853e-02
   8.8811994e-02
   1.7828324e-01
   2.4964553e-01
   2.3790295e-01
   1.2572888e-01
   6.0904186e-02
   1.3032801e-02
   1.0022058e-02
   1.6259776e-01
   3.7892789e-01
   4.1328886e-01
   3.6562386e-01
   2.0835157e-01
   1.0917196e-01
   1.1224591e-01
   1.7836870e-01
   2.3013820e-01
   1.5289389e-01
   8.4700838e-02
   9.6387021e-02
   2.8277913e-01
   4.8408324e-01
   5.0269932e-01
   3.1211203e-01
   1.2584326e-01
   5.8480497e-02
   2.5670970e-02
   3.4972617e-01
   1.1805288e+00
   2.1440711e+00
   2.1875205e+00
   1.3240871e+00
   5.8283228e-01
   1.6023798e-01
   4.1020714e-02
   4.9510401e-02
   3.4836721e-02
   1.0435116e-01
   4.1519570e-01
   6.2334853e-01
   5.5150217e-01
   3.6677372e-01
   1.5710619e-01
   1.8477369e-02
   5.0164148e-02
   5.6737501e-02
   1.3739686e-01
   1.7317013e-01
   2.6108193e-01
   2.6669833e-01
   1.8845347e-01
   7.8133866e-02
   5.3257130e-02
   1.9479100e-02
   1.3312773e-02
   6.0289755e-02
   6.2149849e-02
   1.4457555e-01
   1.3959657e-01
   1.2229376e-01
   8.4204987e-02
   1.3447659e-02
   1.4212443e-02
  -1.9885467e-03
   1.1049093e-02
   5.8076710e-02
   7.1863629e-02
   5.5173524e-02
   7.6178938e-02
   8.0226533e-02
   4.6161551e-02
   1.6540173e-02
   3.9560962e-02
   3.2917630e-02
   3.7396953e-02
   5.6272436e-02
   6.6394001e-02
   1.0262016e-01
   7.8134373e-02
   7.6385289e-02
   5.7411402e-02
   2.1461599e-02
   7.9622036e-03
   2.0614689e-02
   5.8704920e-02
   3.0741924e-02
   3.0058166e-02
   3.0365044e-02
   1.3559475e-02
   5.0939914e-02
   4.6705831e-02
   8.6970955e-02
   1.4807342e-01
   1.3388847e-01
   8.6126640e-02
   6.9038630e-02
   5.8218449e-02
   7.1517095e-02
   6.6297099e-02
   5.4857787e-02
   1.9180998e-02
   5.9638782e-03
   4.0880162e-02
   1.6632926e-01
   2.1658449e-01
   1.2550479e-01
   5.2066937e-02
  -6.0883807e-03
   1.7387463e-02
   8.3227299e-02
   3.6657569e-01
   7.8698623e-01
   8.7617326e-01
   5.3884292e-01
   2.9981676e-01
   1.0417180e-01
   1.5107894e-02
   2.1020465e-02
  -1.0799021e-02
   4.0360525e-02
   1.5027754e-01
   1.8094434e-01
   2.0897537e-01
   1.2995742e-01
   8.1501558e-02
   3.2525994e-02
   1.6411001e-02
   2.5008144e-02
   2.9421205e-02
   6.6219807e-02
   9.3268409e-02
   9.1531046e-02
   8.3123177e-02
   2.8609335e-02
   4.0322848e-02
   6.0075082e-02
   2.8448241e-02
   5.5812739e-02
   3.2490417e-02
   7.3984638e-02
   7.6645233e-02
   6.7083791e-02
   2.6042607e-02
   4.9694538e-02
   4.7895655e-02
   7.5919420e-02
   1.0942181e-01
   7.7829294e-02
   8.4808215e-02
   7.1511053e-02
   5.2781969e-02
   2.2769419e-02
   4.1182484e-02
   5.1397312e-02
   4.6595927e-02
   4.2809304e-02
   8.3801560e-03
   3.2542635e-02
   6.1881661e-02
   7.9206802e-02
   4.8539367e-02
   6.0765445e-02
   4.2848166e-02
   4.5267884e-02
   5.1623534e-02
   5.2649759e-02
   8.1981555e-02
   3.3443850e-02
   1.2393928e-02
   1.3956862e-02
   3.8268209e-02
   3.8778428e-02
   4.5498010e-02
   6.2367637e-02
   7.5482130e-02
   7.0405215e-02
   2.1102522e-02
   2.5317661e-02
   7.0399500e-02
   5.7554524e-02
   6.0100399e-02
   5.9055518e-02
   2.6926972e-02
   3.4486700e-02
   8.7854818e-02
   8.0335736e-02
   6.4324655e-02
   3.6525980e-02
   2.9657619e-02
   5.3323679e-02
   4.8498213e-02
   1.3146475e-01
   2.4119860e-01
   3.1182644e-01
   2.4658671e-01
   1.1179070e-01
   4.5232147e-02
   3.1395383e-02
   2.4650512e-02
   2.5016818e-02
   1.4581668e-02
   4.0094759e-02
   1.0254377e-01
   8.0097720e-02
   2.7014839e-02
   4.5380954e-02
   3.3096261e-02
   5.0021447e-03
   4.8949659e-02
   7.1637459e-02
   2.8040232e-02
   4.9860112e-02
   6.7252316e-02
   6.1937682e-02
   8.9290097e-02
   4.1021854e-02
   2.6452588e-02
   5.0807577e-02
   4.0636249e-02
   1.9884124e-02
   6.4476945e-02
   8.8389896e-02
   4.8855197e-02
   4.6288311e-02
   3.9403532e-02
   2.2203557e-02
   4.2967431e-02
   8.0711819e-02
   7.0853919e-02
   7.0560440e-02
   5.4635841e-02
   7.0164077e-02
   7.1332365e-02
   3.9674405e-02
   6.0088113e-02
   7.0063576e-02
   1.1833992e-02
   3.7784971e-02
   8.9641258e-02
   5.9065860e-02
   8.0337003e-02
   5.5858497e-02
   3.6973752e-02
   4.0341079e-02
   4.4043176e-02
   8.9389369e-02
   1.1428650e-01
   9.7063273e-02
   8.7189965e-02
   2.4333119e-02
   2.3359664e-02
   5.7070360e-02
   1.0569557e-01
   1.2590267e-01
   1.4232904e-01
   6.4773038e-02
   4.3194573e-02
   6.7820251e-03
   2.7791034e-02
   1.0577998e-01
   1.8157783e-01
   8.6092189e-02
   5.6492258e-02
   4.7347378e-02
   8.5533962e-02
   1.3338056e-01
   1.9314647e-01
   1.7277266e-01
   1.1817504e-01
   6.2942058e-02
   6.7706212e-02
   5.2176811e-02
   1.5158169e-01
   2.4910973e-01
   2.5515860e-01
   1.4188819e-01
   5.8855768e-02
   2.3381824e-02
   8.9960508e-03
   1.0872985e-01
   2.4435605e-01
   2.3109703e-01
   1.2196627e-01
   3.1523384e-02
   2.0041116e-02
   3.2843091e-02
   2.4444880e-01
   4.6526873e-01
   4.9897307e-01
   3.2036731e-01
   1.1854541e-01
   4.4267729e-02
   9.3856148e-02
   2.6058313e-01
   3.9414015e-01
   2.9479390e-01
   1.5258057e-01
   7.1214855e-02
   4.5773495e-02
   6.8410814e-02
   2.3556961e-01
   3.6489254e-01
   2.5864562e-01
   1.1841773e-01
   5.5398244e-02
   7.6450884e-02
   1.3330311e-01
   2.1220708e-01
   2.5587592e-01
   2.1473381e-01
   1.2325760e-01
   9.6422821e-02
   1.0050618e-01
   8.6335771e-02
   4.7549322e-02
  -2.2456570e-02
  -5.4786545e-03
   1.8074786e-02
   7.3261008e-02
   1.2773696e-01
   1.4109579e-01
   1.0940859e-01
   6.3843638e-02
   4.6544053e-02
   4.0386830e-02
   3.5294879e-02
   5.1865328e-02
   3.2783058e-02
   3.8623802e-02
   2.4283288e-02
   6.3035958e-02
   8.2223587e-02
   4.7602307e-02
   2.4866937e-02
   3.0578833e-02
   3.9585765e-02
   3.0002704e-02
   3.2609694e-02
   1.0415122e-02
   5.9927568e-02
   1.2735152e-01
   1.0654979e-01
   7.3841892e-02
   3.0925427e-02
   1.9327467e-02
   2.9842509e-03
   3.3193498e-03
   2.8655376e-02
   6.5985404e-02
   5.1337186e-02
   3.4173407e-02
   3.4082279e-02
   5.5676479e-02
   1.0284276e-01
   1.0073964e-01
   8.6878181e-02
   4.3678693e-02
   3.1626042e-02
   2.0187829e-02
   7.8443244e-02
   8.8707432e-02
   6.1895762e-02
   4.3175954e-02
  -6.2305192e-03
  -7.2639139e-04
   4.1961726e-02
   1.1932341e-01
   1.5354674e-01
   1.2841582e-01
   8.6819902e-02
   5.7411622e-02
   5.0602801e-02
   6.2534571e-02
   1.0852591e-01
   1.1211111e-01
   7.7674769e-02
   5.7027638e-02
   2.3168249e-02
   4.0158376e-02
   9.4609126e-02
   1.1780847e-01
   1.3025413e-01
   6.8071127e-02
   4.3765642e-02
   2.4445416e-02
   4.3629117e-02
   1.4697386e-01
   1.4778244e-01
   1.0596685e-01
   7.7891707e-02
   6.7315459e-02
   4.9613070e-02
   3.4460273e-02
   4.6986822e-02
   2.8826334e-02
   1.4922659e-02
   3.6933471e-02
   4.3734159e-02
   8.4467724e-02
   1.0204088e-01
   1.2327591e-01
   6.5614142e-02
   5.3385697e-02
   1.8598543e-02
   5.1069822e-02
   5.8658104e-02
   5.7952851e-02
   6.1508749e-02
   6.0888708e-02
   5.5601113e-02
   4.7085043e-02
   5.8764521e-02
   1.2076788e-01
   1.8737082e-01
   1.3284300e-01
   6.1158918e-02
   4.1584693e-02
   3.8886201e-02
   3.8943063e-02
  -2.4523672e-03
   5.8755274e-03
   8.6492803e-03
   5.7266910e-02
   6.0221251e-02
   3.2061357e-02
   3.8909514e-02
   3.4752790e-02
   3.1560682e-02
   2.4428733e-02
  -5.8258502e-03
   3.4394924e-02
   5.5110373e-02
   5.5867936e-02
   2.1012442e-02
   1.2479998e-02
   5.2125007e-02
   6.5449141e-02
   6.5285534e-02
   7.2023965e-02
   5.4954153e-02
   3.4942016e-02
   3.9183542e-02
   7.5417235e-02
   6.3171700e-02
   8.4921420e-02
   1.0772851e-01
   7.8005843e-02
   6.4101957e-02
   3.3428580e-02
  -1.7623233e-02
   6.8777883e-03
   5.4080993e-02
   7.9059795e-02
   9.6653290e-02
   9.2742532e-02
   4.7863793e-02
   3.6469333e-02
   5.4230515e-02
   6.8541668e-02
   5.6637421e-02
   2.3276679e-02
   2.7325938e-02
   4.0290210e-02
   1.5876753e-02
   6.3895971e-02
   6.9866121e-02
   7.9153225e-02
   4.3932963e-02
   3.3422653e-02
   1.6837873e-02
   4.8375491e-02
   4.2765144e-02
   8.5401470e-03
   2.4071613e-02
   2.3628484e-02
   4.1497402e-02
   4.0227439e-02
   1.6174868e-02
   3.7211999e-02
   6.8361543e-02
   5.2661888e-02
   3.1849571e-02
   3.1550761e-02
   5.4057188e-02
   5.4098569e-02
   4.2789910e-02
   3.0724835e-02
   3.3789929e-02
   2.5198100e-02
   2.3252079e-02
   2.5732906e-03
   2.5092496e-02
   6.4294569e-02
   3.3592705e-02
   3.4411035e-02
   3.9989401e-02
   3.9968591e-02
   3.7601154e-02
   4.2492032e-02
   3.0519186e-02
   4.6418324e-02
   2.5403166e-02
   1.1844550e-02
   1.8334873e-02
   3.5215475e-02
   4.5314804e-02
   5.6431517e-02
   6.0382295e-02
   4.6674877e-02
   3.2093737e-02
   3.4609590e-02
   3.1521093e-02
   5.3210679e-02
   4.7815822e-02
   5.5532847e-02
   4.8254609e-02
   5.7578657e-02
   4.2715326e-02
   6.3658260e-02
   3.5776384e-02
   1.9211479e-02
   2.7299067e-03
   3.7926383e-02
   7.6594442e-02
   6.1089508e-02
   4.9354985e-02
   2.8118553e-02
   7.8315969e-04
   3.3171182e-03
   2.7664449e-02
   5.2423466e-02
   8.2141995e-02
   5.4601520e-02
   4.2464659e-02
   4.0155031e-02
   4.0594742e-02
   3.9617039e-02
   4.9731072e-02
   5.0913021e-02
   2.2087947e-02
   3.1186121e-02
   3.7302416e-02
   5.4973640e-02
   6.5633781e-02
   2.5227297e-02
   4.3152496e-02
   2.9683746e-02
   4.2176776e-02
   4.0451929e-02
   4.7397465e-02
   4.2514961e-02
   2.1741202e-02
   2.8209517e-02
   1.8540442e-02
   1.4927593e-02
   6.1118074e-02
   4.7093093e-02
   5.1600087e-02
   1.7120218e-02
   1.3395207e-02
   4.0472146e-02
   4.1289937e-02
   1.6714578e-02
   1.5425893e-02
   2.2258036e-02
   1.0026801e-02
   8.6446945e-03
   3.9806820e-02
   5.2689064e-02
   4.8068337e-02
   4.4589307e-02
   5.8384791e-02
   3.4148045e-02
   2.1798123e-02
   3.2254610e-02
   2.3157079e-02
   7.2013559e-03
   1.3549448e-02
   1.2721696e-02
   2.0301383e-02
   2.6703587e-02
   5.2316915e-02
   4.2614046e-02
   4.7915760e-02
   4.6918768e-02
   3.5215467e-02
   3.0894112e-02
   5.1040113e-02
   5.5722997e-02
   5.7244100e-02
   5.8721002e-02
   1.8838421e-02
   5.0763626e-02
   5.7871375e-02
   3.8101461e-02
   3.2889903e-02
   3.4018125e-02
   5.0204083e-02
   4.8055820e-02
   5.2833010e-02
   4.2832375e-02
   4.1557040e-02
   1.5361256e-02
   3.2352116e-02
   3.6397174e-02
   5.0192665e-02
   5.3017240e-02
   2.8875018e-02
   3.1478453e-02
   1.9201383e-02
   3.2263868e-02
   3.1723354e-02
   3.3174932e-02
   2.6316889e-02
   1.3718571e-02
   1.1220995e-02
   2.9245416e-02
   3.1615563e-02
   5.2364942e-02
   3.5157468e-02
   4.3033499e-02
   3.7221059e-02
   3.2808147e-02
   2.5623750e-02
   2.4887884e-02
   2.6621228e-02
   4.9420394e-02
   4.5442555e-02
   6.2899694e-02
   4.5364201e-02
   5.4523993e-02
   3.6194175e-02
   2.2280393e-02
   2.5397645e-02
   3.1023592e-02
   1.4283380e-02
   2.4869975e-02
   2.6589451e-02
   2.8226061e-02
   3.6560941e-02
  -7.3697590e-03
   2.4985062e-02
   2.3847133e-02
   2.3442116e-02
   3.4947980e-02
   3.2299563e-02
   4.0144205e-02
   4.0437609e-02
   2.3052512e-02
   2.4622384e-02
   5.1900954e-03
   2.3422604e-02
   2.1881590e-02
   2.1510903e-02
   8.4799714e-03
   1.0245919e-02
   2.7083544e-02
   2.9997511e-02
   2.1566663e-02
   3.1786803e-02
   2.4811059e-02
   1.7099183e-02
   5.0927091e-02
   5.1767509e-02
   2.4750108e-02
   1.5108014e-02
   1.9195944e-02
   2.0696733e-02
   3.0191109e-02
   3.6540963e-02
   3.2419711e-02
   2.8763412e-02
   2.4207732e-02
   3.0149626e-02
   2.4164623e-02
   2.7185239e-02
   1.8611591e-02
   3.4505013e-02
   3.6955256e-02
   6.3690871e-02
   3.3815015e-02
   3.0211126e-02
   2.6364898e-02
   2.7915942e-02
   2.6181916e-02
   2.9045321e-02
   2.2454457e-02
   3.9117087e-02
   3.3884682e-02
   1.8392881e-02
   1.2365214e-02
   9.9896388e-03
   4.6074525e-02
   3.9981179e-02
   2.5292348e-02
   4.3743562e-02
   4.9365208e-02
   3.8778171e-02
   1.9625109e-02
   1.1358459e-02
   2.0339878e-02
   3.0378494e-02
   2.7490105e-02
   1.4368226e-02
   1.7455624e-03
   3.5777919e-02
   4.3864835e-02
   3.9351784e-02
   2.9947182e-02
   2.4855306e-02
   8.4130084e-03
   2.2719957e-02
   3.8702141e-02
   2.9582693e-03
   1.8560251e-02
   1.9415872e-02
   2.3577359e-02
   4.0371254e-02
   3.3058845e-02
   2.8721245e-02
   3.0413112e-02
   1.3084133e-02
   3.0323101e-02
   2.6136050e-02
   2.4706939e-02
   3.6307562e-02
   3.4606334e-02
   1.6823631e-02
   1.5902011e-02
   2.7054084e-02
   5.2335393e-03
   3.7251052e-02
   2.5278606e-02
   3.0046411e-02
   2.0788200e-02
   1.7430350e-02
   1.8899892e-02
   1.8889299e-02
   2.0996131e-02
   1.6779304e-02
   2.6729718e-02
   8.5008256e-03
   2.0265251e-02
   3.3010084e-02
   2.7172707e-02
   5.0870506e-03
   2.1247366e-02
   1.6663190e-02
   1.6744765e-02
   1.9650696e-02
   1.3871078e-02
   1.5920842e-02
   2.2210859e-02
   2.9578052e-02
   1.7062454e-02
   2.1290343e-02
   3.1985752e-02
   7.1589393e-03
   1.7069317e-02
   2.5151532e-02
   4.7109108e-02
   6.5342858e-02
   2.4176901e-02
   2.5532244e-02
   3.1238042e-02
   3.6736108e-02
   3.4819420e-02
   3.9776929e-02
   3.7792336e-02
   1.6668366e-02
   1.8476106e-02
   2.1735735e-02
   2.4088126e-02
   2.3773802e-02
   1.6583284e-02
   1.7821366e-02
   4.2793635e-02
   4.3249022e-02
   4.5791656e-02
   4.7048047e-02
   2.4512509e-02
   2.5957488e-03
   1.7979436e-02
   3.4226663e-02
   2.6369367e-02
   2.9833592e-02
   5.5365946e-02
   3.6080208e-02
   3.6733106e-02
   4.1899133e-02
   2.3508815e-02
  -1.4076655e-03
   3.8466133e-02
   6.3758448e-02
   2.5456486e-02
   5.3674467e-02
   3.9745916e-02
   4.6974320e-02
   4.8025616e-02
   4.3405864e-02
   4.5005634e-02
   3.9849561e-02
   2.6975982e-02
   3.2548025e-02
   3.1718154e-02
   1.6253047e-02
   1.6802862e-02
   3.3887453e-02
   2.1873364e-02
   2.1708146e-02
   3.0295370e-02
   4.9779739e-02
   4.0664379e-02
   6.5923236e-02
   7.2527058e-02
   5.6766778e-02
   6.2242091e-02
   4.6215549e-02
   4.2640239e-02
   4.4476897e-02
   2.7673144e-02
   4.5364827e-02
   1.2575386e-01
   1.5389304e-01
   1.0614749e-01
   1.6400281e-02
  -1.5777512e-02
   4.0267415e-02
   1.8846464e-01
   3.9769772e-01
   3.7944329e-01
   2.1670966e-01
   1.0997491e-01
   5.2189697e-02
   9.4969630e-02
   2.0707275e-01
   3.0408549e-01
   2.5465104e-01
   2.3047903e-01
   1.7106850e-01
   1.4520817e-01
   1.0353633e-01
   4.5997329e-02
   4.5400508e-02
   7.0303164e-02
   1.0890147e-01
   1.4024343e-01
   1.1900749e-01
   9.9779777e-02
   8.4972396e-02
   5.2104838e-02
   1.7435588e-02
   2.5279628e-02
   4.9376566e-02
   6.8786055e-02
   7.2313480e-02
   4.5149963e-02
   3.9152194e-02
   3.4703117e-02
   3.5150561e-02
   4.8503730e-02
   4.9158156e-02
   3.8892612e-02
   2.6459748e-02
   1.6264269e-02
   2.8038308e-02
   1.4118824e-02
   3.5164300e-02
   1.8636964e-02
   2.8800040e-02
   4.7360450e-02
   5.0797720e-02
   4.4732068e-02
   5.9180893e-02
   3.5171248e-02
   1.6341964e-02
   3.7144382e-02
   4.3732777e-02
   5.0826631e-02
   4.2676099e-02
   3.5198826e-02
   2.3190968e-02
   3.2953632e-03
   1.5549256e-02
   3.7769899e-02
   2.8974222e-02
   3.1942334e-02
   3.0628081e-02
   3.9265726e-02
   3.3292506e-02
   8.7532243e-03
   2.0798435e-02
   3.8304389e-02
   2.3079444e-02
   2.4603102e-02
   2.6645791e-02
   3.1446565e-02
   3.9068468e-02
   2.5949456e-02
   2.7827503e-02
   6.9904798e-03
   3.1304732e-03
   6.4254306e-02
   7.5956427e-02
   8.0041423e-02
   6.9979250e-02
   4.6589743e-02
   2.7735357e-04
   2.6712466e-03
   2.3292294e-02
   3.4064505e-02
   2.4471696e-02
   4.2603642e-02
   3.7731543e-02
   5.1176671e-02
   4.8485618e-02
   2.3881698e-02
   1.8229119e-02
   1.2912518e-02
   2.2496374e-02
   5.0636102e-02
   4.7325820e-02
   3.3621117e-02
   1.5324706e-02
   1.0809558e-02
   2.8820436e-02
   2.7801981e-02
   4.8055943e-02
   2.2382319e-02
   2.1990627e-02
   3.1508941e-02
   1.8129867e-02
   2.9434195e-02
   4.9643572e-02
   2.3637425e-02
   2.4180278e-02
   3.1066982e-02
   1.9406267e-02
   1.0833586e-02
   1.5290350e-02
   1.7752493e-02
   2.3401286e-02
   4.2769879e-02
   4.9120631e-02
   3.9280616e-02
   3.8234971e-02
   3.2325577e-02
   1.6143432e-02
   3.5445862e-02
   3.6443073e-02
   2.9536679e-02
   4.3365691e-02
   2.6900977e-02
   1.9171912e-02
   3.2141194e-02
   1.5613630e-02
   3.5428897e-02
   2.4858220e-02
   1.0333104e-02
   2.7955826e-02
   3.4384165e-02
   3.9837707e-02
   2.9177152e-02
   3.0872844e-02
   2.5057008e-02
   2.1830138e-02
   1.9788384e-02
   2.7958712e-02
  -5.7711275e-03
   6.6918284e-03
   1.1789494e-02
  -1.4805407e-03
   1.4701067e-02
   2.4750056e-02
   3.1661645e-02
   2.3530301e-02
   3.8850427e-02
   3.0965617e-02
   4.0497724e-02
   3.5123397e-02
   4.4605039e-02
   3.9788473e-02
   2.8755905e-02
   2.5017228e-02
   3.2512184e-02
   4.7465306e-02
   4.2211663e-02
   2.8262425e-02
   9.4023260e-04
   1.1062200e-02
   1.6470129e-02
   2.8978586e-02
   4.2134538e-02
   4.0394209e-02
   4.0102787e-02
   2.8722066e-02
   1.1470393e-02
   2.8520806e-02
   3.6004450e-02
   3.0540358e-02
   2.8676197e-02
   2.8325165e-02
   4.1768044e-02
   4.5384377e-02
   2.3853639e-02
   3.9573234e-02
   2.0281514e-02
   3.8645614e-03
   9.3468055e-03
   3.2841872e-02
   3.4762111e-02
   2.5529064e-02
   2.1016093e-02
   1.9496864e-02
   2.8597319e-02
   1.1883197e-02
   3.2644447e-02
   2.5132356e-02
   2.2376180e-02
   1.5538598e-02
   1.3404212e-02
   3.8805339e-02
   2.4270874e-02
  -8.6125936e-03
   2.5578164e-03
   2.0582890e-02
   3.4793749e-02
   4.2061206e-02
   3.8789287e-02
   2.3746166e-02
   2.7218698e-02
   3.8969755e-02
   2.3462096e-02
   4.1252133e-02
   3.8061645e-02
   1.9349869e-02
   1.5898708e-02
   3.7204888e-02
   5.4213185e-02
   4.1064199e-02
   2.7716119e-02
   1.8295525e-02
   1.2461541e-02
   1.5300383e-02
   2.8484531e-02
   1.9180579e-02
   9.0039475e-03
   2.5273137e-02
   2.1398628e-02
   2.8996712e-02
   4.0205952e-02
   4.1372880e-02
   3.4445930e-02
   2.1123132e-02
   2.4036283e-02
   2.8650481e-02
   4.2378005e-02
   2.5748486e-02
   2.2002280e-02
   1.4570788e-02
   1.8189676e-02
   1.9395227e-02
   1.7832177e-02
   2.3490962e-02
   2.9743198e-02
   2.9258648e-02
   2.2934403e-02
   2.9689765e-02
   1.1634849e-02
   2.2630999e-02
   3.3932760e-02
   2.4981575e-02
   2.3462208e-02
   2.6728969e-02
   2.3258165e-02
   2.2943750e-02
   3.8500410e-02
   2.6836609e-02
   4.3361992e-02
   3.4701865e-02
   3.3821285e-02
   2.4049984e-02
   2.7124528e-02
   4.1636508e-02
   5.1916439e-02
   4.0361892e-02
   3.7323218e-02
   2.8467769e-02
   1.4572885e-02
   2.6898032e-02
   3.9289109e-02
   1.5189914e-02
   2.9660925e-02
   3.4632642e-02
   2.6496941e-02
   3.1714533e-02
   5.3385857e-02
   4.1692358e-02
   4.5420676e-02
   3.5260636e-02
   2.1534896e-02
   1.9513937e-02
   2.6784189e-02
   2.3669325e-02
   1.2476769e-02
   2.0898795e-02
   1.5218740e-02
   3.0771626e-02
   2.5524184e-02
   2.9408524e-02
   3.1702373e-02
   1.6918348e-02
   5.2277925e-03
   9.3235606e-03
   3.2006957e-02
