   5.6293491e-02
   7.1280681e-02
   6.0696237e-02
   2.5111612e-02
   6.2474951e-02
   7.6693073e-02
   6.6114269e-02
   3.9741870e-02
   4.4219196e-02
   3.7949916e-02
   2.0959763e-02
   2.8526347e-02
   4.5284949e-02
   3.1918675e-02
   2.6115617e-02
   3.8074117e-02
   1.1236371e-02
   2.7209977e-02
   4.4639312e-02
   7.7610992e-02
   4.4709865e-02
   5.2867964e-02
   4.2302314e-02
   3.6284428e-02
   5.9079304e-02
   7.1878836e-02
   2.5121523e-02
   5.4319553e-02
   4.5124330e-02
   2.6525181e-02
   5.7017770e-02
   3.5844341e-02
   4.6886053e-02
   4.7391776e-02
   4.8423171e-02
   5.2108109e-02
   6.8357229e-02
   3.9892614e-02
   4.5398261e-02
   6.3514598e-02
   6.2198400e-02
   6.6465825e-02
   5.3829212e-02
   1.8618872e-02
   2.8847296e-02
   2.6861496e-02
   4.1854952e-02
   5.5088539e-02
   1.1759671e-02
   3.8168125e-02
   2.9782420e-02
   3.8865060e-02
   3.5061121e-02
   4.9341440e-02
   2.6321156e-02
   2.6480082e-02
   4.7015809e-02
   4.0018175e-02
   2.7642356e-02
   4.4626709e-02
   2.3493584e-02
   1.8639199e-02
   3.4071136e-02
   6.8561174e-02
   3.4230620e-02
   5.1549096e-02
   2.7881149e-02
   5.3872339e-02
   7.1833663e-02
   6.9140717e-02
   4.4920709e-02
   4.2456839e-02
   4.2162165e-02
   5.4120909e-02
   5.1424902e-02
   2.0913567e-02
   4.5324259e-02
   4.9502142e-02
   8.0766506e-02
   4.5632165e-02
   2.9901350e-02
   5.6766924e-02
   4.9077976e-02
   3.5960194e-02
   4.9992096e-02
   5.8525585e-02
   6.6367321e-02
   9.8302372e-02
   5.1503204e-02
   2.9989507e-02
   1.2882721e-03
   1.4633784e-02
   2.8311724e-02
   4.4809483e-02
   4.0980190e-02
   1.6869457e-02
   4.5139357e-02
   6.0251396e-02
   2.8755635e-02
   3.2892913e-02
   6.4030267e-02
   7.9373039e-02
   6.6760153e-02
   3.5951369e-02
   3.8167525e-02
   2.9302813e-02
   5.1812164e-02
   6.7004599e-02
   1.0974343e-01
   8.0822803e-02
   5.7179552e-02
   5.4182440e-02
   4.6791878e-02
   1.7718546e-01
   2.3819478e-01
   1.6245118e-01
   9.2414118e-02
   5.9222735e-02
   7.4144602e-02
   3.8681220e-02
   5.1677763e-02
   7.2632194e-02
   2.9064080e-02
   4.6619527e-02
   3.3412009e-02
   4.7714423e-02
   5.8788389e-02
   5.6102730e-02
   9.0075806e-02
   9.2359930e-02
   6.7739442e-02
   8.1165403e-02
   6.8319142e-02
   3.5995044e-02
   2.9100295e-02
   1.0191155e-02
   2.8690675e-02
   5.8557365e-02
   5.6639835e-02
   3.7719157e-02
   1.0343557e-02
   1.9987116e-02
   2.4402568e-02
   3.8914386e-02
   2.1128418e-02
   3.9893322e-02
   2.3814982e-02
   5.4702897e-02
   6.7388318e-02
   4.1132458e-02
   1.9108500e-02
   6.6443168e-02
   3.8547095e-02
   4.7001872e-02
   4.4482298e-02
   8.4923767e-02
   5.8932114e-02
   5.0869633e-02
   3.0961277e-02
   5.8572851e-02
   4.9986053e-02
   3.8187701e-02
   7.0248343e-02
   6.1481740e-02
   2.7110117e-02
   5.2962914e-02
   7.4463449e-02
   6.0018931e-02
   5.5408157e-02
   4.3842670e-02
   3.3816747e-02
   3.5320211e-02
   8.5849702e-02
   8.8309959e-02
   6.2221255e-02
   3.9457299e-02
   5.3200185e-02
   6.6100150e-02
   4.5503899e-02
   5.0427042e-02
   3.0532435e-02
   5.8100831e-02
   7.0200093e-02
   7.9889208e-02
   7.4870735e-02
   4.9153540e-02
   1.5685111e-02
   6.2017687e-02
   6.8657443e-02
   5.0597288e-02
   7.1816526e-02
   5.3725824e-02
   4.4863079e-02
   5.3555742e-02
   4.8677184e-02
   4.5477256e-02
   3.6696501e-02
   2.9443150e-02
   2.1239975e-02
   4.5192163e-02
   5.7515293e-02
   4.1995984e-02
   2.4601372e-02
  -5.4685799e-03
  -3.1387180e-03
   2.8525628e-02
   5.7482380e-02
   1.1553417e-02
   3.5396639e-02
   3.1326633e-02
   1.9573763e-02
   2.9097850e-02
   4.6304520e-02
   3.5353452e-02
   2.3137158e-02
   2.5800787e-02
   3.3764761e-02
   4.8809104e-02
   6.3006788e-02
   6.6486776e-02
   3.9702974e-02
   2.7082624e-02
   1.1868362e-02
   1.6312053e-02
   1.4633146e-01
   2.0046549e-01
   1.1628687e-01
   2.8629065e-02
   3.9973237e-02
   9.1532372e-02
   1.0301092e-01
   8.0117591e-02
   5.4392014e-02
   3.4643497e-02
   2.3215467e-02
   7.0778392e-02
   1.0573839e-01
   6.9552876e-02
   4.2527497e-02
   7.9318285e-02
   8.1266835e-02
   2.1155950e-01
   1.6972731e-01
   6.6093944e-02
   3.7198562e-02
   5.4592986e-02
   1.3025442e-01
   8.6371958e-02
   1.1935810e-02
   5.6591872e-02
   4.0720724e-02
   5.3958584e-02
   5.8487948e-02
   5.6781214e-02
   3.7820358e-02
   1.4045245e-02
   1.5638370e-02
   1.6560448e-02
   4.9791336e-02
   5.3005468e-02
   3.1081010e-02
   4.8403740e-02
   3.3956643e-02
   4.2765446e-02
   5.0094549e-02
   8.5612662e-02
   1.1670087e-01
   6.4247869e-02
   5.0205730e-02
   5.1370475e-02
   4.4998903e-02
   5.2587807e-02
   4.1413989e-02
   2.5744030e-02
   2.6375743e-02
   2.1374773e-02
   4.1241437e-02
   3.6849029e-02
   4.4029664e-02
   3.3927590e-02
   7.1362886e-03
   1.7550413e-02
   6.2505089e-02
   5.6281466e-02
   5.6402892e-02
   5.3993579e-02
   6.9678940e-02
   4.5306120e-02
  -9.1040144e-03
   2.8204074e-02
   7.0451416e-02
   6.5874904e-02
   6.4911865e-02
   2.2301335e-02
   2.0621447e-02
   7.2285160e-02
   6.9391645e-02
   7.1432084e-02
   9.0236135e-02
   5.4082438e-02
   6.2631175e-02
   9.4816640e-02
   7.9546832e-02
   6.3851967e-02
   3.6255710e-02
   6.5962933e-02
   5.5525281e-02
   2.0678511e-02
   7.0287041e-02
   1.0648555e-01
   8.2531832e-02
   5.9788667e-02
   1.0735767e-01
   8.4692992e-02
   8.2491681e-02
   2.0714536e-02
   2.9215084e-02
   2.5491981e-02
   2.0549938e-02
   4.6826512e-02
   7.6338127e-02
   5.0920404e-02
   1.8397367e-02
   5.1859260e-02
   4.4629030e-02
   3.0309930e-02
   1.1032248e-02
   3.2081138e-02
   5.3104345e-02
   6.2655233e-02
   6.4805254e-02
   2.5438448e-02
   3.9925802e-02
   5.6409881e-02
   5.5046469e-02
   6.6064231e-02
   4.2936075e-02
   5.9891321e-02
   4.5171656e-02
   6.4646982e-02
   6.3073352e-02
   6.5023847e-02
   6.0833614e-02
   6.8012528e-02
   1.0526355e-01
   9.2825249e-02
   6.0141172e-02
   7.7874884e-02
   2.2485884e-02
   4.1544002e-02
   7.7473558e-02
   3.7793905e-02
   1.1542973e-02
   2.8276423e-02
   4.8011657e-02
   7.3302664e-02
   5.8535278e-02
   5.4830007e-02
   8.6448848e-02
   8.2494810e-02
   6.8898521e-02
   3.9724156e-02
   2.6236899e-02
   5.6165081e-02
   6.7118421e-02
   6.7300148e-02
   5.8777954e-02
   2.4147926e-02
   4.4292390e-02
   6.1044551e-02
   5.2059125e-02
   8.1284836e-02
   7.1321011e-02
   6.5881468e-02
   6.2845752e-02
   4.9826913e-02
   6.7955635e-02
   4.4337850e-02
   3.2470088e-02
   4.5412797e-02
   2.7234308e-02
   5.0006326e-02
   7.4197017e-02
   3.5215396e-02
   2.4145616e-02
   5.8247279e-02
   4.6819244e-02
   7.9240873e-02
   5.0761916e-02
   5.3992048e-02
   5.2330554e-02
   4.0598810e-02
   5.4476034e-02
   3.3245720e-02
   3.9565258e-02
   7.0193537e-02
   4.5554161e-02
   3.1307455e-02
   5.5669677e-02
   6.1503578e-02
   2.5639458e-02
   5.5177040e-02
   6.3185491e-02
   3.1459767e-02
   1.8508146e-02
   4.7760896e-02
   2.0986266e-02
   2.9211892e-02
   2.8113341e-02
   1.2190886e-02
   6.4198792e-02
   5.6455165e-02
   3.8625237e-02
   4.8683833e-02
   7.3078126e-02
   9.7807370e-02
   8.0614902e-02
   4.5992494e-02
   4.4818755e-02
   8.1988566e-02
   5.8533866e-02
   3.8008854e-02
   6.8204336e-02
   7.2244234e-02
   2.4853783e-02
   2.8664412e-02
   1.6142296e-02
   3.2164741e-02
   5.1014546e-02
   5.4701574e-02
   3.4061741e-02
   5.5822954e-02
   7.4210472e-02
   4.5110244e-02
   4.9978044e-02
   5.9119724e-02
   3.2791276e-02
   5.1382184e-02
   8.8073455e-02
   6.0361560e-02
   6.6332698e-02
   6.4428151e-02
   2.1973465e-02
   2.8836871e-02
   2.3935346e-02
   4.7195099e-02
   6.5736294e-02
   5.0060391e-02
   5.2866749e-02
   2.0022100e-02
   1.3056483e-02
   2.9188290e-02
   1.6051231e-02
   4.1967764e-02
   5.8251992e-03
   2.4784811e-02
   3.0206908e-02
   5.7140104e-02
   6.0343459e-02
   3.7523612e-02
   4.5477383e-02
   7.2124153e-02
   4.5891069e-02
   1.8576564e-02
   4.6058122e-02
   5.6535125e-02
   4.2241774e-02
   2.6668044e-02
   4.8214227e-02
   6.9339037e-02
   7.0301943e-02
   6.5840766e-02
   5.0398655e-02
   3.0954558e-02
   7.6714605e-02
   5.8753170e-02
   1.9317519e-02
   3.9531469e-02
   3.7310220e-02
   3.3481795e-02
   2.6658287e-02
   5.3818189e-02
   5.1627669e-02
   4.7426708e-02
   4.9399454e-02
   4.8921332e-02
   5.4839745e-02
   2.9992403e-02
   2.8563356e-02
   3.9520383e-02
   5.6707326e-02
   3.0853447e-02
   4.4857740e-02
   5.6322575e-02
   6.6898882e-02
   5.9130155e-02
   3.9340585e-02
   5.2411187e-02
   5.3666476e-02
   4.7426641e-02
   6.9551967e-02
   5.4155849e-02
   7.2969492e-03
   2.5271591e-02
   5.5703048e-02
   3.2269686e-02
   5.6804080e-02
   6.2039178e-02
   4.1681260e-02
   2.6027171e-02
   5.2124303e-02
   1.1101888e-02
   4.9518097e-02
   4.9199883e-02
   3.8109403e-02
   5.8328506e-02
   6.8443500e-02
   1.4898653e-02
  -2.6957847e-03
   2.2948887e-02
   6.7531788e-03
   2.9001944e-02
   8.2277827e-02
   9.2682950e-02
   7.8822784e-02
   5.7611484e-02
   4.9746972e-02
   3.2649729e-02
   4.6309490e-02
   4.4012211e-02
   4.6288222e-02
   6.8140060e-02
   7.1070604e-02
   6.0243178e-02
   4.6644237e-02
   1.2288218e-03
   4.0004391e-02
   1.0838674e-01
   1.2297834e-01
   1.1801247e-01
   1.0373782e-01
   6.1385773e-02
   6.7787245e-02
   5.9720848e-02
   4.9346898e-02
   6.1536998e-02
   7.3697597e-02
   6.6438980e-02
   4.6795625e-02
   3.3411592e-02
   6.5710239e-02
   6.8969660e-02
   8.9704148e-02
   7.7830136e-02
   2.4434466e-02
   5.8269338e-03
   4.4069208e-02
   3.3393737e-02
   4.0406164e-02
   4.1552924e-02
   6.4284027e-02
   8.7710090e-02
   9.3218468e-02
   8.4463686e-02
   2.6660059e-02
   5.6687970e-02
   6.2630676e-02
   3.7652228e-02
   1.0159091e-01
   1.3984261e-01
   8.9720555e-02
   8.3562769e-02
   6.4570189e-02
   5.2203245e-02
   5.7964612e-02
   7.8947559e-02
   6.2940076e-02
   1.1028378e-02
   4.1545771e-02
   2.1148123e-02
   8.5675754e-03
   1.5306151e-02
   6.3854173e-02
   7.9865895e-02
   5.0322730e-02
   4.4984248e-02
   5.5494834e-02
   4.1466795e-02
   9.2433639e-02
   1.5338680e-01
   6.4005956e-02
   4.7375984e-02
   6.7852825e-02
   2.2201020e-02
   2.1698384e-02
   1.5185501e-01
   4.8092213e-01
   6.6129619e-01
   3.0574271e-01
   1.0945080e-01
   7.3304005e-02
   9.6786100e-01
   3.0940266e+00
   2.9714458e+00
   1.1819066e+00
   3.0142459e-01
   2.8268087e-01
   5.4399467e-01
   6.6456801e-01
   9.3484402e-01
   8.2627803e-01
   4.1259030e-01
   1.3777211e-01
   8.0178477e-02
   1.5539496e-01
   2.5787157e-01
   3.3650675e-01
   3.5022673e-01
   2.0812650e-01
   8.1355132e-02
   8.1311956e-02
   1.2138481e-01
   1.2825847e-01
   1.3985814e-01
   1.3748936e-01
   8.2891032e-02
   4.1646477e-02
   2.5311617e-02
   7.4493259e-02
   7.3038958e-02
   9.6105143e-02
   7.1294978e-02
   3.9033830e-02
   2.7569596e-02
   3.7063416e-02
   4.8827861e-02
   5.7865690e-02
   3.7191093e-02
  -1.6386198e-02
  -1.0622389e-02
   1.4816762e-02
   1.7175503e-02
  -1.9902563e-02
   2.8120482e-02
   4.4706035e-02
   1.0550577e-02
  -4.9435962e-03
   6.2849343e-02
   1.1671302e-01
   1.5944117e-01
   9.7662300e-02
   1.0299816e-01
   2.1383967e-01
   2.7401838e-01
   1.6686851e-01
   9.8633848e-02
   8.0414981e-02
   1.0363542e-01
   1.2879989e-01
   7.4294813e-02
   8.5542105e-02
   1.2766609e-01
   4.1031352e-01
   4.9245566e-01
   2.3975295e-01
   1.1022274e-01
   4.6518125e-02
   1.9184364e-02
   7.1634047e-02
   1.3967538e-01
   1.3939019e-01
   1.0135331e-01
   5.4491743e-02
   4.2937752e-02
   8.1453815e-02
   6.7355730e-02
   6.1598610e-02
   8.6383715e-02
   7.6172084e-02
   5.0942846e-02
   8.2000539e-02
   8.7397136e-02
   9.5718615e-02
   8.2186446e-02
   3.1111734e-02
   1.2440147e-01
   1.0898800e-01
   8.3150484e-02
   8.8689476e-02
   6.8153195e-02
   2.0566687e-02
   3.9935611e-02
   8.9120932e-02
   8.3592556e-02
   1.0707287e-01
   6.4428478e-02
   7.5510830e-02
   1.1948502e-01
   7.6171137e-02
   2.6287038e-02
   3.9374944e-02
   7.9693422e-02
   1.5445130e-01
   1.6617879e-01
   8.3143689e-02
   6.9917306e-02
   1.1676774e-01
   1.4361142e-01
   1.1588252e-01
   7.2784543e-02
   1.3382880e-01
   1.7708808e-01
   1.5702738e-01
   1.2616812e-01
   1.2048120e-01
   1.7418784e-01
   4.2978889e-01
   4.3704194e-01
   2.1701443e-01
   9.3283676e-02
   2.1969004e-01
   6.8819368e-01
   9.8347598e-01
   5.5249858e-01
   1.8914425e-01
   7.0673980e-02
   1.8825448e-01
   2.6923010e-01
   3.1547219e-01
   2.7841020e-01
   1.0942084e-01
   4.8108671e-02
   1.6131001e-02
  -1.0451546e-03
   2.3189172e-02
   7.9281993e-02
   5.3741418e-02
   7.5935639e-02
   6.4335972e-02
  -7.6370351e-03
   3.0792173e-02
   1.1290935e-02
  -1.1826860e-02
  -4.9477885e-03
   4.8101705e-02
   5.7869524e-02
   5.8815509e-02
   3.0807685e-02
   2.6643531e-02
   6.7536915e-03
   4.3559510e-02
   4.2143743e-02
   1.6512128e-02
   7.9962395e-02
   1.3223228e-01
   5.5589940e-02
   5.9116025e-02
   4.4537168e-02
   4.9144879e-02
   6.3696258e-02
   7.7140719e-02
   8.3589345e-02
   7.4781530e-02
   4.2956505e-02
   4.7673255e-02
   5.0926629e-02
   5.6246430e-02
   1.0128891e-01
   6.0624775e-02
   7.7066019e-02
   7.5102165e-02
   8.9219548e-02
   1.2464037e-01
   7.0217222e-02
   8.2461089e-02
   1.1733238e-01
   7.8450888e-02
   7.5863093e-02
   1.5527380e-02
   5.8393862e-02
   2.0761265e-01
   1.7922872e-01
   1.4330490e-01
   1.1313692e-01
   5.6293182e-02
   3.3857979e-02
   3.1917341e-02
   9.6892878e-02
   1.2115464e-01
   9.6368343e-02
   7.6840073e-02
   5.2590322e-02
   9.0442993e-02
   9.2719667e-02
   1.1182323e-01
   5.0182700e-02
   7.6973774e-02
   6.4137436e-02
   7.3407255e-03
   5.9203587e-02
   1.1420150e-01
   1.2951632e-01
   7.8262046e-02
   9.1045588e-02
   4.3793082e-02
   3.9709855e-02
   6.1127976e-02
   5.2689087e-02
   8.1559986e-02
   6.9620341e-02
   1.4671830e-02
   8.8490047e-02
   5.7546545e-02
   6.4497910e-02
   1.1288139e-01
   9.5720910e-02
   4.7739834e-02
   3.8294923e-02
   5.4202557e-02
   7.7082984e-02
   3.9635230e-02
   3.8368427e-03
   5.7499837e-02
   9.0157919e-02
   8.8517435e-02
   2.7744088e-02
   1.0678156e-01
   7.6528236e-02
   7.9083785e-02
   5.3031258e-02
   5.1849298e-02
   7.1380095e-04
   6.2031016e-02
   1.0648398e-01
   9.1300704e-02
  -5.4322099e-03
   4.2288590e-02
   4.6077475e-02
   7.4850447e-02
   1.3344365e-01
   8.4551744e-02
   5.0298661e-02
   2.2212416e-02
   9.0857364e-02
   1.8133602e-01
   1.2764969e-01
   4.4064518e-02
   3.3965290e-02
   6.3710086e-02
   9.6575186e-02
   7.8616463e-02
   8.3614290e-02
   1.3980505e-01
   1.9913705e-01
   1.3561501e-01
   1.0080955e-01
   3.6674920e-02
   1.2374061e-01
   2.9064077e-01
   2.1713473e-01
   1.1071994e-01
   4.2046938e-02
   2.7658910e-01
   7.2780442e-01
   7.8023499e-01
   4.4440010e-01
   1.7784727e-01
   1.3652013e-01
   3.2888159e-01
   3.7961444e-01
   2.2138271e-01
   1.6687191e-01
   1.3405472e-01
   1.3718584e-01
   1.1193237e-01
   1.1573556e-01
   8.9308970e-02
   3.1714801e-02
   2.2997510e-02
   3.5995513e-02
   3.7281185e-02
   8.6319886e-02
   5.3250782e-02
   5.7719242e-02
   7.9973461e-03
   4.5674439e-03
   1.4224980e-02
   3.1690933e-02
   7.1374260e-02
   4.2067204e-02
   3.9940827e-02
   6.3461937e-02
   5.4946061e-02
   8.0264501e-02
   5.4242246e-02
   6.2811539e-02
   6.8091623e-02
   4.1012485e-02
   4.2704627e-02
   2.5390597e-02
  -1.3016428e-02
  -3.4550624e-03
   2.0597152e-02
   1.4641228e-02
   7.2709955e-02
   6.0298763e-02
   7.1273118e-02
   9.1885060e-02
   7.3437393e-02
   5.9744004e-02
   7.0364378e-02
   7.4203759e-02
   8.9066669e-02
   5.6540094e-02
   7.4392110e-02
   1.0461734e-01
   1.1678792e-01
   8.9418717e-02
   5.4358531e-02
   4.6869472e-02
   1.1642828e-01
   1.7454022e-01
   1.0695741e-01
   3.0141784e-02
   6.8665415e-02
   1.2076796e-01
   8.6350508e-02
   7.2959922e-02
   4.4643827e-02
   5.4902978e-02
   6.7587286e-02
   8.6464599e-02
   7.9050370e-02
   7.0505433e-02
   5.2561495e-02
   6.1687939e-02
   3.7932064e-02
   6.2785380e-02
   8.8917710e-02
   1.5309814e-01
   1.5810472e-01
   9.0060532e-02
   8.3375283e-02
   1.8326299e-01
   2.2786309e-01
   1.6875236e-01
   5.0718375e-02
   1.1695868e-01
   1.6531903e-01
   2.2271550e-01
   2.0977062e-01
   1.0737513e-01
   2.3685393e-01
   3.9162385e-01
   3.2459515e-01
   1.2032676e-01
   7.4834645e-02
   4.6112037e-01
   6.4812702e-01
   3.5458666e-01
   1.0719638e-01
   1.3285016e-01
   8.3172590e-01
   1.7230818e+00
   1.1856279e+00
   3.9438468e-01
   1.7671689e-01
   8.3216459e-01
   1.3927565e+00
   1.2040993e+00
   5.6366986e-01
   2.3463330e-01
   3.7603822e-01
   4.3898731e-01
   2.8428912e-01
   9.2960902e-02
   1.0989805e-01
   2.8451487e-01
   2.6097962e-01
   1.5225814e-01
   1.3297659e-01
   1.3606845e-01
   1.2133539e-01
   2.1205628e-02
   2.7739931e-02
   5.3410243e-02
   5.5581007e-02
   2.2648349e-02
  -1.8618153e-02
  -3.0299144e-02
   7.5279484e-03
   1.3417308e-02
   2.9523721e-02
   6.0335644e-02
   5.3177383e-02
   4.8929293e-02
   5.5180408e-02
   8.7128520e-02
   1.0693347e-01
   9.1182865e-02
   7.6132536e-02
   5.6481183e-02
   5.7827812e-02
   7.9096399e-02
   7.7234045e-02
   9.0803392e-02
   1.4552563e-01
   7.1346566e-02
   2.4086397e-02
   6.3858308e-02
   1.1743876e-01
   1.1770974e-01
   7.8276590e-02
   1.6212901e-01
   2.0783955e-01
   1.6001119e-01
   7.3840648e-02
   3.0093860e-02
   1.8113098e-01
   4.5457807e-01
   3.9819160e-01
   1.4507417e-01
   3.8663808e-02
   1.3581409e-01
   2.7368844e-01
   2.1280536e-01
   1.0652238e-01
   7.7286318e-02
   9.5226124e-02
   9.4590582e-02
   1.4598548e-01
   8.3086841e-02
   5.7395149e-02
   1.3330840e-01
   1.4695230e-01
   5.5238545e-02
   5.4235812e-02
   4.4630874e-02
   1.7625028e-02
   2.8904006e-02
   1.9214479e-02
   8.3102621e-02
   1.0555825e-01
   1.0011704e-01
   5.5271827e-02
   4.1095566e-02
   4.1678704e-02
   5.2745063e-02
   3.5138592e-02
   8.4526271e-02
   6.4635321e-02
   5.2517232e-02
   7.2986796e-02
   3.4181003e-02
   2.9819259e-02
   2.3038439e-02
   4.9227387e-02
   4.8852593e-02
   3.2811951e-02
   1.2266731e-02
   1.1676411e-02
   8.9651771e-02
   8.5906714e-02
   9.8745286e-02
   1.0558825e-01
   5.3326994e-02
   1.1797410e-01
   1.8275352e-01
   2.3999807e-01
   2.1470599e-01
   1.8170878e-01
   9.6018679e-02
   4.9795903e-02
   6.2912114e-02
   1.9576763e-01
   2.6666266e-01
   2.3226146e-01
   1.2049445e-01
   6.9657288e-02
   1.3301116e-01
   1.8041171e-01
   1.2962519e-01
   4.3803155e-02
   3.5611417e-02
   6.0510971e-02
   6.3121825e-02
   5.7298407e-02
   4.5501951e-02
   1.0804938e-01
   4.0603444e-02
   2.4425777e-02
   3.0429199e-02
   6.0888022e-02
   8.9988999e-02
   2.9090766e-02
   2.8889719e-02
  -6.4771236e-03
   4.6165373e-02
   7.7737965e-02
   5.3755458e-02
   4.1117333e-02
   4.7574889e-02
   3.8486447e-02
   5.3863991e-02
   6.5856732e-02
   7.8297459e-02
   1.1191940e-01
   1.0423786e-01
   9.4812416e-02
   1.0378636e-01
   9.8464057e-02
   1.1490843e-01
   5.3089287e-02
   4.5941602e-02
   5.1352821e-02
   5.1995367e-02
   6.2563144e-02
   4.6765607e-02
   5.3137116e-02
   5.8869373e-02
   2.7670320e-02
   2.5697295e-02
   3.5505008e-02
   5.5672403e-02
   8.0628604e-02
   1.0402532e-01
   9.8752603e-02
   1.0254744e-01
   9.6440628e-02
   8.1344992e-02
   8.2564272e-02
   8.3628811e-02
   4.5555618e-02
   6.6654667e-02
   6.3121073e-02
   7.5415619e-02
   5.9200790e-02
   2.6173843e-02
   1.9231120e-02
   9.5812075e-02
   1.2965512e-01
   6.9694012e-02
   6.9875427e-02
   6.0789868e-02
   9.3414202e-02
   9.0940706e-02
   7.1110003e-02
   7.0273973e-02
   3.3121478e-02
   6.3627698e-02
   3.4314632e-02
   4.9023543e-02
   3.4069825e-02
   1.1297553e-01
   9.5337465e-02
   7.6472424e-02
   5.2660551e-02
   2.5067717e-02
   4.6801887e-02
   6.2228695e-02
   8.3204910e-02
   6.3479029e-02
   8.7853186e-02
   4.2465091e-02
   2.6192162e-02
   7.6415683e-03
   2.8338617e-02
   6.7994282e-02
   3.3673618e-02
   2.3794530e-02
   5.0903440e-02
   2.4992678e-02
   2.1980710e-02
   1.8392440e-02
   3.4796670e-02
   6.0867678e-02
   7.9327591e-02
   5.3678758e-02
   4.0209409e-02
   6.6921331e-02
   3.5144370e-02
   3.7601318e-02
   5.9179205e-02
   2.8211517e-02
   5.7536356e-02
   5.9430376e-02
   5.7606436e-02
   5.5149686e-02
   7.1669579e-02
   9.3851477e-02
   8.9205824e-02
   9.9697083e-02
   3.3971135e-02
   7.2994389e-02
   6.6270210e-02
   6.4050540e-02
   6.0177457e-02
   4.5832451e-02
   2.6976759e-02
   4.4382885e-02
   2.5916612e-02
   2.0461123e-02
   2.4162408e-02
   5.1251817e-02
   3.1040663e-02
   4.2397209e-02
   3.3236284e-02
   5.4503106e-02
   4.1853320e-02
   4.1516162e-02
   6.9996327e-02
   9.6679166e-02
   7.3986381e-02
   5.8459528e-02
   1.2560156e-01
   1.6181773e-01
   8.9385219e-02
   4.6658102e-02
   4.9118154e-02
   4.7587909e-02
   6.9371209e-02
   1.7273176e-02
   2.1481400e-02
   4.6313118e-02
   1.1540018e-02
   1.2015171e-02
   6.8892486e-02
   5.4857511e-02
   4.7507513e-02
   3.1546999e-02
   5.4523077e-02
   2.4741797e-02
   3.7198473e-02
   6.0405213e-02
   8.2113042e-02
   4.8707824e-02
   2.7312355e-02
   3.8345721e-02
   5.8031462e-02
   5.8605067e-02
   5.6491721e-02
   1.3781145e-02
   5.3435430e-02
   7.3590398e-02
   2.3099374e-02
   1.8345585e-02
   5.5091638e-02
   5.4246288e-02
   4.5384817e-02
   5.1014043e-02
   1.6745063e-02
   4.6599824e-02
   4.9588259e-02
   6.2807500e-02
   7.2593339e-02
   5.6485724e-02
   2.9955575e-02
   4.4565927e-03
   2.7383344e-02
   4.1885264e-02
   4.0959477e-02
   4.9447760e-02
   6.1970536e-02
   5.4890506e-02
   4.6422426e-02
   5.0032038e-02
   7.9339094e-02
   6.3571535e-02
   2.1856530e-02
   3.8431831e-02
   4.2266928e-02
   3.2631952e-02
   4.6215240e-02
   3.7875999e-02
   4.3323901e-02
   2.7683334e-02
   5.9035514e-02
   6.2625304e-02
   2.0265345e-02
   4.3287367e-02
   3.7413530e-02
   3.0459438e-02
   5.9306104e-02
   7.4702881e-02
   5.6240525e-02
   2.0558732e-02
   5.0267562e-02
   6.0341910e-02
   3.3073332e-02
   4.5154918e-02
   4.5678463e-02
   8.9604724e-03
   3.2897361e-02
   3.1704206e-02
   1.6938658e-02
   5.6425925e-02
   5.9763808e-02
   6.5187834e-02
   3.5712656e-02
   3.3273757e-02
   4.7644928e-02
   2.9393652e-02
   5.9350606e-02
   4.4378117e-02
   6.8635188e-02
   8.3757564e-02
   5.9560012e-02
   8.2303867e-02
   2.8946057e-02
   2.7716789e-02
   6.1460178e-02
   5.0886914e-02
   4.6919987e-02
   6.2410820e-02
   3.9572913e-02
   1.7379127e-02
   4.3946594e-02
   5.5046406e-02
   4.0731251e-02
   2.9397270e-02
   4.1794203e-02
   7.1489580e-02
   4.4099633e-02
   2.0812714e-02
   2.1115543e-02
   2.8445803e-02
   4.1013487e-02
   7.3755734e-02
   6.4302728e-02
   3.6139712e-02
   3.1571202e-02
   2.8690882e-02
  -6.5293550e-03
   2.2241715e-03
   5.0454400e-02
   5.1724859e-02
   4.0802293e-02
   2.4599401e-02
   4.1845139e-02
   5.8819931e-02
   1.1075929e-01
   9.3476586e-02
   3.4768682e-02
   2.4611874e-02
   2.9423503e-02
   1.6442171e-01
   4.0332103e-01
   4.1564769e-01
   1.7980795e-01
   6.3029446e-02
   1.5551506e-01
   2.2229610e-01
   1.9035961e-01
   1.4202738e-01
   4.5681249e-02
   3.3833805e-02
   3.5082169e-02
   7.2171681e-02
   6.0230054e-02
   6.2371317e-02
   7.6735757e-02
   7.9485007e-02
   9.0967290e-02
   7.4573442e-02
   7.3869005e-02
   4.9533054e-02
   4.2609293e-02
   2.2176351e-02
   1.7721921e-02
   3.5136253e-02
   4.7113147e-02
   2.4862496e-02
   1.7188009e-02
   4.1029725e-02
   2.9877255e-02
   4.2480834e-02
   2.2912653e-02
   4.1464992e-02
   5.3649947e-02
   6.5545514e-02
   3.1946033e-02
   1.3617933e-02
   2.9013621e-02
   1.2427965e-02
   1.0572889e-02
   4.1503854e-02
   6.2241469e-02
   4.8284311e-02
   6.0901362e-02
   7.4956603e-02
   2.5846120e-02
   8.6495513e-03
   3.8957443e-02
   4.7564138e-02
   3.8494311e-02
   3.8023360e-02
   3.6901765e-02
   6.2145084e-02
   5.1733278e-02
   5.5542577e-02
   3.4064610e-02
   1.3014434e-02
   6.3484162e-02
   6.2445395e-02
   3.9026011e-02
   6.8857871e-02
   7.1674675e-02
   3.2222562e-02
   4.4206966e-02
   2.3290103e-02
   4.1717175e-02
   4.7591303e-02
   1.9378565e-02
   3.6215257e-02
   2.4108721e-02
   4.0622193e-02
   5.2876085e-02
   2.9498620e-02
   3.4404568e-02
   2.8625386e-02
   1.0865171e-02
   9.6653719e-03
   4.9215730e-02
   4.5005154e-02
   3.4170527e-02
   2.8807566e-02
   3.0490337e-02
   1.4559540e-02
   4.1365676e-02
   2.9952381e-02
   6.1817307e-02
   5.3749982e-02
   4.7323126e-02
   2.4950655e-02
   1.3728500e-02
   1.4286792e-02
   1.8639144e-02
   3.3445697e-02
   6.7077458e-02
   6.7897141e-02
   6.9928214e-02
   7.1586154e-02
   4.6739750e-02
   3.3816628e-02
   3.4852650e-02
   3.6389831e-02
   5.4687984e-02
   3.7410159e-02
   2.3187952e-02
   4.5308657e-02
   7.6189354e-02
   5.1428244e-02
   2.4533119e-02
   2.1323523e-02
   6.1373290e-02
   6.9134586e-02
   3.4459248e-02
   3.3129994e-02
   3.2423962e-02
   5.1683087e-02
   2.9112810e-02
   2.0440895e-02
   2.2724139e-02
   2.1685895e-02
   2.8971436e-02
   3.9091665e-02
   4.1417118e-02
   7.6048143e-02
   5.6100577e-02
   3.0841954e-02
   2.1068627e-02
   3.2138053e-02
   4.1021489e-02
   4.0455110e-02
   3.7281394e-02
   4.2431016e-02
   6.8666637e-02
   3.2764081e-02
   1.7151088e-02
   3.2110736e-02
   4.1213602e-02
   4.6316933e-02
   5.8165174e-02
   2.4618128e-02
   7.1849808e-02
   8.0191433e-02
   3.9184026e-02
   2.9414674e-02
   2.1481197e-02
   4.3243166e-02
   5.7265650e-02
   6.1138473e-02
   7.0605479e-02
   4.0072329e-02
   4.2565793e-02
   6.2353160e-02
   4.8520878e-02
   6.2407970e-02
   3.2861967e-02
   4.7126781e-02
   3.3984248e-02
   5.1918976e-02
   4.3894589e-02
   5.3514298e-02
   2.1226719e-02
   3.1593088e-02
   4.0898718e-02
   5.3865615e-02
   5.8380064e-02
   2.6464427e-02
   3.4612752e-02
   4.1950393e-02
   5.6176487e-02
   5.9739929e-02
   7.2349057e-02
   3.3306114e-02
   4.0526185e-02
   1.2640072e-02
   4.9397480e-02
   3.0423988e-02
   2.5131697e-02
   2.2820575e-02
   1.5680829e-02
   2.2969069e-02
   3.9930698e-02
   4.6833415e-02
   3.5883978e-02
   4.2523112e-02
   3.8103078e-02
   2.5795706e-02
   2.8488914e-02
   4.1096412e-02
   1.9960450e-02
   2.7296552e-02
   4.4247124e-02
   4.6701632e-02
   4.6191443e-02
   4.7719024e-02
   4.9443632e-02
   3.8064282e-02
   6.9980279e-02
   3.2847758e-02
   5.9417460e-02
   6.0134683e-02
   5.7881180e-02
   9.4829485e-02
   7.9281360e-02
   8.2121521e-02
   5.0833873e-02
   3.5995502e-02
   2.0751100e-02
   4.0079579e-02
   5.9199415e-02
   5.2143667e-02
   4.4919115e-02
   1.5281635e-02
   3.5089828e-02
   4.3196671e-02
   2.4044463e-02
   1.3062781e-02
   5.0373375e-02
   4.5727827e-02
   5.4884009e-02
   8.9628577e-02
   4.7959697e-02
   1.1468167e-02
   3.2428429e-02
   5.9744615e-02
   3.5858899e-02
   5.1068939e-02
   3.1103069e-02
   2.3864187e-02
   4.1566648e-02
   2.9485235e-02
   5.3872097e-02
   5.8528993e-02
   2.2368087e-02
   3.5248242e-02
   6.3698687e-02
   2.2616353e-02
   5.1012300e-02
   6.5718770e-02
   6.8377644e-02
   2.9350534e-02
   5.8779042e-02
   4.4140801e-02
   2.2680094e-02
   6.3894480e-02
   6.3966595e-02
   5.3112324e-02
   5.3762298e-02
   3.0566711e-02
   4.5095883e-02
   7.5588778e-02
   1.0432950e-02
   6.2039878e-02
   5.0883982e-02
   6.3991979e-02
   5.5268873e-02
   3.0204520e-02
   4.9404204e-02
   5.5306502e-02
   3.7845343e-02
  -1.5709186e-02
   2.5687939e-02
   4.5212172e-02
   4.4384286e-02
   6.5811612e-02
   4.4754405e-02
   8.7304100e-02
   7.2582603e-02
   5.7012189e-02
   4.2826790e-02
   3.4020755e-02
   2.3803426e-02
   5.9886739e-02
   6.1241847e-02
   4.4856638e-02
   6.0785677e-02
   4.4444393e-02
   5.7653394e-02
   8.1747986e-02
   4.6783846e-02
   3.0742299e-02
   4.0033717e-02
   3.2942042e-02
   3.8692504e-02
   1.4822992e-02
   2.8758861e-02
   6.3573129e-02
   4.1329596e-02
   2.9142408e-02
   4.5604665e-02
   5.6091763e-02
   5.4176498e-02
   4.9545981e-02
   3.3576202e-02
   2.1935169e-02
   3.6879621e-02
   2.2640716e-02
   6.8119438e-03
   4.2235819e-03
   3.9102610e-02
   7.0047781e-02
   3.1914249e-02
  -6.3581346e-04
   2.5260702e-02
   5.4612566e-02
   4.1311573e-02
   5.1151976e-02
   3.7239384e-02
   5.4457888e-02
   2.5497077e-02
   4.2016312e-02
   2.4248358e-02
   2.5147641e-02
   2.4387361e-02
   1.8755035e-02
   2.4457535e-02
   1.6501606e-02
   3.8179599e-02
   4.5950152e-02
   3.4405652e-02
   9.0086954e-03
   3.5708661e-03
   2.1011526e-02
   3.0827338e-02
   2.4804408e-02
   3.0500349e-02
   2.3274299e-02
   4.6112679e-02
   2.3690339e-02
   1.5367518e-02
   2.7980879e-02
   3.6463834e-02
   3.4701694e-02
   4.6001066e-02
   4.6501838e-02
   3.2102194e-02
   3.8218319e-02
   4.0620573e-02
   2.8138256e-02
   5.1508393e-02
   2.9871386e-02
   2.1565313e-02
   4.4796843e-02
   5.4802820e-02
   1.6150489e-02
   3.2000177e-02
   6.6067673e-02
   3.9015844e-02
   2.3023143e-02
   3.3742074e-02
   2.6638810e-02
   5.5348366e-03
   1.9024776e-02
   3.8238090e-02
   5.7124600e-02
   6.1272752e-02
   5.7452321e-02
   4.3118451e-02
   4.7758028e-02
   2.3979226e-02
   3.3887375e-02
   1.8937392e-02
   2.5502428e-02
   3.7705462e-02
   8.9590810e-02
   8.2025439e-02
   9.4227098e-02
   4.7037795e-02
   4.6632145e-02
   6.1899759e-02
   5.5364259e-02
   5.2866194e-02
   3.5901334e-02
   6.6351565e-04
   2.2652976e-02
   4.9062271e-02
   4.7021050e-02
   4.8806172e-02
   6.4400695e-02
   2.3464685e-02
   7.9058995e-03
   2.6679471e-02
   2.0295667e-02
   2.4865588e-02
   4.2552743e-02
   1.7673135e-02
   1.4816560e-02
   2.6776737e-02
   2.9799664e-02
   5.1065292e-02
   7.2845623e-02
   6.6881083e-02
   5.6482416e-02
   4.1465744e-02
   6.4664692e-02
   6.1265163e-02
   4.5096159e-02
   5.3191107e-02
   3.1304035e-02
   3.1702477e-02
   3.5663292e-02
   4.3571740e-02
   5.0315648e-02
   2.2779865e-02
   3.1125559e-02
   7.8893401e-02
   1.1662889e-01
   1.4562587e-01
   8.4115759e-02
   5.1781561e-02
   2.6635464e-02
   3.8832745e-03
   1.0434196e-02
   1.9722139e-02
   1.9475618e-02
   2.3654347e-02
   4.5262609e-02
   4.0080581e-02
   3.8461253e-02
   2.9493647e-02
   3.5111349e-02
   5.0508130e-02
   2.0464009e-02
   1.2949056e-02
   3.1783327e-02
   4.6606917e-02
   4.3605521e-02
   3.5219397e-02
   2.7366292e-02
   4.3860741e-02
   2.2509357e-02
   2.4275782e-02
   2.2437366e-02
   8.1638275e-03
   1.1070306e-02
   3.3983722e-02
   4.8739955e-02
   6.8469882e-02
   4.2586729e-02
   7.5867778e-04
   2.6898585e-02
   3.2589320e-02
   2.5743108e-02
   3.7934709e-02
   4.2173546e-02
   4.6710677e-02
   1.5866149e-02
   3.1586815e-02
   5.2334219e-02
   3.6690425e-02
   5.0423954e-02
   6.0460452e-02
   6.5256275e-02
   6.1768051e-02
   4.3410443e-02
   1.7519020e-02
   2.8677329e-02
   4.0712687e-03
   2.8626159e-02
   2.5106734e-02
   1.6299797e-02
   9.4351945e-03
   2.8103964e-02
   2.7647359e-02
   2.4816522e-02
   6.5899462e-02
   4.2200025e-02
   1.6402885e-02
   2.5269004e-02
   2.2634843e-02
   1.2872242e-02
   1.1995447e-02
   3.5379231e-02
   2.3414135e-02
   2.0938076e-02
   4.9258504e-02
   2.3923168e-02
   4.0369522e-02
   3.9842088e-02
   6.0723264e-02
   7.1444765e-02
   3.0658050e-02
   1.6215820e-02
   5.9557054e-03
   2.9606186e-02
   5.0864980e-02
   6.2572964e-02
   6.7232087e-02
   6.2073454e-02
   5.2611347e-02
   4.7983002e-02
   5.9664201e-02
   6.0695801e-02
   5.6923505e-02
   4.0989023e-02
   2.3372548e-02
   2.6339674e-02
   2.3711724e-02
   2.3850558e-02
   4.2089275e-03
   5.5726927e-02
   6.1227515e-02
   3.4538448e-02
   4.0721256e-02
   3.3443093e-02
   2.9922344e-02
   2.0080229e-02
   4.7315165e-02
   2.5980106e-02
   5.5955954e-02
   5.0420858e-02
   6.1442997e-02
   3.1371187e-02
   3.8238745e-02
   5.0354980e-02
   4.4798568e-02
   4.5762539e-02
   7.6479218e-03
   2.8689777e-02
   1.3958341e-02
   3.1450782e-02
   1.0011636e-02
   2.4262406e-02
   2.7449172e-02
   3.4305416e-02
   5.3140040e-02
   3.0935947e-02
   1.5164680e-02
   2.4592055e-02
   3.5459656e-02
   2.5823073e-02
   3.6250070e-02
   2.9912941e-02
   2.0985723e-02
   2.8659267e-02
   3.0232366e-02
   3.7207235e-02
   3.8830865e-02
   3.5171449e-02
   4.8730370e-02
   5.2966285e-02
   3.8436420e-02
   3.4398414e-02
   3.0365901e-02
   1.5325172e-02
   1.8619230e-02
   2.0765116e-02
   4.7307115e-02
   4.2610265e-02
   3.4953520e-02
   1.4532194e-02
   1.5974747e-02
   2.8219532e-02
   3.8800202e-02
   3.4414966e-02
   4.2962216e-02
   5.1416129e-02
   5.2638032e-02
   8.5626610e-02
   1.5360416e-02
   3.4087766e-02
   4.2116005e-02
   2.1587647e-02
   5.6990225e-02
   4.7714069e-02
   3.3488877e-02
   1.8144976e-02
   8.1840903e-03
   4.8773360e-02
   6.5876201e-02
   3.0214956e-02
   2.2296237e-02
   4.3329544e-02
   3.6395211e-02
   3.1459950e-02
   2.7438447e-02
   4.9503379e-02
   3.5818003e-02
   2.3014186e-02
   7.4030641e-03
   7.1751238e-03
   6.5756202e-02
   2.8907871e-02
   1.0605262e-02
   5.5688363e-02
   4.4345018e-02
   2.7166970e-02
   3.2477144e-02
   2.0425400e-02
   2.0593902e-02
   5.5993702e-02
   6.3715510e-02
   4.7008470e-02
   6.0887188e-02
   2.5816483e-02
  -1.8778520e-03
   1.2450051e-02
   3.7053388e-02
   5.3961556e-02
   8.0159150e-02
   6.9199070e-02
   2.3484712e-02
   2.1727838e-02
   2.4610067e-02
   1.8447747e-02
   2.6439209e-02
   4.7615021e-02
   2.3595758e-02
   1.8706582e-02
   2.1493787e-02
   2.6459860e-02
   7.2574526e-02
   3.4853909e-02
   3.6335178e-02
   3.7349340e-02
   2.1417212e-02
   8.0313468e-03
   4.0199603e-03
   5.6452367e-02
   2.2959368e-02
   4.8986647e-02
   5.6632929e-02
   3.8038429e-02
   2.2039423e-02
   4.6577279e-02
   3.5388459e-02
   2.8849201e-02
   3.1893317e-02
   4.3855917e-02
   5.8063950e-02
   3.0092653e-02
   1.9420620e-02
   2.9115418e-02
   3.7790909e-02
   5.4295827e-02
   2.8019544e-02
   5.0696488e-02
   4.7594614e-02
   2.3046762e-02
   3.1448048e-02
   5.5286080e-02
   1.4842443e-02
   1.2097845e-02
   4.6006333e-02
   5.0127674e-02
   5.6023199e-02
   5.0559301e-02
   4.3096509e-02
   3.8267490e-02
   3.7447020e-02
   1.8977962e-02
   3.3486340e-02
   2.4935391e-02
   3.4691017e-02
   6.0519733e-02
   6.7007162e-02
   2.1880850e-02
   5.1011268e-02
   4.1506030e-02
   1.6033661e-02
   1.7504131e-04
   4.2436823e-02
   5.5028334e-02
   3.2196730e-02
   3.5587054e-02
   6.4198919e-02
   5.4821644e-02
   2.4553286e-02
   1.5948812e-02
   1.4868092e-02
   2.6335659e-02
   1.4958933e-02
   8.9412909e-03
   9.7640194e-03
   2.6242884e-02
   1.4735869e-02
   2.6414312e-02
   5.0414246e-02
   6.8969965e-02
   7.0676170e-02
   7.3174544e-02
   6.2154915e-02
   2.4339328e-02
   3.5659727e-02
   3.7823837e-02
   6.5683201e-02
   1.5333235e-01
   3.1444567e-01
   2.5823164e-01
   1.1581267e-01
   5.7281747e-02
   8.2804106e-02
   2.8620524e-02
   1.5806865e-02
   6.5291747e-02
   1.1361104e-01
   6.8341926e-02
   9.1836177e-02
   9.5550284e-02
   4.2837270e-02
   2.3634499e-02
   2.2781385e-02
   8.5995361e-02
   1.3333046e-01
   7.5074293e-02
   1.8080844e-02
   1.9381879e-02
   1.6614461e-02
   3.2260306e-02
   2.3040440e-02
   1.2238754e-01
   2.5204140e-01
   2.2528164e-01
   1.1283574e-01
   6.0779311e-02
   2.5819860e-02
   3.4867998e-02
   5.4251317e-02
   6.0675073e-02
   4.0624127e-02
   2.6944431e-02
   3.7161086e-03
   6.0254082e-02
   6.6012494e-02
   7.4859440e-02
   4.9949802e-02
   8.4795281e-02
   3.5560783e-02
   5.2051633e-03
   2.2383062e-02
   4.6155315e-02
   3.8231123e-02
   5.0135210e-02
   7.7989936e-02
   9.4249442e-02
   5.7945851e-02
   4.5119479e-02
   8.8089325e-02
   4.9449805e-02
   1.9939840e-02
   3.2689232e-02
   3.6488455e-02
   3.4455653e-02
   6.0561694e-02
   7.1524426e-02
   7.0554949e-02
   5.0061747e-02
   1.3702852e-02
   5.0750576e-02
   6.0281698e-02
   9.5067382e-02
   8.4301978e-02
   2.4718219e-02
   3.6130890e-02
   4.6479098e-02
   4.3008164e-02
   3.8560547e-02
   8.3279803e-02
   7.5226814e-02
   3.7418187e-02
   5.0507005e-02
   3.7845980e-02
   4.6291795e-02
   7.8798242e-02
   6.9080286e-02
   7.6825954e-02
   5.9879627e-02
   6.2670298e-02
   5.3775299e-02
   2.9673526e-02
   5.9821703e-02
   4.2848960e-02
   9.6191291e-04
   5.0360531e-02
   3.4384582e-02
   9.0197772e-02
   1.1227637e-01
   1.8332915e-01
   1.5235549e-01
   9.2925601e-02
   4.7614671e-02
   3.4050833e-02
   6.2694870e-02
   1.0070294e-01
   4.4021958e-01
   7.8050262e-01
   6.5276581e-01
   3.5413134e-01
   1.3441771e-01
   7.0646994e-02
   6.4400276e-03
   5.9021067e-02
   1.5907665e-01
   2.1274537e-01
   1.7421515e-01
   1.8629526e-01
   1.5462528e-01
   1.1532842e-01
   9.4694033e-02
   1.0937718e-01
   1.8368447e-01
   2.2458665e-01
   1.7489462e-01
   1.0094780e-01
   1.1796577e-01
   7.5764969e-02
   3.8057219e-02
   1.8433328e-01
   5.1740271e-01
   6.1318403e-01
   3.8064456e-01
   1.6505624e-01
   2.7743742e-02
  -1.7963473e-02
   9.3469219e-03
   4.7591783e-02
   5.8494471e-02
   8.1723370e-02
   1.0129000e-01
   8.8921964e-02
   3.1940810e-02
   7.4126869e-02
   7.3173910e-02
   8.3337463e-02
   5.0334670e-02
   3.5586495e-02
   4.5601703e-02
   3.7822094e-02
   1.2334759e-02
   1.9043135e-02
   4.1250408e-02
   6.2490493e-02
   6.1448049e-02
   9.5185004e-02
   5.7744604e-02
   6.6314735e-02
   3.9418105e-02
   5.0128147e-02
   2.7108259e-02
   3.9663482e-02
   9.6009642e-02
   9.9885233e-02
   4.9348410e-02
   5.3150669e-02
   3.9289631e-02
   1.9862471e-02
   5.4236107e-02
   3.6312308e-02
   5.0001919e-02
   7.0479214e-02
   7.0462756e-02
   5.7368807e-02
   2.4277128e-02
   3.1321093e-02
   4.6119783e-02
   7.8500137e-02
   7.8076370e-02
   8.8325337e-02
   6.7951739e-02
   8.0385827e-02
   4.1001331e-02
   4.9893994e-02
   4.2895354e-02
   5.1750749e-02
   6.0368784e-02
   4.1796617e-02
  -5.5394880e-03
   3.6772866e-02
   4.6902798e-02
   6.9616437e-02
   5.4996073e-02
   4.9604792e-02
   5.1119555e-02
   7.0997588e-02
   3.6111981e-02
   1.0685090e-02
   5.4140061e-02
   1.2652579e-01
   1.3739927e-01
   8.9085542e-02
   4.8315790e-02
   8.4769428e-03
   2.5737543e-02
   4.7983419e-02
   5.7646804e-02
   1.0116031e-01
   1.1633307e-01
   8.4945336e-02
   3.5577197e-02
   1.6727226e-02
   1.9678227e-03
   1.0058965e-01
   3.0369568e-01
   4.4261897e-01
   3.7625778e-01
   1.7342770e-01
   5.0321661e-02
   2.5493642e-03
   9.7585926e-03
   2.7513621e-02
   9.1950096e-02
   1.1539166e-01
   7.3129833e-02
   8.6815529e-02
   7.0811920e-02
   4.3453146e-02
   4.9114350e-02
   1.0070962e-01
   1.2977569e-01
   1.0750341e-01
   1.2283770e-01
   9.4998442e-02
   4.3726344e-02
   4.9029447e-02
   3.2969713e-02
   4.0427856e-02
   7.1573175e-02
   2.2940567e-02
   6.0090795e-02
   8.3619289e-02
   5.3983070e-02
   4.9799062e-02
   1.8336501e-02
   1.2058471e-02
   7.0629120e-02
   1.0100425e-01
   7.5873204e-02
   6.1125021e-02
   3.9311934e-02
   1.1411203e-02
   3.4840569e-02
   1.0007297e-01
   5.1737692e-02
   1.5691501e-03
   2.1564953e-02
   4.2998508e-02
   5.2540407e-02
   7.8877911e-02
   6.8598703e-02
   6.0204949e-02
   4.8684444e-02
   9.6319757e-02
   5.8300551e-02
   3.9199363e-02
   5.7984777e-02
   4.4299908e-02
   4.9741406e-02
   2.3082869e-02
   1.7976673e-02
   4.8767377e-02
   5.0164457e-02
   7.2497733e-02
   8.4961712e-02
   4.8562869e-02
   5.9999138e-02
   5.1539291e-02
   5.8564968e-02
   2.1781640e-02
   2.2160316e-02
  -6.4568673e-03
   2.4705974e-02
   4.4250563e-02
   4.0411651e-02
   5.0152641e-02
   3.5198804e-02
   6.6578083e-02
   7.2144188e-02
   4.7329627e-02
   5.4348078e-02
   6.3065313e-02
   5.2584808e-02
   4.7035389e-02
   1.2363545e-01
   1.8207563e-01
   1.0937671e-01
   7.9051502e-02
   5.2057270e-02
   5.1883977e-02
   5.6750745e-02
   1.9561598e-02
   2.3549456e-02
   5.0418038e-02
   1.4442754e-01
   1.2495768e-01
   1.3697249e-01
   1.2516697e-01
   8.8899203e-02
   7.9204947e-02
   1.3173553e-01
   1.7914027e-01
   1.2179809e-01
   1.3078739e-01
   2.7976370e-01
   3.2588261e-01
   1.7075014e-01
   9.8208070e-02
   1.0267124e-01
   1.2765697e-01
   1.5031144e-01
   8.2959972e-02
   4.8037972e-02
   6.6373788e-02
   4.2059027e-02
   6.2309556e-02
   7.6158941e-02
   5.8772031e-02
   5.0175756e-02
   5.1788494e-02
   8.2519285e-02
   2.0570070e-02
  -1.3183868e-02
   1.9871883e-02
   4.5824524e-02
   5.3590544e-02
   2.4176821e-02
   2.6690930e-02
   4.1606322e-02
   5.2131299e-02
   4.2102054e-02
   8.2745411e-02
   1.0029303e-01
   1.0866968e-01
   9.4017468e-02
   5.7760742e-02
   2.7002521e-02
   2.6737843e-03
   4.8675310e-02
   6.6755928e-02
   7.9539038e-02
   4.9937658e-02
   4.0079780e-02
   3.6638569e-02
   5.6192923e-02
   4.5847803e-02
   7.8247093e-02
   5.5373266e-02
   3.4697268e-02
   7.2135501e-02
   5.8632083e-02
   4.7930118e-02
   3.9285969e-02
   5.7875704e-02
   3.9538458e-02
   8.9516472e-03
   1.0356468e-02
   9.1863647e-02
   6.6965543e-02
   3.9042454e-02
   4.6874527e-02
   3.7842732e-02
   4.9565744e-02
   2.1091729e-02
   4.2485747e-02
   1.1713713e-01
   3.3518419e-01
   3.8555056e-01
   2.6505816e-01
   1.5333702e-01
   9.8768629e-02
   7.6342255e-02
   4.5839649e-02
   6.0166638e-02
   8.1300937e-02
   8.4497988e-02
   9.2132099e-02
   1.1205858e-01
   1.5409374e-01
   1.0377426e-01
   6.5018885e-02
   8.9385815e-02
   4.7575176e-02
   3.2671105e-02
   4.1362584e-02
   4.8814431e-02
   8.1322700e-02
   4.8557270e-02
   3.2646686e-02
   5.2493069e-02
   6.8688408e-02
   8.6624011e-02
   6.2643118e-02
   9.6665472e-03
   3.4596104e-02
   2.9692780e-02
   1.6970960e-02
   2.0506302e-02
   4.1988652e-02
   6.0017254e-02
   6.5632068e-02
   9.6146300e-02
   7.0131622e-02
   1.0173236e-01
   8.8183656e-02
   1.2888937e-01
   1.2268485e-01
   1.0370346e-01
   5.1299948e-02
   1.4437073e-01
   1.7610289e-01
   1.1609753e-01
   1.2569652e-01
   1.3947873e-01
   1.0887624e-01
   1.1524832e-01
   6.5005399e-02
  -4.7166925e-03
   1.5229300e-02
   7.5181358e-02
   1.1816345e-01
   1.8351802e-01
   1.2495513e-01
   4.8579607e-02
   1.1427039e-01
   1.4490350e-01
   1.0500243e-01
   1.1465308e-01
   1.4264949e-01
   2.0745359e-01
   2.2595514e-01
   2.5416142e-01
   1.8538943e-01
   7.6517589e-02
   2.5384760e-01
   4.8998293e-01
   3.5626194e-01
   1.4236550e-01
   4.6353152e-01
   1.0418706e+00
   8.8970762e-01
   3.5295403e-01
   1.9827420e-01
   2.3922250e-01
   2.1761471e-01
   1.3827364e-01
   1.4709808e-01
   1.1386780e-01
   4.1301586e-02
   7.2057597e-02
   9.1860287e-02
   7.8795351e-02
  -1.5548450e-02
   5.9366550e-02
   1.5665714e-01
   1.4357954e-01
   1.1494317e-01
   3.4327466e-02
   3.0759692e-02
   6.2735416e-02
   6.0610477e-02
   5.7441033e-02
   7.0309132e-02
   5.3491559e-02
   2.9549083e-02
   8.0440111e-02
   3.2580744e-02
   2.6064744e-02
   8.9744054e-02
   8.8041484e-02
   6.6476159e-02
   8.0612846e-02
   1.9607282e-01
   2.3398092e-01
   1.1993495e-01
   1.3635847e-01
   9.2435233e-02
   7.0178479e-02
   8.5553259e-02
   1.4139658e-01
   1.2059673e-01
   1.7623278e-01
   1.8454061e-01
   2.8101668e-01
   2.3338161e-01
   7.7413104e-02
   1.6852105e-02
   7.1846090e-02
   1.0338831e-01
   5.8682468e-02
   8.9052491e-02
   6.3851528e-02
   6.4174332e-02
   4.8501812e-02
   5.0478637e-02
   2.4883559e-02
   1.1323007e-02
   2.5769928e-02
   7.2500788e-02
   8.3980091e-02
   9.7012080e-02
   8.0685072e-02
   4.2648155e-02
   1.7032955e-02
   2.9325539e-02
   4.7927942e-02
   3.4641109e-02
   6.0269602e-02
   7.4549071e-02
   2.9050939e-02
   1.6402282e-02
   4.0519118e-02
   4.1198529e-02
   5.4490317e-02
   2.4534238e-03
   5.2959673e-02
   6.9317028e-02
   6.5481156e-02
   4.8819765e-02
   3.7171219e-02
   6.2020019e-02
   6.3631669e-02
   6.4434893e-02
   7.4341886e-02
   4.8218094e-02
   4.5419861e-02
   1.0689541e-01
   1.1142667e-01
   4.5168549e-02
   4.1171823e-02
   3.9124839e-02
   1.2401576e-01
   1.9038913e-01
   1.8306348e-01
   8.2551509e-02
   4.8913486e-02
  -5.6379830e-04
   8.0211461e-03
   1.1203858e-01
   3.3418944e-01
   7.0863467e-01
   5.9788758e-01
   3.0947307e-01
   1.4990580e-01
   1.1144472e-01
   7.8208975e-02
   2.5838567e-02
  -1.9320832e-03
   4.4723101e-02
   1.2077480e-01
   1.7079745e-01
   1.7786703e-01
   1.4190981e-01
   7.2689943e-02
   4.6657946e-02
   7.7301003e-02
   5.4405000e-02
   4.6094436e-02
   3.2533377e-02
   6.7187570e-02
   1.1717575e-01
   8.3009437e-02
   7.0646025e-02
   5.6375485e-02
   1.0802310e-01
   6.9750622e-02
   1.2212721e-01
   1.2660332e-01
   7.3777817e-02
   7.9997927e-02
   6.9997601e-02
   1.4515419e-01
   2.5203258e-01
   2.7857506e-01
   2.5076303e-01
   1.4784132e-01
   1.1782996e-01
   9.4274953e-02
   9.2905447e-02
   4.5347791e-02
   3.4563672e-02
   3.6526848e-02
   1.8859348e-01
   3.2857192e-01
   3.5330674e-01
   2.6186329e-01
   1.6710171e-01
   9.4415694e-02
   3.7335284e-02
   4.1846905e-02
   8.7047637e-02
   1.9643152e-01
   2.9317972e-01
   2.7307269e-01
   2.0991884e-01
   1.5548319e-01
   5.8135286e-02
   1.8556355e-02
   3.4198787e-02
  -1.2284346e-02
   2.3193134e-02
   9.4733432e-02
   2.8914496e-01
   4.1306344e-01
   4.3925244e-01
   3.0533770e-01
   1.8251562e-01
   7.3209919e-02
   1.5473258e-02
   7.1030729e-02
   5.3145510e-01
   1.2552496e+00
   1.4653310e+00
   1.0787550e+00
   8.0217433e-01
   6.6915894e-01
   5.7319885e-01
   3.9537293e-01
   2.0108584e-01
   3.9678544e-02
   4.9500749e-02
   6.2726355e-01
   2.6044173e+00
   4.8311701e+00
   4.5124130e+00
   2.6139274e+00
   1.0409632e+00
   4.2601585e-01
   1.2712450e-01
   1.6496179e+00
   1.0860558e+01
   2.2984394e+01
   2.2828833e+01
   1.3613825e+01
   5.6582656e+00
   1.7813300e+00
   3.7262490e-01
   7.7517718e-02
   3.4101482e-02
   4.5269832e-01
   2.2520616e+00
   4.6194839e+00
   4.9246016e+00
   3.0479054e+00
   1.3014170e+00
   2.4792671e-01
  -1.4132230e-01
   3.8079828e-02
   5.1096314e-01
   7.1791375e-01
   1.1214303e+00
   1.5746367e+00
   1.2925686e+00
   7.1605933e-01
   2.0733081e-01
   1.1293534e-01
   9.3005374e-02
   8.4463067e-02
   2.4990855e-01
   3.5224974e-01
   4.9105164e-01
   5.8020133e-01
   6.4106560e-01
   6.2578940e-01
   4.6206748e-01
   1.2160251e-01
  -1.5102110e-02
  -3.4911133e-02
   2.6850480e-01
   3.7417671e-01
   4.1009405e-01
   3.2020307e-01
   1.7866492e-01
   1.1734209e-01
   9.5640272e-02
   3.3547949e-02
   1.1068271e-01
   2.1157093e-01
   2.0408109e-01
   1.3678253e-01
   1.2800087e-01
   1.4255410e-01
   1.8123898e-01
   2.0044412e-01
   9.8018184e-02
   3.2620650e-02
   3.7348110e-03
   1.3515852e-02
   1.3763750e-01
   1.1993951e-01
   1.0001851e-01
   1.8966151e-02
  -1.0175232e-01
  -5.9149425e-02
   1.3934064e-01
   4.0965936e-01
   5.7602251e-01
   5.1858974e-01
   3.8287884e-01
   1.2228562e-01
   4.6329163e-02
   5.5126113e-01
   1.6090810e+00
   1.8475629e+00
   1.1793627e+00
   5.6123626e-01
   2.6956448e-01
   4.1587105e-01
   7.4619782e-01
   7.0839256e-01
   4.2112571e-01
   1.9732960e-01
   2.5512576e-01
   2.4399075e-01
   3.2728288e-01
   1.4902685e+00
   3.2965882e+00
   3.7501276e+00
   2.4780591e+00
   1.0106189e+00
   3.1538740e-01
   1.9350596e-01
   8.8790864e-02
   3.7034445e-02
   1.0741173e-01
   3.6367702e-01
   7.8441936e-01
   8.1299663e-01
   4.8945391e-01
   2.9469165e-01
   3.3043616e-02
   9.1935066e-04
   4.3727070e-02
   1.2307165e-01
   1.9344179e-01
   3.8824406e-01
   3.4796843e-01
   3.0025810e-01
   1.6770856e-01
   2.6912440e-02
  -1.3108275e-02
   3.2187395e-02
   9.1342792e-02
   7.4282907e-02
   6.9307096e-02
   1.5214814e-01
   1.7004669e-01
   1.5284012e-01
   1.6153689e-01
   9.3280911e-02
   3.9444294e-02
   4.3067462e-03
   1.0892788e-01
   8.7761231e-02
   1.5492316e-01
   1.5600523e-01
   7.2808415e-02
   7.5573429e-02
   7.1214661e-02
   3.1868145e-02
   8.2005769e-02
   9.5449097e-02
   1.2228733e-01
   1.8969499e-01
   1.6207759e-01
   1.9878346e-01
   9.9864408e-02
   1.0572254e-01
   1.0606221e-02
  -1.7218972e-02
   1.0903836e-01
   1.7843950e-01
   2.1017461e-01
   2.5462103e-01
   2.7030462e-01
   9.0567842e-02
   8.4366076e-02
   1.3479689e-01
   2.1645297e-01
   3.1630433e-01
   4.7021365e-01
   4.0944237e-01
   2.1100071e-01
   1.3122681e-01
   2.8372350e-01
   4.0109548e-01
   5.5742550e-01
   5.4881084e-01
   2.3656438e-01
   2.7694749e-02
   9.6617609e-02
   7.5402093e-01
   1.7519819e+00
   2.1358113e+00
   1.5474210e+00
   6.8847173e-01
   1.9208542e-01
   9.2688106e-02
   1.0500088e+00
   3.8941553e+00
   5.9861698e+00
   4.9895964e+00
   2.8264036e+00
   1.2301378e+00
   4.7139394e-01
   1.4623384e-01
   1.5153767e-01
   2.5278094e-01
   4.9351859e-01
   9.8928607e-01
   1.2215134e+00
   9.9122024e-01
   5.9712142e-01
   3.8355324e-01
   1.7822081e-01
   7.5418837e-02
   1.7259321e-01
   2.5504646e-01
   3.6681813e-01
   4.4503891e-01
   4.0385857e-01
   2.2636437e-01
   1.2920319e-01
   7.5110279e-02
   6.8985544e-02
   2.9337963e-02
   8.5630722e-02
   1.6462572e-01
   1.8955216e-01
   1.8877928e-01
   1.4107125e-01
   9.0607218e-02
   5.1486209e-02
   8.3394900e-02
   3.6474857e-02
   2.2265861e-02
   4.4541158e-02
   8.0315419e-02
   1.4266431e-01
   9.5546745e-02
   3.6989175e-02
   4.5684043e-02
   4.5261458e-02
   1.0046238e-01
   5.9377320e-02
   7.8798980e-02
   1.4177632e-01
   1.7783679e-01
   9.8986216e-02
   1.0582369e-01
   3.4531031e-02
   5.8024865e-02
   3.9251905e-02
   6.4854980e-02
   5.0761104e-02
   1.3120376e-01
   1.6834930e-01
   1.4266105e-01
   1.4617388e-01
   8.0513477e-02
   9.2852615e-02
   5.7616927e-02
   8.6855620e-02
   2.2372410e-01
   2.2575179e-01
   1.5625742e-01
   8.9850783e-02
   8.4646210e-02
   1.1275721e-01
   9.5033161e-02
   1.4143549e-01
   1.1352522e-01
   7.1540482e-02
   7.4942693e-02
   1.8454471e-01
   4.4131091e-01
   5.1048928e-01
   3.8393402e-01
   2.2072710e-01
   8.6278766e-02
   5.0424725e-02
   1.2248550e-01
   5.1825011e-01
   1.0466909e+00
   1.0130922e+00
   6.8086803e-01
   3.5999182e-01
   1.8849830e-01
   9.6666843e-02
   6.8896189e-02
   1.1248219e-01
   2.2864467e-01
   3.3729815e-01
   3.1148079e-01
   2.7821776e-01
   1.9131231e-01
   1.0468776e-01
   1.1313658e-01
   1.3608009e-01
   7.1752615e-02
   1.2283289e-01
   1.6064708e-01
   1.0558990e-01
   1.1490081e-01
   1.4192213e-01
   5.4472193e-02
   2.7917814e-02
   1.1475844e-02
   5.9470120e-03
   6.2812015e-02
   5.8405239e-02
   8.6362772e-02
   7.0856191e-02
   6.9253489e-02
   5.6811105e-02
   2.0072466e-02
   4.5436546e-02
   1.0424825e-01
   6.0204808e-02
   1.6211540e-02
   9.0612359e-02
   7.1376599e-02
   4.6337012e-02
   7.4161328e-02
   9.2529789e-02
   8.0977701e-02
   3.7756391e-02
   1.9610981e-02
   1.2211558e-01
   1.5235719e-01
   1.8072872e-01
   1.5666179e-01
   1.2181003e-01
   9.2067279e-02
   6.7470096e-02
   1.5511043e-02
   1.0296763e-01
   1.0669943e-01
   1.4489774e-01
   1.1727993e-01
   6.4770788e-02
   6.8122797e-02
   8.0376133e-02
   9.1067575e-02
   9.4282672e-02
   5.4005206e-02
   9.4698004e-02
   9.2181191e-02
   8.6450189e-02
   6.5256841e-03
   5.5454217e-02
   1.4512955e-01
   1.1819544e-01
   1.1482963e-01
   5.2368883e-02
   6.4700027e-03
   1.4410165e-02
   1.8951485e-01
   2.3263273e-01
   2.3785850e-01
   1.7429443e-01
   6.4389601e-02
   3.6319766e-02
   5.8674987e-02
   2.0597333e-01
   3.9195210e-01
   4.2153096e-01
   2.8505081e-01
   1.4928335e-01
   3.8593572e-02
   4.4244386e-02
   6.3988388e-02
   2.7427208e-01
   3.1793714e-01
   3.0420059e-01
   1.9134496e-01
   5.5845883e-02
   7.6177441e-02
   1.4627743e-01
   3.0732617e-01
   2.6149252e-01
   3.0973342e-01
   3.3323690e-01
   1.3891481e-01
   1.8822737e-01
   4.6595773e-01
   6.0207397e-01
   5.0900334e-01
   2.6958948e-01
   1.0848344e-01
  -2.4250848e-02
   1.1392205e-01
   4.7804007e-01
   8.3938509e-01
   7.6762027e-01
   3.9987174e-01
   1.2752363e-01
  -2.0516517e-02
   1.0312759e-01
   8.2185984e-01
   2.2422142e+00
   2.5577369e+00
   1.6479907e+00
   6.6588610e-01
   1.5295997e-01
   5.1426340e-02
   3.2077622e-01
   6.9832319e-01
   9.0150756e-01
   7.1912062e-01
   4.8168442e-01
   3.7639433e-01
   2.0133880e-01
   1.3652767e-01
   1.7701662e-01
   1.7121193e-01
   1.7165498e-01
   1.4064598e-01
   1.5524536e-01
   1.3420272e-01
   5.1982403e-02
  -5.9345443e-02
  -4.9595028e-02
   6.4785063e-02
   9.8124780e-02
   4.8226945e-02
   4.9062543e-02
   6.8783864e-02
   4.0256694e-02
   2.3684353e-02
   6.0525503e-02
   8.4390976e-02
   1.0284561e-01
   1.3410002e-01
   1.0386459e-01
   8.6009964e-02
   6.2511533e-02
   1.9588917e-02
   7.2451517e-02
   1.4158180e-01
   1.4938210e-01
   9.6931793e-02
   3.5464402e-02
  -9.8673720e-03
   7.3157772e-02
   1.2756571e-01
   1.6682851e-01
   1.3330658e-01
   7.6150931e-02
   9.4187133e-02
   1.1700610e-01
   5.0123051e-02
  -2.2286657e-02
   7.1248613e-02
   1.2627506e-01
   2.0439911e-01
   1.6649717e-01
   1.0482519e-01
   7.0434935e-02
   8.6897679e-02
   8.9985967e-02
   6.1348230e-02
   1.1899462e-01
   2.0602182e-01
   2.0511408e-01
   1.5741798e-01
   1.5441604e-01
   1.2725031e-01
   1.2542012e-01
   1.4246698e-01
   6.4230271e-02
   7.6085508e-02
   1.4457962e-01
   1.9724526e-01
   1.7910269e-01
   2.4092673e-01
   1.5768655e-01
   8.4960468e-02
   8.3833218e-02
   7.7610791e-02
   2.5972569e-01
   4.8183668e-01
   5.7349050e-01
   3.6059189e-01
   1.9592318e-01
   1.1087267e-01
   1.1631128e-01
   1.6788925e-01
   3.4128022e-01
   3.1920338e-01
   1.9563396e-01
   2.1156494e-01
   2.7844119e-01
   2.6297930e-01
   2.2512752e-01
   1.7967238e-01
   1.7108290e-01
   1.9383606e-01
   2.7164480e-01
   3.2407683e-01
   3.7380397e-01
   4.0987000e-01
   2.5053814e-01
   8.4243238e-02
   9.5091667e-03
   2.4289988e-01
   4.4506276e-01
   5.0759977e-01
   4.3874589e-01
   2.1854754e-01
   1.0948858e-01
   6.0167950e-02
   3.0713698e-01
   8.0049878e-01
   9.6125430e-01
   7.6629728e-01
   5.1035035e-01
   2.4689320e-01
   1.9543764e-01
   5.2834052e-01
   8.0008525e-01
   8.8060927e-01
   1.0243405e+00
   9.8591948e-01
   5.6110203e-01
   4.6004182e-01
   9.3018991e-01
   1.5574261e+00
   1.6410068e+00
   1.1126806e+00
   3.7299716e-01
   8.0709293e-02
   4.2486104e-01
   1.4958289e+00
   2.3351834e+00
   2.0057809e+00
   1.1100047e+00
   3.3204913e-01
  -2.9956510e-02
   3.0205920e-01
   2.4694648e+00
   5.1802902e+00
   5.6294365e+00
   3.5331998e+00
   1.5757987e+00
   5.0689644e-01
   3.8642076e-01
   1.6128696e+00
   2.9223330e+00
   2.7092919e+00
   1.9956279e+00
   1.4228332e+00
   8.6194742e-01
   6.6609192e-01
   1.0992792e+00
   1.4284137e+00
   1.3264135e+00
   9.0256059e-01
   6.3421011e-01
   5.0124931e-01
   5.9594142e-01
   8.6296308e-01
   1.0811666e+00
   7.8812671e-01
   4.0919161e-01
   2.3057039e-01
   1.6387463e-01
   2.2928697e-01
   1.9297150e-01
   1.5047064e-01
   1.3816388e-01
   1.8070142e-01
   2.4922031e-01
   2.2677127e-01
   1.6904365e-01
   1.2543520e-01
   1.0701834e-01
   1.2606163e-01
   8.4724128e-02
   1.4636165e-01
   1.1563667e-01
   3.0340344e-02
  -1.7455816e-02
   7.5150669e-02
   6.9724225e-02
   9.0524405e-02
   1.5767464e-01
   1.7056398e-01
   1.4482571e-01
   1.5953672e-01
   9.0876795e-02
   4.0745456e-02
  -1.0043583e-02
   4.6378311e-02
   2.3440781e-01
   3.3922631e-01
   2.3430499e-01
   1.0527704e-01
   1.7489741e-02
   1.3740250e-02
   1.9817817e-01
   2.2992262e-01
   4.3300256e-01
   4.2991546e-01
   2.7745664e-01
   2.4504635e-01
   2.5417590e-01
   2.7000535e-01
   3.6629969e-01
   3.5086799e-01
   1.5993290e-01
   9.9819832e-02
   2.0045327e-01
   5.0105345e-01
   4.9719045e-01
   3.1694502e-01
   1.7724241e-01
   3.1254902e-03
  -2.5845855e-02
   2.3978907e-01
   9.2513925e-01
   1.3837180e+00
   1.0339637e+00
   4.8230940e-01
   1.7347769e-01
   3.2528329e-03
   1.9538321e-01
   5.0274557e-01
   6.4134139e-01
   4.9319044e-01
   3.3589059e-01
   2.5305325e-01
   1.2781937e-01
   2.4925633e-01
   3.4493908e-01
   3.5145029e-01
   2.6554024e-01
   1.3019963e-01
   1.3345528e-01
   1.4914012e-01
   1.9243461e-01
   2.2099246e-01
   2.4404910e-01
   2.0755360e-01
   1.1839698e-01
   1.2524907e-01
   6.6553243e-02
   8.4212080e-02
   6.9286183e-02
   8.9175269e-02
   6.6195175e-02
   3.7088539e-02
   1.0293627e-01
   2.0649222e-01
   2.2450252e-01
   1.6911578e-01
   7.2716266e-02
   9.6632108e-02
   6.8204656e-02
   4.5560043e-02
   5.0820511e-02
  -3.2777151e-03
   4.2205285e-02
   6.1638437e-02
   9.4389431e-02
   1.2790348e-01
   1.4631553e-01
   1.3650583e-01
   1.0190901e-02
  -8.8528339e-03
   9.1958329e-02
   6.9562972e-02
   5.5552840e-02
   1.1926142e-01
   1.5520364e-01
   1.0349460e-01
   4.7138553e-02
   2.8459841e-02
   2.2180445e-02
   1.1429971e-02
   6.6434167e-02
   2.0112629e-01
   2.2981426e-01
   1.7821723e-01
   1.3187894e-01
   9.8666377e-02
   9.9589095e-02
   2.4458090e-02
   8.8118427e-02
   3.0624506e-01
   4.9440274e-01
   5.8861285e-01
   4.3226212e-01
   2.3307854e-01
   1.8192436e-01
   1.5997620e-01
   1.6714437e-01
   2.6579624e-01
   3.5436124e-01
   6.2923098e-01
   5.9454775e-01
   4.5529318e-01
   1.8794523e-01
   4.9581021e-02
   1.1188138e-02
   1.3063832e-01
   3.0241436e-01
   3.0902839e-01
   3.0724874e-01
   2.0419925e-01
   7.3556945e-02
   1.0475064e-01
   8.1745744e-02
   1.3229579e-01
   1.4628458e-01
   8.0896184e-02
   7.8593291e-02
   1.0155392e-01
   1.2654243e-01
   1.5976414e-01
   1.5179043e-01
   1.0795894e-01
   1.1658437e-01
   9.8693043e-02
   8.7233797e-02
   1.5092887e-01
   1.1126218e-01
   9.7219355e-02
   9.1568239e-02
   4.3713406e-02
   3.9498277e-02
   7.5069621e-02
   7.1182996e-02
   8.4885098e-02
   3.2082818e-02
   3.0352369e-02
   7.4956350e-02
   3.1650882e-02
   4.0812183e-02
   5.4119468e-02
   4.1511592e-02
   1.0111853e-01
   1.0239427e-01
   7.7805445e-02
   4.4662036e-02
   7.7187613e-02
   1.0164201e-01
   4.1019749e-02
   8.9778833e-02
   1.1112929e-01
   1.0493720e-01
   7.0862882e-02
   3.0438043e-02
   1.4288601e-02
   1.0486486e-01
   7.3874958e-02
   9.9958077e-02
   6.9535896e-02
   8.3732136e-02
   1.0997729e-01
   1.0681515e-01
   9.7459994e-02
   8.8991687e-02
   6.6436693e-02
   5.9868276e-02
   1.9539353e-02
   7.2038099e-02
   6.2066212e-02
   1.1389244e-01
   1.1271937e-01
   1.0677397e-01
   8.9085989e-02
   3.4594506e-02
   1.6657650e-02
   3.3876188e-02
   8.4606975e-02
   1.3051169e-01
   2.1438262e-01
   1.9082257e-01
   1.1877193e-01
   4.9790252e-02
   3.0306527e-02
  -6.5703955e-03
   4.3383934e-02
   1.0925315e-01
   1.1725282e-01
   6.0383715e-02
   6.1660204e-02
   6.7527734e-02
   6.3166425e-02
   8.5530095e-02
   1.0665181e-01
   7.0269346e-02
   5.4118108e-02
   6.1238140e-02
   5.9042864e-02
   6.3607417e-02
   8.6735211e-02
   5.4264411e-02
   1.2231313e-02
   5.0173637e-02
   4.9591500e-02
   5.2915838e-02
   4.4436224e-02
   8.6947076e-02
   8.8700540e-02
   8.5102938e-02
   2.3957465e-02
   4.8529204e-02
   6.6283576e-02
   1.0264908e-01
   1.0542004e-01
   6.7200765e-02
   7.9330258e-02
   3.1356543e-02
   1.5149216e-02
   4.4657704e-03
   5.1077172e-02
   5.2053537e-02
   6.6966005e-02
   4.1806143e-02
   7.0486315e-02
   8.0351159e-02
   2.3240836e-02
   2.4117956e-02
   5.3199012e-02
   9.0564065e-02
   5.9721142e-02
   3.2108232e-02
   4.2353112e-02
   2.9808223e-02
   1.8423818e-02
   4.9625210e-02
   6.0303476e-02
   3.8325761e-02
   4.3107502e-02
   9.2136219e-02
   7.4606180e-02
   5.0047446e-02
   3.4817073e-02
   2.5126394e-02
   7.1499534e-02
   3.6830723e-02
   4.2298164e-02
   5.4635726e-02
   5.4595344e-02
   6.7336902e-02
   2.0999286e-02
   3.5064474e-02
   8.0010824e-02
   5.5209458e-02
   3.2205392e-02
   3.7351787e-02
   8.5435003e-02
   9.4243705e-02
   7.9774573e-02
   6.8764381e-02
   4.0326502e-02
   6.7648239e-02
   6.8813182e-02
   5.5026539e-02
   9.1208227e-02
   8.2569562e-02
   9.8669000e-02
   8.3266906e-02
   5.8679324e-02
   6.6887893e-02
   5.2918144e-02
   6.9299042e-02
   7.8356899e-02
   4.3982785e-02
   4.8818659e-02
   2.4653664e-02
   1.2961663e-02
   3.0135270e-02
   6.1720446e-02
   6.7665473e-02
   4.9089607e-02
   7.2333619e-02
   2.9713996e-02
   4.2308398e-02
   5.7610009e-02
   4.2235877e-02
   2.7415792e-02
   2.0070193e-02
   4.5322508e-02
   2.8881853e-02
   6.1219204e-02
   5.4219380e-02
   6.5632112e-02
   4.9554132e-02
   4.0907461e-02
   3.8269166e-02
   7.9775505e-02
   6.0855303e-02
   6.6479474e-02
   4.6973515e-02
   7.0088886e-02
   8.9339018e-02
   3.4809362e-02
   3.5781968e-02
   5.4017849e-02
   8.1521727e-02
   6.8930462e-02
   1.2020048e-01
   7.7161036e-02
   2.0772098e-03
   1.9661881e-02
   7.3518559e-02
   7.0850529e-02
   4.1017357e-02
   5.8717430e-02
   4.7612790e-02
   5.2711923e-02
   6.3453250e-02
   4.3439243e-02
   3.6674220e-02
   5.2715484e-02
   8.3295502e-02
   6.6507556e-02
   3.9964627e-02
   5.5118866e-02
   6.7346707e-02
   7.3232181e-02
   5.4861289e-02
   5.1799860e-02
   6.2750034e-02
   4.1280743e-02
   5.4740380e-02
   4.7875579e-02
   3.5354772e-03
   5.4866251e-02
   4.9256824e-02
   3.7115641e-02
   1.5817543e-02
   3.8595300e-02
   5.4264199e-02
   2.8871212e-02
   4.1795615e-02
   1.9136446e-03
   4.1881777e-02
   3.1746536e-02
   1.5091454e-02
   4.7363698e-02
   5.8988709e-02
   9.9493761e-04
   2.2862189e-02
   4.1156974e-02
   9.8930858e-03
   3.8156040e-02
   6.3664138e-02
   2.5328137e-02
   3.4650154e-02
   5.3113077e-02
   4.7466062e-02
   7.5849116e-02
   4.5688502e-02
   3.4764510e-02
   4.8292235e-02
   4.5843337e-02
   5.0880976e-02
   4.3059736e-02
   5.4305196e-02
   4.5773052e-02
   2.8778199e-02
   5.4505117e-02
   6.5806381e-02
   3.6233716e-02
   4.9587999e-02
   8.8766560e-02
   9.2758857e-02
   4.8596852e-02
   6.7630880e-02
   1.4618401e-02
   3.5771046e-02
   8.6475901e-02
   5.6415610e-02
   8.0031231e-02
   6.8726636e-02
   3.5079170e-02
   4.3403942e-02
   5.6059536e-02
   3.6674008e-02
   5.1756967e-02
   2.3860458e-02
   3.7423480e-02
   4.2502631e-02
   2.2556089e-02
   3.7578654e-02
   7.6691464e-02
   5.5156093e-02
   7.3531218e-02
   3.1768136e-02
   3.1893089e-02
   6.6932790e-02
   4.1642681e-02
   4.1812804e-02
   6.0531264e-03
   1.3802876e-03
   2.4465390e-02
   3.6211397e-02
   1.5508818e-02
   1.4226309e-02
   2.5481490e-02
   2.9852133e-02
   4.1585200e-02
   4.6845548e-02
   4.8298921e-02
   3.1415999e-02
   3.4281094e-02
   2.1784170e-02
   3.9869379e-03
   4.5929976e-02
   8.3904237e-02
   6.5347038e-02
   8.6976364e-02
   6.7772590e-02
   5.5077896e-02
   4.8718184e-02
   3.4333661e-02
   7.4508116e-02
   5.4332145e-02
   1.5097255e-02
   1.7518997e-02
   6.1891312e-03
   1.4374947e-02
   2.1969533e-02
   3.1255137e-02
   3.0673128e-02
   5.0097678e-02
   3.8778353e-02
   2.7044320e-02
   6.1064556e-02
   4.0567528e-02
   3.0058421e-02
   5.4391388e-02
   5.4979227e-02
   6.7494385e-02
   1.0065607e-01
   6.9632716e-02
   6.0685504e-02
   2.6424006e-02
  -2.2788793e-03
   4.4428043e-02
   6.3910685e-02
   5.5094410e-02
   3.6215849e-02
   5.3496800e-02
   6.8376288e-02
   4.6395268e-02
   7.7386792e-03
   1.8670851e-02
   7.0858374e-02
   6.7264564e-02
   4.0238068e-02
   2.1132799e-02
   2.4641732e-02
   2.9874284e-02
   5.0012313e-02
   6.2226299e-02
   5.3969741e-02
   1.5271417e-02
   5.4803792e-02
   5.4046348e-02
   3.3076465e-02
   9.4824001e-02
   1.3521932e-01
   8.4026501e-02
   5.6607202e-02
   1.0270496e-01
   1.1899740e-01
   1.1068375e-01
   7.9099871e-02
   4.5839325e-02
   3.5533719e-02
   1.4237307e-01
   2.9279613e-01
   3.4791917e-01
   2.0895222e-01
   7.0348501e-02
   3.5265159e-02
   5.0990112e-02
   5.2977091e-01
   1.3160819e+00
   1.3940797e+00
   8.5543758e-01
   3.0856118e-01
   5.0307572e-02
   1.0362820e-01
   3.2081664e-01
   5.3019458e-01
   5.5031264e-01
   4.8082712e-01
   3.8625237e-01
   1.9868106e-01
   1.0525578e-01
   4.8071343e-02
   6.6022687e-02
   1.1307230e-01
   1.1450879e-01
   1.6184068e-01
   2.0077975e-01
   1.0711771e-01
   5.4726183e-02
   4.8092671e-02
   5.8650602e-02
   8.0387071e-02
   6.6993929e-02
   6.9135837e-02
   9.0957984e-02
   3.7329666e-02
   1.9579843e-02
   3.6070436e-02
  -1.5468691e-03
   1.6963685e-02
   4.2972717e-02
   8.3528668e-02
   7.3933847e-02
   6.6343762e-02
   1.9778736e-02
   2.3731489e-02
   4.3073393e-02
   5.4219615e-02
   7.6281488e-02
   4.7812231e-02
   3.6910411e-02
   3.6921497e-02
   2.7525386e-02
   4.8750177e-02
   6.2392216e-02
   3.0421609e-02
   4.6284292e-02
   5.7968166e-02
   6.0872208e-02
   6.2284533e-02
   4.1454189e-02
   2.1237513e-02
   2.6228542e-02
   4.9659785e-02
   5.0148524e-02
   6.4860821e-02
   6.1718777e-02
   6.3919775e-02
   1.7209781e-02
   2.1495083e-02
   2.8573747e-03
   4.5429483e-02
   8.5427038e-02
   5.5706870e-02
   4.8461914e-02
   3.6799613e-02
   6.8756655e-02
   4.4550657e-02
   3.9564170e-02
   5.6372538e-02
   3.5716459e-02
   1.2161066e-01
   2.2979386e-01
   2.3527509e-01
   1.6428289e-01
   9.6370831e-02
   4.2603023e-02
   1.5458115e-02
   8.1356436e-02
   1.3460104e-01
   1.0266459e-01
   1.1034244e-01
   6.4518467e-02
   6.1863445e-02
   4.8507065e-02
   9.5727602e-03
   2.3657909e-04
   1.7365070e-02
   2.2445625e-02
   3.8740125e-02
   3.4605250e-02
   2.1226529e-02
   4.0618759e-02
   1.5244655e-02
   3.4553401e-02
   3.1607974e-02
   3.8514943e-03
   1.8604482e-02
   5.5314634e-02
   4.4818196e-02
   2.4594270e-02
   5.0560921e-02
   3.6055293e-02
   4.5038890e-02
   4.2477351e-02
   3.4640517e-02
   4.8661064e-02
   5.2020632e-02
   1.5185407e-02
   1.4439134e-02
   1.3565211e-02
   5.0331950e-03
   1.5869247e-02
   1.4096407e-02
   7.2680321e-03
   2.0567067e-02
   4.8852891e-02
   3.1542290e-02
   2.3837311e-02
   2.9263537e-02
   1.7630827e-02
   3.9549835e-02
   5.6488812e-02
   8.1030168e-02
   6.1280783e-02
   5.2808549e-02
   3.1664588e-02
   3.4944803e-02
   3.7043061e-02
   3.4684233e-02
   2.4901334e-02
   4.3203920e-02
   2.0273115e-02
   5.1849782e-02
   2.4332114e-02
   2.4017772e-02
   1.1683288e-02
   2.3731116e-02
   3.5876572e-02
   6.7440107e-02
   6.2063161e-02
   4.1114248e-02
   5.1778965e-02
   4.1259609e-02
   1.5140693e-02
   1.8491432e-02
   4.8730455e-02
   5.2142791e-02
   4.5047980e-02
   3.5163309e-02
   1.7163392e-02
   1.0782823e-02
   3.6528066e-02
   5.0143525e-02
   5.7195120e-02
   7.8671187e-02
   4.8884850e-02
   6.4204343e-02
   6.2580518e-02
   4.1057389e-02
   3.5142314e-02
   4.8076395e-02
   1.4883322e-02
   3.6608256e-02
   4.0617403e-02
   3.1304896e-02
   5.6076724e-02
   7.2328530e-02
   5.2791253e-02
   4.6817254e-02
   6.1427180e-02
   1.6538272e-02
   3.3403557e-02
   7.1835712e-02
   5.7283890e-02
   2.7987992e-02
   3.4562636e-02
   1.2219506e-02
  -2.0128627e-04
   2.0102032e-02
   4.0351670e-02
   1.9760851e-02
   4.0694397e-02
   4.8137944e-02
   6.5536022e-02
   4.8249952e-02
   5.0443485e-02
   6.6382006e-02
   3.3110928e-02
   1.6379243e-02
   1.3573589e-02
   6.1465972e-03
   1.9855574e-02
   4.1971479e-02
   4.2475216e-02
   5.8781635e-02
   4.7152620e-02
   1.8963605e-02
   4.9345184e-02
   7.5308248e-02
   5.5512659e-02
   7.0649013e-02
   8.8901587e-02
   7.8451268e-02
   6.0396910e-02
   3.3927795e-02
   2.2311455e-02
   4.1529644e-02
   4.3853652e-02
   4.3931197e-02
   3.2081995e-02
   4.2779990e-02
   4.0413208e-02
   2.8590171e-02
   4.0769529e-02
   4.5864329e-02
   2.8045952e-02
   8.4736329e-03
   2.7891124e-02
   4.5765463e-02
   4.2526685e-02
   1.8534001e-02
   3.7367277e-02
   3.6636487e-02
   3.9615475e-02
   3.9028510e-02
   3.3664297e-02
   3.6828198e-02
   3.0759361e-02
   1.1718163e-02
   4.6520222e-02
   2.6597323e-02
   3.3269729e-02
   3.2756481e-02
   2.9742006e-02
   2.4603592e-02
   6.1899155e-02
   4.1961841e-02
   3.3652384e-02
   3.6498539e-02
   2.4139091e-02
   2.0588517e-02
   2.3400571e-02
   2.1387715e-02
   3.7407134e-02
   7.0504777e-02
   4.3240979e-02
   2.8550450e-02
   3.7824001e-02
   1.2826324e-02
   2.1321788e-02
   4.1850198e-02
   4.0049478e-02
   3.4618184e-02
   4.6813160e-02
   2.2228582e-02
   2.9547624e-02
   4.3934215e-02
   5.3555224e-02
   7.9450443e-02
   4.4230048e-02
   3.6092140e-02
   3.1872008e-02
   2.9561780e-02
   2.2703875e-02
   6.3014463e-02
   6.0569890e-02
   4.3879744e-02
   6.2574230e-02
   5.9422255e-02
   5.4937277e-02
   5.9281349e-02
   3.6285080e-02
   2.3713274e-02
   3.8190000e-02
   1.5604505e-02
   1.7446026e-02
   8.1623942e-03
   8.6954385e-03
   1.2080465e-02
   4.0424641e-02
   8.1179753e-02
   3.8315292e-02
   3.4392890e-02
