   1.1890584e-02
   1.4141907e-02
   1.2631704e-02
   3.0857554e-02
   3.1762436e-02
   4.2554531e-02
   4.3960303e-02
   4.3513197e-02
   3.8208868e-02
   4.7971841e-02
   4.5290042e-02
   2.5814090e-02
   3.6357753e-02
   4.9456060e-02
   3.3591069e-02
   4.7880821e-02
   6.4619675e-02
   7.9920001e-02
   3.6491383e-02
   3.0216523e-02
   5.1165033e-02
   3.6856417e-02
   3.7391126e-02
   1.9715726e-02
   1.0185885e-02
   1.9105919e-02
   3.0301003e-02
   6.4220354e-02
   7.7093080e-02
   5.9610952e-02
   7.3690712e-02
   8.1296571e-02
   3.7955996e-02
   1.4146716e-02
   3.5519898e-02
   3.8182069e-02
   2.3995925e-02
   1.7823325e-02
   4.6931166e-02
   5.6027025e-02
   7.2357938e-02
   3.4608755e-02
   4.9294200e-02
   5.1734399e-02
   2.2581428e-02
   5.5531729e-02
   3.1497713e-02
   2.1937247e-02
   7.6163605e-02
   7.2331622e-02
   3.8876388e-02
   4.9957070e-02
   6.3390546e-02
   5.0851151e-02
   3.8457304e-02
   3.7986897e-02
   3.1012570e-02
   5.0632194e-02
   3.4196515e-02
   2.3535216e-02
   3.8446947e-03
   1.0908876e-02
   9.2533575e-03
  -1.5744854e-03
   1.6132686e-02
   4.2519197e-02
   5.8803044e-02
   4.0048141e-02
   2.7529910e-02
   2.2659445e-02
   2.8023576e-02
   2.5536997e-02
   1.3537490e-02
   5.6424629e-02
   4.5828294e-02
   1.5709443e-02
   2.0975031e-02
   4.2789709e-02
   2.2138529e-02
   2.4430955e-02
   3.4715939e-02
   3.9450258e-02
   1.8749297e-02
   2.8171787e-02
   5.8350988e-02
   3.3599909e-02
   4.9953017e-02
   3.0464042e-02
   1.9396793e-02
   3.0839089e-02
   2.0823171e-02
   3.5682138e-02
   5.8607094e-02
   1.3902919e-02
   3.3731062e-02
   5.0373033e-02
   5.0595030e-02
   6.0691744e-02
   8.1819542e-02
   6.1280102e-02
   4.6645369e-02
   3.9048363e-02
   3.7083291e-02
   5.1301371e-02
   5.9624512e-02
   5.1167239e-02
   7.3579900e-02
   8.2487322e-02
   6.7366406e-02
   5.3555075e-02
   3.5034727e-02
   2.6935471e-02
   4.1859236e-02
   6.4950183e-02
   6.9450751e-02
   3.6260225e-02
   3.4990996e-02
   3.9954375e-02
   3.5733674e-02
   6.6172898e-02
   5.2851830e-02
   5.6886680e-02
   2.9591700e-02
   1.1766696e-02
  -3.3278514e-03
   4.3300912e-02
   4.1374564e-02
   2.9150717e-02
   1.4693804e-02
   3.8594231e-02
   2.5988279e-02
   2.5225013e-02
   3.8800996e-02
   3.4963194e-02
   4.3458254e-03
   2.4900673e-02
   3.3451531e-02
   3.9305251e-02
   4.8455853e-02
   5.3277873e-02
   4.6651501e-02
   4.3546479e-02
   3.4406282e-02
   1.2648270e-02
   2.0880653e-02
   1.2314023e-02
   1.0679327e-02
   1.6513372e-02
   3.7700802e-02
   7.9001874e-02
   7.0842892e-02
   4.7533400e-02
   3.7543111e-02
   4.0962756e-02
   4.5655850e-02
   5.8755580e-02
   4.8169278e-02
   3.5506755e-02
   3.4306224e-02
   3.8152128e-02
   4.1153125e-02
   4.8368961e-02
   6.3434064e-02
   3.4846406e-02
   3.5554148e-02
   1.3651052e-02
   1.8072922e-02
   5.6765176e-02
   7.9772063e-02
   1.0466729e-01
   7.2788917e-02
   3.6636848e-02
   6.8445198e-02
   8.0564313e-02
   5.4328013e-02
   5.1874481e-02
   4.9037058e-02
   5.3633798e-02
   7.8253783e-02
   4.9717408e-02
   4.7651306e-02
   5.5955991e-02
   4.1617941e-02
   3.8681675e-02
   4.7486976e-02
   4.1489098e-02
   1.2243705e-02
   3.7531748e-02
   5.4963119e-02
   5.6017090e-02
   6.9950424e-02
   4.9500074e-02
   1.3542568e-02
   2.3192938e-02
   2.3147825e-02
   1.7539602e-02
   4.2727336e-02
   4.1441485e-02
   2.1004140e-02
   5.5962849e-02
   5.0828949e-02
   3.8174789e-02
   3.3234611e-02
   2.6051160e-02
   2.6377041e-02
   4.8766002e-02
   3.8271498e-02
   3.1317078e-02
   6.4181179e-02
   9.2492104e-02
   7.7542506e-02
   6.1575238e-02
   3.3316091e-02
   3.4301773e-02
   3.8077421e-02
   3.4988899e-02
   3.8213037e-02
   4.0779952e-02
   5.9981693e-02
   5.7392791e-02
   5.5884637e-02
   6.2343497e-02
   2.7737895e-02
   3.7213307e-02
   8.1358045e-02
   1.6259640e-01
   9.5818765e-02
   6.1296690e-02
   5.1823672e-02
   5.4881781e-02
   5.2044488e-02
   6.9116257e-02
   2.2241287e-02
  -3.6018237e-03
  -2.9640945e-04
   5.9209079e-02
   5.3775743e-02
   6.7731947e-02
   8.3342642e-02
   5.6726702e-02
   9.6625082e-02
   1.5963891e-01
   8.0102339e-02
   5.0075561e-02
   1.8424863e-02
   3.0680979e-02
   3.4279373e-02
   4.6025865e-02
   6.0636297e-02
   4.8004352e-02
   3.9785653e-02
   5.7559367e-02
   4.1087992e-02
   4.5388535e-02
   2.5680453e-02
   1.7980862e-02
   2.8580885e-02
   5.1812455e-02
   6.9878019e-02
   7.3201440e-02
   4.9401600e-02
   5.2050605e-02
   8.2172647e-02
   5.2340794e-02
   8.2356922e-02
   7.7262826e-02
   4.7872130e-02
   4.5968324e-02
   3.1536017e-02
   4.8713271e-02
   3.6318015e-02
   2.7794151e-02
   3.3434510e-02
   4.8853368e-02
   2.5342038e-02
   1.5396344e-02
   2.1708242e-03
  -3.7244367e-03
   2.2045389e-02
   3.1146662e-02
   3.4170713e-02
   1.4014203e-02
   1.1654985e-02
   4.5038618e-02
   7.9147555e-02
   8.3782859e-02
   6.5101810e-02
   4.5173816e-02
   3.9449248e-02
   4.0591257e-03
   9.0752216e-03
   1.4353277e-02
   2.2379678e-02
   2.5393687e-02
   8.0623038e-02
   6.3716441e-02
   6.9873139e-02
   9.5886841e-02
   4.1799363e-02
   3.5258241e-02
   3.0636448e-01
   4.8068681e-01
   3.0280441e-01
   1.0580485e-01
   1.0172095e-01
   5.0868005e-02
   6.3974462e-02
   7.5571351e-02
   1.1051932e-01
   8.5865013e-02
   1.2670420e-01
   1.9015354e-01
   2.3526436e-01
   1.1702701e-01
   8.6826093e-02
   7.8764163e-02
   9.2629835e-02
   5.1802237e-02
   3.6169361e-02
   5.1614929e-02
   3.6375459e-02
   3.4425586e-02
   3.0565545e-02
   2.6379600e-02
  -3.0499970e-04
   3.1512298e-02
   3.3959679e-02
   3.1733118e-02
   4.9533915e-02
   7.2107613e-02
   4.4449244e-02
   3.7977938e-02
   5.2323513e-02
   5.0101437e-02
   9.7917818e-02
   1.0286349e-01
   1.2397961e-01
   7.7306904e-02
   4.5243155e-02
   7.1165189e-02
   1.1825258e-01
   8.1380434e-02
   4.8939377e-02
   5.8724213e-02
   6.4267494e-02
   4.7226593e-02
   7.4186474e-02
   3.6032777e-02
   1.2880590e-02
   4.1056443e-02
   6.1645973e-02
   4.5236852e-02
   2.2557767e-02
   4.4561289e-02
   5.6639187e-02
   6.0505632e-02
   8.6448684e-02
   8.2190141e-02
   3.1504940e-02
   4.5451779e-02
   4.6280097e-02
   4.0819768e-02
   5.2441966e-02
   4.9052611e-02
   9.7508170e-02
   1.4059436e-01
   6.7031734e-02
   3.8975764e-02
   2.0902934e-02
   5.4597545e-02
   8.1119932e-02
   5.6345720e-02
   9.4864644e-02
   7.4807405e-02
   5.1805545e-02
   8.7286815e-02
   5.2875169e-02
   8.1763238e-02
   4.9799979e-02
   3.2445300e-02
   5.9733246e-02
   3.0268027e-02
   4.6994589e-02
   4.6363343e-02
   4.1273799e-02
   2.3963528e-02
   8.7908298e-02
   9.4531469e-02
   7.8223102e-02
   7.8951672e-02
   7.5602047e-02
   8.7184303e-02
   1.0177409e-01
   8.5130475e-02
   4.4734482e-02
   5.1269453e-02
   2.8236516e-02
   2.5504170e-02
   1.0359349e-02
   4.9686275e-02
   3.4322109e-02
   4.2854298e-02
   7.2746761e-02
   5.9768591e-02
   2.5976418e-02
   1.1829545e-02
   2.5692783e-02
   3.6941525e-02
   4.0211514e-02
   3.4474358e-02
   3.0800218e-02
   5.2564334e-02
   7.1433671e-02
   6.9790706e-02
   9.1594540e-02
   1.5756994e-01
   9.2806578e-02
   3.6216166e-02
   7.1210258e-02
   4.1016649e-02
   2.2876486e-02
   5.8766924e-02
   5.0333735e-02
   7.4777730e-02
   3.5064936e-02
   5.1221583e-02
   4.1523486e-02
   6.3756213e-02
   1.0324937e-01
   8.0759704e-02
   5.5100266e-02
   3.3010446e-02
  -1.0195964e-02
   1.1026831e-02
   2.7414683e-02
   4.7210936e-02
   3.0467561e-02
   2.7898295e-02
   7.1161121e-02
   6.3320458e-02
   1.0609705e-01
   7.9011753e-02
   2.0208385e-02
   5.0840467e-02
   6.9109358e-02
   6.0580306e-02
   3.5004277e-02
   2.8790098e-02
   5.2176729e-02
   4.8873696e-02
   3.6724087e-02
   6.7175172e-02
   4.5105048e-02
   4.8978001e-02
   5.3976625e-02
   2.2069849e-02
   3.7578762e-02
   3.8413782e-02
   1.4129749e-02
   1.4055281e-02
   4.8903655e-02
   5.0153669e-02
   6.0320344e-02
   5.6835823e-02
   5.4731879e-02
   8.1997588e-02
   5.6976270e-02
   1.4796136e-02
   6.4020894e-02
   2.4462715e-02
   2.2629257e-02
   6.6752858e-02
   8.9127570e-02
   2.7559400e-02
   2.2386275e-02
   6.2434115e-02
   5.1697783e-02
   6.0375229e-02
   7.2390251e-02
   6.5306999e-02
   5.1578358e-02
   3.9054077e-02
   3.1995993e-02
   3.0643148e-02
   4.1747026e-02
   5.6159731e-02
   6.6277586e-02
   3.8149763e-02
   2.5133209e-02
   5.8559137e-03
   1.6817035e-02
   3.0376539e-02
   2.6282093e-02
   4.2107321e-02
   5.1185213e-02
   6.0383834e-02
   5.4765057e-02
   7.1205862e-02
   7.6208234e-02
   5.4409027e-02
   4.9311288e-02
   5.2575808e-02
   6.1229058e-02
   2.7756631e-02
   4.6891462e-02
   2.9152207e-02
   4.1868184e-02
   5.5163998e-02
   1.7698212e-02
   2.2909528e-02
   5.5037316e-02
   6.1990708e-02
   5.6725506e-02
   4.5504883e-02
   3.9309390e-02
   4.4604268e-02
   5.5561080e-03
   9.2618717e-03
   3.2016583e-02
   3.3883445e-02
   4.4924792e-02
   2.2105075e-02
   4.9273409e-02
   5.2532479e-02
   3.5895973e-02
   1.8019158e-02
   4.9944721e-02
   6.5007657e-02
   3.8810328e-02
   6.7515820e-03
   5.4967854e-02
   7.5751580e-02
   6.6210292e-02
   5.3362008e-02
   4.4515707e-02
   4.9477682e-02
   6.6773601e-02
   1.3706434e-01
   1.8100753e-01
   1.2476485e-01
   5.2424863e-02
   5.8628388e-02
   5.0452303e-02
   7.6832131e-02
   8.0821976e-02
   6.1189059e-02
   5.4271910e-02
   4.1314956e-02
   1.7498458e-02
   3.3347551e-02
   4.0851716e-02
   4.2033032e-02
   3.4514271e-02
   6.6499919e-02
   7.7553339e-02
   5.1750161e-02
   3.6043730e-02
   3.8940720e-02
   3.8374361e-02
   6.6937581e-02
   1.0199306e-01
   1.1705288e-01
   9.2250966e-02
   9.9970633e-03
   1.8250201e-02
   4.3483801e-02
   3.7660871e-02
   8.4226355e-02
   1.4031132e-01
   1.7259717e-01
   6.6510446e-02
   1.8891688e-02
   1.2466537e-02
   3.3133674e-02
   4.9418002e-02
   6.9006063e-02
   7.6431476e-02
   9.5024899e-02
   5.4283336e-02
   1.9947777e-02
   2.9708995e-02
   6.2358445e-03
   6.0939927e-02
   6.7248061e-02
   4.5048166e-02
   1.8400195e-03
  -6.6938922e-03
   5.6030206e-02
   1.1459684e-01
   1.5833887e-01
   8.1346966e-02
   8.1619315e-02
   7.5217083e-02
   5.8993831e-02
   4.1772138e-02
   9.8713607e-02
   4.7314265e-01
   6.2989002e-01
   3.4302419e-01
   1.0065488e-01
   1.2188634e-01
   1.2816745e+00
   4.2429905e+00
   4.0428338e+00
   1.6125175e+00
   4.2310598e-01
   2.5714889e-01
   3.7572005e-01
   4.9415585e-01
   8.2078457e-01
   8.4997696e-01
   4.3237948e-01
   1.1966883e-01
   5.5925746e-02
   1.4851061e-01
   1.8218198e-01
   3.0357012e-01
   3.1243882e-01
   1.8141228e-01
   9.4870813e-02
   4.2200495e-02
   7.8139506e-02
   1.2270041e-01
   1.0322236e-01
   1.7919245e-01
   3.2683188e-01
   1.9863126e-01
   8.0210730e-02
   3.6510218e-02
   8.6662523e-02
   4.0939022e-02
   9.3573760e-03
   5.5123143e-02
   6.7458734e-02
   5.8241241e-02
   6.0055654e-02
   3.4886163e-02
   1.3639567e-02
   1.7806284e-02
   4.5025956e-02
   4.2176377e-02
   3.5435811e-02
   1.7017804e-02
   1.3214973e-02
  -5.6515872e-03
  -7.9846699e-03
   4.3769866e-02
   9.6908450e-02
   1.5903389e-01
   1.5972690e-01
   8.8745058e-02
   7.2953336e-02
   2.8484288e-01
   3.5559708e-01
   1.9028668e-01
   6.9821134e-02
   1.5324046e-01
   2.3764604e-01
   1.6678210e-01
   1.1868569e-01
   1.1010121e-01
   2.3423447e-01
   8.1336105e-01
   9.4052821e-01
   4.3759787e-01
   1.5460220e-01
   6.9113232e-02
   2.6547385e-02
   9.1095537e-02
   1.4475974e-01
   2.1314788e-01
   1.0871887e-01
   5.3491415e-03
  -8.7268883e-03
   3.2688945e-03
   4.6264421e-02
   1.0559680e-01
   7.6835319e-02
   5.5744000e-02
   5.6940433e-02
   6.0531553e-02
   5.1624894e-02
   7.9770215e-02
   9.2520110e-02
   7.4016690e-02
   6.3730873e-02
   7.7828050e-02
   7.3244371e-02
   4.6715368e-02
   9.3733743e-02
   6.9992878e-02
   2.4142873e-02
   9.7392853e-03
   4.9941253e-02
   4.4017404e-02
   6.5594062e-02
   6.0235437e-02
   9.0110391e-02
   6.1801635e-02
   6.7303561e-02
   2.4064705e-02
   8.0817699e-02
   7.7636667e-02
   8.3938293e-02
   2.1833947e-02
   6.5559156e-02
   9.8476373e-02
   1.2955381e-01
   1.2699407e-01
   3.3302151e-02
   7.1309216e-02
   1.7339431e-01
   2.2512922e-01
   1.1469296e-01
   8.8059112e-02
   2.1132614e-01
   6.3106841e-01
   7.6912904e-01
   3.9151379e-01
   1.1131941e-01
   2.0444861e-01
   9.9984789e-01
   1.4262819e+00
   8.5660869e-01
   3.6785856e-01
   1.8507326e-01
   2.0868516e-01
   2.7988520e-01
   3.4574109e-01
   3.0252969e-01
   2.0391046e-01
   1.3173699e-01
   8.4820621e-02
   4.6202533e-02
   5.0335895e-02
   3.8278084e-02
   7.1687952e-02
   7.2135836e-02
   7.5002141e-02
   4.7226049e-02
   9.1188094e-03
   3.7546385e-02
   1.8975556e-02
   2.2798484e-04
   1.1925255e-02
   2.4089551e-02
   4.9587651e-03
   1.1739084e-02
   1.0098273e-02
   1.0526366e-02
   1.5660001e-02
   2.6213835e-04
   8.6725317e-03
   1.9152192e-02
   1.7513027e-02
   5.3966269e-02
   2.7743483e-02
   1.3947685e-02
   3.0663166e-02
   4.4553291e-02
   5.5594388e-02
   8.2350843e-02
   6.7731090e-02
   6.4958148e-02
   3.8797691e-02
   2.6670547e-02
   8.8586152e-02
   1.0302046e-01
   6.5868475e-02
   8.4037222e-02
   1.2430828e-01
   1.2309226e-01
   9.3689144e-02
   3.2154091e-02
   8.8193037e-02
   3.0071020e-01
   3.0353442e-01
   1.6252466e-01
   6.6727281e-02
   7.7996194e-02
   3.3568248e-01
   4.3261442e-01
   2.6982725e-01
   1.3151769e-01
   7.9745039e-02
   5.9690602e-02
   6.9996968e-02
   1.2161259e-01
   1.1899655e-01
   9.1255657e-02
   5.0821986e-02
   7.9224899e-02
   6.7972220e-02
   4.9790040e-02
   7.5869136e-02
   4.0100332e-02
   1.3288244e-02
  -1.7732361e-04
   2.2748876e-02
   3.7484318e-02
   9.5967487e-02
   1.2537919e-01
   1.0527219e-01
   6.5285839e-02
   5.9254747e-02
   3.4536943e-02
   1.5936550e-02
   3.8350150e-02
   3.4036096e-02
   6.7260936e-02
   3.1410512e-02
   1.1852754e-02
   2.5826905e-02
   6.0658861e-02
   5.1288709e-02
   9.2543751e-02
   5.0607406e-02
   6.8343744e-02
   9.4576225e-02
   5.4240022e-02
   6.2525816e-02
   7.5435154e-02
   4.2509362e-02
   2.8900435e-02
   3.3258889e-02
   7.6903902e-02
   3.9240479e-02
  -1.2927434e-02
   7.6385395e-04
   4.3915834e-02
   3.8240071e-02
   3.1402074e-02
   6.3395314e-02
   1.1365305e-01
   1.0855080e-01
   5.3162292e-02
   4.7016531e-02
   7.0418283e-02
   1.0861874e-01
   1.2242230e-01
   8.8427320e-02
   6.0993854e-02
   3.5728872e-02
   9.5488176e-02
   1.2628305e-01
   1.0946087e-01
   6.0189497e-02
   5.1159780e-02
   1.5120885e-02
   3.6820523e-02
   7.7324897e-02
   6.8199426e-02
   8.3081864e-02
   1.1520130e-01
   8.6671792e-02
   5.4154590e-02
   9.5807975e-03
   6.6007338e-02
   1.1210658e-01
   9.6121989e-02
   3.5153128e-02
   2.7831459e-02
   1.4295724e-01
   3.7628862e-01
   4.3891722e-01
   2.5566047e-01
   5.8580134e-02
   4.3520283e-02
   1.4765532e-01
   1.2797758e-01
   1.0337413e-01
   1.2660521e-01
   9.6419170e-02
   1.3275641e-01
   8.5872449e-02
   3.0078450e-02
   1.8891526e-02
   4.1483842e-02
   4.3645661e-02
   5.0775345e-02
   4.5475122e-02
   4.7815558e-02
   3.2182466e-02
   3.0696906e-02
   7.6169302e-03
   4.4662755e-02
   7.6024465e-02
   5.2170843e-02
   1.3865109e-02
   3.0544357e-02
   9.0369225e-02
   1.0442466e-01
   8.1826970e-02
   8.8657208e-02
   4.7781687e-02
   5.7700898e-02
   9.0998180e-02
   8.9193262e-02
   5.7263263e-02
   4.0895175e-02
   3.3086084e-02
   2.6387753e-02
   2.0663198e-02
  -1.8424439e-03
   8.7661017e-03
   3.3172727e-02
   4.1937463e-02
   9.3023352e-02
   4.6298962e-02
   5.4836888e-02
   3.3258516e-02
   2.9850444e-02
   7.6329522e-02
   5.4658014e-02
   4.0406190e-02
   8.2592145e-02
   9.1087475e-02
   5.0652351e-02
   2.6817398e-02
   3.0362194e-02
   1.5186813e-01
   2.2055145e-01
   1.2892878e-01
   5.7442538e-02
   5.1650144e-02
   4.0987782e-02
   5.1660016e-02
   2.3831338e-02
   3.0313442e-02
   4.4191554e-02
   6.2382098e-02
   4.2844687e-02
   3.3473678e-02
   5.3687047e-02
   5.1751770e-02
   8.5256241e-02
   7.1029842e-02
   2.6860896e-02
   6.6821143e-02
   8.2589939e-02
   1.1035485e-01
   4.9093723e-02
   9.3674749e-02
   1.5109159e-01
   1.6248985e-01
   9.4130144e-02
   1.0156884e-02
   7.0200779e-02
   1.7350163e-01
   1.8938655e-01
   1.7272279e-01
   9.5651902e-02
   1.5492502e-01
   2.3813581e-01
   2.0324343e-01
   1.2533636e-01
   9.3792342e-02
   3.2407409e-01
   4.9757069e-01
   3.0054885e-01
   8.8196278e-02
   5.8644261e-02
   6.8722993e-01
   1.5597330e+00
   1.1433787e+00
   3.9725468e-01
   1.5702349e-01
   9.2051560e-01
   1.6100804e+00
   1.2678509e+00
   6.0626066e-01
   2.6826888e-01
   3.1021807e-01
   3.4945586e-01
   2.0668732e-01
   7.4143231e-02
   1.1265449e-01
   2.5326899e-01
   1.7898329e-01
   5.7629783e-02
   4.5175198e-02
   1.6124600e-01
   1.4185297e-01
   1.1918831e-01
   7.3505245e-02
   5.5677429e-02
   1.3315231e-02
  -1.5015333e-02
  -2.2544602e-02
  -1.4940673e-02
  -9.5757404e-03
  -3.7923877e-03
   1.9064136e-02
   5.4196663e-02
   7.5357370e-02
   2.7979048e-02
   4.5076780e-02
   3.2395814e-02
   2.1878801e-02
   9.2367455e-03
   5.5293318e-02
   6.1070438e-02
   9.4824404e-02
   1.1193434e-01
   6.2191948e-02
   7.6830834e-02
   1.3260637e-01
   1.1133866e-01
   9.9907383e-02
   8.4405482e-02
   9.7006813e-02
   9.8765984e-02
   8.8366576e-02
   1.1754081e-01
   1.6651940e-01
   1.1905491e-01
   4.0581927e-02
   5.1124588e-02
   2.0729621e-01
   4.9818337e-01
   4.4905245e-01
   1.9782302e-01
   5.4659311e-02
   9.7493455e-02
   2.7091599e-01
   2.0797157e-01
   1.8779252e-01
   9.6417226e-02
   1.2888566e-01
   1.8251325e-01
   1.2699313e-01
   7.6572128e-02
   8.9365035e-02
   9.7836062e-02
   8.8899732e-02
   4.8518397e-02
   3.0820958e-02
   2.9616781e-02
   4.4288974e-02
   3.8601875e-02
   3.3331614e-02
   7.8123547e-02
   1.1709225e-01
   1.4109619e-01
   5.3532891e-02
   1.0781947e-02
   2.6316393e-02
  -1.0413383e-03
   1.6283868e-02
   1.0681883e-01
   2.6483497e-01
   3.8959968e-01
   2.6937306e-01
   1.9197957e-01
   8.5355237e-02
   6.6795751e-02
   9.5849633e-02
   7.6239139e-02
   2.5561830e-02
   8.5391141e-03
   6.3643456e-02
   8.5398667e-02
   9.9610820e-02
   1.1585542e-01
   6.6543989e-02
   7.1019329e-02
   5.2988738e-02
   1.7022340e-01
   3.0090773e-01
   3.0941427e-01
   2.2582462e-01
   1.4549355e-01
   8.6567082e-02
   1.5077956e-01
   3.0983791e-01
   3.5046110e-01
   2.4087201e-01
   7.3173165e-02
   1.1571608e-01
   2.8568339e-01
   3.7179145e-01
   2.9323003e-01
   1.4511812e-01
   9.5737576e-02
   9.6143052e-02
   7.4969180e-02
   8.0767378e-02
   5.0721388e-02
   3.6115758e-02
   5.0227128e-02
  -3.1708967e-04
   2.7027933e-02
   3.3232290e-02
   4.0185302e-02
   4.9483106e-02
   5.0188825e-02
  -2.5923345e-03
   2.5250511e-02
   5.9361868e-02
   4.9842555e-02
   1.3447766e-02
   1.9294366e-02
   3.6129095e-02
   3.1178873e-02
   7.0965961e-02
   1.2682995e-01
   1.1813657e-01
   2.5343869e-02
   2.7217343e-02
   1.1393573e-01
   1.0619006e-01
   8.8127039e-02
   6.2000345e-02
   6.7974776e-02
   4.2550568e-02
   3.8871489e-02
   5.2016776e-02
   6.3115709e-02
   1.1016436e-02
   1.5772264e-02
   3.7186142e-02
   3.6058374e-02
   3.6805863e-03
   4.1215532e-02
   9.2360027e-02
   1.5495637e-01
   1.1378638e-01
   6.7146920e-02
   7.4721813e-02
   9.7937264e-02
   1.2617263e-01
   7.9351567e-02
   7.7155165e-02
   4.2825520e-02
   4.0823240e-02
   9.2879206e-02
   9.0998605e-02
   7.1809612e-02
   6.2504642e-02
   5.7226762e-02
   5.7697508e-02
   8.0147244e-02
   7.0224278e-02
   6.5960489e-02
   8.3364964e-02
   7.9085395e-02
   5.1777843e-02
   3.5968691e-02
   3.4923613e-02
  -4.9653649e-03
   1.3737602e-03
   5.2895350e-03
   5.6126487e-02
   3.9832626e-02
   4.7889121e-02
   8.2562432e-02
   7.8116305e-02
   1.6569795e-02
   1.5733484e-02
   5.7193022e-02
   6.8650156e-02
   5.9800725e-02
   8.8946998e-02
   8.4374450e-02
   4.7521073e-02
   4.6846624e-02
   4.5322876e-02
   5.9640031e-02
   2.4524802e-02
   5.8353651e-02
   2.9542178e-02
   3.0692568e-02
   1.8064318e-02
   5.4730135e-03
   1.8979445e-02
   3.3208378e-02
   3.3986136e-02
   7.9560280e-02
   9.1442898e-02
   8.9721851e-02
   4.6403795e-02
   4.1080955e-02
   1.5148606e-02
   4.1776802e-02
   3.8086999e-02
   5.9686657e-02
   3.1784490e-02
   2.2363584e-02
   9.3251906e-02
   1.4670762e-01
   1.4648046e-01
   7.6214671e-02
   5.2363917e-02
   3.3216525e-02
   1.6800893e-02
   1.8199857e-02
   5.7767726e-02
   3.7342247e-02
   3.8728643e-02
   4.3270748e-02
   2.6174324e-02
   3.2244604e-02
   2.5638070e-02
   3.3893906e-02
   5.0682556e-02
   6.5385059e-02
   3.2326479e-02
   1.9160658e-02
   6.8430081e-02
   5.2476019e-02
   4.4170722e-02
   5.0339893e-02
   3.6465164e-02
   5.1259253e-02
   8.5781127e-02
   1.2407821e-01
   3.8424604e-02
   5.4943737e-02
   4.5607753e-02
   6.9335736e-02
   4.0689640e-02
   5.5735249e-02
   5.3688239e-02
   2.1111736e-02
   3.6483690e-02
   1.6654387e-02
   3.7707806e-02
   7.2398975e-02
   4.9643636e-02
   2.3592969e-02
   2.8511362e-02
   2.4480812e-02
   4.6385303e-02
   7.5785674e-02
   9.1658168e-02
   5.9935201e-02
   5.8430381e-02
   5.1142067e-02
   7.1597792e-02
   5.8472596e-02
   3.5937537e-02
   2.0166846e-02
   5.3170212e-02
   8.0992445e-02
   6.2373318e-02
   4.2146508e-02
   8.0272727e-02
   6.2509410e-02
   5.3521674e-02
   5.0555978e-02
   6.4543128e-02
   6.2924959e-02
   3.8307603e-02
   3.9653659e-02
   4.6344656e-02
   4.5310330e-02
   4.5548622e-02
   7.2307087e-02
   6.6704087e-02
   4.3188334e-02
   4.3254498e-02
   4.1491430e-02
   3.6498092e-02
   1.5601773e-02
   4.5845613e-02
   2.8185315e-02
   5.0780129e-02
   5.8587022e-02
   5.5820085e-02
   6.8482302e-02
   2.6217425e-02
  -1.0749919e-02
   3.5802536e-02
   1.8855255e-02
   1.9260546e-02
   2.3626050e-02
   2.6906524e-02
   4.1600130e-02
   4.9788434e-02
   5.4621298e-02
   3.5287905e-02
   4.3725111e-02
   6.5194197e-02
   4.2781983e-02
   3.4635674e-02
   6.3981824e-02
   9.3612641e-02
   7.0078246e-02
   3.8674437e-02
   4.1254636e-02
   4.8075181e-02
   4.6389349e-02
   4.0095426e-02
   3.6524531e-02
   2.1219566e-02
   5.1941656e-02
   6.3925602e-02
   6.4080641e-02
   7.0370413e-02
   4.3702710e-02
   4.6286024e-02
   4.5466017e-02
   5.7360649e-02
   4.0383603e-02
   3.3485316e-02
   2.1312241e-02
   2.4983129e-02
   9.9520236e-03
   2.2313220e-02
   1.0903732e-02
   2.1615081e-02
   3.7283000e-02
   4.0931281e-02
   5.2723650e-02
   6.9998220e-02
   4.5803051e-02
   4.7060806e-02
   7.2259739e-02
   2.8697338e-02
   2.6211640e-02
   3.5781458e-02
   5.2228563e-02
   2.3216859e-02
   2.9144106e-02
   3.9613456e-02
   2.1485856e-02
   3.8642775e-02
   4.4900715e-02
   3.3148073e-02
   3.0944156e-02
   4.9745589e-02
   1.6852697e-02
   2.1245399e-02
   8.1473939e-02
   6.5600134e-02
   5.6635302e-02
   3.5992876e-02
   1.9038018e-02
   3.7779737e-02
   4.7432121e-02
   6.6347517e-02
   1.2176904e-01
   8.0928303e-02
   3.4523156e-02
   3.1986572e-02
   2.1974361e-01
   5.0869566e-01
   4.8645750e-01
   1.8811972e-01
   9.6372329e-02
   1.4942844e-01
   2.3430730e-01
   2.1369731e-01
   1.8468206e-01
   7.8942694e-02
   3.6823254e-02
   4.4188641e-02
   8.4307551e-02
   7.8530848e-02
   5.8345541e-02
   6.7087471e-02
   7.7949964e-02
   5.2023061e-02
   4.4462334e-02
   7.6607980e-02
   5.6177016e-02
   4.1014917e-02
   5.0753292e-02
   1.9796986e-02
   4.3061402e-02
   7.0523717e-02
   8.1965126e-02
   6.8982586e-02
   2.5645666e-02
   3.6008336e-02
   1.8838145e-02
   2.5052337e-02
   2.5541887e-02
   2.5278209e-02
   5.5556361e-02
   6.3039951e-02
   5.1306672e-02
   2.0176634e-02
   9.2289522e-03
   2.1550506e-02
   1.4156127e-02
   2.0880725e-02
   2.9177286e-02
   2.0742536e-02
   2.6219590e-02
   3.3313986e-02
   4.3315832e-02
   6.2167604e-02
   3.1722736e-02
   2.1289762e-02
   1.1268350e-02
   2.2242133e-02
   4.9939018e-02
   1.0466152e-01
   1.2019701e-01
   1.1695096e-01
   6.1945960e-02
   3.4033589e-02
   5.7355445e-02
   6.7126118e-02
   3.9761752e-02
   4.5154396e-02
   3.8216811e-02
   3.2229293e-02
   2.1967137e-02
   4.1523829e-02
   6.4679936e-02
   5.9101086e-02
   3.6058478e-02
   2.8942997e-02
   2.2701083e-02
   9.7046299e-03
   2.4450134e-02
   2.7601674e-02
   3.5666768e-02
   7.1410485e-02
   6.0765870e-02
   4.5708947e-02
   4.1652590e-02
   2.8710153e-02
   2.0789349e-02
   1.1764718e-02
   2.5154613e-02
   3.6242530e-02
   4.8755076e-02
   2.2484381e-02
   2.8715653e-02
   1.8993201e-02
   5.1500738e-02
   7.1506940e-02
   4.9404237e-02
   3.6379598e-02
   6.0054734e-02
   6.8178736e-02
   6.3506894e-02
   3.0193519e-02
   2.3401916e-02
   2.3377776e-02
   3.5620548e-02
   3.0359307e-02
   3.2772887e-02
   6.3421004e-02
   2.6041534e-02
   2.1689001e-02
   1.8711986e-02
   5.7322726e-02
   8.3636463e-02
   5.3504132e-02
   1.4232521e-02
   4.2733192e-02
   6.9850400e-02
   3.9875221e-02
   3.2958735e-02
   4.7718067e-02
   5.7760697e-02
   4.7847793e-02
   5.5679869e-02
   3.6262821e-02
   4.4814829e-02
   4.5468517e-02
   3.4578219e-02
   3.1934742e-02
   3.7310526e-02
   4.5635078e-02
   4.8948370e-02
   5.7296690e-02
   3.1839587e-02
   9.0441005e-03
   4.9024657e-03
   2.3510357e-02
   2.2343865e-02
   3.9223038e-02
   4.3336909e-02
   4.7732610e-02
   6.2714137e-02
   8.1832558e-02
   6.7303471e-02
   5.8033615e-02
   7.8091383e-02
   3.9881833e-02
   3.5690505e-02
   2.9611474e-02
   2.4554716e-02
   3.0699860e-02
   4.1454539e-02
   4.5518722e-02
   3.7136242e-02
   3.5238236e-02
   4.0357888e-02
   2.4766967e-02
   2.5127826e-02
   3.0179011e-02
   5.1983062e-02
   5.6855816e-02
   5.3342815e-02
   4.0679727e-02
   4.2857684e-02
   6.6798262e-02
   6.9621339e-02
   8.1398584e-02
   2.0726027e-02
   3.5969090e-02
   4.4941366e-02
   4.8081711e-02
   8.1277840e-02
   5.1066197e-02
   1.4456830e-02
   2.4515284e-02
   1.8942654e-02
   1.3999488e-02
   4.0471490e-02
   4.7724880e-02
   3.6668040e-02
   1.6089650e-02
   2.6230751e-02
   3.8970076e-02
   3.9108273e-02
   5.6928892e-02
   4.9476523e-02
   4.3677814e-02
   5.8004759e-02
   4.4076223e-02
   5.0497979e-02
   5.5310640e-02
   4.8633412e-02
   2.8787371e-02
   1.9925511e-02
   2.3320094e-02
   4.8767338e-03
   2.5757603e-02
   1.9228566e-02
   2.7621919e-02
   3.5135042e-02
   3.6488086e-02
   2.8526179e-02
   1.1942593e-02
   2.8697071e-03
   4.6155062e-02
   2.3690391e-02
   1.8269286e-02
   4.3945186e-02
   2.2673935e-02
   4.2199027e-02
   5.1126368e-02
   2.6778253e-02
   3.5105012e-02
   3.6399234e-02
   1.6388386e-02
   1.0525201e-02
   5.8887904e-03
   1.5453468e-02
   2.3432445e-02
   3.9563287e-02
   4.0057443e-02
   3.2754924e-02
   1.4339804e-02
   1.7539555e-02
   3.1947050e-02
   2.7910145e-02
   2.0063523e-02
   2.1970870e-02
   2.6002223e-02
   2.7759656e-02
   5.2721538e-02
   6.6272423e-02
   4.8778698e-02
   4.6932530e-02
   3.0566130e-02
   2.8568070e-02
   3.3255346e-02
   1.3228997e-02
   3.5969358e-02
   2.7015254e-02
   1.3752395e-02
   4.5290552e-02
   5.6359604e-02
   4.9808089e-02
   2.8517924e-02
   6.2818460e-02
   4.8693720e-02
   5.7676796e-02
   8.7122142e-02
   5.6583453e-02
   6.9832809e-02
   8.1801310e-02
   7.7366292e-02
   5.3314261e-02
   3.5585273e-02
   3.0395875e-02
   1.5026801e-02
   2.0012265e-02
   1.5764659e-02
   4.4279687e-02
   5.9510645e-02
   5.7965696e-02
   2.5215834e-02
   1.4036336e-02
   4.3315034e-02
   3.6330719e-02
   6.1330304e-02
   3.8526990e-02
   4.0382784e-02
   4.3867376e-02
   4.1379694e-02
   8.7235861e-02
   9.6733719e-02
   8.0769800e-02
   4.3706302e-02
   5.3087611e-02
   5.2071959e-02
   2.0521963e-02
   2.9573523e-02
   4.6204042e-02
   2.7586743e-02
   2.4305413e-02
   3.6478322e-02
   2.7325911e-02
   9.8414505e-03
   3.2494433e-02
   5.5492621e-02
   2.1721892e-02
   1.4798434e-02
   3.2872219e-02
   1.8743956e-02
   3.4015860e-02
   2.3963341e-02
   4.6867829e-02
   4.2816252e-02
   3.3696722e-02
   2.5604315e-02
   2.2663897e-02
   2.1164924e-02
   3.4310255e-02
   1.6653353e-02
   4.7968552e-02
   3.6473308e-02
   1.9150127e-02
   2.2665359e-02
   4.5272142e-02
   4.8691534e-02
   3.5430163e-02
   1.4255593e-02
   3.1074610e-02
   4.5022842e-02
   2.8709581e-02
   2.2808220e-02
   9.7360434e-03
   3.2807544e-02
   6.1227649e-02
   5.3768344e-02
   2.4291752e-02
   2.8496692e-02
   3.8325123e-02
   3.6077261e-02
   9.4824284e-03
   9.6024266e-03
   3.3033885e-02
   3.3183686e-02
   2.5985753e-02
   2.6209794e-02
   2.3193460e-02
   1.8784458e-02
   2.4131676e-02
   4.4101585e-02
   5.0027408e-02
   3.7168048e-02
   5.0744940e-02
   2.3652500e-02
   3.8015410e-02
   3.3078697e-02
   1.4091147e-02
   3.3621736e-02
   5.1886283e-02
   5.5264499e-02
   4.6123765e-02
   7.4671738e-02
   5.0514117e-02
   1.9621119e-02
   8.6775506e-03
  -5.5496876e-05
   6.7425277e-03
   2.8903371e-02
   4.7344577e-02
   5.9613932e-02
   2.6380971e-02
   4.2979740e-02
   4.1202489e-02
   4.8857510e-02
   3.5432879e-02
   3.6286864e-02
   2.0838115e-02
   3.2398384e-02
   6.5474361e-02
   8.7604642e-02
   7.4916989e-02
   5.7438958e-02
   3.6401141e-02
   2.8233733e-02
   1.7841006e-02
   4.2277075e-02
   4.9246334e-02
   1.8265119e-01
   5.0590652e-01
   6.3060719e-01
   3.6504653e-01
   1.8969688e-01
   8.4789082e-02
   3.7983045e-02
   4.2385925e-02
   2.4493653e-02
   3.3313294e-03
   1.4044985e-02
   4.0612370e-02
   7.8171507e-02
   1.2397206e-01
   8.2617112e-02
   4.7039390e-02
   3.6626793e-02
   1.7456101e-02
   2.2593793e-02
   3.5401329e-03
   1.6684553e-02
   2.9775014e-02
   1.4129596e-02
   4.0857106e-02
   4.0306423e-02
   3.9824836e-02
   3.1829979e-02
   3.3027291e-02
   6.9674379e-03
   2.3021890e-02
   2.5859695e-02
   2.6166392e-02
   2.5219541e-02
   1.7953103e-02
   4.3797228e-02
   5.5652428e-02
   6.0605746e-02
   4.5936491e-02
   7.8322530e-02
   7.1758583e-02
   4.1570503e-02
   3.4864139e-02
   8.2560107e-02
   1.2250073e-01
   9.6377373e-02
   5.6719586e-02
   5.0634220e-02
   4.3674126e-02
   2.3157520e-02
   5.6884617e-02
   6.3013270e-02
   1.9262789e-02
   1.7023994e-02
   3.9433256e-02
   2.6255317e-02
   3.2677203e-02
   3.8862463e-02
   2.4463566e-02
   3.1442031e-02
   4.1407913e-02
   3.5582326e-02
   2.6769716e-02
   9.6479775e-03
   3.3221286e-02
   5.1200874e-02
   2.8051937e-02
  -3.1449392e-03
   1.1142624e-02
   3.7259478e-02
   4.3318428e-02
   2.6411025e-02
   2.8809607e-02
   2.3599492e-02
   3.8726345e-02
   5.7882041e-02
   3.1873628e-02
   3.1628925e-02
   3.1128338e-02
   2.4885165e-02
   3.6945816e-02
   4.2276807e-02
   8.9068823e-03
   1.2209705e-02
   4.0695444e-02
   2.0041455e-02
   1.1425870e-02
   1.0855959e-02
   2.5974603e-02
   2.5145357e-02
   3.2294817e-02
   3.3489101e-02
   3.9858218e-02
   3.3200026e-02
   1.3618886e-02
   2.2158233e-02
   2.6575629e-02
   3.5356030e-02
   3.2042604e-02
   5.9851132e-02
   1.1335171e-01
   1.4615564e-01
   1.3002570e-01
   6.8597674e-02
   4.3584336e-02
   1.5856965e-02
   1.1696316e-02
   1.8082717e-02
   2.7613163e-02
   4.2146746e-02
   1.9456510e-02
   2.1263674e-02
   4.4325363e-02
   5.4542888e-02
   5.6019034e-02
   4.3163795e-02
   1.9156581e-02
   1.9799095e-02
   4.1825574e-02
   4.7346566e-02
   3.4565609e-02
   2.9197257e-02
   3.3558715e-02
   5.9697121e-02
   1.5312490e-02
   2.7832352e-02
   3.6137938e-02
   3.4964714e-02
   3.6934920e-02
   1.9593041e-02
   1.4610027e-02
   2.1830227e-02
   8.5181938e-03
   1.0754100e-02
   3.1441007e-02
   2.7373083e-02
   2.6182899e-02
   1.1907642e-02
   6.9572497e-03
   1.1854840e-02
   3.0654725e-02
   4.4113357e-02
   4.5897216e-02
   2.1041075e-02
   1.7819256e-02
   4.0008187e-02
   3.4711588e-02
   2.8243959e-02
   2.6945964e-02
   4.8985690e-02
   1.3207159e-03
   6.3611851e-03
   3.4030654e-02
   2.2785807e-02
   4.2107519e-02
   5.5185057e-02
   3.4314174e-02
   5.0910890e-02
   5.1584821e-02
   1.0009373e-02
  -5.9992154e-03
   3.0978896e-02
   4.9988657e-02
   2.5298702e-02
   1.0762636e-02
   3.4111153e-02
   4.6046544e-02
   2.6699929e-02
   4.9409121e-02
   2.8724395e-02
   2.2538655e-02
   2.9162383e-02
   4.5096435e-02
   5.3320821e-02
   4.2862933e-02
   3.4372602e-02
   7.3546596e-02
   3.6615826e-02
   2.5401175e-02
   4.1018531e-02
   5.5644494e-02
   4.8718147e-02
   1.6719524e-02
   2.3247618e-02
   5.0928723e-02
   9.6182562e-02
   5.8250498e-02
   6.4291954e-02
   3.6786262e-02
   3.6838401e-02
   1.1906630e-02
   1.4249717e-02
   3.5354301e-02
   1.3751909e-02
   3.0536372e-02
   7.3277177e-03
   2.5052154e-02
   7.0738725e-02
   8.2049936e-02
   5.1215120e-02
   5.5609003e-02
   2.4565998e-02
   1.4905345e-02
   2.8593533e-02
   2.6568649e-02
   4.5534700e-02
   4.1056614e-02
   4.4714745e-02
   2.9915078e-02
   3.0392243e-02
   4.1324291e-02
   4.3341782e-02
   3.0332159e-02
   3.9189663e-02
   4.1396040e-02
   4.1824523e-02
   4.3692227e-02
   2.2331212e-02
   2.8674653e-02
   3.9238904e-02
   2.7762054e-02
   4.4236496e-02
   4.3773714e-02
   4.0641274e-02
   3.4951586e-02
   1.8042030e-02
   2.2399178e-02
   1.4613402e-02
   3.0989399e-02
   3.0060224e-02
   2.1651462e-02
   2.4362219e-02
   1.4029288e-02
   2.5564998e-02
   2.6716048e-02
   3.1160424e-02
   3.6052268e-02
   3.9061181e-02
   4.0408522e-02
   5.4640066e-02
   2.9200397e-02
   1.1190716e-02
   2.7457610e-02
   4.7971806e-03
   3.3548211e-03
   3.6328372e-02
   5.0247844e-02
   3.9785739e-02
   4.1885875e-02
   2.6120383e-02
   2.9770358e-02
   2.3113707e-02
   1.6736932e-02
   2.7884334e-02
   5.4494485e-02
   5.5614356e-02
   4.7857322e-02
   4.9725838e-02
   4.2163275e-02
   5.5261739e-02
   5.8627389e-02
   3.7424039e-02
   5.4180600e-02
   2.5246825e-02
   1.7122250e-02
   3.7763391e-02
   3.8842924e-02
   4.9227133e-02
   5.0593965e-02
   3.0820772e-02
   2.9348638e-02
   5.3430166e-02
   7.3914863e-02
   7.2859094e-02
   2.6382178e-02
   5.6924758e-04
   3.1452909e-02
   2.8062742e-02
   2.7677303e-02
   2.4356678e-02
   5.2351832e-02
   7.1414702e-02
   3.3572223e-02
   3.4434613e-02
   4.1690443e-02
   6.3585222e-02
   4.4056185e-02
   4.5880720e-02
   4.1764233e-02
   5.0407562e-02
   3.0169163e-02
   4.8303541e-02
   4.2496990e-02
   3.1215865e-02
   3.6530394e-02
   5.7750497e-02
   6.3615315e-02
   7.3620118e-02
   3.4660030e-02
   4.1646652e-02
   4.7329925e-02
   2.9739385e-02
   2.4943711e-02
   1.3671872e-02
   3.4190718e-02
   4.7924466e-02
   6.0232647e-02
   2.1222617e-02
   4.9226057e-02
   3.4490082e-02
   3.0265803e-02
   5.2335732e-02
   2.9372938e-03
   1.2567085e-02
   3.3012446e-02
   3.2402765e-02
   1.8709267e-02
   3.5248369e-02
   5.5821706e-02
   5.4274119e-02
   6.6634908e-02
   6.1557923e-02
   4.4596680e-02
   6.4249970e-02
   8.7771237e-02
   1.6453458e-01
   1.5100169e-01
   8.9106999e-02
   3.2052841e-02
   4.5964498e-02
   3.9287020e-02
   1.2610177e-02
   3.0546600e-02
   7.6893836e-02
   6.2104151e-02
   4.6040550e-02
   5.1423635e-02
   5.0323613e-02
   3.8036667e-02
   3.8935568e-02
   2.5859525e-02
   2.5836015e-02
   1.2562431e-02
   2.9031873e-02
   3.5776388e-02
   1.4462394e-02
   2.9453959e-02
   5.2487116e-02
   1.0335337e-01
   1.3052359e-01
   9.3055815e-02
   7.2358459e-02
   3.2708522e-02
   3.0231355e-02
   2.5415784e-02
   3.5301063e-02
   3.3837035e-02
   3.1514749e-02
   2.6317241e-02
   2.8464256e-02
   4.1203354e-02
   4.3338399e-02
   5.0553232e-02
   6.0468514e-02
   4.3132566e-02
   2.6656076e-02
   1.9350043e-02
   3.8854346e-02
   3.1374894e-02
   2.9731713e-02
   1.4900345e-02
   3.0052243e-02
   5.3770721e-02
   1.7476773e-02
   3.3020895e-02
   1.8436804e-02
   5.3147350e-02
   6.2796675e-02
   6.1552294e-02
   2.4523797e-02
   6.2343653e-02
   5.7948701e-02
   2.5668599e-02
   2.2571906e-02
   3.6225773e-02
   3.2164041e-02
   2.6436195e-02
   1.9028153e-02
   4.4158697e-02
   2.5563680e-02
   3.6847193e-02
   4.1224815e-02
   4.3374311e-02
   2.0725582e-02
   1.3648468e-02
   3.9592613e-02
   3.7487794e-02
   2.8056299e-02
   2.0949200e-02
   1.0967489e-02
   2.9300364e-02
   3.8896065e-02
   3.7805334e-02
   6.9496088e-02
   6.9424123e-02
   2.9265281e-02
   3.0315854e-02
   4.3301105e-02
   2.4282148e-02
   2.2348201e-02
   4.3183868e-03
   2.8077871e-02
   1.4259932e-02
   3.1858839e-02
   7.6426983e-02
   7.3579334e-02
   8.4128760e-02
   7.3585413e-02
   6.3049316e-02
   7.9733714e-02
   8.1781119e-02
   4.6835996e-02
   1.7402853e-01
   3.7889895e-01
   3.1124347e-01
   1.7159346e-01
   7.6587953e-02
   4.2882401e-02
  -1.3925038e-02
  -6.8520289e-03
   7.0892297e-02
   1.0401886e-01
   6.8000391e-02
   6.8163931e-02
   4.9354248e-02
   6.0370646e-02
   4.3020748e-02
   3.3039089e-02
   8.9955024e-02
   9.6151523e-02
   9.5549345e-02
   8.5560031e-02
   9.8329410e-02
   5.1406138e-02
   1.8752117e-02
   5.8389407e-02
   1.8686494e-01
   1.7987280e-01
   9.5846869e-02
   6.2302485e-02
   2.3062197e-02
   2.6032047e-02
   5.6753881e-02
   6.2966488e-02
   5.9944883e-02
   3.7522264e-02
   1.0347488e-02
   3.3152353e-02
   3.5302859e-02
   4.3467630e-02
   7.1036294e-02
   6.4619310e-02
   4.8755374e-02
   7.4288689e-02
   6.5665729e-02
   4.0062696e-02
   2.9880928e-02
   2.8022936e-02
   1.9570502e-02
   2.5904311e-02
   4.1702677e-02
   2.8233593e-02
   4.8065301e-02
   3.5541315e-02
   4.1376173e-02
   4.4216409e-02
   2.9240802e-02
   6.0565200e-02
   1.2375139e-01
   1.5340136e-01
   8.9644007e-02
   2.1825001e-02
   2.6015431e-02
   4.3887910e-02
   1.5055693e-02
   9.5230220e-03
   2.8161027e-02
   5.1643040e-02
   8.1507385e-02
   4.2583164e-02
   3.1266071e-02
   2.9344596e-02
   3.5194810e-02
   2.3627000e-02
   4.9017359e-02
   7.4166141e-02
   6.9562204e-02
   4.7867607e-02
   5.7323828e-02
   7.0597753e-02
   5.9333753e-02
   5.9694864e-02
   6.7675322e-02
   5.8014520e-02
   4.2404931e-02
   3.8975105e-02
   3.6609191e-02
   6.5243661e-02
   1.2970135e-01
   1.9087537e-01
   1.7985384e-01
   7.8614607e-02
   4.7912691e-02
   2.5533933e-02
   4.3863978e-02
   8.7263443e-02
   1.1496793e-01
   5.8060627e-02
   2.8703211e-02
   7.3043481e-02
   3.6432296e-02
   1.0565853e-01
   2.0443791e-01
   2.0595971e-01
   8.5053056e-02
   3.9828036e-02
   2.5918880e-02
   1.2234766e-02
   2.6842931e-02
   3.9017999e-01
   1.4111762e+00
   2.0316594e+00
   1.5428721e+00
   7.3417211e-01
   2.1073583e-01
   2.0158989e-02
  -1.5024725e-02
   1.6297128e-02
   6.1414264e-02
   5.3127915e-02
   6.2171645e-02
   1.4814296e-01
   1.7459582e-01
   8.1570879e-02
   6.2925160e-02
   2.1421799e-01
   4.5332962e-01
   4.2011920e-01
   2.3816568e-01
   1.1271767e-01
   4.4583276e-02
   5.4578166e-02
   1.0218788e-01
   7.3844537e-02
   6.6874333e-02
   2.1003107e-02
   3.3924084e-02
   9.6027926e-02
   9.0096965e-02
   6.8072543e-02
   5.3360727e-02
   3.6498088e-02
   7.0578866e-02
   5.5868980e-02
   2.3853475e-02
   3.5598958e-03
   8.8068852e-03
   1.5569291e-02
   2.3708267e-02
   9.9865504e-02
   1.1395281e-01
   1.1539134e-01
   5.5474810e-02
   3.2403491e-02
   2.2595897e-02
   3.1428929e-02
   4.1788969e-02
   1.2140730e-01
   1.7434843e-01
   2.6143149e-01
   2.2735964e-01
   1.4879510e-01
   7.3701106e-02
   5.1796686e-02
   5.3451665e-02
   5.9051227e-02
   1.4997992e-02
   2.4790710e-02
   3.1583413e-02
   4.2094432e-02
   4.5023784e-02
   8.0348782e-02
   1.1783545e-01
   8.8235222e-02
   2.2780968e-02
   2.0383829e-02
   3.1211231e-02
   1.0818641e-02
   4.5807835e-02
   8.4757432e-02
   1.0261416e-01
   7.9966709e-02
   4.7534231e-02
   1.7404819e-02
   4.2816974e-02
   4.0026676e-02
   3.6888782e-02
   2.1101782e-02
   3.5327699e-02
   3.0102611e-02
   7.8381889e-02
   1.6330062e-01
   1.6732544e-01
   1.3305138e-01
   1.2200623e-01
   8.2553364e-02
   5.0849035e-02
   1.0285130e-02
   6.4186342e-02
   8.7996908e-02
   2.2561283e-01
   4.3928161e-01
   4.4232398e-01
   3.4988734e-01
   1.7358238e-01
   6.8842359e-02
   1.0807656e-01
   1.3613154e-01
   9.4001234e-02
   1.4375684e-01
   3.2847658e-01
   3.5149977e-01
   2.1394953e-01
   1.4154635e-01
   1.5964597e-01
   1.9422704e-01
   2.1157086e-01
   2.1134815e-01
   1.0908996e-01
   2.4521539e-02
   4.1618437e-02
   3.2896575e-02
   4.5704011e-02
   3.5412338e-02
   2.0818280e-02
   3.3282299e-02
   8.4797964e-03
   4.1305114e-02
   5.9835520e-02
   2.1294517e-02
   1.4104368e-02
   1.0111435e-02
   3.1663716e-02
   4.4658739e-02
   8.1885085e-02
   5.8782738e-02
   3.6022626e-02
   7.2649263e-02
   6.2034562e-02
   6.4559825e-02
   6.0967941e-02
   5.1595356e-02
   6.3737325e-02
   2.9039117e-02
   4.8162453e-02
   6.3385218e-02
   6.8972677e-02
   4.4999834e-02
   7.8656495e-02
   8.2253262e-02
   5.1386081e-02
   7.1663499e-02
   6.5765172e-02
   5.1752482e-02
   6.8646342e-02
   1.5797281e-01
   9.5967896e-02
   2.2387797e-02
   5.3422052e-02
   3.4192976e-02
   3.6740825e-02
   4.5796264e-02
   1.5402595e-02
   2.7506413e-02
   6.1946325e-02
   5.4130334e-02
   3.3588085e-02
   2.6883282e-02
   1.5955616e-02
   3.4797981e-02
   7.4388027e-02
   1.9471879e-01
   3.5031876e-01
   4.0360260e-01
   2.4056585e-01
   1.1066478e-01
   6.8596624e-02
   2.6833950e-02
   9.3116704e-03
   1.4426612e-02
  -9.4880471e-03
   4.8257686e-02
   9.0282902e-02
   1.1882717e-01
   5.7283025e-02
   3.9511748e-02
   3.7085064e-02
   3.8229376e-02
   4.5874793e-02
   6.5786310e-02
   1.6448374e-01
   1.7102098e-01
   1.4667569e-01
   7.2367191e-02
   4.1083399e-02
   8.1872031e-02
   6.9649383e-02
   5.4913584e-02
   3.4066886e-02
   6.9370113e-02
   1.1210901e-01
   1.0544483e-01
   5.0992634e-02
   3.7615269e-02
   7.3217256e-03
   4.6338208e-02
   9.2085898e-02
   5.0275989e-02
   4.5591421e-02
   1.8590143e-02
   7.0824057e-02
   8.3850339e-02
   7.1183018e-02
   4.5347720e-02
   6.2735676e-04
   6.0608875e-02
   1.0643674e-01
   6.4472310e-02
   5.7669770e-02
   5.1160239e-02
   5.3418983e-02
   1.3072853e-02
   2.1616697e-02
   3.3196662e-02
   3.2422040e-02
   1.3301910e-02
   9.1192976e-02
   2.0103650e-01
   1.6862240e-01
   6.2646687e-02
   3.2740016e-02
   7.7293590e-02
   4.7776021e-02
   6.3314021e-02
   7.1362622e-02
   8.3623387e-02
   1.3897736e-01
   1.9771977e-01
   1.2067884e-01
   7.3296301e-02
   1.2892498e-01
   2.0198444e-01
   1.6476704e-01
   1.1308085e-01
   3.0236173e-01
   5.9985691e-01
   4.4508815e-01
   1.6642328e-01
   7.6414481e-02
   1.1963373e-01
   1.6888505e-01
   8.7563120e-02
   5.6749322e-02
   7.1528368e-02
   1.8804407e-02
   2.9043423e-04
   4.4792447e-02
   3.3201545e-02
   3.0472117e-02
   5.6814276e-02
   1.1885409e-01
   1.3208194e-01
   6.3787915e-02
   3.1325128e-02
   4.6553440e-02
   6.3886993e-02
   2.4051026e-02
   4.5601021e-02
   7.0311747e-02
   7.0173398e-02
   8.0429554e-02
   9.8083951e-02
   4.5265112e-02
  -3.2732275e-03
   7.0332773e-02
   9.5879421e-02
   7.3038258e-02
   1.1292104e-01
   2.2817594e-01
   2.4788122e-01
   1.5500563e-01
   8.1194885e-02
   8.1313826e-02
   7.2422855e-02
   9.0966538e-02
   2.0947100e-01
   2.8597319e-01
   2.7947286e-01
   3.1117278e-01
   3.0948442e-01
   1.8383166e-01
   1.6493427e-02
   2.9026462e-02
   6.9397591e-02
   8.2551852e-02
   5.7500329e-02
   7.4466564e-02
   7.2788686e-02
   5.6346443e-02
   4.4147979e-02
   3.8053386e-02
   2.9316379e-02
   2.8204622e-02
   1.8090740e-02
   6.8305016e-02
   4.8111562e-02
   6.7832023e-02
   1.1456467e-02
   5.4442477e-03
   1.3014279e-02
   1.2607180e-02
   2.5912168e-02
   4.2854913e-02
   5.0072376e-02
   3.5329726e-02
   6.4498715e-02
   3.2146439e-02
   3.2001775e-02
   6.0834032e-02
   6.3774228e-02
   2.3151688e-02
   3.4923020e-03
   2.6199857e-02
   6.5833211e-02
   4.1859061e-02
   5.6767102e-02
   5.1467922e-02
   3.4139678e-02
   1.7385179e-02
   4.2145193e-02
   4.4623643e-02
   3.5853069e-02
   4.9994316e-02
   7.2576985e-02
   3.3283811e-02
   1.0580617e-02
   6.7085378e-02
   1.3951167e-01
   2.0447376e-01
   1.8794289e-01
   6.4018682e-02
   3.5375893e-02
   1.2225443e-03
   3.4346528e-02
   1.2773490e-01
   5.0667804e-01
   8.1946212e-01
   7.2458917e-01
   4.4676992e-01
   1.7958906e-01
   5.7113174e-02
  -1.9475555e-02
   4.7936875e-02
   6.6326357e-02
   5.5347919e-02
   8.7195992e-02
   1.2248068e-01
   1.1642242e-01
   1.2522076e-01
   8.5893467e-02
   8.3967835e-02
   6.8423785e-02
   4.8024729e-02
   2.8875444e-02
   4.4596750e-02
   7.8072809e-02
   2.8681751e-02
   1.6231211e-02
   2.8049532e-02
   5.5583347e-02
   1.1475205e-01
   9.6973203e-02
   7.8550264e-02
   6.3937306e-02
   9.2635602e-02
   5.9673708e-02
   9.4708592e-02
   2.7301085e-01
   4.4172972e-01
   4.9728814e-01
   3.9075294e-01
   1.9286425e-01
   9.7127840e-02
   6.8516046e-02
   2.7090386e-02
   4.2335815e-03
   8.3465185e-03
   2.1991326e-02
   1.5112206e-01
   3.4502050e-01
   3.9727366e-01
   3.0403841e-01
   2.0160139e-01
   8.4456362e-02
   4.0962603e-02
   4.5842029e-02
   1.2756288e-01
   3.2438430e-01
   3.1564033e-01
   2.7667695e-01
   1.8739657e-01
   1.8041191e-01
   7.9062104e-02
   8.5513413e-02
   6.8161771e-02
   5.2808773e-02
   2.8878940e-02
   1.1257334e-01
   3.0664775e-01
   3.5161108e-01
   4.2536107e-01
   3.3646289e-01
   1.4327365e-01
   6.3411884e-02
   1.4921868e-02
   8.7555707e-02
   5.1554412e-01
   1.1264539e+00
   1.2567254e+00
   8.1469303e-01
   5.9623426e-01
   6.5617603e-01
   6.2264645e-01
   5.0038451e-01
   3.0644956e-01
   7.9501204e-02
   4.3875225e-02
   4.9804842e-01
   2.4266560e+00
   4.5038381e+00
   4.1394339e+00
   2.4501441e+00
   9.6076077e-01
   4.2595157e-01
   2.2730163e-01
   1.9034312e+00
   1.1754880e+01
   2.4842438e+01
   2.4495333e+01
   1.4487124e+01
   5.8799648e+00
   1.8287421e+00
   4.2143151e-01
   8.0187142e-02
   3.9358311e-03
   2.7178779e-01
   1.6559677e+00
   3.5128295e+00
   3.7679794e+00
   2.6702042e+00
   1.2012999e+00
   2.4820103e-01
  -1.4093304e-01
  -1.5801173e-01
   1.1359098e-01
   2.9327083e-01
   5.0599515e-01
   8.4076321e-01
   7.8111678e-01
   5.2132732e-01
   2.2064058e-01
   1.2815437e-01
   1.3196029e-01
   1.0975494e-01
   1.6205308e-01
   2.3586719e-01
   2.9370534e-01
   3.7900934e-01
   7.1206844e-01
   1.2013596e+00
   1.1581209e+00
   6.6008210e-01
   1.9201387e-01
   3.7092119e-02
   6.0471412e-02
   1.8239281e-01
   2.5143829e-01
   2.0748015e-01
   2.0139724e-01
   1.4348345e-01
   1.9946201e-01
   1.5410106e-01
   1.7517936e-01
   2.3748831e-01
   1.9606875e-01
   1.3486034e-01
   7.5036436e-02
   9.5200442e-02
   1.4032528e-01
   1.7915751e-01
   8.2785621e-02
   1.7530859e-03
  -8.6968690e-02
   5.2380491e-02
   1.0192085e-01
   2.7035862e-01
   1.8104340e-01
  -5.4915424e-04
  -3.3842184e-02
  -3.3051163e-02
   1.3880990e-01
   4.4354114e-01
   7.1985990e-01
   7.1680760e-01
   4.9928352e-01
   1.8075654e-01
   6.8607584e-02
   5.6252515e-01
   1.6602377e+00
   2.0430591e+00
   1.3273164e+00
   5.4500127e-01
   2.8169096e-01
   4.9734604e-01
   1.0010660e+00
   1.0934397e+00
   6.9647235e-01
   3.8712078e-01
   3.8807854e-01
   4.2785388e-01
   5.9889889e-01
   2.4924045e+00
   5.7272019e+00
   6.2231541e+00
   4.0036469e+00
   1.7428073e+00
   7.0521671e-01
   2.9512939e-01
   7.9198241e-02
   5.7474352e-02
   6.7260452e-02
   3.9148134e-01
   9.7475821e-01
   1.1462572e+00
   9.2561346e-01
   4.5074874e-01
   1.1516793e-01
  -1.9970438e-03
   7.4133864e-03
   9.3449108e-02
   1.3594690e-01
   2.1596627e-01
   2.3985565e-01
   1.7057095e-01
   1.0451614e-01
   3.1626515e-02
  -2.5040364e-02
   3.0383743e-02
   2.6585553e-02
   7.3392607e-02
   8.6399101e-02
   1.0968615e-01
   1.1315473e-01
   1.7783345e-01
   3.1507742e-01
   2.4673831e-01
   1.1855434e-01
   4.8836004e-02
  -9.3857059e-03
   7.2287552e-02
   1.3483664e-01
   1.5170313e-01
   7.4126080e-02
   7.9055555e-02
   1.1034329e-01
   1.6628297e-01
   7.4628502e-02
   8.6080231e-02
   1.6220300e-01
   1.7356606e-01
   2.2826029e-01
   2.3358735e-01
   1.5988487e-01
   1.0513850e-01
   1.5192733e-02
   2.4348287e-02
   1.8282749e-01
   1.9033030e-01
   2.4878578e-01
   3.0500457e-01
   3.2998052e-01
   2.3474446e-01
   8.3161853e-02
   2.0806061e-01
   4.1537812e-01
   5.2538204e-01
   5.1501966e-01
   3.9093113e-01
   2.4052694e-01
   1.4542443e-01
   3.6598495e-01
   6.9497567e-01
   9.2148167e-01
   7.5212872e-01
   3.9186540e-01
   2.9179782e-02
   6.8357617e-02
   8.1561881e-01
   2.1879158e+00
   2.9992006e+00
   2.5718062e+00
   1.3439347e+00
   4.0808728e-01
   1.2250038e-01
   1.0423514e+00
   4.0224743e+00
   6.4511905e+00
   6.0459175e+00
   3.5782478e+00
   1.6962883e+00
   7.1723068e-01
   3.4793305e-01
   3.4962681e-01
   3.9461508e-01
   5.5257958e-01
   8.6314744e-01
   1.1656728e+00
   9.7058946e-01
   6.9123840e-01
   4.3379313e-01
   3.2158765e-01
   2.0117113e-01
   1.4916489e-01
   1.6218035e-01
   2.2939339e-01
   2.6258418e-01
   2.4338220e-01
   1.9559397e-01
   1.1282142e-01
   1.0741014e-01
   6.0689889e-02
   8.1362434e-02
   3.1701200e-02
   1.2114590e-01
   1.0445891e-01
   1.1076653e-01
   8.6116672e-02
   1.3670473e-01
   1.5912665e-01
   1.0627581e-01
   7.9323210e-02
   2.7008951e-03
   6.9887862e-03
   1.1466897e-01
   1.0220227e-01
   1.1052041e-01
   5.5585116e-02
   1.8911188e-02
   6.3980008e-03
   4.9464237e-02
   5.4557152e-02
   8.3868146e-02
   1.1391775e-01
   1.1924131e-01
   1.4408548e-01
   6.3219756e-02
   1.1811510e-02
   3.0842667e-02
   2.2607936e-02
   6.8909429e-02
   1.1642092e-01
   2.3059632e-01
   2.5107652e-01
   2.8240898e-01
   1.9408034e-01
   1.7188086e-01
   5.9185561e-02
   1.1646024e-01
   2.0689799e-01
   3.0271930e-01
   3.2298309e-01
   2.3068677e-01
   1.1269882e-01
   9.2453711e-02
   1.4981337e-01
   2.7227020e-01
   3.1272998e-01
   2.2935124e-01
   1.1596444e-01
  -2.6623495e-03
   1.0796610e-01
   5.7647836e-01
   9.7421056e-01
   8.6696601e-01
   4.3515155e-01
   1.0312697e-01
   7.0448175e-02
   1.3376394e-01
   7.6796943e-01
   1.6155553e+00
   1.7433492e+00
   1.0793899e+00
   5.8911628e-01
   3.0785000e-01
   1.2396193e-01
   9.5049977e-02
   1.2429813e-01
   1.9766296e-01
   3.0856928e-01
   4.2764744e-01
   3.7724826e-01
   3.0581617e-01
   1.9875945e-01
   1.5077648e-01
   1.4285935e-01
   1.0407795e-01
   1.5558031e-01
   1.2576967e-01
   2.2043897e-01
   1.5912190e-01
   1.2302174e-01
   5.9377097e-02
   6.3565940e-02
   5.8210578e-02
   4.9010549e-02
  -8.7989932e-03
   4.6603292e-02
   8.2503565e-02
   9.2624694e-02
   5.8130726e-02
   2.4663782e-02
   7.8464009e-02
   1.0467003e-01
   8.5729219e-02
   6.8629421e-02
   1.1765190e-01
   7.5265132e-02
   6.3166834e-02
   7.7762038e-02
   6.0778365e-02
   4.2596731e-02
   3.7208922e-02
   6.4454943e-02
   5.7823710e-02
   1.0872377e-01
   1.2870336e-01
   1.3749610e-01
   1.7321901e-01
   1.7661077e-01
   1.3470119e-01
   3.0457217e-02
  -3.1553460e-05
   5.6476705e-02
   8.6825207e-02
   1.5491256e-01
   1.5377481e-01
   7.5324379e-02
   3.9166864e-02
   4.6302397e-02
   7.5136468e-02
   7.8728102e-02
   4.6284668e-02
   1.0282347e-01
   9.5740303e-02
   7.0810273e-02
   3.4762129e-02
   9.7032599e-02
   1.2103781e-01
   1.5603593e-01
   7.4252933e-02
   5.7204958e-02
  -8.0844229e-03
   2.5929453e-02
   2.0987698e-01
   3.4532195e-01
   3.9116067e-01
   2.1863562e-01
   4.4914346e-02
  -4.3244854e-02
   1.7847814e-02
   1.9187351e-01
   4.9325776e-01
   5.4871547e-01
   3.7984392e-01
   1.8835224e-01
   9.4515607e-02
   5.0666422e-02
   8.8278189e-02
   1.6058321e-01
   2.3216252e-01
   1.4447869e-01
   1.3119628e-01
   1.1572931e-01
   8.9981772e-02
   1.0936962e-01
   1.3962820e-01
   1.1747415e-01
   1.1318409e-01
   1.3334846e-01
   6.4574108e-02
   6.4793833e-02
   1.9801758e-01
   3.3624792e-01
   2.8566357e-01
   1.5973721e-01
   2.4475488e-03
  -2.1651575e-02
   2.3586046e-02
   2.5281844e-01
   4.3536913e-01
   2.9271740e-01
   1.2433798e-01
   3.2057825e-02
   2.8939936e-02
   6.0978465e-02
   4.1833347e-01
   1.0701288e+00
   1.2328677e+00
   8.1715941e-01
   4.1685075e-01
   1.0227320e-01
  -2.3701048e-02
   1.3449851e-01
   2.8850022e-01
   3.5147426e-01
   3.2088616e-01
   2.2433950e-01
   1.5332274e-01
   9.9112801e-02
   1.0232324e-01
   1.6027777e-01
   1.5829813e-01
   1.1147467e-01
   6.4457759e-02
   8.4288776e-02
   1.0764831e-01
   8.7595955e-02
   4.3097798e-02
   9.9014910e-04
   1.4516892e-03
   2.1277413e-02
   1.0886910e-02
   2.2650596e-02
   9.0192430e-02
   8.8286795e-02
   7.3070884e-02
   1.3220613e-02
   3.8983148e-02
   3.8224012e-02
   6.7577057e-02
   5.9133910e-02
   9.5009401e-02
   9.4982184e-02
   8.3978564e-02
   1.3062567e-01
   1.8136433e-01
   1.8945807e-01
   1.2019657e-01
   5.3727817e-02
   3.3476669e-02
   3.5249144e-02
   6.3812889e-02
   1.3958040e-01
   2.2229081e-01
   2.0248613e-01
   1.6771808e-01
   6.4229123e-02
   3.1789880e-02
   1.4874581e-02
   4.8120171e-02
   5.7571184e-02
   8.1682809e-02
   7.0745289e-02
   5.0363343e-02
   7.6768003e-02
   8.8730417e-03
   3.4819044e-02
   7.1666613e-02
   1.0968913e-01
   1.5239538e-01
   1.0693800e-01
   3.8746234e-02
   6.3542128e-02
   5.3735849e-02
   4.7977149e-02
   4.7957234e-02
   6.9347821e-02
   9.6312193e-03
   2.9876595e-02
   7.0390992e-02
   1.3326897e-01
   8.9636996e-02
   6.6610239e-02
   1.7778531e-02
  -2.0005463e-02
   2.2193912e-02
   1.6206257e-01
   3.5244724e-01
   3.6251387e-01
   2.6112306e-01
   9.1462515e-02
   3.2320142e-02
   3.2265376e-02
   5.7124108e-02
   1.2214446e-01
   1.6087906e-01
   1.7056800e-01
   1.1374381e-01
   1.2259158e-01
   1.4359021e-01
   1.0003739e-01
   1.4269210e-01
   1.0796820e-01
   8.7191641e-02
   7.3989108e-02
   1.0846266e-01
   1.9281326e-01
   1.3515636e-01
   7.0353732e-02
   4.6279547e-03
   2.2582339e-02
   9.9010825e-02
   2.1381392e-01
   2.2487262e-01
   2.0148720e-01
   1.4623763e-01
   5.8049280e-02
  -2.0111429e-02
   1.8661341e-01
   4.5628536e-01
   5.5933702e-01
   5.0334716e-01
   2.9571664e-01
   1.2729472e-01
   6.0242962e-02
   1.8461518e-01
   4.0194908e-01
   5.5712974e-01
   5.7709986e-01
   5.6280237e-01
   4.2437300e-01
   2.9675037e-01
   6.2034178e-01
   9.8061424e-01
   9.7328633e-01
   5.5824494e-01
   1.9704640e-01
   3.0230820e-02
   2.2087070e-01
   9.3806136e-01
   1.4632090e+00
   1.1508499e+00
   6.9580895e-01
   1.9994622e-01
  -1.2873269e-02
   2.2593240e-01
   1.7925351e+00
   4.0304952e+00
   4.3828897e+00
   2.7914271e+00
   1.2001966e+00
   3.9044592e-01
   2.1074715e-01
   9.9656087e-01
   1.8245876e+00
   1.6906768e+00
   1.2696393e+00
   9.5987248e-01
   6.1345071e-01
   4.6498916e-01
   6.7392123e-01
   9.6543705e-01
   8.5849690e-01
   6.1783403e-01
   3.9101848e-01
   3.3299798e-01
   3.2897142e-01
   6.5973413e-01
   7.4094301e-01
   4.8622450e-01
   2.2915971e-01
   1.1885846e-01
   1.5527791e-01
   1.8337707e-01
   1.5848708e-01
   1.3423723e-01
   1.1609110e-01
   8.0977395e-02
   1.2563261e-01
   8.5059263e-02
   7.2652943e-02
   8.0153622e-02
   1.0967805e-01
   9.3719698e-02
   3.9187983e-02
   2.6069077e-02
   1.0638198e-01
   8.5042149e-02
   6.1712425e-02
   4.2085066e-03
   4.4938315e-02
   8.5617043e-02
   5.2851312e-02
   4.9861860e-02
   1.1962108e-01
   1.1649542e-01
   5.2945986e-02
   4.7709990e-02
   6.1241966e-02
   8.7146699e-02
   2.1689788e-01
   3.2410267e-01
   2.3652692e-01
   1.0402195e-01
   1.0129671e-02
   3.5590306e-02
   8.0600485e-02
   1.8965510e-01
   3.1438765e-01
   3.3847925e-01
   2.3045878e-01
   2.0386758e-01
   2.4671680e-01
   2.5844374e-01
   2.6464450e-01
   1.9450381e-01
   7.3294088e-02
   2.4340661e-02
   1.7222014e-01
   3.6698493e-01
   4.5837986e-01
   3.7682366e-01
   2.0647293e-01
  -1.5299870e-02
   1.4648437e-02
   3.0157650e-01
   1.1092851e+00
   1.6077534e+00
   1.2261773e+00
   6.2572473e-01
   1.8035167e-01
   1.5890479e-02
   1.9635622e-01
   4.3688619e-01
   6.1768466e-01
   5.4202271e-01
   3.9394188e-01
   2.4454123e-01
   1.9614933e-01
   1.9192716e-01
   3.1265065e-01
   3.4836265e-01
   2.0206355e-01
   1.1239567e-01
   9.1937423e-02
   7.7284165e-02
   1.9219391e-01
   2.4481507e-01
   2.5659096e-01
   1.7072976e-01
   9.8871656e-02
   2.9943330e-02
   3.9621595e-02
   5.6022719e-02
   5.0021194e-02
   8.4227569e-02
   7.7572733e-02
   6.4673409e-02
   1.5775780e-01
   2.8639537e-01
   3.5954845e-01
   2.8057137e-01
   1.2937640e-01
   9.6611395e-02
   4.0098269e-02
   2.5640301e-02
   9.8073944e-02
   4.1885771e-02
   5.1696412e-02
   1.0609699e-01
   6.4357102e-02
  -4.4383188e-03
   5.6907970e-02
   1.1213328e-01
   8.5791484e-02
   2.0720448e-02
   4.0875636e-02
   5.5304367e-02
   1.0014398e-01
   1.0997341e-01
   1.0424174e-01
   2.3878777e-02
  -1.3365056e-03
   2.3826705e-02
   3.3019744e-02
   6.1678335e-02
   9.4481260e-02
   1.5096740e-01
   2.5589314e-01
   2.3226154e-01
   2.0968647e-01
   1.3263948e-01
   1.0478891e-01
   1.4086822e-01
   2.0770526e-01
   5.6148452e-01
   8.9131206e-01
   8.0495626e-01
   5.8648890e-01
   3.7195459e-01
   1.4947411e-01
   1.2052277e-01
   1.8380113e-01
   3.4852180e-01
   4.8575974e-01
   8.8622743e-01
   9.8957801e-01
   5.9564078e-01
   2.2650687e-01
   8.5728846e-02
   2.1132218e-02
   1.2235048e-01
   3.1146276e-01
   3.3314919e-01
   2.3200357e-01
   1.4879084e-01
   9.5991723e-02
   5.8431968e-02
   5.3256199e-02
   1.1095757e-01
   9.6604921e-02
   4.8061199e-02
   1.1694782e-02
   3.7202988e-02
   1.0609253e-01
   1.7630088e-01
   1.2819996e-01
   8.3331533e-02
   6.7074127e-02
   5.4551620e-02
   6.5547317e-02
   7.4289590e-02
   3.5841350e-02
   4.8330858e-02
   3.7806164e-02
  -1.4906625e-03
   4.2816371e-02
   8.7489873e-02
   1.3000681e-01
   1.0689486e-01
   1.1364406e-01
   8.7309226e-02
   5.8418117e-02
   4.6602808e-02
   3.1524714e-02
   4.7098637e-02
   5.1789813e-02
   6.9858484e-02
   6.6965513e-02
   8.9476235e-02
   1.2522104e-02
   3.7351731e-02
   5.5301730e-02
   4.5375854e-02
   4.8447847e-02
   3.7271302e-02
   7.0389986e-02
   1.0872532e-01
   9.9614792e-02
   1.2494614e-01
   1.1811306e-01
   1.0931468e-01
   6.9366135e-02
   4.9936082e-02
   6.8503492e-02
   7.7140175e-02
   7.8219339e-02
   5.3347185e-02
   8.7825708e-02
   6.2646672e-02
   6.0242984e-02
   4.7587160e-02
   5.1689632e-02
   1.6793050e-01
   2.0766820e-01
   1.9882721e-01
   1.5018971e-01
   1.0013150e-01
   6.8378754e-02
   1.6375370e-02
   8.4352911e-02
   9.8564118e-02
   1.8206304e-01
   3.0484098e-01
   2.8897655e-01
   2.2479923e-01
   7.4248329e-02
   7.4280500e-03
   1.9242575e-02
   7.6126821e-02
   1.7239484e-01
   1.4876106e-01
   1.0072293e-01
   9.3322754e-02
   4.7244810e-02
   3.9253730e-02
   9.3989156e-02
   8.4482834e-02
   4.2279169e-02
   5.4942276e-02
   6.9263369e-02
   3.3998292e-02
   5.7659879e-02
   7.5935200e-02
   5.3380005e-02
   8.1964239e-02
   5.6746550e-02
   4.6358015e-02
   4.7971204e-02
   8.0407597e-02
   3.0723605e-02
   6.8517469e-02
   8.5553229e-02
   5.9469141e-02
   7.3204055e-02
   8.2772084e-02
   5.9772164e-02
   4.5061696e-02
   4.1728850e-02
   2.9121384e-02
   2.0725410e-02
   4.3605290e-02
   4.3424562e-02
   4.2984884e-02
   7.4106000e-02
   7.1448423e-02
   7.9583094e-02
   7.5010769e-02
   7.3102735e-02
   7.0038259e-02
   7.4787818e-02
   4.9492665e-02
   2.4111148e-02
   3.0829947e-02
   5.0101168e-02
   4.4226333e-02
   3.1100782e-02
   4.1879419e-02
   6.2905148e-02
   3.4734868e-02
   2.6796749e-02
   5.8619630e-02
   4.9283721e-02
   8.7233543e-02
   1.1716320e-01
   7.1202517e-02
   4.9106557e-02
   2.1652576e-02
   2.4366157e-02
   3.8397528e-02
   5.9817027e-02
   1.1531851e-01
   9.8998249e-02
   1.0074586e-01
   7.3240511e-02
   4.3559004e-02
   4.3729935e-02
   4.3148078e-02
   6.5348662e-02
   9.4216146e-02
   1.2716503e-01
   1.2052227e-01
   8.0965690e-02
   7.8108661e-02
   4.0035538e-02
  -7.7929497e-03
   3.8674407e-02
   4.5506444e-02
   4.8129018e-02
   4.1463777e-02
   6.2810890e-02
   2.2121850e-02
   2.3677120e-02
   3.3982921e-02
   4.5202229e-02
   5.6143887e-02
   5.4317828e-02
   4.3476164e-02
   5.4973736e-02
   5.7269968e-02
   3.0573392e-02
   2.1530597e-02
   3.6602162e-02
   3.1363547e-02
   3.6996093e-02
   5.0208040e-02
   1.2775204e-02
   8.2999794e-03
   1.6928410e-02
   1.9272052e-02
   3.6529589e-02
   6.8292148e-02
   6.6829167e-02
   6.3869245e-02
   4.8676241e-02
   2.6310200e-02
   4.5785621e-02
   3.4764640e-02
   6.0853578e-02
   5.9151012e-02
   6.4674824e-02
   6.0376927e-02
   3.6782008e-02
   6.7062818e-02
   8.6945266e-02
   6.9900982e-02
   2.9586475e-02
   5.2854635e-02
   5.1249225e-02
   4.0145800e-02
   1.8789476e-02
   4.6597451e-02
   3.6975071e-02
   2.0820914e-02
   2.7182555e-02
   5.9804529e-02
   5.7952076e-02
   4.5191053e-02
   5.4109331e-02
   7.8281999e-02
   8.1029609e-02
   5.2552722e-02
   3.0471705e-02
   4.5040093e-02
   5.6760259e-02
   2.7927518e-02
   4.0418591e-02
   7.3505677e-02
   7.0487306e-02
   7.5315289e-02
   7.8182139e-02
   8.5916836e-03
   2.5774261e-02
   3.8589809e-02
   4.4875789e-02
   2.3168709e-02
   3.0085431e-02
   5.8221046e-02
   8.7789312e-02
   6.2057186e-02
   4.6866152e-02
   6.5854243e-03
   2.3442678e-02
   2.7773667e-02
   2.3305327e-02
   4.9071018e-02
   3.6443450e-02
   1.8271530e-02
   2.9750042e-02
   6.1094496e-02
   1.8689597e-02
   2.3427015e-02
   1.5595575e-02
   4.7064688e-02
   3.5487685e-02
   2.7417431e-02
   5.7283491e-02
   4.1286934e-02
   2.2333845e-02
   7.3398255e-02
   6.7620479e-02
   4.4735037e-02
   3.1802949e-02
   3.5568535e-02
   4.9693760e-02
   6.9687262e-02
   2.5707286e-02
   1.7246453e-02
   3.6883567e-02
   5.8086257e-02
   6.3347511e-02
   5.1200368e-02
   3.2766204e-02
   3.1997707e-02
   4.1479085e-02
   5.8361307e-02
   6.1047923e-02
   2.4428362e-02
   1.3444259e-02
   2.1169884e-02
   4.4142712e-02
   3.4720305e-02
   2.8150780e-02
   3.4821130e-02
   4.6628375e-02
   7.1111605e-02
   5.0643697e-02
   4.4494309e-02
   2.1814207e-02
   2.3754213e-02
   6.3262455e-02
   6.0267739e-02
   5.8050089e-02
   6.3294217e-02
   1.9576879e-02
   2.4702175e-02
   4.2811453e-02
   5.7530973e-02
   6.9784105e-02
   5.8738876e-02
   3.0507166e-02
   9.0315683e-05
   1.4282311e-02
   4.3847017e-02
   5.5886969e-02
   3.9844908e-02
   4.2097874e-02
   3.0807357e-02
   4.9627393e-02
   1.7040292e-02
   1.5396309e-02
   2.9999180e-02
   2.5833456e-02
   6.4239047e-02
   7.9020791e-02
   5.9609678e-02
   6.6937298e-02
   2.7787099e-02
   3.7942823e-02
   7.0429660e-02
   1.2019858e-01
   1.1274957e-01
   6.0249265e-02
   4.2572621e-02
   4.1023210e-02
   4.2454489e-02
   4.1542437e-02
   6.8159088e-02
   4.6907298e-02
   6.2117692e-02
   3.5577301e-02
   2.1319102e-02
   2.8564826e-02
   3.9691734e-03
   2.7220830e-02
   3.9449070e-02
   7.0215859e-02
   6.4295195e-02
   5.5934634e-02
   6.6248812e-02
   2.9314771e-02
   2.7510300e-02
   4.5233276e-02
   5.1953495e-02
   7.3741980e-02
   8.8303834e-02
   7.3231146e-02
   3.4806453e-02
   3.2433823e-02
   6.1363686e-02
   4.3840069e-02
   3.6427211e-02
   3.2172766e-02
   5.6208353e-02
   4.7036212e-02
   3.2429218e-02
   4.1358579e-02
   2.6420586e-02
   1.7061854e-02
   1.1004664e-02
   5.3162452e-02
   4.2662825e-02
   4.2531010e-02
   4.1014340e-02
   4.6064921e-02
   6.2042806e-02
   6.0640968e-02
   4.0805064e-02
  -5.2319900e-03
   2.4619158e-02
   5.3351279e-02
   1.4312759e-01
   1.9019054e-01
   1.5074874e-01
   5.8791373e-02
   5.0698716e-02
   7.7176355e-02
   6.0880203e-02
   7.0568450e-02
   6.0182512e-02
   6.4081885e-02
   2.1366826e-01
   4.2484951e-01
   4.2052367e-01
   2.2016262e-01
   8.7999880e-02
   3.7603892e-02
   1.6387551e-01
   6.9289088e-01
   1.5156170e+00
   1.5643407e+00
   9.3475765e-01
   4.1231450e-01
   1.3583231e-01
   1.6211250e-01
   4.1701445e-01
   5.8651680e-01
   5.3304279e-01
   4.4535673e-01
   3.1739491e-01
   1.7176975e-01
   1.0631403e-01
   2.5144663e-02
   4.8198695e-03
   6.5109365e-02
   1.5071538e-01
   1.5404126e-01
   1.4879836e-01
   9.0168960e-02
   5.1918544e-02
   2.4819303e-02
   2.3370514e-02
   4.7513090e-02
   8.8140786e-02
   5.0916746e-02
   5.2311264e-02
   4.3128505e-02
   4.9133852e-02
   5.4783083e-02
   4.0638894e-02
   5.6819148e-02
   6.3257501e-02
   3.2476816e-02
   3.4481227e-02
   6.3197434e-02
   3.0439893e-02
   1.2711244e-02
   4.3182809e-02
   4.0057108e-02
   4.9739696e-02
   5.9925813e-02
   5.4025289e-02
   2.4411852e-02
   3.5744175e-02
   1.1211248e-02
   1.9826675e-02
   1.3020722e-02
   1.8956050e-02
   4.2654630e-02
   8.0691151e-02
   9.6130893e-02
   7.8167595e-02
   4.8727110e-02
   2.4240484e-02
   5.3437073e-02
   5.5457827e-02
   5.8240190e-02
   5.3291164e-02
   3.2658599e-02
   1.9882292e-02
   2.6217522e-02
   2.7139394e-02
   6.7609936e-02
   4.4258602e-02
   1.8886158e-02
   4.1134600e-02
   8.6613104e-02
   1.3056296e-01
   9.6981525e-02
   5.3870037e-02
   4.5824241e-02
   2.9813450e-02
   1.7300123e-01
   3.3680889e-01
   3.7820020e-01
   2.5892428e-01
   1.1303014e-01
   3.8573425e-02
   4.4739623e-02
   9.8746844e-02
   1.1242136e-01
   1.2552963e-01
   1.2746346e-01
   1.0440361e-01
   9.2799038e-02
   4.4902559e-02
   5.2828658e-02
   4.1730270e-02
   3.0954676e-02
   6.5357484e-02
   4.6138383e-02
   6.9710702e-02
   4.4575710e-02
   2.5954889e-02
   2.1326430e-02
  -1.0543744e-02
  -4.4493889e-03
   6.3222721e-03
   2.5787039e-02
   4.6656523e-02
   3.6208849e-02
   4.4791106e-02
   6.9997177e-02
   4.7320947e-02
   4.1737884e-02
   3.8043603e-02
   5.2154981e-02
   1.4951253e-02
   2.9656505e-02
   2.1683900e-02
   2.5458956e-02
   3.3898205e-02
   5.2898116e-02
   3.7748333e-02
   3.2201793e-02
   4.4415083e-02
   3.0218497e-02
   1.7500462e-02
   7.2896555e-03
   3.4985095e-02
   1.6800838e-02
   2.9837361e-02
   4.8580248e-02
   4.3289337e-02
   5.7603389e-02
   2.6843416e-02
   4.9356904e-02
   2.4178587e-02
   2.7129233e-02
   3.3811335e-02
   1.9235086e-02
   3.5301473e-02
  -8.7175687e-04
  -4.5379591e-03
   1.5275754e-02
   5.9710752e-02
   3.7046470e-02
   2.8920528e-02
   5.8395606e-02
   4.5709923e-02
   5.9333757e-02
   6.4499684e-02
   3.5341907e-02
   4.7129802e-02
   7.2510689e-02
   6.3026749e-02
   7.5353667e-02
   1.4224647e-01
   1.1511707e-01
   8.3186746e-02
   3.2011744e-02
   2.9017877e-02
   6.1003596e-02
   6.5414578e-02
   7.0178673e-02
   5.5879060e-02
   7.1623154e-02
   4.4803809e-02
   1.4707666e-02
   4.0205840e-02
   4.1266881e-02
   3.8897619e-02
   3.5666306e-02
   3.7683424e-02
   4.3311529e-02
   5.7803232e-02
   4.8657570e-02
   4.8775021e-02
   6.6618010e-02
   3.7085809e-02
   2.0110499e-02
   4.5097046e-02
   3.6716010e-02
   4.5842387e-02
   3.6366638e-02
   4.3293178e-02
  -6.6670775e-04
   1.4603983e-02
   4.1227397e-02
   3.2346375e-02
   3.6079980e-02
   4.6466343e-02
   4.3097645e-02
   4.5255743e-02
   5.1076766e-02
   4.3591261e-02
   5.7639845e-02
   5.7977781e-02
   4.9395610e-02
   2.8157828e-02
   2.7687909e-02
   2.2561099e-02
   3.1139525e-02
   3.2561027e-02
   2.8540529e-02
   3.7627660e-02
   3.3138063e-02
   3.5955057e-02
   3.2096691e-02
   3.1725977e-02
   3.5744302e-02
   4.2803239e-02
   6.2174369e-02
   6.2976539e-02
   4.2278744e-02
   2.2455318e-02
   3.4630530e-02
   2.7468780e-02
   4.5009822e-02
   4.4329666e-02
   3.2314852e-02
   3.7543487e-02
   4.3077614e-02
   4.3812763e-02
   3.8357835e-02
   1.8106958e-02
   3.0886536e-02
   1.8450838e-02
   8.7254699e-03
   5.3785942e-02
   4.6849210e-02
   6.5565750e-02
   4.7294658e-02
   3.2218251e-02
   2.6062071e-02
   1.5317631e-02
   3.6257297e-02
   3.6801558e-02
   1.7856020e-02
   2.6682215e-02
   2.7356537e-02
   3.5059769e-02
   3.6442313e-02
   4.2858232e-02
   4.9633268e-02
   3.8032856e-02
   1.6977161e-02
   1.5867651e-02
   3.1818721e-02
   2.1856815e-02
   1.0926553e-02
   1.6798332e-02
   4.2004980e-02
   2.4981983e-02
   4.2470850e-02
   2.7918020e-02
   3.3241794e-02
   3.8231786e-02
   3.5424735e-02
   3.3190615e-02
   2.6803661e-02
   3.1495105e-02
   3.5885185e-02
   2.5281433e-02
   4.2486697e-02
   3.5922013e-02
   6.0242150e-02
   5.3305265e-02
   2.9707324e-02
   1.9062258e-02
   3.5082597e-02
   2.2982519e-02
   4.6950229e-02
   3.7215501e-02
   4.1651394e-02
   3.5046466e-02
   3.0842863e-02
   3.9056756e-02
   1.4685034e-02
   5.3421529e-03
   1.1771769e-02
   2.4335533e-02
   2.2542074e-02
   2.2572938e-02
   3.8924560e-02
   2.5332887e-02
   3.2196153e-02
   1.8862193e-02
   3.0241294e-02
   3.4298550e-02
   3.7858367e-02
   8.2475860e-03
   1.3911387e-02
   3.0382721e-02
   4.5342356e-02
