   2.0389957e-02
   2.4984729e-02
   2.3262491e-02
   1.7309502e-02
   1.1088312e-02
   2.0010155e-02
   1.3045778e-02
   1.9313166e-02
   5.6262102e-02
   5.5623315e-02
   2.9534444e-02
   2.5063543e-02
   2.3523465e-02
   1.9176366e-02
   3.1315763e-02
   3.1968698e-02
   3.2340236e-02
   4.8975110e-02
   3.8885541e-02
   4.0262595e-02
   3.9541326e-02
   3.6016483e-02
   2.3921626e-02
   2.7175458e-02
   2.9207062e-02
   3.5080653e-02
   4.6350565e-02
   4.9543727e-02
   5.1973782e-02
   1.6556032e-02
   4.3476954e-02
   2.3923961e-02
   5.0228033e-03
   2.2167649e-02
   4.6492331e-02
   3.2531343e-02
   2.7360301e-02
   3.6363855e-02
   3.3533011e-02
   2.2998724e-02
   4.8419241e-02
   2.7067507e-02
   3.2643162e-02
   1.9242303e-02
   2.4846828e-02
   2.2667661e-02
   1.5905142e-02
   3.2169059e-02
   2.6781691e-02
   2.3419240e-02
   2.6191011e-02
   2.0620769e-02
   3.7239639e-03
   2.6757529e-02
   2.1862751e-02
   3.0474780e-02
   2.8167345e-02
   1.1225877e-02
   7.3371190e-03
   3.8743082e-02
   3.9467603e-02
   1.8577000e-02
   3.5308067e-02
   2.3373004e-02
   2.3877239e-02
   2.6598699e-02
   3.7558172e-02
   1.4254281e-02
   7.6443031e-03
   1.5802924e-02
   4.1395824e-02
   3.3381820e-02
   2.4734776e-02
   2.9271070e-02
   3.3411432e-02
   2.6369987e-02
   1.2770808e-02
   3.3611178e-02
   2.4973271e-02
   1.9256026e-02
   1.3085370e-02
   1.9604230e-02
   2.0863218e-02
   3.4391008e-02
   3.0822618e-02
   4.3327563e-02
   4.8879094e-02
   2.2742126e-02
   1.9804379e-02
   2.9661706e-02
   1.9843578e-02
   3.3315629e-02
   2.1040881e-02
   3.0571122e-02
   3.5700824e-02
   3.3954758e-02
   2.8218018e-02
   2.4070920e-02
   3.3367492e-02
   5.8086131e-02
   2.9237626e-02
   5.5278018e-03
   1.9970296e-02
   9.1376612e-03
   2.2364618e-02
   3.9167438e-02
   2.7438313e-02
   3.9980859e-02
   4.9282547e-02
   2.4966812e-02
   1.6962741e-02
   2.1812685e-02
   1.3931876e-02
   2.3183957e-02
   2.2556597e-02
   2.7949132e-02
   2.5364555e-02
   2.6686987e-02
   4.1543342e-02
   4.2221405e-02
   5.1387515e-02
   4.8009228e-02
   3.2279305e-02
   3.3772718e-02
   3.4595992e-02
   1.4379160e-02
   1.1270955e-02
   1.8694410e-02
   3.0436592e-02
   1.5984489e-02
   3.5310078e-02
   2.0287599e-02
   2.5579009e-02
   1.8126188e-02
   1.0923723e-02
   3.2849919e-02
   4.3802746e-02
   1.3895112e-02
   1.5926955e-02
   3.6072645e-02
   2.5302047e-02
   5.6348369e-03
   2.1406947e-02
   1.5289254e-02
   2.6295569e-02
   4.6298686e-02
   2.7729578e-02
   2.2177154e-02
   3.0276353e-02
   3.0311795e-02
   1.8667860e-02
   2.3912931e-02
   3.2683697e-02
   3.9205413e-02
   1.3455673e-02
   1.9488733e-02
   2.1200459e-02
   4.4447314e-02
   4.5121301e-02
   4.0933099e-02
   4.4948664e-02
   1.9535162e-02
   2.2492083e-02
   1.2719755e-02
   2.6700325e-02
   2.9894823e-02
   2.4093239e-02
   1.3102189e-02
   2.7603887e-02
   5.0576512e-02
   4.4471066e-02
   3.7974164e-02
   3.4312602e-02
   2.2835283e-02
   3.3514101e-02
   1.7418807e-02
   3.7893346e-03
   4.1540653e-02
   5.4590378e-02
   4.0410265e-02
   3.1752184e-02
   3.3744883e-02
   4.3984585e-02
   3.6473498e-02
   3.4357950e-02
   3.0657003e-02
   1.4948911e-02
   1.8216789e-02
   2.6945027e-02
   3.5765059e-02
   1.4187733e-02
   3.4877177e-02
   3.2017950e-02
   4.4568595e-02
   4.4993680e-02
   3.0929258e-02
   3.9226271e-02
   3.7456129e-02
   2.6420720e-02
   1.0171649e-02
   2.9458724e-02
   3.7420761e-02
   1.4525604e-02
   1.6354427e-02
   3.8890112e-02
   4.2808183e-02
   4.9723443e-02
   4.0882010e-02
   4.8458748e-02
   5.7236098e-02
   4.8590511e-02
   2.9007696e-02
   4.2314264e-03
   1.6783355e-02
   2.5334844e-02
   9.3366355e-03
   1.5757455e-02
   1.9881660e-02
   1.6062785e-02
   3.4216858e-02
   3.5565235e-02
   3.3234481e-02
   3.7716120e-02
   4.9348678e-03
   1.5252501e-02
   4.5275468e-02
   6.4887471e-02
   3.6142774e-02
   3.5670314e-02
   3.6467180e-02
   2.4413886e-02
   3.6682006e-02
   4.5220263e-02
   3.3818536e-02
   2.4033621e-02
   2.7794039e-02
   5.0101459e-02
   4.5791358e-02
   1.9298097e-02
   4.2505987e-02
   3.6375608e-02
   4.9645446e-02
   5.6903981e-02
   3.3690590e-02
   1.9737560e-02
   2.9394960e-02
   1.6978784e-02
   2.9179785e-02
   4.0552787e-02
   2.4667062e-02
   1.0758813e-02
   2.3856424e-02
   3.5094809e-02
   2.5203276e-02
   2.8313659e-02
   3.1851068e-02
   2.3780117e-02
   2.1182232e-02
   2.3476107e-02
   2.3001108e-02
   2.7791940e-02
   4.4752777e-02
   1.9120106e-02
   2.0265061e-02
   2.5984263e-02
   2.4184015e-02
   2.5525788e-02
   3.6439229e-02
   3.0498710e-02
   2.1268941e-02
   2.2502061e-02
   1.8972933e-02
   1.1064611e-02
   3.7751157e-02
   3.5879642e-02
   3.3364139e-02
   4.8023079e-02
   6.0523592e-02
   1.9833440e-02
   3.5987042e-02
   4.0744793e-02
   4.3845270e-02
   4.4937670e-02
   4.8048530e-02
   3.9511140e-02
   3.5673603e-02
   3.4979433e-02
   1.9767206e-02
   3.9465524e-02
   2.9170670e-02
   4.6921361e-02
   1.1076014e-02
   2.7797138e-02
   2.9146109e-02
   2.0394400e-02
   5.2847289e-02
   6.4849675e-02
   3.8568933e-02
   2.2974312e-02
   2.5256710e-02
   1.9031992e-02
   8.9906063e-03
   2.8603995e-02
   2.6269637e-02
   3.8083661e-02
   5.7658035e-02
   6.2886976e-02
   2.9427256e-02
   2.7069941e-02
   4.1588239e-02
   2.9974904e-02
   4.6827976e-02
   2.2840725e-02
   2.9741734e-02
   3.6128432e-02
   2.2623235e-02
   4.9636144e-02
   2.9931871e-02
   1.6379070e-02
   4.0399849e-02
   3.6255628e-02
   2.2629967e-02
   1.5453978e-02
   5.1608890e-02
   4.9973544e-02
   5.5353288e-02
   5.9428051e-02
   4.2145565e-02
   4.3825630e-02
   4.2569239e-02
  -3.6093995e-03
   2.2098539e-02
   2.3005437e-02
   2.8835978e-02
   2.6836675e-02
   3.8024805e-02
   3.3066988e-02
   4.4108108e-02
   3.7960965e-02
   4.1464552e-02
   1.5721941e-02
   1.8689111e-02
   4.5113742e-02
   7.4789360e-02
   3.6743406e-02
   3.2189660e-02
   2.2419304e-02
   2.6541201e-02
   4.7762055e-02
   3.2823481e-02
   3.9880745e-02
   4.3063935e-02
   4.3629963e-02
   2.4400728e-02
   2.9079860e-02
   1.9735252e-02
   3.8712941e-02
   8.0370218e-02
   7.1513191e-02
   5.1182456e-02
   3.6039613e-02
   3.1778701e-02
   2.1080125e-02
   3.5531864e-02
   5.0000075e-02
   4.3328583e-02
   3.3127252e-02
   2.4101164e-02
   2.1996930e-02
   8.2597071e-03
  -3.3152280e-03
   6.3781976e-03
   2.8749686e-02
   4.3066446e-02
   4.0956724e-02
   4.0569469e-02
   2.7477039e-02
   1.9497875e-02
   3.3912312e-02
   2.4620218e-02
   1.0585078e-02
   3.4247342e-02
   2.7508108e-02
   3.0190459e-02
   2.2910498e-02
   3.0265262e-02
   4.0186901e-02
   4.4293448e-02
   2.8943259e-02
   1.7044777e-02
   2.2279857e-02
   5.2734250e-03
   3.9147682e-02
   3.6816280e-02
   5.9764262e-02
   3.2691374e-02
   2.8979855e-02
   3.7043191e-02
   4.6320934e-02
   3.2821950e-02
   3.5974566e-02
   4.8337806e-02
   5.7757091e-02
   2.7889891e-02
  -3.4604591e-04
   1.3105065e-02
   2.5952904e-02
   2.5611445e-02
   2.3709144e-02
   3.8205538e-02
   2.0746253e-02
   4.5428336e-02
   3.0440170e-02
   2.5518969e-02
   7.1922891e-02
   1.0987694e-01
   1.3133669e-01
   7.3111646e-02
   4.7954433e-02
   3.0634282e-02
   3.8260229e-02
   4.6041597e-02
   5.1979944e-02
   3.9190739e-02
  -3.9577479e-03
   1.0414321e-02
   3.4635194e-02
   2.8737258e-02
   3.0507866e-02
   5.1471643e-02
   4.3864727e-02
   3.3467151e-02
   3.5301641e-02
   2.7397096e-02
   2.3544215e-02
   3.7936080e-02
   3.3958059e-02
   4.3179955e-02
   1.9391995e-02
   3.1668879e-02
   3.1951033e-02
   1.4857947e-02
   1.3330108e-02
   3.5901833e-02
   2.2761894e-02
   2.2019623e-02
   2.7775137e-02
   5.0473865e-02
   4.8109446e-02
   3.1876385e-02
   1.2987530e-02
   1.8355597e-02
   3.2150038e-02
   4.2834159e-02
   4.2078797e-02
   9.9391108e-03
   3.2781389e-02
   3.3893317e-02
   2.8385170e-02
   8.9557962e-03
   6.4562671e-03
   7.8714490e-03
   1.3504828e-02
   2.7442507e-02
   1.9873139e-02
   2.5634760e-02
   2.3178393e-02
   4.1566908e-02
   4.9975917e-02
   4.7217216e-02
   3.6365803e-02
   1.6389398e-02
   2.3775438e-02
   3.2512266e-02
   1.3447749e-02
   2.7020622e-02
   3.1592641e-02
   2.9735133e-02
   4.1008640e-02
   2.7692677e-02
   2.2899862e-02
   2.4921305e-02
   2.1382159e-02
   2.0353356e-02
   3.7913729e-02
   3.0980973e-02
   1.4809413e-02
   3.4944959e-02
   2.0612236e-02
   4.3906096e-02
   4.0048622e-02
   4.7805388e-02
   4.1326497e-02
   2.8584786e-02
   3.1549834e-02
   8.1521325e-02
   9.5458329e-02
   4.2986639e-02
   1.9079948e-02
  -2.4461667e-03
   3.7230227e-02
   3.7900105e-02
   1.6622812e-02
   3.7849780e-02
   1.9869789e-02
   2.0854585e-02
   8.7479623e-03
   2.8545221e-02
   3.7259307e-02
   2.6799245e-02
   2.4925392e-02
   8.6901234e-03
   2.4393477e-02
   3.5937089e-02
   3.9241683e-02
   4.4391885e-02
   1.5980050e-02
   2.6010798e-02
   9.4913850e-03
   1.7972859e-02
   3.0287800e-02
   3.6028441e-02
   2.7277408e-02
   2.7245855e-02
   2.5601339e-02
   2.0922989e-02
   2.0026520e-02
   1.4877274e-02
   5.7341149e-03
   8.7027373e-03
   2.3379531e-02
   4.6686459e-02
   1.0528202e-01
   8.2983829e-02
   2.8435560e-02
   3.1871554e-02
   5.0945178e-02
   1.3077101e-01
   2.0781533e-01
   1.1229628e-01
   6.4789586e-02
   7.8650162e-02
   7.3219962e-02
   3.6826394e-02
   5.2746736e-02
   4.3103188e-02
   3.7570775e-02
   4.9226534e-02
   3.3703472e-02
   3.9926615e-02
   4.1985523e-02
   4.8332117e-02
   3.9413720e-02
   1.7198555e-02
   1.0522649e-02
   5.5505052e-02
   5.8174182e-02
   4.1955568e-02
   2.6851770e-02
   5.5396847e-02
   1.3490693e-01
   1.9399795e-01
   1.5094386e-01
   6.5833941e-02
   6.7637250e-02
   3.4115013e-02
   1.9465588e-02
   2.7927224e-02
   6.2825613e-02
   9.1972701e-02
   6.3131802e-02
   2.3329068e-02
  -9.8550003e-03
   4.7347695e-02
   1.1065341e-01
   7.5565703e-02
   4.2261496e-02
   2.3478655e-02
  -3.6077381e-03
   3.5932744e-03
   1.3517128e-02
   2.6901852e-02
   4.7691327e-02
   6.9185525e-02
   5.3149749e-02
  -2.9593189e-03
  -2.6211444e-02
   9.1141619e-02
   2.7567601e-01
   2.5864556e-01
   1.2973352e-01
   1.4318961e-01
   1.1577998e-01
   8.6169593e-02
   3.5573673e-02
   1.6207467e-01
   7.6986444e-01
   9.5227331e-01
   5.0406033e-01
   1.8297416e-01
   1.5026006e-01
   1.7393634e+00
   5.7173357e+00
   5.4040747e+00
   2.1129003e+00
   4.8170239e-01
   1.3687347e-01
   1.0671444e-01
   2.2178560e-01
   5.9952474e-01
   7.1690661e-01
   3.6358288e-01
   1.1606434e-01
   3.2294836e-02
   4.7190890e-02
   1.3180330e-01
   2.1406548e-01
   1.6757682e-01
   6.6712052e-02
   7.9321899e-02
   9.0875261e-02
   9.5017739e-02
   6.1839119e-02
   9.4776720e-02
   2.2810079e-01
   4.5586428e-01
   2.9676071e-01
   5.3632163e-02
   5.5382904e-03
   3.4756199e-02
   4.8794661e-02
   3.9912671e-02
   2.2858981e-02
   2.4907224e-02
   3.9766006e-02
   2.3821039e-02
   2.7876068e-02
   1.5759498e-02
   4.1307937e-02
   3.8289852e-02
   6.1590560e-03
   3.2524712e-02
   1.9775655e-02
   2.9536111e-02
   2.6864875e-02
   7.6263100e-03
   1.6472679e-02
   6.3842528e-02
   1.6163129e-01
   1.7778456e-01
   9.4527982e-02
   6.2608905e-02
   2.2401184e-01
   3.6128277e-01
   2.3456825e-01
   1.1218835e-01
   1.4481954e-01
   2.2395720e-01
   1.5249108e-01
   6.8878390e-02
   6.0126498e-02
   2.1281599e-01
   8.5671383e-01
   9.8386633e-01
   4.6442950e-01
   1.2041659e-01
   3.6190785e-02
   2.3059005e-02
   5.2854154e-02
   1.1167782e-01
   1.2551126e-01
   1.1156213e-01
   3.5162374e-02
  -1.9896490e-02
   1.3363117e-02
   6.0420249e-02
   8.9188822e-02
   4.2197388e-02
   2.7811157e-02
   3.5410210e-02
   3.0015068e-02
   2.0387117e-03
  -6.5789432e-03
   3.2338001e-02
   7.0261255e-02
   8.8222064e-02
   7.5447597e-02
   3.7881181e-02
   2.9467698e-02
   4.5045182e-02
   3.9864000e-02
  -7.7856716e-04
   1.2758259e-02
   5.1396985e-02
   3.2348473e-02
   3.8089607e-02
   5.7251152e-02
   2.6516020e-02
   4.1881192e-02
   2.9477116e-02
   4.5145810e-02
   3.9157763e-02
   5.8811948e-02
   4.9005408e-02
   3.7055317e-02
   9.1812434e-03
   1.8922329e-02
   6.8830788e-02
   1.2102316e-01
   7.0433840e-02
   5.7708748e-02
   6.6073880e-02
   8.8138282e-02
   7.9618476e-02
   4.2801250e-02
   1.3203718e-01
   2.7452451e-01
   2.6434186e-01
   1.2037167e-01
   6.2677957e-02
   2.8783485e-01
   1.2137655e+00
   1.5645322e+00
   8.1464565e-01
   2.0499878e-01
   4.0160175e-02
   3.5147168e-02
   6.6238448e-02
   1.5777011e-01
   1.7193608e-01
   9.6393913e-02
   3.4297146e-02
   1.3425482e-02
   2.2918653e-02
   5.0193101e-02
   8.1289947e-02
   6.7018025e-02
   6.2287774e-02
   2.2044864e-02
   9.6586095e-03
   1.5466277e-02
   3.5416476e-02
   3.4599107e-02
   2.5959428e-02
   6.0020491e-02
   1.8915668e-02
   2.4193082e-02
   2.4820324e-02
   2.2199204e-02
   3.0613964e-02
   3.7848048e-02
   1.3414552e-02
  -1.1148467e-03
   3.5036590e-02
   6.0340255e-02
   3.2930303e-02
   2.8659182e-02
   4.6662942e-02
   2.7895473e-02
   2.8411338e-02
   5.3637039e-02
   5.3289738e-02
   3.8475923e-02
   4.4356298e-02
   4.0902443e-02
   5.2260015e-02
   5.0872054e-02
   5.9025228e-02
   3.4923192e-02
   3.3117283e-02
   4.4362340e-02
   5.7112761e-02
   6.8762042e-02
   3.7828308e-02
   4.2591643e-02
   6.5713502e-02
   7.5592630e-02
   4.3677170e-02
   2.9782828e-02
   5.7769403e-02
   2.7725470e-01
   3.6937380e-01
   2.3002520e-01
   7.9769567e-02
   1.5576379e-02
   2.3682160e-02
   5.0921526e-02
   6.8284102e-02
   7.4674822e-02
   1.8987978e-02
   7.5321663e-03
   1.6656602e-02
   5.0274238e-02
   5.9815820e-02
   3.8860459e-02
   3.9653592e-02
   1.9285722e-02
   1.5830746e-02
   1.0718904e-02
   2.0675804e-02
   5.2221168e-02
   5.0516669e-02
   3.6677785e-02
   4.4299245e-02
   3.1507432e-02
   1.5409673e-02
   3.1527106e-02
   4.4010863e-02
   4.5178365e-02
   3.1894188e-02
   1.8828835e-02
   1.4278624e-02
   1.6180268e-02
   2.0231875e-02
   2.8044418e-02
   1.1244112e-02
   2.7359160e-02
   2.6960606e-02
   3.4296997e-02
   3.9318830e-02
   3.0606478e-02
   2.2704020e-02
   3.6431868e-02
   3.3592861e-02
   3.8760409e-02
   2.2449428e-02
   4.6640784e-02
   5.9910513e-02
   3.9242346e-02
   3.5771407e-02
   2.9246511e-02
   4.1266598e-02
   4.7731597e-02
   4.1894235e-02
   5.3615417e-02
   4.0084422e-02
   3.6094911e-02
   4.9670294e-02
   1.2719688e-01
   1.6465726e-01
   8.3543517e-02
   3.1473730e-02
   1.8743765e-02
   2.2311032e-02
   2.7689196e-02
   3.6078621e-02
   3.2487553e-02
   8.1698336e-03
   2.5236228e-02
   3.8285881e-02
   1.6970702e-02
   2.1595979e-02
   4.0733431e-02
   3.3179875e-02
   2.9516226e-02
   2.7012290e-02
   1.6440453e-02
   3.1451337e-02
   3.6043651e-02
   2.3334330e-02
   1.2146301e-02
   4.7437433e-02
   3.6122624e-02
   2.7517155e-02
   2.1083640e-02
   3.1425726e-02
   2.8576549e-02
   1.8379800e-02
   1.7757112e-02
   4.1350186e-02
   3.0782811e-02
   2.6894379e-02
   2.0902654e-02
  -8.8207275e-03
   3.9009150e-02
   3.5518896e-02
   2.7665418e-02
   2.7687604e-02
   4.0494237e-02
   3.5828587e-02
   3.3948671e-02
   2.6387937e-02
   1.4500742e-02
   1.8366806e-02
   2.2783814e-02
   4.0263768e-02
   2.8554551e-02
   3.7341796e-02
   4.3598130e-02
   3.8372952e-02
   4.1760974e-02
   2.5316482e-02
   2.9275389e-02
   1.6873831e-02
   1.1291011e-02
   4.4400617e-02
   7.3972285e-02
   6.6002205e-02
   1.9854333e-02
   2.5272582e-02
   4.4390589e-02
   2.5282409e-02
   1.4807426e-02
   2.0053748e-02
   3.2584883e-02
   3.6131095e-02
   2.5537463e-02
   3.3553094e-02
   3.4039672e-02
   3.0870544e-02
   2.6254065e-02
   3.7961390e-02
   4.2916235e-02
   2.3718551e-02
   3.0463735e-02
   2.2365421e-02
   1.1919912e-02
   3.2266609e-02
   1.3527384e-02
   2.2125322e-02
   2.5662344e-02
   2.0051574e-02
   1.4586808e-02
   2.6524050e-02
   4.1059390e-02
   4.9207609e-02
   3.5208520e-02
   4.4035614e-02
   4.3150548e-02
   2.8033713e-02
   4.3266855e-02
   4.2741314e-02
   2.8769828e-02
   3.3749945e-02
   3.7213743e-02
   2.5797278e-02
   2.8584767e-02
   3.4815703e-02
   4.1593693e-02
   5.2228909e-02
   4.7751769e-02
   4.0189613e-02
   5.1692054e-02
   5.9294168e-02
   8.6443841e-02
   6.2431324e-02
   4.7914937e-02
   6.9768794e-02
   8.2022004e-02
   7.0825204e-02
   8.6192861e-02
   3.7503980e-02
   8.7765515e-02
   1.3437058e-01
   1.2980644e-01
   7.9075694e-02
   4.7380105e-02
   1.5276362e-01
   2.0761377e-01
   1.3729623e-01
   4.4370905e-02
   3.5231933e-02
   1.8625288e-01
   4.1999710e-01
   3.1137431e-01
   1.1391325e-01
   5.9587635e-02
   2.3582262e-01
   3.9658436e-01
   2.7861559e-01
   1.3533913e-01
   6.3898154e-02
   1.0439797e-01
   1.0845900e-01
   5.4442551e-02
   1.8935019e-02
   5.0007693e-02
   1.0385821e-01
   7.6932155e-02
   3.2560218e-02
   3.7505969e-02
   4.5422163e-02
   5.5189840e-02
   3.8500767e-02
   2.1424130e-02
   2.9541552e-02
   2.0031819e-02
   2.3685191e-02
   2.7886095e-02
   2.5919357e-02
  -1.2256842e-02
   1.1189802e-03
   1.0119736e-02
   2.4856459e-02
   4.2028353e-02
   4.1583698e-02
   4.6711400e-02
   1.6246509e-02
   3.1337373e-02
   4.2291921e-02
   2.3497438e-02
   1.5461252e-02
   4.2791557e-02
   4.0789418e-02
   2.7668152e-02
   3.3663403e-02
   5.1301748e-02
   4.9883362e-02
   2.9091300e-02
   3.2718766e-02
   5.4986019e-02
   4.2690273e-02
   3.5385553e-02
   5.5579569e-02
   7.6221868e-02
   4.9801469e-02
   2.2982130e-02
   2.2477387e-02
   6.4641729e-02
   1.5834750e-01
   1.4587523e-01
   6.7317776e-02
   6.8536170e-02
   6.6312581e-02
   7.1974665e-02
   6.4728700e-02
   5.5609196e-02
   3.4688849e-02
   4.0109746e-02
   5.7090458e-02
   5.6305643e-02
   3.5039470e-02
   5.1368061e-02
   7.8734592e-02
   6.9179699e-02
   4.3115113e-02
   1.5889522e-02
   7.3045306e-03
  -9.9133104e-03
   6.2280655e-04
   2.1363601e-02
   4.4308458e-02
   2.9716957e-02
   2.7878566e-02
   7.7373027e-03
   2.5812495e-02
   2.0468140e-02
   2.6283227e-02
   2.6278161e-02
   2.1446450e-02
   1.5697664e-02
   2.8976450e-02
   3.7116099e-02
   4.5165945e-02
   1.6442627e-02
  -2.8933387e-03
   5.8602355e-03
   2.7169010e-02
   2.6126711e-02
   4.9526021e-02
   4.9950439e-02
   2.5317227e-02
   4.2353988e-02
   1.6513692e-02
   3.0946305e-02
   3.3145849e-02
   1.9418886e-02
   3.7081029e-02
   4.9276881e-02
   6.7955680e-02
   7.0567578e-02
   3.9774995e-02
   2.9197915e-02
   5.0015874e-02
   7.4558727e-02
   1.0058589e-01
   8.0042653e-02
   3.4709189e-02
   1.9836681e-02
   4.6846218e-02
   7.4564800e-02
   4.6461791e-02
   3.6810704e-02
   4.0049639e-02
   1.2261814e-02
   3.4002963e-02
   1.2380377e-02
   2.7801931e-02
   5.1165376e-02
   3.0573150e-02
   3.0396717e-02
   9.5381206e-03
   1.2479406e-02
   1.6263882e-02
   2.2455202e-02
   2.4914181e-02
   3.2180998e-02
   5.2128792e-02
   2.2927865e-02
   2.7067855e-02
   1.5871989e-02
   2.4537269e-02
   2.6910802e-02
   3.6656547e-02
   2.7973834e-02
   3.2685548e-02
   2.9476002e-02
   2.4457622e-02
   3.2276578e-02
   4.5811001e-02
   3.8315620e-02
   3.8994603e-02
   4.9530860e-02
   2.8937893e-02
   1.8886961e-02
   2.6192466e-02
   2.0454599e-02
   2.0116864e-02
   2.6446642e-02
   1.3577906e-02
   3.9697796e-02
   3.2489721e-02
   5.0587554e-02
   2.4830440e-02
   2.2693738e-02
   4.6389565e-02
   4.0923264e-02
   4.0901646e-02
   3.4567565e-02
   3.6262546e-02
   4.0388878e-02
   2.6935428e-02
   4.1018095e-02
   3.1553093e-02
   3.0480325e-02
   2.9188382e-02
   2.6108308e-02
   2.8063359e-02
   2.0726800e-02
   2.7730186e-03
   2.0493725e-02
   3.0019470e-02
   3.8375273e-02
   6.8215668e-02
   6.0075719e-02
   4.5439165e-02
   4.8265599e-02
   3.4992658e-02
   3.8148262e-02
   2.0599939e-02
   3.0649530e-02
   2.1115858e-02
   2.0596389e-02
   1.5922217e-02
   1.6633011e-02
   7.0754960e-03
   2.1018950e-02
   1.6747274e-02
   3.6973678e-02
   1.3323100e-02
   3.7621405e-02
   4.0890049e-02
   2.7540565e-02
   2.9453199e-02
   2.7042335e-02
   4.3558650e-02
   2.4927033e-02
   1.5957836e-02
   2.0353183e-02
   2.2223314e-02
   3.3328634e-02
   4.0153023e-02
   2.8282607e-02
   1.4663162e-02
   1.5214524e-02
   1.7779330e-02
   2.3234535e-02
   3.4039591e-02
   3.3427961e-02
   4.9471296e-02
   3.0243920e-02
   3.8972236e-02
   1.9966740e-02
   1.3536374e-03
   2.1997124e-02
   2.5529994e-02
   2.9402230e-02
   5.9950929e-02
   6.9445446e-02
   2.4809897e-02
   3.7666656e-02
   2.7295258e-02
   3.9899047e-02
   3.1394798e-02
   3.4355771e-02
   4.3654725e-02
   1.5014855e-02
   2.6364895e-02
   2.9500084e-02
   1.3782998e-02
   1.8003248e-02
   2.8577778e-02
   1.1443882e-02
   2.1770097e-02
   2.4947716e-02
   1.6691234e-02
   2.1105459e-02
   2.1607835e-02
   1.9091960e-02
   1.2431303e-02
   2.1478357e-02
   3.3256471e-02
   3.1970587e-02
   2.9946968e-02
   3.6801752e-02
   4.7227263e-02
   4.2694937e-02
   3.4559686e-02
   3.8409397e-02
   1.3435356e-02
   3.0401893e-02
   2.2856550e-02
   1.4762725e-02
   3.8364965e-02
   5.2651152e-02
   1.8968804e-02
   7.1976045e-03
   1.2446159e-02
   2.9093890e-02
   2.0727040e-02
   1.9484201e-02
   1.3698695e-02
   8.6318618e-03
   8.4735136e-03
   3.6062613e-02
   3.8663927e-02
   1.6729057e-02
   2.1033090e-02
   2.1387534e-02
   2.8317466e-02
   3.0362302e-02
   1.6065501e-02
   2.1103682e-02
   2.1319926e-02
   2.9439595e-02
   2.1407634e-02
   4.1504364e-02
   4.6640776e-02
   1.9206921e-02
   1.2630562e-02
   2.3315446e-02
   3.0477222e-02
   2.8208572e-02
   3.2998919e-02
   3.9674453e-03
   8.1738485e-03
   2.9217560e-02
   1.6473029e-02
   2.3214122e-02
   2.0712940e-02
   2.3273556e-02
   1.1218098e-02
   1.6520735e-02
   2.3664970e-02
   2.4711847e-02
   2.1933723e-02
   9.2319939e-03
   1.3142999e-02
   1.1271312e-02
   3.4443680e-02
   3.7665121e-02
   1.8457856e-02
   2.2821782e-02
   1.4905282e-02
   2.8199717e-02
   2.3686333e-02
   1.7826917e-02
   6.9942228e-03
  -1.6782812e-03
   1.7131226e-02
   1.6209219e-02
   1.8351434e-02
   1.9403197e-02
   1.6441189e-02
   4.9483948e-03
   2.7273685e-02
   4.7928680e-02
   3.1876251e-02
   3.3648074e-02
   3.8017329e-02
   2.9084355e-02
   3.3240382e-02
   1.8566996e-02
   2.1726064e-02
   3.7220262e-02
   2.3072314e-02
   1.3335307e-02
   1.8790130e-02
   3.2826878e-02
   3.9186180e-02
   4.3828264e-02
   3.7304532e-02
   3.1620692e-02
   3.3473104e-02
   3.1692341e-02
   2.9378232e-02
   9.1282455e-03
   1.0536863e-02
   1.7274270e-02
   2.6583241e-02
   2.6274959e-02
   1.6917635e-02
   2.6005777e-02
   3.2645661e-02
   1.7567473e-02
   1.8857146e-02
   2.4704097e-02
   6.1316076e-03
   9.6492218e-03
   1.0589841e-02
   7.5020576e-03
   1.5503177e-02
   2.8204536e-02
   2.6092961e-02
   8.8449232e-03
   2.1206865e-02
   1.7972616e-02
   1.3115152e-02
   3.3776376e-02
   3.1041300e-02
   3.0471288e-02
   9.9785673e-03
   1.4209821e-02
   3.1825569e-02
   4.3219335e-02
   1.6658146e-02
   3.8005251e-02
   3.2194547e-02
   2.5844550e-02
   3.4552418e-02
   4.2247131e-02
   2.8772881e-02
   1.4076761e-02
   2.6987504e-02
   2.6053283e-02
   2.5935441e-02
   2.5408000e-02
   2.2148989e-02
   2.9344067e-02
   1.9693214e-02
   1.6028311e-02
   2.1849167e-02
   3.6038030e-02
   1.4216649e-02
   2.7697528e-02
   2.2741528e-02
   2.0999538e-02
   3.8868736e-02
   3.0641735e-02
   5.7318406e-03
   1.6920488e-02
   8.7689664e-03
   2.4206962e-02
   1.6031543e-02
   1.1653316e-02
   1.4525691e-02
   6.7571993e-03
   1.2652174e-02
   5.7591543e-02
   5.0923027e-02
   2.7728401e-02
   2.6344383e-02
   3.1113170e-02
   2.9006487e-02
   2.5730558e-02
   1.9687485e-02
   2.5961168e-02
   4.1548941e-02
   1.8351102e-02
   2.3681283e-02
   2.6715321e-02
   3.8516436e-02
   1.9933904e-02
   2.2775954e-02
   1.4757846e-02
   2.8655656e-02
   1.2492123e-02
   5.9353788e-03
   1.3020202e-02
   8.8342242e-03
   3.6446910e-02
   2.8741196e-02
   2.8447993e-03
   9.0850424e-03
   1.4920445e-02
   1.4312513e-02
   3.1802665e-02
   1.3878012e-02
   1.2491056e-02
   2.1059023e-02
   2.5817249e-02
   4.3795481e-02
   4.4791378e-02
   2.9933723e-02
   4.0399756e-02
   3.7248380e-02
   2.3945881e-02
   1.9360207e-02
   2.1765908e-02
   1.7668189e-02
   4.1515350e-02
   3.5650607e-02
   8.5848784e-03
   1.2447442e-02
   1.9313307e-02
   4.3876037e-02
   3.3547126e-02
   3.5604741e-02
   2.8776329e-02
   1.1543257e-02
   1.6180435e-02
   1.3403729e-02
   6.2960023e-03
   1.8403720e-02
   3.3379998e-02
   3.5481330e-02
   3.9636496e-02
   6.5521903e-02
   3.7435360e-02
   2.4347121e-02
   2.3905860e-02
   4.2694829e-02
   2.7459001e-02
   2.5036309e-02
   2.8629346e-02
   1.6979564e-02
   1.4068768e-03
   1.9476363e-02
   6.1545791e-03
   9.6793026e-03
   2.0270407e-02
   4.0682267e-02
   4.6963193e-02
   5.0786231e-02
   3.6521278e-02
   3.4105010e-02
   2.8440427e-02
   1.1899550e-02
   1.2605280e-02
   2.9119343e-02
   1.4883418e-02
   2.9989615e-02
   2.5691336e-02
   1.6911132e-02
   4.6316668e-02
   1.7638331e-02
   9.2629734e-03
   8.8981520e-03
   1.3742717e-02
   2.1466143e-02
   1.7310295e-02
   1.5102896e-02
   2.8974371e-02
   2.6998512e-02
   3.5166815e-02
   2.9547857e-02
   5.1004575e-03
   3.7418891e-02
   3.9739851e-02
   3.0761173e-02
   1.2489968e-02
   2.2988776e-02
   1.9594049e-02
   8.8065332e-03
   1.1213664e-02
   2.4037076e-02
   3.2337982e-02
   1.6529599e-02
   1.7700266e-02
   2.4946142e-02
   3.3649411e-02
   2.9679190e-02
   7.0023788e-03
   6.1545279e-03
   1.6948607e-02
   9.6581560e-03
   1.7428983e-02
   1.9425701e-02
   9.4223162e-03
   1.8331880e-02
   2.3628939e-02
   2.3739537e-02
   2.4489917e-02
   3.4291781e-02
   1.8774025e-02
   2.4204608e-02
   4.0237181e-02
   2.8892981e-02
   1.4896818e-02
   1.2348516e-02
   1.6415890e-02
   1.4186181e-02
   3.3195596e-02
   2.7919115e-02
   1.5464049e-02
   2.1303661e-02
   7.5994595e-03
   1.7522197e-02
   2.4968298e-02
   2.0892324e-02
   2.0198213e-02
   1.5070360e-02
   1.8050054e-02
   2.3702329e-02
   2.8261440e-02
   1.0001149e-02
   1.5894577e-02
   2.2762125e-02
   1.9889632e-02
   3.9220031e-02
   5.1831946e-02
   3.9892673e-02
   2.5695659e-02
   3.4516990e-02
   3.8349636e-02
   3.2047227e-02
   3.7092991e-02
   3.0344659e-02
   2.7505675e-02
   1.2114285e-02
  -6.3939546e-03
   1.0125747e-02
   3.2255013e-02
   3.3336226e-02
   3.8043872e-02
   2.1854283e-02
   3.0470146e-02
   1.2637205e-02
   1.7024906e-02
   3.4510914e-02
   2.6183851e-02
   1.1826261e-02
   1.8031895e-02
   1.3706804e-02
   2.3945183e-02
   1.1319516e-02
   1.4505174e-02
   1.8484300e-02
   2.5686324e-02
   2.3708716e-02
   2.6191831e-02
   3.5462525e-02
   2.8849255e-02
   2.2805225e-02
   4.9998984e-02
   6.8090089e-02
   3.0127140e-02
   1.2120563e-02
   3.6590580e-02
   2.6302524e-02
   4.9185950e-02
   3.9453082e-02
   6.9845254e-03
   2.2011207e-02
   2.2608127e-02
   1.5117744e-02
   2.1222360e-02
   2.5689628e-02
   2.3733523e-02
   2.8230466e-02
   1.1153213e-02
   2.3018558e-02
   1.4435570e-02
   4.8091868e-03
   1.5437735e-02
   1.2405268e-02
   1.5139888e-02
   2.6245475e-02
   4.1612659e-02
   4.5633264e-02
   3.2467112e-02
   3.1496987e-02
   2.6653431e-02
   1.7966582e-02
   2.3786766e-02
   2.1273501e-02
   2.2322446e-02
   1.2959751e-02
   1.3422263e-02
   1.9232802e-02
   2.1708775e-02
   3.5458822e-02
   2.8664824e-02
   2.9043654e-02
   2.8405739e-02
   1.8787283e-02
   3.2891620e-02
   3.4034122e-02
   2.4150047e-02
   2.5852639e-02
   3.0688589e-02
   3.6434226e-02
   1.7706087e-02
   3.1770527e-02
   2.3160229e-02
   2.8661514e-02
   3.3702113e-02
   1.1145041e-02
   5.1150909e-03
   1.7937351e-02
   3.6852229e-02
   3.6045503e-02
   3.5267591e-02
   2.1881184e-02
   4.0606745e-02
   4.3407716e-02
   2.6341854e-02
   1.5295886e-02
   3.7621021e-02
   2.4958376e-02
   2.2766452e-02
   4.7248419e-02
   2.3464741e-02
   2.4188124e-02
   1.1365744e-02
   1.5167029e-02
   1.4788877e-02
   1.4745167e-02
   4.3882359e-02
   2.5425421e-02
   5.6287125e-02
   4.9663633e-02
   3.0690707e-02
   6.8182911e-05
   1.3784377e-02
   2.2243261e-02
   8.8531766e-03
   3.5412021e-02
   2.2729095e-02
   1.4324085e-02
   6.6808960e-03
   1.6642855e-02
   2.7414979e-02
   4.9026869e-02
   3.9761808e-02
   4.4788986e-02
   4.9093369e-02
   3.5608839e-02
   2.5112296e-02
   2.0605750e-02
   1.5935304e-02
   2.2599893e-02
   3.0214850e-02
   3.8422063e-02
   2.9636696e-02
   2.5170991e-02
   1.0139389e-02
   1.8695345e-02
   5.6099221e-03
   1.9726930e-02
   1.8013958e-02
   1.2671771e-02
   2.9081464e-02
   1.8551981e-02
   1.4769340e-02
   1.0229943e-02
   2.4491953e-02
   5.0167248e-02
   3.5432063e-02
   1.4671633e-02
   2.8036639e-02
   2.1096088e-02
   1.9842083e-02
   1.6422711e-02
   2.6295569e-02
   2.9144540e-02
   2.4859957e-02
   1.6568404e-02
   3.6216266e-02
   3.8966905e-02
   3.6160972e-02
   1.9785365e-02
   5.0718334e-02
   2.9883912e-02
   1.4133708e-02
   2.5965396e-02
   4.3789014e-02
   2.3827471e-02
   4.5701515e-02
   6.3230731e-02
   6.1961144e-02
   3.8180895e-02
   1.6290704e-02
   5.0942819e-03
   6.7191934e-03
   3.4352955e-03
   1.6393622e-02
   6.7495413e-02
   9.0642273e-02
   8.9883856e-02
   4.6812505e-02
   4.0648550e-02
   2.7436791e-02
   2.8072517e-02
   4.2710487e-02
   1.4629627e-02
   8.1855543e-03
   1.3604383e-02
   3.3164829e-02
   2.8675685e-02
   4.2056557e-02
   7.1881972e-02
   4.8620403e-02
   1.5276198e-02
   2.7279938e-02
   3.5294361e-02
   4.5595195e-02
   2.8065961e-02
   3.8073063e-02
   1.0896672e-02
   2.7804609e-02
   2.9117096e-02
   3.6175720e-02
   3.3685580e-02
  -2.8502510e-03
   1.6094092e-02
   5.4612298e-02
   5.4813843e-02
   4.9362168e-02
   4.1859206e-02
   2.4756750e-02
   3.4841698e-02
   4.9192939e-02
   4.1809343e-02
   2.3051109e-02
   2.2809794e-02
   3.0017428e-02
   1.9812468e-02
   1.5625291e-02
   6.2569402e-02
   1.0541015e-01
   8.9755535e-02
   4.4298947e-02
   1.5527295e-02
   2.5512658e-02
   8.7076407e-03
   9.9907713e-03
   3.9904751e-02
   1.8523736e-01
   3.4055686e-01
   3.0272996e-01
   1.6886546e-01
   6.9155611e-02
   3.2722019e-02
   9.1976933e-03
   2.0991813e-02
   2.5838831e-02
   2.3409434e-02
   2.5153635e-02
   2.6645584e-02
   5.5470683e-02
   4.5946963e-02
   3.6839865e-02
   3.7107576e-02
   3.6015689e-02
   2.7656853e-02
   1.0031142e-02
  -1.0225862e-04
   1.5786107e-04
   8.1874002e-03
   2.0588906e-02
   1.0241198e-02
   2.1237910e-02
   2.9173641e-02
   2.6900083e-02
   2.1112671e-02
   9.5312344e-03
   1.9662844e-02
   2.9773254e-02
   1.7617917e-02
   2.2688577e-02
   2.1457722e-02
   8.8413311e-03
   1.3623713e-02
   2.6856910e-02
   4.3253519e-02
   3.0279880e-02
   2.6088579e-02
   2.2456028e-02
   1.7047945e-02
   1.2340548e-02
   9.5621990e-03
   1.5133235e-02
   2.8954023e-02
   2.3992434e-02
   3.8180154e-02
   4.8308365e-02
   4.1466478e-02
   3.3645537e-02
   2.6352774e-02
   1.8268216e-02
   1.5027856e-02
   8.9941313e-03
   1.0203379e-02
   9.7482540e-03
   1.9642666e-02
   5.3155955e-02
   4.7639783e-02
   4.1044299e-02
   3.1581450e-02
   3.1327043e-02
   4.1969921e-02
   2.1847377e-02
   7.4104331e-03
   2.0665545e-03
   3.1588528e-02
   4.3070082e-02
   3.7813988e-02
   2.2898665e-02
   2.0510446e-02
   1.9705368e-02
   3.2242641e-02
   2.3541011e-02
   2.0805379e-02
   2.5621459e-02
   2.2248706e-02
   4.6838026e-02
   2.8312260e-02
   3.0423826e-02
   3.9085709e-02
   5.5919226e-02
   4.5710105e-02
   2.3414243e-02
   1.5723884e-02
   2.2319531e-02
   2.0399895e-02
   1.9986434e-02
   2.4847005e-02
   3.6521390e-02
   3.0948050e-02
   2.6499739e-02
   3.2994691e-02
   3.6849044e-02
   1.6089346e-02
   1.1868564e-02
   2.6441335e-03
   2.5322890e-02
   5.6404818e-02
   6.3990705e-02
   5.5538729e-02
   1.3704330e-02
   1.7719891e-02
   2.3734722e-02
   3.1736568e-02
   2.8191755e-02
   1.5073899e-02
   1.3495368e-02
   2.1153655e-02
   1.5749773e-02
   2.3196585e-02
   1.8437572e-02
   3.1166997e-02
   1.9355614e-02
   3.5144497e-02
   4.3308582e-02
   4.0098798e-02
   2.3820229e-02
   2.6344340e-02
   4.0543236e-02
   4.3881964e-02
   3.0684566e-02
   3.9816547e-02
   4.8736677e-02
   6.4472228e-02
   4.2006735e-02
   3.7121005e-02
   1.6767040e-02
   2.0882940e-02
   9.3323607e-03
   2.8106691e-02
   3.7000619e-02
   3.3495285e-02
   4.9908541e-02
   6.1241705e-02
   4.6568017e-02
   2.1587851e-02
   1.7093912e-02
   2.3545437e-02
   2.1891318e-02
   3.7101354e-02
   2.9999521e-02
   2.4224745e-02
   3.5665859e-02
   2.7712781e-02
   3.1998415e-02
   3.8031701e-02
   1.7707190e-02
   2.2144988e-02
   1.9769426e-02
   2.1522332e-02
   1.7656200e-02
   3.0890746e-02
   1.7430482e-02
   2.3351299e-02
   2.0477459e-02
   1.9076549e-02
   2.4224175e-02
   4.6604634e-03
   4.2188764e-03
   2.8179500e-02
   4.5544785e-02
   4.4454861e-02
   2.9250352e-02
   3.9271224e-02
   1.9961461e-02
   2.5666496e-02
   5.8704196e-03
   1.1967269e-02
   2.2061806e-02
   9.6129291e-03
   3.8747273e-02
   4.2982742e-02
   1.9515948e-02
   1.5409207e-02
   2.8097041e-02
   2.7203275e-02
   1.7137002e-02
   3.0826785e-02
   3.4937423e-02
   4.2501841e-02
   3.8885556e-02
   3.9399527e-02
   3.0145062e-02
   3.0618114e-02
   4.1983318e-02
   2.5812069e-02
   2.7452784e-02
   3.2492619e-02
   6.0088858e-03
   1.9138725e-02
   1.8100062e-02
   3.3410799e-02
   7.9493597e-02
   8.0619700e-02
   7.2407208e-02
   5.2839823e-02
   2.9959884e-02
   1.2993980e-02
   1.6658483e-02
   9.3614431e-03
   1.4459511e-02
   8.6870464e-03
   3.0754027e-03
   3.9204322e-02
   2.9655989e-02
   2.1663999e-02
   2.0568555e-02
   1.9037748e-02
   1.7101785e-02
   1.5715186e-02
   2.0667857e-02
   2.6928714e-02
   3.0134065e-02
   2.0253910e-02
   6.6466862e-03
   9.4970493e-03
   2.6801307e-02
   5.5821899e-02
   4.7683332e-02
   2.3451071e-02
   2.3055647e-02
   1.9776760e-02
   3.1453624e-02
   2.9381189e-02
   2.4192639e-02
   3.1942587e-02
   1.5488260e-03
   2.4052162e-02
   5.8665730e-02
   5.2815914e-02
   3.1602133e-02
   3.7240338e-02
   2.2245593e-02
   2.1071605e-02
   1.1888042e-02
   2.4330571e-02
   2.8318476e-02
   2.7599918e-02
   2.0222636e-02
   2.0385804e-02
   3.1917542e-02
   2.4061063e-02
   3.4352168e-02
   3.1451132e-02
   2.6464667e-02
   1.1148262e-02
   2.4761565e-02
   2.6263693e-02
   2.9309541e-02
   1.0370716e-02
   2.1255326e-02
   4.2509668e-02
   5.1848412e-02
   2.5147505e-02
   1.6751420e-02
   2.0263661e-02
   1.9272437e-02
   2.7307024e-02
   1.3613626e-02
   2.1442976e-02
   1.3441910e-02
   2.5762912e-02
   2.5321603e-02
   1.4510022e-02
   1.1383650e-02
   1.5424075e-02
   2.3878707e-02
   3.8795952e-02
   3.5792548e-02
   1.2602246e-02
   6.3440818e-03
   2.6684938e-02
   3.0470300e-02
   3.9430141e-02
   3.9781034e-02
   1.9829569e-02
   2.2416266e-02
   2.9868415e-02
   1.4187608e-02
   3.3915069e-02
   3.1652506e-02
   1.5144917e-02
   2.8559063e-02
   3.3057373e-02
   3.9380569e-02
   4.0089577e-02
   1.9901479e-02
   3.4522284e-02
   3.5068721e-02
   4.6707004e-02
   2.0158941e-02
   1.8869754e-02
   2.4274655e-02
   2.3212858e-02
   1.6866134e-02
   6.0148891e-03
   1.4258505e-02
   2.6170569e-02
   2.4292858e-02
   3.4258723e-02
   1.2825654e-02
   1.3953052e-02
   6.2227319e-03
   4.4201143e-02
   8.3955616e-02
   5.0512999e-02
   3.4561660e-02
   4.0299822e-02
   2.3954108e-02
   3.6958590e-02
   4.8490886e-02
   3.9564259e-02
   1.8872801e-02
   1.9464264e-02
   2.4050701e-02
   1.5793640e-02
   1.4702133e-02
   2.8787790e-02
   4.1386086e-02
   3.3888008e-02
   2.2339683e-02
   2.7937524e-02
   3.8744945e-02
   2.6449554e-02
   1.5789500e-02
   4.5237937e-03
   3.2650840e-02
   3.7080608e-02
   2.1675101e-02
   4.0163718e-02
   3.6580291e-02
   3.3336896e-02
   4.5332268e-02
   4.0900126e-02
   3.6404580e-02
   4.1414242e-02
   4.1238543e-02
   2.9187808e-02
   2.9092245e-02
   6.8859505e-03
   1.7235406e-02
   1.6253699e-02
   2.3595292e-02
   3.1343967e-02
   3.4235574e-02
   1.5042152e-02
   3.1241823e-02
   3.8509987e-02
   3.3824798e-02
   2.0420194e-02
   1.3414348e-02
   1.6855950e-02
   2.3802144e-02
   4.7229871e-02
   5.2029934e-02
   2.9229000e-02
   3.2187399e-02
   3.0930502e-02
   2.7399752e-02
   4.4256337e-02
   2.5772491e-02
   1.8318065e-02
   2.7542811e-02
   2.5382495e-02
   2.7446236e-02
   3.0425912e-02
   2.1525346e-02
   2.4052916e-02
   2.1288203e-02
   1.8863751e-02
   1.5084512e-02
   2.7770067e-02
   4.7926348e-02
   2.8329199e-02
   2.9747700e-02
   2.5114505e-02
   2.6571579e-02
   2.4542745e-02
   3.4930203e-02
   5.1491957e-02
   3.8118709e-02
   1.8056903e-02
   1.8982230e-02
   3.6540311e-02
   2.7331391e-02
   3.5932735e-02
   3.5704620e-02
   2.0698901e-02
   2.7603058e-02
   3.1027323e-02
   1.5421241e-02
   6.5643294e-03
   1.9460630e-02
   2.8932197e-02
   3.9682902e-02
   2.4572117e-02
   4.0919188e-02
   1.2217961e-02
   3.2980155e-02
   1.8433914e-02
   4.2363409e-02
   1.1830326e-01
   1.1683437e-01
   7.6581255e-02
   4.1215360e-02
   1.9894149e-02
   3.4222424e-02
   3.9303038e-02
   3.9260786e-02
   1.2836706e-02
   2.9734543e-02
   3.7945502e-02
   2.0995505e-02
   3.8226884e-02
   4.9323391e-02
   7.2890885e-02
   6.6577166e-02
   4.8651151e-02
   3.3065338e-02
   3.1311098e-02
   3.8723532e-02
   3.0194938e-02
   5.5110482e-03
   1.7087027e-02
   3.7293814e-02
   4.0665612e-02
   3.1564672e-02
   1.6940402e-02
   2.7303550e-02
   1.6274635e-02
   1.3152246e-02
   9.7913165e-03
   2.2358699e-02
   2.8461209e-02
   3.4388404e-02
   3.9613176e-02
   1.3713408e-02
  -7.1324282e-03
  -6.0113687e-03
   9.9379523e-03
   5.5397004e-02
   5.8633134e-02
   1.0405882e-01
   9.5456019e-02
   5.3614758e-02
   1.8484438e-02
   1.8229699e-02
   2.3722608e-02
   1.1682300e-02
   4.2422287e-02
   5.6121182e-02
   5.3427607e-02
   3.8005520e-02
   1.6461987e-02
   1.2357856e-02
   1.1020308e-02
   3.9323047e-02
   2.9963113e-02
   3.4537960e-02
   2.3113767e-02
   2.0769438e-02
   2.8758956e-02
   4.0948797e-02
   5.5239778e-02
   3.9540507e-02
   3.7704065e-02
   1.7088264e-02
   1.8110758e-02
   1.4015020e-02
   2.9164867e-02
   3.7644092e-02
   5.5787656e-02
   2.6547862e-02
   1.4921330e-02
   4.6955030e-02
   3.5437103e-02
   2.0794183e-02
   2.8390020e-02
   2.7991123e-02
   8.7990081e-03
  -6.8888452e-04
   1.1672107e-02
   1.8141665e-02
   1.7115774e-03
   1.6196452e-02
   4.4260111e-02
   5.6864329e-02
   4.6633296e-02
   3.3761438e-02
   5.8773602e-03
   3.7179392e-02
   2.9654590e-02
   1.1644550e-02
   1.9777562e-02
   3.7333224e-02
   1.0194499e-02
   2.2414420e-02
   2.9181108e-02
   6.5692673e-03
   2.1629376e-02
   4.7025051e-02
   7.0304289e-02
   5.4872554e-02
   4.0575996e-02
   4.1828472e-02
   3.0541154e-02
   1.7631199e-02
   3.7035432e-02
   4.4784028e-02
   3.2299206e-02
   1.6167900e-02
   4.1284803e-02
   6.4201675e-02
   6.5178178e-02
   4.5446672e-02
   3.5305619e-02
   4.4130389e-02
   3.7532736e-02
   3.9223894e-02
   3.1765144e-02
   1.1576526e-02
   3.2886364e-02
   2.1128809e-02
   1.9270718e-02
   3.5732612e-02
   4.4381443e-02
   1.5053811e-02
   6.8048392e-03
   2.4109149e-02
   2.8624624e-02
   3.0723620e-02
   3.7252652e-03
   1.6677195e-02
   2.4674021e-02
   5.1584773e-02
   4.2649854e-02
   4.0294234e-02
   3.2450322e-02
   2.6251091e-02
   2.7927265e-02
   4.2547174e-03
  -9.2319469e-04
   1.3578206e-02
   3.5974499e-02
   6.3632064e-02
   5.6703549e-02
   4.5501031e-02
   3.7305538e-02
   3.1232150e-02
   1.9772386e-02
   2.7162826e-02
   1.5092866e-02
   3.7728544e-02
   3.8994823e-02
   6.0797222e-03
   2.9472474e-02
   3.2621119e-02
   5.2638657e-02
   8.8722445e-02
   3.7566695e-02
   1.4895044e-02
   3.2384962e-02
   2.2800101e-02
   9.4342241e-03
   5.7186376e-02
   2.3995203e-01
   3.6968893e-01
   3.8721889e-01
   2.0083922e-01
   9.8304443e-02
   5.4897126e-02
   3.5658512e-02
   7.4333386e-03
   2.1977616e-02
   3.3359833e-02
   3.3525057e-02
   6.5694444e-02
   6.5472960e-02
   3.6444444e-02
   9.8035065e-03
   2.4952039e-02
   3.7977375e-02
   2.8856542e-02
   2.0800561e-02
   2.9068505e-02
   5.6543689e-02
   8.8363126e-02
   4.4245880e-02
   4.0158607e-02
   2.7845610e-02
   3.8686976e-02
   5.0755814e-02
   5.0408904e-02
   3.2384075e-02
   2.2707699e-02
  -2.3412709e-04
   1.2952739e-02
   1.3860077e-02
   4.1865252e-02
   2.6082084e-02
   2.8843366e-02
   1.7585810e-02
   6.9770976e-03
   2.0200986e-02
   2.3025744e-02
   5.6620546e-02
   1.8885713e-02
   2.5392195e-02
   3.5061769e-02
   4.4582090e-03
   1.5252549e-04
   6.8139352e-02
   1.7725034e-01
   1.9310331e-01
   1.4183038e-01
   8.7857455e-02
   3.4753583e-02
   2.0174688e-02
   5.7651289e-02
   7.0678629e-02
   1.0618348e-01
   1.1809576e-01
   9.1067165e-02
   7.1985744e-02
   5.1224802e-02
   5.9140995e-02
   1.0997088e-01
   1.4405330e-01
   1.1139140e-01
   7.6803111e-02
   6.7721091e-02
   7.8968897e-02
   7.2874144e-02
   7.6006435e-02
   4.7343493e-02
   2.0000799e-02
  -5.1123761e-03
   3.5571042e-02
   6.9214374e-02
   1.6609964e-01
   1.7309017e-01
   8.9640833e-02
   1.3605051e-02
  -6.7460518e-03
   3.3316791e-02
   6.2257573e-02
   3.3078787e-01
   9.1851658e-01
   1.0456321e+00
   7.4018973e-01
   3.4367877e-01
   1.1446557e-01
   4.8971865e-02
   4.1551378e-02
   4.8388965e-02
   5.7527978e-02
   7.2524533e-02
   1.1730942e-01
   1.5178850e-01
   1.3129732e-01
   1.0371125e-01
   5.9058569e-02
   5.2146660e-03
   9.2622703e-03
   1.7259821e-02
   3.1578939e-02
   2.7031060e-02
   4.6476617e-02
   5.0962035e-02
   2.7154638e-02
   3.9372232e-02
   1.8556237e-02
   1.7430287e-02
   4.8844889e-02
   5.0997470e-02
   1.5851665e-02
   4.1379370e-02
   2.6651947e-02
   2.2885477e-02
   1.6335500e-02
   7.7599265e-02
   4.9131535e-02
   2.2760484e-02
   3.6623720e-02
   2.9680543e-02
   3.5824016e-02
   6.3133687e-02
   6.0181726e-02
   4.5760825e-02
   2.1888113e-02
   4.4357523e-02
   6.2695153e-02
   1.1145012e-01
   1.8410386e-01
   1.7583077e-01
   1.5178436e-01
   6.3726865e-02
   2.3845796e-02
   2.0320917e-02
   4.9287632e-02
   1.5896796e-01
   3.1428131e-01
   3.9720660e-01
   2.7338621e-01
   1.5586011e-01
   4.7203712e-02
   4.0036179e-02
   1.9928049e-02
   3.9786588e-02
   5.6171544e-02
   5.0217792e-02
   6.2641114e-02
   8.6641468e-02
   7.3453933e-02
   7.0578113e-02
   7.5871252e-02
   8.7180108e-02
   2.1796456e-02
  -1.4003672e-02
   2.3245854e-02
   1.3104771e-01
   1.0580382e-01
   5.1688563e-02
   4.8746530e-02
   5.5127148e-02
   3.1033039e-02
   1.9183237e-02
  -1.2537765e-03
   2.6111506e-02
   2.7900832e-02
   1.5815112e-03
  -7.0807575e-03
   6.7813927e-03
   2.7342696e-02
   3.9924394e-02
   1.2237503e-01
   2.2319324e-01
   1.6905262e-01
   6.2800892e-02
   4.2179313e-02
   4.8109215e-02
   5.4434862e-02
   7.1880870e-02
   5.1466808e-02
   6.0395133e-02
   9.7782835e-02
   6.0174990e-02
   5.6470376e-02
   2.5952900e-02
   2.5420921e-02
   1.3030749e-02
   5.3345401e-02
   1.3566105e-01
   2.7753359e-01
   2.4403463e-01
   1.1646380e-01
   6.2814720e-02
   2.5246438e-02
   2.2587122e-02
   5.6185674e-02
   1.7966186e-01
   4.2892727e-01
   5.1614416e-01
   3.6530319e-01
   1.8932158e-01
   1.1066395e-01
   2.3009019e-02
   9.4399815e-03
   1.2169729e-02
   1.5043011e-02
   2.3670910e-02
   5.4250862e-02
   1.0302983e-01
   8.8670284e-02
   6.1814595e-02
   1.9638477e-02
   2.4543250e-02
   1.1446125e-02
   1.2438319e-02
   1.5353260e-02
   5.8874220e-02
   1.0003310e-01
   7.8683853e-02
   5.3785738e-02
   3.7559010e-02
   2.4548825e-02
   3.3976644e-02
   2.6279180e-03
   1.2079517e-02
   3.4237482e-02
   4.5849267e-02
   6.1558776e-02
   6.1464876e-02
   4.8445821e-02
   5.7819650e-02
   6.6494737e-03
  -1.7416947e-02
   3.3999898e-02
   2.3994263e-02
   4.6302456e-02
   7.6275557e-02
   1.0989290e-01
   1.1055084e-01
   8.4626377e-02
   9.0957746e-02
   9.9887982e-02
   8.0208488e-02
   7.0355773e-02
   4.6319537e-02
   4.0013254e-02
   2.4320193e-02
   4.2469651e-02
   2.1835463e-01
   3.6498633e-01
   3.4052011e-01
   1.7763662e-01
   6.5147109e-02
   3.0448534e-02
   1.6811518e-02
   1.7310822e-01
   8.3530974e-01
   1.4377881e+00
   1.2741530e+00
   7.0242554e-01
   3.2516930e-01
   1.8596093e-01
   7.3218875e-02
   3.3714544e-02
   8.5241273e-03
   1.5974570e-02
   8.8669725e-02
   1.3478640e-01
   1.9061862e-01
   2.2276211e-01
   1.6214569e-01
   1.0485086e-01
   4.1809339e-02
   4.4743277e-02
   7.5169235e-02
   9.4929025e-02
   5.8809627e-02
   4.3232404e-02
   1.5972551e-02
   1.9769583e-02
   1.1200423e-01
   2.5254595e-01
   2.8987613e-01
   2.1956314e-01
   1.5707657e-01
   1.0753697e-01
   7.4509948e-02
   1.3981281e-01
   4.7699577e-01
   1.2107790e+00
   1.4208432e+00
   9.1033846e-01
   4.5412898e-01
   2.7015731e-01
   1.4500521e-01
   4.6030018e-02
   5.9294686e-02
   6.1550260e-02
   8.6117566e-02
   2.9694223e-01
   6.9791633e-01
   8.2583445e-01
   5.8806694e-01
   3.1011155e-01
   1.3151905e-01
   3.0091392e-02
   8.7646226e-04
   2.1446504e-01
   6.3015026e-01
   7.9859674e-01
   6.2796760e-01
   4.7586542e-01
   3.4101588e-01
   2.7190229e-01
   2.7344966e-01
   1.5883125e-01
   4.8127286e-02
   2.0025852e-03
   1.5328202e-01
   5.8353329e-01
   1.1343956e+00
   1.1322198e+00
   7.9547626e-01
   3.8456625e-01
   1.8781233e-01
   1.0110255e-01
   2.0712514e-01
   1.1770239e+00
   2.8788869e+00
   3.3656969e+00
   2.4458892e+00
   1.6423414e+00
   1.7437400e+00
   1.7714235e+00
   1.3935825e+00
   8.3552855e-01
   2.9033351e-01
   1.0344937e-01
   1.1046443e+00
   5.2171497e+00
   9.9138346e+00
   9.6503839e+00
   5.7636671e+00
   2.5073597e+00
   1.0140085e+00
   5.4947937e-01
   3.2718291e+00
   2.0083010e+01
   4.2356682e+01
   4.1841892e+01
   2.4815420e+01
   1.0205460e+01
   3.1808305e+00
   8.6200714e-01
   2.2541487e-01
   1.9520663e-02
   2.3466180e-01
   2.1883669e+00
   4.7120037e+00
   4.9426475e+00
   3.3144634e+00
   1.6835277e+00
   4.9823561e-01
  -1.3970344e-01
  -1.9502066e-01
   4.5855302e-02
   3.3624476e-01
   7.9206282e-01
   1.2270412e+00
   9.9668223e-01
   4.4655058e-01
   2.5518617e-01
   4.0235567e-01
   5.2192980e-01
   3.4569672e-01
   3.2590967e-01
   2.8509849e-01
   3.0766359e-01
   6.4753014e-01
   1.5896250e+00
   2.9415350e+00
   2.9401205e+00
   1.6921481e+00
   5.3805113e-01
   5.2006446e-02
   1.5710108e-01
   1.9379158e-01
   2.4424428e-01
   2.2683729e-01
   2.5901523e-01
   2.9419124e-01
   2.6149216e-01
   2.1404479e-01
   3.3226714e-01
   4.7371814e-01
   4.2132717e-01
   2.9625764e-01
   1.8432179e-01
   2.3233360e-01
   3.1462976e-01
   2.4952053e-01
   1.4630975e-01
  -5.1817749e-02
  -6.6701971e-02
   3.9569434e-02
   3.3757654e-01
   4.3936604e-01
   4.0623128e-01
   8.7275669e-02
  -1.6419335e-01
  -1.4320159e-01
   1.5861498e-01
   6.4843285e-01
   1.1377220e+00
   1.3373573e+00
   8.6536318e-01
   2.6855299e-01
   9.0310171e-02
   6.8477917e-01
   1.9336455e+00
   2.2586689e+00
   1.6319274e+00
   6.8753088e-01
   2.3395289e-01
   5.9410954e-01
   1.4949073e+00
   1.7601738e+00
   9.6838486e-01
   4.0855491e-01
   2.5376731e-01
   1.7811485e-01
   4.1912901e-01
   3.1619620e+00
   7.5503249e+00
   8.2959080e+00
   5.1524386e+00
   2.1722658e+00
   7.4472648e-01
   2.5267863e-01
   1.0706126e-01
   4.4309292e-02
   7.4640207e-02
   3.6930859e-01
   9.0683049e-01
   9.5945251e-01
   6.9667763e-01
   3.3407125e-01
   9.5814928e-02
   9.1311997e-03
  -2.7680041e-02
   6.0919147e-02
   1.3508184e-01
   2.3469026e-01
   2.8056890e-01
   2.1413809e-01
   5.1862478e-02
  -5.2726720e-03
   9.0823442e-02
   1.4405611e-01
   1.4532986e-01
   1.0266276e-01
   1.5377089e-01
   1.5496975e-01
   1.9843802e-01
   3.5798433e-01
   5.7237411e-01
   5.0833428e-01
   2.1093473e-01
   1.4151899e-02
   5.9678055e-02
   1.0029573e-01
   1.3596442e-01
   1.5690652e-01
   2.3743300e-02
   2.9290246e-02
   4.7009557e-02
   1.1287835e-02
   9.6968621e-02
   1.3958341e-01
   1.5061261e-01
   1.5004657e-01
   1.1504743e-01
   8.5864522e-02
   8.2884453e-02
   9.9085979e-02
   5.7786092e-02
   3.2263896e-03
  -3.9787926e-02
   6.3375577e-02
   2.2751704e-01
   2.8754088e-01
   2.3472323e-01
   1.1059222e-01
   4.2292256e-02
  -2.7904395e-02
   1.8729921e-02
   2.6031518e-01
   6.7536992e-01
   8.2717490e-01
   6.2140024e-01
   2.8762639e-01
   1.9281536e-01
   2.7070779e-01
   4.3274820e-01
   3.7589559e-01
   1.9509774e-01
  -1.2624708e-02
   1.2702520e-01
   9.2113227e-01
   1.7128913e+00
   1.7258126e+00
   1.0413167e+00
   3.8914612e-01
   2.2617120e-02
   3.2723464e-02
   1.4685357e+00
   5.9134502e+00
   9.7557840e+00
   8.4368792e+00
   4.7597513e+00
   1.8451179e+00
   5.3439450e-01
   1.2623689e-01
   1.0392667e-01
   1.3494565e-01
   3.1352076e-01
   8.6793065e-01
   1.2001247e+00
   9.3451619e-01
   6.2205577e-01
   3.2036084e-01
   1.1599586e-01
   1.6964070e-02
   3.2035559e-02
   1.1397468e-01
   2.3032042e-01
   3.5049418e-01
   3.0288553e-01
   1.7278521e-01
   7.4928939e-02
   7.1642391e-02
   6.5272994e-02
   8.3749771e-02
   1.0054244e-01
   7.2247379e-02
   1.5821458e-01
   1.5970293e-01
   1.4331672e-01
   2.0677298e-01
   2.3516850e-01
   1.6278543e-01
   6.7026608e-02
   3.3763994e-02
   4.7722116e-02
   9.3543343e-02
   1.1033284e-01
   1.0708147e-01
   1.1192799e-02
   3.2123502e-03
  -6.4713438e-03
   3.9216783e-03
   8.1156179e-02
   1.2597837e-01
   1.2557466e-01
   1.1106233e-01
   4.7596313e-02
   4.0764015e-02
   3.8170353e-02
   5.8261693e-02
   6.2113395e-03
   1.2706843e-02
   6.1585777e-02
   9.9031419e-02
   1.6607711e-01
   1.5103409e-01
   1.1540012e-01
   2.9022092e-02
   6.7828740e-03
  -1.4283520e-02
   1.1566437e-01
   3.1335384e-01
   3.5367143e-01
   2.6299652e-01
   1.3324246e-01
   4.2102534e-02
   8.0751143e-02
   1.4033638e-01
   1.8819007e-01
   1.6694257e-01
   1.3170972e-01
   9.7807191e-02
   1.6115963e-01
   3.7287155e-01
   4.6559694e-01
   3.4974825e-01
   1.3103782e-01
   7.6384388e-02
   7.7666469e-02
   2.2355682e-01
   9.7695178e-01
   2.0185177e+00
   2.0703852e+00
   1.3075851e+00
   5.6953365e-01
   2.1096016e-01
   6.5558672e-02
   2.8999565e-02
   3.7121911e-02
   8.1590377e-02
   2.1495441e-01
   3.0800337e-01
   2.8167626e-01
   1.6899277e-01
   7.3767006e-02
   3.1056678e-02
   3.8125940e-02
   6.2955230e-02
   7.1928807e-02
   7.5576179e-02
   1.1983116e-01
   1.1568972e-01
   8.8635817e-02
   3.5708580e-02
   4.3315105e-02
   1.1895093e-02
   2.0969717e-02
   3.3456832e-02
   4.0177327e-02
   7.5583287e-02
   9.9751830e-02
   8.0465019e-02
   9.4010681e-02
   9.9472187e-02
   8.6050674e-02
   3.3284884e-02
   7.2957068e-03
   2.5197018e-02
   5.0810602e-02
   1.0445057e-02
   3.9294101e-02
   9.8626487e-02
   7.3676504e-02
   5.4353490e-02
   6.1286230e-02
   4.7605790e-02
   7.2400048e-02
   1.0415898e-01
   6.2822804e-02
   4.1772865e-02
   5.5138078e-02
   7.6820262e-02
   4.2195782e-02
   2.9207977e-02
   2.4439508e-02
   5.7425596e-02
   7.2572947e-02
   8.5092023e-02
   7.0043840e-02
   3.4728829e-02
   1.8267276e-02
   2.0938365e-02
   3.3138849e-02
   8.0845013e-02
   8.8843502e-02
   6.2442079e-02
   3.8076006e-02
   4.3767624e-02
   2.8428933e-02
   1.4376705e-02
   2.2459073e-02
   4.7903623e-02
   4.4178277e-02
   2.3074413e-02
   5.5025589e-02
   1.4296246e-01
   1.8265249e-01
   1.4388292e-01
   6.9294460e-02
   1.8985299e-02
   5.2189915e-03
   5.1601801e-02
   3.0489138e-01
   6.8023312e-01
   7.5022304e-01
   4.7105402e-01
   2.0922153e-01
   5.4761510e-02
   1.0202788e-02
   5.8741365e-03
   2.9779809e-02
   3.2286160e-02
   8.8588484e-02
   1.1824559e-01
   1.2847577e-01
   6.8385065e-02
   4.1010763e-02
   5.0333761e-02
   4.2403247e-02
   2.9883338e-02
   1.6507819e-02
   4.2160798e-02
   1.5706472e-02
   4.1216422e-02
   4.6966683e-02
   5.6669805e-02
   6.2092900e-02
   4.4091884e-02
   3.3403400e-02
   4.8336685e-02
   4.9884018e-02
   6.9969140e-02
   7.3285639e-02
   5.5047832e-02
   4.3930892e-02
   4.2765193e-02
   2.7426824e-02
   2.1601209e-02
   7.6726668e-02
   9.3974955e-02
   3.7183538e-02
   3.5269663e-02
   2.6811935e-02
   3.9586682e-02
   2.4288269e-02
   1.8448472e-02
   2.6024342e-02
   3.9184321e-02
   6.3143082e-02
   5.3137735e-02
   5.6669258e-02
   3.4107134e-02
   4.2101923e-02
   5.3012487e-02
   3.0340524e-02
   3.4124961e-03
   1.4105079e-02
   3.1548057e-02
   2.5092736e-02
   1.8996047e-02
   2.6361410e-02
   9.3572754e-03
   1.0442942e-02
   1.1313022e-02
   4.6016235e-02
   5.3799663e-02
   2.6786236e-02
   1.0689143e-02
   2.2118961e-02
   5.3155370e-02
   6.9818005e-02
   4.9688701e-02
   4.6436824e-02
   2.3256995e-02
   4.6573938e-03
   1.5289783e-02
   4.1332766e-02
   5.5857457e-02
   6.2323414e-02
   5.9180919e-02
   3.2305501e-02
   3.5229072e-02
   4.4831298e-02
   5.3757183e-02
   1.9233149e-01
   2.4088725e-01
   1.7720363e-01
   1.1818790e-01
   7.4663259e-02
   3.4092080e-02
   1.4996131e-02
   8.0587454e-03
   3.1747248e-02
   2.8929759e-02
   6.5768309e-02
   5.5131644e-02
   6.6960461e-02
   4.8497856e-02
   2.7028747e-02
   1.3455986e-02
   4.2989228e-02
   5.2131157e-02
   5.1786829e-02
   2.8035685e-02
   3.3361688e-02
   1.5501175e-02
   3.1460173e-02
   4.4044670e-02
   3.9686467e-02
   2.7111288e-02
   6.6582501e-02
   8.8487945e-02
   6.6517703e-02
   6.1179053e-02
   5.6229178e-02
   4.9329977e-02
   7.6514140e-02
   4.4200189e-02
   4.4344760e-02
   8.4370002e-02
   1.1263360e-01
   5.1378332e-02
   3.3627357e-02
   5.7759020e-02
   6.0940228e-02
   8.1966542e-02
   7.1211323e-02
   6.5288313e-02
   5.1591456e-02
   5.5316977e-02
   7.1204551e-02
   6.3520573e-02
   1.1055086e-01
   6.6192023e-02
   4.0375873e-02
   3.6603592e-02
   8.5877366e-02
   1.1091702e-01
   1.2607300e-01
   1.4328156e-01
   6.2508181e-02
  -1.9279515e-02
   1.0035132e-03
   8.7488554e-02
   1.2023981e-01
   1.5958500e-01
   1.3479520e-01
   6.9787912e-02
   1.7993616e-02
   2.4337679e-02
   7.6025732e-02
   1.7528848e-01
   2.7839792e-01
   2.1338931e-01
   1.1387450e-01
   4.5910932e-02
  -3.3414341e-03
   8.8186428e-02
   2.2524434e-01
   1.8270403e-01
   2.2821434e-01
   2.0619173e-01
   1.6507119e-01
   1.7355084e-01
   3.3134714e-01
   4.8741990e-01
   4.9132997e-01
   2.6974767e-01
   1.3405177e-01
  -1.2568168e-02
   2.3317238e-02
   3.4042796e-01
   5.5694526e-01
   5.1059872e-01
   2.8068128e-01
   5.8033533e-02
  -1.0078401e-02
   7.3880441e-02
   4.8566747e-01
   1.0796347e+00
   1.0705049e+00
   6.5934938e-01
   2.5875852e-01
   6.9866419e-02
   1.0563356e-01
   2.9266569e-01
   5.4984862e-01
   4.4253752e-01
   2.4272238e-01
   1.3390318e-01
   7.0741057e-02
   8.5989773e-02
   1.8732718e-01
   2.3293234e-01
   2.0082137e-01
   9.3849100e-02
   2.8813144e-02
   3.0354995e-02
   1.1131357e-01
   1.8886118e-01
   2.4127746e-01
   1.5183203e-01
   6.8955719e-02
   7.4321859e-02
   1.4841063e-01
   1.1314031e-01
   7.6719709e-02
   2.8114552e-02
   1.3099776e-02
   3.7508357e-02
   6.7184992e-02
   1.1789469e-01
   1.1361401e-01
   9.0149827e-02
   9.0594374e-02
   8.7819353e-02
   5.7693493e-02
   3.4518663e-02
   4.2409420e-02
   3.2017902e-02
   3.3942595e-02
   5.7127714e-02
   7.3614962e-02
   7.7236056e-02
   6.7263760e-02
   6.1496876e-02
   7.2158150e-02
   1.9017978e-02
   5.6878505e-03
   1.3254975e-02
   3.4996942e-02
   6.8502821e-02
   7.8807116e-02
   1.0176130e-01
   1.0612965e-01
   5.1712915e-02
   2.6119800e-02
   3.8186468e-02
   5.9887238e-02
   8.0471069e-02
   9.2148870e-02
   8.3255865e-02
   8.2411639e-02
   6.6439681e-02
   1.3462476e-01
   1.4665744e-01
   1.2744424e-01
   6.8601653e-02
   1.0476406e-02
   2.7795518e-02
   8.6345851e-02
   1.7655416e-01
   1.7871253e-01
   1.5504730e-01
   8.5332453e-02
  -1.3513814e-02
   5.9469435e-03
   1.0782737e-01
   3.0095693e-01
   4.5230898e-01
   3.4947312e-01
   1.8827833e-01
   5.8674093e-02
   3.6204737e-02
   9.4617657e-02
   1.8064098e-01
   2.1620202e-01
   1.4980587e-01
   1.1616424e-01
   5.2629486e-02
   1.8499324e-02
   5.2155867e-02
   6.0658339e-02
   1.0660902e-01
   7.8729264e-02
   8.0097519e-02
   4.5872264e-02
   2.3416193e-02
   7.1868502e-02
   9.6000776e-02
   5.5609930e-02
   5.6647372e-02
   4.9049452e-02
   6.6544913e-02
   5.4687582e-02
   4.8858374e-02
   3.2941110e-02
   1.9846907e-02
   1.6779337e-02
   5.3120881e-02
   7.9790048e-02
   1.0203400e-01
   6.1226558e-02
   3.4345359e-02
   2.9493740e-02
   4.1886192e-02
   5.4333925e-02
   3.1788293e-02
   2.8826939e-02
   7.9487814e-03
   3.7873425e-02
   4.6224907e-02
   4.9867094e-02
   5.9178259e-02
   6.3704774e-02
   4.4106103e-02
   1.0045088e-02
   2.4382208e-02
   2.7858764e-02
   5.3381436e-02
   3.0870799e-02
   4.2573672e-02
   3.5876289e-02
   3.3471297e-02
   3.6368854e-02
   2.5826333e-02
   4.3310381e-02
   4.9295265e-02
   3.7938505e-02
   6.0215604e-02
   2.8700026e-02
   2.2658953e-02
   1.6121464e-02
   5.1009409e-02
   5.7483222e-02
   3.9965890e-02
   6.7202613e-02
   4.6619877e-02
   6.9141939e-02
   7.8449793e-02
   9.0206921e-02
   9.3133368e-02
   3.7908524e-02
   4.7300823e-02
   4.8748210e-02
   8.8991530e-02
   1.2183292e-01
   1.7152581e-01
   2.2915867e-01
   1.6503079e-01
   6.6665545e-02
   1.7340252e-02
   1.2202150e-02
   8.3629221e-02
   1.0571488e-01
   1.1389642e-01
   8.1401527e-02
   4.9249116e-02
   3.1179972e-02
   1.9150900e-02
   3.4978308e-02
   5.0992344e-02
   4.6337944e-02
   4.5117650e-02
   1.0909992e-02
   1.4878448e-02
   3.0456981e-02
   6.5217488e-02
   5.7629388e-02
   4.5799591e-02
   8.1262104e-03
   2.0300398e-02
   3.9392669e-02
   5.2662138e-02
   3.1638380e-02
   3.0573653e-02
   1.5927749e-02
   2.9409712e-02
   3.4456134e-02
   5.8511008e-02
   6.6523716e-02
   5.2489828e-02
   3.8824670e-02
   4.7870461e-02
   3.7035003e-02
   2.1639373e-02
   1.4659620e-02
   3.8197387e-02
   4.7461174e-02
   4.6918180e-02
   2.0460043e-02
   2.9695084e-02
   4.5880716e-02
   2.7476175e-02
   3.1037292e-02
   3.6644187e-02
   1.4225912e-02
   2.1797912e-03
   2.2293610e-02
   3.1966638e-02
   5.7243623e-02
   4.9645700e-02
   3.6062501e-02
   3.5789549e-02
   2.0578433e-02
   4.8883181e-02
   4.3239787e-02
   2.1456888e-02
   5.1134348e-02
   5.9759662e-02
   4.7197152e-02
   4.1067939e-02
   3.5013214e-02
   1.7432574e-02
   1.7982082e-02
   2.9859098e-02
   1.9707466e-02
   1.5029259e-02
   3.7462860e-02
   3.0062217e-02
   2.1859573e-02
   3.6859721e-02
   4.1845702e-02
   3.8255874e-02
   6.7216530e-02
   1.0069782e-01
   9.8692566e-02
   6.9407053e-02
   3.0077094e-02
   9.3531944e-03
   1.3475905e-02
   4.3767352e-02
   6.2587313e-02
   6.0283370e-02
   3.1214613e-02
   1.7869467e-02
   1.7914366e-02
   2.1294385e-02
   1.9837424e-02
   2.4785228e-02
   1.0774625e-02
   6.3686352e-03
   1.3939705e-02
   1.2815193e-02
   2.6124179e-02
   6.1530888e-02
   4.9139224e-02
   5.3013999e-02
   3.1599369e-02
   4.5275666e-02
   2.7464570e-02
   1.5775423e-02
   1.6486511e-02
   1.1293771e-02
   7.1331614e-04
   2.0815607e-02
   3.1197356e-02
   2.1190075e-02
   2.7584318e-02
   2.3468595e-02
   3.1545810e-02
   3.2889813e-02
   2.4705598e-02
   2.5966967e-02
   1.2764931e-02
   4.9266126e-02
   1.3143509e-02
   2.1678105e-02
   1.7069712e-02
   1.5436109e-02
   2.4617774e-02
   1.8228274e-02
   2.5718974e-02
   2.9158974e-02
   1.5172441e-02
   2.9585376e-02
   2.2330750e-02
   1.7451672e-02
   3.2672122e-02
   3.9535467e-02
   2.0411301e-02
   3.0278875e-02
   2.8654467e-02
   4.4781923e-02
   5.0375916e-02
   3.2198325e-02
   4.1582309e-02
   4.4257239e-02
   3.6171447e-02
   2.4125498e-02
   1.4606277e-02
   2.6683328e-03
   5.8121844e-03
   1.8481065e-02
   2.1307517e-02
   2.6080700e-02
   2.7196746e-02
   1.7436001e-02
   3.5526056e-02
   2.7253831e-02
   1.1789491e-02
   3.7161600e-02
   5.7047203e-02
   7.3709816e-02
   4.9704179e-02
   3.6951888e-02
   2.4759490e-02
   1.8611340e-02
   2.7410544e-02
   3.3324767e-02
   3.8279623e-02
   2.6620664e-02
   4.4673942e-02
   2.3376010e-02
   1.7330661e-02
   3.2849740e-02
   4.7399271e-02
   6.2626801e-02
   4.6554912e-02
   4.4444732e-02
   3.1229861e-02
   2.5025694e-02
   1.7314078e-02
   1.0721040e-02
   4.3243054e-02
   4.0380843e-02
   3.0414013e-02
   2.1731947e-02
   1.1426915e-02
   3.1361889e-02
   2.4617953e-02
   3.2015782e-02
   3.9096944e-02
   4.2669594e-02
   3.5439588e-02
   3.5308033e-02
   3.3946935e-02
   3.5602376e-02
   3.3335064e-02
   3.1321626e-02
   1.7663004e-02
   1.9518329e-02
   6.1255484e-03
   3.8637000e-03
   3.8295798e-02
   2.0078180e-02
   1.2900823e-02
   2.4175350e-02
   3.8183868e-02
   2.2019256e-02
   2.2741979e-02
   8.0009829e-03
   3.5484526e-02
   3.2760721e-02
   1.2698674e-02
   1.6320353e-02
   1.5581090e-02
   3.6839180e-02
   3.7700191e-02
   2.2761146e-02
   3.2078583e-02
   3.4273397e-02
   8.4194839e-03
   2.3757432e-02
   2.4804924e-02
   3.7386782e-02
   2.6152270e-02
   4.1222766e-02
   1.6596783e-02
   2.3661075e-02
   2.4566943e-02
   2.5830200e-02
   3.8306732e-02
   2.4031619e-02
   2.3566287e-02
   1.7597789e-02
   3.0088959e-02
   2.5564415e-02
   2.4050463e-02
   2.8894855e-02
   3.8136348e-02
   3.1918734e-02
   2.5925115e-02
   2.2356758e-02
   2.8217467e-02
   1.4947218e-02
   1.9747343e-02
   2.5592715e-02
   2.3589116e-02
   1.0663482e-02
   2.2101082e-02
   2.7253330e-02
   1.3998079e-02
   2.3641743e-02
   3.3244070e-02
   2.8408479e-02
   2.3755629e-02
   2.0893410e-02
   3.3586916e-02
   1.0049341e-02
   1.2623727e-02
   1.7249625e-02
   1.4752206e-02
   1.6132720e-02
   2.7381774e-02
   1.7161958e-02
   4.1191522e-02
   4.3523315e-02
   2.8121741e-02
   2.9924918e-02
   3.1625159e-02
   1.7697923e-02
   1.2995863e-02
   2.4138318e-02
   3.0283099e-02
   3.3823002e-02
   3.3622082e-02
   1.4703815e-02
   1.5426144e-02
   1.6423525e-02
   3.6658507e-02
   3.2230917e-02
   1.7304182e-02
   8.2308007e-03
   1.0120148e-02
   1.6261877e-02
   3.1285621e-02
   2.0511081e-02
   6.8496778e-03
   5.5794516e-03
   2.3225751e-02
   2.2734769e-02
   1.8863961e-02
   9.4946800e-03
   1.1991375e-02
   5.0996235e-03
   1.6446998e-02
   2.2299241e-02
   1.2535560e-02
   7.2704912e-03
   2.7083537e-02
   2.3482801e-02
   2.2828603e-02
   2.2722434e-02
   1.4951838e-02
   1.3954784e-02
   9.2740012e-03
   1.7401237e-02
   3.0195076e-02
   4.4710152e-02
   4.1348543e-02
   2.4876719e-02
   3.6116876e-02
   1.7778490e-02
   2.6198402e-02
   2.2667734e-02
   2.9714549e-02
   2.3707954e-02
   2.1421034e-02
   2.4423348e-02
   1.7748071e-02
   1.7994503e-02
   1.0111101e-02
   1.7902488e-02
   1.5851924e-02
   2.6965199e-02
   2.2587739e-02
   1.2633940e-02
   1.8026305e-02
   2.7018206e-02
   1.3157011e-02
   1.2395822e-02
   2.3383105e-02
   1.5891692e-02
   3.2624297e-02
   4.2366378e-02
   4.1338685e-03
   1.2970974e-02
   3.7161388e-02
   2.1079017e-02
   7.7500232e-03
   2.2564868e-02
   2.4895135e-02
   2.2103153e-02
   1.6723039e-02
   1.4136003e-02
   1.5646322e-02
   3.6871385e-02
   3.6706541e-02
   1.4005781e-02
   1.2462866e-02
   1.0518651e-02
   1.1241793e-02
   1.9337310e-02
   3.0990263e-02
   2.8663933e-02
   1.9950075e-02
   1.3329470e-02
   8.5641611e-03
   7.2012627e-03
   4.7873333e-03
   2.7131064e-02
   1.9847538e-02
   1.6522624e-02
   2.0790938e-02
   1.5721217e-02
   1.4962342e-02
   1.9880483e-02
   2.0314600e-02
   2.4291407e-02
   1.3263864e-02
   9.3321372e-03
   1.4782765e-02
   2.0246696e-02
   2.7093980e-02
   2.5001124e-02
   4.5765381e-02
   1.2226377e-02
   3.2939091e-02
   1.7565824e-02
   3.6640845e-03
   9.0985866e-03
   1.7104803e-02
   3.0959614e-02
   3.7481070e-02
   3.1604636e-02
   1.6229752e-02
   2.4562987e-02
   3.2770976e-02
   2.2646267e-02
   2.6912294e-02
   4.2457089e-02
   3.0587036e-02
   1.9759824e-02
   3.5418565e-03
   1.2225159e-02
   2.2189770e-02
   2.9931789e-02
   4.4785645e-02
   3.9519161e-02
   2.0635873e-02
   1.8244606e-02
   8.3597433e-03
   9.3901055e-03
   8.1893280e-03
   2.1355176e-02
   2.5324149e-02
   1.2737837e-02
   2.1246564e-02
   1.3184387e-02
   1.4190398e-02
   6.3349474e-03
   1.0738844e-02
   1.1537723e-02
   1.7015358e-02
   2.5984285e-02
   2.6099563e-02
   1.6073603e-02
   1.4442786e-02
   5.2630273e-03
   1.5849415e-02
   1.8502604e-02
   2.1499241e-02
   1.2827766e-02
   1.5012923e-02
   1.9880258e-02
   2.2823351e-02
   2.7051169e-02
   3.0738868e-02
   2.8195059e-02
   1.9358555e-02
   1.4075503e-02
   1.6147500e-02
   1.5000803e-02
   1.0387469e-02
   6.5129674e-03
   1.3359830e-02
   1.4639760e-02
   1.3381777e-02
   2.9002825e-02
   1.6666668e-02
   2.3391489e-02
   4.8276149e-02
   2.1270474e-02
   2.0176172e-02
   3.3867572e-02
   3.0728979e-02
   3.0803898e-02
   2.3724627e-02
   2.0589976e-02
   1.4233848e-02
   1.8218204e-02
   2.1273363e-02
   3.0596107e-02
   2.8196709e-02
   1.7010203e-02
   2.0046221e-02
   2.4474684e-02
   1.9822424e-02
   1.8549819e-02
   2.5901502e-02
   1.9240996e-02
   9.9846395e-03
   4.7065238e-03
   1.4921333e-02
   2.4871638e-02
   3.3286788e-02
   2.6354257e-02
   1.0697561e-02
   1.0227109e-02
   8.5465452e-03
   1.5921663e-02
   2.0860447e-02
   1.9827850e-02
   1.1321043e-02
   5.6631197e-03
   2.8096857e-02
   1.2250737e-02
   1.1714263e-02
   1.7219396e-02
   1.5777262e-02
   2.0064918e-02
   1.3660399e-02
   2.6221931e-02
   2.0987282e-02
   6.2407185e-03
   7.6951431e-03
   1.8607030e-02
   1.1557949e-02
   2.6529359e-02
   2.8905099e-02
   2.5346510e-02
   1.8248098e-02
   1.8563233e-02
   1.9071799e-02
   2.3164071e-02
   2.2502612e-02
   1.8455684e-02
   8.8760536e-03
   1.1326491e-02
   1.5285023e-02
   2.2714147e-02
   1.7295824e-02
   2.1329038e-02
   9.5384512e-03
   6.5881242e-03
   2.4464566e-03
   3.0595584e-02
   3.6620703e-02
   3.5246316e-02
   2.4705185e-02
   1.7186679e-02
   3.2457829e-02
   1.4858028e-02
   8.5714553e-03
   8.8602072e-03
   1.3429026e-02
   9.7234203e-03
   1.0589342e-02
   1.2267332e-02
   1.0364253e-02
   1.0573662e-02
   1.5659418e-02
   1.4974637e-02
   1.1112117e-02
   2.0190239e-02
   3.8952209e-02
   1.7557947e-02
  -7.7858736e-04
   5.3073275e-03
   9.0905549e-03
   2.2694273e-02
   2.3263726e-02
   1.5601613e-02
   1.4821381e-02
   2.7309600e-02
   2.7749332e-02
   2.9912878e-02
   2.3777470e-02
   1.2115494e-02
   3.1327683e-02
   1.6008593e-02
   6.5897703e-03
  -6.5571337e-04
   1.4409238e-02
   1.4877388e-02
   5.5199838e-03
   3.5828922e-03
   1.6832860e-02
   2.1764977e-02
   2.8888592e-02
   1.6736420e-02
   1.9494716e-02
   2.9876592e-02
   3.0834055e-02
   3.2946672e-02
   2.8128790e-02
   1.6502060e-02
   1.4800012e-02
   9.6120117e-03
   2.2843072e-02
   8.2040541e-03
   6.8007861e-03
   1.3664928e-02
   2.4606343e-02
   2.1856315e-02
   7.2004767e-03
   1.3063136e-02
   2.4250526e-02
   2.5361940e-02
   3.2046959e-02
   2.4901299e-02
   2.2643749e-02
   1.7772490e-02
   2.0745931e-02
   3.1680256e-02
   1.6554287e-02
   1.5745575e-02
   1.4813538e-02
   1.9714143e-02
   1.4896726e-02
   2.2705257e-02
   1.5885008e-02
   1.6590336e-02
   1.8890841e-02
   2.8121667e-02
   3.1265076e-02
   1.5960086e-02
   1.1076236e-02
   1.5703859e-02
   2.0789061e-02
   1.4732786e-02
   1.9821677e-02
   2.7815077e-02
   2.1371016e-02
   2.1940734e-02
   1.7014865e-02
   1.6671966e-03
   1.7577164e-02
   2.3418456e-02
   1.1867753e-02
   8.8632619e-03
   9.0864478e-03
   1.5821118e-02
   3.4364022e-02
   1.9762285e-02
   2.4508633e-02
   2.0583127e-02
   2.3221642e-02
   1.6406493e-02
   3.2426041e-02
   1.8749107e-02
   4.5709400e-03
   1.4755541e-02
   1.5249898e-02
   1.8217796e-02
   7.1939449e-03
   1.8992973e-02
   1.4587984e-02
   1.2013672e-02
   1.8165743e-02
   2.3389533e-02
   2.9905558e-02
   2.1949982e-02
   1.0227317e-02
   6.0279593e-03
   1.1880467e-02
   1.6682724e-02
   1.3892810e-02
   1.6547654e-02
   1.4515907e-02
   2.1028696e-02
   2.1296920e-02
   3.0127255e-02
   1.5495792e-02
   9.1543859e-03
   1.1238043e-02
   1.2123249e-02
   5.3215744e-03
   2.1489533e-02
   2.9003557e-02
   1.3872487e-02
   1.2076818e-02
   8.0821174e-04
   5.2449447e-03
   1.2483194e-02
   2.9060058e-02
   2.1699360e-02
   1.9900264e-02
   2.3221565e-02
   2.6914675e-02
   2.2764698e-02
   2.7071301e-02
   1.3273424e-02
   2.7858891e-02
   2.1043494e-02
   2.3773240e-02
   2.3954349e-02
   2.5304923e-02
   2.9894503e-02
   1.2079572e-02
   8.3539309e-03
   1.5633777e-02
   2.2409977e-02
   1.4307525e-02
   1.2092504e-02
   2.7425410e-02
   3.5714410e-02
   2.0392764e-02
   1.8331699e-02
   1.4076459e-02
   1.1635156e-02
   8.2787061e-03
   2.7130388e-02
   1.9836050e-02
   1.5622274e-02
   1.3187313e-02
