   6.2408214e-03
   5.7543602e-02
   5.8637019e-02
   3.4581386e-02
   6.7843042e-02
   7.5387314e-02
   8.5886836e-02
   9.0552352e-02
   9.5428549e-02
   6.8836197e-02
   3.8934756e-02
   3.3044469e-02
   7.4698538e-02
   4.6872549e-02
   2.2963272e-02
   1.0247270e-02
   6.5805674e-02
   1.3533109e-01
   9.3352586e-02
   8.9739941e-02
   9.2613153e-02
   4.9733642e-02
   2.9288746e-02
   2.5989305e-02
   3.3945594e-02
   6.7884147e-02
   8.0567770e-02
   1.3552070e-01
   6.2945783e-02
   6.8573579e-02
   8.3996877e-02
   3.3503998e-02
   3.2077931e-02
   5.7545308e-02
   5.6090347e-02
   5.5128451e-02
   5.9426367e-02
   6.1356857e-02
   8.2334615e-02
   8.4574461e-02
   6.1175097e-02
   6.2241994e-02
   1.0687762e-01
   5.7584871e-02
   3.7127372e-02
   2.1936148e-02
   5.1431566e-02
   3.0611591e-02
   8.9089841e-02
   7.4360751e-02
   6.4910673e-02
   6.4027444e-02
   3.7156891e-02
   1.3800717e-02
   3.4120325e-02
   2.1368336e-02
   4.6987642e-02
   5.2650269e-02
   5.4479383e-02
   3.6007788e-02
   2.2423888e-02
   3.9892185e-02
   4.8942007e-02
   3.6179066e-02
   6.7942157e-02
   8.8530235e-02
   6.4131930e-02
   7.8784361e-02
   6.1112251e-02
   7.7597126e-02
   4.9484108e-02
   7.1766578e-02
   9.7347878e-02
   6.8814844e-02
   4.4180855e-02
   5.4064833e-02
   2.9061085e-02
   5.1414464e-02
   6.3512728e-02
   6.3571826e-02
   3.0279875e-02
   2.9627465e-02
   3.5186544e-02
   3.8682520e-02
   4.2655256e-02
   6.0687501e-02
   5.3023685e-02
   1.0556985e-01
   7.3000371e-02
   5.9620239e-02
   4.0067092e-02
   3.1266790e-02
   2.3271579e-02
   7.1443401e-02
   4.0227022e-02
   3.6602348e-02
   9.7608492e-02
   1.2142570e-01
   8.9873061e-02
   6.5782167e-02
   8.2630835e-02
   7.9974763e-02
   8.6526290e-02
   6.9338478e-02
   7.8774251e-02
   3.2567140e-02
   7.4974753e-02
   1.0380074e-01
   1.2569723e-01
   9.0232074e-02
   4.7105037e-02
   7.3808216e-02
   6.2351096e-02
   9.1363646e-02
   9.7949587e-02
   1.0151113e-01
   6.5992743e-02
   9.5549054e-02
   9.3624219e-02
   3.6516309e-02
   7.8158602e-02
   9.0936162e-02
   6.5340303e-02
   6.0305890e-02
   6.4870819e-02
   3.9815988e-02
   3.9688867e-02
   4.3800026e-02
   7.5828537e-02
   7.5382471e-02
   4.8198670e-02
   7.5357050e-02
   6.2805817e-02
   6.1306696e-02
   3.8198397e-02
   7.0901014e-02
   5.1413961e-02
   5.7610527e-02
   8.6652584e-02
   7.2168492e-02
   6.6030398e-02
   2.3467312e-02
   3.2833938e-02
   6.6330753e-02
   4.0670343e-02
   3.5715118e-02
   6.1771099e-02
   5.9117850e-02
   5.9133805e-02
   4.2876296e-02
   9.9965721e-02
   8.3604790e-02
   4.8519608e-02
   2.3906067e-02
   4.3236300e-02
   4.3158244e-02
   5.5773608e-02
   6.4971104e-02
   1.1555231e-01
   6.1572347e-02
   1.6051427e-02
   9.7492235e-03
   1.2448665e-02
   2.3341488e-02
   3.6801588e-02
   5.7209741e-02
   8.8362105e-02
   9.4169989e-02
   6.0618471e-02
   6.3646510e-02
   6.2235992e-02
   6.9359504e-02
   6.9131717e-02
   8.8416144e-02
   4.2236749e-02
   1.0585636e-02
   2.2288697e-02
   4.5548156e-02
   4.0664650e-02
   8.4370777e-02
   5.5387128e-02
   5.7001870e-02
   7.1369998e-02
   4.9624715e-02
   6.9753997e-02
   8.7532572e-02
   6.5337613e-02
   1.6208988e-02
   1.5415664e-02
   3.8525283e-02
   1.2823913e-02
   1.4263412e-02
   5.6534737e-02
   4.9662847e-02
   6.1834041e-02
   3.4281932e-02
   7.2040163e-02
   3.3105291e-02
   6.4181156e-02
   7.4397177e-02
   4.7569945e-02
   3.2674685e-02
   7.5492904e-02
   5.1872283e-02
   5.1254302e-02
   1.7600816e-02
   4.1239202e-02
   5.8602039e-02
   7.9617165e-02
   6.7809686e-02
   4.5700513e-02
   3.3096734e-02
   2.8437547e-02
   2.9903492e-02
   4.3424483e-02
   2.1680353e-02
   2.7508266e-02
   2.1557452e-02
   6.7474149e-02
   7.5302087e-02
   8.6784005e-02
   5.5375502e-02
   4.9254879e-02
   3.7122939e-02
   9.5043957e-02
   9.9099837e-02
   1.0602447e-01
   5.8593925e-02
   3.6440283e-02
   8.4075928e-02
   1.1217023e-01
   7.5692751e-02
   3.7778609e-02
   7.1320787e-02
   6.2314510e-02
   1.0858794e-01
   1.0562397e-01
   8.3330519e-02
   9.6735239e-02
   5.6114044e-02
   9.3421474e-02
   1.8945184e-01
   1.0395789e-01
   5.6396157e-02
   3.1989414e-02
   5.9638008e-02
   1.1250894e-01
   9.0352051e-02
   8.9170039e-02
   7.0260212e-02
   5.1769096e-02
   4.1242562e-02
   4.5568522e-02
   4.0246457e-02
   1.0898544e-02
   1.9732831e-02
   4.0068768e-02
   2.4254065e-02
   3.2884043e-02
   6.2891617e-02
   7.5726278e-02
   2.3133343e-02
   2.2912761e-02
   4.6053331e-02
   1.4949935e-02
   8.7182865e-02
   6.9006912e-02
   7.7445552e-02
   4.5358356e-02
   2.5467481e-02
   6.6796310e-02
   5.7285052e-02
   8.5120052e-02
   5.0868038e-02
   9.3052819e-02
   8.6991712e-02
   5.3736895e-02
   6.5998264e-02
   7.1357958e-02
   5.2394666e-02
   1.1428187e-02
   3.2225531e-02
   6.3415088e-02
   4.4164687e-02
   6.1992873e-02
   2.7136505e-02
   7.4925691e-02
   7.0786089e-02
   2.9100467e-02
   7.7866971e-02
   4.4331034e-03
   5.1704822e-03
   4.0231477e-02
   6.8940558e-02
   1.0400824e-01
   1.1265835e-01
   6.4362921e-02
   5.5952460e-02
   5.7201184e-02
   4.3612700e-02
   6.9430038e-02
   1.0034060e-01
   9.6241742e-02
   7.6491043e-02
   1.0618665e-01
   1.5236817e-01
   1.4539807e-01
   1.1712518e-01
   6.9198854e-02
   2.4550332e-02
   7.6714180e-02
   1.2941779e-01
   1.2046175e-01
   8.6319782e-02
   7.6928779e-02
   5.3615198e-02
   6.7644008e-02
   5.2629210e-02
   9.0205327e-02
   6.8535343e-02
   5.1957559e-02
   7.0812948e-02
   6.0754217e-02
   8.3372556e-02
   1.0595620e-01
   8.7602168e-02
   5.3560596e-02
   5.3631000e-02
   8.2368150e-02
   2.9714810e-02
   4.4660363e-02
   8.1693575e-02
   9.6654586e-02
   7.2723337e-02
   8.0493115e-02
   4.6215359e-02
   7.1946315e-02
   7.8617819e-02
   1.6588733e-02
   6.7317732e-02
   3.6716674e-02
   5.3051475e-02
   4.9367763e-02
   3.7380420e-02
   4.8624951e-02
   6.7026846e-02
   4.4116128e-02
   6.5248638e-02
   2.0879198e-02
   5.3554215e-02
   3.4086518e-02
   7.3011167e-02
   3.4160133e-02
   5.2792910e-02
   6.2459160e-02
   3.9758448e-02
   6.7579232e-02
   1.0126586e-01
   1.1537385e-01
   7.1245827e-02
   5.9399933e-02
   2.8387928e-02
   6.2912419e-02
   7.2202697e-02
   7.4998394e-02
   9.5105268e-02
   6.5100916e-02
   6.3164011e-02
   5.2776985e-02
   4.1432820e-02
   2.1197204e-02
   3.0079179e-02
   8.1620492e-02
   6.1217733e-02
   5.1533643e-02
   6.4118862e-02
   6.9671288e-02
   5.6285087e-02
   1.0978061e-02
   3.1056760e-02
   1.4865284e-02
   2.8067784e-02
   3.7315700e-02
   4.4216465e-02
   7.9274103e-02
   6.7006700e-02
   3.9980322e-02
   6.4267546e-02
   4.7116376e-02
   5.0217114e-02
   4.5230698e-02
   4.0630803e-02
   4.0712822e-02
   5.0628182e-02
   3.4297273e-02
   5.9311565e-02
   5.6223933e-02
   2.1172360e-02
   5.2757554e-02
   4.2744648e-02
   3.8164064e-02
   4.4472925e-02
   5.8574662e-02
   9.6180044e-02
   3.9320096e-02
   3.6851338e-03
   1.9737560e-02
   3.4041595e-02
   2.7281171e-02
   4.5033325e-02
   7.2658509e-02
   1.0343263e-01
   4.4672024e-02
   6.7452997e-02
   9.2019685e-02
   1.6881853e-01
   1.5564248e-01
   1.3025942e-01
   1.2475789e-01
   6.0465153e-02
   5.5150345e-02
   6.4314611e-02
   7.0040330e-02
   4.5459125e-02
   2.4920201e-02
   7.4593358e-02
   5.4796875e-02
   5.3970855e-02
   6.9136627e-02
   3.9940372e-02
   4.3522660e-02
   6.4653881e-02
   9.8943442e-02
   8.6719416e-02
   8.6249873e-02
   7.5435504e-02
   5.2610848e-02
   5.2335624e-02
   3.9057225e-02
   1.9517776e-02
   2.4981605e-02
   9.3016729e-02
   5.0301965e-02
   3.8147066e-02
   6.6142432e-02
   3.6144421e-02
   4.4330742e-02
   1.1693438e-01
   9.8255612e-02
   4.6462078e-02
   5.5805884e-02
   6.3547343e-02
   5.6775242e-02
   9.5705166e-02
   8.3806157e-02
   9.1681473e-02
   6.2160295e-02
   2.2545079e-02
   1.6860664e-02
   3.4673356e-02
   5.5233520e-02
   5.6906037e-02
   6.9393657e-02
   3.6569923e-02
   5.0424669e-02
   4.8816573e-02
   2.9474778e-02
   1.2733510e-02
   3.5642590e-02
   6.1328072e-02
   4.9940441e-02
   3.0704316e-02
   7.7342845e-02
   1.0505172e-01
   8.0045283e-02
   6.6295289e-02
   6.2155910e-02
   6.2315781e-02
   1.5221241e-02
   2.2792494e-02
   6.3422464e-02
   6.7156792e-02
   7.0437588e-02
   6.0631126e-02
   6.8309106e-02
   1.0672198e-01
   1.4966536e-01
   7.4013695e-02
   3.5685040e-02
   8.5355006e-02
   4.2136367e-02
   6.1654273e-02
   2.5001405e-02
   2.2132453e-02
   6.8669744e-02
   8.6887941e-02
   8.7961026e-02
   8.1555814e-02
   7.2146140e-02
   4.8988611e-02
   1.8807694e-02
   1.1152960e-02
   4.7890522e-02
   5.5964068e-02
   6.0210198e-02
   5.1090505e-02
   2.9547380e-02
   4.6887927e-02
   5.6669924e-02
   5.4676399e-02
   7.2542891e-02
   4.3774307e-02
   4.5216788e-02
   4.5571472e-02
   5.3631980e-02
   5.1685013e-02
   4.9528465e-02
   8.3411664e-02
   7.2051115e-02
   5.1718425e-02
   4.3708835e-02
   1.4863415e-02
   8.1586428e-02
   8.1107073e-02
   6.2704399e-02
   5.9261162e-02
   1.0126132e-01
   1.2020462e-01
   2.9213466e-02
   7.1605146e-03
   2.6136693e-02
   4.5351822e-02
   7.9500906e-02
   4.0267557e-02
   2.9863505e-02
   7.7818677e-02
   7.8961186e-02
   1.4782935e-01
   1.6087779e-01
   1.1023103e-01
   5.4768793e-02
   7.0198968e-02
   6.9335200e-02
   4.5909274e-02
   4.1111231e-02
   4.4515140e-02
   6.4976186e-02
   8.5342318e-02
   5.0356515e-02
   5.8208007e-02
   5.8907609e-02
   1.0294703e-01
   5.9453387e-02
   3.2542530e-02
   2.7375141e-02
   5.2096147e-02
   6.6772886e-02
   5.6264576e-02
   8.7007090e-02
   1.2893417e-01
   1.7304312e-01
   2.1770820e-01
   1.7590341e-01
   5.8359914e-02
   5.9115019e-02
   5.3823676e-02
   5.4719195e-02
   6.7624032e-02
   1.0178515e-01
   1.2457432e-01
   6.4090662e-02
   8.5294051e-03
  -8.5009877e-03
   1.2272072e-04
   1.2156963e-01
   1.4053163e-01
   9.3253791e-02
   8.2117841e-02
   1.1044152e-01
   1.0287860e-01
   5.2376814e-02
   6.4484313e-02
   1.0112006e-01
   9.0680741e-02
   5.7709854e-02
   2.8807860e-02
   5.8406357e-02
   1.3248351e-01
   2.4416357e-01
   2.5094685e-01
   1.1958023e-01
   1.3097464e-01
   1.1782767e-01
   1.0428615e-01
   4.5990273e-02
   1.8210454e-01
   7.1199656e-01
   8.8499111e-01
   5.2781266e-01
   2.0139188e-01
   1.9750419e-01
   1.3595514e+00
   4.5369506e+00
   4.2265029e+00
   1.8030850e+00
   5.2521461e-01
   2.5519034e-01
   3.2550398e-01
   4.4554165e-01
   8.7331605e-01
   8.6240709e-01
   4.7614166e-01
   1.5487769e-01
   6.7841165e-02
   8.7352157e-02
   1.7577372e-01
   3.0292371e-01
   2.9870543e-01
   2.0985413e-01
   1.7414176e-01
   9.6940190e-02
   1.3513844e-01
   1.5525712e-01
   1.5467578e-01
   1.8615958e-01
   3.0455467e-01
   2.0393480e-01
   8.9961708e-02
   6.3667946e-02
   7.3812298e-02
   4.2095982e-02
   3.4587830e-02
   2.7373584e-02
  -4.8669867e-02
   2.5131242e-02
   1.0163846e-01
  -1.7233996e-02
  -1.4846296e-03
   2.5974173e-02
   2.2108207e-02
   1.5852198e-02
  -2.2111183e-02
   4.2757232e-02
   8.0205277e-02
   7.4637704e-02
  -2.5197044e-02
   4.8388718e-04
   9.6341729e-02
   1.7811562e-01
   2.4710989e-01
   1.2224156e-01
   6.0836762e-02
   2.2936849e-01
   3.1784657e-01
   1.8190566e-01
   8.1908479e-02
   1.3987805e-01
   2.5159401e-01
   1.4019452e-01
   7.4901000e-02
   5.9313755e-02
   2.1841200e-01
   7.1194732e-01
   8.8015974e-01
   3.7965187e-01
   6.8335421e-02
   2.6807029e-02
   8.2402021e-02
   8.3757646e-02
   1.3461576e-01
   1.6738826e-01
   3.6983556e-04
   4.2690445e-02
   1.6047888e-02
   4.2958181e-02
   1.1053851e-01
   9.7866155e-02
   1.0943947e-01
   7.9021990e-02
   6.8441644e-02
   1.1592904e-01
   1.0065063e-01
   8.3032206e-02
   9.3997270e-02
   9.2481136e-02
   1.0429876e-01
   9.8964714e-02
   3.6685061e-02
   9.9725157e-02
   8.6840197e-02
   9.1252662e-02
   4.9627040e-02
   6.9038168e-02
   6.2942170e-02
   9.6058764e-02
   6.2841393e-02
   6.6684723e-02
   8.0305323e-02
   9.6197255e-02
   1.0026883e-01
   7.3776089e-02
   2.7337868e-02
   1.2915339e-01
   1.1907244e-01
   8.6859852e-02
   1.1979472e-01
   1.3098909e-01
   8.6641602e-02
   1.4277732e-01
   1.5693143e-01
   1.0774259e-01
   1.6500722e-01
   2.0417689e-01
   1.3837367e-01
   6.9850348e-02
   1.6757053e-01
   3.6754090e-01
   3.0315924e-01
   2.1479398e-01
   8.3763331e-02
   3.5841775e-01
   1.1731894e+00
   1.5352559e+00
   7.6725310e-01
   2.3795035e-01
   9.3988158e-02
   1.9252652e-01
   3.1826434e-01
   3.0956569e-01
   3.7939155e-01
   2.1560140e-01
   5.2822195e-02
   1.1860472e-01
   8.5465908e-02
   6.8636201e-02
   1.2780899e-01
   1.5557140e-01
   8.3222345e-02
   5.5240471e-02
   9.3803942e-02
   8.1441715e-02
   5.8748439e-02
   6.7862354e-02
   8.2716860e-02
   1.0291559e-01
   8.3531946e-02
   4.1244581e-02
   8.4779866e-02
   8.8198528e-02
   1.2584384e-01
   1.2132150e-01
   7.7083394e-02
   4.1423750e-04
   5.4354303e-02
   7.1651369e-02
   1.0653824e-01
   7.1081482e-02
   8.0371566e-02
   6.6034406e-02
   8.4767550e-02
   8.9778662e-02
   6.5882042e-02
   8.2356423e-02
   5.4416571e-02
   4.7216479e-02
   1.0940293e-01
   1.6133979e-01
   7.9063594e-02
   2.6207646e-02
   2.2451505e-02
   1.0289320e-01
   1.8218194e-01
   1.1704457e-01
   6.3119933e-02
   9.0717524e-02
   1.4992346e-01
   1.5636879e-01
   5.4035444e-02
   4.5446172e-02
   1.1929842e-01
   3.0909887e-01
   4.3172160e-01
   2.7897948e-01
   1.3958074e-01
   9.5259137e-02
   5.0715894e-02
   6.9304459e-02
   1.1395532e-01
   8.5506126e-02
   2.6638636e-02
   6.2786512e-02
   6.8797566e-02
   9.9023871e-02
   4.5566559e-02
   1.1185452e-01
   1.1905263e-01
   9.5537983e-02
   2.4569774e-02
   3.9024487e-02
   6.7196429e-02
   7.3061362e-02
   7.3854432e-02
   1.1935342e-01
   5.8469463e-02
   5.4905746e-02
   7.1010031e-02
   7.9938769e-03
   3.3273034e-02
   4.9810681e-02
   7.6114886e-02
   1.0230695e-01
   4.9711995e-02
   3.7664901e-02
   3.6045741e-02
   5.4185532e-02
   1.6890168e-02
   7.3227376e-02
   1.1397401e-01
   9.9988699e-02
   8.4719434e-02
   6.5470576e-02
   9.1103122e-02
   4.6118118e-02
   7.9844512e-02
   1.0034973e-01
   8.1305169e-02
   9.7749986e-02
   7.0327476e-02
   5.9655949e-02
   1.0523855e-01
   7.1572624e-02
   5.9007723e-02
   3.2169186e-02
   5.6794379e-02
   1.0141663e-01
   6.7950718e-02
   3.1219680e-02
   5.1529691e-02
   1.6017376e-01
   2.3407155e-01
   1.1718284e-01
   6.7089930e-02
   9.6774764e-02
   1.3652173e-01
   1.2719466e-01
   9.5016673e-02
   5.6625985e-02
   6.4166926e-02
   9.6101396e-02
   6.2156938e-02
   1.0573054e-01
   1.0945404e-01
   6.5288715e-02
   1.2444148e-01
   8.4629469e-02
   6.6407919e-02
   6.8415493e-02
   9.0831496e-02
   7.8763328e-02
   5.5681687e-02
   2.2767348e-02
   2.4083180e-02
   6.3686289e-02
   1.5876198e-01
   1.0165092e-01
   7.1374483e-02
   2.8750850e-02
   5.4988202e-02
   1.4185491e-01
   1.1070909e-01
   8.6343177e-02
   5.5819511e-02
   7.1823351e-02
   9.7951777e-02
   7.6124340e-02
   4.9992215e-02
   4.4911645e-02
   2.7488150e-02
   5.6370530e-02
   4.0450796e-02
   3.2282844e-02
   1.6261391e-02
   1.1015282e-01
   7.4841887e-02
   6.0680669e-02
   7.5470940e-03
   8.1712706e-03
   7.8781880e-02
   9.1082208e-02
   7.6745801e-02
   9.7854756e-02
   7.3446497e-02
   5.5717926e-02
   5.0119847e-02
   5.4572832e-02
   4.5384124e-02
   8.9270115e-02
   9.0185560e-02
   5.0810818e-02
   3.2502722e-02
   5.7452738e-02
   2.9506801e-02
   5.6258928e-02
   5.8999401e-02
   5.3936344e-02
   1.9065423e-02
   2.8796021e-02
   3.8032137e-02
   5.3968120e-02
   5.4414473e-02
   9.4620220e-02
   7.6333836e-02
   7.2596759e-02
   7.0890635e-02
   6.3447013e-02
   5.6612913e-02
   7.7061668e-02
   5.9988655e-02
   6.3368924e-02
   3.1594105e-02
   7.2170354e-02
   1.5503518e-01
   1.2091044e-01
   4.6464298e-02
   7.7748172e-02
   8.5187048e-02
   8.1148386e-02
   7.1630172e-02
   7.8341126e-02
   8.7600119e-02
   7.8370683e-02
   1.0549527e-01
   8.1107229e-02
   1.2552194e-01
   1.2073992e-01
   1.5061446e-01
   6.5353550e-02
   6.8849362e-02
   1.9360159e-01
   1.6179244e-01
   1.6190799e-01
   1.0288938e-01
   1.1882222e-01
   2.3944554e-01
   3.1100708e-01
   1.9590962e-01
   6.2568821e-02
   1.0056818e-01
   2.7312458e-01
   3.0660614e-01
   2.1627398e-01
   1.1038119e-01
   2.4832858e-01
   4.0024328e-01
   3.7563193e-01
   1.4051512e-01
   1.5676318e-01
   3.7791437e-01
   5.5862451e-01
   4.2266774e-01
   1.4737277e-01
   6.7059062e-02
   5.3749865e-01
   8.7757677e-01
   6.0634667e-01
   2.0463990e-01
   1.5258792e-01
   6.1784530e-01
   9.3510890e-01
   5.8022720e-01
   2.3272324e-01
   2.4556109e-01
   5.3375214e-01
   5.3207594e-01
   2.8330699e-01
   1.0281873e-01
   1.8655716e-01
   4.7246414e-01
   5.2042049e-01
   2.6760852e-01
   9.4748564e-02
   1.2392128e-01
   5.1193945e-02
   7.6161206e-02
   5.3022679e-02
   9.0168670e-02
   1.5330929e-01
   1.0999632e-01
   9.6746355e-02
   5.8155082e-02
   6.8473928e-02
   9.2832997e-02
   5.3063367e-02
   1.0205521e-01
   1.1372094e-01
   6.6439860e-02
   9.7699963e-02
   8.2952872e-02
   4.0510248e-02
   8.4575400e-02
   1.0921796e-01
   8.4905647e-02
   5.7805952e-02
  -1.2537651e-02
   2.6986483e-02
   5.5542085e-02
   1.3337605e-01
   1.0898930e-01
   5.0960589e-02
   1.1329195e-01
   1.1567845e-01
   1.0958871e-01
   5.6971420e-02
   1.1102226e-01
   1.5442806e-01
   1.1485296e-01
   1.0506132e-01
   7.3733091e-02
   1.2371560e-01
   2.9796875e-01
   2.6789922e-01
   1.0431200e-01
   7.4038811e-02
   1.8502641e-01
   1.8353288e-01
   1.4133453e-01
   7.0051424e-02
   8.1283748e-02
   1.8290471e-01
   2.1911822e-01
   1.0465144e-01
   6.2680781e-02
   8.0514498e-02
   1.7587680e-01
   1.9823237e-01
   1.4363816e-01
   6.2783867e-02
   5.4839063e-02
   1.8649584e-02
   4.0029153e-02
   4.5871817e-02
   5.0594956e-02
   1.1171904e-01
   1.0958993e-01
   4.4152368e-02
   3.8679939e-02
   8.2610115e-02
   8.7297782e-02
   7.2219253e-02
   7.2303154e-02
   6.5762207e-02
   9.2958875e-02
   1.0924833e-01
   5.8514096e-02
   3.7166603e-02
   3.3048276e-02
   7.5085260e-02
   7.9790540e-02
   8.4915325e-02
   6.1253555e-02
   5.6155086e-02
   2.6999367e-02
   6.2896557e-02
   4.8295237e-02
   4.7037534e-02
   5.7752855e-02
   3.2191534e-02
   5.6398641e-02
   1.0134237e-01
   1.2208747e-01
   1.0678383e-01
   1.0489880e-01
   1.0989970e-01
   1.1537949e-01
   1.3525094e-01
   1.9405484e-01
   2.1387471e-01
   9.9818967e-02
   3.3327229e-02
   1.9358943e-01
   2.1092106e-01
   7.5154573e-02
   4.2556737e-02
   7.8436285e-02
   1.3218407e-01
   1.2469418e-01
   3.9723348e-02
   2.1182915e-02
   6.4791024e-02
   1.2496387e-01
   7.6016583e-02
   6.8985738e-02
   1.0134943e-01
   3.3304706e-02
   5.4742981e-02
   4.3369126e-02
   4.6280291e-02
   6.0305703e-02
   4.3771118e-02
   4.8684984e-02
   5.9613388e-02
   2.9124713e-02
   4.3319363e-02
   1.2015130e-02
   5.8303095e-02
   8.1456289e-02
   2.2072900e-02
   2.0780114e-02
   5.4771207e-02
   3.0463129e-02
   7.7247858e-02
   7.8213125e-02
   5.6660868e-02
   2.3628073e-02
   6.5140910e-02
   7.3769569e-02
   6.6407926e-02
   6.6610537e-02
   5.0495479e-02
   8.1078187e-02
   8.7197527e-02
   1.1765511e-01
   1.0033230e-01
   6.8906687e-02
   8.5823245e-02
   8.2833774e-02
   1.1511149e-01
   3.5547987e-02
   3.1480800e-02
   1.0920390e-01
   1.3140230e-01
   9.2494711e-02
   3.9845694e-02
   3.0811442e-02
   4.0915910e-02
   5.3699613e-02
   6.7035072e-02
   5.0755065e-02
   6.8421192e-02
   1.0145880e-01
   6.3667201e-02
   8.2929164e-02
   3.3236086e-02
   9.6867546e-02
   1.2333130e-01
   1.1031383e-01
   1.2745938e-01
   8.2695141e-02
   4.5031797e-02
   3.9899267e-02
   6.2127639e-02
   7.9186499e-02
   7.1374334e-02
   4.3591868e-02
   5.8982629e-02
   3.2609548e-02
   1.2608259e-02
   4.9805045e-02
   7.7350065e-02
   5.0100479e-02
   4.9378663e-02
   3.7143417e-02
   5.7097439e-02
   2.6005439e-02
   3.6501337e-02
   3.1718187e-02
   1.8241489e-02
   6.5368034e-02
   5.6762516e-02
   8.1252038e-02
   5.0490033e-02
   2.5730783e-02
   4.5640498e-02
   5.0446928e-02
   4.4160232e-02
   4.2051867e-02
   5.4475535e-02
   8.4855728e-02
   8.1666850e-02
   9.1698088e-02
   5.3757098e-02
   2.6598800e-02
   2.1470599e-02
   3.7730560e-02
   6.4232484e-02
   6.0739420e-02
   9.1540433e-02
   9.7313799e-02
   7.6806247e-02
   5.3604998e-02
   7.7663168e-02
   3.7587706e-02
   3.5341881e-02
   7.8785226e-02
   5.9371218e-02
   3.9384946e-02
   6.3726336e-02
   8.6595029e-02
   5.1765174e-02
   4.9389098e-02
   3.9467536e-02
   2.0418786e-02
   8.8119000e-02
   7.0361987e-02
   7.7913545e-02
   7.2842799e-02
   2.4097349e-02
   1.7024659e-02
   2.4697501e-02
   3.2849852e-02
  -2.4800075e-03
   2.3894344e-02
   7.1072124e-02
   7.8485802e-02
   7.0227876e-02
   5.5248067e-02
   4.7165662e-02
   9.2112094e-02
   8.8108577e-02
   8.2071289e-02
   5.8353379e-02
   2.2620205e-02
   2.8326917e-02
   7.5849414e-02
   4.7974858e-02
   1.7593833e-02
   3.9628655e-02
   4.1585371e-02
   3.4751661e-02
   1.0295945e-01
   4.3749835e-02
   5.5540954e-03
   3.2292854e-02
   4.7609739e-02
   7.4646279e-02
   4.2861935e-02
   4.4814266e-02
   5.1907409e-02
   4.3321438e-02
   5.2000489e-02
   6.4803012e-02
   3.4173112e-02
   8.0140486e-02
   1.1026068e-01
   6.6127248e-02
   5.0330065e-02
   3.5334472e-02
   6.5840289e-02
   8.2433328e-02
   5.1958084e-02
   6.9671012e-02
   7.1162634e-02
   1.0531513e-01
   9.7048871e-02
   3.6864266e-02
   5.4488014e-02
   4.0283572e-02
   3.0321402e-02
   6.4437225e-02
   5.1459778e-02
   5.3975947e-02
   1.6315507e-02
   2.0744098e-02
   5.5866007e-02
   3.4181848e-02
   3.2344215e-02
   4.1626871e-02
   2.5879031e-02
   4.2994019e-02
   6.5671794e-02
   4.6240188e-02
   6.2587336e-02
   6.1151661e-02
   6.9301978e-02
   7.6951362e-02
   6.3336410e-02
   3.2727737e-02
   3.2913089e-02
   5.0473239e-02
   6.2101431e-02
   6.3124332e-03
   3.2300923e-02
   6.6991255e-02
   7.0044406e-02
   7.9443328e-02
   6.5666869e-02
   6.4150453e-02
   3.7809957e-02
   1.0558481e-02
   9.0889083e-03
   3.6423516e-02
   5.5618245e-02
   7.6983109e-02
   5.1870141e-02
   4.9437504e-02
   4.4379868e-02
   4.9875844e-02
   6.5487839e-02
   2.2477821e-02
   4.5135811e-02
   9.3805350e-02
   4.7772363e-02
   5.1511731e-02
   4.7890238e-02
   3.9415758e-02
   7.2453961e-02
   4.1604616e-02
   5.1147964e-02
   5.4917201e-02
   1.1836103e-02
   7.4716084e-02
   7.2778113e-02
   4.0927727e-02
   3.4652930e-02
   6.1502714e-02
   6.9501907e-02
   5.7828277e-02
   5.4408964e-02
   3.5623360e-02
   1.7017357e-02
   3.6043167e-02
   5.5736650e-02
   5.0166134e-02
   4.1911580e-02
   1.9791465e-02
   3.5263412e-04
   1.2495980e-04
   2.8510587e-02
   3.6854926e-02
   4.2494372e-02
   1.6883818e-02
   1.6825369e-02
   2.9074019e-02
   6.4340062e-02
   7.3153004e-02
   3.5739321e-02
   2.5799259e-04
   1.6381625e-02
   6.3046053e-02
   1.0270771e-01
   4.3785628e-02
   4.1412096e-02
   9.0429284e-02
   6.4250022e-02
   4.0632349e-02
   1.0185111e-01
   2.1377353e-01
   1.8477927e-01
   7.3298067e-02
   7.0009284e-02
   1.5438087e-01
   1.7357662e-01
   1.3013603e-01
   1.0176817e-01
   1.0323950e-01
   6.8054445e-02
   8.2950793e-02
   7.2797060e-02
   6.1665986e-02
   8.0904126e-02
   8.6644672e-02
   7.2165094e-02
   7.8930877e-02
   3.6347289e-02
   5.2210286e-02
   3.6050256e-02
   3.1192524e-02
   5.2377827e-02
   4.2653801e-03
   3.5617679e-02
   4.7571637e-02
   4.5466021e-02
   5.1415585e-02
   4.5769602e-02
   2.4369383e-02
   2.8005416e-02
   2.6813375e-02
   2.6122661e-02
   3.5240393e-02
   6.7008018e-02
   6.6720679e-02
   3.3357028e-02
   2.1095395e-02
   6.7609735e-02
   4.4176314e-02
   1.7954025e-02
  -1.6983209e-02
   4.7058161e-02
   4.8631951e-02
   5.1873606e-02
   4.5451552e-02
   2.3177661e-02
   1.1548895e-02
   6.2302548e-02
   4.8353881e-02
   4.4920571e-02
   7.5409248e-02
   5.5028886e-02
   7.5390361e-02
   1.0676962e-01
   7.5995661e-02
   8.0451384e-02
   5.3787526e-02
   4.1803751e-02
   7.9268619e-02
   8.2648344e-02
   7.3575735e-02
   5.7548936e-02
   5.0964419e-02
   8.6133204e-02
   9.3961284e-02
   7.1572699e-02
   8.0754057e-02
   2.9761823e-02
   3.1746626e-02
   4.5797016e-02
   5.2066859e-02
   5.5193149e-02
   2.6647644e-02
   4.4632960e-02
   1.0294003e-01
   8.8017739e-02
   6.7692317e-02
   8.0906801e-02
   9.8269135e-02
   9.5359556e-02
   4.8891738e-02
   5.0439101e-02
   5.8582291e-02
   3.0503811e-02
  -4.1575381e-03
   3.3926666e-02
   1.0431622e-02
   1.1131622e-02
   4.6068106e-02
   7.8268021e-02
   7.6121710e-02
   4.7406055e-02
   6.4577103e-02
   9.1198727e-02
   6.2578321e-02
   6.1772261e-02
   4.3538537e-02
   2.9240469e-02
   7.6959342e-02
   8.9876503e-02
   3.1156858e-02
   4.1342173e-02
   4.2031098e-02
   4.2131852e-02
   6.9214426e-02
   5.8948293e-02
   5.7953466e-02
   8.5366718e-02
   7.6385953e-02
   6.5818712e-02
   3.6278844e-02
   1.4738820e-02
   5.1393811e-02
   3.3773068e-02
   2.0648023e-02
   3.2625355e-02
   6.6003814e-02
   4.7977507e-02
   3.0912114e-02
   5.7003733e-02
   6.3538097e-02
   7.7445850e-02
   8.3110936e-02
   5.5295549e-02
   3.5809278e-02
   6.6216737e-02
   6.8240903e-02
   6.2669314e-02
   5.6054011e-02
   6.9686949e-02
   1.9966360e-02
   4.0577784e-02
   6.6341333e-02
   7.8661032e-02
   6.1992195e-02
   8.1154630e-02
   7.0730753e-02
   4.7200236e-02
   1.6137766e-02
   6.8003401e-02
   3.8642373e-02
   3.3885870e-02
   1.2680625e-02
   2.1727178e-02
   7.6425619e-02
   5.6650259e-02
   3.5582423e-02
   2.4290953e-02
   5.9748322e-02
   7.7036582e-02
   5.1589970e-02
   3.1065607e-02
   3.2987289e-02
   4.0593341e-02
   7.9404511e-02
   1.2331859e-01
   3.8548131e-02
   6.0842611e-02
   5.7200395e-02
   4.1811090e-02
   6.5201893e-02
   6.1715219e-02
   6.0698524e-02
   4.2072359e-02
   2.9744320e-02
   2.5702227e-02
   4.0320914e-02
   5.2867886e-02
   5.5324696e-02
   4.0302195e-02
   5.6435708e-02
   6.6349067e-02
   6.6748150e-02
   8.5784450e-02
   6.8172656e-02
   5.4468606e-02
   4.3144856e-02
   4.0159956e-02
   4.6902321e-02
   4.1189488e-02
   4.2759459e-02
   6.6285998e-02
   2.7185226e-02
   2.1513775e-02
   5.3887863e-02
   5.8611922e-02
   6.8465546e-02
   7.5578086e-02
   6.9032378e-02
   4.4193782e-02
   2.4444561e-02
   4.5751981e-02
   8.0271870e-02
   9.2480950e-02
   6.6579975e-02
   5.6401357e-02
   8.1941806e-02
   3.7801027e-02
   7.8513604e-03
   3.9206419e-02
   8.1312686e-02
   8.7817758e-02
   9.7591490e-02
   5.5182729e-02
   3.6861181e-02
   1.0771191e-02
   4.2070832e-02
   4.5175806e-02
   6.0673732e-02
   2.1875275e-02
   5.3415403e-02
   5.7193246e-02
   3.6139928e-02
   2.5577048e-02
   5.7546750e-02
   4.8668332e-02
   2.7711936e-03
   2.9399177e-02
   7.7916004e-02
   2.6451670e-02
   5.3634673e-02
   5.6900632e-02
   2.1412922e-02
   2.2233898e-02
   4.7091901e-02
   7.1827829e-02
   6.5663926e-02
   4.3226212e-02
   3.2258779e-02
   4.3565586e-02
   4.6243839e-02
   5.3828184e-02
   3.4209587e-02
   3.4846749e-02
   2.7032036e-02
   1.4014406e-02
   5.8802180e-02
   3.7330817e-02
   2.5968347e-02
   3.9310548e-02
   2.9035777e-02
   4.0468302e-02
   7.6032661e-02
   7.5400166e-02
   3.4747947e-02
   2.6855128e-02
   4.9141496e-02
   2.3672046e-02
   1.5251761e-02
   4.9313717e-02
   6.0792219e-02
   5.8773439e-02
   6.2964953e-02
   7.7810764e-02
   6.1964005e-02
   5.2299000e-02
   3.0956475e-02
   4.1533019e-02
   7.1732096e-02
   4.6408858e-02
   1.0923116e-02
   4.3093894e-02
   4.9790837e-02
   4.3167144e-02
   8.0193833e-02
   6.1517686e-02
   4.1922092e-02
   2.4884330e-02
   5.1304761e-02
   4.5914084e-02
   5.9109457e-02
   5.4913592e-02
   7.6072246e-02
   6.2312365e-02
   6.6231944e-02
   7.0428371e-02
   2.9758273e-02
   6.0120270e-02
   5.0102033e-02
   4.1456807e-02
   7.5631671e-02
   6.6186590e-03
   3.3675671e-02
   7.0078298e-02
   6.1774869e-02
   6.9231249e-02
   5.7043698e-02
   9.8651703e-03
   1.4589508e-02
   6.8571217e-02
   8.4518991e-02
   9.1410004e-02
   3.4271434e-02
   2.1468766e-02
   4.9494542e-02
   1.7651582e-02
   5.4561265e-02
   4.4946562e-02
   2.6699012e-02
   3.5301208e-02
   4.8694696e-02
   3.1504463e-02
   4.5845568e-02
   8.4667191e-02
   9.4460264e-02
   6.3827313e-02
   3.3509675e-02
   8.7909708e-03
   5.0166544e-02
   3.6827352e-02
   6.3608840e-02
   5.4380067e-02
   4.4574447e-02
   4.5623105e-02
   4.2957377e-02
   6.1076652e-02
   3.4510199e-02
   3.9056968e-02
   3.4219455e-02
   3.1279761e-02
   3.5457648e-02
   3.4534693e-02
   4.3239411e-02
   4.6805255e-02
   3.2767002e-02
   4.9036622e-02
   1.8865032e-02
   2.9444195e-02
   3.5412706e-02
   2.5368579e-02
   4.9786240e-02
   7.7266283e-02
   7.3505692e-02
   5.8104463e-02
   3.6744040e-02
   3.3521786e-02
   2.2876650e-02
   3.1206109e-02
   3.2245040e-02
   5.0755888e-02
   3.3531100e-02
   7.2445638e-02
   1.0669827e-01
   1.0917004e-01
   4.7259897e-02
   9.7224563e-03
   1.1104550e-02
   5.0311308e-02
   5.9313565e-02
   3.3096772e-02
   4.5977626e-02
   9.0569526e-02
   1.0344198e-01
   8.3441176e-02
   5.2671216e-02
   2.7166745e-02
   4.8356805e-02
   5.3963937e-02
   7.5986353e-03
   4.0281918e-02
   5.0164245e-02
   6.9731414e-02
   9.4302855e-02
   8.2039304e-02
   5.6410301e-02
   7.2082900e-02
   1.0283861e-01
   7.1836203e-02
   2.8268522e-02
   7.7422678e-02
   4.8677191e-02
   4.1808210e-02
   3.1322632e-02
   4.7017548e-02
   2.5589215e-03
   7.1931995e-02
   8.8769205e-02
   5.9599448e-02
   4.8431180e-02
   2.7687747e-02
   4.8214540e-02
   8.7437496e-02
   9.9422894e-02
   5.3020425e-02
   2.4957655e-02
   5.2469380e-02
   8.8192172e-02
   7.8282751e-02
   3.8779847e-02
   1.7752221e-02
   6.3036777e-02
   3.4841575e-02
   6.6744246e-02
   7.8288861e-02
   7.9083569e-02
   8.3305158e-02
   7.4537046e-02
   4.2366378e-02
   4.8325256e-02
   4.3791924e-02
   3.2365430e-02
   7.0186645e-02
   1.6704747e-01
   2.2982007e-01
   2.2135194e-01
   1.3453923e-01
   4.3451935e-02
   3.5057332e-02
   3.6632873e-02
   1.5858669e-02
   2.8435015e-03
   1.7785147e-02
   4.5047734e-02
   4.3163810e-02
   6.1208036e-02
   5.4267440e-02
   2.8882692e-02
   4.7074188e-02
   5.6228157e-02
   3.3147518e-02
   3.6025744e-02
   4.1026346e-02
   3.8807210e-02
   1.2546089e-02
   3.3956889e-02
   6.3533537e-02
   3.9923906e-02
   5.6742523e-02
   7.4731104e-02
   6.1238166e-02
   4.8627213e-02
   1.8241754e-02
   5.9416104e-02
   5.9295800e-02
   7.3551148e-02
   5.1098514e-02
   4.7624871e-02
   2.3223581e-02
   3.0742304e-02
   5.3737674e-02
   6.1381757e-02
   5.0028350e-02
   2.2532769e-02
   2.6228895e-02
   4.6865210e-02
   5.0517786e-02
   3.6841992e-02
   6.2626131e-02
   7.2755381e-02
   4.7174346e-02
   3.2562062e-02
   2.7267670e-02
   4.5794483e-02
   4.3923169e-02
   1.4780615e-02
   4.1456956e-02
   5.2391198e-02
   8.2573652e-02
   3.8547259e-02
   7.7593893e-02
   6.8624020e-02
   6.0911573e-02
   7.7570178e-02
   6.8132199e-02
   9.1947719e-02
   6.4235657e-02
   6.5047562e-02
   4.2108655e-02
   1.6722912e-02
   3.6428854e-02
   4.6286747e-02
   3.1775277e-02
   5.0367907e-02
   6.6905864e-02
   3.2779321e-02
   2.5095459e-02
   1.9744268e-02
   6.6186808e-02
   7.2899535e-02
   3.3012863e-02
   3.6583174e-02
   1.1836105e-02
   4.0371019e-02
   5.1464446e-02
   7.2680794e-02
   6.7439057e-02
   7.1053326e-02
   4.6898738e-02
   6.9636144e-02
   2.4231240e-02
   4.2125817e-02
   5.2344766e-02
   1.4991544e-02
   2.7274022e-02
   4.6775393e-02
   5.3191297e-02
   4.6405993e-02
   2.1953981e-02
   3.6633067e-02
   3.9375838e-02
   5.2557155e-02
   4.4852264e-02
   4.4628493e-02
   4.6874125e-02
   3.0548301e-02
   3.6821637e-02
   5.5558357e-02
   4.6549205e-02
   5.1987946e-02
   7.1706399e-02
   3.0095562e-02
   3.9392099e-02
   2.4054492e-02
   5.5777337e-02
   3.6937051e-02
   2.2722235e-02
   3.8187765e-02
   8.2308892e-03
   3.1327367e-02
   4.4766136e-02
   3.5589945e-02
   2.8508348e-02
   2.5171241e-02
   4.1068681e-02
   4.1278351e-02
   4.4461798e-02
   4.1052483e-02
   6.4066671e-02
   4.5608126e-02
   7.4376017e-02
   5.8882155e-02
   6.8231560e-02
   6.4186707e-02
   5.0841982e-04
   2.7451348e-02
   5.1054627e-02
   4.6409894e-02
   5.1692445e-02
   7.8126624e-02
   7.4830800e-02
   8.2223408e-02
   6.0411822e-02
   6.2230006e-02
   8.1946544e-02
   6.1898340e-02
   3.0351436e-02
   3.2988496e-02
   7.7475809e-02
   6.6844262e-02
   6.9294304e-02
   4.6554476e-02
   2.8389124e-02
   6.3292280e-02
   6.9924831e-02
   2.6619839e-02
   5.7747267e-02
   5.0849982e-02
   2.1643734e-02
   4.9896747e-02
   4.6816107e-02
   4.3176804e-02
   1.6894078e-02
   4.9800463e-02
   4.8250597e-02
   2.0751819e-02
   4.6848334e-02
   4.1446306e-02
   6.1178606e-02
   3.9926067e-02
   2.4013858e-02
   3.1518683e-02
   2.1084011e-02
   2.2039728e-02
   4.7650248e-02
   4.5665748e-02
   3.6694437e-02
   4.3800872e-02
   4.6839446e-02
  -3.5388759e-04
   2.5437973e-02
   6.6259712e-02
   6.2027205e-02
   6.7319609e-02
   3.7579101e-02
   2.8366758e-02
   2.3150861e-02
   6.1814677e-02
   7.0967197e-02
   4.1402634e-02
   4.7708239e-02
   7.1932182e-02
   8.0010265e-02
   5.3098995e-02
   7.0315830e-02
   5.7955209e-02
   7.3548838e-02
   6.8934597e-02
   5.2199110e-02
   4.4182014e-02
   4.7379792e-02
   4.5151535e-02
   8.2295671e-02
   3.8647354e-02
  -2.0536822e-03
   1.5154853e-02
   1.8819965e-02
   3.0487640e-02
   6.3119709e-02
   4.2314637e-02
   3.1728692e-02
   2.2788212e-02
   2.8618248e-02
   3.9740983e-02
   3.6781602e-02
   4.7220290e-02
   5.0712243e-02
   4.0379327e-02
   5.2550092e-02
   5.4301783e-02
   7.4657470e-02
   6.7196511e-02
   6.9889039e-02
   5.5896614e-02
   5.6200366e-02
   4.6535492e-02
   4.9276605e-02
   4.9182709e-02
   7.6703236e-02
   7.3845424e-02
   6.6473320e-02
   2.1725684e-02
   2.9075358e-02
   2.8419230e-02
   7.5833403e-02
   4.8544519e-02
   3.9121319e-02
   3.6650099e-02
   4.3283857e-02
   2.9529680e-02
   2.1452418e-02
   3.9962992e-02
   3.8230989e-02
   4.6735317e-02
   5.9205260e-02
   4.3628387e-02
   2.4769371e-02
   6.0623646e-02
   4.6877705e-02
   7.4613430e-02
   8.1142224e-02
   5.3776309e-02
   1.1611423e-02
   4.1595642e-02
   3.7394997e-02
   4.9859606e-02
   7.1842700e-02
   4.3969985e-02
   2.9678429e-02
   3.2288872e-02
   5.7041414e-02
   3.8398411e-02
   6.8581402e-02
   3.2198031e-02
   2.6817422e-02
   4.5581348e-02
   3.5581779e-02
   4.0892649e-02
   3.3015970e-02
   7.4070245e-02
   6.4725861e-02
   3.9658681e-02
   7.9384027e-03
   1.1493584e-02
   2.1560043e-02
   4.3395746e-02
   6.8568774e-02
   7.9938956e-02
   7.6723836e-02
   4.0792104e-02
   3.6404170e-02
  -6.8382272e-03
   1.7125916e-02
   4.8259635e-02
   8.2309261e-02
   9.1864280e-02
   1.1020269e-01
   7.6883212e-02
   4.9691271e-02
   5.4479185e-02
   5.0716896e-02
   6.2273595e-02
   8.9399561e-02
   8.5669950e-02
   6.9662251e-02
   3.9626226e-02
   5.0986633e-02
   5.3495228e-02
   4.5646921e-02
   1.8248035e-02
   1.0565180e-01
   9.7125709e-02
   6.8375304e-02
   8.0827162e-02
   4.3518744e-02
   4.0477879e-02
   5.0740164e-02
   4.7496658e-02
   1.1172679e-01
   2.1948035e-01
   1.9455099e-01
   8.5670374e-02
   4.6263337e-02
   6.1302498e-02
   3.3736885e-02
   6.4571656e-02
   4.3893963e-02
   4.9527269e-02
   6.9105893e-02
   8.9754045e-02
   4.1351564e-02
   1.1819953e-02
   1.1561874e-01
   1.0011169e-01
   7.4444287e-02
   5.1978827e-02
   5.5233013e-02
   2.6922351e-02
   3.3993404e-02
   4.6465222e-02
   5.8071278e-02
   2.4862776e-02
   2.9092567e-02
   3.2798920e-02
   4.1196160e-02
   2.6763100e-02
   4.3577451e-02
   8.5208811e-02
   1.0488635e-01
   5.4160163e-02
   2.1384608e-02
   4.4569120e-02
   5.9392434e-02
   4.9613785e-02
   2.1615745e-02
   5.1100150e-02
   2.8472938e-02
   8.2419753e-02
   5.2836411e-02
   8.1130654e-02
   5.7336554e-02
   6.7909203e-02
   6.5760538e-02
   5.8323354e-02
   2.5899895e-02
   9.4353827e-03
   5.4398160e-02
   6.2182263e-02
   4.7468059e-02
   6.8264477e-02
   8.9525774e-02
   6.5258816e-02
   8.9535244e-02
   4.8893638e-02
   5.9379905e-02
   7.5598985e-02
   4.6108849e-02
   4.3038208e-02
   7.7975290e-03
   6.6193536e-02
   2.3287669e-02
   3.0562634e-02
   3.0025737e-02
   5.9105672e-02
   3.8628954e-02
   7.2932452e-02
   8.6462729e-02
   7.1980171e-02
   4.1675780e-02
   4.2850111e-02
   3.8086738e-02
   8.3787397e-02
   1.5338600e-01
   2.3810412e-01
   2.4639860e-01
   1.5076229e-01
   1.2409571e-01
   6.8915091e-02
   5.2730553e-02
   5.5931158e-02
   9.7076796e-02
   1.0217735e-01
   9.7990558e-02
   6.0208850e-02
   4.2389609e-02
   1.9973164e-02
   4.7994766e-02
   7.0344344e-02
   1.7308426e-01
   2.2516093e-01
   2.0416988e-01
   8.5923113e-02
   9.6882373e-02
   7.4449450e-02
   2.3876205e-02
   9.8713070e-02
   3.7013885e-01
   4.9245071e-01
   3.0428874e-01
   1.2064639e-01
   5.8875285e-02
   4.4953454e-02
   2.2783432e-02
   4.9670447e-02
   6.4047009e-02
   1.7167632e-02
   4.9113307e-02
   7.4286811e-02
   6.7269430e-02
   1.2786728e-01
   1.4003752e-01
   1.2139191e-01
   7.1776576e-02
   4.3239001e-02
   4.8242759e-02
   5.4522131e-02
   5.1805872e-02
   2.3479745e-02
   2.4798509e-02
   2.0063767e-02
   3.1528976e-02
   2.3375729e-02
   4.8711125e-02
   7.8371309e-02
   3.4218799e-02
   5.8140751e-02
   5.9741262e-02
   5.5628337e-02
   7.6992191e-02
   5.5125691e-02
   3.3993777e-02
   3.3563346e-02
   4.7552716e-02
   5.4642186e-02
   3.1041317e-02
   4.4077042e-02
   7.0998490e-02
   1.0178064e-01
   6.9490604e-02
   8.8523649e-02
   1.2288294e-02
   1.7072085e-02
   6.6483997e-02
   6.1462209e-02
   4.3841921e-02
   6.1811108e-02
   6.9548078e-02
   5.0053496e-02
   5.3579584e-02
   5.6971792e-02
   3.6526367e-02
   3.5754122e-02
   2.0611823e-02
   2.3476945e-02
   4.9506795e-02
   4.6695922e-02
   3.9980311e-02
   6.3471302e-02
   3.7526399e-02
   4.8216403e-02
   3.9281268e-02
   5.1690910e-02
   4.1013014e-02
   2.8142400e-02
   3.9870068e-02
   7.9551704e-02
   1.0012345e-01
   6.5989405e-02
   6.2688217e-02
   6.5617293e-02
   5.0984096e-02
   1.8565664e-02
   3.2275166e-02
   4.4970877e-02
   4.9110677e-02
  -4.0715183e-03
   3.7886780e-02
   5.3678077e-02
   7.5789794e-02
   5.9505157e-02
   9.0533331e-02
   1.0555947e-01
   1.1383005e-01
   9.9799402e-02
   7.1993507e-02
   1.6170202e-02
   2.6080800e-02
   1.1025790e-01
   1.6369557e-01
   1.2951411e-01
   8.0993764e-02
   6.3536637e-02
   3.2765392e-02
   1.5167440e-02
   5.4433096e-02
   1.1456092e-01
   1.8576688e-01
   1.7015271e-01
   1.3599324e-01
   1.2076244e-01
   7.9545230e-02
   3.6529496e-02
   2.2286726e-02
   5.9502535e-02
   8.3527118e-02
   5.5260371e-02
   7.0622444e-02
   7.9879709e-02
   8.4665895e-02
   9.9952511e-02
   6.8862125e-02
   1.5745936e-02
   6.9022723e-02
   8.1363924e-02
   7.1223944e-02
   6.6128649e-02
   2.9945694e-02
   5.6374237e-02
   8.0410577e-02
   6.1359771e-02
   5.1168650e-02
   2.7717270e-02
   1.7743109e-02
   4.5113675e-02
   3.6716685e-02
   3.2564219e-02
   1.8590009e-02
   2.7786978e-02
   7.6225795e-02
   7.6100804e-02
   1.9539772e-02
   4.9902618e-02
   5.1362459e-02
   7.3576130e-02
   3.8576953e-02
   3.1280477e-02
   4.9244247e-02
   7.6765157e-02
   5.0571714e-02
   7.3172741e-02
   3.7881669e-02
   3.3160903e-02
   6.8742968e-02
   8.8622004e-02
   6.8506159e-02
   4.3934740e-02
   1.7792573e-02
   6.2271003e-02
   5.7416730e-02
   3.3828247e-02
   2.7104704e-02
   5.3726140e-02
   5.8622986e-02
   5.6140404e-02
   7.1464412e-02
   2.6259877e-02
   5.3360581e-02
   5.5928793e-02
   2.2951677e-02
   5.3006366e-02
   1.9097836e-01
   2.7568433e-01
   2.8365612e-01
   1.6736841e-01
   1.0189123e-01
   4.6144653e-02
   3.9193839e-02
   6.3608795e-02
   1.0800642e-01
   1.0702383e-01
   8.4145799e-02
   1.3087170e-01
   1.3769458e-01
   1.3815817e-01
   1.4227036e-01
   9.2771895e-02
   9.0976812e-02
   1.0723601e-01
   1.4931110e-01
   1.3434902e-01
   2.4438144e-01
   1.8669043e-01
   1.0598053e-01
   1.4308776e-01
   1.3229646e-01
   9.9280760e-02
   1.3846934e-01
   1.5441182e-01
   1.2045635e-01
   1.0758090e-01
   5.2807722e-02
   3.4538355e-02
   1.1934418e-01
   1.2873085e-01
   7.9663932e-02
   1.3325228e-02
  -2.5233817e-03
  -1.2724656e-02
   1.2608096e-02
   2.1523111e-02
   4.3490026e-02
   3.1186327e-02
   4.7294293e-03
   4.0104024e-02
   4.1926738e-02
  -5.1057612e-04
   9.1811992e-02
   1.3596793e-01
   1.5946119e-01
   1.6134676e-01
   6.8291873e-02
   2.5964111e-02
   3.2733060e-02
   3.5651330e-02
   2.9360869e-03
   3.8022947e-02
   8.2761846e-02
   7.9613790e-02
   1.0120363e-01
   7.3388062e-02
   1.1971901e-01
   9.5528901e-02
   4.5827053e-02
   4.5399521e-02
   4.1203506e-02
   5.7740957e-02
   1.0304769e-01
   8.4904104e-02
   6.8019189e-02
   7.4562535e-02
   2.6272438e-02
   8.8085402e-03
   9.3592502e-02
   1.0073489e-01
   9.5792942e-02
   1.1531333e-01
   6.6109620e-02
   6.7893513e-02
   1.3655870e-02
   1.5448633e-02
   5.2434381e-02
   2.0961769e-01
   5.7243890e-01
   6.7710215e-01
   4.5201695e-01
   2.0336847e-01
   8.4929094e-02
   6.0076319e-02
   5.1682692e-02
   4.1031670e-02
   6.5608390e-02
   7.9594076e-02
   1.4410527e-01
   1.5548414e-01
   1.0579225e-01
   6.7892291e-02
   5.5534508e-02
   4.7358356e-02
   2.6952034e-02
   3.2987185e-02
   3.0362865e-02
   3.9789680e-02
   3.1933773e-02
   4.8773494e-02
   3.2051660e-02
   3.5753332e-02
   5.2068164e-03
   5.6327347e-02
   6.4300649e-02
   4.9370050e-02
   5.9878738e-03
   3.0002366e-03
   4.3607805e-02
   5.7867642e-02
   1.1995842e-01
   1.0518686e-01
   6.2975481e-02
   6.9934346e-02
   4.0994778e-02
   5.6641616e-02
   6.4705998e-02
   9.9715233e-02
   1.2128284e-01
   1.0490859e-01
   6.4830981e-02
   4.1952364e-02
   9.7725160e-02
   1.8149596e-01
   2.0777039e-01
   1.9546449e-01
   1.7385770e-01
   1.1052912e-01
   4.5844331e-02
   3.4368686e-02
   7.6070982e-03
   1.3725856e-01
   2.9552349e-01
   3.2650536e-01
   1.8090959e-01
   1.8319802e-01
   1.5899369e-01
   1.2192816e-01
   2.5938708e-02
   6.3161321e-02
   7.2304845e-02
   1.2382629e-01
   1.7201938e-01
   2.2674166e-01
   1.6443349e-01
   9.5018737e-02
   1.1944848e-01
   1.8820302e-01
   1.0764089e-01
   7.0659988e-02
   2.1269125e-01
   3.2161173e-01
   2.2932182e-01
   9.3011320e-02
   7.4415937e-02
   8.7265715e-02
   7.8443557e-02
   5.0219681e-02
   4.3235067e-02
   4.2398714e-02
   1.1263406e-02
   1.4290456e-02
   5.0814185e-02
   5.6453429e-02
   4.0373541e-02
   8.8049501e-02
   1.8207900e-01
   2.1871436e-01
   1.4673112e-01
   9.7634800e-02
   6.8784259e-02
   6.0163621e-02
   4.6873569e-02
   4.3136436e-02
   1.0936060e-01
   1.4201085e-01
   1.4936891e-01
   1.1857720e-01
   7.0810415e-02
   5.9414748e-02
   9.7089723e-02
   6.6842504e-02
   5.9509020e-02
   1.1745331e-01
   1.7115048e-01
   2.3361917e-01
   2.0198070e-01
   9.2716545e-02
   2.8531536e-02
   2.9106509e-02
   3.4308843e-02
   1.3574527e-01
   2.5122073e-01
   2.8685555e-01
   2.4482441e-01
   1.7243943e-01
   1.4234114e-01
   7.6447718e-02
   4.1413181e-02
   3.8370550e-02
   5.2269707e-03
   6.1058503e-02
   9.6231513e-02
   7.4383162e-02
   6.5052919e-02
  -2.2539033e-03
   2.7207913e-02
   4.7388162e-02
   3.7220001e-02
   6.8391539e-02
   1.1060639e-01
   1.4054056e-01
   1.0280808e-01
   8.2343072e-02
   9.1360323e-02
   5.6076001e-02
   2.0675825e-02
   2.8815949e-02
   8.7454498e-02
   5.2985828e-02
   6.7688942e-02
   5.3353637e-02
   7.8916781e-02
   5.6611784e-02
   1.2361851e-01
   1.4027658e-01
   8.7473743e-02
   7.5079754e-02
   9.2720017e-02
   4.2894747e-02
   1.1008018e-02
   8.2970522e-03
   1.1237665e-01
   9.5378079e-02
   7.6873302e-02
   9.9214524e-02
   1.0342760e-01
   1.1552009e-01
   1.2863529e-01
   6.2451109e-02
   4.2414118e-02
   4.2202439e-02
   6.9509849e-02
   1.6820002e-01
   2.9010078e-01
   2.1582077e-01
   1.3999888e-01
   6.5586917e-02
   5.0484663e-04
   1.5445789e-02
   8.4326945e-02
   5.1071632e-01
   8.9792472e-01
   8.3950466e-01
   4.7908783e-01
   2.3760739e-01
   1.4382917e-01
   8.9669958e-02
   5.6906674e-02
   5.8570147e-02
   4.9131893e-02
   8.8945553e-02
   1.5731278e-01
   1.9505170e-01
   2.0316045e-01
   1.8526882e-01
   9.1536917e-02
   4.2892419e-02
   1.7149420e-02
   5.4277278e-02
   6.4408928e-02
   5.3623412e-02
   8.0609135e-02
   4.5244530e-02
   9.6887559e-02
   1.6955608e-01
   2.0201088e-01
   2.5142008e-01
   1.4946851e-01
   1.2942475e-01
   1.2410594e-01
   9.0794548e-02
   1.0624202e-01
   2.5763553e-01
   6.1093336e-01
   6.7255700e-01
   4.6796304e-01
   2.8752065e-01
   1.9409715e-01
   1.2380395e-01
   1.1673153e-01
   4.3798357e-02
   2.0050552e-02
   3.8668722e-02
   2.2798309e-01
   4.3563217e-01
   5.0680238e-01
   4.3394589e-01
   2.6627788e-01
   8.0868244e-02
   3.7946429e-02
   7.2271585e-02
   1.1178068e-01
   3.3645219e-01
   4.3250784e-01
   4.3143058e-01
   3.0107698e-01
   2.6854116e-01
   2.7484834e-01
   1.9377200e-01
   1.0632668e-01
   3.6776889e-02
  -5.0751721e-03
   1.0194498e-01
   4.0362355e-01
   8.1690860e-01
   8.8540083e-01
   6.1331999e-01
   2.7770627e-01
   1.0773467e-01
   6.8984769e-02
   1.9429821e-01
   7.7640015e-01
   1.8048998e+00
   2.1263340e+00
   1.7248448e+00
   1.2243006e+00
   1.3277977e+00
   1.2936785e+00
   9.6942657e-01
   5.0652343e-01
   8.9045011e-02
   4.1276538e-03
   8.6046332e-01
   3.8577194e+00
   7.2446094e+00
   6.8112817e+00
   3.7574701e+00
   1.5222050e+00
   5.2405316e-01
   2.0035945e-01
   2.2421942e+00
   1.3640031e+01
   2.8129692e+01
   2.8035149e+01
   1.6837994e+01
   7.0424204e+00
   2.1218030e+00
   5.5412143e-01
   1.5519632e-01
  -1.4863671e-02
   1.2019639e-01
   1.8811933e+00
   4.5525875e+00
   4.6674137e+00
   3.0898030e+00
   1.5949558e+00
   6.4567405e-01
  -8.2848437e-02
  -1.2796076e-01
   1.6391857e-01
   4.4186065e-01
   9.0658540e-01
   1.4443964e+00
   1.3827040e+00
   6.2818468e-01
   3.3332509e-01
   3.7061983e-01
   2.9524499e-01
   2.5623915e-01
   2.8060067e-01
   3.0315614e-01
   3.7674549e-01
   7.0666349e-01
   9.6379566e-01
   1.4523857e+00
   1.4702836e+00
   7.8628927e-01
   2.0648928e-01
   3.1928789e-02
   1.2651923e-01
   1.4185627e-01
   1.8913832e-01
   3.1805769e-01
   2.8166622e-01
   2.1511137e-01
   1.4505255e-01
   1.5435715e-01
   2.5457191e-01
   3.2155013e-01
   2.4078660e-01
   1.6102661e-01
   1.0853232e-01
   6.6756666e-02
   1.1569539e-01
   1.3427569e-01
   9.3324587e-02
   4.9322389e-02
  -8.8428855e-02
   3.4238376e-02
   2.6834321e-01
   2.8008357e-01
   2.0422101e-01
   4.1738074e-02
  -1.0087007e-01
  -7.4686892e-02
   8.7613024e-02
   4.3838221e-01
   8.4774143e-01
   1.0447476e+00
   6.0164857e-01
   1.3181289e-01
   1.3491307e-01
   5.8687037e-01
   1.5420853e+00
   1.8568654e+00
   1.1943386e+00
   5.3352869e-01
   2.7407792e-01
   4.6381509e-01
   1.1078762e+00
   1.2943006e+00
   8.3058566e-01
   4.4228366e-01
   3.2067361e-01
   3.5109001e-01
   4.9208418e-01
   2.1400836e+00
   4.7886314e+00
   5.5300794e+00
   3.6365690e+00
   1.6571530e+00
   5.0044358e-01
   1.3786258e-01
   1.0822109e-01
   6.8829797e-02
   9.0897590e-02
   4.6908587e-01
   1.0630733e+00
   1.1299227e+00
   8.1376374e-01
   4.3125987e-01
   1.8233666e-01
   2.5660502e-02
  -1.0421525e-02
   6.0695436e-02
   1.4197923e-01
   2.9239365e-01
   4.0322101e-01
   3.5891837e-01
   1.1469817e-01
  -4.3134238e-03
   4.6620496e-02
   3.3867847e-02
   9.0881564e-02
   1.0134272e-01
   7.3642254e-02
   1.5397635e-01
   1.8544458e-01
   2.0209005e-01
   2.3486973e-01
   2.3406616e-01
   1.0300252e-01
   1.5661791e-04
   1.0073990e-02
   1.0285446e-01
   2.0532748e-01
   1.1911222e-01
   6.2484637e-02
   7.9927027e-02
   7.2635293e-02
   3.9854355e-02
   5.4997899e-02
   8.6444579e-02
   8.5907109e-02
   5.1609762e-02
   1.0241982e-01
   1.7800725e-01
   1.3739528e-01
   1.0286096e-01
   6.9725312e-02
   3.3092275e-02
   5.5741422e-02
   1.7632908e-01
   2.8366244e-01
   2.9248488e-01
   2.0961300e-01
   1.6889238e-01
  -2.2631535e-02
  -2.9076830e-02
   1.4592274e-01
   3.5304281e-01
   5.6736541e-01
   5.6466442e-01
   4.1065988e-01
   1.9135109e-01
   2.5017476e-01
   3.9141926e-01
   5.2159518e-01
   3.9779598e-01
   1.9067638e-01
   6.9505230e-02
   1.3249630e-01
   9.0468991e-01
   1.7472221e+00
   1.6282030e+00
   9.7952873e-01
   3.6829534e-01
   1.6501211e-02
   4.5789275e-02
   1.2891247e+00
   4.8916636e+00
   7.5915122e+00
   6.3980103e+00
   3.5248542e+00
   1.4931930e+00
   4.5799842e-01
   1.3765092e-01
   1.4370058e-01
   1.9175559e-01
   3.9900517e-01
   1.0148145e+00
   1.2761647e+00
   1.1538082e+00
   6.6172230e-01
   4.1944155e-01
   2.7439570e-01
   1.7956471e-01
   1.6021484e-01
   1.5619430e-01
   2.6329243e-01
   4.2081246e-01
   4.1664043e-01
   1.9361350e-01
   1.0993139e-01
   3.5103515e-02
   6.2277894e-02
   7.5892478e-02
   1.3123812e-01
   9.9932536e-02
   1.1731441e-01
   1.7361899e-01
   1.8360771e-01
   1.1850975e-01
   1.5267080e-01
   1.0768256e-01
   4.7772005e-02
   5.4542098e-02
   3.7360895e-02
   7.3167950e-02
   1.2577733e-01
   1.4851002e-01
   7.7587813e-02
   2.2422895e-03
   2.8413661e-02
   5.5603672e-02
   6.5801352e-02
   7.7886231e-02
   1.2963350e-01
   6.5547943e-02
   4.7385540e-02
   4.5732159e-02
   7.3528647e-02
   5.9565298e-02
   2.5812753e-02
   5.1834054e-02
   9.0272292e-02
   1.4214335e-01
   1.5240069e-01
   1.3855267e-01
   1.4655256e-01
   8.1516042e-02
   3.0344009e-02
   2.2568306e-02
   1.5921657e-01
   2.7805254e-01
   3.1915998e-01
   2.4978022e-01
   3.2588493e-02
   8.1287600e-02
   1.6620797e-01
   1.6596861e-01
   1.9148083e-01
   1.7857516e-01
   7.2332464e-02
   1.4708080e-02
   1.4515533e-01
   3.8395405e-01
   5.0051504e-01
   3.7519988e-01
   1.6488306e-01
   1.0234240e-01
   2.2470361e-02
   2.2865413e-01
   8.0602580e-01
   1.5408711e+00
   1.6244532e+00
   1.0366478e+00
   5.0615317e-01
   2.0692883e-01
   1.0964762e-01
   3.3995777e-02
   9.2010342e-02
   2.8118810e-01
   3.6554298e-01
   4.2449978e-01
   3.7586522e-01
   2.4566351e-01
   1.4738679e-01
   1.0845961e-01
   8.9116462e-02
   1.0906032e-01
   1.4832060e-01
   1.5841015e-01
   1.4239204e-01
   1.7239206e-01
   1.4390254e-01
   1.0517702e-01
   1.0005727e-01
   8.7031163e-02
   7.2411738e-02
   2.4895053e-02
   6.4720991e-03
   2.8801262e-02
   5.2472718e-02
   3.1109214e-02
   1.9896818e-02
   5.8453090e-02
   5.4504883e-02
   9.2960611e-02
   5.2997008e-02
   4.6084635e-02
   3.7309181e-02
   3.4489077e-02
   8.3900370e-02
   7.5979955e-02
   5.8852620e-02
   3.1973995e-02
   2.9534912e-02
   9.5879771e-03
   6.3015848e-02
   1.2494730e-01
   8.0166727e-02
   7.4567176e-02
   4.2594805e-02
   1.9874787e-02
   4.9467105e-02
   5.5504352e-02
   1.0115022e-01
   9.8761566e-02
   7.6952912e-02
   6.6090800e-02
   4.9170796e-02
   2.0975040e-02
   4.7815330e-02
   1.0822983e-01
   7.8434698e-02
   1.2305712e-01
   1.2464821e-01
   7.3841073e-02
   1.8846203e-02
   2.4268635e-02
   8.6442828e-02
   1.1903567e-01
   1.7343631e-01
   7.3167644e-02
   3.6524177e-02
   4.5306664e-02
   9.5339313e-02
   1.7824307e-01
   2.2138567e-01
   2.3030804e-01
   1.3290291e-01
   2.8780879e-02
   5.6450064e-03
   5.2932926e-02
   2.5024262e-01
   5.4446203e-01
   6.1136293e-01
   3.7046656e-01
   1.6870810e-01
   1.1286949e-01
   2.1039084e-02
   3.9709397e-02
   8.7069519e-02
   9.6837498e-02
   8.3009675e-02
   1.2337048e-01
   1.1695935e-01
   6.1182968e-02
   3.6774505e-02
   1.4177169e-01
   1.0884725e-01
   1.2052056e-01
   7.1041666e-02
   2.9745720e-02
   7.5615644e-02
   8.1548110e-02
   7.9177216e-02
   5.3924780e-02
   1.0135598e-01
   5.0444286e-02
   4.0819582e-02
   4.2966627e-02
   9.4323829e-02
   1.8868892e-01
   1.2967183e-01
   1.5049440e-01
   4.8164338e-02
   4.2841304e-02
  -7.9008320e-04
   1.5970649e-01
   3.2126358e-01
   3.2384485e-01
   1.8982808e-01
   5.1997755e-02
   2.0867504e-02
   3.0882930e-02
   4.3262366e-02
   1.4166088e-01
   1.2218003e-01
   8.6961150e-02
   4.2065632e-02
   7.2909154e-02
   7.2116651e-02
   9.0624824e-02
   2.0876032e-01
   1.9652885e-01
   1.2089747e-01
   5.6233160e-02
   9.4007075e-02
   5.1661786e-02
   5.5226386e-02
   5.9083693e-02
   7.9219975e-03
   3.6006372e-02
   5.5381380e-02
   9.4727002e-02
   1.2269415e-01
   1.1038695e-01
   7.9000153e-02
   4.3733262e-02
   1.2067198e-02
   3.7170511e-02
   8.7136865e-02
   9.1900744e-02
   9.8940805e-02
   7.9056382e-02
   1.0677753e-01
   9.3965836e-02
   1.1656144e-01
   1.2559897e-01
   1.3169029e-01
   6.8646632e-02
   7.2530910e-02
   6.7478910e-02
   8.7251820e-02
   1.4714377e-01
   2.2131513e-01
   2.3023565e-01
   1.8864053e-01
   5.4110624e-02
  -8.4501049e-03
   6.9322921e-02
   5.5330627e-02
   1.0406536e-01
   1.1485959e-01
   5.4061931e-02
   4.6434656e-02
   1.3547568e-02
   7.3053837e-02
   6.2245980e-02
   3.9080508e-02
   9.2614926e-02
   1.0029958e-01
   5.7490598e-02
   6.4981110e-02
   5.6104586e-02
   1.2936233e-01
   1.5925787e-01
   8.2693376e-02
   7.5352691e-02
   2.6545754e-02
   4.0991336e-02
   7.6458089e-02
   1.4015029e-01
   1.2694974e-01
   6.8644561e-02
   9.6688583e-02
   1.1179291e-01
   1.1116932e-01
   8.3268344e-02
   2.8386733e-01
   2.5079930e-01
   1.5532708e-01
   1.4608479e-01
   1.4938757e-01
   1.5210493e-01
   1.7375571e-01
   2.0708196e-01
   1.4782001e-01
   1.5374036e-01
   1.5174995e-01
   1.5944149e-01
   1.9925572e-01
   1.6741644e-01
   1.7704380e-01
   2.0599857e-01
   1.8991065e-01
   1.9364187e-01
   2.2854355e-01
   2.4767222e-01
   2.8801659e-01
   3.6053005e-01
   1.8943645e-01
   2.2571163e-02
   3.9239563e-02
   1.8745416e-01
   3.0262920e-01
   3.1208214e-01
   2.7025080e-01
   1.9253063e-01
   1.3775320e-01
   9.3317248e-02
   2.8225708e-01
   5.3186357e-01
   5.7696867e-01
   5.7776231e-01
   3.6462402e-01
   1.4625600e-01
   8.7679334e-02
   3.4004822e-01
   6.5941858e-01
   6.9861907e-01
   6.2407547e-01
   3.4876353e-01
   1.1687163e-01
   1.8326148e-01
   5.8252656e-01
   9.6084470e-01
   9.7288871e-01
   6.9446027e-01
   2.5016430e-01
   1.6098676e-02
   1.3086580e-01
   7.3361003e-01
   1.2155302e+00
   1.0992180e+00
   7.4831414e-01
   2.5712141e-01
  -3.9797556e-02
   2.2376801e-01
   9.8624468e-01
   1.9403396e+00
   1.9662263e+00
   1.2532848e+00
   4.7181430e-01
   1.3519198e-01
   2.8757378e-01
   9.4368225e-01
   1.4611628e+00
   1.2485064e+00
   7.0799512e-01
   3.7379703e-01
   1.9989583e-01
   4.3840241e-01
   9.3569273e-01
   1.2520829e+00
   1.0043129e+00
   5.2636999e-01
   2.1562381e-01
   1.5577608e-01
   4.2261398e-01
   9.6383739e-01
   1.1551358e+00
   8.3599043e-01
   4.8658186e-01
   2.9180929e-01
   2.3191169e-01
   2.2259462e-01
   1.1893134e-01
   1.0940319e-01
   1.2681851e-01
   2.0275886e-01
   2.6124161e-01
   2.4442711e-01
   2.6322758e-01
   1.8507993e-01
   1.4889963e-01
   1.2823023e-01
   1.1575293e-01
   1.0426408e-01
   1.3602056e-01
   9.1578737e-02
   7.4644506e-02
   5.4362927e-02
   8.4244944e-02
   7.2220932e-03
   3.5507854e-02
   1.0674443e-01
   5.3368364e-02
   8.0404863e-02
   1.0990119e-01
   7.1866110e-02
   4.2768862e-02
   1.2438226e-01
   1.1379811e-01
   1.0684011e-01
   5.0436918e-02
   9.9839456e-03
   7.4381322e-02
   1.1502864e-01
   1.0353369e-01
   1.5238674e-01
   2.2432676e-01
   2.2153233e-01
   1.1018321e-01
   6.6264354e-02
   1.2482504e-01
   2.5046685e-01
   2.6034260e-01
   2.4506064e-01
   7.2491489e-02
   2.4277458e-03
   1.2894502e-01
   2.9162216e-01
   3.4816182e-01
   3.0192694e-01
   1.7237230e-01
   4.8776828e-02
   9.5050838e-03
   1.9327037e-01
   5.1412904e-01
   6.0893261e-01
   5.4089057e-01
   3.3486706e-01
   8.4165037e-02
   5.4149173e-02
   2.0189938e-01
   4.5257950e-01
   4.8569113e-01
   3.6314523e-01
   2.3505111e-01
   1.5416580e-01
   1.0067100e-01
   2.0704988e-01
   3.6270702e-01
   3.7222588e-01
   1.9673385e-01
   1.4137815e-01
   2.5121422e-02
   6.0355440e-02
   3.0831209e-01
   4.3466693e-01
   3.2252219e-01
   2.1200186e-01
   9.4020396e-02
   8.6080939e-02
   5.2595910e-02
   5.8185522e-02
   6.7974374e-02
   6.0790889e-02
   7.6986074e-02
   6.3780829e-02
   7.5336359e-02
   1.4989051e-01
   1.5397097e-01
   7.6865874e-02
   5.4999668e-02
   1.5508296e-02
   2.0886639e-02
   1.2019788e-01
   6.1685152e-02
   2.6803484e-02
   4.7206689e-02
   2.6169416e-02
   3.0564608e-02
   4.1835792e-02
   1.5436353e-01
   1.4932023e-01
   1.3401577e-01
   5.8458276e-02
   5.6286462e-02
   8.2048669e-02
   6.6701323e-02
   1.0052211e-01
   6.2086947e-02
  -5.2092858e-03
  -3.3060495e-02
   2.4956048e-03
   7.0436485e-02
   9.2613146e-02
   8.5850328e-02
   9.2976384e-02
   7.6537952e-02
   6.0215514e-02
   9.0716496e-02
   1.1829059e-01
   1.0699939e-01
   1.0307345e-01
   8.2163021e-02
   1.1199118e-01
   1.2157880e-01
   1.1872284e-01
   1.6667518e-01
   2.3161250e-01
   1.6992746e-01
   1.6635095e-01
   7.3393494e-02
   8.9411952e-02
   2.1484241e-01
   3.3567894e-01
   3.3105710e-01
   2.5060397e-01
   1.4453162e-01
   3.0789660e-02
   2.8381998e-02
   1.1212388e-01
   2.0211044e-01
   2.6356447e-01
   1.2786679e-01
   9.6010618e-02
   1.9478926e-03
   7.2206192e-02
   1.7433804e-01
   2.6028720e-01
   1.4804068e-01
   1.0268795e-01
   1.2955439e-01
   1.4547673e-01
   1.8551645e-01
   2.7517295e-01
   2.6621458e-01
   1.5450700e-01
   1.3993786e-01
   9.2665806e-02
   9.2768915e-02
   1.3194399e-01
   8.9168303e-02
   4.9464941e-02
   5.0141942e-02
   8.4820375e-02
   1.2842800e-01
   5.9778035e-02
   6.6421688e-02
   7.5159550e-02
   4.1761748e-02
   3.3343855e-02
   3.8036563e-02
   7.5911805e-02
   9.4445318e-02
   5.8277186e-02
   1.7978664e-02
   6.9011644e-02
   8.8052899e-02
   1.1272664e-01
   8.4630340e-02
   5.8425300e-02
   2.9155614e-02
   7.7590570e-02
   8.9102581e-02
   5.7751004e-02
   2.9639883e-02
   2.4329588e-02
   5.0949205e-02
   7.1259998e-02
   5.7498571e-02
   5.7537246e-02
   5.9012018e-02
   2.5923753e-02
   9.7307339e-02
   7.7025764e-02
   9.5209152e-02
   5.0513852e-02
   4.8511863e-02
   9.0527505e-02
   1.2450359e-01
   7.8365102e-02
   3.5178099e-02
   8.4702089e-02
   5.3799078e-02
   7.6733239e-02
   9.8105036e-02
   1.2566356e-01
   8.3698153e-02
   3.9844804e-02
   5.7265796e-02
   1.1414793e-01
   1.5580598e-01
   1.9439979e-01
   1.7647350e-01
   8.6708188e-02
   3.3626806e-02
   7.4651554e-02
   6.0390323e-02
   8.0964141e-02
   1.5296905e-01
   9.3583390e-02
   8.3459117e-02
   1.1135560e-01
   4.3647561e-02
   2.0779226e-02
   1.1491065e-01
   1.3520890e-01
   4.3266524e-02
   8.8362955e-02
   7.6392554e-02
   6.9373019e-02
   6.0595848e-02
   1.3687485e-01
   9.8135017e-02
   3.9868690e-02
   6.9252918e-03
  -2.8527878e-02
   2.0677108e-02
   9.9510131e-03
   4.4799596e-02
   7.1473040e-02
   4.1781612e-02
   3.0487385e-02
   7.0048228e-02
   6.7611746e-02
   3.2153036e-02
   3.3532787e-02
   4.3986965e-02
   4.8608564e-02
   6.0259216e-02
   1.1255975e-01
   1.0079809e-01
   4.0361267e-02
   6.2971316e-02
   3.9314106e-02
   2.0972162e-02
   4.2004995e-02
   7.4252896e-02
   3.5142586e-02
   6.0396925e-02
   5.7238609e-02
   3.7214439e-02
   6.0270581e-02
   8.0490008e-02
   7.0833221e-02
   8.9994989e-02
   3.8672578e-02
   6.4360283e-02
   4.2923123e-02
   3.4626398e-02
   3.4410425e-02
   5.7926882e-02
   6.0462609e-02
   3.9928116e-02
  -1.5028556e-03
   3.4826927e-02
   6.3276120e-02
   6.3861929e-02
   8.2187757e-02
   5.6063071e-02
   5.5872902e-02
   7.3700398e-02
   4.5978148e-02
   6.9507919e-02
   7.8456976e-02
   6.9247536e-02
   7.7291407e-02
   5.9715394e-02
   8.0616415e-02
   1.0178559e-01
   1.2043046e-01
   6.3921958e-02
   4.5642585e-02
   5.2157391e-02
   7.6199964e-02
   5.6613386e-02
   6.5375835e-02
   1.2791167e-01
   7.5705074e-02
   8.1521347e-02
   5.7670835e-02
   1.1722592e-02
   6.4760745e-02
   6.8971142e-02
   6.7618474e-02
   2.5146388e-02
   3.0241823e-02
   1.2513001e-02
   4.6506211e-02
   3.8527835e-02
   5.9057534e-02
   7.9542734e-02
   7.8366935e-02
   4.3888509e-02
   4.5933425e-02
   4.0427212e-02
   6.0206898e-02
   3.1469669e-02
   3.2468792e-02
   3.2724969e-02
   6.1149821e-02
   1.0005781e-01
   7.2816819e-02
   2.2818241e-02
   6.3199818e-02
   3.6260448e-02
   9.3729056e-02
   5.0243042e-02
   6.0489748e-02
   3.6398724e-02
   9.2360642e-05
   5.5844184e-02
   6.0424104e-02
   5.1416326e-02
   6.8250231e-02
   3.0080920e-02
   3.6100570e-02
   5.4064199e-02
   5.0147224e-02
   3.7928317e-02
   3.6311816e-02
  -1.1208349e-02
   4.2451207e-02
   6.2283874e-02
   3.5729472e-02
   2.3555925e-02
   5.1789254e-02
   3.9658174e-02
   9.2548087e-02
   6.1896354e-02
   2.6470009e-02
   5.6643445e-02
   8.4867254e-02
   5.2380409e-02
   5.4405984e-02
   5.0441206e-02
   3.2008033e-02
   6.9278844e-02
   6.9049343e-02
   7.4514195e-02
   5.1558651e-02
   2.4723301e-02
   4.1741267e-02
   5.2837890e-02
   6.0281333e-02
   1.0051449e-01
   8.0835171e-02
   5.3717051e-02
   5.7138938e-02
   3.6614016e-02
   2.1875426e-02
   3.5822708e-02
   8.2697168e-02
   3.3985186e-02
   2.6661446e-02
   3.5941906e-02
   7.2558708e-02
   7.5149179e-02
   5.5466477e-02
   7.9805627e-02
   8.8037401e-02
   4.3790750e-02
   1.4268557e-02
   3.1962536e-02
   5.7738051e-02
   8.1674054e-02
   6.3881673e-02
   5.5910159e-02
   7.4095421e-02
   7.9136297e-02
   5.4281812e-02
   1.7247770e-02
   3.8595226e-02
   2.5276585e-02
   2.3598896e-02
   1.3928931e-02
   2.4425847e-02
   4.1976538e-02
   7.9805419e-02
   9.4011649e-02
   3.8979881e-02
   7.7097967e-02
   7.8490913e-02
   5.8535110e-02
   3.8178198e-02
   3.4199513e-02
   4.8356701e-02
   4.4915330e-02
   5.9410725e-02
   8.2097217e-02
   5.6588303e-02
   1.8994845e-02
   4.9829759e-02
   6.3792869e-02
   8.2933359e-02
   6.7103304e-02
   8.4611066e-02
   8.1635229e-02
   6.2353589e-02
   8.2267873e-02
   6.8892516e-02
   4.9841035e-02
   6.0763244e-02
   5.2541245e-02
   2.2410065e-02
   2.0723887e-02
   3.0978674e-02
   4.5267798e-02
   5.6061979e-02
   4.8851136e-02
   6.5248519e-02
   4.6454348e-02
   4.1712321e-02
  -7.9971319e-04
   4.4781875e-02
   9.0113312e-02
   1.1019660e-01
   4.3482397e-02
  -2.6180225e-03
   9.1436710e-03
   2.0634955e-02
   3.0604996e-02
   6.6961288e-02
   4.8266254e-02
   3.8445763e-02
   6.0352877e-02
   3.7708342e-02
   3.0777361e-02
   3.9833326e-02
   6.3537300e-02
   3.8127132e-02
   4.8068143e-02
   5.1619098e-02
   3.8303755e-02
   5.3058431e-02
   5.7320427e-02
   5.5015706e-02
   4.6443306e-02
   5.1617555e-02
   6.7296818e-02
   4.8105143e-02
   3.8763005e-02
   5.1501174e-02
   2.1050470e-02
   2.2844987e-02
   2.5589321e-02
   4.8914973e-02
   5.1119573e-02
   6.4733706e-02
   3.7960261e-02
   9.3645696e-03
   5.8394406e-02
   6.5649204e-02
   6.7846425e-02
   3.6778793e-02
   4.6347409e-02
   3.0279284e-02
   2.8975965e-02
   1.3599801e-02
   6.9467179e-02
   8.5702874e-02
   7.7922411e-02
   6.6897988e-02
   5.5411629e-02
   3.7061837e-02
   1.9842235e-02
   1.9250285e-02
   2.7462658e-02
   1.4314802e-02
   2.9605078e-02
  -1.2542629e-03
   4.0374596e-02
   2.9537443e-02
   3.8128477e-02
   5.9977766e-02
   4.9049776e-02
   3.8395498e-02
   5.8172978e-02
   4.9284231e-02
   8.5037023e-02
   1.3009581e-01
   7.0544712e-02
   4.4510409e-02
   2.7299909e-02
   1.4285041e-02
   1.4977762e-02
   4.0088218e-02
   3.6934093e-02
   1.9189937e-02
   2.2234805e-02
   5.8353011e-02
   1.1798890e-01
   1.1295205e-01
   8.1393994e-02
   3.4602210e-02
   2.4084345e-02
   4.4269126e-02
   1.7908764e-01
   3.6486387e-01
   2.9834580e-01
   2.5009957e-01
   8.1439085e-02
   1.7030550e-02
   6.0388833e-02
   2.2826235e-01
   2.9631427e-01
   2.2929308e-01
   1.6306004e-01
   9.9229403e-02
   6.1174691e-02
   6.9355100e-02
   6.3694663e-02
   4.5591999e-02
   6.3071005e-02
   8.0860630e-02
   1.2578867e-01
   7.2602063e-02
   3.2501876e-02
  -1.4995676e-03
   1.5713131e-02
   6.7312613e-02
   7.1311213e-02
   9.0539850e-02
   6.8674505e-02
   3.8929813e-02
   4.6743464e-02
   8.9092731e-02
   5.8455843e-02
   4.7617085e-02
   1.0981967e-02
   5.6522325e-02
   7.9523973e-02
   7.5361259e-02
   3.5440877e-02
   3.9403819e-02
   6.4576022e-02
   8.2691148e-02
   3.1820841e-02
   3.8174175e-02
   4.7435783e-02
   5.5291351e-02
   2.9597642e-02
   3.4914978e-02
   1.9470301e-02
   4.4584934e-02
   6.7141086e-02
   9.5810806e-03
   3.4265958e-02
   5.6768257e-02
   5.3288873e-02
   3.0246390e-02
   9.2971744e-03
   4.8867196e-02
   3.8451593e-02
   7.8736328e-02
   5.7285678e-02
   3.4899160e-02
   7.0628218e-02
   3.0146396e-02
   2.1007057e-02
   1.7916517e-02
   2.9544141e-02
   3.2580074e-02
   3.3324908e-02
   5.9267800e-02
   5.0122119e-02
   4.9577571e-02
   4.3595511e-02
   2.9797148e-02
   3.3631161e-02
   2.0893289e-02
   7.4051775e-02
   1.0917591e-01
   9.6113063e-02
   4.7916338e-02
   4.3439768e-02
   3.6203597e-02
   1.7888952e-02
   9.5828377e-02
   9.3855023e-02
   6.0149912e-02
   4.1511621e-02
   5.2007928e-02
   1.4597619e-02
   5.7162683e-02
   5.6341004e-02
   3.8665820e-02
   2.6773850e-02
   3.6970876e-02
   9.3067251e-03
   5.9977239e-03
   7.7240891e-03
   3.1818714e-02
   6.4151071e-02
   5.7414550e-02
   5.2827630e-02
   3.8292836e-02
   3.2137044e-02
   9.7659668e-03
   4.0835526e-02
   3.1387839e-02
   4.2562012e-02
   4.0727645e-02
   1.8947769e-02
   3.7583381e-02
   3.0910650e-02
   1.0968687e-02
   5.3317647e-02
   5.5357192e-02
   5.4241676e-02
   5.8938432e-02
   5.5121623e-02
   6.5512881e-02
   2.9383859e-02
   4.7841281e-02
   2.6545024e-02
   2.9724415e-02
   2.9808169e-02
   2.1149337e-02
   1.3832974e-02
   4.1919172e-02
   4.8849616e-02
   2.2784874e-02
   2.4620358e-02
   2.9817883e-02
   4.1325998e-02
   4.3327689e-02
   2.5277358e-02
   3.3819988e-02
   7.0723213e-02
   5.8670670e-02
   4.0963098e-02
   4.3165095e-02
   2.6741818e-02
   3.1112004e-02
   3.0994609e-02
   7.0474143e-03
   3.8238939e-02
   2.8696232e-02
   4.1989420e-02
   5.9913870e-02
   9.2737250e-02
   6.5275438e-02
   2.9044598e-02
   6.0740400e-02
   6.1210919e-02
   5.0813198e-02
   3.7767161e-02
   1.5825571e-02
   5.9654508e-02
   6.5874003e-02
   1.8036554e-02
   2.1756528e-02
   3.6584757e-02
   2.9600546e-02
   7.3662907e-02
   6.1960764e-02
   5.1781844e-02
   5.3850986e-02
   2.2773223e-02
   2.7894709e-02
   1.0686534e-02
   3.8863003e-02
   6.4299971e-02
   8.5322529e-02
   3.1896021e-02
   4.1845590e-02
   5.6048773e-02
   4.3361783e-02
   5.5544719e-02
   4.5938484e-02
   1.0356159e-01
   9.2571668e-02
   5.0544478e-02
   5.4696415e-02
   1.8477019e-02
   5.2082602e-02
   4.1009579e-02
   4.0511925e-02
   3.5554994e-02
   2.6949434e-02
   4.6306919e-02
   4.0228922e-02
   5.7240557e-02
   1.7544718e-02
   2.3599906e-02
   2.6318846e-02
   4.9108326e-02
   7.3159084e-02
   5.8397152e-02
   2.7968802e-02
   3.9921567e-02
   6.1637040e-02
   1.0661773e-01
   5.4899365e-02
   5.0919984e-02
   5.2205030e-02
   3.3451207e-02
   7.1670905e-02
   4.8788179e-02
   5.0235048e-02
   5.2808672e-02
   4.3963812e-02
   2.2082919e-02
   3.9787207e-02
   3.6410809e-02
  -2.0399676e-03
   1.3523248e-02
   3.5612345e-02
   5.1846106e-02
   5.1010445e-02
   3.9038084e-02
  -5.9929234e-03
  -1.1156041e-03
   4.5579471e-02
   2.6709680e-02
   4.4011381e-02
   3.9845709e-02
   5.3623836e-02
   4.6346094e-02
   5.8251657e-02
   6.2863141e-02
   5.8593187e-02
   3.1890713e-02
   3.0688263e-02
   6.8136133e-02
   3.0920034e-02
   5.3772938e-02
   4.2694308e-02
   4.6926990e-02
   4.0303018e-02
   1.0695203e-02
   8.7088095e-03
   1.0380914e-02
   3.8655277e-02
   4.4626813e-02
   3.4441128e-02
   2.3290491e-02
   9.7456798e-03
   3.0661695e-02
   2.2684693e-02
   1.9547837e-02
   3.3274535e-02
   3.2301251e-02
   2.9170306e-02
   4.3764964e-02
   3.1780470e-02
   2.2329079e-02
   4.4199616e-02
   4.3485384e-02
   3.7949912e-02
   5.0209217e-02
   6.3776918e-02
   4.1960973e-02
   4.7525123e-02
   3.8536470e-02
   4.4185445e-02
   3.7461434e-02
   2.4418712e-02
   3.9525170e-02
   3.7462827e-02
   1.6324470e-02
   4.1257814e-03
   6.3918553e-02
   3.4287788e-02
   2.2892553e-02
   2.7906483e-02
   2.8270625e-02
   3.2467883e-02
   4.4336922e-02
   2.1577286e-02
   2.6201660e-02
   5.9562709e-02
   5.5006549e-02
   3.5919148e-02
   3.9108869e-02
   1.9344445e-02
   2.3845378e-02
   3.9362751e-02
   4.4781242e-02
   3.9295115e-02
   5.4780535e-02
   5.7948481e-02
   4.7699146e-02
