   4.7977541e-02
   3.5881843e-02
   1.5669312e-02
   6.9979611e-03
   1.1977387e-02
   3.0773805e-02
   2.1111013e-02
   3.5181493e-02
   9.2802076e-03
   2.3670973e-02
   3.0201342e-02
   2.5891209e-02
   2.7583510e-02
   2.8561132e-02
   2.3553897e-02
   3.3596285e-02
   2.6435345e-02
   3.5965174e-02
   6.4889796e-02
   8.0372743e-02
   4.8344757e-02
   3.4118083e-03
   2.3229936e-02
   5.1933900e-02
   4.8029337e-02
   3.8153443e-02
   1.3914314e-02
   2.7577225e-02
   4.6204507e-02
   5.1795293e-02
   6.5628730e-02
   4.0154453e-02
   4.0580835e-02
   3.3749066e-02
   3.4520343e-02
   3.4558900e-02
   3.1448480e-02
   2.2161106e-02
   2.7682360e-02
   4.2726524e-02
   5.9559423e-02
   1.9213453e-02
   2.4385430e-02
   3.1130780e-02
   2.7772674e-02
   2.0884925e-02
   2.6786549e-02
   3.9212067e-02
   2.1546112e-02
   2.1045124e-02
   4.4766251e-02
   4.7134943e-02
   3.7046764e-02
   2.8635373e-02
   2.6748901e-02
   3.0649073e-02
   3.4779102e-02
   3.0187862e-02
   1.7446244e-02
   1.8243089e-02
   2.9023264e-02
   4.3662239e-02
   7.8270994e-02
   4.2819541e-02
   3.7567813e-02
   2.2941845e-02
   4.3948494e-02
   4.6460804e-02
   1.5271111e-02
   1.0657022e-02
   2.8566100e-02
   1.4903285e-02
   1.0308859e-02
   1.1238818e-02
   4.4854190e-02
   2.7818616e-02
   2.0264877e-02
   4.9867522e-02
   6.9603406e-02
   4.8755649e-02
   4.0884253e-02
   3.7217986e-02
   3.7763089e-02
   2.8506877e-02
   4.5501485e-02
   5.1222041e-02
   3.6463182e-02
   3.8709782e-02
   4.5119740e-02
   4.2803753e-02
   4.1371021e-02
   3.3952054e-02
   2.7277753e-02
   3.7425306e-02
   5.7534594e-02
   3.0196408e-02
   2.4228429e-02
   4.7698785e-02
   5.4127868e-02
   6.1320707e-02
   3.7942529e-02
   3.7419032e-02
   2.3070246e-02
   2.8188599e-02
   3.2836478e-02
   2.0641416e-02
   2.1848677e-02
   3.2023028e-02
   3.0765263e-02
   1.9471630e-02
   2.3178287e-02
   4.2661466e-02
   4.8650037e-02
   5.5591859e-02
   6.9182806e-02
   6.2454190e-02
   3.1232694e-02
   2.8790282e-02
   3.3711597e-02
   3.5784274e-02
   2.9082371e-02
   3.8451530e-02
   5.6418419e-02
   5.5197634e-02
   3.9010074e-02
   4.9844000e-02
   4.7449030e-02
   2.9578550e-02
   3.9915446e-02
   4.7584388e-02
   4.8067205e-02
   1.0009524e-02
   3.4193031e-02
   4.1146047e-02
   3.0383732e-02
   2.8710002e-02
   1.2843043e-02
   2.9295318e-02
   4.5175835e-02
   5.1803038e-02
   2.3310460e-02
   1.3908215e-02
   2.0659067e-02
   1.5654417e-02
   4.1727414e-03
   1.6984260e-02
   1.7868700e-02
   1.8774634e-02
   4.7991306e-02
   5.0149731e-02
   2.8812289e-02
   2.3328509e-02
   4.9737811e-02
   3.1545606e-02
   4.1683838e-02
   5.1736988e-02
   2.4592977e-02
   4.5340687e-02
   3.6080673e-02
   2.5047636e-02
   2.7666079e-02
   5.3276088e-02
   2.7558545e-02
   5.4664630e-03
   1.9679943e-02
   2.6997851e-02
   5.6772616e-02
   5.5395890e-02
   4.2102665e-02
   5.7355680e-02
   3.2138847e-02
   4.2739794e-02
   6.0848430e-02
   4.1831434e-02
   3.1840585e-02
   2.8505217e-02
   1.1844932e-02
   1.8771837e-02
   5.1236503e-02
   4.6409637e-02
   4.9290624e-02
   6.0728546e-02
   5.0733801e-02
   2.9058117e-02
   3.6361072e-02
   4.9555227e-02
   4.3666191e-02
   9.7025530e-03
   3.5989996e-02
   3.4494694e-02
   1.0797437e-02
   2.5023248e-02
   1.1568544e-02
   9.9484641e-03
   1.7352842e-02
   3.5418499e-02
   3.6728326e-02
   3.1828143e-02
   6.4831935e-02
   5.3287324e-02
   1.7383832e-02
   1.9546162e-02
   4.9681284e-02
   2.9072046e-02
   2.4355097e-02
   4.4245582e-02
   1.4190597e-02
   3.3385832e-02
   5.2081522e-02
   4.3719303e-02
   4.7581904e-02
   2.8917847e-02
   4.5162350e-02
   3.6632720e-02
   3.1355090e-02
   3.4704506e-02
   2.6986189e-02
   1.5121458e-02
   3.2274403e-02
   3.6056202e-02
   9.2471605e-03
   2.8968439e-02
   2.6498672e-02
   3.7785210e-02
   6.2837079e-02
   5.4933269e-02
   5.2129973e-02
   4.7991876e-02
   2.7304111e-02
   4.4086248e-02
   5.4168560e-02
   6.5830395e-02
   4.3438341e-02
   1.8506596e-02
   1.5198389e-02
   6.4581595e-02
   6.2029630e-02
   2.5917551e-02
   3.6716770e-02
   4.8457164e-02
   4.9734574e-02
   1.1844936e-01
   6.7034289e-02
   2.0285262e-02
   3.5610408e-02
   3.6273729e-02
   8.1210539e-02
   7.1610026e-02
   4.5030192e-02
   2.8724998e-02
   3.3141229e-02
   6.6249885e-02
   2.8261660e-02
   4.9942019e-03
   5.0977338e-03
   2.0895369e-02
   2.7862011e-02
   3.8276255e-02
   4.2350139e-02
   5.3921636e-02
   4.0356942e-02
   4.6344597e-02
   6.3132890e-02
   4.6493609e-02
   3.1858817e-02
   4.2465832e-02
   5.0313093e-02
   2.8486766e-02
   1.9542737e-02
   1.4336903e-02
   4.2616006e-02
   5.3064935e-02
   5.7392344e-02
   9.3082087e-03
   4.1336585e-02
   5.7780221e-02
   4.0384408e-02
   4.5970250e-02
   1.9213511e-02
   2.1772249e-02
   3.8123336e-02
   3.5181146e-02
   2.4742158e-02
   4.0456332e-02
   2.4127077e-02
   1.7259814e-02
   3.1094778e-02
   5.8108427e-02
   3.0492349e-02
   2.0352094e-02
   4.6060767e-02
   2.3413995e-02
   3.3711944e-02
   5.0832171e-02
   5.3128354e-02
   5.8468454e-02
   4.8343241e-02
   5.1564440e-02
   7.8851208e-02
   5.2113663e-02
   2.9016009e-02
   4.9125064e-02
   3.1914216e-02
   3.6998507e-02
   5.6315325e-02
   3.3651799e-02
   2.7367519e-02
   4.5653760e-02
   3.7860621e-02
   2.7165441e-02
   1.5335579e-02
   1.2540666e-02
   3.6163285e-02
   3.2828465e-02
   3.8167682e-02
   2.6196184e-02
   4.0245313e-02
   5.1664971e-02
   3.5016023e-02
   3.2205772e-02
   1.9643433e-02
   2.1492342e-02
   2.8990531e-02
   2.8855683e-02
   2.6291117e-02
   3.6936797e-02
   3.5827193e-02
   2.0050477e-02
   2.8172620e-02
   4.4109326e-02
   5.0018948e-02
   2.8287807e-02
   2.5524039e-02
   3.4641586e-02
   3.4138337e-02
   4.6238218e-02
   4.7135781e-02
   4.2827651e-02
   3.7084669e-02
   2.8077621e-02
   2.1769648e-02
   2.4599299e-02
   1.8380357e-02
   1.8209500e-02
   3.7872255e-02
   1.5906643e-02
  -1.8889027e-03
   2.5794422e-02
   3.4094151e-02
   2.3182066e-02
  -1.8694015e-03
   3.2020111e-02
   3.9335933e-02
   2.0812118e-02
   3.6444116e-02
   7.2659783e-02
   9.4217308e-02
   6.0638316e-02
   6.1372001e-02
   4.3649890e-02
   5.7224222e-02
   4.5567334e-02
   3.4859512e-02
   2.2876466e-02
   3.1011755e-02
   5.6790479e-02
   5.1139046e-02
   5.6101318e-02
   6.5598585e-02
   3.7788630e-02
   8.5502444e-03
   1.3342597e-02
   3.6370527e-02
   5.0219037e-02
   2.9654458e-02
   4.9848918e-02
   4.9544286e-02
   4.2951804e-02
   3.9282423e-02
   1.9202298e-02
   2.6127879e-02
   1.6452521e-02
   4.2815030e-02
   1.2653050e-02
   4.9324497e-03
   1.2016268e-02
   3.0827582e-02
   2.5605176e-02
   3.3798922e-02
   4.3305144e-02
   3.2724030e-02
   3.7080325e-02
   4.8889536e-02
   3.4149881e-02
   4.0885761e-02
   5.3941123e-02
   4.3546822e-02
   3.3281211e-02
   1.9272717e-02
   2.2948971e-02
   6.3749805e-02
   4.2239860e-02
   2.3264417e-02
   1.4345466e-02
   2.5102571e-02
   4.2667072e-02
   3.5787724e-02
   1.4202825e-02
   5.3416327e-02
   7.2605602e-02
   4.1391231e-02
   3.8324345e-02
   4.3904044e-02
   3.8001016e-02
   3.8670994e-02
   1.1931237e-01
   9.4584532e-02
   4.1579001e-02
   4.6662629e-02
   2.7828757e-02
   3.9737709e-02
   4.2808332e-02
   3.0896809e-02
   4.0111057e-02
   7.6299146e-02
   3.2376729e-02
   2.6125731e-02
   2.6956566e-02
   2.3754599e-02
   2.6655020e-02
   3.6056947e-02
   4.6509679e-02
   2.9984182e-02
   4.0328622e-02
   4.1054171e-02
   2.9726949e-02
   3.2962721e-02
   7.8251250e-03
   3.3044040e-02
   4.4346251e-02
   2.3048962e-02
   3.6384366e-02
   4.3540601e-02
   5.4869674e-02
   5.6123141e-02
   4.3700956e-02
   2.8910499e-02
   6.4524049e-03
   1.4385244e-02
   2.9827673e-02
   3.2429148e-02
   2.7563207e-02
   2.5585338e-02
   6.5698795e-02
   9.9900819e-02
   4.1880041e-02
   3.0292230e-02
   1.6760275e-02
   2.0880206e-02
   2.9843004e-02
   4.2666968e-02
   4.8434790e-02
   6.0456920e-02
   3.8345907e-02
   4.8874930e-02
   2.7331665e-02
   3.6348239e-02
   5.2558102e-02
   3.5215568e-02
   3.3752080e-02
   3.0662695e-02
   3.4669477e-02
   4.2681150e-02
   4.9421482e-02
   4.9179792e-02
   5.8728177e-02
   3.4745879e-02
   3.2390505e-02
   3.6622930e-02
   6.7238621e-02
   8.2562812e-02
   3.9295554e-02
   1.6329519e-02
   2.4883902e-02
   5.2205626e-02
   6.1777674e-02
   3.8348168e-02
   3.3413801e-02
   5.3918444e-02
   4.7916345e-02
   5.6121312e-02
   3.5894144e-02
   3.0009665e-02
   5.7431236e-02
   6.5313555e-02
   5.0572023e-02
   6.4286754e-02
   5.0333310e-02
   1.7868560e-02
   4.4388868e-02
   4.0917303e-02
   1.3056668e-02
   5.7987291e-02
   7.1507797e-02
   5.1694073e-02
   4.0984549e-02
   7.6398114e-04
   3.4765624e-02
   4.1900229e-02
   5.2069452e-02
   6.1722286e-02
   5.7891160e-02
   3.1617779e-02
   6.9848031e-02
   5.9049681e-02
   3.7698422e-02
   3.0997148e-02
   7.0050567e-02
   6.3203126e-02
   5.5963390e-02
   6.4382687e-02
   3.1037821e-02
   2.9415512e-03
   6.8403585e-03
   1.7264007e-02
   4.4766963e-02
   3.7273448e-02
   4.8437059e-02
   4.7411747e-02
   1.8722415e-02
   3.8190212e-02
   3.5049099e-02
   4.8905790e-02
   5.1179960e-02
   2.0062439e-02
   2.9074317e-02
   4.1769505e-02
   9.6607029e-02
   1.2779433e-01
   1.0107740e-01
   6.1064463e-02
   5.3006880e-02
   4.5113139e-02
   3.3213846e-02
   4.0901717e-02
   5.2366607e-02
   4.7165852e-02
   5.3996081e-03
   8.1312582e-03
   4.0980753e-02
   5.0012071e-02
   4.6836045e-02
   3.6210138e-02
   3.0099116e-02
   2.9331164e-02
   3.0163838e-02
   4.8128232e-02
   1.8947659e-02
   2.0451408e-02
   5.3066619e-02
   1.3784935e-01
   1.5419744e-01
   8.3608098e-02
   3.8596746e-02
   3.5082586e-02
   5.7156079e-02
   2.6144758e-02
   5.0995804e-02
   1.0434440e-01
   1.3516292e-01
   7.0711412e-02
   2.0203185e-03
   2.1014245e-02
   4.7307216e-02
   7.9009809e-02
   6.7399040e-02
   4.7102962e-02
   3.7208438e-02
   2.3068178e-02
  -8.3188794e-04
  -3.7925383e-03
   4.2214859e-02
   6.9665708e-02
   6.0844142e-02
   2.1130446e-02
   1.3498510e-02
   2.4957692e-02
   8.9004777e-02
   2.3495696e-01
   2.6177880e-01
   1.2742917e-01
   9.4584420e-02
   8.1935868e-02
   6.3702896e-02
   2.0485276e-02
   1.6702889e-01
   7.1197093e-01
   9.4966751e-01
   5.3497851e-01
   1.5846595e-01
   1.4063427e-01
   1.5094948e+00
   4.9412050e+00
   4.5923963e+00
   1.8906664e+00
   4.2819536e-01
   1.4131199e-01
   1.2249597e-01
   3.0889559e-01
   8.8648921e-01
   8.8094538e-01
   4.0632251e-01
   1.3305829e-01
   6.3403644e-02
   1.1354271e-01
   1.8830414e-01
   3.4091884e-01
   2.7970588e-01
   1.2169494e-01
   8.7712385e-02
   6.4905107e-02
   1.1395967e-01
   1.4454973e-01
   1.4249887e-01
   2.1745449e-01
   2.9566026e-01
   1.2989885e-01
   8.3598839e-03
   2.1307437e-02
   8.6643048e-02
   5.5443108e-02
   5.4165523e-02
   4.3051850e-02
   6.0954192e-03
   2.0072006e-02
   9.7561024e-02
   8.2093000e-02
   4.1167647e-02
   3.2935064e-02
   1.7428901e-02
   1.3232369e-02
   6.8000741e-03
   5.0129317e-02
   7.1884558e-02
   4.0149059e-02
   3.2496400e-02
   1.5543040e-02
   5.7998344e-02
   1.7724499e-01
   2.1600038e-01
   9.1715612e-02
   7.5806037e-02
   2.5609556e-01
   3.4792677e-01
   2.0286275e-01
   9.9516727e-02
   1.4180881e-01
   1.9420366e-01
   1.3554139e-01
   1.0217801e-01
   6.8672076e-02
   1.8234153e-01
   8.5138762e-01
   9.3997514e-01
   4.9006951e-01
   1.2558083e-01
   5.0922398e-02
   4.0848266e-02
   7.6873347e-02
   2.2432610e-01
   2.0298754e-01
   1.0943943e-01
   2.2251025e-02
   1.5312880e-02
   1.0208680e-02
   7.7746756e-02
   1.0730691e-01
   7.9058990e-02
   6.0552105e-02
   2.6972776e-02
   6.0066115e-02
   6.4474970e-02
   9.7268999e-02
   1.0938432e-01
   7.8802668e-02
   6.1180126e-02
   4.9933396e-02
   4.1664809e-02
   5.4186270e-02
   6.3720487e-02
   4.6683118e-02
   2.1664811e-02
   2.9803501e-02
   7.5662412e-02
   8.5876778e-02
   9.3231671e-02
   3.8481005e-02
   4.1311216e-02
   5.6092769e-02
   3.8324893e-02
   3.9701559e-02
   4.7366250e-02
   5.8381580e-02
   3.4025520e-02
   2.9128805e-02
  -2.0570637e-04
  -3.6205005e-02
   1.1622117e-01
   1.5300690e-01
   1.2855861e-01
   6.9887131e-02
   8.8724189e-02
   1.3519564e-01
   1.1068469e-01
   8.8441700e-02
   1.8402892e-01
   3.5268867e-01
   2.4441493e-01
   7.9783231e-02
   8.2837693e-02
   3.2562861e-01
   1.2768207e+00
   1.6199585e+00
   7.6914495e-01
   1.8261617e-01
   6.0448188e-02
   5.0963990e-02
   9.2024416e-02
   2.2065248e-01
   2.9235637e-01
   1.5902410e-01
   1.5893674e-02
   3.7555341e-03
   2.0317396e-02
   9.7006977e-02
   1.0641903e-01
   6.0172942e-02
   6.8972677e-02
   3.2522179e-02
   2.7166234e-02
   4.5848496e-02
   3.0915404e-02
   6.0071364e-02
   3.5489324e-02
   2.6996618e-02
   2.0594390e-02
   1.0668275e-02
   1.7196644e-02
   3.3887938e-02
   2.1690598e-02
   4.5024350e-02
   3.0972380e-02
   3.6947928e-02
   5.4012645e-02
   6.0595009e-02
   2.2497917e-02
   1.7242420e-02
   2.4059853e-02
   2.8892281e-02
   2.0984542e-02
   5.4954786e-02
   7.1937107e-02
   6.0238432e-02
   5.2676592e-02
   2.6928514e-02
   3.6684055e-02
   6.5114714e-02
   7.4560277e-02
   6.3450128e-02
   4.4213276e-02
   1.3154054e-02
   7.1684547e-02
   5.3791981e-02
   4.6889219e-02
   6.6568911e-02
   9.6575528e-02
   1.1385418e-01
   4.4645563e-02
   1.7614208e-02
   1.0158121e-01
   3.1456748e-01
   3.3648711e-01
   1.7860068e-01
   8.5419208e-02
   3.6884550e-02
   2.6392432e-02
   5.2927122e-02
   8.1919104e-02
   1.0784473e-01
   4.7108438e-02
   5.4284722e-02
   3.0885508e-02
   3.3086430e-02
   6.0998492e-02
   6.2305585e-02
   8.3883010e-02
   6.2612258e-02
   1.0643519e-02
   9.6445726e-03
   1.2305952e-02
   3.5528373e-02
   5.7695705e-02
   7.1273327e-02
   4.0454309e-02
   1.3917419e-02
   8.9148786e-03
   1.5635185e-02
   6.8063308e-03
   3.0728521e-02
   5.5467274e-02
   4.6950083e-02
   4.4140399e-02
   3.6249746e-02
   2.3965554e-02
   4.9519993e-02
   3.7883203e-02
   3.9697353e-02
   5.4109044e-02
   4.0789489e-02
   3.2039862e-02
   4.1224923e-02
   3.2562640e-02
   2.9899290e-02
   5.3602856e-02
   2.2486834e-02
   3.0324465e-02
   1.0732730e-02
   1.3730502e-02
   2.2456799e-02
   3.8563475e-02
   2.3046693e-02
   1.8311484e-02
   3.1266890e-02
   5.5254791e-02
   6.0861010e-02
   4.8972178e-02
   2.0805290e-02
   8.2950361e-02
   1.6269051e-01
   1.9056469e-01
   1.0530049e-01
   4.6061303e-02
   2.8569052e-02
   4.0508136e-02
   5.5518746e-02
   6.0963053e-02
   5.2217323e-02
   6.4497441e-02
   4.6511069e-02
   3.8408939e-02
   4.1738030e-02
   5.9287511e-02
   5.7338785e-02
   6.6414975e-02
   2.6850682e-02
   3.6604300e-02
   2.2578301e-02
   3.3943508e-02
   3.2206826e-02
   2.4091015e-02
   3.8002405e-02
   2.6682936e-02
   1.8484654e-02
   7.1587831e-02
   6.9722451e-02
   3.4507245e-02
   4.7920685e-02
   6.4529099e-02
   6.4131364e-02
   2.8611481e-02
   3.5676397e-02
   2.9883165e-02
   3.2496847e-02
   2.3421487e-02
   6.1349582e-02
   5.0684310e-02
   3.6816802e-02
   3.6466945e-02
   3.0215656e-02
   2.4015402e-02
   3.3328660e-02
   2.3886958e-02
   2.3979878e-02
   3.2001853e-02
   3.7377145e-02
   2.4324857e-02
   1.5782695e-02
   3.7034377e-02
   5.0376590e-02
   3.4483369e-02
   2.7269850e-02
   3.5992399e-02
   4.4364814e-02
   8.7149106e-03
   2.3876870e-02
   6.8864100e-02
   6.9949411e-02
   5.7855334e-02
   2.1362485e-02
   2.6643753e-02
   1.9585835e-02
   4.0906198e-02
   3.8812887e-02
   3.4096759e-02
   4.9359411e-02
   5.4870758e-02
   5.6108095e-02
   3.2228135e-02
   3.5979219e-02
   5.0516911e-02
   1.9729923e-02
   2.7878048e-02
   1.7769119e-02
   1.7205566e-02
   2.4088250e-02
   2.9636759e-02
   2.7785335e-02
   2.5137417e-02
   4.7284912e-02
   5.4220397e-02
   2.8095443e-02
   4.2997435e-02
   4.1483052e-02
   5.1169112e-02
   2.9069755e-02
   5.3280223e-02
   5.4383166e-02
   3.1698138e-02
   6.1684147e-02
   5.5888683e-02
   6.7330532e-02
   2.8920401e-02
   3.8986374e-02
   5.8003437e-02
   5.1761091e-02
   3.3499759e-02
   3.8259130e-02
   5.9529025e-02
   1.0768938e-01
   8.1520900e-02
   5.8913998e-02
   3.9142761e-02
   8.4240690e-02
   1.5703291e-01
   1.2919582e-01
   1.0534496e-01
   7.7421643e-02
   1.2765495e-01
   1.7813785e-01
   2.1697280e-01
   1.5956321e-01
   8.5934989e-02
   1.8363477e-01
   2.9900482e-01
   2.5381762e-01
   1.3219884e-01
   8.2672775e-02
   2.3479249e-01
   3.7406325e-01
   2.1307866e-01
   5.6486428e-02
   5.4578695e-02
   3.4723043e-01
   7.1010429e-01
   5.1946235e-01
   1.8570630e-01
   1.0676990e-01
   3.5026041e-01
   5.1292509e-01
   3.7909609e-01
   1.8870652e-01
   1.0058610e-01
   2.9854617e-01
   2.8697488e-01
   1.5893862e-01
   7.7188693e-02
   6.5001905e-02
   1.7382438e-01
   1.7525680e-01
   9.6832730e-02
   5.0564073e-02
  -8.5574752e-03
  -2.8237939e-02
   4.6780133e-03
   2.8522894e-02
   2.2192929e-02
   4.2538747e-02
   2.1720167e-02
   4.3124752e-03
   3.2565363e-02
  -2.6164909e-03
   1.9470369e-02
   1.4886831e-02
   2.3699924e-02
   5.5846810e-02
   2.4819149e-02
   5.9212551e-02
   5.8407146e-02
   1.0963455e-02
   3.3948239e-02
   5.9570666e-02
   4.1828029e-02
   6.0203657e-02
   2.4948552e-02
   3.2110408e-02
   7.9564482e-02
   8.4764294e-02
   9.7361594e-02
   5.1383909e-02
   7.4629731e-02
   5.5682387e-02
   5.8160182e-02
   7.0042171e-02
   7.3631473e-02
   9.8855130e-02
   9.5561184e-02
   4.1261327e-02
   2.2880621e-02
   1.0202266e-01
   2.2420125e-01
   1.9855356e-01
   7.2156340e-02
   5.7488132e-02
   1.2177361e-01
   1.7326161e-01
   1.0018447e-01
   3.9908320e-02
   3.5311490e-02
   8.0585212e-02
   1.4117676e-01
   7.3247902e-02
   1.9282492e-02
   5.2325442e-02
   5.3030845e-02
   4.5847826e-02
   4.5006290e-02
   1.5892936e-02
   2.4714729e-02
   3.2158755e-02
   3.7565813e-03
   2.3431288e-02
   4.2564437e-02
   1.8670216e-02
   9.6327503e-04
  -5.7943640e-03
   1.0751842e-02
   1.7268168e-02
   2.1190504e-02
   3.3273657e-03
   4.6590943e-02
   4.9203541e-02
   3.9425161e-02
   5.8657274e-02
   3.6995795e-02
   3.7388980e-02
   4.7927413e-02
   7.3115647e-02
   5.2843582e-02
   2.7777882e-02
   8.2705459e-03
   4.1620042e-02
   7.0867024e-02
   4.1081704e-02
   4.5228221e-02
   2.0851143e-02
   2.9268110e-02
   7.0648052e-02
   9.5064826e-02
   9.6346654e-02
   1.0771132e-01
   6.1951846e-02
   1.3943513e-02
   5.3292915e-02
   5.7860821e-02
   8.7458171e-02
   1.4120466e-01
   1.2216423e-01
   5.5879246e-02
   4.3050155e-02
   1.4514041e-01
   1.6648331e-01
   1.0187580e-01
   6.0385268e-02
   4.5066245e-02
   6.0163315e-02
   7.3492192e-02
   4.1208476e-02
   1.7547736e-02
   6.1955590e-02
   7.3124446e-02
   6.2813699e-02
   5.5629391e-02
   3.8993809e-02
   4.3292299e-02
   4.8605029e-02
   4.7324218e-02
   2.9685086e-02
   1.7364254e-02
   1.6401503e-02
   1.8347681e-02
   4.3499716e-02
   6.0944963e-02
   2.6613129e-02
   3.5223134e-03
   3.2347076e-02
   5.5578310e-02
   2.8921802e-02
   2.6792631e-02
   6.8607263e-02
   5.8065783e-02
   6.6437647e-02
   5.8315255e-02
   6.9715418e-02
   2.9584151e-02
   2.7395420e-02
   5.1881883e-02
   3.9968807e-02
   4.0394183e-02
   4.3279648e-02
   1.4803635e-02
   1.9344442e-02
   1.9817268e-02
   4.8468310e-02
   5.4024488e-02
   4.2990558e-02
   6.7559019e-02
   4.4561565e-02
   3.8984712e-02
   4.1774463e-02
   6.6216670e-02
   7.2299533e-02
   8.5240476e-02
   6.2517323e-02
   6.0144946e-02
   4.7837730e-02
   5.2142322e-02
   5.1935308e-02
   1.9322399e-02
   2.2209136e-02
   3.2801945e-02
   3.7395790e-02
   3.0303184e-02
   1.5833087e-02
   4.5403816e-02
   3.2692734e-02
   1.7032320e-02
   4.0864844e-02
   4.4864897e-02
   2.4132760e-02
   2.8616937e-02
   3.0542972e-02
   1.8481640e-02
   1.0402003e-02
   2.5646940e-02
   3.8659550e-02
   2.2168873e-02
   2.9516373e-02
   3.9047677e-02
   1.6191760e-02
   3.7418667e-02
   2.1954441e-02
   1.4485107e-02
   4.7348775e-02
   4.7076948e-02
   4.2951990e-02
   3.2210212e-02
   4.7554821e-02
   4.2617317e-02
   5.3178694e-02
   3.4188360e-02
   3.1434156e-02
   1.7470498e-02
   1.3806269e-02
   8.9651616e-03
   2.9975012e-02
   4.4171404e-02
   5.4778766e-02
   3.9824922e-02
   3.7962705e-02
   6.1621699e-02
   4.5794819e-02
   4.4816542e-02
   2.2731423e-02
   2.7788928e-02
   8.2380250e-02
   5.9521005e-02
   4.5797415e-02
   2.5174273e-02
   3.5389710e-02
   5.2831013e-02
   5.1885437e-02
   3.5269313e-02
   2.4892546e-02
   2.7600450e-02
   3.9616622e-02
   2.3499196e-02
   2.3025870e-02
   3.4408621e-02
   4.0406816e-02
   1.5171905e-02
   3.6500197e-02
   4.8483703e-02
   5.3667575e-02
   6.2222369e-02
   5.0342377e-02
   5.2032020e-04
   6.9504329e-03
   1.9116575e-02
   3.1390496e-02
   1.0909788e-02
   3.2461777e-02
   3.9765496e-02
   3.8286984e-02
   5.3991497e-02
   6.3322790e-02
   5.0832644e-02
   2.7042067e-02
   3.6311533e-02
   5.1836524e-02
   5.5456951e-02
   4.1440204e-02
   2.7567171e-02
   2.8873540e-02
   1.9458270e-02
   1.4444352e-02
   9.4285440e-03
   3.1693172e-02
   4.0495418e-02
   4.0120516e-02
   3.6101706e-02
   2.7655339e-02
   2.0674353e-02
   1.5951341e-02
   3.9927363e-02
   3.6926359e-02
   1.6416855e-02
   3.4082863e-02
   4.7517616e-02
   5.6281541e-02
   4.6354763e-02
   2.9117374e-02
   2.9055873e-02
   1.4921882e-02
   9.8514436e-03
   2.1243649e-02
   3.9709873e-02
   6.1841305e-02
   5.4092955e-02
   3.6356732e-02
   2.1234285e-02
   2.0290609e-02
   3.1563904e-02
   1.4277794e-02
   2.0648703e-02
   1.7440543e-02
   1.2908500e-02
   1.8765585e-02
   4.5320444e-02
   1.9621436e-02
   2.5223115e-02
   1.9666037e-02
   2.8622979e-02
   1.4498222e-02
   1.8031899e-02
   2.0180069e-02
   5.3175882e-02
   6.8624623e-02
   2.9523114e-02
   2.5771471e-02
   1.5676089e-02
   2.3971558e-02
   3.3374105e-02
   5.7327382e-02
   2.6539417e-02
   1.5373439e-02
   3.1114174e-02
   2.4985597e-02
   1.9727856e-02
   4.6176709e-02
   4.5495957e-02
   5.8455244e-02
   5.0096285e-02
   2.9187204e-02
   5.0266471e-02
   7.8846812e-02
   4.2027239e-02
   4.1240908e-02
   2.3067836e-02
   2.8689036e-02
   9.8709278e-03
   1.5033293e-02
   1.1057912e-02
   1.2431392e-02
   2.7547073e-02
   3.6389168e-02
   1.1621735e-02
   1.8885156e-02
   5.9332676e-02
   4.4972990e-02
   3.4893483e-02
   2.4188252e-02
   4.4392381e-02
   3.2161824e-02
   2.7095113e-02
   2.0692436e-02
   2.8447175e-02
   2.3487564e-02
   9.4256159e-03
   3.3463389e-02
   1.5582798e-02
   3.9873496e-02
   2.2184199e-02
   2.1322116e-02
   2.2056339e-02
   3.1914674e-02
   1.9656193e-02
   1.9305948e-02
   1.8709071e-02
   1.2021432e-02
   2.5038989e-02
   3.4305725e-02
   5.2185681e-02
   3.3647697e-02
   1.9943057e-02
   2.6773708e-02
   3.9861862e-02
   4.6912044e-02
   1.6022973e-02
   2.3441888e-02
   3.9278515e-02
   1.5409305e-02
   2.3457045e-02
   1.4220545e-02
   3.8308024e-02
   2.3373803e-02
   3.2194279e-02
   3.6798522e-02
   3.6159471e-02
   3.4639873e-02
   3.1264052e-02
   3.4571752e-02
   7.3269993e-02
   3.8117200e-02
  -1.7055444e-03
   3.1919416e-02
   1.0862012e-01
   2.9415125e-01
   2.0530868e-01
   6.4121202e-02
   3.3888541e-02
   9.9762276e-02
   1.4766115e-01
   1.0358846e-01
   9.1160797e-02
   7.0755698e-02
   6.2481057e-02
   5.3696714e-02
   6.3558325e-02
   2.8484756e-02
   7.3510059e-03
   4.0633265e-02
   3.1388793e-02
   3.9232176e-02
   4.2580456e-02
   4.1036025e-02
   3.3292159e-02
   1.6937440e-02
   1.8712468e-02
   3.0456904e-02
   3.0116482e-02
   2.2132881e-02
   9.6235033e-03
   3.1068482e-02
   3.1573012e-02
   3.6104735e-02
   3.4436412e-02
   4.7980868e-03
   2.0652266e-02
   3.6942456e-02
   1.9775504e-02
   2.0302633e-02
   1.7623590e-02
   2.7405206e-02
   2.0567594e-02
   4.9659438e-02
   4.0131722e-02
   2.8775677e-02
   1.2936828e-02
   2.7048824e-02
   3.5448641e-02
   6.3627674e-03
  -1.3327574e-03
  -4.7996440e-03
   1.7250065e-02
   3.0586649e-02
   1.0725693e-02
   1.7538033e-02
   2.4726696e-02
   4.8297200e-02
   5.2597526e-02
   3.8429175e-02
   3.4211837e-02
   1.7931340e-02
   3.6567122e-02
   3.8310595e-02
   2.8740894e-02
   1.9784914e-02
   2.7100442e-02
   4.8152186e-02
   3.8737703e-02
   3.1813595e-02
   3.8525414e-02
   3.9126419e-02
   3.7394371e-02
   2.5703721e-02
   3.8797673e-02
   3.8422871e-02
   1.4415293e-02
   6.0811047e-03
   3.4341455e-02
   3.3181265e-02
   3.0533809e-02
   4.1959826e-02
   3.7574284e-02
   1.6657678e-02
   3.6046930e-02
   4.2705655e-02
   2.3070861e-02
   1.3937468e-02
   2.4716213e-02
   1.7025849e-02
   4.3067049e-02
   4.7178399e-02
   2.1523949e-02
   2.7912842e-02
   3.5147794e-02
   4.8960913e-02
   3.5366613e-02
   1.5430815e-02
   4.0956275e-03
   3.1976372e-02
   3.9368235e-02
   3.8147271e-02
   4.2510249e-02
   3.7017610e-02
   1.1455206e-02
   2.2495778e-02
   3.9799452e-02
   2.8334539e-02
   3.7512280e-02
   4.5737565e-02
   3.0329358e-02
   6.9123143e-03
   1.0681119e-02
   1.4786309e-02
   5.7001721e-02
   6.7279242e-02
   3.2763358e-02
   2.0968417e-02
   3.4826323e-02
   7.0697576e-02
   5.4161306e-02
   3.3820238e-02
   2.8697101e-02
   2.5748735e-02
   1.1239593e-02
   3.9289232e-02
   2.5769088e-02
   2.4466835e-02
   2.5415760e-02
   5.5827551e-02
   2.7749112e-02
  -1.0968188e-02
   2.3513528e-02
   2.9104097e-02
   2.1130931e-02
   1.2015245e-02
   1.4193639e-02
   2.6837667e-02
   3.2747142e-02
   2.6070984e-02
   4.5234434e-02
   3.6413796e-02
   2.9676802e-02
   2.9569883e-02
   3.7541617e-02
   2.1677567e-02
   1.8009748e-02
   2.2205703e-02
   2.9004695e-02
   2.1370750e-02
   2.1341944e-02
   7.5522172e-03
   1.6714875e-02
   2.7491447e-02
   4.1083585e-02
   2.3020471e-02
   1.7872367e-02
   3.8702786e-02
   4.1215431e-02
   3.5435010e-02
   3.3178680e-02
   4.5728315e-02
   3.7482504e-02
   1.1707516e-02
   2.3578450e-02
   2.1765117e-02
   2.5959836e-02
   3.8981248e-02
   2.6362088e-02
   4.9397454e-02
   4.4732157e-02
   4.4810746e-02
   3.3568978e-02
   3.7590709e-02
   3.0302091e-03
   2.2143507e-02
   2.2196472e-02
   3.5800889e-02
   4.3464094e-02
   3.8905572e-02
   3.4382798e-02
   3.3188038e-02
   4.1406054e-02
   3.8112666e-02
   3.5103232e-02
   2.2855503e-02
   1.8861510e-02
   6.8227383e-03
   3.5748083e-02
   5.5384252e-02
   3.2383535e-02
   2.6170917e-02
   1.4496707e-02
   3.4742739e-02
   3.1646810e-02
   5.2023031e-02
   5.4975267e-02
   1.3448564e-02
   2.0394966e-02
   2.2607084e-02
   2.1405892e-02
   3.0706946e-02
   3.6024425e-02
   2.7097091e-02
   3.6821775e-02
   1.8074218e-02
   1.7219916e-02
  -2.7970294e-03
   1.3385171e-02
   6.3246586e-03
   2.6528176e-02
   2.6901115e-02
   3.7549816e-02
   3.1473584e-02
   6.1489854e-02
   3.3511996e-02
   4.3161190e-03
   1.1023312e-02
   2.1145968e-02
   1.9716484e-02
   3.2767408e-02
   3.5957940e-02
   4.8866477e-02
   3.9499316e-02
   1.3959982e-02
   4.1397959e-02
   1.0043053e-02
   1.8220695e-02
   3.0786552e-02
   4.4716366e-02
   2.2615470e-02
   1.5969662e-02
   5.1595028e-02
   3.4078732e-02
   1.8386820e-02
   1.9992447e-02
   2.7382707e-02
   1.6294098e-02
   2.9706594e-02
   5.5879731e-02
   3.4022242e-02
   1.0839534e-02
   2.2759279e-02
   5.3164680e-02
   3.5986990e-02
   3.1566601e-02
   3.1894948e-02
   4.6244096e-02
   4.7654793e-02
   3.2644708e-02
   3.3417661e-02
   1.0562344e-02
   1.7541565e-02
   3.7055548e-02
   3.5976473e-02
   3.9911665e-02
   3.2875523e-02
   3.8482618e-02
   2.9221922e-02
   4.7877729e-03
   2.6492719e-02
   2.1101780e-02
   2.8855329e-02
   4.1000877e-02
   2.6097858e-02
   4.0557142e-02
   3.3416159e-02
   1.5627962e-02
   8.1761740e-03
   2.8860698e-02
   1.1210580e-02
   1.4488747e-02
   2.1389173e-02
   1.0529519e-02
   3.1388141e-02
   2.3826282e-02
   3.0464720e-02
   1.7118433e-02
   1.4714491e-02
   2.8482260e-02
   2.4379803e-02
   3.1529948e-02
   3.2716010e-02
   3.1533930e-02
   1.7011559e-02
   2.3149338e-02
   3.1118980e-02
   3.0019496e-02
   2.9895335e-02
   3.6591522e-02
   2.1142563e-02
   9.2874607e-03
   3.3334300e-02
   4.1232329e-02
   2.1743651e-02
   3.1988360e-02
   2.7696179e-02
   2.3945659e-02
   2.9119384e-02
   3.6960900e-02
   1.9849028e-02
   2.1049460e-02
   4.4082709e-02
   3.7846949e-02
   3.6220025e-02
   3.0878391e-02
   7.1979929e-03
   8.4171034e-03
   1.8658401e-02
   2.2648871e-02
   2.5833091e-02
   1.3356677e-02
   1.6488548e-02
   2.2974372e-02
   2.1080989e-02
   9.1551151e-03
   2.4612496e-02
   4.0148135e-02
   2.9645998e-02
   3.7410807e-02
   2.2193991e-02
  -8.4641967e-03
   1.3995701e-02
   1.8325020e-02
   2.1692649e-02
   1.4795916e-02
   2.4601409e-02
   2.5270268e-02
   3.2280013e-02
   2.9981377e-02
   1.1763926e-02
   1.7385947e-02
   3.3587735e-02
   3.3411283e-02
   2.0850163e-02
   2.4876237e-02
   3.3300199e-02
   3.6550298e-02
   4.0348791e-02
   2.8065877e-02
   3.2002158e-02
   1.6765110e-02
   1.5706379e-02
   3.4799192e-02
   3.4866929e-02
   3.2154884e-02
   5.1838312e-02
   9.4890408e-02
   7.4784994e-02
   2.8643386e-02
   1.4307082e-02
   1.5679415e-03
   1.7342066e-02
   1.5678372e-02
   1.6098322e-02
   2.7140321e-02
   6.5337971e-02
   9.5363669e-02
   8.4952444e-02
   4.7339734e-02
   3.4868646e-02
   3.7209086e-02
   1.3345727e-02
   1.9970635e-02
   9.4611505e-03
   1.5016973e-02
   3.4377664e-02
   4.8293132e-02
   5.9356328e-02
   5.7423994e-02
   2.7747445e-02
   2.2876384e-02
   4.7444869e-02
   5.4787531e-02
   3.2132741e-02
   5.5916324e-02
   3.2620363e-02
   3.4120385e-02
   3.9332561e-02
   3.8452495e-02
   1.3396683e-02
   1.1322347e-02
   1.9465547e-02
   1.9020237e-02
   2.2850173e-02
   2.4538754e-02
   6.5282673e-02
   4.4223201e-02
   2.4457378e-02
   1.7829111e-02
   1.8721774e-02
   3.1393930e-02
   2.8018869e-02
   2.4513723e-02
   3.5285642e-03
   4.7629893e-02
   4.8063405e-02
   3.4083903e-02
   4.3309558e-02
   7.7094458e-02
   5.8808651e-02
   4.8078120e-02
   5.0439876e-02
   1.8722711e-02
   8.9469152e-03
   3.7559215e-02
   5.9276134e-02
   1.4063339e-01
   2.4180193e-01
   2.2916161e-01
   1.2799197e-01
   4.6962257e-02
   4.2944252e-02
   2.0648979e-02
   1.6404262e-02
   3.1026892e-02
   3.6017172e-02
   1.5442691e-02
   4.4208933e-02
   6.8456881e-02
   6.2279269e-02
   5.6636464e-02
   6.0325168e-02
   3.6201354e-02
   1.0993012e-02
   2.6926991e-02
   6.0713273e-03
   1.8824566e-02
   3.0716343e-02
   3.7281167e-02
   4.4555340e-02
   2.8301058e-02
   3.3394475e-02
   3.9922830e-02
   2.2714959e-02
   2.5911653e-02
   1.4859779e-02
   3.4419097e-02
   3.9824799e-02
   2.6067771e-02
   2.5709396e-02
   2.6723346e-02
   1.5392932e-02
   2.2569126e-02
   4.3590307e-02
   7.6009162e-02
   6.5424792e-02
   4.9882445e-02
   3.5615485e-02
   4.1281831e-04
   3.1040153e-02
   5.1040597e-02
   2.4332659e-02
   5.4056726e-02
   4.8137378e-02
   4.2536601e-02
   2.4116896e-02
   3.1017385e-02
   2.8466256e-02
   1.6736850e-02
   2.1945724e-02
   1.4221195e-02
   1.0695815e-03
   1.5830824e-02
   5.1136635e-02
   4.5322429e-02
   2.1915615e-02
   3.3253346e-02
   3.9475314e-02
   3.3250622e-02
   6.0024142e-02
   4.6962440e-02
   3.9549932e-02
   1.9524818e-02
   2.3670347e-02
   4.1447174e-02
   8.6093415e-03
   3.0048212e-02
   2.2336110e-02
   2.6784873e-02
   1.4237841e-02
   2.1293471e-02
   3.0590642e-02
   4.1891996e-02
   2.2371877e-02
   1.1296911e-02
   1.3886500e-02
   2.1386320e-02
   2.3559023e-02
   2.8257664e-02
   1.8382350e-02
   3.1120526e-02
   4.0355384e-02
   2.7519377e-02
   2.3398185e-02
   1.9815827e-02
   3.4921814e-02
   2.9992590e-02
   1.6579289e-02
   2.9265275e-02
   3.9477285e-02
   1.9467328e-02
   1.0423254e-02
   4.2692628e-02
   1.7201701e-02
   3.9113224e-02
   5.8925744e-02
   3.0932143e-02
   2.3021623e-02
   2.4216084e-02
   4.8992749e-02
   4.5123365e-02
   2.7391408e-02
   3.4676427e-03
   2.4758320e-02
   4.0682472e-02
   3.3000272e-02
   3.2691069e-02
   2.2037208e-02
   1.7609958e-02
   1.9287277e-02
   1.7665869e-02
   3.2472510e-02
   3.0919416e-02
   8.7016895e-03
   1.5551369e-02
   4.1380540e-02
   3.9573483e-02
   3.4942139e-02
   3.7515879e-02
   4.9411707e-02
   2.9091625e-02
   3.8158301e-02
   3.2275055e-02
   2.8869681e-02
   2.9889893e-02
   1.7391605e-02
   2.5760524e-02
   2.8243752e-02
   1.2714682e-02
   3.7358716e-02
   3.3230588e-02
   4.6373263e-02
   2.7703891e-02
   2.1464882e-02
   2.2575678e-02
   6.1837006e-03
   2.4245907e-02
   1.9408459e-02
   2.7139582e-02
   2.5553804e-02
   4.6160989e-02
   4.0591244e-02
   1.7764051e-02
   1.2348140e-02
   1.0994041e-02
   1.3422336e-02
   2.8383980e-02
   1.4992027e-02
   6.1845249e-03
   3.4749541e-02
   3.5800330e-02
   2.4421986e-02
   1.6073054e-02
   1.5726604e-02
   1.5408704e-02
   2.1688709e-02
   2.6560079e-02
   4.3737885e-02
   6.0730889e-02
   2.5188491e-02
   5.0477389e-02
   5.2287344e-02
   3.3226956e-02
   1.2526709e-02
   1.5006415e-02
   3.8351785e-02
   2.8432624e-02
   3.6754061e-02
   4.7621639e-03
   4.5842111e-02
   4.3699443e-02
   3.7198614e-02
   3.5426274e-02
   8.5525243e-03
   9.1709467e-03
   2.7831476e-02
   2.4441257e-02
   1.8292803e-02
   3.2509975e-02
   5.6982413e-02
   4.7883488e-02
   3.4387015e-02
   1.4232248e-02
   1.9352349e-02
   3.1004371e-02
   3.2090243e-02
   2.0036275e-02
   1.6409842e-02
   2.6542529e-02
   6.6393577e-02
   3.9254278e-02
   6.4144053e-02
   9.0296105e-02
   5.5435792e-02
   2.9010072e-02
   1.3528277e-02
   1.8747568e-02
   9.0098791e-03
   1.5053463e-02
   2.4619581e-02
   2.6417406e-02
   3.3495221e-02
   4.2714007e-02
   3.3067152e-02
   2.9282713e-02
   3.6406655e-02
   4.5398884e-02
   3.6255095e-02
   2.4670158e-02
   2.3555685e-02
   3.4565695e-02
   5.8499541e-02
   2.1064298e-02
   9.8398020e-03
   3.7113976e-02
   3.2300573e-02
   1.3091629e-02
   1.4922148e-02
   3.5363179e-02
   3.0297924e-02
   2.9574797e-02
   2.9124469e-02
   1.8984046e-02
   3.0134957e-02
   1.5721522e-02
   2.2630146e-02
   2.8990030e-02
   3.8607996e-02
   3.4168560e-02
   3.3105027e-02
   2.8937137e-02
   4.1425981e-02
   3.6902390e-02
   2.7691541e-02
   1.1088896e-02
   2.0690629e-02
   3.0025376e-02
   2.1922633e-02
   3.0327175e-02
   5.7382211e-02
   4.7138195e-02
   2.7862847e-02
   1.4708827e-02
   3.0532245e-02
   4.1590262e-02
   1.8915672e-02
   2.6038205e-02
   3.0918054e-02
   2.8965101e-02
   4.9876772e-02
   6.4294204e-02
   5.2896522e-02
   4.7108501e-02
   2.6148127e-02
   3.3654504e-02
   2.4348779e-02
   1.1611192e-02
   2.0270173e-02
   2.8131334e-02
   2.7385268e-03
   6.2914747e-03
   5.6762826e-02
   4.7139183e-02
   3.2601029e-02
   1.8901065e-02
   1.4657847e-02
   9.4189467e-03
  -2.1762284e-03
   7.2314176e-03
   3.5169203e-02
   3.6634512e-02
   3.6084909e-02
   3.6977462e-02
   4.8907924e-02
   4.1234069e-02
   2.7091730e-02
   2.4785534e-02
   3.1845115e-02
   7.4989766e-02
   7.7781305e-02
   4.1921616e-02
   2.9376160e-02
   4.5151241e-02
   6.2682386e-03
   1.8305911e-02
   4.2946938e-02
   3.9153505e-02
   4.0629413e-02
   4.3736372e-02
   1.4125665e-02
   3.6653976e-03
   1.2626524e-02
   1.1472321e-02
   5.7833705e-02
   9.0517648e-02
   7.1204290e-02
   3.0819841e-02
   6.8363091e-03
   1.2276689e-02
   2.7323920e-02
   4.0061332e-02
   5.6726862e-02
   1.1172602e-01
   6.7084536e-02
   4.7410384e-02
   4.1902538e-02
   2.2096664e-02
   2.6370779e-02
   2.8572815e-02
   2.2347257e-02
   2.6338695e-02
   2.3907127e-02
   9.4031356e-03
   3.6707699e-02
   2.5816221e-02
   1.8602500e-02
   2.2894593e-02
   2.1463422e-02
   2.3770347e-02
   1.7099336e-02
   2.9310554e-02
   2.5079587e-02
   1.2586971e-02
   2.9307289e-02
   2.7626270e-02
   3.4893993e-02
   1.8107079e-02
   3.5845820e-02
   2.9927505e-02
   4.6866503e-02
   4.7851726e-02
   1.6816860e-02
   2.2356411e-02
   4.3803401e-02
   4.8508547e-02
   3.6851712e-02
   9.5776850e-03
  -7.0261080e-03
  -8.7221768e-03
   2.3418268e-02
   3.9807178e-02
   4.1332200e-02
   3.7471708e-02
   3.7325799e-02
   5.7306431e-02
   4.3935161e-02
   4.0107243e-02
   3.8957600e-02
   4.1833315e-02
   4.0208071e-02
   5.3802397e-02
   6.7819692e-02
   6.3948877e-02
   5.9891682e-02
   4.9760334e-02
   3.8124487e-02
   2.4133738e-02
   2.6785694e-02
   3.3894036e-02
   3.4841437e-02
   4.0984783e-02
   4.6386532e-02
   3.7153814e-02
   3.1274267e-02
   2.3562931e-02
   2.4447005e-02
   3.6054958e-02
   4.6080049e-02
   7.1669653e-02
   6.0550492e-02
   3.6861319e-02
   5.9738763e-02
   2.4007127e-02
   8.7711411e-03
   2.8378353e-02
   1.1075939e-01
   1.8241216e-01
   1.5803534e-01
   1.0828801e-01
   4.8812754e-02
   5.0771981e-02
   5.1077660e-02
   4.0459853e-02
   3.6818136e-02
  -9.2461156e-03
   5.0943537e-04
   6.5875135e-02
   4.5645665e-02
   3.0649047e-02
   2.7016820e-02
   4.1400447e-02
   9.8041110e-02
   1.1070970e-01
   7.7009402e-02
   4.3335833e-02
   5.2867834e-02
   4.3070219e-02
   5.2345697e-02
   9.1277964e-02
   2.2015427e-01
   2.3421468e-01
   1.4886898e-01
   2.9574065e-02
  -5.5757458e-03
   9.8354847e-04
   3.6165919e-02
   5.2415565e-02
   3.0745003e-02
   3.2941174e-02
   4.7846451e-02
   3.9596952e-02
   3.8505189e-02
   6.6408858e-02
   7.6577298e-02
   5.9496932e-02
   3.1073920e-02
   2.4963651e-02
   2.2872690e-02
   3.5628762e-02
   1.5772805e-02
   2.1354124e-02
   2.0404831e-02
   4.0819813e-03
   2.2421047e-02
   4.9675263e-02
   2.9862383e-02
   2.8208137e-02
   3.5303567e-02
   5.4070733e-02
   4.6044480e-02
   3.1234330e-02
   9.9190008e-03
   2.3053752e-02
   2.8673446e-02
   5.3402029e-02
   1.9647446e-02
   1.0967213e-03
   2.3011040e-02
   4.5262497e-02
   4.3831170e-02
   5.3750645e-02
   6.8952255e-02
   5.0766200e-02
   3.7228938e-02
   1.5736988e-02
   3.7731223e-02
   3.6281742e-02
   4.7390416e-02
   7.6632209e-02
   7.0110202e-02
   2.6767669e-02
   3.4317043e-02
   2.7549285e-02
   3.2994807e-02
   4.7954191e-02
   3.9686445e-02
   1.7701400e-02
   6.9797882e-03
   3.0115133e-02
   5.3608961e-02
   4.1644819e-02
   3.6558028e-02
   3.6422990e-02
   1.0897910e-02
   3.3020084e-03
   1.4054973e-02
   3.7488271e-02
   5.7573479e-02
   7.6340050e-02
   4.9529605e-02
   4.5379151e-02
   3.7840500e-02
   4.9442369e-03
   3.8548376e-02
   3.7451856e-02
   2.4583219e-02
   2.3586424e-02
   3.3398781e-02
   3.4831136e-02
   3.9279234e-02
   3.0371444e-02
   3.9675023e-02
   3.5740398e-02
   5.4355670e-02
   3.8539074e-02
   3.5274435e-02
   1.1602075e-02
   4.9288157e-02
   5.4308828e-02
   1.4809701e-02
   2.3595577e-02
   6.8756431e-02
   7.8559890e-02
   4.0647600e-02
   4.3055322e-02
   2.3786251e-02
   4.2233467e-02
   2.5166543e-02
   3.6342256e-02
   4.8420422e-02
   4.9382035e-02
   4.7862519e-02
   3.4922693e-02
   1.9795977e-02
   1.2378237e-02
   2.8523633e-02
   4.6228517e-02
   7.4861147e-02
   4.3527283e-02
   3.4833230e-02
   7.8349739e-02
   6.6074744e-02
   5.9097607e-02
   2.8029393e-02
   3.8297344e-02
   7.4896388e-02
   6.2966183e-02
   2.7673282e-02
   1.1057353e-02
   6.2119357e-02
   3.7065584e-02
   2.4933156e-02
   4.0957086e-02
   5.4082017e-02
   7.5821914e-02
   2.8343316e-02
   1.1335817e-02
   1.6158666e-02
   1.0258266e-02
   1.3716977e-02
   3.6908396e-02
   2.3085214e-02
   5.9046489e-03
   2.3559939e-02
   3.1539474e-02
   3.7798695e-02
   3.6884289e-02
   2.3340935e-02
   3.6341105e-02
   2.1962401e-02
   2.2386298e-02
   3.0499980e-02
   4.2833034e-02
   5.4998949e-02
   5.3803194e-02
   1.9990165e-02
   1.8416636e-02
   2.4076259e-02
   1.7462786e-02
   1.9588307e-02
   4.1840497e-02
   3.6264863e-02
   3.5314206e-02
   2.1236867e-02
   2.0460760e-02
   4.7785353e-02
   9.5208853e-02
   6.8002626e-02
   8.1613570e-02
   7.4217156e-02
   1.3625233e-02
   6.2132180e-03
   6.2774159e-02
   2.1925141e-01
   3.2569814e-01
   2.8075790e-01
   1.7145838e-01
   8.0592364e-02
   9.8804645e-02
   1.0168838e-01
   3.7322126e-02
   1.5878262e-02
   4.5612998e-02
   8.9824021e-02
   9.0665229e-02
   9.9820584e-02
   8.3211824e-02
   5.1852006e-02
   3.9518047e-02
   5.3760052e-02
   6.5829940e-02
   6.4031862e-02
   8.1913337e-02
   1.7525795e-01
   1.7184916e-01
   1.2116522e-01
   7.7129573e-02
   1.2255691e-01
   8.6464204e-02
   5.5642374e-02
   8.0918923e-02
   6.5970227e-02
   3.4457847e-02
   1.1987505e-03
   2.5777439e-02
   2.6830263e-02
   5.7787050e-02
   4.0040750e-02
   3.8921546e-02
   2.4375016e-02
   3.7619364e-02
   4.6196822e-02
   3.0626010e-02
   3.0105382e-02
   1.6299641e-02
   5.2923761e-02
   5.8689471e-02
   2.1022027e-02
  -6.1723781e-03
   3.7905566e-02
   1.3434759e-01
   1.4490907e-01
   1.1359926e-01
   7.1587957e-02
   4.5003790e-02
   3.0031323e-02
   1.1309514e-02
   2.1995574e-02
   6.0086790e-02
   8.2633272e-02
   9.5982775e-02
   4.7786485e-02
   2.7850674e-02
   4.0066820e-02
   9.0217851e-02
   1.0414386e-01
   4.5120157e-02
   4.7136948e-02
   8.0926977e-02
   8.7274671e-02
   3.7268098e-02
   6.8480298e-02
   3.9414827e-02
   2.9001446e-03
   2.6830826e-02
   5.3906169e-02
   1.0528369e-01
   1.5877424e-01
   1.6020100e-01
   7.9199396e-02
   5.6044385e-02
   2.6449990e-02
   3.6334511e-02
   3.5741005e-02
   2.4830943e-01
   7.9098016e-01
   8.6443347e-01
   6.3546300e-01
   2.6082215e-01
   6.1413743e-02
  -5.0993660e-04
   1.3463937e-02
   3.6630280e-02
   4.9308196e-02
   6.8235785e-02
   1.3371582e-01
   1.3704225e-01
   1.2216831e-01
   7.9683334e-02
   5.1594418e-02
   2.0194814e-02
   3.4764849e-02
   3.0570703e-02
   3.0305343e-02
   7.4617408e-02
   6.2917598e-02
   4.2156886e-02
   5.2170597e-02
   4.1973725e-02
   2.4386896e-02
   2.7576601e-02
   4.7746059e-02
   4.9391992e-02
   4.5709506e-02
   4.8826046e-02
   1.8481633e-02
   3.1083880e-02
   6.4697653e-02
   7.6291382e-02
   8.2596749e-02
   3.1691588e-02
   4.5337737e-02
   6.3577898e-02
   6.9967866e-02
   7.6695703e-02
   1.1865139e-02
   4.8887085e-02
   6.9949841e-03
   4.9723186e-02
   8.5246488e-02
   9.8535709e-02
   1.7745475e-01
   1.9066314e-01
   1.4616100e-01
   9.5958434e-02
   5.5056226e-02
   1.7005976e-02
  -4.1340915e-03
   9.0198040e-02
   2.8478014e-01
   3.7134436e-01
   2.2459148e-01
   1.0311816e-01
   5.0512116e-02
   4.0066332e-02
   2.0535275e-02
   2.9191859e-02
   7.8052178e-02
   1.0266262e-01
   9.9488430e-02
   1.3104908e-01
   1.0936707e-01
   3.4954444e-02
   5.0974444e-02
   1.1781040e-01
   8.2945064e-02
   7.0331335e-02
   1.1005688e-01
   2.3388860e-01
   2.2966900e-01
   1.1036321e-01
   7.5807601e-02
   2.9493447e-02
   1.0260975e-02
   1.6266664e-02
   2.5428258e-02
   3.9773986e-02
   2.4818230e-02
   1.6851945e-02
   3.4095015e-02
   5.0643116e-02
   2.5608847e-02
   6.5482713e-02
   9.1065481e-02
   1.6281033e-01
   1.2612000e-01
   5.5957731e-02
   8.8300750e-02
   4.5316309e-02
   4.4166725e-02
   4.5961358e-02
   6.3191243e-02
   7.3743016e-02
   8.4341630e-02
   7.4846648e-02
   6.1016098e-02
   2.4530582e-02
   2.9283993e-02
   3.0557686e-02
   3.8146961e-02
   9.8565713e-02
   1.8054835e-01
   1.7422460e-01
   1.2923664e-01
   8.0628388e-02
   5.2236240e-02
   2.6513500e-02
   6.0036205e-02
   2.2082375e-01
   3.2204551e-01
   3.4978580e-01
   2.7570519e-01
   1.8990579e-01
   9.7773284e-02
   1.1265365e-02
   2.8227884e-02
   3.9705858e-02
   2.0782676e-02
   1.0128969e-02
   4.8775151e-02
   8.2708329e-02
   8.2359470e-02
   5.3541861e-02
   5.9076559e-02
   1.6864825e-02
   1.4394823e-02
   1.2879640e-02
   7.9913195e-03
   8.3909137e-03
   7.1236446e-02
   1.0729191e-01
   8.2368217e-02
   6.2818713e-02
   5.3759437e-02
   3.8761802e-02
   2.8084265e-02
   5.2596964e-02
   7.7144422e-02
   5.2687407e-02
   7.9444490e-02
   6.2962554e-02
   7.2276838e-02
   5.8738507e-02
   1.9749375e-02
   2.9355088e-02
   2.8858868e-02
   5.7911552e-03
   4.2278219e-02
   9.0990573e-02
   8.9615680e-02
   1.0301322e-01
   5.9268180e-02
   7.6984636e-02
   8.3790302e-02
   9.2081346e-02
   6.0277138e-02
   4.5561407e-02
   5.0974425e-02
   4.7412671e-02
   5.2660167e-02
   1.7932108e-01
   2.7202407e-01
   2.2585280e-01
   1.3906135e-01
   4.7689103e-02
   1.9867385e-02
   9.6678026e-03
   1.5228422e-01
   6.5371370e-01
   1.0320052e+00
   8.9800745e-01
   5.2117074e-01
   2.4356288e-01
   1.0114551e-01
   5.4758500e-02
   4.0776573e-02
   4.4527627e-03
   4.1447651e-02
   7.5021632e-02
   1.8370138e-01
   2.4359429e-01
   1.6973838e-01
   7.4088708e-02
   4.2253163e-02
   4.6209540e-02
   3.0721949e-02
   3.7443262e-02
   4.4222839e-02
   5.1464908e-02
   8.8238649e-02
   5.7707936e-02
   2.7299469e-02
   1.0128232e-01
   1.8360782e-01
   1.9379899e-01
   1.5099601e-01
   1.0228635e-01
   7.2241344e-02
   7.1964160e-02
   1.0207222e-01
   2.6026165e-01
   5.8351582e-01
   6.6589576e-01
   4.2838764e-01
   2.5507879e-01
   1.3779585e-01
   9.6057743e-02
   1.1599260e-01
   8.9783885e-02
   3.3536695e-02
   3.0242270e-02
   2.4771632e-01
   5.2464396e-01
   6.5508723e-01
   5.5446589e-01
   3.0954266e-01
   1.3649586e-01
   3.1434275e-02
   2.9499663e-02
   1.3521130e-01
   3.3815536e-01
   4.7346306e-01
   4.4140533e-01
   3.5357130e-01
   2.9845443e-01
   2.3192944e-01
   1.6407704e-01
   1.1285997e-01
   1.6238911e-02
  -3.4276063e-03
   1.6080631e-01
   5.5162722e-01
   1.0301235e+00
   1.0622234e+00
   7.1592921e-01
   3.0879930e-01
   9.2924863e-02
  -2.0479793e-02
   1.3901104e-01
   1.0229238e+00
   2.4702463e+00
   2.8880076e+00
   2.1873028e+00
   1.4153436e+00
   1.5418447e+00
   1.4217861e+00
   1.0433282e+00
   5.0920790e-01
   8.2707971e-02
   1.2036146e-01
   1.1117574e+00
   4.6592841e+00
   8.3534775e+00
   8.0458899e+00
   4.7047682e+00
   1.8833383e+00
   7.5522012e-01
   3.9821196e-01
   2.5828564e+00
   1.6343380e+01
   3.3920498e+01
   3.3752254e+01
   2.0292322e+01
   8.5032949e+00
   2.5931640e+00
   6.2622362e-01
   1.3589752e-01
   2.8622948e-02
   3.2186031e-01
   2.6592529e+00
   5.4208961e+00
   5.8050609e+00
   3.7302382e+00
   1.6778067e+00
   4.0282533e-01
  -1.3378935e-01
  -5.7302713e-02
   3.1864339e-01
   6.0182238e-01
   1.2814355e+00
   1.9654158e+00
   1.6577762e+00
   8.6226213e-01
   3.2124612e-01
   1.4430465e-01
   8.8498846e-02
   1.9457801e-01
   3.5100037e-01
   4.2460531e-01
   5.8664232e-01
   7.7886575e-01
   1.0340527e+00
   1.5573710e+00
   1.3823751e+00
   7.1842533e-01
   5.0024096e-02
  -4.1507665e-02
   1.0354679e-01
   3.2336920e-01
   3.9192504e-01
   4.4787458e-01
   3.2921380e-01
   1.7982709e-01
   1.1907645e-01
   8.7125711e-02
   2.3438059e-01
   3.2841340e-01
   3.4635690e-01
   2.0948476e-01
   1.7784014e-01
   2.7239022e-01
   2.9919371e-01
   2.0685226e-01
   9.5795251e-02
  -6.9726050e-02
  -9.9794075e-02
   6.1669201e-02
   2.8967217e-01
   3.9141089e-01
   2.5485110e-01
   5.0236631e-02
  -1.7349719e-01
  -1.3520992e-01
   1.6741599e-01
   5.2994502e-01
   9.3747663e-01
   1.0383071e+00
   7.2692358e-01
   2.2191647e-01
   7.7304140e-02
   6.1905605e-01
   1.7521763e+00
   2.1290915e+00
   1.3642613e+00
   6.1144489e-01
   2.6995012e-01
   6.2654495e-01
   1.2957417e+00
   1.5207534e+00
   9.0798593e-01
   3.6200809e-01
   3.6943457e-01
   2.6063341e-01
   4.6758828e-01
   2.7966230e+00
   6.8152008e+00
   7.2136083e+00
   4.6865778e+00
   2.0876703e+00
   7.0546567e-01
   2.0575179e-01
   1.1814730e-01
   9.1878809e-02
   1.5125138e-01
   6.1929423e-01
   1.3377213e+00
   1.3503162e+00
   8.6797357e-01
   4.1055828e-01
   7.4482128e-02
  -6.8216003e-02
  -4.1147918e-02
   1.4849554e-01
   2.3561217e-01
   3.6094806e-01
   5.4942238e-01
   3.9342687e-01
   1.4475134e-01
   1.5753591e-02
   3.2727560e-03
   3.2433879e-03
   5.6246217e-02
   1.2679401e-01
   8.9245439e-02
   1.2205319e-01
   1.9728070e-01
   2.7816015e-01
   2.8678265e-01
   1.9949588e-01
   8.4342241e-02
  -3.0212332e-02
   8.2822368e-02
   1.9601656e-01
   2.2481784e-01
   2.3990491e-01
   1.4581873e-01
   4.5033693e-02
   6.5663442e-02
   2.6978588e-02
   4.4449922e-02
   1.6406278e-01
   1.7719147e-01
   1.1712492e-01
   7.5957872e-02
   1.0046298e-01
   1.1061803e-01
   1.1708708e-01
   2.8306112e-02
   4.4676043e-02
   7.2355464e-02
   1.7152935e-01
   2.9567400e-01
   3.2005221e-01
   2.4682254e-01
   1.0366757e-01
   1.1259343e-02
  -6.7290850e-03
   8.3860785e-02
   3.2362479e-01
   7.1641117e-01
   8.1088859e-01
   5.9989840e-01
   3.7725607e-01
   3.0102324e-01
   3.7503716e-01
   4.1857380e-01
   4.1060799e-01
   2.2703418e-01
  -3.7613459e-02
   2.1250144e-01
   1.1454026e+00
   2.0628483e+00
   1.9554600e+00
   1.1005790e+00
   3.5164607e-01
   5.5316176e-02
   1.5925717e-01
   1.6254619e+00
   6.0595770e+00
   9.2989244e+00
   7.9201775e+00
   4.4242597e+00
   1.7523437e+00
   5.1620770e-01
   1.1214083e-01
   1.3818568e-01
   1.5876353e-01
   5.5179089e-01
   1.2426153e+00
   1.5865924e+00
   1.2646410e+00
   7.9503870e-01
   3.8978389e-01
   9.8763846e-02
   7.3234737e-02
   1.3355669e-01
   1.8721116e-01
   3.7139639e-01
   5.4666555e-01
   5.7766938e-01
   3.7115619e-01
   1.7070812e-01
   9.0155490e-02
   3.8310684e-02
   5.3099152e-02
   1.2565640e-01
   1.1905227e-01
   1.3456479e-01
   2.1967146e-01
   2.8451297e-01
   2.0155205e-01
   1.6089317e-01
   7.1046107e-02
   3.5399485e-02
   8.1396505e-02
   1.2229623e-01
   1.7465194e-01
   1.6570958e-01
   1.1401098e-01
   4.4130366e-02
  -2.6907986e-03
  -5.3909230e-03
   4.5663748e-02
   8.2545556e-02
   1.1489742e-01
   1.1279400e-01
   8.3491556e-02
   8.7970637e-02
   1.3380632e-01
   1.3705952e-01
   7.4813969e-02
  -6.8830797e-03
  -3.6878767e-03
   5.9505992e-02
   1.4773495e-01
   1.8311925e-01
   1.8241012e-01
   1.8699533e-01
   9.9134810e-02
   2.5577825e-02
   3.4661166e-02
   9.0659425e-02
   2.8246212e-01
   4.4257420e-01
   3.1759867e-01
   1.7789982e-01
   9.5652558e-02
   1.8769515e-01
   2.3892316e-01
   2.4964879e-01
   1.5634978e-01
   1.2964557e-01
   9.4957747e-02
   2.5935552e-01
   5.5523145e-01
   5.4077381e-01
   3.4600168e-01
   1.6608717e-01
   8.5107386e-02
   1.1885284e-02
   3.4403530e-01
   1.2698946e+00
   2.0550475e+00
   1.9570762e+00
   1.1957830e+00
   6.0977250e-01
   2.2258545e-01
   4.6065629e-02
   5.3639539e-02
   1.0891769e-01
   1.9037074e-01
   3.4753793e-01
   5.1108634e-01
   4.7692269e-01
   2.9136011e-01
   1.4003073e-01
   1.1387701e-01
   8.0443554e-02
   7.2343633e-02
   1.3605055e-01
   1.8518651e-01
   1.9265567e-01
   2.0988546e-01
   1.4508368e-01
   9.0946801e-02
   4.7161169e-02
   1.8267782e-02
   2.8772686e-02
   8.6848222e-02
   3.1264286e-02
   5.7020757e-02
   1.4850186e-01
   1.2334415e-01
   3.7870537e-02
   5.9545487e-02
   2.0826733e-02
   3.8541835e-02
   4.0097304e-02
   6.0699400e-02
   4.5252696e-02
   6.5076210e-02
   8.2706623e-02
   3.5226919e-02
   6.0697623e-02
   6.1570160e-02
   2.1393191e-02
   5.1074769e-02
   9.1142423e-02
   1.2073433e-01
   8.4672615e-02
   8.6589351e-02
   9.5696583e-02
   9.0796970e-02
   5.5326827e-02
   3.5687443e-02
   8.8440470e-02
   7.2842859e-02
   1.1423095e-01
   4.3168265e-02
   4.8441533e-02
   7.6230347e-02
   3.8717724e-02
   2.4825195e-02
   2.6187664e-02
   8.4021494e-02
   1.7758350e-01
   1.1818331e-01
   9.0241954e-02
   4.2521108e-02
   2.1147864e-02
   4.3394748e-02
   7.4794836e-02
   8.1483319e-02
   5.5014711e-02
   3.2753099e-02
   8.1330039e-02
   1.7099118e-01
   2.2550586e-01
   1.0405330e-01
   5.9087604e-02
   1.2291358e-02
   4.5012543e-03
   4.0832657e-02
   2.5002751e-01
   5.7085866e-01
   6.3157851e-01
   3.8376907e-01
   1.7338036e-01
   8.5992135e-02
   2.9690010e-02
   5.4945457e-03
   4.2583194e-02
   8.5425116e-02
   8.3749272e-02
   1.4860563e-01
   1.3622050e-01
   6.2910132e-02
   6.2808953e-02
   3.7490219e-02
   2.8636411e-02
   5.0485719e-02
   4.8998114e-02
   9.4104402e-02
   1.0717753e-01
   1.2096325e-01
   9.5291674e-02
   5.9739348e-02
   3.5936221e-02
   3.1815320e-02
   9.8126968e-03
   3.0279821e-02
   5.7318866e-02
   1.0695321e-01
   1.0603192e-01
   6.1695840e-02
   3.6256667e-02
   2.1044431e-02
   2.3484819e-02
   8.6570293e-02
   1.5625109e-01
   1.5822165e-01
   9.2857674e-02
   6.4509518e-02
   5.5941574e-02
   2.0617539e-02
   4.3560330e-02
   1.1238104e-01
   9.6905641e-02
   3.7808802e-02
   6.5194979e-02
   9.1940835e-02
   7.2383411e-02
   3.4059800e-02
   8.7261595e-02
   5.7579726e-02
   5.8207598e-02
   1.7658815e-02
   3.8085572e-02
   3.7844509e-02
   4.1318230e-02
   7.5936601e-02
   3.8848467e-02
   2.5928158e-02
   5.5501640e-02
   1.7653445e-02
   4.6838015e-02
   5.2203730e-02
   5.4307524e-02
   3.6872517e-02
   3.2994940e-03
   3.0079581e-02
   6.4390518e-02
   6.1243046e-02
   4.1300870e-02
   3.8413800e-02
   7.9780677e-03
   4.6510701e-03
   5.6965601e-02
   8.4318519e-02
   1.0785793e-01
   6.5588802e-02
   3.8241506e-02
   6.4945877e-02
   4.7558192e-02
   5.8559317e-02
   1.5010224e-01
   1.9898722e-01
   1.1839808e-01
   6.3664310e-02
   5.1676605e-02
   3.1156711e-02
   6.9027850e-03
   3.9831068e-02
   7.5370848e-02
   7.4130990e-02
   9.6904576e-02
   5.0498061e-02
   3.4873374e-02
   6.5312958e-03
   4.7175817e-02
   3.5471629e-02
   5.0036539e-03
   5.6388441e-02
   7.0390292e-02
   8.7407537e-02
   7.9474591e-02
   3.9273344e-02
   6.6058345e-02
   7.5337686e-02
   5.2624054e-02
   7.9852507e-02
   8.5918888e-02
   1.4300314e-01
   8.8877060e-02
   8.0178581e-02
   2.6250131e-02
   5.8264690e-03
   1.8048566e-02
   8.8288665e-02
   1.1189939e-01
   1.7178276e-01
   1.1757703e-01
   6.7763492e-02
   9.1616876e-02
   1.1645975e-01
   1.1607657e-01
   1.4453110e-01
   1.1761712e-01
   1.1295483e-01
   7.0611693e-02
   1.0505328e-01
   9.3478911e-02
   1.3174666e-01
   2.1568143e-01
   1.4188130e-01
   1.0103002e-01
   8.8014871e-02
   1.4010112e-01
   1.4787078e-01
   1.8332173e-01
   1.6417442e-01
   1.1720147e-01
   3.4573682e-02
   5.1158056e-02
   1.6768873e-01
   3.2432887e-01
   3.7844920e-01
   2.6692516e-01
   2.0916228e-01
   6.0695596e-02
   1.5491786e-02
   1.9434658e-01
   4.2361915e-01
   4.8107401e-01
   3.5960725e-01
   1.9001372e-01
   6.6547491e-02
   1.0833192e-01
   2.7042982e-01
   4.8208934e-01
   5.5917186e-01
   4.7883579e-01
   3.1538552e-01
   1.9845134e-01
   8.6216994e-02
   4.6308765e-01
   8.1945688e-01
   8.1405503e-01
   5.3494108e-01
   2.3487538e-01
   1.9821361e-02
   1.5193103e-01
   5.8343279e-01
   8.8802952e-01
   7.7167618e-01
   3.8678750e-01
   1.2723280e-01
  -4.2866204e-02
   7.8622423e-02
   7.8826922e-01
   1.7043848e+00
   1.6958983e+00
   1.0438313e+00
   4.2736334e-01
   4.2981826e-02
   1.1559370e-01
   6.8202978e-01
   1.1358567e+00
   9.3472856e-01
   6.3645047e-01
   3.5306358e-01
   1.6987179e-01
   1.6997179e-01
   5.9760767e-01
   7.7973473e-01
   5.8639252e-01
   3.7332806e-01
   2.0641404e-01
   1.4081831e-01
   2.7670464e-01
   4.4573075e-01
   4.9990931e-01
   3.5514280e-01
   2.0406613e-01
   1.1156612e-01
   1.1419814e-01
   9.1106445e-02
   1.1703750e-01
   7.2184548e-02
   6.0257904e-02
   9.2585988e-02
   8.1896365e-02
   9.4866775e-02
   8.5797481e-02
   1.0361810e-01
   9.2189044e-02
   5.9030119e-02
   2.3721734e-02
   3.2159559e-02
   6.4045846e-02
   6.6063739e-02
   7.3842563e-02
   5.5296883e-02
   8.1223413e-02
   3.1013040e-02
   4.2851295e-02
   6.8004608e-02
   8.8920735e-02
   1.0410960e-01
   2.7437344e-02
  -2.0615455e-02
   2.2451324e-02
   7.6197065e-02
   7.8119487e-02
   9.6941084e-02
   1.3141631e-01
   6.1173320e-02
   2.4415417e-02
   4.9146362e-02
   1.6295563e-01
   1.7541297e-01
   1.7529017e-01
   2.0551868e-01
   1.4261499e-01
   6.2315498e-02
   1.6028339e-01
   2.0407993e-01
   1.6691580e-01
   1.5434924e-01
   1.0578204e-01
   4.2329077e-02
   9.9700116e-02
   3.0227381e-01
   2.8911200e-01
   2.3024011e-01
   1.4988184e-01
   4.4631552e-02
   1.8246731e-03
   1.9852935e-01
   5.0658852e-01
   6.6444600e-01
   4.7418475e-01
   2.6293409e-01
   1.1427476e-01
   2.8423931e-02
   1.4949876e-01
   3.6656988e-01
   3.6466455e-01
   2.2608460e-01
   1.7181391e-01
   6.1643783e-02
   1.1971439e-01
   2.3747845e-01
   3.5498512e-01
   2.9777494e-01
   2.0527381e-01
   1.3101213e-01
   7.2884902e-02
   8.2274251e-02
   1.4819822e-01
   2.2686796e-01
   1.6616057e-01
   1.0493167e-01
   5.7018377e-02
   4.2102948e-02
   5.2277993e-02
   2.7616564e-02
   4.3301728e-02
   3.5856348e-02
   4.8527531e-02
   8.2736403e-02
   9.5924541e-02
   5.3276144e-02
   6.5019250e-02
   5.7833347e-02
   4.6841681e-02
   4.1674282e-02
  -1.3479224e-04
   2.1341421e-02
   4.5745354e-02
   6.4580649e-02
   7.1832590e-02
   9.6659087e-02
   3.4972969e-02
   2.2304157e-02
   8.3673127e-02
   7.5668454e-02
   5.5370394e-02
   3.6400665e-02
   5.7010893e-03
   3.4899000e-02
   5.7814743e-02
   3.8845379e-02
   7.1396828e-02
   6.0767390e-02
   1.0643962e-02
   1.4531829e-02
   4.5598675e-02
   2.7740397e-02
   4.9113773e-02
   6.2843584e-02
   6.1898984e-02
   7.2247438e-02
   5.3548433e-02
   5.6313425e-02
   6.8595380e-02
   1.0370169e-01
   3.1985682e-02
   7.7139817e-02
   1.6558363e-01
   1.8062472e-01
   1.5531309e-01
   1.2568827e-01
   7.1611844e-02
   3.0842729e-02
   7.1500532e-02
   8.9671120e-02
   2.0318495e-01
   3.0587748e-01
   2.7155361e-01
   2.1959087e-01
   9.9902876e-02
  -3.4891893e-03
   1.3558059e-02
   1.3387050e-01
   2.1848041e-01
   1.9870172e-01
   1.5144604e-01
   1.0047612e-01
   4.6249941e-02
   3.4867506e-02
   1.0845646e-01
   1.4018281e-01
   9.8753616e-02
   7.8422680e-02
   6.7827143e-02
   2.6667224e-02
   7.1413137e-02
   8.8388845e-02
   9.1138706e-02
   6.6634938e-02
   3.7375133e-02
   4.7853496e-02
   3.9130609e-02
   3.9341029e-02
   3.5157342e-02
   3.3658948e-02
   2.5076579e-02
   4.6702582e-02
   4.0508177e-02
   3.4777258e-02
   3.7726689e-02
   1.6794542e-02
   4.0858593e-02
   4.1939545e-02
   2.1232296e-02
   3.3367954e-02
   4.8161753e-02
   4.4841237e-02
   5.0411582e-02
   3.2702301e-02
   3.8421452e-02
   3.8646404e-02
   2.9016225e-02
   2.0254001e-02
   2.2081027e-02
   2.9218122e-02
   3.5321094e-02
   7.9212874e-02
   7.2756767e-02
   5.3352620e-02
   5.5137422e-02
   2.9653888e-02
   2.7187711e-02
   1.5825581e-02
   3.6132488e-02
   1.5206757e-02
   2.5978446e-02
   2.7075462e-02
   1.5603572e-02
   4.7046024e-02
   6.4327888e-02
   3.3524003e-02
   4.8045181e-02
   3.1411689e-02
   4.2107314e-02
   4.9251534e-02
   6.2208898e-02
   3.7419729e-02
   3.0786758e-02
   6.5256447e-02
   1.8673848e-02
   2.9249273e-02
   4.2586330e-02
   2.3459116e-02
   6.8229221e-02
   1.2354081e-01
   7.8450225e-02
   4.9068823e-02
   3.0900130e-02
   4.5335945e-03
   5.0652336e-02
   5.7867799e-02
   4.9672600e-02
   5.2845426e-02
   3.9820623e-02
   4.3539084e-02
   2.8782139e-02
   2.7370995e-02
   4.1099083e-02
   3.5126287e-02
   5.1654994e-02
   2.4465464e-02
   1.7753340e-02
   1.9841751e-02
   1.7163541e-02
   5.6145236e-02
   5.1871374e-02
   3.3634167e-02
   3.5338607e-02
   5.8823541e-02
   2.7200731e-02
   6.1192112e-03
   4.2696718e-02
   3.1523440e-02
   4.5915540e-02
   6.7856684e-02
   5.3573586e-02
   3.9482091e-02
   4.3748870e-02
   4.4657785e-02
   2.2924539e-02
   2.7999802e-02
   4.1617222e-02
   3.4957148e-02
   3.9972622e-02
   3.4853727e-02
   4.6472177e-02
   4.3206230e-02
   5.8792546e-02
   3.2140628e-02
   3.6375072e-02
   2.9310502e-02
   4.5589708e-02
   4.0774558e-02
   2.9698532e-02
   3.7109729e-02
   2.0852525e-02
   1.5938198e-02
   3.5988316e-02
   2.7354214e-02
   1.6963652e-03
   2.3028981e-02
   3.2934733e-02
   2.0393601e-02
   2.0728117e-02
   1.6467020e-02
   1.9804901e-02
   3.5345171e-02
   6.5046124e-02
   5.0433110e-02
   5.3904459e-02
   3.7503861e-02
   3.2513741e-02
   2.8467381e-02
   1.0795989e-02
   2.3886586e-02
   4.0730488e-02
   3.3286124e-02
   3.7960909e-02
   4.0811259e-02
   1.6161436e-02
   2.7115967e-02
   5.5566225e-02
   5.6502361e-02
   3.9842989e-02
   2.3885027e-02
   1.8414957e-02
   1.7882055e-02
   2.8900728e-02
   6.6967666e-02
   5.2523900e-02
   4.8626095e-02
   2.6330577e-02
   3.4504112e-02
   3.2410264e-02
   4.7934331e-02
   7.4621744e-02
   2.1756064e-02
  -3.1080074e-03
   5.2418441e-02
   2.0760043e-02
   1.5490077e-02
   4.5286193e-02
   3.2595340e-02
   2.7012920e-02
   2.1269720e-02
   1.4622839e-02
   2.2641970e-02
   4.2314351e-02
   5.1624428e-02
   4.3054894e-02
   2.5908578e-02
   1.2952947e-02
   2.0749941e-02
   3.2856960e-02
   2.4223112e-02
   1.9044385e-03
   5.8546099e-03
   2.1997249e-02
   1.5804801e-02
   2.4845932e-02
   1.9345552e-02
   2.8735029e-02
   2.8198283e-02
   1.9025762e-02
   3.2886025e-02
   3.2746036e-02
   3.0173203e-02
   1.9934550e-02
   2.5285684e-02
   3.0077189e-02
   2.1709789e-02
  -2.6828542e-03
   2.4090424e-02
   1.1361258e-03
   2.2122743e-02
   2.8067922e-02
   3.7629776e-02
   1.6736448e-02
   1.9479468e-02
   2.4138575e-02
   3.5297513e-02
   4.8287403e-02
   4.6999082e-02
   4.0014692e-02
   3.6144629e-02
   3.3523932e-02
   4.3561704e-02
   3.2411300e-02
   2.0743141e-02
   4.2484298e-02
   2.3465635e-02
   1.9660449e-02
   2.7593385e-02
   1.6434073e-02
   1.3246624e-02
   1.8496411e-02
   3.0430427e-02
   4.9662385e-02
   6.4122178e-02
   4.3404914e-02
   1.6701087e-02
   2.5475860e-02
   2.6728446e-02
   3.8303833e-02
   2.9047446e-02
   3.2081190e-02
   3.2764491e-02
   2.3931142e-02
   2.8534980e-02
   2.9194381e-02
   2.4902949e-02
   1.7862232e-02
   3.3078481e-02
   2.7811946e-02
   8.4438501e-03
   1.4498933e-02
   1.5430990e-02
   5.2682407e-02
   4.8469037e-02
   2.9779840e-02
   4.1483570e-02
   4.7593940e-02
   3.9811455e-02
   3.7760839e-02
   2.9317081e-02
   1.8566225e-02
   2.0145584e-02
   4.9278133e-02
   4.6956856e-02
   2.7389156e-02
   3.2415345e-02
   2.4389856e-02
   7.0644678e-03
   2.3012336e-02
   4.6454974e-02
   3.1608343e-02
   2.5470994e-02
   3.3866592e-02
   3.3825208e-02
   2.7283745e-02
   2.1523219e-02
   2.8079586e-02
   3.3272333e-02
   3.5706945e-02
   4.8689228e-02
   3.2686483e-02
   4.3795463e-02
   1.8380968e-02
   3.1901371e-02
   3.4523677e-02
   2.3727294e-02
   2.6286999e-02
   1.5834678e-02
   2.8128896e-02
   2.2728102e-02
   2.4908248e-02
   2.6075235e-02
   2.3059381e-02
   6.1028957e-02
   4.1752532e-02
   3.6702473e-02
   1.6552636e-02
   2.8588703e-02
   3.3585504e-02
   1.9228229e-02
   1.3168166e-02
   1.9833302e-02
   4.7642171e-02
   2.6738174e-02
   1.6570574e-02
   2.5602486e-02
   3.8977914e-02
   1.8294454e-02
   2.9856957e-02
   1.1211488e-02
   1.4060228e-02
   4.4063341e-02
   2.0354634e-02
   2.3792651e-02
   5.7272766e-02
   2.0313742e-02
   2.7054124e-02
   5.3362813e-02
   4.9868781e-02
   2.8513780e-02
   1.5320309e-02
   1.6975759e-02
   1.0271449e-02
   4.4061106e-02
   4.9935970e-02
   5.1208753e-02
   3.2687616e-02
   4.7743982e-03
   3.5293857e-03
   2.7457934e-02
   3.8765270e-02
   4.0871892e-02
   4.6128377e-02
   5.1545847e-02
   2.9153252e-02
   4.3419182e-02
   3.5584763e-02
   1.7873997e-02
   9.0579372e-03
   3.8025007e-02
   5.6040637e-02
   4.1317686e-02
   5.0920177e-02
   3.2277681e-02
   1.6415158e-02
   1.7881319e-02
   2.9136954e-02
   3.4792144e-02
   2.8888997e-02
   2.3375977e-02
   3.3000447e-02
   3.1064535e-02
   4.4315506e-02
   1.0756586e-02
  -3.6226807e-03
   1.4107557e-02
   7.6747295e-03
   9.8157618e-03
   8.8867731e-03
   2.2345083e-02
   3.2759503e-02
   4.4819172e-02
   4.3183047e-02
   2.3399139e-02
   1.1831542e-02
   7.9629403e-03
   2.5510179e-02
   7.4872836e-02
   1.2475751e-01
   1.0001178e-01
   7.0536159e-02
   9.2551805e-02
   7.3198020e-02
   6.4660534e-02
   6.4355992e-02
   3.9321281e-02
   3.3166017e-02
   1.5476438e-01
   2.7546135e-01
   2.5692698e-01
   1.4568135e-01
   6.3783847e-02
   2.8117290e-02
   9.7647689e-02
   4.2828345e-01
   8.3266461e-01
   8.1587172e-01
   5.1703304e-01
   1.9364981e-01
   2.9091293e-02
   9.8666564e-02
   3.0726498e-01
   3.8356721e-01
   3.6315569e-01
   2.6920781e-01
   1.7435218e-01
   1.0513251e-01
   7.3673375e-02
   1.9608006e-02
   1.6324917e-02
   9.1159396e-02
   1.5564430e-01
   1.2334038e-01
   9.8827280e-02
   5.7072040e-02
   3.7535921e-02
   1.8372901e-02
   2.9857645e-02
   3.1091347e-02
   4.1385490e-02
   4.8360031e-02
   3.8566642e-02
   1.4451857e-02
   1.9105647e-03
   1.0287799e-02
   3.7045345e-02
   5.3059850e-02
   6.5237351e-02
   8.0750361e-02
   5.5197027e-02
   4.2545959e-02
   1.7852413e-02
   1.7683789e-02
   6.0631158e-03
   1.7402763e-02
   5.2531932e-02
   5.9169602e-02
   5.9961900e-02
   3.5416607e-02
   1.0961239e-02
   2.1414589e-02
   3.2563545e-02
   4.3830123e-02
   2.6225310e-02
   2.9337162e-02
   3.4847762e-02
   2.7127478e-02
   9.1629513e-03
   6.9475076e-03
   1.6428377e-02
   2.3623399e-02
   3.5304133e-02
   3.0419841e-02
   3.6229368e-02
   5.7947148e-02
   4.8653282e-02
   1.4566834e-02
   4.2801327e-03
   1.1921854e-02
   2.9240739e-02
   3.2465663e-02
   3.2274172e-02
   6.0454153e-02
   8.8798404e-02
   2.2970119e-02
   1.3049508e-02
   9.4738211e-03
   2.7400052e-02
   6.1739575e-02
   1.2742692e-01
   1.5062590e-01
   8.6733118e-02
   3.3785380e-02
   2.0666374e-02
   2.6801361e-02
   5.8188446e-02
   7.9192787e-02
   7.3601447e-02
   6.0989026e-02
   3.2146186e-02
   3.7970133e-02
   2.4295297e-02
   3.9799988e-02
   4.6593249e-02
   2.9613240e-02
   1.2459355e-02
   2.7439790e-02
   3.0192710e-02
   4.4732943e-02
   3.9963163e-02
  -1.0066973e-02
   5.8179135e-03
   9.5319161e-03
   1.4923724e-02
   4.4659823e-02
   4.2776212e-02
   2.7475694e-02
   1.5637282e-02
   2.2361057e-02
   3.0419532e-02
   2.5551189e-02
   3.3531789e-02
   9.6534854e-03
   1.2745257e-02
   2.8634792e-02
   2.6359821e-02
   3.3286940e-02
   2.3174373e-02
   2.1062534e-02
   1.4407295e-02
   4.1405372e-02
   2.3522373e-02
   1.3183835e-02
   2.2659214e-02
   3.0862380e-02
   2.2982409e-02
   3.0498605e-02
   2.5470762e-02
   3.0673359e-02
   2.2390239e-02
   7.7182353e-03
   2.8220076e-02
   2.0050632e-02
   4.1592475e-03
   2.2458483e-02
   4.0756121e-02
   2.0811468e-02
   2.3862714e-02
   2.8087523e-02
   1.4497638e-02
   3.5784546e-02
   3.4809314e-02
   2.8162472e-02
   2.6731404e-02
   5.4352205e-02
   4.0366150e-02
   4.9325299e-02
   3.3822473e-02
   2.4260575e-02
   9.5563428e-03
   1.2875327e-03
   3.2798283e-02
   6.2926613e-02
   8.8496730e-02
   5.6659896e-02
   4.1938890e-02
   2.8861545e-02
   3.8211484e-02
   2.7516751e-02
   2.9898012e-02
   2.8225152e-02
   3.7005220e-02
   4.7713432e-02
   1.5417651e-02
   3.9878447e-04
   8.0698375e-03
   1.0054851e-02
   1.0171513e-02
   1.2014098e-02
   1.6556777e-02
   3.4044169e-02
   2.3691719e-02
   3.2956470e-02
   2.7569663e-02
   2.1765711e-02
   3.6649331e-02
   3.5832644e-02
   2.3152841e-02
   1.4160671e-02
   2.0262146e-02
   8.9179398e-03
   1.8424841e-02
   3.8930010e-02
   3.2251995e-02
   3.0671326e-02
   1.8156430e-02
   1.6241226e-02
   1.1288097e-02
   1.0187746e-02
   2.8569052e-02
   3.7403319e-02
   6.5853093e-03
   3.2502927e-02
   4.2020272e-02
   2.9721498e-02
   2.3679817e-02
   3.0372130e-02
   1.3382826e-02
   5.3486978e-03
   2.0038778e-02
   2.3208521e-02
   2.3005165e-02
   3.1183159e-02
   3.2202788e-02
   2.7798172e-02
   2.7063683e-02
   2.9089546e-02
   1.9693324e-02
   5.3891018e-02
   3.6503904e-02
   3.7418883e-02
   3.3550013e-02
   9.4540874e-03
   1.9482374e-02
   3.4149185e-02
   2.5532508e-02
   1.5526991e-02
   2.9627679e-02
   3.0547034e-02
   2.4653098e-02
   2.9506858e-02
   2.6134776e-02
   1.3425402e-02
  -2.2034661e-04
   1.3368097e-02
   5.3577535e-02
   4.3309953e-02
   3.7647255e-02
   1.4385590e-02
   3.1304736e-02
   2.3022207e-02
   2.7047053e-02
   4.9735419e-02
   4.5671497e-02
   3.4393083e-02
   2.9206013e-02
   2.4269408e-02
   2.0037154e-02
   3.3247523e-02
   7.9706879e-03
   1.8890478e-02
   4.5559745e-02
   3.7739877e-02
   3.3331454e-02
   2.3161419e-02
   4.2409800e-02
   3.0468727e-02
   6.1656530e-03
   1.0125100e-02
   3.6511939e-02
   3.4959026e-02
   1.0925056e-02
   2.7440270e-02
   3.8996074e-02
   2.7116418e-02
   1.5684159e-02
   1.8500807e-02
   1.0047722e-02
   3.1183938e-02
   3.6862928e-02
   2.2280170e-02
   2.4181452e-02
   1.1139660e-02
   1.1271068e-03
   2.7329981e-02
   3.2794546e-02
   3.0590406e-02
   2.6293213e-02
   3.2073095e-02
   2.2993298e-02
   2.9972795e-02
   3.8384955e-02
   3.6405321e-02
   1.3406652e-02
   1.5386839e-02
   2.5292076e-02
   4.6588257e-03
   1.1132852e-02
   1.5103754e-02
   2.0192867e-02
   1.9449536e-02
   3.9818238e-02
   1.8479085e-02
   1.9731969e-02
   3.4878235e-02
   1.9218102e-02
   1.8375456e-02
   2.5884531e-02
   3.8283341e-02
   4.2520944e-02
   2.1982372e-02
