   2.3558483e-02
   2.1331435e-02
   1.6209628e-02
   1.2324305e-02
   2.2073718e-02
   2.9829437e-02
   3.2623645e-02
   2.2100035e-02
   2.8949723e-02
   3.7769340e-02
   2.4539877e-02
   2.7103361e-02
   1.2656620e-02
   2.4032582e-02
   4.4459090e-02
   3.2886021e-02
   3.7730563e-02
   3.5411689e-02
   2.8673347e-02
   3.1970490e-02
   2.5852537e-02
   1.4772677e-03
   1.6178664e-02
   2.7159210e-02
   2.1254996e-02
   2.6343409e-02
   4.2512979e-02
   4.0592927e-02
   3.5564642e-02
   5.0706897e-02
   4.6748441e-02
   3.2174755e-02
   9.4896629e-03
   1.7092733e-02
   3.0075356e-02
   3.3015396e-02
   2.2428004e-02
   1.8644301e-02
   3.8405940e-02
   4.5012828e-02
   4.5516428e-02
   3.0833306e-02
   1.8169738e-02
   2.1694219e-02
   2.5667438e-02
   2.7483661e-02
   2.7578620e-02
   2.2709569e-02
   2.4683289e-02
   2.8691141e-02
   3.9313301e-02
   5.2166939e-02
   3.8277667e-02
   1.6848832e-02
   2.3882048e-02
   3.1030703e-02
   2.0358400e-02
   2.0510931e-02
   2.0137556e-02
   2.9725568e-02
   2.0105490e-02
   1.6630935e-02
   1.8852931e-02
   1.3779374e-02
   3.1600256e-02
   2.5077198e-02
   1.9181794e-02
   1.1928576e-02
   1.2836845e-02
   2.4910843e-02
   5.1054414e-02
   3.1478390e-02
   7.9034548e-03
   5.7294890e-03
   3.1989887e-02
   1.1025978e-02
   2.6713567e-02
   2.3062920e-02
   2.0296171e-02
   2.1604804e-02
   1.8857537e-02
   2.4609942e-02
   7.6378826e-03
   1.8049851e-02
   3.6625180e-02
   3.4885779e-02
   3.0783128e-02
   3.1947877e-02
   3.9287649e-02
   2.9749487e-02
   2.7780943e-02
   1.5675647e-02
   1.7314797e-02
   3.0472454e-02
   2.9915577e-02
   2.3107816e-02
   4.4201527e-02
   4.8029710e-02
   3.5469506e-02
   2.4670891e-02
   2.5761997e-02
   3.1567987e-02
   1.3338889e-02
   1.8709568e-02
   2.5516527e-02
   1.0610258e-02
   2.4015373e-02
   1.4579749e-02
   2.5489144e-02
   2.0905497e-02
   1.5875606e-02
   2.4473976e-02
   3.0740505e-02
   4.4624172e-02
   6.4790569e-02
   4.5597464e-02
   4.7655951e-02
   3.3573058e-02
   9.5054386e-03
   1.5583393e-02
   1.0210191e-02
   1.8284200e-02
   1.3286503e-02
   2.0429019e-02
   1.3552008e-02
   1.5853310e-02
   2.8613836e-02
   2.0961808e-02
   3.8715445e-02
   2.8868675e-02
   2.7637737e-02
   1.5937189e-02
   1.6782217e-02
   2.2978658e-02
   1.4367337e-02
   2.4250355e-02
   2.0990560e-02
   5.9230560e-03
   1.1997645e-02
   4.5916591e-02
   3.2886270e-02
   2.7311629e-02
   2.4368474e-02
   3.0912494e-02
   7.8992210e-03
   1.7039280e-02
   1.5686821e-02
   2.2821732e-02
   2.9834082e-02
   3.3215731e-02
   1.7126171e-02
   1.7332261e-02
   2.3214523e-02
   2.4640659e-02
   1.2649904e-02
   2.9664926e-02
   3.3790190e-02
   2.0759838e-02
   2.7507853e-02
   1.9738959e-02
   2.9604459e-02
   4.6900596e-02
   3.9893031e-02
   3.7240434e-02
   2.6617680e-02
   5.2938253e-02
   4.3288622e-02
   3.7576895e-02
   2.6481476e-02
   3.3078410e-02
   2.1630326e-02
   1.8499099e-03
   1.7872412e-02
   2.3092683e-02
   1.7753825e-02
   2.2528397e-02
   1.8029260e-02
   3.5555016e-02
   3.4021806e-02
   1.7326146e-02
   1.8034535e-02
   1.7086528e-02
   1.3204957e-02
   2.6156995e-02
   2.4032870e-02
   1.9854624e-02
   1.6068505e-02
   2.3694947e-02
   4.0378593e-02
   5.1234331e-02
   3.2117218e-02
   1.0512306e-02
   1.3251889e-02
   4.4180028e-02
   2.4791950e-02
   3.2643721e-02
   3.8174324e-02
   3.2152195e-02
   2.2465089e-02
   3.1309489e-02
   4.3918539e-02
   4.0012754e-02
   3.7497066e-02
   2.4587851e-02
   2.2168854e-02
   3.5564043e-02
   3.4960352e-02
   2.9733751e-02
   5.0893094e-02
   5.4759756e-02
   4.4596471e-02
   3.3030201e-02
   1.6542191e-02
   7.8056259e-03
   2.6481591e-02
   4.0748570e-02
   2.7093237e-02
   4.1090198e-02
   3.5530694e-02
   4.0743276e-02
   6.4471491e-02
   3.1826399e-02
   1.3011120e-02
   1.1204813e-02
   3.2030728e-02
   4.1854873e-02
   3.3422019e-02
   4.1528914e-02
   3.8237721e-02
   2.4153393e-02
   1.2943606e-02
   1.2980468e-02
   1.7514315e-02
   2.9815100e-02
   3.2605790e-02
   4.6891235e-02
   6.1531380e-02
   3.9943881e-02
   1.4658160e-02
   3.1067535e-02
   4.4919681e-02
   5.1056102e-02
   5.5755347e-02
   4.8035430e-03
   2.2313643e-02
   2.9801289e-02
   4.0493157e-02
   4.3910380e-02
   2.4105011e-02
   2.9672643e-02
   2.7230574e-02
   2.5602767e-02
   1.4395199e-02
   1.9410672e-02
   1.5621807e-02
   1.9916493e-02
   2.9188437e-02
   4.4993252e-02
   3.2532100e-02
   2.1054758e-02
   2.8711921e-02
   2.4415897e-02
   3.4937572e-02
   1.8789085e-02
   3.0930437e-02
   4.0462978e-02
   5.6070220e-02
   4.6311084e-02
   5.9859961e-02
   4.7085311e-02
   3.8260367e-02
   4.3979965e-02
   1.6548002e-02
   2.9348353e-02
   4.6715245e-02
   3.2829598e-02
   3.9627660e-02
   3.4063578e-02
   3.0783374e-02
   2.1162346e-02
   1.7655389e-02
   1.9482553e-02
   2.3297036e-02
   4.1154392e-02
   3.4390379e-02
   3.1109715e-02
   5.7575636e-02
   3.5130907e-02
   1.6461579e-02
   2.8234962e-02
   3.1673096e-02
   1.9171104e-02
   2.5320111e-02
   2.4650136e-02
   4.1055728e-02
   5.3945050e-02
   4.6899077e-02
   3.4024388e-02
   3.1646818e-02
   3.0186778e-02
   6.4692378e-02
   6.4467177e-02
   3.8261574e-02
   4.4787336e-02
   6.0693324e-02
   4.8478503e-02
   5.8762904e-02
   4.6508849e-02
   3.1276695e-02
   4.6603147e-02
   4.0519673e-02
   3.1729113e-02
   4.9543578e-02
   4.9757589e-02
   4.0745366e-02
   3.6934238e-02
   3.8984086e-02
   3.8385898e-02
   5.3650130e-02
   3.7778545e-02
   4.1013364e-02
   3.7436053e-02
   4.3330356e-02
   4.2332895e-02
   3.0556733e-02
   2.6277233e-02
   3.1917166e-02
   2.7384786e-02
   2.0596279e-02
   2.9838955e-02
   1.7211746e-02
   2.4339626e-02
   9.6652769e-03
   3.6172260e-02
   3.9822225e-02
   1.7416894e-02
   3.1762641e-02
   3.6842242e-02
   1.7970560e-02
   3.2878470e-02
   3.8435824e-02
   1.5785040e-02
   4.1352194e-02
   2.9961511e-02
   5.3149905e-02
   5.9441887e-02
   2.0789312e-02
   1.9537764e-02
   2.5820166e-02
   3.9369632e-02
   2.1357879e-02
   2.7546659e-02
   3.0262373e-02
   2.4003254e-02
   4.6749327e-02
   2.7883038e-02
   4.5293625e-02
   6.3610978e-02
   5.2982379e-02
   2.0697903e-02
   1.2236846e-02
  -5.3224037e-03
   2.0128185e-02
   4.1374687e-02
   5.6479171e-02
   6.5438196e-02
   5.2338563e-02
   4.0711932e-02
   1.3746816e-02
   2.5361378e-02
   1.7215723e-02
   2.7996063e-02
   4.5916781e-02
   1.4718904e-02
   1.8748317e-02
   3.2078508e-02
   3.3985406e-02
   3.4209304e-02
   3.0799711e-02
   4.1248769e-02
   2.7467640e-02
   3.0149452e-02
   4.4026650e-02
   3.6689155e-02
   3.3010211e-02
   2.5652537e-02
   3.5766207e-02
   1.3665622e-02
   2.7052015e-02
   6.6073555e-03
   1.4073589e-02
   4.8343673e-02
   3.0608293e-02
   2.8495951e-02
   1.4009643e-02
   4.6484258e-02
   2.0254396e-02
   2.0441862e-02
   2.0953437e-02
   2.3738662e-02
   4.2007517e-02
   4.3904029e-02
   3.3404853e-02
   2.7332678e-02
   2.1237008e-02
   2.2603322e-02
   3.4792919e-02
   2.9916648e-02
   2.1935148e-02
   3.3508621e-02
   3.3943031e-02
   5.4414891e-02
   4.0478200e-02
   3.2227796e-02
   5.6387339e-02
   7.8954071e-02
   8.2250983e-02
   4.2312931e-02
   4.8934184e-02
   3.6222488e-02
   5.8594964e-02
   3.6498763e-02
   3.3787306e-02
   3.2893699e-02
   4.1585494e-02
   3.3045281e-02
   3.0325754e-02
   9.7638080e-03
   4.0999360e-02
   5.9714790e-02
   4.4258762e-02
   4.7887485e-02
   2.8592665e-02
   2.7253959e-02
   2.9486410e-02
   2.0468112e-02
   1.2981464e-02
   3.2378346e-02
   3.9039668e-02
   4.9780820e-02
   2.0046696e-02
   2.3323042e-02
   1.9778859e-02
   1.1590741e-02
   2.8206753e-02
   2.3856526e-02
   4.1199509e-02
   5.6559905e-02
   3.4823179e-02
   2.0931095e-03
   2.5469165e-02
   2.9895952e-02
   1.2408280e-02
   3.9205864e-02
   4.0386762e-02
   3.6323596e-02
   2.9199492e-02
   1.4557119e-02
   8.1629753e-03
   7.6359762e-03
   2.7107492e-02
   2.9735319e-02
   2.4447123e-02
   2.2028863e-02
   1.0142139e-02
   4.7759619e-03
   1.5872208e-02
   4.7620326e-02
   2.3459451e-02
   2.3358274e-02
   3.9287873e-02
   3.6908228e-02
   3.5372313e-02
   3.7999660e-02
   2.0405078e-02
   1.0025745e-02
   2.8217502e-02
   4.4607084e-02
   6.0431644e-02
   2.3505997e-02
   1.7684793e-02
   3.1491846e-02
   3.9307553e-02
   4.1611541e-02
   3.2083604e-02
   1.2979527e-02
   2.5616208e-02
  -1.1175821e-04
   1.7341210e-02
   4.0816613e-02
   3.9985631e-02
   2.9603407e-02
   2.9504647e-02
   1.4045931e-02
   2.9184859e-02
   5.5203915e-02
   6.3531503e-02
   5.7702281e-02
   4.6961717e-02
   4.1316785e-02
   1.6001984e-02
   1.7391358e-02
   2.8361192e-02
   5.2436437e-02
   3.0216701e-02
   1.8379634e-02
   5.1225396e-03
   8.5426709e-03
   2.1846551e-02
   3.6044888e-02
   3.3289682e-02
   1.3524096e-02
   1.6836243e-02
   2.5537316e-02
   2.7027657e-02
   2.8351814e-02
   2.8072668e-02
   3.0299757e-02
   2.8956743e-02
   2.6503073e-02
   3.1377483e-02
   2.2505452e-03
   1.0563339e-02
   4.2206656e-02
   3.8370956e-02
   1.7408345e-02
   3.4541119e-02
   4.5891371e-02
   1.9557633e-02
   2.4085389e-02
   1.1257920e-02
   2.3918599e-02
   7.2995968e-02
   6.5924905e-02
   2.2774633e-02
  -7.5788158e-03
   2.0850826e-02
   1.0878468e-01
   1.6370907e-01
   1.0242064e-01
   5.8460660e-02
   3.3738304e-02
   3.4325100e-02
   3.7675373e-02
   2.8311979e-02
   4.6233434e-02
   4.8670493e-02
   5.3291064e-02
   2.5955942e-02
   6.7024785e-03
   4.0291164e-02
   4.7567859e-02
   8.4819980e-03
   1.9744478e-02
   2.7673688e-02
   8.8476324e-03
   3.8269155e-02
   4.7700938e-02
   3.6416911e-02
   4.1385591e-02
   1.2415659e-01
   1.1152192e-01
   5.2532714e-02
   4.5038026e-02
   4.9344089e-02
   4.3382641e-02
   1.7603727e-02
   1.5993143e-02
   9.3781866e-02
   9.8702259e-02
   5.2214306e-02
   3.4641195e-02
   1.6257847e-02
   3.4407403e-02
   5.6995396e-02
   6.3783579e-02
   3.4928855e-02
   3.6243896e-03
   9.3951728e-03
   3.6371559e-02
   1.9449145e-02
   7.2507379e-03
   5.1889524e-02
   6.4420387e-02
   3.5752047e-02
   1.1175487e-03
   1.9662345e-03
   5.9148554e-02
   1.8492052e-01
   1.9855194e-01
   9.5316149e-02
   9.4306357e-02
   6.7624919e-02
   5.4508399e-02
   5.2163407e-02
   1.3642645e-01
   5.5122614e-01
   6.7282534e-01
   3.6646399e-01
   1.4810480e-01
   1.3230062e-01
   1.4119450e+00
   4.5847387e+00
   4.3065391e+00
   1.7060448e+00
   4.5538068e-01
   1.9869004e-01
   2.4102025e-01
   3.9116746e-01
   9.1575301e-01
   1.1046330e+00
   5.2635497e-01
   1.3986170e-01
   8.4662177e-02
   1.3051911e-01
   2.0451435e-01
   3.2000455e-01
   3.4546265e-01
   1.8895838e-01
   9.6023783e-02
   5.9830442e-02
   8.1249446e-02
   9.4047353e-02
   9.3687952e-02
   1.9809952e-01
   2.7132118e-01
   1.7424715e-01
   6.3247614e-02
   3.5042960e-02
   3.7630960e-02
   4.3133531e-02
   1.5723767e-02
   3.2265335e-02
   3.7144274e-02
   2.0384686e-02
   6.6897564e-02
   9.6163321e-03
  -2.2358205e-03
   3.5076349e-03
   3.8364241e-03
  -4.9983701e-03
   3.8929605e-03
   2.6938349e-02
   3.5644017e-02
   3.6549814e-02
   1.7101137e-02
   9.5392875e-03
   4.3714013e-02
   1.2066033e-01
   1.3387164e-01
   8.4088489e-02
   4.7723852e-02
   1.8824397e-01
   2.7497092e-01
   1.5171038e-01
   9.3879826e-02
   1.4496231e-01
   1.8508390e-01
   1.3161071e-01
   5.8412984e-02
   4.9534246e-02
   2.5993645e-01
   1.0081706e+00
   1.1554241e+00
   5.4891491e-01
   1.2420715e-01
   9.0856161e-03
   1.7187616e-02
   3.8953863e-02
   2.5215173e-01
   3.1200328e-01
   1.4192076e-01
   3.8080339e-03
  -2.4269285e-02
   1.4657060e-02
   5.1155325e-02
   9.2366464e-02
   7.4256435e-02
   2.8122175e-02
   2.6172667e-03
  -4.2924196e-03
   2.4840293e-02
   3.4455184e-02
   2.7454304e-02
   5.8929279e-02
   4.8620578e-02
   2.9841274e-02
   2.2063812e-02
   4.3241186e-03
   2.1484394e-02
   2.8310269e-02
   1.4896476e-02
   2.8561411e-02
   4.5714233e-02
   5.4137435e-02
   1.9436404e-02
   4.9783014e-02
   3.4544460e-02
   4.0306475e-02
   3.3765376e-02
   3.2308307e-02
   4.3985214e-02
   5.5874687e-02
   7.2306983e-02
   4.1817263e-02
   2.2619126e-02
   1.0876315e-02
   5.2180059e-02
   9.2635043e-02
   8.4225342e-02
   5.9606865e-02
   7.9184391e-02
   1.2833399e-01
   1.0965522e-01
   6.8706490e-02
   1.4145209e-01
   3.2794568e-01
   3.4612933e-01
   1.6074696e-01
   3.0801730e-02
   2.4916472e-01
   1.1539104e+00
   1.6349280e+00
   9.0339965e-01
   3.1556448e-01
   1.0536882e-01
   9.6868642e-02
   1.3978450e-01
   2.9551014e-01
   4.0415165e-01
   2.3807512e-01
   1.0377055e-01
   2.8359864e-02
   1.5122974e-02
   3.2992858e-02
   6.0248625e-02
   9.8304957e-02
   7.4420795e-02
   3.6918432e-02
   1.8950362e-02
   7.0498292e-03
   4.0214706e-02
   2.2247767e-02
   3.2909229e-02
   2.2268012e-02
   2.5933610e-02
   2.0497197e-03
   1.7186068e-02
   1.9659739e-02
   3.2658957e-02
   1.8560709e-02
   1.2191281e-02
   2.5393613e-02
   4.3645397e-02
   2.9896725e-02
   1.7195260e-02
   2.9046332e-02
   4.2416282e-02
   1.5732931e-02
   1.1363162e-02
   2.6792901e-02
   4.6962272e-02
   4.8343688e-02
   1.1004479e-02
   3.1821258e-02
   4.3003511e-02
   6.4715043e-02
   8.1369795e-02
   6.2843554e-02
   5.7311993e-02
   6.3533664e-02
   8.1928127e-02
   7.1063325e-02
   5.5717740e-02
   6.9758631e-02
   1.6398883e-01
   1.7686766e-01
   8.6599693e-02
   5.1508144e-02
   1.1817093e-01
   4.1246969e-01
   5.1786757e-01
   2.8391469e-01
   1.2528582e-01
   7.5346380e-02
   2.6907910e-02
   2.9261257e-02
   8.9889236e-02
   1.2523496e-01
   7.3129699e-02
   1.6862255e-02
   2.4473798e-02
   5.5922642e-02
   3.9561246e-02
   1.6697673e-02
   3.6947720e-02
   1.7749952e-02
   5.2260817e-03
   2.2297358e-02
   1.8515203e-02
   1.2208394e-02
   3.5266824e-02
   2.7624032e-02
   4.5661293e-02
   1.3701594e-02
   1.7209273e-02
   4.2133037e-02
   3.5602018e-02
   1.7177233e-02
   2.5919873e-02
   3.9032616e-02
   3.3395067e-02
   2.1651778e-02
   4.6780929e-02
   3.5518747e-02
   3.9145026e-02
   3.6749147e-02
   3.0865483e-02
   2.5175193e-02
   5.2337792e-02
   3.7978534e-02
   1.1288088e-02
   2.0727349e-02
   3.4509882e-02
   3.6850918e-02
   4.4674497e-02
   1.6924648e-02
   9.0616371e-04
   3.0774442e-02
   4.7628067e-02
   2.1838645e-02
   3.0314464e-02
   3.8463958e-02
   9.3192227e-02
   7.4826106e-02
   6.5439120e-02
   2.7996397e-02
   3.3391245e-02
   1.4821661e-01
   2.1617301e-01
   1.2641628e-01
   6.0457457e-02
   3.1328514e-02
   6.7215845e-02
   8.9579888e-02
   9.9281497e-02
   7.1594626e-02
   5.7556991e-02
   5.0187759e-02
   1.3537133e-02
   5.5360864e-03
   1.4549851e-02
   5.7050377e-02
   7.0990652e-02
   4.9450785e-02
   2.7166048e-02
   2.9105971e-02
   1.7947750e-02
   3.9625201e-02
   3.7257854e-02
   1.1171938e-02
   3.0756002e-02
   4.8469368e-02
   9.6396558e-02
   8.9700371e-02
   5.6820691e-02
   2.2052083e-02
   1.8033473e-02
   2.7741192e-02
   4.5127630e-02
   5.4734316e-02
   4.0654100e-02
   1.3573999e-02
   3.1843524e-02
   3.1681724e-02
   1.2967605e-02
   2.4697520e-02
   2.3753883e-02
   2.8166173e-02
   2.2476969e-02
   2.0999657e-02
   2.2786615e-02
   6.1548492e-03
   2.9954145e-02
   2.6820486e-02
   2.0369515e-02
   3.0945078e-03
   1.8002398e-02
   2.1086227e-02
   2.4483606e-02
   4.1670594e-02
   4.6918899e-02
   3.2819804e-02
   1.6199430e-02
   4.9530294e-02
   5.5240717e-02
   6.3434929e-02
   5.3293295e-02
   4.8598014e-02
   1.6399017e-02
   3.2021876e-02
   2.0663787e-02
   2.5799947e-02
   1.9058716e-02
   2.4082107e-02
   1.5506817e-02
   1.0848041e-02
   2.9025370e-02
   3.1869557e-02
   3.2371119e-02
   2.7674945e-02
   2.5694311e-02
   2.6647804e-02
   2.1066815e-02
   9.0418328e-03
   2.5035726e-02
   2.1087071e-02
   3.5469431e-02
   1.0719644e-02
   1.4042929e-03
   1.5839914e-02
   5.4722186e-02
   2.3878179e-02
   2.9929021e-02
   3.7162606e-02
   3.3509530e-02
   4.3590609e-02
   2.7966565e-02
   3.3814553e-02
   5.9694171e-02
   7.9754576e-02
   4.2208459e-02
   4.0551014e-02
   7.1742348e-02
   4.0555190e-02
   7.6830216e-02
   4.1189030e-02
   3.2432273e-02
   8.7939091e-02
   6.2751532e-02
   7.5295120e-02
   5.6095641e-02
   7.0456728e-02
   1.0913347e-01
   1.2854157e-01
   9.9305473e-02
   7.9412535e-02
   7.9975978e-02
   1.5781347e-01
   1.5442851e-01
   1.7822874e-01
   1.3171305e-01
   1.7494646e-01
   2.5639796e-01
   2.2439697e-01
   1.0516161e-01
   6.6882536e-02
   2.6273188e-01
   3.5230482e-01
   2.6169452e-01
   6.8752795e-02
   5.9683878e-02
   5.7194871e-01
   1.0995367e+00
   8.4998709e-01
   3.1190112e-01
   1.3080297e-01
   3.5674617e-01
   6.1121225e-01
   4.6662328e-01
   3.3857813e-01
   2.0030503e-01
   1.3516358e-01
   1.1165633e-01
   1.0539087e-01
   6.5017395e-02
   4.3462873e-02
   9.8131523e-02
   8.2864925e-02
   3.5334911e-02
   3.8711380e-02
   6.6042222e-02
   7.2476692e-02
   3.7770353e-02
   2.9617263e-02
   1.1184461e-03
   2.2212768e-02
   3.3325121e-02
  -2.6699705e-03
  -3.0945476e-02
   1.2063741e-02
   2.9863568e-02
   3.0851671e-02
   6.2494718e-02
   2.7355120e-02
   2.8504968e-02
   3.1070890e-02
   2.1892212e-02
   1.5941247e-02
   7.2187306e-03
   3.9336275e-02
   1.0435292e-01
   8.7582149e-02
   5.1598340e-02
   5.5070285e-02
   9.3998030e-02
   1.3529761e-01
   1.0643078e-01
   8.3314784e-02
   1.1072295e-01
   1.0799576e-01
   8.8010579e-02
   8.7016352e-02
   1.0214421e-01
   1.3325521e-01
   9.2827164e-02
   3.4100804e-02
   8.5656522e-03
   1.7122225e-01
   4.4692683e-01
   3.6922100e-01
   1.4994602e-01
   5.7450686e-02
   8.4116578e-02
   1.3487428e-01
   1.4244081e-01
   1.3471062e-01
   9.8320447e-02
   7.6847784e-02
   7.7451251e-02
   5.0912075e-02
   5.4784723e-02
   2.0549020e-02
   6.0046017e-02
   4.0410202e-02
   3.5280909e-02
   1.6683616e-02
   2.9257935e-02
  -5.1005179e-04
   4.0765828e-03
   3.0182162e-02
   3.4575392e-02
   6.4236097e-02
   6.4220518e-02
   1.8973673e-02
   8.2087889e-03
   3.0560126e-03
  -1.2629854e-02
   1.1339189e-02
   2.1323791e-02
   4.9356963e-02
   5.5855401e-02
   3.9133530e-02
   4.0217597e-02
   2.3933575e-02
   3.6051575e-02
   5.3582478e-02
   4.9159858e-02
   3.5830915e-02
   3.9545663e-02
   1.1285257e-02
   1.4976379e-02
   8.5660316e-02
   6.4251833e-02
   6.1161898e-02
   7.1068510e-02
   9.8466173e-02
   2.8244328e-01
   4.9301538e-01
   4.1859448e-01
   2.1950294e-01
   8.0681153e-02
   8.3744816e-02
   1.4788088e-01
   3.0858597e-01
   3.8600782e-01
   2.2067106e-01
   1.0305908e-01
   7.0902944e-02
   1.5718745e-01
   2.1016552e-01
   1.7936493e-01
   1.5931201e-01
   6.0695034e-02
   3.7218470e-02
   3.1055994e-02
   3.7063804e-02
   3.2202192e-02
   1.5384079e-02
   1.1491301e-02
   1.2660020e-02
   1.5392169e-02
   1.8574456e-02
   1.8343089e-02
   2.1937175e-02
   2.6052246e-02
   1.3070155e-02
   2.2481231e-02
   2.6878085e-02
   3.8761850e-02
   1.1394891e-02
   1.0025818e-02
   1.2300566e-02
   1.1442022e-02
   3.6132216e-02
   3.9605491e-02
   9.1880737e-03
  -1.0927531e-02
   8.3453478e-03
   1.9931627e-02
   3.2593887e-02
   5.3736381e-02
   3.6166903e-02
   4.0206678e-02
   4.8243593e-02
   1.7202180e-02
   2.4683021e-02
   5.7728518e-02
   4.5780107e-02
   1.3991252e-02
   2.0136965e-02
   4.8429582e-02
   6.0824122e-02
   1.2671314e-01
   1.1990233e-01
   8.5058928e-02
   5.4793287e-02
   5.8359552e-02
   6.0609847e-02
   1.0606375e-01
   1.0938817e-01
   9.7201340e-02
   3.8462326e-02
   5.4745767e-02
   7.1800672e-02
   7.1203083e-02
   5.8969524e-02
   4.2940382e-02
   3.9916836e-02
   4.3230552e-02
   4.4664159e-02
   4.5487370e-02
   3.2235749e-02
   2.7583493e-02
   2.5166947e-02
   2.7428458e-02
   2.8042605e-02
   3.7065547e-02
   2.0291522e-02
   2.0330394e-02
   2.4494499e-02
   1.6055284e-02
   1.9408697e-02
   2.8483912e-02
   2.4851453e-02
   5.2718502e-03
   3.1035931e-03
   1.4416981e-02
   1.9713139e-02
   4.0893197e-02
   9.5023699e-03
   1.5682979e-02
   2.5737299e-02
   1.8439272e-02
   6.7159724e-03
   1.0820935e-02
   1.7379627e-02
   3.3036198e-02
   2.5394903e-02
   2.2615414e-02
   2.2497015e-02
   4.2289760e-02
   2.8429920e-02
   3.0155316e-02
   4.0138543e-02
   2.1941150e-02
   3.5219431e-02
   6.7987479e-02
   9.7901762e-02
   5.6499910e-02
   3.0220754e-02
   3.5340823e-02
   3.2538205e-02
   3.8340278e-02
   7.8614160e-02
   5.8801759e-02
   4.4472359e-02
   3.7787758e-02
   4.3569244e-02
   6.5321542e-02
   9.0621762e-02
   5.6304149e-02
   4.0725898e-02
   2.6938599e-02
   3.4071114e-02
   2.9908022e-02
   2.2056099e-02
   9.1325799e-03
   2.4525888e-02
   3.5025049e-02
   3.0564319e-02
   1.9731034e-02
   3.2116547e-02
   3.5936635e-02
   2.6556592e-02
   4.2764604e-02
   2.5589267e-02
   2.1572921e-03
   2.4613721e-02
   2.3914071e-02
   2.9166834e-02
   2.6790407e-02
   2.1606697e-02
   3.9824780e-02
   5.7316050e-02
   5.4004535e-02
   4.3114141e-02
   4.6698302e-02
   5.0609436e-02
   4.4307381e-02
   3.3778217e-02
   4.5661747e-02
   2.8520254e-02
   1.8669317e-02
   1.3775741e-02
   1.3372612e-02
  -1.3121462e-03
   9.7377431e-03
   1.6765440e-02
  -3.7225543e-03
   1.7910410e-02
   4.5256570e-02
   4.8260894e-02
   5.6871690e-02
   2.6569996e-02
   1.6956130e-02
   2.1611214e-02
   2.7065322e-02
   3.8262110e-02
   4.2746518e-02
   2.1014825e-02
   3.2261640e-02
   5.5838417e-02
   6.6625379e-02
   2.9076140e-02
   4.3658823e-02
   3.4640852e-02
   2.4732135e-02
   3.8098358e-02
   3.6665738e-02
   4.2344071e-02
   1.2806947e-02
   1.4144053e-02
   1.9012559e-02
   2.4558932e-02
   1.6402250e-02
   3.5002228e-02
   1.7673614e-02
   1.9913837e-02
   4.3020729e-02
   3.4383114e-02
   4.6842594e-02
   3.2752231e-02
   2.8776599e-02
   2.9857144e-02
   2.2681935e-02
   2.8662847e-02
   8.3791530e-03
   1.8786412e-02
   1.9882666e-02
   1.0685513e-02
   1.9186117e-02
   1.1259581e-02
   1.3223890e-02
   8.7759951e-03
   3.5734609e-02
   1.7204631e-02
   2.2737423e-02
   2.9401600e-02
   1.1608150e-02
   2.2853227e-02
   2.8163934e-02
   2.3303693e-02
   1.9867171e-02
   3.4829348e-02
   3.7059303e-02
   6.5187857e-02
   4.5179117e-02
   2.5750380e-02
   6.9988486e-03
   1.2009384e-02
   7.4098869e-03
   2.1997856e-02
   2.3561753e-02
   1.3930026e-02
   2.4934193e-02
   5.2521549e-02
   4.9689230e-02
   4.9384907e-02
   2.4601435e-02
   1.9622684e-02
   1.4460725e-02
   1.6221976e-02
   3.5248138e-02
   1.7382994e-02
   1.3722415e-02
   2.0758906e-02
   1.8024119e-02
   3.4884173e-02
   2.7980134e-02
   2.4296056e-02
   2.2942677e-02
   2.6523486e-02
   3.7420899e-02
   3.0970680e-02
   1.2389115e-02
   2.4700528e-02
   8.8002160e-03
   2.0160507e-02
   2.3204835e-02
   2.8636666e-02
   2.1784859e-02
   1.6747925e-02
  -1.9933737e-03
   2.4571793e-02
   1.8173728e-02
   2.3108153e-02
   2.2562901e-02
   1.2342623e-02
   1.6210666e-02
   3.2085661e-02
   6.5670656e-03
   8.5543711e-03
   3.3765428e-02
   3.9394174e-02
   2.7317433e-02
   4.5246802e-02
   3.6788806e-02
   2.9816503e-02
   3.7277356e-02
   4.1192103e-02
   7.7390775e-02
   7.5749412e-02
   4.5316733e-02
   2.6043884e-02
   1.5107933e-01
   3.4395203e-01
   3.0238095e-01
   1.1651401e-01
   3.2685433e-02
   6.5752171e-02
   1.1573801e-01
   1.2887526e-01
   1.1609181e-01
   5.4826461e-02
   1.6670147e-02
   3.1649325e-02
   5.8168072e-02
   4.4146329e-02
   4.1128017e-02
   3.2421995e-02
   1.5485965e-02
   2.2283301e-02
   2.3732947e-02
   2.7396305e-02
   2.9821640e-02
   2.7158901e-02
   2.5182420e-02
   1.4840000e-02
   2.1838976e-02
   5.3102769e-02
   4.3307941e-02
   4.8389360e-02
   1.8873131e-02
   8.5839173e-03
   6.7760595e-03
   3.4340415e-02
   2.1496218e-02
   1.5082949e-02
   2.4853464e-02
   3.1202268e-02
   3.5002116e-02
   1.4894251e-02
  -6.8146242e-03
  -4.8902347e-03
   9.7386055e-03
   3.3449315e-02
   2.9314287e-02
   6.9926353e-03
   4.4699349e-03
   1.5506456e-02
   3.3953995e-02
   3.3091292e-02
   2.9933473e-02
   2.1548871e-02
   2.8781405e-02
   1.6549366e-02
   4.5511089e-02
   7.3140100e-02
   1.0811505e-01
   6.3004777e-02
   2.5034729e-02
   2.5793949e-02
   3.8719274e-02
   5.6905694e-02
   6.6051811e-02
   3.6381595e-02
   2.2384292e-02
   1.4760796e-02
   1.3467954e-02
   2.7096270e-02
   2.4522670e-02
   1.3469150e-02
   1.9450365e-02
   2.0592460e-02
   3.7239369e-02
   1.6654098e-02
   2.0520417e-02
   3.6572438e-02
   3.9849479e-02
   3.2434218e-02
   2.0754466e-02
   1.9438522e-02
   1.4000799e-02
   4.3464329e-02
   3.5540853e-02
   1.4716743e-02
   2.6126625e-02
   2.8408255e-02
   2.1188710e-02
   2.0498116e-02
   3.4089781e-02
   2.1932218e-02
   2.4095319e-02
   2.6936037e-02
   2.2642417e-02
  -3.4543800e-03
   3.2033481e-02
   3.7668027e-02
   2.0096242e-02
   1.1863733e-02
   2.7156062e-02
   2.4072370e-02
   3.3378482e-02
   4.4491865e-02
   3.2426219e-02
   2.5188068e-02
   2.6019564e-02
   2.2946041e-02
   1.8678276e-02
   3.3010971e-02
   3.9429270e-02
   3.2483678e-02
   2.3801209e-02
   1.5507489e-02
   1.7642718e-02
   2.8667413e-02
   1.8714292e-02
   2.0538146e-02
   2.0425057e-02
   9.3689365e-03
   1.5524949e-02
   2.4487685e-02
   2.9579548e-02
   1.5768129e-02
   1.9725276e-02
   1.5905509e-02
   1.0928504e-02
   4.8516626e-03
   1.1975054e-02
   1.3866492e-02
   2.2556517e-02
   1.3917841e-02
   3.2908633e-02
   3.5963546e-02
   2.3741204e-02
   1.8425593e-02
   2.6174720e-02
   2.0430222e-02
   1.6580271e-02
   2.9157680e-02
   3.1491801e-02
   3.2482013e-02
   1.4784009e-02
   2.1652427e-02
   2.8386181e-02
   2.1436580e-02
   3.1659819e-02
   3.7953996e-03
   1.6608698e-02
   3.4991857e-02
   2.7302437e-02
   2.2387218e-02
   2.2078026e-02
   1.2990972e-02
   1.6908050e-02
   1.4986078e-02
   1.9867895e-02
   2.1575995e-02
   1.5345225e-02
   1.1588846e-02
   2.6737392e-02
   1.5293404e-02
   1.7671153e-02
   2.4526635e-02
   6.3121663e-03
   2.7917614e-02
   3.7919302e-02
   3.1473823e-02
   3.9084222e-02
   3.2237977e-02
   3.5077538e-02
   2.5621200e-02
   1.5389846e-02
   2.7246205e-02
   2.2120938e-02
   8.5391030e-03
   4.3197419e-03
   1.7605996e-02
   3.4668665e-02
   2.1761067e-02
   2.4991114e-02
   2.8800081e-02
   2.3618292e-02
   1.9470902e-02
   2.9538469e-02
   2.0659927e-02
   1.3596136e-02
   2.5948316e-02
   1.6083915e-02
   1.8659839e-02
   9.5886197e-03
   5.8006127e-03
   9.3168970e-03
   2.4154840e-02
   3.4652188e-02
   3.0891677e-02
   1.7381370e-02
   2.2353554e-02
   1.7966399e-02
   1.2246132e-02
   3.0250402e-02
   1.6878799e-02
   2.2108136e-02
   3.4705319e-02
   1.9170051e-02
   1.9026048e-02
   1.7795540e-02
   2.4323514e-02
   4.3861073e-02
   4.2390127e-02
   1.4986435e-02
   1.6329229e-02
   2.8854618e-02
   4.4930648e-02
   3.0258523e-02
   2.0929949e-02
   3.1060167e-02
   1.4086681e-02
   3.2802328e-02
   4.1096859e-02
   3.3338726e-02
   1.1536407e-02
   1.9628527e-02
   1.3182601e-02
   3.0191226e-02
   3.6053907e-02
   3.0468628e-02
   5.0872982e-02
   3.7040271e-02
   2.4296241e-02
   2.9014470e-02
   3.3311028e-02
   1.7709862e-02
   3.4559421e-02
   5.6134768e-02
   4.4427425e-02
   9.4273724e-03
   1.3247019e-02
   1.0321523e-02
   2.1731559e-02
   3.7377123e-02
   4.3092523e-02
   4.1851174e-02
   3.4043167e-02
   3.5155438e-02
   2.4605576e-02
   3.6827769e-02
   5.1785987e-02
   2.3847809e-02
   3.1696845e-02
   3.5479546e-02
   1.9161509e-02
   1.5494427e-02
   2.0665187e-02
   2.1290967e-02
   1.5376950e-02
   1.8683841e-02
   3.0072967e-02
   2.9511519e-02
   3.3478789e-02
   1.9266007e-02
   1.6517982e-02
   1.3827423e-02
   2.7170176e-02
   2.9511232e-02
   8.9816432e-03
   1.8012159e-02
   2.4568638e-02
   2.3055596e-02
   3.0467253e-02
   2.2004155e-02
   1.2186727e-02
   1.3912213e-02
   7.7468446e-03
   1.9323153e-02
   1.2596151e-02
   1.9916836e-02
   3.6883771e-02
   1.6101617e-02
   1.6579149e-02
   1.1992233e-02
   1.4965593e-02
   1.7383467e-02
   5.3617787e-03
   2.6684210e-03
   3.0078959e-02
   3.4575354e-02
   2.5779756e-02
   2.8119819e-02
   2.1438947e-02
   2.7694425e-02
   1.3657775e-02
   3.4943223e-02
   1.8625487e-02
   1.2631654e-02
   2.7916661e-02
   1.8768704e-02
   1.7170381e-02
   2.3513619e-02
   2.7758652e-02
   1.5023489e-02
   1.0037634e-02
   1.5622171e-02
   9.2286961e-03
   2.7256848e-02
   3.5232950e-02
   3.6712378e-02
   1.3284854e-02
   1.5627593e-02
   2.7307870e-02
   3.2603487e-02
   1.4935941e-02
   2.1486156e-02
   2.8267140e-02
   2.9517565e-02
   2.4674788e-02
   2.8550092e-02
   4.8234660e-02
   3.4221288e-02
   9.0920459e-03
   4.4987500e-03
   7.3776273e-03
   1.3981166e-02
   1.6381292e-02
   2.2496011e-02
   3.9528459e-02
   3.2282822e-02
   2.6701923e-02
   1.6768353e-02
   1.3364675e-02
   5.2235690e-03
   1.4219142e-02
   2.9606566e-02
   2.8997773e-02
   3.7357524e-02
   2.8355589e-02
   9.9658873e-03
   3.1757406e-03
   1.8370496e-02
   2.4405112e-02
   3.6854032e-02
   3.5241671e-02
   2.5997493e-02
   2.2120990e-02
   2.4759158e-02
   3.3197653e-02
   2.9389596e-02
   3.1683531e-02
   4.1448448e-02
   3.9601792e-02
   2.8001675e-02
   1.2519150e-02
   4.6499278e-03
   9.2721609e-03
   2.1972399e-02
   3.3935737e-02
   5.1056713e-02
   4.0902894e-02
   5.1286973e-02
   4.7302328e-02
   2.1850962e-02
   1.1170079e-02
   7.5339666e-03
   2.0011676e-02
   1.9798705e-02
   1.8345505e-02
   3.6379308e-02
   3.9322790e-02
   5.4123275e-02
   6.3487343e-02
   4.0874925e-02
   2.0302910e-02
   5.3870459e-03
   2.7651167e-02
   1.5684871e-02
   1.4368553e-02
   1.8391062e-02
   1.7507408e-02
   1.7688395e-02
   3.1446319e-02
   1.8926941e-02
   3.1422280e-02
   2.1220289e-02
   1.5921898e-02
   1.7445505e-02
   2.5194608e-02
   2.0048223e-02
   2.8674204e-02
   3.9747156e-02
   1.2388180e-02
   6.0004932e-03
   2.5511125e-02
   3.3881202e-02
   3.4937564e-02
   2.0196918e-02
   2.9161023e-02
   3.7231121e-02
   4.2908806e-02
   5.2875679e-02
   5.3252596e-02
   2.6176725e-02
   2.6364034e-02
   3.4122422e-02
   2.6615256e-02
   1.8300435e-02
   1.2502887e-02
   3.4628138e-02
   9.6433848e-02
   1.5899874e-01
   1.2474064e-01
   8.1770092e-02
   4.4186924e-02
   3.1601589e-02
   1.1786720e-02
  -4.5476286e-03
  -3.2745211e-03
   1.3253952e-02
   2.6439819e-02
   2.6301112e-02
   3.2533661e-02
   3.8215820e-02
   4.0546954e-02
   2.3124071e-02
   1.9212781e-02
   5.6433799e-03
   6.0684760e-03
   2.3510717e-02
   3.2419637e-02
   1.4920698e-02
   1.7233314e-02
   2.7865492e-02
   2.8204521e-02
   1.3652015e-02
   2.6716199e-02
   3.2704197e-02
   2.9172823e-02
   2.5523055e-02
   4.3305740e-02
   1.7744215e-02
   5.1784352e-03
   1.3228184e-02
   2.0490285e-02
   1.9434955e-02
   1.8756095e-02
   2.7244585e-02
   2.7270209e-02
   2.0791825e-02
   1.9846870e-02
   1.2539588e-02
   3.5358998e-03
   1.7206825e-02
   3.3586361e-02
   3.0859903e-02
   2.5359020e-02
   2.9187098e-02
   2.2159377e-02
   2.2509402e-02
   1.7468814e-02
   2.4922872e-02
   1.5393300e-02
   1.7879603e-02
   1.4474567e-02
   9.4330087e-03
   1.1298720e-02
   2.1260304e-02
   2.0486731e-02
   1.6001213e-02
   2.1868333e-02
   2.4465386e-02
   1.2943312e-02
   1.8639587e-02
   2.5389981e-02
   1.9401848e-02
   2.1884812e-02
   1.2963452e-02
   1.1181938e-02
   1.2653216e-02
   2.6403412e-02
   3.3496160e-02
   1.2216562e-02
   4.8940503e-03
   1.7653156e-02
   1.8914063e-02
   3.0302646e-02
   1.9045269e-02
   9.3133729e-03
   1.1246212e-02
   2.0900771e-02
   1.7875718e-02
   2.4725357e-02
   2.1101868e-02
   1.3788885e-02
   1.4156397e-02
   2.1299437e-02
   3.6858652e-02
   3.3132564e-02
   3.3044547e-02
   1.7168444e-02
   1.6464325e-02
   1.2448122e-02
   2.5473407e-02
   2.4321979e-02
   1.4390860e-02
   1.8923452e-02
   4.1354664e-02
   4.1619528e-02
   4.2157736e-02
   2.6980475e-02
   1.3102337e-02
   1.1663315e-02
   2.4663366e-02
   1.8985627e-02
   8.0000814e-03
   6.7215343e-03
   1.2068503e-02
   3.1693265e-02
   2.3322631e-02
   3.1817667e-02
   2.0927740e-02
   1.4099029e-02
   1.6939159e-02
   2.6542552e-02
   2.0696970e-02
   6.0666087e-03
   1.4190499e-02
   1.0834006e-02
   1.1427564e-02
   1.6133236e-02
   1.6606035e-02
   1.3673068e-02
   3.2797456e-02
   2.3892758e-02
   2.9803978e-02
   4.0390220e-02
   3.5308409e-02
   2.3648618e-02
   2.0479379e-02
   2.5907962e-02
   1.3640628e-02
   2.3130128e-02
   4.1450676e-02
   4.9023330e-02
   2.4715979e-02
   4.2497933e-02
   5.0865129e-02
   2.4537681e-02
   1.8556993e-02
   1.6761824e-02
   2.9514894e-02
   3.5819352e-02
   2.9827831e-02
   1.6817503e-02
   3.3795454e-02
   3.0825743e-02
   2.7078584e-02
   5.3047884e-02
   3.8529169e-02
   2.0867046e-02
   1.7028857e-02
   9.2048142e-03
   1.2940850e-02
   1.4229169e-02
   3.0692451e-02
   2.1826308e-02
   4.0415313e-02
   2.7961830e-02
   2.3163820e-02
   2.4262128e-02
   2.4691507e-02
   2.2797750e-02
   2.0135837e-02
   1.6255850e-02
   1.4224715e-02
   3.6034897e-02
   3.5191208e-02
   2.6433308e-02
   2.9104814e-02
   1.4090606e-02
   2.4330778e-02
   2.5388910e-02
   2.2706168e-02
   2.2254467e-02
   2.4441140e-02
   3.1516388e-02
   1.4844975e-02
   2.6579963e-02
   2.2413125e-02
   2.9950034e-02
   3.6868323e-02
   2.0872306e-02
   3.6090832e-02
   3.5066657e-02
   3.0377040e-02
   2.9380349e-02
   2.7654421e-02
   1.2363350e-02
   2.9270705e-02
   2.4130916e-02
   3.7140906e-02
   1.7046295e-02
   4.0547568e-02
   6.3261643e-02
   7.0442155e-02
   6.0578052e-02
   3.2493722e-02
   4.1998699e-02
   6.0895547e-02
   1.6473884e-02
   1.2085940e-02
   1.6972940e-02
   9.6631413e-03
   9.1941776e-03
   1.8560210e-02
   9.2130611e-03
   2.7066065e-02
   2.3344269e-02
   2.2376416e-02
   2.0862902e-02
   1.8243890e-02
   9.8373359e-03
   2.1141084e-02
   2.4522027e-02
   2.8583333e-02
   2.5358472e-02
   2.1427838e-02
   2.7919870e-02
   2.7574422e-02
   3.1565808e-02
   2.5332265e-02
   1.8255766e-02
   2.5036184e-02
   3.2900095e-02
   1.6239805e-02
   2.0616839e-02
   3.4095272e-02
   3.0610178e-02
   1.9405028e-02
   2.4134716e-02
   1.5668184e-02
   2.6375599e-02
   2.4042387e-02
   3.2723956e-02
   1.5533922e-02
   1.5113655e-02
   2.4800327e-02
   3.4652192e-02
   1.9519346e-02
   1.2660584e-02
   9.6998028e-03
   3.0251225e-03
   2.6574736e-02
   2.4643309e-02
   1.6011722e-02
   9.1457693e-03
   2.2000672e-02
   2.7425421e-02
   3.2261372e-02
   2.9578041e-02
   3.6562115e-02
   3.9967544e-02
   4.3631293e-02
   4.9905740e-02
   3.9458234e-02
   2.4929656e-02
   2.9781917e-02
   2.8773606e-02
   2.5601666e-02
   1.6281040e-02
   1.3132849e-02
   7.6886751e-03
   3.1090401e-02
   1.7601548e-02
   1.9284459e-02
   2.9527882e-02
   2.0912070e-02
   1.4171688e-02
   1.8036371e-02
   3.2236669e-02
   1.3721644e-02
   9.2699192e-03
   2.6493287e-02
   3.2682784e-02
   4.4081978e-02
   4.3676078e-02
   4.6370838e-02
   3.6625125e-02
   2.6017420e-02
   2.2657154e-02
   4.7048803e-02
   6.0585190e-02
   4.6598390e-02
   4.0389601e-02
   2.1449642e-02
   1.0655118e-02
   9.5957303e-03
   3.0399591e-02
   2.5098110e-02
   4.7401458e-02
   5.5726860e-02
   1.6174812e-02
   1.7672138e-02
   2.8886601e-02
   3.5894774e-02
   1.6679797e-02
   2.3927512e-02
   2.8805807e-02
   2.2650132e-02
   2.8046554e-02
   1.8319726e-02
   2.7478106e-02
   1.1909298e-02
   3.6755383e-02
   4.0806793e-02
   5.3071544e-02
   3.3324163e-02
   2.6467521e-02
   1.4620953e-02
   1.9999361e-02
   1.4872233e-02
   6.0141506e-03
   1.8204311e-02
   2.8363086e-02
   2.8217701e-02
   3.1253681e-02
   1.9669378e-02
   3.0846793e-02
   2.3412306e-02
   3.0574057e-02
   2.5046878e-02
   2.5751421e-02
   3.6580812e-02
   2.5346695e-02
   1.1073358e-02
   1.8119300e-02
   2.1900250e-02
   5.2772695e-03
   1.9916943e-03
   3.1328246e-03
   1.4166306e-02
   2.2792310e-02
   1.9236891e-02
   3.6521975e-02
   3.6833998e-02
   5.8187738e-02
   2.7678724e-02
   3.7795391e-02
   3.8863052e-02
   2.7949590e-02
   2.6028285e-02
   1.7783139e-02
   7.4633793e-03
   1.9316085e-02
   3.6957655e-02
   3.1760793e-02
   2.0018483e-02
   3.4558371e-02
   2.5914395e-02
   3.1236323e-02
   2.9413464e-02
   2.5574764e-02
   4.2406037e-02
   3.6733065e-02
   3.6170848e-02
   1.9319024e-02
   3.7914816e-02
   3.7453476e-02
   1.7425960e-02
   1.5072973e-02
   4.9753275e-02
   3.0227363e-02
   3.5868466e-02
   2.7732383e-02
   2.0852119e-02
   2.3459964e-02
   2.0544911e-02
  -4.0441235e-05
   3.0468017e-02
   2.3228172e-02
   3.9898939e-02
   4.4545166e-02
   5.7499971e-02
   4.0722113e-02
   2.4364725e-02
   3.9912097e-02
   2.7941674e-02
   1.2243238e-02
   7.1285754e-02
   1.5113640e-01
   1.3455014e-01
   8.7358765e-02
   5.4416265e-02
   3.0030251e-02
   3.0767666e-02
   4.2148419e-02
   4.6010256e-02
   5.7682395e-02
   5.0232619e-02
   4.7957849e-02
   5.5978086e-02
   3.8119543e-02
   1.3939579e-02
   2.5173983e-02
   7.1108088e-02
   8.8503346e-02
   6.0702939e-02
   2.9255349e-02
   4.1316640e-02
   2.2787925e-02
   2.0348655e-02
   5.2208055e-02
   1.2510881e-01
   1.0744515e-01
   6.1077386e-02
   2.0811144e-02
   1.5035500e-02
   1.2088843e-02
   6.1607962e-03
   5.0040637e-03
   3.8827229e-03
   8.4224977e-03
   2.7040696e-02
   5.0392784e-02
   2.7325608e-02
   3.6334846e-02
   2.4151074e-02
   1.7324723e-02
   3.5122484e-02
   2.8663645e-02
   3.9416563e-02
   2.2121821e-02
   1.7202355e-02
   2.1788063e-02
   1.9516734e-02
   3.7955500e-02
   2.5640229e-02
   1.3655884e-02
   2.2106500e-02
   1.3873383e-02
   5.3624497e-03
   1.2601144e-02
   1.3059276e-02
   2.3358837e-02
   2.9015949e-02
   2.6515864e-02
   3.1631675e-02
   2.2387741e-02
   8.6980797e-03
   2.7275534e-02
   2.0651089e-02
   2.0252798e-02
   3.1645633e-02
   5.0121110e-02
   5.5090763e-02
   1.7114438e-02
   1.7377872e-02
   2.5198033e-02
   1.0732182e-02
   3.0035084e-02
   1.9253824e-02
   1.7590551e-02
   3.8111746e-02
   4.5082111e-02
   4.2809024e-02
   4.2492356e-02
   4.9404856e-02
   3.2742467e-02
   3.3437323e-02
   4.7454886e-02
   4.0026203e-02
   3.0451238e-02
   1.9232163e-02
   2.6898015e-02
   3.6546998e-02
   4.8368622e-02
   2.2955116e-02
   2.6248096e-02
   9.5349597e-03
   8.1983330e-03
   4.4754129e-02
   5.5832371e-02
   6.3879944e-02
   3.2687299e-02
   1.1753425e-02
   2.3239100e-02
   3.1105060e-02
   2.7871553e-02
   4.4736885e-02
   4.3044429e-02
   3.8801823e-02
   4.5504872e-02
   1.1653996e-02
   1.7088039e-02
   3.5584170e-02
   4.7057562e-02
   1.0591726e-01
   1.6779155e-01
   1.0636342e-01
   5.7655632e-02
   2.3956535e-02
   4.4053946e-02
   1.1089865e-02
   3.2056805e-02
   5.9345447e-02
   5.0512731e-02
   6.3606694e-02
   7.3225275e-02
   4.2275429e-02
   3.5295624e-02
   2.9707452e-02
   4.0407743e-02
   6.3283995e-02
   7.8906223e-02
   4.6702776e-02
   3.8462453e-02
   2.1377465e-02
   2.7583331e-02
   5.0872080e-02
   3.1229710e-02
   2.2368511e-02
   2.1721490e-02
   2.4582457e-02
   2.4291379e-02
   4.4049326e-02
   3.9367795e-02
   4.3828484e-02
   3.1786073e-02
   2.3369834e-02
   3.8245104e-02
   2.3635976e-02
   6.1149211e-03
   1.5128803e-02
   1.3211015e-02
   1.8187378e-02
   1.9419646e-02
   3.4487262e-02
   2.1082046e-02
   4.7795326e-02
   3.4548506e-02
   3.7862122e-02
   2.5415914e-02
   2.2917947e-02
   4.7994763e-02
   4.5875277e-02
   4.8588969e-02
   4.5697127e-02
   1.9102270e-02
   2.2786614e-02
   5.0157081e-02
   1.6272197e-02
   2.6003893e-02
   3.3477571e-02
   3.0744873e-02
   4.0057011e-02
   3.9990436e-02
   2.9200792e-02
   5.9841208e-02
   5.6864485e-02
   6.7371421e-02
   2.2392347e-02
   8.4976368e-03
   7.9503171e-03
   3.0747952e-03
   1.2088241e-02
   2.8618949e-02
   4.9174197e-02
   1.6393082e-02
   2.4831563e-02
   6.2053978e-02
   4.8029315e-02
   5.4841306e-02
   6.9587320e-02
   2.1567767e-02
   6.1167707e-03
   4.5948904e-02
   1.3153534e-01
   2.3757045e-01
   2.1453567e-01
   1.2107829e-01
   4.1598827e-02
   4.4367000e-02
   2.2592215e-02
   2.3391100e-03
   3.9337367e-02
   5.8379870e-02
   8.0602698e-02
   1.1802810e-01
   1.5662368e-01
   1.1227161e-01
   5.6230020e-02
   6.8372175e-02
   8.1337698e-02
   7.7021189e-02
   1.0206150e-01
   1.0157695e-01
   2.1328723e-01
   1.9385345e-01
   1.1568252e-01
   5.7591271e-02
   7.4955665e-02
   9.3143634e-02
   7.8506790e-02
   1.0072366e-01
   8.3384968e-02
   5.4512016e-02
   3.1434208e-02
   4.6823103e-02
   8.8801436e-02
   5.8214225e-02
   3.1573966e-02
  -2.8913212e-03
  -7.0807813e-03
   7.1758777e-03
   2.1439504e-02
   3.0205797e-02
   3.9026655e-02
   2.3950763e-02
   1.8617688e-02
   2.1386191e-03
   5.6240754e-03
   4.2656079e-02
   4.0449355e-02
   9.6734002e-02
   9.2829265e-02
   7.6284029e-02
   7.4674152e-02
   7.3695697e-02
   3.6984477e-02
   1.2216975e-02
   1.9118613e-02
   6.1183065e-02
   5.8988262e-02
   6.6765472e-02
   9.2500873e-02
   7.1909457e-02
   3.7670348e-02
   5.8553446e-02
   8.4453933e-02
   7.0429742e-02
   3.8900308e-02
   7.9298697e-02
   9.9847756e-02
   5.8980029e-02
   2.7286815e-02
   4.4978313e-02
   6.4451061e-02
   5.5991985e-02
   5.8750886e-02
   5.7873379e-02
   7.5969413e-02
   7.3027276e-02
   4.8161905e-02
   9.3261991e-03
   1.4362928e-02
   2.6408115e-03
   2.0136653e-02
   2.0736463e-01
   5.0939429e-01
   5.6035382e-01
   3.8694283e-01
   2.0227578e-01
   7.7467464e-02
   2.7570574e-02
   1.8159499e-02
   2.3365548e-02
   2.9695120e-02
   5.0682794e-02
   1.1090302e-01
   1.2326351e-01
   8.0073118e-02
   5.9837509e-02
   4.0752254e-02
   4.4805598e-02
   3.2374531e-02
   2.9537721e-02
   4.1864287e-02
   4.3884665e-02
   3.5755079e-02
   1.5182096e-02
   1.8196469e-02
   3.1170428e-02
   4.0031094e-02
   1.0655569e-02
   3.1498179e-02
   4.2930707e-02
   4.0958881e-02
   6.7369059e-02
   9.1584204e-03
   7.2527062e-03
   4.9512401e-02
   6.2101323e-02
   5.9456266e-02
   5.6115400e-02
   4.0594399e-02
   1.2931509e-02
   1.9009083e-03
   3.3915922e-02
   4.6612177e-02
   3.5527740e-02
   3.2207038e-02
   4.7175597e-02
   6.8163939e-02
   6.6754855e-02
   1.0383219e-01
   1.2414071e-01
   1.0639559e-01
   6.6295572e-02
   4.6468329e-02
   2.9241573e-02
   2.2976797e-02
   7.6974660e-02
   1.9580507e-01
   2.3346277e-01
   1.2817430e-01
   7.7204719e-02
   5.1638041e-02
   1.7998580e-02
   2.9179811e-02
   2.7021827e-02
   4.8828054e-02
   6.6028260e-02
   1.1208295e-01
   1.0544240e-01
   8.1224538e-02
   4.6207648e-02
   9.1888152e-02
   1.4964300e-01
   1.0062174e-01
   4.2598423e-02
   1.3267159e-01
   2.2251467e-01
   1.8270341e-01
   7.7814609e-02
   5.2979730e-02
   7.0730887e-02
   5.3442691e-02
   2.5546426e-02
   3.9447758e-02
   3.5229575e-02
   1.7268868e-02
   8.1488052e-03
  -1.2386288e-02
   6.4868312e-03
   2.0867169e-02
   4.7366567e-02
   1.2751372e-01
   1.8771777e-01
   1.3779768e-01
   8.5013278e-02
   3.6044117e-02
   1.7075125e-02
   2.9340822e-02
   3.3853740e-02
   4.1375212e-02
   5.3919986e-02
   7.9188474e-02
   6.9366507e-02
   6.9903798e-02
   1.0365029e-02
   1.9013228e-02
   3.8967006e-02
   4.7442332e-02
   8.5340083e-02
   1.4519538e-01
   1.4606968e-01
   9.8036267e-02
   5.1439136e-02
   2.6935076e-02
  -1.8490168e-03
   2.7340919e-02
   1.4911942e-01
   2.7157438e-01
   2.9348850e-01
   2.3866872e-01
   1.7032710e-01
   8.7395601e-02
   2.6304990e-02
   2.5945084e-02
   6.6062719e-02
   6.1677441e-02
   5.3777233e-02
   7.6537907e-02
   1.2598640e-01
   9.3374595e-02
   5.3671233e-02
   2.1736497e-02
   2.7836399e-02
   5.1256334e-03
   2.6361344e-03
   6.0801536e-02
   1.1896166e-01
   1.3884246e-01
   1.1074714e-01
   7.9634666e-02
   4.6085384e-02
   1.7298704e-02
   4.5536395e-02
   3.7418749e-02
   5.0178465e-02
   6.0286503e-02
   6.4789034e-02
   5.8570080e-02
   5.3378072e-02
   4.3564305e-02
   5.3882487e-02
   1.0538687e-02
   7.7853515e-03
   3.9281126e-02
   6.1911177e-03
   2.0302158e-02
   4.7572594e-02
   5.6413531e-02
   3.7278473e-02
   3.7648734e-02
   9.0713151e-02
   7.8862026e-02
   6.2335487e-02
   7.2168984e-02
   4.9108945e-02
   1.3293078e-02
   2.5253503e-02
   8.1777148e-02
   1.6248570e-01
   2.5917399e-01
   1.9430338e-01
   1.0337593e-01
   3.5279229e-02
   1.1559951e-02
   1.0368838e-03
   1.4265454e-01
   6.5509081e-01
   1.0111927e+00
   8.5254657e-01
   4.7580627e-01
   2.1280581e-01
   6.9269627e-02
   5.0114281e-02
  -2.0420634e-04
   2.0520978e-02
   4.0467460e-02
   8.9536496e-02
   1.4740959e-01
   1.8655217e-01
   1.9898385e-01
   1.1046499e-01
   4.4030979e-02
   2.4239322e-02
   3.0354833e-02
   3.0861022e-02
   4.1093621e-02
   6.8471991e-02
   5.3613443e-02
  -5.5262435e-04
   1.0663172e-02
   6.0356539e-02
   1.1461072e-01
   1.1110357e-01
   1.0386534e-01
   1.4869137e-01
   9.5499888e-02
   3.3114243e-02
   6.1681543e-02
   2.2703820e-01
   5.3144872e-01
   6.4219415e-01
   4.2134628e-01
   2.1737915e-01
   1.3566908e-01
   6.3184135e-02
   6.3353755e-02
   4.7875315e-02
   1.5420711e-02
   2.1085693e-02
   1.2421239e-01
   3.7812901e-01
   4.4760993e-01
   3.4005475e-01
   2.0197037e-01
   9.7379349e-02
  -4.3130978e-03
   8.3120940e-03
   1.1634324e-01
   2.6631221e-01
   3.1915116e-01
   2.8992471e-01
   2.0000181e-01
   1.3972124e-01
   1.1488493e-01
   9.1289334e-02
   7.4767634e-02
   4.0317703e-02
   2.2874638e-02
   1.0341506e-01
   3.5618049e-01
   5.2120739e-01
   5.6167853e-01
   3.6689317e-01
   1.7640169e-01
   7.3576719e-02
   4.0506296e-02
   1.9813608e-01
   8.8383275e-01
   1.7519871e+00
   1.8391161e+00
   1.3899889e+00
   9.2062020e-01
   8.9836502e-01
   8.2464731e-01
   6.2173420e-01
   4.1826257e-01
   1.2805679e-01
   6.2842824e-02
   7.8753221e-01
   3.1827383e+00
   5.7586083e+00
   5.3312817e+00
   3.0125520e+00
   1.3552369e+00
   6.1238796e-01
   3.9806464e-01
   2.5570774e+00
   1.4790708e+01
   3.0102518e+01
   2.9841438e+01
   1.7417627e+01
   7.0372000e+00
   2.1711488e+00
   6.6591537e-01
   1.9136016e-01
  -1.7281298e-02
   2.8566062e-01
   2.4487286e+00
   5.6026092e+00
   6.2211223e+00
   4.1220226e+00
   1.7413201e+00
   4.2258313e-01
  -1.1478403e-01
  -1.6825996e-02
   3.5958031e-01
   6.5076476e-01
   9.6704215e-01
   1.2464267e+00
   1.1630605e+00
   7.0513022e-01
   2.7018544e-01
   1.5877385e-01
   2.3968166e-02
   7.1328372e-02
   2.3068956e-01
   2.3602940e-01
   2.8962567e-01
   3.8365185e-01
   7.5279164e-01
   1.3504292e+00
   1.3186940e+00
   7.0214397e-01
   1.5451433e-01
  -1.0583763e-03
   5.5307768e-02
   1.4696802e-01
   1.5778640e-01
   1.2369726e-01
   1.4746457e-01
   2.1028540e-01
   2.2025275e-01
   2.1271811e-01
   2.5055394e-01
   2.8395194e-01
   2.1549189e-01
   1.0911961e-01
   3.4725767e-02
   6.6277780e-02
   1.5433668e-01
   1.2382279e-01
   6.7838937e-02
  -1.3021841e-02
  -7.5733930e-02
  -1.4939243e-03
   1.3910183e-01
   1.8670748e-01
   1.4802340e-01
  -1.7705524e-02
  -9.6714385e-02
  -1.0787707e-01
   5.5481296e-02
   3.8865736e-01
   8.1055719e-01
   9.3649685e-01
   6.7668122e-01
   2.1644551e-01
   9.4331175e-02
   5.1839000e-01
   1.5628892e+00
   1.9964252e+00
   1.3569847e+00
   6.0829014e-01
   3.4285668e-01
   7.5863326e-01
   1.4792242e+00
   1.5832675e+00
   9.5705825e-01
   5.2547842e-01
   4.6249029e-01
   4.8584595e-01
   8.0843997e-01
   3.8504410e+00
   8.6363459e+00
   9.4228325e+00
   6.0475698e+00
   2.6610503e+00
   8.7709129e-01
   3.8017079e-01
   2.3105991e-01
   1.5013056e-01
   1.7101286e-01
   7.8956825e-01
   1.8611332e+00
   2.2302830e+00
   1.5208936e+00
   7.2993433e-01
   2.0164642e-01
  -1.1953249e-02
  -1.1665379e-02
   1.2566115e-01
   2.6255718e-01
   3.9563903e-01
   4.6980977e-01
   3.7810087e-01
   1.6519171e-01
   5.4870799e-02
   7.5850328e-03
  -3.4397263e-02
   7.7553121e-03
   6.0482308e-02
   1.0876071e-01
   8.7114722e-02
   1.7646374e-01
   3.2318014e-01
   4.1893798e-01
   3.1364694e-01
   9.9251464e-02
   5.2279357e-02
   6.8943873e-02
   9.6053362e-02
   1.1371721e-01
   5.3192273e-02
   2.9881729e-02
   4.2115360e-02
   4.2039499e-02
   3.5950709e-02
   2.5785379e-02
   8.8906065e-02
   1.4526545e-01
   1.1948013e-01
   1.4638232e-01
   1.3368428e-01
   4.1333266e-02
   5.1520385e-02
  -3.0639622e-04
  -2.4529295e-02
   9.5904991e-03
   7.8690261e-02
   1.9499040e-01
   2.8896785e-01
   2.1965338e-01
   1.0668740e-01
  -2.3953094e-04
   1.7723985e-02
   1.3633019e-01
   2.5241467e-01
   5.1299483e-01
   6.1363399e-01
   4.0742046e-01
   1.5118007e-01
   1.5063576e-01
   2.9741526e-01
   5.4149693e-01
   5.8323622e-01
   2.9982060e-01
   2.4823757e-02
   9.8220050e-02
   7.8998786e-01
   1.8284068e+00
   1.9432572e+00
   1.2834541e+00
   5.8525288e-01
   1.9047683e-01
   1.4627942e-01
   1.4098110e+00
   5.4386325e+00
   8.8718700e+00
   8.0652895e+00
   4.7363281e+00
   2.0842927e+00
   7.7805829e-01
   2.4741782e-01
   1.4878176e-01
   1.3657223e-01
   4.1727230e-01
   1.3258308e+00
   1.9647921e+00
   1.8199617e+00
   1.0692234e+00
   4.7515836e-01
   1.4487116e-01
   1.0332419e-01
   1.2845016e-01
   1.9609968e-01
   2.5715202e-01
   3.9415994e-01
   4.0969837e-01
   2.7600417e-01
   1.6990571e-01
   4.2499118e-02
   2.5745368e-02
   5.5316775e-03
   1.7738199e-02
   6.2320810e-02
   7.8287557e-02
   8.7307826e-02
   9.9006757e-02
   1.5057909e-01
   1.6815715e-01
   1.1252888e-01
   4.3593064e-02
   4.1211449e-02
   5.1020913e-02
   5.9942052e-02
   4.2953007e-02
   5.2085783e-02
   4.5203138e-03
  -1.6538521e-03
   4.5835101e-03
   1.0934811e-03
   6.2533252e-02
   5.6036159e-02
   8.4048666e-02
   7.9151586e-02
   8.9609087e-02
   6.3064806e-02
   6.1694469e-02
   5.0794147e-02
   5.9497333e-03
  -7.9092691e-03
   5.2865282e-02
   1.0071073e-01
   1.6578440e-01
   1.6978605e-01
   1.3545150e-01
   5.2697498e-02
   6.2925941e-03
   6.1403032e-02
   1.3645160e-01
   2.6119190e-01
   3.5747179e-01
   2.8820106e-01
   1.5860306e-01
   1.3516818e-01
   1.4594686e-01
   1.8149427e-01
   2.6437122e-01
   2.4574903e-01
   1.3194075e-01
   4.6016276e-03
   2.0214297e-01
   4.9323186e-01
   7.0665127e-01
   5.7121098e-01
   2.6918548e-01
   6.4421825e-02
   2.4590634e-02
   2.9343018e-01
   1.3491310e+00
   2.6193051e+00
   2.6265311e+00
   1.6052424e+00
   7.8140205e-01
   3.3558482e-01
   1.6779980e-01
   5.0187115e-02
   1.2084797e-01
   2.5676811e-01
   5.0614673e-01
   6.8542492e-01
   6.1307389e-01
   4.1759026e-01
   2.7302474e-01
   1.1939236e-01
   5.6252018e-02
   1.0083695e-01
   1.4826205e-01
   1.4960127e-01
   1.8273041e-01
   1.7331415e-01
   1.1758687e-01
   9.4890557e-02
   5.1752705e-02
   1.7154416e-02
   4.4839520e-02
   5.2032363e-02
   4.5472700e-02
   1.9801825e-02
   4.9738698e-02
   6.5052673e-02
   3.9170410e-02
   3.1720959e-02
   3.1583443e-02
   2.7291443e-02
  -1.7067624e-03
   4.3784462e-02
   5.6650076e-02
   5.8354691e-02
   2.7306579e-02
   3.2046314e-02
   4.2760119e-02
   2.0381700e-02
   2.3169646e-02
   3.6308382e-02
   4.3691613e-02
   6.1101876e-02
   6.7464411e-02
   9.5507085e-02
   1.0774984e-01
   9.1806516e-02
   4.3051306e-02
   2.4499265e-02
   5.1323704e-02
   1.1095337e-01
   7.1580559e-02
   6.3159272e-02
   8.5338309e-02
   4.6038717e-02
   2.3683188e-02
   1.5472177e-02
   1.9642649e-02
   7.3494494e-02
   9.3984358e-02
   6.0617890e-02
   4.0943611e-02
   3.4789205e-02
   6.7462444e-02
   9.2908755e-02
   6.7338780e-02
   6.6980369e-02
   4.1781534e-02
   1.8249910e-02
   7.0054904e-02
   1.7359012e-01
   2.9073957e-01
   2.5553787e-01
   1.8326095e-01
   4.1346285e-02
   3.5178661e-02
   8.7445833e-02
   3.6870116e-01
   8.2256138e-01
   9.6249980e-01
   6.4653236e-01
   3.2305273e-01
   1.6074473e-01
   1.7873919e-02
   6.8857479e-03
   3.3949368e-02
   8.1633903e-02
   1.7553924e-01
   2.1443036e-01
   2.2265053e-01
   1.4018343e-01
   7.2613329e-02
   3.7912622e-02
   3.0287001e-02
   3.7143320e-02
   2.2080209e-02
   3.2799520e-02
   5.9539616e-02
   9.2350379e-02
   6.7752168e-02
   7.1456477e-02
   2.5819182e-02
  -4.1679409e-03
   2.3406899e-02
   1.3493432e-02
   7.6962307e-02
   1.0349564e-01
   9.6510045e-02
   5.3164635e-02
   3.5847399e-02
   3.8336944e-02
   1.9527545e-02
   1.0639511e-01
   2.8633416e-01
   3.2197517e-01
   1.8487078e-01
   9.9216692e-02
   1.5039449e-02
   4.1896809e-02
   7.1000703e-02
   7.9630323e-02
   8.1913702e-02
   5.6687362e-02
   9.9773079e-02
   6.1233707e-02
   5.0612282e-02
   5.9032567e-02
   6.1314736e-02
   4.7433365e-02
   4.1676402e-02
   4.3817960e-02
   2.8837938e-02
   8.2851667e-03
   3.1569727e-02
   4.1299228e-02
   2.5841685e-02
   6.6470830e-03
   1.5065352e-02
   3.0549569e-02
   3.3982448e-02
   4.2613834e-02
   5.1132139e-02
   3.4165476e-02
   1.5993992e-02
   5.3010311e-02
   6.3796356e-02
   4.4686563e-02
   4.5486741e-02
   2.7980855e-02
   1.6314624e-02
   1.3782449e-02
   6.2040474e-02
   1.0554238e-01
   1.1661991e-01
   8.9654945e-02
   6.7769654e-02
   2.8327892e-02
   2.6304517e-02
   8.8791788e-02
   2.3735453e-01
   2.8806338e-01
   2.4091579e-01
   1.0959737e-01
   7.5631209e-02
   2.3153283e-02
   1.7643994e-02
  -4.5747668e-03
   3.0024579e-02
   7.6436833e-02
   1.0928037e-01
   7.3683694e-02
   4.8951861e-02
   2.0754011e-02
   3.3048607e-02
   3.8818698e-02
   3.9402619e-02
   4.0377151e-02
   5.2362129e-02
   3.1630863e-02
   1.3476468e-02
   4.3204185e-02
   4.5788832e-02
   3.3458062e-02
   4.7785219e-02
   2.5688730e-02
   2.9606070e-02
   7.8968838e-02
   8.1788667e-02
   6.5738492e-02
   2.0000376e-02
   4.6266366e-02
   3.1932998e-02
   2.5942210e-02
   7.3609412e-02
   1.4261396e-01
   1.8679792e-01
   1.1999252e-01
   5.3594436e-02
   5.3294711e-02
   7.7984430e-02
   7.1672924e-02
   9.7296678e-02
   6.0621768e-02
   1.0444915e-01
   1.2171797e-01
   1.0812601e-01
   9.8725185e-02
   9.8701544e-02
   9.8166943e-02
   6.7371748e-02
   3.7930150e-02
   7.9547353e-02
   9.9281892e-02
   1.1046114e-01
   1.0525435e-01
   5.1374499e-02
   5.1543838e-03
  -1.6633215e-03
   9.3181677e-02
   1.9735549e-01
   2.2091044e-01
   2.2276281e-01
   9.8706320e-02
   2.6434060e-02
   2.7488641e-02
   1.7734613e-01
   3.1677786e-01
   4.2188036e-01
   4.6331480e-01
   2.9597130e-01
   4.3099631e-02
   2.8917415e-02
   1.5647440e-01
   3.5195762e-01
   3.7506923e-01
   4.1785806e-01
   4.4274947e-01
   3.5805854e-01
   3.4199041e-01
   5.8560658e-01
   9.0068275e-01
   8.0537456e-01
   5.1128441e-01
   2.0550166e-01
   3.1967174e-02
   1.8263315e-01
   7.7902675e-01
   1.1944336e+00
   9.3868577e-01
   5.2506918e-01
   1.9246610e-01
  -3.5715029e-02
   1.5764716e-01
   1.3260493e+00
   2.9555521e+00
   3.2891543e+00
   2.2116804e+00
   1.0200335e+00
   2.6337373e-01
   1.7518817e-01
   5.9506458e-01
   9.7793359e-01
   9.9909884e-01
   9.6374601e-01
   8.4417844e-01
   6.2767047e-01
   3.7796000e-01
   3.2755813e-01
   3.9626092e-01
   3.1350186e-01
   3.4107289e-01
   3.3276829e-01
   2.4860536e-01
   2.4695934e-01
   2.7968177e-01
   2.6568189e-01
   1.6109486e-01
   7.6711558e-02
   5.2491654e-02
   8.4777460e-02
   4.8973467e-02
   8.1291221e-02
   6.6138789e-02
   3.7648868e-02
   3.5463575e-02
   3.7512928e-02
   7.4342988e-03
   4.7078479e-02
   7.3346056e-02
   4.1194290e-02
   4.1501958e-02
   4.2623539e-02
   3.1111861e-02
   5.1283956e-02
   3.3921912e-02
   3.5622414e-02
   3.1059869e-02
   1.2113621e-02
   5.4978341e-02
   8.3010830e-02
   1.1482973e-01
   1.2814611e-01
   8.2212895e-02
   3.2996811e-02
   6.3818539e-03
   4.7906771e-02
   1.2833971e-01
   2.2033361e-01
   4.0446645e-01
   3.7366793e-01
   1.6710605e-01
   2.0071974e-02
   2.0957343e-02
   6.9931418e-02
   1.7389162e-01
   3.1474411e-01
   3.2197893e-01
   2.1022998e-01
   1.6854700e-01
   2.8663725e-01
   2.9423118e-01
   2.2534375e-01
   1.4346978e-01
   6.1679270e-02
   5.7313371e-02
   2.0318657e-01
   3.8131577e-01
   4.2168173e-01
   3.1008255e-01
   1.3117045e-01
   2.2258844e-02
   1.5592422e-02
   2.9443613e-01
   1.0882462e+00
   1.5597061e+00
   1.2758288e+00
   6.5606195e-01
   1.6226484e-01
  -3.3353489e-02
   8.9183025e-02
   3.2299134e-01
   4.2386335e-01
   3.7871730e-01
   3.7974072e-01
   3.6839864e-01
   2.0473368e-01
   1.3216355e-01
   1.7915705e-01
   1.3790226e-01
   1.4908676e-01
   1.7330430e-01
   1.0780831e-01
   8.8081785e-02
   1.4147775e-01
   1.8755624e-01
   2.0703043e-01
   1.7182837e-01
   9.1677725e-02
   5.6033686e-02
   9.3281195e-02
   8.3547696e-02
   4.0950317e-02
   2.2944918e-02
   2.7586697e-03
   2.2152768e-02
   5.5401035e-02
   1.2159006e-01
   1.3185208e-01
   7.1412094e-02
   2.4389120e-02
   2.2463238e-02
  -2.7913084e-02
   9.5092243e-04
   4.4153690e-02
   2.6132287e-02
   4.3443151e-02
   7.7231027e-02
   1.1028036e-01
   6.7817509e-02
   5.6896653e-02
   8.6508542e-02
   6.3355021e-02
   3.1532481e-02
   1.3121284e-02
   8.0199488e-02
   1.2537347e-01
   1.6848195e-01
   1.7435434e-01
   1.2955114e-01
   6.4930215e-02
   3.8112346e-02
   4.6205670e-02
   2.6681954e-02
   7.5381659e-02
   1.8060422e-01
   3.8780606e-01
   4.4119525e-01
   3.1019849e-01
   1.5752789e-01
   1.0911004e-01
   5.7545103e-02
   3.1115675e-01
   1.2119017e+00
   2.0413303e+00
   1.8304349e+00
   1.0932056e+00
   5.1636887e-01
   2.4851109e-01
   1.7166667e-01
   3.1087884e-01
   4.0345305e-01
   7.1131009e-01
   1.1627752e+00
   1.1974865e+00
   8.2107329e-01
   3.7780479e-01
   1.1381336e-01
   1.0216275e-02
   1.6236101e-01
   3.1284758e-01
   3.7026468e-01
   3.3440667e-01
   3.0442372e-01
   1.9549161e-01
   1.0232467e-01
   8.2180753e-02
   6.5813757e-02
   9.4635062e-02
   8.1676781e-02
   8.6636685e-02
   9.8862119e-02
   1.1900557e-01
   9.0343490e-02
   8.9992121e-02
   6.0859293e-02
   8.1503771e-02
   7.9775557e-02
   5.8683611e-02
   8.4292658e-02
   4.7628887e-02
   3.9018836e-02
   2.4303379e-02
   1.6348263e-02
   2.4871096e-02
   2.8340109e-02
   6.2541738e-02
   4.2369425e-02
   6.3752048e-02
   4.9171608e-02
   1.3411205e-02
   9.7139779e-04
   1.1751159e-02
   1.9389825e-02
   1.9599779e-02
   3.8243528e-02
   4.5458648e-02
   5.6524936e-02
   4.5213301e-02
   4.8699386e-02
   5.7007585e-02
   1.1039580e-02
   3.4059487e-02
   7.6313704e-02
   9.9336728e-02
   7.9490274e-02
   8.5064575e-02
   8.3985023e-02
   7.4392460e-02
   2.1354038e-02
   4.2712085e-02
   3.1122254e-02
   6.5610677e-02
   1.0168236e-01
   1.5395616e-01
   1.2941624e-01
   6.5247677e-02
   4.0845372e-02
   9.8158568e-03
   2.4233663e-02
   7.8665942e-02
   3.7011570e-01
   5.4926986e-01
   4.7526067e-01
   3.0120277e-01
   1.4312534e-01
   4.7125529e-02
   1.4339169e-02
   7.2556004e-02
   1.1440414e-01
   2.3920548e-01
   4.3352219e-01
   4.4168055e-01
   2.8123870e-01
   1.0325567e-01
   1.8055864e-02
   2.2494525e-02
   5.5354271e-02
   1.2452596e-01
   1.2721662e-01
   1.5969914e-01
   1.3655855e-01
   1.0035747e-01
   6.6753902e-02
   6.0264364e-02
   5.4917827e-02
   3.9841659e-02
   4.5708884e-02
   4.6734855e-02
   1.7778181e-02
   3.1393770e-02
   2.4371199e-02
   1.1291321e-02
   1.9499643e-02
   1.5314768e-02
   3.9418571e-02
   4.8813697e-02
   4.0799674e-02
   1.9872265e-02
   1.2143332e-03
   7.0603923e-03
   2.2633791e-02
   4.0456071e-02
   5.8470346e-02
   3.5761449e-02
   4.7845740e-02
   2.0177126e-02
   2.6105639e-02
   2.9485237e-02
   4.5019496e-02
   3.6618397e-02
   2.7044035e-02
   1.8316597e-02
   2.1948837e-02
   3.2718662e-02
   1.3327533e-02
   2.2691483e-02
   2.0680498e-02
   1.3168230e-02
   9.7987326e-03
   2.4797631e-02
   2.2653004e-02
   4.7995549e-02
   2.6879063e-02
   2.5332211e-02
   2.8870890e-02
   1.6081179e-02
   7.2250972e-03
   2.8861163e-02
   4.6495300e-02
   4.0417209e-02
   6.9488794e-02
   9.4966017e-02
   4.9876437e-02
   2.4138244e-02
   1.6643148e-02
   1.5635097e-02
   6.8479277e-02
   1.3049991e-01
   2.1046199e-01
   2.2889575e-01
   1.4971882e-01
   7.9959832e-02
   1.1710398e-02
   1.8282818e-02
   4.2758442e-02
   4.6670340e-02
   1.2985954e-01
   1.7309019e-01
   1.4105700e-01
   7.9931125e-02
   4.0261272e-02
   1.8989626e-02
   1.0066221e-02
   3.2704551e-02
   6.4757459e-02
   7.0892483e-02
   8.1736073e-02
   6.9880791e-02
   2.4544161e-02
   3.0468242e-02
   1.5695812e-02
   7.9859179e-03
   2.5216684e-02
   2.7197825e-02
   3.3797953e-02
   2.3831673e-02
   2.9614689e-02
   2.3942644e-02
   2.0676611e-02
   1.8439952e-02
   2.1263991e-02
   4.0460572e-02
   3.2098044e-02
   1.4902835e-02
   1.7934006e-02
   2.7911600e-02
   3.2404717e-02
   2.2733854e-02
   8.4535694e-03
   2.9422974e-02
   2.3546506e-02
   2.6480122e-02
   1.2475663e-02
   2.3615740e-02
   3.2924123e-02
   1.8177075e-02
   2.7613448e-02
   1.7802529e-02
   2.1572502e-02
   1.4743273e-02
   1.3526051e-02
   2.0588633e-02
   1.4775383e-02
   2.0733498e-02
   3.2187779e-02
   9.7882561e-03
   3.1088298e-02
   3.6996897e-02
   1.1997859e-02
   1.7805686e-02
   2.4549011e-02
   2.4031751e-02
   3.2651197e-02
   2.0774841e-02
   1.3772740e-02
   1.4802333e-02
   2.3435580e-02
   3.4793966e-02
   3.4199189e-02
   5.2724972e-02
   4.1584734e-02
   1.3217847e-02
   2.3623204e-02
   2.5259700e-02
   6.6735581e-02
   1.0287255e-01
   6.3169695e-02
   2.9584497e-02
   3.1766325e-02
   4.6314869e-02
   2.3212375e-02
   2.1389283e-02
   3.9516430e-02
   5.0470702e-02
   5.7634465e-02
   6.6832319e-02
   3.5515729e-02
   4.9015395e-03
   9.3473122e-03
   1.9489430e-02
   2.2319376e-02
   1.9114004e-02
   4.3257978e-02
   2.6728125e-02
   1.5006487e-02
   2.3467831e-02
   2.3943817e-02
   2.8131591e-02
   2.0394322e-02
   3.3438925e-02
   2.3999654e-02
   2.4700759e-02
   2.6542233e-02
   8.7952735e-03
   1.7708840e-02
   3.2756485e-02
   1.8623197e-02
   1.3756299e-02
   1.5491563e-02
   2.5853163e-02
   1.2109622e-02
   1.4105000e-02
   2.0397745e-02
   1.6276695e-02
   2.1753382e-02
   1.9357029e-02
   4.6844233e-02
   3.9105248e-02
   1.6202614e-02
   1.1189721e-02
   1.1579919e-02
   2.4845151e-02
   3.3114001e-02
   2.8400371e-02
   2.8028792e-02
   1.6881092e-02
   1.3876862e-02
   2.8954633e-02
   3.2878429e-02
   2.9846922e-02
   1.7082978e-02
   3.2400966e-02
   2.1515785e-02
   2.0413823e-02
   2.0976534e-02
   3.4259867e-02
   2.4460685e-02
   1.4695565e-02
   2.1968426e-03
   1.0934020e-02
   2.1340907e-02
   2.3187499e-02
   2.7379811e-02
   2.6955338e-02
   2.1551818e-02
   1.7832763e-02
   2.8437074e-02
   2.7564734e-02
   1.7325962e-02
   2.2900922e-02
   3.4051768e-02
   3.2888751e-02
   1.4537415e-02
   1.8270232e-02
   1.8765215e-02
   2.3166109e-02
   1.9403292e-02
   2.1182476e-02
   1.4856865e-02
   2.4452223e-02
   4.5077965e-02
   3.6398984e-02
   3.1166157e-02
   3.2470811e-02
   2.3762465e-02
   1.8239900e-02
   3.2099634e-02
   4.8787747e-02
   4.9463328e-02
   4.2360865e-02
   1.6827993e-02
   3.0389172e-03
   1.3131572e-02
   3.9746992e-02
   3.2123804e-02
   2.9748753e-02
   1.8680379e-02
   6.6441908e-03
   4.6857600e-03
   6.0744467e-04
   4.9151368e-03
   1.6064813e-02
   3.6401242e-02
   3.1795457e-02
   3.7109025e-02
   3.3864047e-02
   2.8683541e-02
   2.7450355e-02
   1.2347003e-02
   2.6075188e-02
   4.2969134e-02
   8.3872527e-02
   5.2845981e-02
   3.5352539e-02
   2.8600933e-02
   9.2347469e-03
   1.3169965e-02
   2.5814373e-02
   2.7965663e-02
   3.5190437e-02
   3.7580159e-02
   1.7187750e-02
   4.9994639e-03
   2.1854440e-02
   1.5225588e-02
   2.0337887e-02
   1.8127657e-02
   8.8869333e-03
   1.4685984e-02
   8.9366790e-03
   5.5784723e-03
   2.9140687e-02
   5.8273170e-02
   3.5515033e-02
   3.3231907e-02
   2.0953882e-02
   1.6686017e-02
   3.4868795e-02
   5.0478525e-02
   7.6828964e-02
   8.0343336e-02
   5.5014040e-02
   5.7995111e-02
   5.7542335e-02
   6.4759180e-02
   4.0245537e-02
   1.4362083e-02
   2.5890751e-02
   1.1307602e-01
   2.6695162e-01
   3.1062505e-01
   1.9102114e-01
   5.5139922e-02
   3.1075818e-03
   9.1617525e-02
   5.2868718e-01
   1.1388960e+00
   1.2514998e+00
   7.6426828e-01
   3.2583693e-01
   1.1407187e-01
   8.6163849e-02
   1.7569964e-01
   2.5557598e-01
   2.9614717e-01
   3.4566468e-01
   3.2214597e-01
   1.4467613e-01
   4.8085421e-02
   1.9230898e-02
   3.3052851e-02
   6.9177277e-02
   7.7751316e-02
   8.9676201e-02
   5.3901162e-02
   5.3250238e-02
   1.8228410e-02
   8.4637105e-03
   2.3663964e-02
   2.6948020e-02
   2.4504548e-02
   3.7069343e-02
   4.3432187e-02
   3.1634327e-02
   1.2330532e-02
   1.8873841e-02
   3.0078446e-02
   3.5690602e-02
   3.2624986e-02
   4.4945654e-02
   2.8051721e-02
   7.5106872e-03
   2.5549287e-02
   1.2149553e-02
   1.5825542e-02
   4.0544543e-02
   4.0787645e-02
   5.1809222e-02
   4.9050536e-02
   3.7628088e-02
   3.0744379e-02
   1.7651090e-02
   8.0311084e-03
   2.7074832e-02
   2.3506258e-02
   2.0503744e-02
   3.0663850e-02
   2.6085062e-02
  -3.1649673e-03
   1.1956012e-02
   1.0533877e-02
   3.0097716e-02
   3.6707297e-02
   4.8867553e-02
   5.3054318e-02
   4.3110877e-02
   5.4734796e-03
   9.7090332e-03
   2.9215019e-02
   3.2191779e-02
   1.0983957e-02
   1.1089941e-02
   5.4287769e-02
   8.5782848e-02
   7.4274354e-02
   4.2273834e-02
   3.0698089e-02
   2.5840372e-02
   4.0673513e-02
   1.1024188e-01
   3.3395860e-01
   3.7769407e-01
   2.3705885e-01
   1.1161198e-01
   2.8276298e-02
   1.7659660e-02
   3.7200294e-02
   3.4334406e-02
   7.1167469e-02
   1.0793774e-01
   1.0579376e-01
   6.2059850e-02
   2.5456544e-02
   1.0269358e-02
   8.9733144e-03
   2.5969079e-02
   2.9645206e-02
   2.2991130e-02
   2.1587266e-02
   3.5381407e-02
   6.9117285e-03
   2.4546268e-03
  -8.9972233e-04
   1.9914979e-02
   3.3826295e-02
   3.5470057e-02
   4.2388298e-02
   1.5002911e-02
   1.8344793e-02
   1.6878055e-02
   2.1865256e-02
   3.2817207e-02
   3.0462781e-02
   1.8475309e-02
   1.0274327e-02
   4.8102895e-03
   2.0963021e-03
   1.1124344e-02
   1.3497132e-02
   1.0277336e-02
   3.1062551e-02
   4.1265581e-02
   3.2907709e-02
   2.8452728e-02
   1.4804731e-02
   2.0440634e-02
   3.1607520e-02
   1.4860003e-02
   2.5858553e-02
   1.6570043e-02
   1.8637400e-02
   2.5017183e-02
   1.6651215e-02
   2.6972242e-02
   2.5898876e-02
   1.6219266e-02
   8.2172975e-03
   1.1621679e-02
   1.3533426e-02
   1.8177327e-02
   2.6149992e-02
   1.6808782e-02
   2.6328374e-02
   3.5294998e-02
   1.3106225e-02
   4.9064583e-03
   3.0508231e-02
   4.4918738e-02
   2.6957748e-02
   2.8229054e-02
   1.7990289e-02
   1.8513190e-02
   2.3047516e-02
   8.1565164e-02
   1.3224170e-01
   1.3154662e-01
   8.7936193e-02
   4.1347869e-02
   3.4079447e-02
   3.0647514e-02
   3.3098120e-02
   5.8849741e-02
   6.6511393e-02
   5.0647400e-02
   4.3788183e-02
   3.5064299e-02
   1.6530780e-02
   1.4748626e-02
   1.6208595e-02
   1.9160312e-02
   2.7756834e-02
   2.6505541e-02
   2.3014832e-02
   1.8644450e-02
   2.6221814e-02
   1.2849236e-02
   4.6315361e-03
   4.0474720e-04
   1.3174322e-02
   2.1690955e-02
   3.9367113e-02
   1.9842695e-02
   2.0058682e-02
   1.1123286e-02
   1.7600922e-02
   1.8204086e-02
   1.4495888e-02
   1.3606407e-02
   2.8220961e-02
   2.5632989e-02
   1.1037271e-02
   2.0283030e-02
   1.5067773e-02
   1.7287245e-02
   1.8323012e-02
   1.7870301e-02
   9.1349911e-03
   2.0997359e-03
   1.9233583e-02
   8.4762396e-03
   5.5253678e-03
   1.4109372e-02
   2.2470539e-02
   4.5052126e-02
   1.5327797e-02
   2.0009434e-02
   1.2251744e-02
   1.5822060e-02
   1.8060794e-02
   3.4770552e-02
   3.0370215e-02
   2.1549376e-02
   1.8689839e-02
   2.2832414e-02
   3.9730787e-02
   2.7951365e-02
   2.2105664e-02
   1.5753435e-02
   3.5975318e-02
   4.1319657e-02
   3.0757032e-02
   3.3738010e-02
   4.0861644e-02
   3.4284186e-02
   1.3381895e-02
   7.6396209e-03
   3.1852853e-02
   7.4323341e-02
   4.8179492e-02
   3.0379763e-02
   3.4260411e-02
   2.5861045e-02
   1.9185510e-02
   2.1808667e-02
   2.0744789e-02
   3.2718338e-02
   4.2084433e-02
   2.4313724e-02
   1.4961706e-02
   2.7254699e-02
   2.4538068e-02
   1.6261602e-02
   4.2595033e-02
   2.5810979e-02
   1.2277675e-02
   1.7010201e-02
   1.6002644e-02
   2.0613544e-02
   2.1730576e-02
   1.5949916e-02
  -1.7468999e-03
   8.1084678e-03
   9.0703758e-04
   1.0352953e-03
   1.6793413e-02
   2.9134532e-02
   1.7821420e-02
   2.6706150e-02
   4.2740144e-02
   2.7292080e-02
   3.4006823e-02
   1.0905216e-02
   1.0514545e-02
   9.8551903e-03
   1.3290184e-02
   2.2501437e-02
   1.2045928e-02
   1.3857831e-02
   1.1233796e-02
   1.7422365e-02
   2.2806240e-02
   2.6994631e-02
   4.3127216e-02
   4.3686032e-02
   1.8598944e-02
   2.6596028e-02
   2.8777160e-02
   3.0858284e-02
   1.2588191e-02
   1.7036097e-02
   2.2523466e-02
   2.3076400e-02
   4.8846137e-02
   3.1908985e-02
   1.9024331e-02
   2.4298334e-02
   3.2060809e-02
   9.9008353e-03
   1.1708706e-02
   8.2736276e-03
   4.7419807e-03
   2.4755655e-02
