   1.1718555e-02
   1.4455303e-02
   1.5144258e-02
   1.5981678e-02
   1.4407929e-02
   4.9104495e-03
   2.8678708e-02
   2.4484636e-02
   3.6966078e-02
   4.1696351e-02
   2.1728234e-02
   1.5533958e-03
   1.2386367e-02
   2.0933071e-02
   9.9846022e-03
   1.7332818e-02
   2.5606973e-02
   3.6290117e-02
   3.5529021e-02
   2.4083097e-02
   2.8961528e-02
   2.3174765e-02
   5.9687784e-03
   2.0227395e-02
   3.8785622e-02
   3.3606704e-02
   3.5924025e-02
   3.9356228e-02
   2.6725575e-02
   2.3893515e-02
   3.2748271e-02
   2.6634272e-02
   2.1839261e-02
   1.4139535e-02
   1.4104174e-02
   4.0644784e-02
   4.2275783e-02
   3.5272323e-02
   2.3508716e-02
   8.7917466e-03
   3.0444438e-02
   3.8070068e-02
   2.3396045e-02
   2.4927421e-02
   2.5868766e-02
   1.5219916e-02
   1.5174295e-02
   1.3305969e-02
   1.2532944e-02
   1.2172923e-02
   3.4177147e-02
   4.2257771e-02
   2.7393410e-02
   6.3781464e-03
   1.2051422e-02
   3.1857658e-02
   2.9627724e-02
   2.6571445e-02
   2.8933330e-02
   2.2789320e-02
   2.2418363e-02
   1.0390751e-02
   1.8485550e-02
   5.8216290e-03
   2.1655228e-02
   2.0462574e-02
   2.6026076e-02
   1.4099281e-02
   1.7421810e-02
   1.4489679e-02
   3.5642568e-02
   3.2988764e-02
   2.4130769e-02
   1.6900688e-02
   1.9093379e-02
   3.3118095e-02
   4.1751485e-02
   2.1068238e-02
   4.8729081e-02
   3.1551961e-02
   1.7692611e-02
   1.6566660e-02
   1.9445024e-02
   2.7860260e-02
   3.5241324e-02
   4.1687809e-02
   4.2099632e-02
   2.6693419e-02
   7.7082794e-03
   2.4984593e-02
   5.0551705e-03
   1.1161120e-02
   2.0449569e-02
   2.4388988e-02
   2.5455182e-02
   2.1589348e-02
   3.8977712e-02
   4.8506238e-02
   3.6921639e-02
   3.0636165e-02
   1.1573095e-02
   3.4676429e-02
   1.8106284e-02
   1.9295460e-02
   8.4464299e-03
   1.6320977e-02
   3.9518248e-02
   3.4334525e-02
   4.4841494e-02
   1.5145397e-02
   1.5846532e-02
   1.7776458e-02
   2.7961312e-02
   3.2296967e-02
   4.8230749e-02
   3.9870005e-02
   3.7208103e-02
   2.4621803e-02
   4.3460868e-02
   5.0013203e-02
   9.8266834e-03
   2.5942570e-02
   2.5335209e-02
   2.1322032e-02
   1.1930522e-02
   2.6302524e-03
   9.4550718e-03
   1.0431745e-02
   2.3504112e-02
   2.8400404e-02
   2.4690419e-02
   2.2605926e-02
   1.0150998e-02
   1.6330615e-02
   1.9849574e-02
   1.7729912e-02
   1.5664967e-02
   2.6783632e-02
   4.4792786e-02
   3.4600053e-02
   2.6953209e-02
   4.4668224e-02
   3.1711433e-02
   1.8391363e-02
   1.9098243e-02
   2.2074644e-02
   2.3605008e-02
   1.2018600e-02
   2.0544913e-02
   4.5352560e-02
   4.6342943e-02
   2.3971993e-02
   3.0482313e-02
   2.1054704e-02
   1.7959641e-02
   7.4447547e-03
   2.0392871e-02
   2.6354235e-02
   2.8264297e-02
   2.5161028e-02
   3.3086419e-02
   2.8585717e-02
   2.3125021e-02
   1.2977916e-02
   1.8148685e-02
   2.4672719e-02
   5.9152758e-03
   9.5519638e-03
   1.5038635e-02
   4.5158289e-02
   3.0103965e-02
   2.5119994e-02
   2.5943527e-02
   1.7576039e-02
   3.9109506e-02
   2.4268154e-02
   1.8633612e-02
   1.5208828e-02
   2.6851023e-02
   5.4148022e-02
   5.2264560e-02
   4.8986498e-02
   3.3693966e-02
   2.8468942e-02
   4.5390174e-02
   2.4183396e-02
   2.0438104e-03
   1.7030843e-02
   2.1442229e-02
   3.7737891e-02
   3.7144955e-02
   3.0729167e-02
   3.7681278e-02
   3.4647427e-02
   2.9783996e-02
   2.6031340e-02
   1.2265209e-02
   1.3174798e-02
   2.9850304e-02
   4.8204489e-02
   3.3445984e-02
   2.5566703e-02
   3.5959210e-02
   4.5476612e-02
   5.4320723e-02
   4.0504672e-02
   2.6140578e-02
   3.8895190e-02
   5.0438922e-02
   4.2025294e-02
   4.9618937e-02
   2.8059354e-02
   3.5993170e-02
   3.3141024e-02
   5.5758432e-02
   4.3035280e-02
   4.7749154e-02
   4.4121515e-02
   3.0208362e-02
   4.9506016e-02
   5.9825670e-02
   4.5989230e-02
   2.6384560e-02
   1.8979969e-02
   4.9849097e-02
   3.9014846e-02
   3.2749925e-02
   2.5994610e-02
   3.9137073e-02
   4.0945258e-02
   3.1292174e-02
   2.0302670e-02
  -1.9624508e-03
   1.1733847e-02
   1.7581765e-02
   3.6071341e-02
   4.2856213e-02
   5.8143858e-02
   3.9063431e-02
   1.7098937e-02
   2.2787079e-02
   5.9506956e-02
   5.1182538e-02
   1.9515479e-02
   1.8339206e-02
   6.7047854e-03
   2.5829444e-02
   4.0427234e-02
   1.5721271e-02
   2.0892030e-02
   4.5856707e-02
   4.7949150e-02
   2.9385319e-02
   2.6959339e-02
  -1.4286434e-03
   4.2657377e-03
   2.0470705e-02
   3.4159519e-02
   2.7487164e-02
   1.8250026e-02
   2.0334184e-02
   2.4184581e-02
   2.8734000e-02
   2.3094676e-02
   3.7545487e-02
   2.3863144e-02
   2.7932378e-02
   4.8852719e-02
   2.1380454e-02
   1.6819004e-02
   2.1566851e-02
   2.6347404e-02
   3.3014268e-02
   2.2667957e-02
   2.1365361e-02
   3.9488152e-02
   3.1718388e-02
   3.7557922e-02
   2.8016841e-02
   2.0561710e-02
   7.1894466e-03
   1.8974651e-02
   3.1427506e-02
   2.9772924e-02
   3.9661407e-02
   3.3766925e-02
   4.4694748e-02
   1.7903369e-02
   4.3646179e-02
   1.6058767e-02
   2.4744662e-02
   9.1562420e-03
   2.8013339e-02
   4.3343920e-02
   3.1421673e-02
   4.7799259e-02
   2.9389510e-02
   2.4717603e-02
   3.6934964e-02
   2.5802888e-02
   2.3637064e-02
   3.5001516e-02
   3.8232572e-02
   2.9791567e-02
   3.7696566e-02
   2.8436268e-02
   3.5661452e-02
   4.4623043e-02
   3.3860166e-02
   1.8510044e-02
   5.0267391e-02
   3.6078751e-02
   1.3665544e-02
   1.2800237e-02
   1.6998116e-02
   2.4420571e-02
   2.1372341e-02
   4.4659168e-02
   3.9641365e-02
   4.0101737e-02
   4.6801351e-02
   3.6811985e-02
   2.7604798e-02
   2.1896943e-02
   2.8120592e-02
   2.3747608e-02
   4.7670202e-03
   2.7428968e-02
   3.3662360e-02
   1.4210463e-02
   6.5156999e-03
   7.7368557e-03
   2.0421090e-02
   3.4705009e-02
   3.5022479e-02
   3.0788599e-02
   2.7063675e-02
   2.3865899e-02
   4.4190176e-02
   1.2607213e-02
   1.4420701e-02
   3.3500392e-02
   2.7764399e-02
   1.1324043e-02
   1.6483717e-02
   1.2796238e-02
   1.4634573e-02
   1.2503036e-02
   2.0134270e-02
   2.9580474e-02
   1.3231652e-02
   3.1026695e-02
   2.9907260e-02
   3.3416931e-02
   3.4244176e-02
   2.4102872e-02
   1.7331669e-03
   3.6083166e-02
   8.2608908e-02
   4.2164091e-02
   3.0824028e-02
   7.7338712e-03
   1.3413845e-02
   2.4802165e-02
   3.4178648e-02
   4.9445730e-02
   4.5129560e-02
   4.4643223e-02
   9.5819589e-03
   1.8743422e-02
   1.4428061e-02
   1.2234026e-03
   2.5993038e-02
   1.8241683e-02
   3.5207912e-02
   3.7803330e-02
   4.4960391e-02
   5.7582978e-02
   3.0440820e-02
   3.2774933e-02
   3.5199638e-02
   2.3288138e-02
   1.3968938e-02
   2.3535389e-02
   2.7490977e-02
   3.0949900e-02
   2.0393401e-02
   1.2470420e-02
   3.7672225e-02
   1.8796403e-02
   8.4234122e-03
   2.5086813e-02
   1.6704738e-02
   3.0622248e-02
   1.6787158e-02
   2.3241729e-02
   3.4111600e-02
   1.6833974e-02
   1.7230025e-02
   4.4806894e-02
   1.8027527e-02
   3.9621722e-02
   2.2000682e-02
   2.8885884e-02
   6.6334298e-03
   3.2572873e-02
   2.3141537e-02
   1.5402813e-02
   3.4611568e-02
   4.3063760e-02
   3.8926076e-02
   3.2994233e-02
   3.8410425e-02
   2.6089618e-02
   6.5098532e-02
   1.0993686e-01
   9.9046506e-02
   5.2937623e-02
   2.4943892e-02
   2.8795766e-02
   4.0554997e-02
   2.2363780e-02
   5.4793779e-02
   4.2211536e-02
   2.3044325e-02
   3.5620164e-02
   2.9309340e-02
   2.8962363e-02
   3.2066166e-02
   1.4485325e-02
   3.4276899e-02
   4.0753640e-02
   2.5628116e-02
   2.2556663e-02
   2.3126012e-02
   3.2395534e-02
   2.7342072e-02
   3.6516577e-02
   1.2845620e-02
   3.1405281e-02
   2.2749897e-02
   2.0940365e-02
   2.6572561e-02
   2.2517806e-02
   1.1395631e-02
   1.3256860e-02
   4.3132819e-02
   3.8845528e-02
   4.0272344e-02
   4.0898431e-02
   1.7695576e-02
   2.1550076e-02
   4.1496292e-02
   4.2130060e-02
   3.1237207e-02
   1.8632179e-02
   3.6194235e-02
   2.2918316e-02
   2.6535997e-02
   2.8940182e-02
   2.6312517e-02
   1.7080935e-02
   2.5647432e-02
   1.9613320e-02
   2.6928095e-02
   3.8984373e-02
   4.1856904e-02
   4.2077031e-02
   3.2230876e-02
   4.7108170e-02
   2.1183942e-02
   1.6056724e-02
   4.6601590e-02
   3.0132100e-02
   3.8373575e-02
   4.4953626e-02
   2.2142209e-02
   3.3436336e-02
   3.6688667e-02
   3.2693852e-02
   1.5974710e-02
   2.5491102e-03
   2.8676428e-02
   2.9492958e-02
   4.5180082e-02
   3.7842143e-02
   3.1945143e-02
   2.1263249e-02
   2.5238795e-02
   2.9749980e-02
   3.3490397e-02
   2.8024424e-02
   1.2444316e-02
   3.0557854e-02
   4.5743644e-02
   7.7552959e-02
   7.5002432e-02
   5.5366538e-02
   3.4026671e-02
   5.6033819e-03
   2.2743553e-02
   3.1614821e-02
   5.1550947e-02
   5.7003554e-02
   5.1553279e-02
   1.7550444e-02
   2.3382528e-02
   2.1081079e-02
   4.7665741e-03
   5.4745260e-04
   2.0209510e-02
   1.2525102e-02
   1.5605653e-02
   1.4612420e-02
   1.1972315e-02
   1.7570736e-02
   4.0092889e-02
   3.6607690e-02
   2.1321382e-02
   2.0549273e-02
   5.6914687e-03
   1.3228748e-02
   1.1733900e-02
   3.0417811e-02
   4.1991986e-02
   2.2868412e-02
   8.6127343e-03
   3.3955204e-03
   1.2267793e-02
   3.5701837e-02
   1.8274268e-02
   4.4650186e-02
   5.6298353e-02
   5.5151485e-02
   3.3664081e-02
   2.3259744e-02
   3.1182948e-02
   1.1752549e-01
   1.7669097e-01
   1.1318711e-01
   5.3357050e-02
   2.0591926e-02
   2.0774161e-02
   2.1996683e-02
   3.0528277e-02
   2.8234286e-02
   2.5197901e-02
   4.8810992e-02
   3.2867096e-02
   1.2800294e-02
   2.5201052e-02
   1.6878946e-02
   1.7651580e-02
   2.9316096e-02
   2.5190586e-02
   2.2686701e-02
   5.4172501e-02
   2.7127739e-02
   3.8337536e-02
   6.4799860e-02
   8.8092864e-02
   1.0110834e-01
   8.1752308e-02
   3.6836781e-02
   3.2751791e-02
   1.8811807e-02
   2.6240053e-02
   5.0660644e-02
   6.9893926e-02
   1.0250983e-01
   5.9395287e-02
   1.3160478e-02
  -5.7772768e-04
   4.5103854e-03
   3.9861050e-02
   4.3258149e-02
   2.0527864e-02
   3.2189318e-03
   1.7352540e-03
  -2.4270527e-02
  -2.1094337e-02
   1.6170412e-02
   7.0075989e-02
   9.0000272e-02
   2.2613863e-02
   2.3179650e-03
   2.8706866e-03
   9.4827160e-02
   2.2561689e-01
   2.0404518e-01
   1.2485097e-01
   1.0551621e-01
   1.2953451e-01
   8.2813501e-02
   5.2068044e-02
   1.7269731e-01
   7.0208961e-01
   9.2998445e-01
   4.7648147e-01
   1.5016736e-01
   1.0073904e-01
   1.4999405e+00
   4.9551187e+00
   4.6380539e+00
   1.9076332e+00
   4.9438062e-01
   1.5345769e-01
   1.4979477e-01
   3.0215973e-01
   8.5575992e-01
   9.7170979e-01
   5.0567836e-01
   1.8701844e-01
   8.7001421e-02
   1.1841314e-01
   1.8099947e-01
   2.4475901e-01
   2.6569724e-01
   1.5398119e-01
   6.8468809e-02
   4.6676267e-02
   7.0173003e-02
   1.3037553e-01
   1.5069470e-01
   1.7292400e-01
   2.4769913e-01
   1.7089382e-01
   2.8931536e-02
   8.2427869e-03
   3.3303641e-02
   5.1955551e-02
   2.7716946e-02
   1.4034405e-02
   5.1307762e-03
   4.9804028e-02
   6.5237567e-02
   3.5896257e-02
   4.4851501e-02
   2.1639915e-02
  -3.8225008e-03
   2.6665304e-03
  -1.3489968e-02
   3.4268539e-02
   4.6971332e-02
   2.5458507e-02
  -2.2757221e-02
  -2.4059584e-02
   6.3844264e-02
   1.7072043e-01
   1.7654450e-01
   9.7784497e-02
   7.5326249e-02
   2.5714371e-01
   3.6833856e-01
   2.1150807e-01
   9.9755354e-02
   1.2398266e-01
   2.1250688e-01
   1.1425217e-01
   8.2421906e-02
   6.1561987e-02
   2.1878676e-01
   8.7384874e-01
   9.8124194e-01
   4.5487326e-01
   1.2634607e-01
   3.9809119e-02
   3.2574564e-02
   4.8195004e-02
   1.9841751e-01
   2.5145039e-01
   1.0886628e-01
   4.9660757e-02
   1.1918944e-02
   2.6819380e-02
   7.1073659e-02
   8.7862886e-02
   6.3224986e-02
   2.3829924e-02
   2.2510977e-02
   3.4438919e-02
   3.3487540e-02
   4.1592617e-02
   4.3196581e-02
   7.0269890e-02
   7.5310245e-02
   3.4483459e-02
   2.7075063e-02
   3.2796733e-02
   2.7183162e-02
   3.2031175e-02
   6.2198341e-03
   9.7793788e-03
   2.1472584e-02
   4.8882760e-02
   5.4678123e-02
   3.9890043e-02
   3.4881797e-02
   1.5978655e-02
   2.5246292e-02
   3.4904242e-02
   3.7024546e-02
   3.9821174e-02
   6.1325263e-02
   2.6602047e-02
   9.5379734e-03
   3.6573470e-02
   7.8730464e-02
   1.0572028e-01
   7.8392759e-02
   1.3953256e-02
   4.8378531e-02
   7.7170335e-02
   7.7219695e-02
   6.1363071e-02
   1.5793146e-01
   3.0315551e-01
   2.3242848e-01
   8.2066499e-02
   2.3504095e-02
   3.0773970e-01
   1.3046949e+00
   1.6700773e+00
   9.1472495e-01
   2.7047583e-01
   6.7465179e-02
   6.5264486e-02
   8.7999374e-02
   2.3653749e-01
   3.3615515e-01
   1.9795576e-01
   8.1272818e-02
   1.7202815e-02
   4.0054034e-02
   6.7751996e-02
   8.0676891e-02
   8.5576467e-02
   3.3282604e-02
   1.9558945e-03
   2.9132580e-02
   4.2219330e-02
   3.8654666e-02
   4.6448998e-02
   3.1517711e-02
   3.1435363e-02
   1.7749149e-02
   1.3997239e-02
   4.0824682e-02
   5.4180954e-02
   4.7362201e-02
   1.1507956e-02
   3.1553269e-03
   2.3515245e-03
   2.5011033e-02
   3.8825594e-02
   2.5970384e-02
   2.0570520e-02
   2.8082591e-02
   1.9718822e-02
   5.1245559e-03
   2.0811193e-02
   5.6854449e-02
   4.3848142e-02
   6.4160833e-03
  -1.9126415e-03
   2.2101853e-02
   6.1246559e-02
   8.5233726e-02
   6.5667242e-02
   3.5527419e-02
   1.4667200e-02
   5.7097279e-02
   3.8778398e-02
   4.4752721e-02
   9.0902321e-02
   1.1187875e-01
   8.8386536e-02
   5.3474147e-02
   1.9334219e-02
   1.0932434e-01
   3.3843836e-01
   4.1528255e-01
   2.1803160e-01
   6.6981584e-02
   2.5574831e-02
   1.5550767e-02
   3.7380226e-02
   1.0469052e-01
   9.1188334e-02
   4.6404760e-02
   3.9057270e-02
   1.5405929e-02
   4.1665982e-02
   3.3380453e-02
   3.4816999e-02
   2.4898771e-02
   2.2518609e-02
   2.7813261e-02
   3.2053836e-02
   2.6173830e-02
   2.2947114e-02
   3.2987978e-02
   3.5817735e-02
   3.1233981e-02
   1.9922944e-02
   2.5089998e-02
   1.5843572e-02
   2.9708156e-03
   7.3016882e-03
   1.0424115e-02
   1.9443683e-02
   3.1363308e-02
   2.9593844e-02
   1.2907208e-02
   2.2081139e-02
   2.0968514e-02
   1.0212228e-02
   1.1262820e-02
   1.9599212e-02
   2.0300169e-02
   1.2700517e-02
   1.7568054e-02
   1.8955177e-02
   2.1389673e-02
   2.3794970e-02
   2.7932292e-02
   2.0482803e-02
   8.7189022e-03
   2.7957706e-02
   2.2860048e-02
   3.5517499e-02
   2.6826853e-02
   3.7416000e-02
   6.3605525e-02
   5.3027127e-02
   2.4516579e-02
   7.2854821e-04
   3.5916593e-02
   1.6855055e-01
   1.8992630e-01
   1.0749047e-01
   2.5708610e-02
   2.1631701e-02
   4.7918502e-02
   5.1697530e-02
   6.4166561e-02
   4.0438063e-02
   2.1175351e-02
   1.9451080e-02
   2.0163437e-02
   2.1950997e-02
   2.8353907e-02
   3.5077296e-02
   3.7187774e-02
   3.2869004e-02
   2.9485075e-02
   3.4952816e-02
   2.5684370e-02
   1.2010917e-02
   1.6355654e-02
   2.3425760e-02
   2.5507655e-02
   2.1807166e-02
   3.3842567e-02
   2.1569042e-02
   3.7496280e-02
   1.9106289e-02
   1.5351743e-02
   2.7513491e-02
   4.6746772e-02
   3.0395957e-02
   1.2164087e-02
   2.2345955e-02
   1.7407166e-02
   1.7179728e-03
   1.0016152e-02
   5.8559692e-03
   7.5730272e-03
   1.5494715e-02
   2.3836724e-02
   2.2013998e-02
   2.6672307e-02
   3.4681730e-02
   3.3237033e-02
   3.4160469e-02
   1.6462294e-02
   2.0183640e-02
   3.5260540e-02
   3.2920234e-02
   1.1175744e-02
   3.1684946e-02
   4.3847464e-02
   1.8655747e-02
   1.5388675e-03
   1.7547166e-02
   5.4836407e-02
   7.8678071e-02
   8.9894004e-02
   4.0076178e-02
   1.1191080e-02
   5.8238902e-03
   1.2005616e-02
   7.3222811e-03
   1.6801955e-02
   1.6192755e-02
   3.5570574e-03
   1.0507712e-02
   1.6024383e-02
   9.8046903e-03
   4.0327325e-03
   1.3744207e-02
   3.3855904e-02
   1.9753354e-02
   2.0489000e-02
   3.9809890e-02
   2.9241046e-02
   6.4706379e-03
   3.1323805e-02
   2.1264788e-02
   1.6009891e-02
   2.9077901e-02
   2.9169181e-02
   2.3283705e-02
   3.2432865e-02
   2.8887870e-02
   3.3055950e-02
   1.4582596e-02
   1.2345179e-02
   2.6344003e-02
   3.9531492e-02
   2.7567632e-02
   1.7462231e-02
   1.1049711e-02
   3.8363919e-02
   4.1833919e-02
   1.7155534e-02
   1.6300829e-02
   2.5830317e-02
   4.4467226e-02
   5.4097809e-02
   2.3092905e-02
   2.7847553e-02
   4.9643140e-02
   6.1323687e-02
   4.3023620e-02
   1.0292925e-02
   1.7241988e-02
   3.1768143e-02
   7.1763583e-02
   8.2850784e-02
   5.2463159e-02
   6.3350700e-02
   6.2769406e-02
   8.6799465e-02
   6.8248123e-02
   4.2483311e-02
   2.4303056e-02
   8.1692293e-02
   1.3903196e-01
   8.2352921e-02
   2.0507716e-02
   3.4155950e-02
   1.4832596e-01
   2.4218148e-01
   1.7213479e-01
   8.7543152e-02
   7.7848457e-02
   2.9649884e-01
   4.5299199e-01
   3.6858886e-01
   1.6081889e-01
   8.3651781e-02
   7.0403308e-02
   5.2927013e-02
   3.0077850e-02
   1.5884897e-02
   2.0324118e-02
   3.6527503e-02
   2.2214040e-02
   8.4805433e-03
   4.5108061e-02
   7.7922970e-02
   5.8530871e-02
   3.5629999e-02
   2.4660548e-02
   4.2102702e-02
   3.2214422e-02
   4.6537877e-03
  -1.7564434e-03
   1.0061229e-02
   3.4508958e-02
   4.6839029e-02
   3.0982612e-02
   4.9512524e-02
   5.1581919e-02
   3.4846202e-02
   2.6433516e-02
   2.3680441e-02
   2.7295044e-03
  -4.6419296e-03
   3.5647678e-03
   2.3197068e-03
   2.5085850e-02
   3.4579098e-02
   2.7735615e-02
   4.0283900e-02
   6.9693089e-02
   5.1593103e-02
   3.1571470e-02
   2.7124573e-02
   4.6605363e-02
   3.4336753e-02
   3.3486463e-02
   4.2755794e-02
   5.3785112e-02
   1.9105053e-02
   1.1574210e-02
   1.2673761e-02
   4.1731048e-02
   8.0370255e-02
   8.0863044e-02
   3.8128886e-02
   1.4779497e-02
   1.1970247e-02
   4.5743555e-02
   5.6344569e-02
   3.0920675e-02
   1.4412905e-03
   1.8598462e-02
   3.9382171e-02
   4.7574192e-02
   2.8673057e-02
   1.5983425e-02
   2.2753075e-02
   1.3635335e-02
   4.4016368e-03
   1.1516639e-02
   5.1901387e-03
   5.2643213e-03
   1.2452914e-02
   1.9520519e-02
   2.0038629e-02
   2.8391751e-02
   2.8648555e-02
   1.2305383e-02
   6.8202163e-03
   4.8050215e-03
   2.4660077e-02
   1.9116979e-02
   2.4243211e-02
   8.9395689e-03
   1.3869129e-02
   4.3319270e-02
   1.8481469e-02
   8.6765671e-03
   1.9952940e-02
   2.8901901e-02
   1.6943689e-02
   3.6128078e-02
   3.4322336e-02
   1.4567221e-02
   7.9321405e-03
   2.3058882e-02
   5.0758652e-02
   3.2741778e-02
   1.8583763e-02
   1.4918079e-02
   3.6430020e-02
   6.1051462e-02
   4.5642246e-02
   5.1543459e-02
   4.5407780e-02
   2.5484066e-02
   1.3142653e-02
   3.2472901e-02
   6.0506102e-02
   4.5561183e-02
   1.4196339e-02
   2.7987231e-02
   1.1705842e-01
   1.1482240e-01
   6.4851761e-02
   3.3293877e-02
   1.7585842e-02
   1.3447668e-02
   2.1019377e-02
   1.5856525e-02
   5.0499402e-03
   7.9504289e-03
   2.5099335e-02
   3.7036423e-02
   4.1438889e-02
   3.5346419e-02
   4.0209144e-02
   4.1272148e-02
   2.5056923e-02
   1.8949149e-02
   1.9155407e-02
   1.2378916e-02
   1.1283855e-02
   9.2404848e-03
   9.7617647e-03
   1.6159918e-02
   1.5941808e-02
   2.0430736e-02
   1.7260831e-02
   1.5207264e-02
   3.1630274e-02
   2.4192216e-02
   4.7337539e-02
   5.8403861e-02
   4.7421530e-02
   2.3420824e-02
   2.2732209e-02
   1.7120438e-02
   6.5281847e-03
   2.6397031e-02
   1.5767973e-02
   5.0089229e-03
   1.6579218e-02
   1.7423173e-02
   1.8077681e-02
   1.9692443e-02
   3.3221651e-02
   1.8448699e-02
   2.1635884e-02
   2.8866047e-02
   1.8910257e-02
   2.6371274e-02
   4.0386513e-02
   2.4551300e-02
   2.2412257e-02
   3.3384912e-02
   3.6389679e-02
   4.1413177e-02
   3.1391699e-02
   1.9635078e-02
   4.0744338e-02
   4.0494487e-02
   5.0811339e-02
   1.9292032e-02
   2.6591191e-02
   3.0121682e-02
   2.7726857e-02
   2.2575725e-02
   2.1849193e-02
   1.0538518e-02
   1.6540674e-02
   2.5900435e-02
   3.5279561e-02
   1.4401082e-02
   1.3331074e-02
   2.5750121e-02
   1.4032905e-02
   1.5131963e-02
   1.0920492e-02
   7.2130323e-03
   1.4345370e-02
   1.2715122e-02
   1.9639689e-02
   3.2474894e-02
   2.8545223e-02
   1.5398022e-02
   1.5171655e-02
   2.1650594e-02
   4.5109745e-03
   1.2445715e-02
   2.2024062e-02
   5.3573838e-03
   2.6691820e-02
   3.6267895e-02
   3.6304642e-02
   1.4736630e-02
   1.7528046e-02
   1.8773960e-02
   1.6407663e-02
   1.6703125e-02
   4.3845721e-02
   2.5274290e-02
   1.3732145e-02
   3.0494399e-02
   2.6755102e-02
   1.9688735e-02
   3.5884332e-02
   1.8627685e-02
   1.5539962e-02
   1.9589089e-02
   1.5488566e-02
   2.5260996e-02
   6.1087903e-02
   5.6771614e-02
   3.6870897e-02
   2.4831278e-02
   1.9189678e-02
   1.9925807e-02
   1.2338395e-02
   5.6696706e-03
   2.2174921e-02
   1.9860191e-02
   1.2923606e-02
   2.7860625e-02
   3.7720881e-02
   3.9891854e-02
   1.6695742e-02
   2.1314139e-02
   2.2107007e-02
   2.4946334e-02
   1.7241964e-02
   6.9877934e-03
   8.1746764e-03
   7.7854972e-03
   1.4605412e-02
   3.8884033e-02
   4.3257616e-02
   2.8923115e-02
   2.8941166e-02
   3.5973083e-02
   2.9318083e-02
   3.5907559e-02
   2.5821257e-02
   1.5948735e-02
   2.0242022e-02
   2.6845675e-02
   2.5464678e-02
   1.1686860e-02
   1.6266465e-02
   3.6392666e-02
   2.1528576e-02
   1.6403420e-02
   1.7829813e-02
   6.2236544e-03
   1.7148828e-03
   2.5930498e-03
   1.6972924e-02
   1.1710195e-02
   1.7828109e-02
   2.0540362e-02
   3.2012258e-02
   4.9135175e-02
   2.9429082e-02
   3.4784097e-02
   3.3076331e-02
   1.5835723e-02
   3.0586418e-02
   3.5770398e-02
   2.1072792e-02
   2.0196686e-02
   2.8037475e-02
   2.1517793e-02
   1.9579696e-02
   2.5124148e-02
   4.2446136e-02
   4.0244117e-02
   3.7075792e-02
   2.0408798e-02
   2.1197194e-02
   1.8980915e-02
   1.8273044e-02
   1.5918652e-02
   2.2988893e-02
   1.2671050e-02
  -7.0290465e-05
   1.6694522e-02
   1.3703698e-02
   8.3330330e-03
   2.6213398e-02
   2.3848047e-02
   1.2361967e-02
   1.8848592e-02
   3.4586385e-02
   1.8865094e-02
   5.4339385e-03
   2.1002067e-02
   1.8962964e-02
   1.9235078e-02
   1.7117618e-02
   2.6002459e-02
   3.4933891e-02
   2.0808063e-02
   1.0902174e-02
   2.0221947e-02
   5.4675406e-03
   1.1857297e-02
   2.8858855e-02
   3.2472555e-02
   3.7559774e-02
   2.4202932e-02
   7.5572841e-03
   2.6480409e-03
   1.8151037e-02
   9.9227605e-03
   7.0050121e-03
   2.2430738e-02
   3.2318886e-02
   2.8225282e-02
   1.8572064e-02
   1.5716773e-02
   2.0185139e-02
   2.2143593e-02
   1.4413502e-02
   1.4333189e-02
   1.0393372e-02
   1.5609935e-02
   1.3395693e-02
   1.1263079e-02
   1.4096779e-02
   2.1870416e-02
   3.0413475e-02
   2.1940598e-02
   3.0372368e-02
   3.0734945e-02
   2.9404962e-02
   2.2150261e-02
   1.8934470e-02
   1.5101727e-02
   2.9095120e-03
   5.8115968e-03
   5.4337978e-03
   6.5814629e-03
   1.0690127e-02
   1.1449761e-02
   8.9997901e-03
   1.4255019e-02
   1.5218750e-02
   2.0986052e-02
   2.3925660e-02
   7.9453140e-03
   1.7681409e-02
   2.8429164e-02
   2.6981467e-02
   1.1677383e-02
   1.8169409e-02
   8.3159572e-03
   1.8586162e-02
   1.5471639e-02
   1.3299380e-02
   2.1876382e-02
   3.9339043e-02
   2.2687813e-02
   2.3028297e-02
   3.0030711e-02
   4.0095009e-02
   1.6322788e-02
   2.8012889e-02
   2.8486144e-02
   4.0932775e-02
   1.0602140e-01
   9.1919802e-02
   5.1477287e-02
   2.6007045e-02
   2.5433661e-02
   2.9650036e-02
   4.0801223e-02
   4.1374478e-02
   4.6628259e-02
   3.7255507e-02
   1.2859939e-02
  -9.8263600e-04
   2.7627849e-03
   1.1060070e-02
   1.0927927e-02
   1.5187597e-02
   1.7368281e-02
   9.6658338e-03
   1.1608938e-02
   2.9680410e-02
   2.4003942e-02
   2.7233297e-02
   1.9295231e-02
   2.0496661e-02
   1.8766377e-02
   2.6423240e-02
   4.2771410e-02
   3.7737615e-02
   1.4642769e-02
   1.6978053e-02
   1.8286681e-02
   2.1915149e-02
   1.6298302e-02
   3.7485041e-02
   3.8350370e-02
   1.6936943e-02
   5.4203859e-03
   9.9725304e-03
   2.7606832e-02
   3.4615599e-02
   3.3249412e-02
   1.0387272e-02
   2.9021757e-02
   2.8468747e-02
   2.2879165e-02
   2.0488100e-02
   1.5571683e-02
   2.9387369e-03
   1.5054720e-02
   9.6986890e-03
   1.3956149e-02
   1.8849976e-02
   2.6872691e-02
   4.1370768e-02
   3.8679898e-02
   1.2116448e-02
   2.6174882e-02
   3.9630480e-02
   3.7648309e-02
   5.0240785e-02
   9.6713314e-03
   2.7705893e-02
   2.3159267e-02
   1.5633164e-02
   2.5976043e-02
   3.1272311e-02
   1.2514425e-02
   1.5370401e-02
   1.8993782e-02
   3.4339279e-02
   3.1590667e-02
   2.3818467e-02
   2.5196666e-02
   3.4790400e-02
   2.0145118e-02
   1.2333984e-02
   1.7378341e-02
   2.3472879e-02
   2.1136293e-02
   2.1989476e-02
   1.5014030e-02
   1.6595757e-02
   1.9941481e-02
   2.5592936e-02
   3.4357131e-02
   1.7435154e-02
   2.2339357e-02
   1.8742062e-02
   4.0179593e-03
   1.3537697e-02
   1.7102169e-02
   1.7666291e-02
   2.3006707e-02
   4.4511311e-02
   3.7515931e-02
   3.1680144e-02
   4.2797860e-02
   3.3923078e-02
   2.6317826e-02
   2.0618515e-02
   3.5266973e-02
   2.7497856e-02
   1.5174780e-02
   1.9594958e-02
   1.4988314e-02
   1.9807311e-02
   2.4094936e-02
   1.6564643e-02
   1.1628428e-02
   5.7702637e-03
   1.9901097e-02
   2.7091533e-02
   3.9732903e-03
   2.0043303e-03
   1.9963957e-02
   1.8734515e-02
   2.6967524e-02
   2.3276739e-02
   2.7949302e-02
   1.4631553e-02
   2.5081296e-02
   2.0224571e-02
   1.5994748e-02
   3.6799848e-02
   2.0620652e-02
   4.5912676e-03
   2.5112581e-02
   1.6749673e-02
   2.6191298e-02
   1.6981678e-02
   2.1446895e-02
   2.3590969e-02
   4.2145103e-02
   3.3001747e-02
   2.5915749e-02
   1.7138857e-02
   2.3921341e-02
   1.4361450e-02
   2.6178880e-02
   3.1442609e-02
   3.1605523e-02
   1.0015348e-02
   1.1756045e-02
   2.0421898e-02
   4.7611417e-03
   1.5012987e-02
   1.1801451e-02
   1.1803927e-02
   1.9679749e-02
   2.2572421e-02
   1.4097954e-02
   2.1577064e-02
   2.0215118e-02
   1.6130116e-02
   2.3731805e-02
   2.6615968e-02
   3.2668568e-02
   4.8603844e-02
   1.7430285e-02
   5.9520295e-03
   2.6854899e-02
   2.5489723e-02
   7.0783836e-03
   4.5202328e-03
   1.6420437e-02
   2.4637645e-02
   1.9945573e-02
   1.6949939e-02
   1.2990677e-03
   1.4194782e-02
   1.5934436e-02
   2.4099933e-02
   3.2206412e-02
   3.8082339e-02
   1.9497881e-02
   3.8284652e-02
   1.1938762e-02
   1.4898089e-02
   2.0977173e-03
   1.4247573e-02
   3.2229394e-02
   2.0082183e-02
   1.8612832e-02
   9.6499985e-03
   3.2586481e-02
   4.1088313e-02
   1.7740047e-02
   3.4943555e-02
   3.0673753e-02
   1.2124535e-02
   1.4571275e-02
   1.3816565e-02
   1.9921310e-02
   3.1088984e-02
   3.1923309e-02
   1.5377957e-02
   1.7351992e-02
   3.7837692e-02
   2.3595409e-02
   1.6007723e-02
   3.1663802e-02
   2.3593158e-02
   2.1090271e-02
   2.6947808e-02
   1.5991695e-02
   9.1563743e-03
   9.2738839e-03
   1.7612211e-02
   1.2270432e-02
   2.6629172e-02
   2.1294329e-02
   2.8891187e-02
   2.6943339e-02
   3.9541267e-02
   5.7468154e-02
   3.5744153e-02
   2.2088321e-02
   2.9379508e-02
   1.9926418e-02
   2.7411476e-02
   3.1313933e-02
   3.0408496e-02
   6.0491608e-03
   2.0195825e-02
   2.7129976e-02
   2.1499090e-02
   7.3405118e-03
   1.2296153e-02
   2.5982410e-02
   2.3675824e-02
   1.7206186e-02
   2.1817219e-02
   1.4509292e-02
   1.2715450e-02
   2.8380513e-02
   2.6299082e-02
   3.8185827e-02
   3.3440940e-02
   3.7924282e-02
   2.4393881e-02
   3.5787541e-02
   4.0057816e-02
   3.1950895e-02
   1.5064972e-02
   2.6981579e-02
   1.8183492e-02
   4.8614647e-03
   2.5963293e-02
   2.0707980e-02
   2.1571115e-02
   8.8946428e-03
   1.8281240e-02
   2.3200238e-02
   4.1648034e-02
   3.2326628e-02
   1.9660192e-02
   2.0377684e-02
   3.1211322e-02
   2.9385010e-02
   3.1569589e-02
   1.5692851e-02
   2.4819368e-02
   2.9681401e-02
   2.7057299e-02
   1.9777561e-02
   1.8182287e-02
   1.4376357e-02
   2.1538669e-02
   2.2589114e-02
   4.9446471e-02
   5.4489058e-02
   5.8894739e-02
   3.1690132e-02
   1.2221429e-02
   1.4637261e-02
   1.7812436e-02
   1.3468207e-02
   1.8737741e-02
   8.9915758e-03
   1.0348025e-02
   2.0906383e-02
   4.2198643e-02
   6.4987831e-02
   4.2424671e-02
   3.4727518e-02
   3.1205773e-02
   2.3397457e-02
   1.2067667e-02
   2.6083745e-02
   2.6179817e-02
   2.7076045e-02
   2.8108440e-02
   2.8163800e-02
   1.9434646e-02
   1.1896017e-02
   1.0266461e-02
   1.9485775e-02
   9.6741216e-03
   1.7898805e-02
   1.7274106e-02
   1.9418471e-02
   1.6627718e-02
   1.9577635e-02
   1.8967809e-02
   1.8506208e-02
   2.2384735e-02
   9.4091436e-03
   1.0688725e-02
   3.8422544e-02
   1.9252198e-02
   2.5180409e-02
   2.6883496e-02
   2.2069588e-02
   3.0659894e-02
   2.8915044e-02
   2.5390564e-02
   1.6924953e-02
   5.6218663e-03
   1.3082742e-02
   2.2058919e-02
   4.0561758e-02
   4.2338192e-02
   2.5951045e-02
   2.8955843e-02
   2.9429654e-02
   1.3883243e-02
   2.2432970e-02
   2.0499311e-02
   2.8420854e-02
   4.0131155e-02
   2.5620691e-02
   3.4854896e-02
   2.2514604e-02
   1.9778710e-02
   8.8486401e-03
   9.0674805e-03
   1.3596511e-02
   3.5021625e-02
   3.0230131e-02
   1.3181470e-02
   5.7155862e-03
   2.5267174e-02
   4.6159759e-02
   5.6733511e-02
   4.3532807e-02
   3.5619576e-02
   2.8078230e-02
   2.2225784e-02
   1.9034060e-02
   1.3380825e-02
   1.6806936e-02
   5.2461751e-02
   1.0233276e-01
   9.7234339e-02
   4.7299124e-02
   3.2909501e-02
   2.3384329e-02
   2.6451265e-02
   2.3472183e-03
   5.1883222e-03
   1.7320599e-02
   2.0541904e-02
   4.1621581e-02
   4.3821320e-02
   4.7352348e-02
   4.9791384e-02
   2.6354693e-02
   1.9385042e-02
   2.3123700e-02
   2.1539040e-02
   1.7771326e-02
   1.7455079e-02
   2.0304795e-02
   2.1847002e-02
   2.8251912e-02
   3.2575842e-02
   2.1826331e-02
   2.0454131e-02
   1.4461118e-02
   5.5113966e-03
   3.2089394e-02
   3.2948032e-02
   2.7951097e-02
   9.7927535e-03
  -4.0864502e-03
   1.6355542e-02
   2.5474353e-02
   1.7518058e-02
   6.2464094e-03
   1.6823336e-02
   1.9517081e-02
   7.8343330e-03
   1.1257428e-02
   3.4387540e-02
   5.8120064e-02
   4.0030681e-02
   3.9604921e-02
   2.8390858e-02
   1.4180508e-02
   1.7951686e-02
   1.2639615e-02
   3.5264701e-02
   1.4389133e-01
   2.5068501e-01
   2.2953634e-01
   1.3842136e-01
   4.4983514e-02
   1.9734921e-02
   1.0857502e-02
   1.6081328e-02
   1.0074389e-02
   8.4506180e-03
   6.5582339e-03
   1.3996064e-02
   3.0132186e-02
   3.0776357e-02
   3.6305547e-02
   1.5536858e-02
   2.0633360e-02
  -7.0250332e-03
   1.2084826e-02
   2.4181304e-02
   4.4959500e-02
   2.1544244e-02
   1.1500770e-02
   2.5617043e-02
   3.0101793e-02
   2.3796242e-02
   1.8800052e-02
   1.5354740e-02
   3.9195898e-03
  -6.7868656e-03
   5.6250789e-03
   1.5692949e-02
   2.4667824e-02
   7.6392340e-03
  -2.8503922e-04
   1.2692454e-02
   1.9969020e-02
   1.8792467e-02
   2.7343348e-02
   2.6183378e-02
   2.6037620e-02
   2.2177676e-02
   1.9979332e-02
   1.8298166e-02
   1.8730031e-02
   2.2971921e-02
   1.2091988e-02
   1.9393643e-02
   2.6829960e-02
   2.4946328e-02
   5.8725644e-03
   3.7287669e-03
   1.7962661e-02
   2.1438638e-02
   1.8107241e-02
   2.3534117e-02
   8.7051829e-03
  -1.4700757e-03
   1.5540699e-02
   2.8288681e-02
   2.9071361e-02
   1.7712053e-02
   2.0649601e-02
   1.8603181e-02
   1.0999857e-02
   6.6649993e-03
   6.8025733e-03
   2.3831809e-02
   2.4846120e-02
   2.4411788e-02
   1.6686687e-02
   1.7273553e-02
   1.8089585e-02
   1.2113875e-02
   3.9554210e-03
   2.5034524e-03
   1.9126961e-02
   2.9774023e-02
   2.4050018e-02
   2.6757235e-02
   1.8156040e-02
   1.8107628e-02
   1.4994934e-02
   4.0885013e-02
   5.3657148e-02
   3.7044346e-02
   2.3327515e-02
   2.1930290e-02
   4.6873074e-02
   2.3524342e-02
   1.4030869e-02
   2.2084486e-02
   2.6346080e-02
   2.5073040e-02
   1.0813314e-02
   6.6379076e-03
  -2.2494856e-03
   2.1861907e-02
   2.9196760e-02
   4.5766283e-02
   4.6571758e-02
   2.8341519e-02
   2.5711937e-02
   2.2198208e-02
   1.6813492e-02
   2.2424838e-02
   2.3527143e-03
  -1.7981307e-03
   2.6886318e-02
   3.3597488e-02
   2.9531542e-02
   5.2481558e-02
   4.8758417e-02
   2.5348231e-02
   1.9467061e-02
  -2.2563185e-03
   2.3796597e-02
   1.5652444e-02
   1.7222054e-02
   1.3553809e-02
   1.4310085e-02
   3.2732919e-02
   2.6861029e-02
   2.4738083e-02
   3.3948768e-02
   4.3893680e-02
   4.6690341e-02
   4.4138718e-02
   3.6608458e-02
   2.4389191e-02
   3.5584524e-02
   3.6170326e-02
   4.1284978e-02
   3.5856832e-02
   4.7666784e-02
   4.0822279e-02
   4.4798028e-02
   3.6184944e-02
   2.4432193e-02
   1.4594642e-02
   1.9522205e-02
   2.3825761e-02
   2.7831517e-02
   2.8874945e-02
   5.7145357e-03
   2.7285686e-02
   2.7850479e-02
   4.9958549e-02
   3.2743674e-02
   2.5157094e-02
   1.9413879e-02
   3.1695817e-02
   2.4441078e-02
   1.9562570e-02
   1.8197782e-02
   5.7763522e-03
   1.6134854e-02
   1.6672915e-02
   3.4856904e-02
   2.5466926e-02
   2.8431250e-02
   2.1678068e-02
   2.6179601e-02
   2.6525544e-02
   2.2123538e-02
   1.3200701e-02
   5.8263489e-03
   1.3333073e-02
   2.2927226e-02
   3.2318462e-02
   3.2590609e-02
   2.1429004e-02
   3.6481936e-02
   3.2177854e-02
   1.2921042e-02
   1.0990120e-02
   3.0683992e-02
   1.4722228e-02
   1.2355820e-02
   1.4046245e-02
   1.9991674e-02
   2.4534734e-02
   1.7920140e-02
   2.0153699e-02
   2.1780942e-02
   3.4218024e-02
   3.0689456e-02
   6.1965967e-03
   2.6436780e-02
   3.2202210e-02
   2.3117481e-02
   1.3760179e-02
   2.6053259e-02
   5.2247088e-02
   5.7489995e-02
   6.3649990e-02
   3.9494257e-02
   3.0329950e-02
   3.7727084e-02
   1.3263921e-02
   1.8283900e-02
   1.5346967e-02
   3.2320332e-02
   1.8692205e-02
   1.7583830e-02
   3.3759214e-02
   2.1087391e-02
   1.3065522e-02
   2.1352556e-02
   1.0047731e-02
   5.7780007e-03
   2.5275219e-02
   1.5099192e-02
   1.3631350e-02
   2.0098241e-02
   2.5019761e-02
   2.0139132e-02
   9.6021174e-03
   1.1929964e-02
   3.3686109e-02
   3.0690437e-02
   2.3705216e-02
   1.8822638e-02
   9.7785126e-03
   8.8807251e-03
   1.8076194e-02
   8.1700701e-03
  -2.5593706e-03
   2.0239012e-02
   2.0913081e-02
   2.2248100e-02
   2.2868818e-02
   3.2163519e-02
   3.1162430e-02
   2.2163637e-02
   2.1752767e-02
   2.1722147e-02
   2.0046992e-02
   1.3992045e-02
   2.0918829e-02
   9.3691908e-03
   1.2207814e-02
   1.2033390e-02
   2.4305390e-02
   1.0866352e-02
   4.2685065e-03
   1.4513003e-02
   2.7880112e-02
   1.9821959e-02
   1.5729748e-02
   1.7670089e-02
   9.7919321e-03
   1.6454492e-02
   4.3954145e-02
   3.8285989e-02
   2.6125245e-02
   1.6870921e-02
   1.9666722e-02
   2.5091061e-02
   2.5241522e-02
   1.0603345e-02
   1.1519689e-02
   1.5931688e-02
   1.1688704e-02
   3.0376969e-03
   2.8819300e-03
   2.8602136e-02
   3.3076685e-02
   3.2364659e-02
   5.0353650e-03
   1.3819486e-02
   4.4997884e-03
   8.4579261e-03
   1.1258505e-02
   1.8715886e-02
   3.1387441e-02
   4.5790240e-02
   2.1368157e-02
   1.6194062e-02
   1.8611856e-02
   2.1116912e-02
   1.3492037e-02
   1.3366682e-02
   1.4893846e-02
   2.4111293e-02
   1.8606326e-02
   4.1291448e-03
   1.7818831e-02
   3.7512977e-02
   1.4849264e-02
   3.1354070e-02
   3.4675531e-02
   1.9041728e-02
   1.8212631e-02
   1.3341105e-02
   5.9823161e-03
   6.0141003e-03
   1.2266903e-02
   3.7962575e-02
   2.6803702e-02
   1.5645128e-02
   1.7914865e-02
   2.0262161e-02
   1.8030435e-02
   7.5388979e-03
   2.0170487e-02
   3.2635193e-02
   3.2745350e-02
   3.1204004e-02
   1.3582581e-02
   1.0424882e-02
   2.4899838e-02
   2.0408925e-02
   3.1833887e-02
   4.5516163e-02
   2.0661188e-02
   8.3704656e-03
   1.9907828e-02
   1.9019349e-02
   1.4353803e-02
   2.2452923e-03
   5.1076380e-03
   1.2619263e-02
   3.1069107e-02
   1.8746074e-02
   1.8304272e-02
   2.0012159e-02
   2.5924968e-02
   6.0053775e-03
   1.5512076e-02
   1.5807033e-02
   2.5125295e-02
   1.3931932e-02
   3.3370901e-02
   3.9929513e-02
   3.8039979e-02
   2.9824464e-02
   1.4485854e-02
   1.1734452e-02
   3.6803633e-02
   3.9526600e-02
   2.9262802e-02
   1.6997561e-02
   1.8017851e-02
   2.9028066e-02
   2.4543986e-02
   1.9670529e-02
   2.6649281e-02
   2.3555741e-02
   2.1791099e-02
   1.8835288e-02
  -1.7944355e-03
   8.5704708e-03
   1.1069697e-02
   1.5621343e-02
   1.2919960e-02
   2.6232095e-02
   3.8614009e-02
   2.9903334e-02
   9.7021749e-03
   1.4934739e-02
   1.9737864e-02
   2.5508918e-03
   7.3567657e-03
   1.7577161e-03
   4.5785480e-03
   9.4277691e-03
   5.7489970e-03
   1.2259034e-02
   2.7932096e-02
   2.4791041e-02
   2.8208219e-02
   2.8238283e-02
   2.1947857e-02
   1.9256534e-02
   1.3456307e-02
   1.2508546e-02
   1.0508082e-03
   8.2961414e-03
   2.6178278e-02
   4.2188428e-02
   2.4807023e-02
   3.3180501e-02
   2.2741007e-02
   1.7509712e-02
   1.2233610e-02
   2.2363307e-02
   1.7828140e-02
   3.6379252e-02
   5.0115310e-02
   3.2724321e-02
   1.8907152e-02
   2.1846941e-02
   2.0342380e-02
   3.5130348e-02
   3.8740635e-02
   4.9427517e-02
   5.4677498e-02
   3.6477264e-02
   2.9392947e-02
   1.0359710e-02
   2.0593608e-02
   2.4226809e-02
   7.3445886e-02
   7.9117425e-02
   5.4763824e-02
   3.3555489e-02
   1.9720390e-02
   1.2585752e-02
   3.3354372e-02
   3.3163119e-02
   3.0666841e-02
   2.1406865e-02
   3.3555366e-02
   2.8982565e-02
   2.6244935e-02
   4.0727932e-02
   4.1000038e-02
   4.1182049e-02
   5.3670656e-02
   5.1394273e-02
   2.7535433e-02
   3.4844443e-02
   1.8506197e-02
   6.7613558e-03
   9.2474930e-03
   8.7815849e-03
   2.1645043e-02
   1.6639741e-02
   1.1492161e-02
   2.7977167e-02
   2.3894977e-02
   5.8026020e-03
   9.2442334e-03
   1.8106688e-02
   2.6391536e-02
   4.5209486e-02
   5.6851670e-02
   1.3373383e-02
  -3.3581655e-03
   1.2207808e-03
   2.1338711e-02
   4.2565901e-02
   6.3463829e-02
   8.4817186e-02
   5.7383850e-02
   4.0431295e-02
   2.0802084e-02
   1.0502452e-02
   2.6530653e-02
   3.2941122e-02
   4.5505550e-02
   5.1989932e-02
   4.0170472e-02
   2.7217055e-02
   1.0694169e-02
   1.7417412e-02
   2.5621906e-02
   7.0587653e-03
   8.2119275e-03
   2.2211963e-02
   3.2350510e-02
   7.9953726e-03
   1.5746703e-02
   3.1080468e-02
   3.3278953e-02
   4.5156378e-02
   1.9813949e-02
   2.2825610e-02
   1.5467785e-02
   2.2968575e-02
   2.4544951e-02
   3.4732960e-02
   3.6158834e-02
   3.1478480e-02
   3.0926561e-02
   4.5899427e-03
   1.3185181e-02
   2.3166914e-02
   2.9662570e-02
   1.9609734e-02
   2.0383971e-02
   3.9836336e-02
   1.7069072e-02
   1.1376786e-02
   1.4218094e-02
   2.3894651e-02
   3.5619326e-02
   3.1760275e-02
   3.7142538e-02
   2.2509074e-02
   1.6358079e-02
   1.0263560e-02
   1.5647659e-02
   2.7499504e-02
   4.2989619e-02
   6.1619923e-02
   3.8739081e-02
   8.2497280e-03
   2.3952402e-02
   2.3571758e-02
   2.2498609e-02
   3.6900122e-02
   6.0907200e-02
   3.9490111e-02
   2.6172128e-02
   4.0725391e-02
   1.2153498e-02
   7.9608643e-03
   1.8564042e-02
   3.5713971e-02
   2.2341946e-02
   1.2004662e-02
   2.5464036e-02
   3.4532893e-02
   4.2907387e-02
   3.3425353e-02
   2.4321031e-02
   2.4822710e-02
   2.2231789e-02
   6.0899113e-03
   1.6995974e-02
   1.6310783e-02
  -2.9029190e-03
   1.3071566e-02
   1.7855152e-02
   3.3709314e-02
   6.2465716e-02
   3.7353467e-02
   7.7231559e-03
   2.2615615e-02
   1.0202944e-02
   1.2434352e-02
   2.3102807e-02
   2.9875582e-02
   3.0226698e-02
   2.0074973e-02
   1.2246970e-02
   1.3724959e-02
   3.4725264e-02
   3.6146730e-02
   3.3904869e-02
   3.0765124e-02
   4.0435297e-03
   9.7754542e-03
   6.8083736e-03
   2.1653736e-02
   5.8351554e-02
   7.0284493e-02
   5.2915204e-02
   2.7747435e-02
   1.4452853e-02
   1.0714539e-02
   3.2163097e-04
   2.1085557e-02
   1.4154507e-02
   1.7303253e-02
   1.7692214e-02
   4.0250844e-03
   3.0242469e-02
   5.6331225e-02
   3.0079721e-02
   8.0938116e-03
   1.2472146e-02
   1.3028234e-02
   1.1180853e-02
   5.5292159e-02
   1.9679427e-01
   3.5210696e-01
   3.1010017e-01
   1.2527412e-01
   7.6067001e-02
   3.1782683e-02
   1.4792181e-02
   2.2907732e-02
   2.7017683e-02
   3.9444335e-02
   6.7634679e-02
   9.8114975e-02
   1.0129303e-01
   6.6872664e-02
   5.6714468e-02
   4.3013748e-02
   5.8141831e-02
   6.5683566e-02
   3.8819358e-02
   4.6398658e-02
   1.5319133e-01
   1.5871328e-01
   8.1764750e-02
   7.8789108e-02
   8.6306207e-02
   9.4197035e-02
   5.1342521e-02
   5.6319777e-02
   6.3611045e-02
   3.1596828e-02
   5.6815604e-03
   2.6781149e-02
   6.2803969e-02
   4.1787602e-02
   1.8783875e-03
   2.5917937e-03
   9.7252447e-03
   2.9300001e-02
   1.7985582e-02
   2.4993429e-02
   3.6279973e-02
   3.3200402e-02
   4.0094763e-02
   4.8113009e-03
  -2.0907852e-03
   1.4597553e-02
   7.8588173e-02
   1.4926080e-01
   1.7024796e-01
   1.1809341e-01
   6.3755699e-02
   3.0485820e-02
   1.6069682e-02
   2.3337218e-03
   4.4232491e-02
   7.5503387e-02
   7.7105157e-02
   6.0843501e-02
   5.3170681e-02
   4.0243372e-02
   4.0971976e-02
   7.9783000e-02
   7.6294146e-02
   7.0767887e-02
   5.4767504e-02
   7.1970254e-02
   7.4125960e-02
   6.5707512e-02
   5.3035423e-02
   6.2904567e-02
   3.5924211e-02
   1.1362830e-02
   1.2035090e-02
   6.4825952e-02
   1.2978145e-01
   1.3489248e-01
   8.6648673e-02
   3.2967716e-02
  -9.5959492e-03
  -3.9903400e-03
   1.9522255e-02
   2.6172635e-01
   7.7195531e-01
   9.5472664e-01
   6.5844369e-01
   2.6633093e-01
   7.7744797e-02
   1.0975991e-02
   1.2565091e-02
   3.2056224e-02
   6.1248079e-02
   1.0424607e-01
   1.2126289e-01
   1.2862518e-01
   1.0585873e-01
   6.9015384e-02
   2.2622142e-02
   1.2559215e-02
  -5.6216954e-03
   9.5808029e-04
   4.9645495e-02
   5.4096468e-02
   5.5116635e-02
   3.8577437e-02
   1.4761020e-02
   1.3652838e-02
   1.6913960e-02
   3.1770978e-02
   3.5383891e-02
   3.6864102e-02
   3.0609386e-02
   2.7242551e-02
   2.8024178e-02
   1.6872911e-02
   2.5540255e-02
   3.6819544e-02
   4.3229457e-02
   3.0432710e-02
   2.5776198e-02
   5.6499839e-03
   4.5309741e-02
   4.0160436e-02
   2.4717903e-02
   2.4292117e-02
   5.9250733e-03
   4.1239704e-03
   2.0540934e-02
   6.5418564e-02
   1.4700796e-01
   1.6947575e-01
   1.1345875e-01
   5.5036053e-02
   2.0886470e-02
  -1.2435499e-02
   8.0439644e-03
   1.0097170e-01
   2.4180590e-01
   2.8477338e-01
   1.9648817e-01
   9.9604122e-02
   5.5729002e-02
   3.5029549e-02
   1.0425352e-02
   1.4065535e-02
   1.2137314e-02
   1.5676321e-02
   5.9423000e-02
   9.7218208e-02
   8.8591337e-02
   8.0031008e-02
   4.8836101e-02
   4.8569113e-02
   4.0405460e-02
   3.7843067e-02
   6.6741131e-02
   8.9412928e-02
   6.4196810e-02
   4.7996454e-02
   3.6160469e-02
   3.7821766e-02
   2.0976759e-02
   1.7114135e-02
   5.1930867e-02
   3.3276074e-02
   8.0516674e-03
   7.9600038e-03
   4.9383931e-02
   3.2253563e-02
   1.3744797e-02
   6.1172314e-02
   1.3011433e-01
   1.9180559e-01
   1.6472486e-01
   7.8085683e-02
   3.6628392e-02
   4.0813021e-02
   4.0118366e-02
   3.8744003e-02
   6.5502003e-02
   7.7007353e-02
   5.5008851e-02
   3.8191918e-02
   2.3909610e-02
   2.0532452e-02
   2.8896315e-02
   2.7102590e-02
   1.9779578e-02
   4.9557708e-02
   1.5852915e-01
   1.4743926e-01
   6.5567747e-02
   3.5511047e-02
   1.5706234e-02
  -6.6862428e-03
   2.9578775e-02
   9.0247117e-02
   2.7977639e-01
   3.6141619e-01
   2.6980400e-01
   1.4026380e-01
   8.3434723e-02
   1.9220639e-02
   8.0872374e-03
   1.1561053e-02
   7.2100605e-03
   2.0623393e-02
   7.4162200e-02
   1.1754712e-01
   1.0753827e-01
   7.2283804e-02
   5.0997715e-02
   6.9133523e-03
   1.9222764e-02
   2.5963945e-02
   2.1791514e-02
   5.1374026e-02
   7.9790898e-02
   8.5282639e-02
   5.4464847e-02
   4.1798137e-02
   1.4768674e-02
   2.1473743e-02
   1.5315535e-02
   4.2422008e-02
   8.3737075e-02
   7.3931314e-02
   4.8296344e-02
   6.1183270e-02
   5.1946085e-02
   5.0979335e-02
   1.4772627e-02
   3.4098406e-03
   7.5760647e-03
   9.4591510e-03
   5.0940096e-02
   1.0462461e-01
   1.2760778e-01
   9.0544388e-02
   7.7028140e-02
   7.8285336e-02
   8.5013159e-02
   7.2103426e-02
   6.5981843e-02
   5.7110358e-02
   3.1304628e-02
   1.1922858e-03
   5.6576133e-02
   1.9560517e-01
   3.4628880e-01
   3.2022712e-01
   1.8188258e-01
   5.3882144e-02
   1.8859025e-02
   4.4052653e-02
   1.9181424e-01
   7.8000730e-01
   1.2925103e+00
   1.1263448e+00
   6.8189353e-01
   3.2360083e-01
   1.3709430e-01
   4.8452862e-02
   1.3858022e-02
   2.5296224e-02
   2.4883684e-02
   1.2965897e-01
   2.6535475e-01
   2.7030388e-01
   2.3217334e-01
   1.3626598e-01
   7.7332996e-02
   2.9857390e-02
   3.0609295e-02
   3.2102607e-02
   6.3878328e-02
   3.7916701e-02
   4.0611494e-02
   4.1812327e-02
   2.3106471e-02
   7.3952749e-02
   1.6710295e-01
   1.5891767e-01
   9.8542288e-02
   8.7533914e-02
   8.9673363e-02
   4.9701791e-02
   7.2174899e-02
   2.7328521e-01
   6.6813612e-01
   7.4932247e-01
   5.0392324e-01
   2.5946650e-01
   1.3649318e-01
   8.5449047e-02
   8.4290959e-02
   5.9877962e-02
   4.5913622e-02
   2.8117027e-02
   2.5182408e-01
   5.8886552e-01
   6.9302684e-01
   5.5392551e-01
   2.8807509e-01
   1.2881783e-01
   3.7737887e-02
   4.8311286e-02
   1.5195870e-01
   3.2284218e-01
   4.6966904e-01
   4.6516675e-01
   3.7127885e-01
   2.9344207e-01
   2.3718795e-01
   2.2607747e-01
   1.2534462e-01
   1.7891213e-02
   2.9024957e-02
   1.8103366e-01
   5.8171958e-01
   1.0819873e+00
   1.0534346e+00
   7.1182829e-01
   3.2441634e-01
   1.4264572e-01
   1.1355081e-01
   2.4240279e-01
   1.2030156e+00
   2.7361088e+00
   3.0974469e+00
   2.1362729e+00
   1.5101253e+00
   1.5834774e+00
   1.5788183e+00
   1.2072835e+00
   6.2868655e-01
   2.1513535e-01
   1.2916690e-01
   1.1813266e+00
   5.1685677e+00
   9.4280367e+00
   8.8189716e+00
   4.8434997e+00
   2.0780025e+00
   7.4839145e-01
   3.3491334e-01
   3.0398226e+00
   1.8800501e+01
   3.9257519e+01
   3.8946095e+01
   2.3462749e+01
   9.6838284e+00
   2.9842856e+00
   7.0610166e-01
   1.0697733e-01
   7.2891392e-02
   3.4782112e-01
   2.8614161e+00
   6.8861957e+00
   7.8387127e+00
   5.3431358e+00
   2.3701870e+00
   5.1437682e-01
  -1.7745060e-01
  -8.1614777e-02
   4.2183986e-01
   7.5117320e-01
   1.1459811e+00
   1.7263749e+00
   1.5652641e+00
   8.9826781e-01
   4.1641229e-01
   2.1737124e-01
   1.5871127e-01
   1.7265484e-01
   4.2356008e-01
   5.9823513e-01
   6.6589302e-01
   7.3903686e-01
   1.0899653e+00
   1.7712628e+00
   1.7057616e+00
   8.4085351e-01
   1.8161312e-01
  -3.6250468e-02
   1.1329808e-01
   3.1707993e-01
   3.4954420e-01
   2.2586872e-01
   1.4502081e-01
   1.6910501e-01
   2.0369336e-01
   1.6743217e-01
   2.6115301e-01
   3.7536070e-01
   4.4881216e-01
   2.8481570e-01
   1.8550797e-01
   1.1376213e-01
   1.3788256e-01
   1.0678119e-01
   1.9548975e-02
  -4.2019650e-02
  -1.0742678e-01
   4.0127348e-02
   2.3094597e-01
   3.1989068e-01
   2.0048800e-01
  -2.9942980e-02
  -2.1238101e-01
  -2.0518102e-01
   8.8704102e-02
   5.4492891e-01
   1.0598598e+00
   1.1984397e+00
   6.6110408e-01
   2.0074120e-01
   7.8383394e-02
   6.7056865e-01
   1.9822520e+00
   2.4068782e+00
   1.5820324e+00
   5.5081654e-01
   1.7891558e-01
   8.0279469e-01
   1.7977047e+00
   1.8686424e+00
   1.1296955e+00
   5.2898127e-01
   4.1048741e-01
   3.8313815e-01
   6.9737923e-01
   3.8081520e+00
   8.8572330e+00
   9.7430124e+00
   6.3148613e+00
   2.7695594e+00
   9.3234104e-01
   3.2135364e-01
   1.9273093e-01
   1.3713436e-01
   1.6583100e-01
   8.1122959e-01
   1.9772439e+00
   2.2647376e+00
   1.5393869e+00
   7.1247482e-01
   2.0027030e-01
  -2.7777909e-03
   5.8389115e-03
   1.6452420e-01
   3.1102714e-01
   4.5354065e-01
   5.4499060e-01
   4.3059295e-01
   1.9513531e-01
   7.8381851e-02
   6.6790588e-02
   2.8707564e-02
   3.7082549e-02
   1.1256815e-01
   1.6257089e-01
   1.9342858e-01
   2.2732389e-01
   2.8493598e-01
   3.9787495e-01
   3.3031914e-01
   9.0748630e-02
   1.1404358e-03
   3.7993796e-02
   1.3316347e-01
   1.9701383e-01
   1.4196175e-01
   7.5881742e-02
   1.2670587e-02
   3.5958968e-02
   5.0644342e-02
   1.0605922e-01
   1.7373417e-01
   1.9528671e-01
   1.5739642e-01
   9.3566574e-02
   4.3544844e-02
   6.6446267e-02
   4.9961075e-02
   1.7334715e-02
  -1.0597537e-03
   1.8470626e-02
   9.8149948e-02
   2.5287658e-01
   3.4228250e-01
   2.3355927e-01
   7.3118828e-02
  -8.2117051e-02
  -1.0793893e-01
  -2.6687831e-02
   2.4275587e-01
   6.6949004e-01
   8.2124782e-01
   6.2502056e-01
   2.9757166e-01
   1.4612545e-01
   2.0355299e-01
   3.4837294e-01
   4.2219034e-01
   2.3696856e-01
  -6.7206263e-03
   2.0974196e-01
   1.1836189e+00
   2.1388617e+00
   1.9731777e+00
   1.0304211e+00
   3.3232582e-01
   3.6207218e-02
   1.2024229e-01
   1.7775525e+00
   6.9045649e+00
   1.1375340e+01
   1.0132598e+01
   5.8218160e+00
   2.3640332e+00
   7.3063260e-01
   2.6012450e-01
   1.8807350e-01
   2.1834791e-01
   5.9370601e-01
   1.6285294e+00
   2.4128904e+00
   2.1567292e+00
   1.3508701e+00
   6.4168441e-01
   2.6699322e-01
   1.0066289e-01
   2.0694293e-01
   2.9509637e-01
   4.1240013e-01
   5.3999484e-01
   6.0213202e-01
   4.0821606e-01
   1.9772290e-01
   3.2507233e-02
   1.1777287e-02
   4.5902699e-02
   1.0781991e-01
   1.7398587e-01
   2.3224199e-01
   2.0889181e-01
   1.6645201e-01
   1.8818977e-01
   1.6469215e-01
   1.0032895e-01
   4.7011252e-02
   4.2353623e-02
   7.6436728e-02
   8.9911029e-02
   1.2347031e-01
   6.7269817e-02
   3.2112222e-02
  -2.7048396e-05
   1.2409771e-02
   4.3909334e-02
   1.0918065e-01
   1.3980283e-01
   1.8908221e-01
   1.4222360e-01
   1.0859922e-01
   6.5018736e-02
   2.5346182e-02
   6.9194562e-03
  -1.1627994e-02
  -1.7335802e-02
   4.9416825e-02
   1.2155924e-01
   2.0888443e-01
   1.6015504e-01
   8.0222026e-02
   1.1677160e-02
  -2.3988327e-03
   7.1570799e-02
   1.3948873e-01
   3.1468812e-01
   4.4373059e-01
   3.5725853e-01
   1.8591002e-01
   1.0894349e-01
   1.1536402e-01
   1.5876184e-01
   2.3907270e-01
   2.9586589e-01
   1.6732095e-01
   9.1923788e-02
   2.8197515e-01
   5.8277857e-01
   5.7510006e-01
   3.2246223e-01
   1.0923433e-01
   3.4892235e-02
   2.3550570e-02
   2.9938540e-01
   1.3789300e+00
   2.7885833e+00
   2.8924565e+00
   1.7770194e+00
   7.3388362e-01
   2.5220534e-01
   8.3786502e-02
   2.5432810e-02
   4.0941764e-02
   1.3405088e-01
   4.2476836e-01
   6.7906106e-01
   6.5287417e-01
   3.8441107e-01
   1.5802392e-01
   5.2835587e-02
   2.2336749e-02
   6.7563541e-02
   9.6163698e-02
   9.5514648e-02
   1.4323337e-01
   1.4329171e-01
   1.0150265e-01
   3.7474934e-02
   8.4207831e-03
   3.0886824e-03
   1.3733486e-03
   3.8323455e-02
   6.1977983e-02
   7.0959195e-02
   6.5247700e-02
   8.1976824e-02
   6.1726190e-02
   7.4193656e-02
   2.7947202e-02
  -7.4121715e-03
   1.2727764e-02
   4.1856270e-02
   5.8791630e-02
   1.0858264e-02
   1.0846619e-03
   4.3181814e-02
   2.1351900e-02
   2.9154282e-02
   4.5862280e-02
   8.6403266e-02
   7.1846209e-02
   7.1101405e-02
   6.3204899e-02
   5.6954730e-02
   6.0957436e-02
   5.3541407e-02
   4.9517561e-02
   2.3692595e-02
   1.1834269e-02
   2.1780329e-02
   5.0787821e-02
   7.9862393e-02
   3.4036607e-02
   3.8782742e-03
   1.6088607e-02
   1.9632701e-03
   1.2001238e-02
   6.8372332e-02
   1.3812202e-01
   1.3573650e-01
   1.0542728e-01
   4.9088780e-02
   3.5053432e-02
   6.0844015e-02
   9.9228740e-02
   8.0185756e-02
   4.9282521e-02
   3.2676388e-02
   6.4222164e-02
   1.7444877e-01
   2.2967799e-01
   1.9879170e-01
   1.0359167e-01
   2.9128017e-02
   1.7316706e-02
   1.0874592e-01
   4.0445644e-01
   8.8845479e-01
   9.9607915e-01
   7.1802974e-01
   3.4135339e-01
   1.2894911e-01
   3.5285491e-02
   1.4418858e-02
  -1.1388255e-02
   1.7097475e-02
   1.3329886e-01
   2.3119816e-01
   2.0732428e-01
   1.3571396e-01
   6.5689385e-02
   2.2775555e-02
   1.4101709e-02
   2.9195827e-02
   6.0477864e-02
   4.3775797e-02
   5.0372403e-02
   9.9964090e-02
   6.4911485e-02
   3.2629184e-02
   2.4694914e-02
  -5.1929392e-03
   3.3083413e-02
   2.2696065e-02
   4.6932887e-02
   7.0067741e-02
   5.1942501e-02
   4.4082675e-02
   6.0359117e-02
   2.1344440e-02
   1.5492178e-02
   5.7021822e-03
   4.5629241e-02
   6.0005166e-02
   3.2203481e-02
   3.0887030e-02
   3.5754323e-02
   1.6879404e-02
   1.5584343e-02
   6.4942516e-02
   4.4003580e-02
   3.3675019e-02
   3.5379179e-02
   2.9133143e-02
   3.2060131e-02
   2.8329311e-02
   1.2067034e-02
   9.3226675e-03
   1.3646783e-02
   3.3567298e-02
   3.2139096e-02
   3.0623853e-02
   3.2395132e-02
   3.9039619e-02
   3.7501410e-02
   3.6617771e-02
   1.6985921e-02
   7.2618797e-03
   2.3345746e-02
   2.7977427e-02
   3.3770941e-02
   2.3795219e-02
   3.7293635e-02
   3.6766231e-02
   1.7580310e-02
   3.1755522e-02
   2.4779957e-02
   1.2667822e-02
   3.7838075e-02
   6.9857068e-02
   8.5270979e-02
   9.2202775e-02
   9.5803984e-02
   7.7857330e-02
   4.1300599e-02
   1.9257266e-02
   6.3130192e-02
   1.1809456e-01
   2.4553698e-01
   3.3026299e-01
   2.7612370e-01
   1.3785863e-01
   5.8742817e-02
   3.1986408e-02
   3.9515018e-02
   7.0594428e-03
   1.7257707e-02
   5.0671559e-02
   7.3167257e-02
   9.7268991e-02
   7.7825606e-02
   4.2416628e-02
   1.5676374e-02
   6.3419044e-03
   2.6081476e-02
   1.3539882e-02
   7.8800442e-03
   3.8328800e-02
   4.1815091e-02
   3.0057829e-02
   2.0603081e-02
   2.2190828e-02
   2.2434749e-02
   2.6851630e-02
   2.8490199e-02
   3.6330324e-02
   2.8584028e-02
   1.5865831e-02
   2.4056630e-03
   1.5528410e-02
   3.1990804e-02
   3.9815456e-02
   2.3141669e-02
   4.9570095e-02
   3.3791084e-02
   3.7858441e-02
   2.4457224e-02
   2.3329781e-02
   3.5183717e-02
   2.4606941e-02
   2.6674597e-02
   3.0791713e-02
   2.2633890e-02
   2.7836964e-02
   6.1785821e-02
   4.3308973e-02
   4.9344089e-02
   5.4264836e-02
   2.9458065e-02
   4.2742230e-02
   6.9988757e-02
   5.8405951e-02
   8.9803956e-02
   1.1458490e-01
   8.4760122e-02
   3.6518589e-02
   1.7663486e-02
   6.3003875e-02
   6.0516372e-02
   6.5072753e-02
   9.1192946e-02
   4.8181042e-02
   6.5559730e-02
   4.5897856e-02
   7.2540715e-02
   1.2595174e-01
   1.6786306e-01
   1.4839928e-01
   1.0257170e-01
   1.0293020e-02
   9.7067887e-03
   8.3097175e-02
   1.5806574e-01
   1.0499240e-01
   1.0529422e-01
   1.0173140e-01
   7.0559494e-02
   7.8399211e-02
   1.8335713e-01
   3.0542251e-01
   2.9706720e-01
   1.5823583e-01
   6.1121978e-02
   3.0383816e-02
   5.6093737e-02
   1.5367647e-01
   3.0819401e-01
   2.5477108e-01
   1.5485185e-01
   4.7883246e-02
  -2.6387703e-02
   4.2746831e-02
   2.7415702e-01
   5.2540201e-01
   6.2242401e-01
   4.0343270e-01
   1.5334606e-01
   7.4562766e-02
   3.6763333e-02
   1.4881939e-01
   2.6039693e-01
   3.0619964e-01
   2.4965756e-01
   1.7455402e-01
   1.3404907e-01
   1.0338797e-01
   1.5059230e-01
   1.9917768e-01
   2.0719832e-01
   1.4602143e-01
   1.0186181e-01
   7.0812427e-02
   9.1569170e-02
   9.0126052e-02
   9.9195182e-02
   6.5085940e-02
   6.9834255e-02
   4.8734035e-02
   5.0706726e-02
   4.9976762e-02
   2.9395398e-02
   1.9388108e-02
   3.7641149e-02
   3.4447074e-02
   4.1192390e-02
   5.1142316e-02
   6.4270213e-02
   5.2414034e-02
   4.7053240e-02
   3.6626354e-02
   1.5714392e-02
   2.4172354e-02
   5.1157441e-02
   3.8949963e-02
   3.1486332e-02
   1.6675266e-02
  -6.7278016e-03
  -1.3927791e-03
   1.1384428e-02
   3.4646440e-02
   4.3016963e-02
   3.9794855e-02
  -2.9851351e-04
   1.1830715e-02
   3.7051272e-02
   5.7537764e-02
   4.3535892e-02
   6.4756379e-02
   4.1582111e-02
   1.3639783e-02
   9.8938914e-03
   9.1703059e-03
   1.1484955e-02
   3.7380684e-02
   4.8342980e-02
   6.4953819e-02
   5.2864686e-02
   4.3291125e-02
   6.1603352e-02
   7.4532695e-02
   6.0293533e-02
   4.3324970e-02
   3.4333449e-02
   2.7234169e-02
   3.1529550e-02
   5.7879578e-02
   7.2487555e-02
   5.6722980e-02
   4.7542704e-03
   1.4853252e-03
   2.3363572e-02
   4.9340498e-02
   1.6658697e-01
   2.5686455e-01
   2.0590071e-01
   1.0765038e-01
   2.6213171e-02
   1.3650005e-02
   4.1745957e-02
   8.9177713e-02
   1.0355643e-01
   8.4826171e-02
   6.4583920e-02
   3.5812605e-02
   2.9662343e-02
   3.4131616e-02
   5.0962191e-02
   5.2808646e-02
   6.6686682e-02
   5.3652097e-02
   4.4230029e-02
   2.9717349e-02
   4.3798141e-02
   6.4768754e-02
   5.8857545e-02
   5.4823875e-02
   4.8084415e-02
   2.1877807e-02
   2.8878041e-02
   5.3503726e-02
   3.2315213e-02
   1.2333047e-02
   1.6896578e-02
   3.1412177e-02
   3.5741657e-02
   5.1277451e-02
   3.4935996e-02
   5.8257259e-02
   1.0033709e-02
   1.6937589e-03
   2.2704694e-02
   2.5355563e-02
   2.8613273e-02
   4.6173888e-03
   2.4875268e-02
   2.9752510e-02
   3.2093573e-02
   2.3848116e-02
   5.5573922e-02
   5.9891745e-02
   3.6077052e-02
   2.0217529e-02
   2.9030642e-02
   1.9510834e-02
   2.2777041e-02
   2.8371727e-02
   1.6176770e-02
   1.6947642e-02
   9.7032143e-03
   2.4177715e-02
   1.8060835e-02
   1.0928162e-02
   1.8153898e-02
   2.0191183e-02
   5.1171798e-02
   4.9232546e-02
   5.6170478e-02
   3.8644005e-02
   1.3242122e-02
   1.7778944e-02
   3.7614468e-02
   9.3568318e-02
   1.5770362e-01
   1.4204627e-01
   1.0682370e-01
   6.6045836e-02
   1.9704189e-02
   1.2546574e-02
   2.9676154e-02
   4.2782161e-02
   1.0830304e-01
   1.5140007e-01
   1.5305115e-01
   9.7859345e-02
   3.3548873e-02
   1.8386556e-02
   3.4326411e-04
   3.4348562e-02
   6.5811634e-02
   6.5673038e-02
   7.8728177e-02
   6.2697589e-02
   2.4005195e-02
   3.7425850e-02
   2.5739620e-02
   4.1734878e-02
   2.8392209e-02
   2.4279112e-02
   1.1172511e-02
   1.5019829e-02
   2.8121622e-02
   3.7355620e-02
   1.5632948e-02
   1.4239368e-02
   2.6458630e-02
   2.8413408e-02
   2.8833413e-02
   4.0640984e-02
   2.3126777e-02
   1.1804563e-02
   1.4575636e-02
   1.9663226e-02
   3.5838455e-02
   2.2433953e-02
   3.7618526e-03
   2.7929116e-02
   3.4230772e-02
   2.9321257e-02
   2.7400699e-02
   9.6240873e-03
   1.5335171e-02
   2.5370322e-02
   1.4409719e-02
   1.6833149e-02
   3.2574728e-02
   2.4880365e-02
   2.0694638e-02
   2.2217076e-02
   2.7274946e-02
   2.9871117e-02
   1.0030687e-02
   2.1354817e-02
   1.7249417e-02
   1.2601824e-02
   1.4492021e-02
   4.5107096e-03
   2.4503293e-02
   2.3212144e-02
   6.5936786e-03
   1.5906548e-02
   2.0944405e-02
   2.5650609e-02
   2.4327068e-02
   2.3593068e-02
   3.6857713e-02
   2.5435911e-02
   1.0314125e-02
   8.3015393e-04
   1.3567742e-02
   2.6640836e-02
   5.2294366e-02
   5.1479202e-02
   5.8158111e-02
   2.5282610e-02
  -3.3976062e-04
   1.4753575e-02
   2.4915421e-02
   2.4512453e-02
   4.5759615e-02
   6.0155269e-02
   4.6709858e-02
   2.3479588e-02
   1.5267233e-02
   7.0016030e-03
   2.0374142e-02
   2.4965793e-02
   3.0132422e-02
   3.3302143e-02
   1.5301092e-02
   1.9873263e-02
   1.8048659e-02
   2.4131391e-02
   1.4064630e-02
   1.0894043e-02
   1.9663455e-02
   2.0569539e-02
   2.6488803e-02
   1.8194562e-02
   1.5263678e-02
   2.9624548e-02
   1.4238221e-02
   1.2610846e-02
  -2.7925610e-03
   6.0499753e-03
   6.7099496e-03
   1.6874492e-02
   2.3343112e-02
   8.0398247e-03
   1.2346867e-02
   1.6132560e-02
   1.5063352e-02
   3.8590878e-02
   4.3279771e-02
   2.8584160e-02
   2.4643678e-02
   3.6052734e-02
   3.8323067e-02
   5.9382319e-03
   2.5477408e-02
   1.8390359e-02
   1.2457377e-02
   2.3132861e-02
   9.6812109e-03
   8.7791653e-03
   5.7538776e-03
   2.4248328e-02
   2.1349607e-02
   2.4010522e-02
   3.0308433e-02
   3.7015822e-02
   1.0843854e-02
   1.8195566e-02
   1.5818806e-02
   2.1579068e-02
   3.2544035e-02
   3.1370081e-02
   9.4371680e-03
   5.3711790e-03
   2.1503855e-02
   2.6216429e-02
   2.6117193e-02
   1.7418372e-02
   1.6204573e-02
   1.5119309e-02
   1.8552346e-02
   3.0445039e-02
   2.1791879e-02
   1.3630148e-02
   1.5405924e-02
   1.7277578e-02
   1.1978960e-02
   8.3557228e-03
   1.0112714e-02
   5.2249851e-03
   1.2641087e-02
   2.8370470e-02
   3.9158832e-02
   3.4135528e-02
   2.5008895e-02
   2.0518368e-02
   1.3570735e-02
   1.0171182e-02
   1.7455623e-02
   2.6301889e-02
   2.3426203e-02
   2.3628421e-02
   2.6628673e-02
   1.3383327e-02
   1.3270102e-02
   1.5283967e-02
   2.0052750e-02
   1.6236112e-02
   1.8362176e-02
   3.5093219e-03
   1.0203362e-02
   1.4312357e-02
   1.6273873e-02
   3.1250581e-02
   1.2981383e-02
   1.8846861e-03
   1.7802859e-02
   2.1276636e-02
   9.6866312e-03
   1.6913239e-02
   2.3933146e-02
   2.3017719e-02
   9.0696504e-03
   3.4595376e-03
   1.8166009e-02
   8.9666145e-03
   1.6499793e-02
   1.8327430e-02
   1.5219472e-02
   1.6316604e-02
   3.3043139e-02
   2.8887859e-02
   2.7053198e-02
   1.7563740e-02
   1.2756064e-02
   1.7979244e-02
   1.2194086e-02
   1.1960897e-02
   1.4589529e-02
   2.6971899e-02
   2.1333639e-02
   8.6609544e-03
   1.8668804e-02
   1.8612662e-02
   2.1325564e-02
   1.8028852e-02
   5.1895101e-03
   2.5577345e-03
   1.5113731e-02
   1.7455688e-02
   1.5156122e-02
   1.4819806e-02
   9.9280598e-03
   1.3914082e-02
   2.2059951e-02
   2.5434630e-02
   2.2922110e-02
   1.7768094e-02
   1.3213200e-02
   6.6695097e-03
   1.9023985e-02
   1.3304152e-02
   2.2125063e-02
   2.0366017e-02
   2.0369709e-02
   1.3167717e-02
   1.1310424e-02
   1.2189587e-02
   9.1387257e-03
   3.2429062e-02
   2.1668229e-02
   3.0092368e-02
   2.9178813e-02
   6.7884098e-03
   5.0118356e-03
   1.4844093e-02
   1.3678358e-02
   1.0912204e-02
   2.1954058e-02
   2.6110858e-02
   2.0981923e-02
   1.4499807e-02
   1.0800782e-02
   1.6035521e-02
   1.2639915e-03
   8.9058233e-03
   2.0637365e-02
   1.1645318e-02
   1.4282767e-02
   1.3135101e-02
   1.9050555e-02
   1.1902849e-02
   1.4542055e-02
   8.3511984e-03
   1.2730301e-02
   1.2723814e-02
   3.2639573e-03
   1.3056282e-02
   1.3219136e-02
   9.1748601e-03
   1.2180412e-02
   1.9608272e-02
   3.7000158e-03
   1.8201256e-02
   1.8025016e-02
   1.7275658e-02
   1.3329974e-02
   1.5651900e-02
   2.0062393e-02
   1.2367381e-02
   1.3740381e-02
   2.0610617e-02
   5.6933733e-03
  -9.0377420e-05
   2.2046300e-02
   1.6103446e-02
   1.8330507e-02
   2.4513520e-02
   2.8624535e-02
   2.2257928e-02
   1.8397270e-02
   1.0695084e-02
   8.3663035e-03
   6.1145509e-03
   1.3779709e-02
   1.8659495e-02
   2.0759992e-02
   1.5331161e-02
   1.9561689e-02
   3.5486758e-02
   1.9955352e-02
   2.5153097e-02
   4.4367285e-03
   1.7091896e-02
   1.1356346e-02
   1.5536787e-02
   2.0737970e-02
   1.7358556e-02
   1.3677943e-02
   1.2866772e-02
   1.6363321e-02
   1.7396616e-02
   2.2354554e-02
   7.7422108e-03
   2.1759424e-02
   1.9292925e-02
   2.3337824e-02
   1.0410009e-02
   2.0614512e-02
   1.7079864e-02
   1.6992275e-02
   3.5868987e-02
   1.4917903e-02
   6.2130569e-03
   1.9805040e-02
   3.1365290e-02
   1.3799435e-02
   1.0142892e-02
   1.5836880e-02
   1.6801296e-02
   1.2020202e-02
   1.8693985e-02
   1.4398426e-02
   2.0220397e-02
   2.2144757e-02
   1.4951079e-02
  -1.1778264e-05
  -3.4211695e-03
   4.0704920e-03
   1.6334280e-02
   1.7518010e-02
   1.8711004e-02
   1.6037351e-02
   1.4017214e-02
   2.7392626e-02
   2.4616620e-02
   1.2567886e-02
   1.1450570e-02
   2.4253834e-02
   3.1768754e-02
   7.0773372e-03
   5.2650548e-03
   3.2179393e-02
   2.9260295e-02
   2.4151962e-02
   1.5528330e-02
   1.1099610e-02
   1.1642370e-02
   1.9777987e-02
   1.7178256e-02
   1.9613273e-02
   1.2436051e-02
   2.9521246e-02
   1.3494883e-02
   1.3242507e-02
   1.4335627e-03
   1.4080155e-02
   2.7302759e-02
   1.2695448e-02
   1.2221123e-02
   2.0262394e-02
   1.3804686e-02
   1.5959162e-02
   2.1721007e-02
   3.2816511e-02
   2.6818078e-02
   1.8209716e-02
   2.4663711e-02
   3.3733074e-02
   2.5959900e-02
   1.7640617e-02
  -8.4275176e-04
   9.9348305e-03
   4.0656324e-02
   7.3385268e-02
   8.0621578e-02
   4.3474149e-02
   1.3571966e-02
   1.1550442e-02
   3.0187013e-02
   1.2780832e-01
   2.7749801e-01
   2.9526439e-01
   1.8493511e-01
   7.2338268e-02
   2.0791426e-02
   2.0406969e-02
   6.3984856e-02
   1.0992301e-01
   8.6470567e-02
   5.9130289e-02
   5.5440493e-02
   3.6182784e-02
   2.5131596e-02
   1.6523087e-02
   9.2719197e-03
   2.2751961e-02
   3.7625086e-02
   5.1122565e-02
   3.7831049e-02
   3.8428526e-02
   1.7785607e-02
   7.1736830e-03
   1.8455710e-02
   2.0538844e-02
   3.3405922e-02
   3.5422299e-02
   3.1060478e-02
   1.5845373e-02
   1.4192741e-02
   1.8296335e-02
   2.8470339e-02
   2.3549037e-02
   1.6171614e-02
   5.2931835e-03
   1.0908009e-02
   7.7382396e-03
   1.6116479e-02
   1.6462728e-02
   8.0461511e-03
   1.4826965e-02
   3.3100657e-02
   1.9689644e-02
   3.5261882e-03
   6.4360872e-03
   2.1053361e-02
   1.6185919e-02
   1.5713105e-02
   2.3043094e-02
   2.3912551e-02
   2.2068685e-02
   2.2691227e-02
   1.5010507e-02
   3.9007089e-03
   1.1644092e-02
   1.4953375e-02
   1.2255824e-02
   2.0885970e-02
   2.4782417e-02
   2.3210835e-02
   1.2603001e-02
   1.4448955e-02
   1.9716423e-02
   2.2192413e-02
   1.7910739e-02
   1.2279845e-02
   1.4565077e-02
   2.6272729e-02
   3.0931247e-02
   2.0218590e-02
   2.5032502e-02
   2.2011202e-02
   1.5310337e-02
   1.6727887e-02
   3.3633288e-02
   5.5808228e-02
   6.5046869e-02
   5.7087906e-02
   2.0748455e-02
   1.9398298e-02
   2.7004313e-02
   1.7526707e-02
   2.3320628e-02
   2.3345107e-02
   2.1704733e-02
   2.7353045e-02
   1.6127212e-02
   1.1229185e-02
   8.8365814e-03
   9.7955437e-03
   5.9073884e-03
   1.9061686e-02
   2.9738173e-02
   1.5920965e-02
   7.0824474e-03
  -1.1678357e-03
   4.3480457e-03
   1.4349485e-02
   2.4070593e-02
   1.3482218e-02
   7.4494961e-03
   1.9417653e-02
   7.6815705e-03
   9.3031004e-03
   1.3689668e-02
   1.4806609e-02
   1.3436195e-02
   1.3299397e-02
   6.7551839e-03
  -4.8864288e-03
   1.0560988e-02
   1.0221243e-02
   1.4662381e-02
   2.2763686e-02
   1.1554425e-02
   6.7009376e-03
   8.7972004e-03
   2.3731485e-03
   9.7625041e-03
   1.2506407e-02
   2.0239454e-02
   2.2526395e-02
   2.3933655e-02
   2.4830896e-02
   2.1018131e-02
   1.9637980e-02
   1.1453054e-02
   7.4187974e-03
   1.2599624e-02
   1.6059952e-02
   6.7669181e-03
   9.9377446e-03
   2.1736808e-02
   2.2885134e-02
   1.5998870e-02
   5.5495985e-03
   1.7159488e-02
   1.2425627e-02
   1.3334935e-02
   1.0282721e-02
   9.5973220e-03
   1.3704463e-02
   2.0037608e-02
   1.9683439e-02
   2.4850026e-02
   1.7503800e-02
   2.0481269e-03
   1.5204166e-03
   2.0368252e-02
   2.2236876e-02
   1.8090477e-02
   1.8739527e-02
   2.6107231e-02
   3.4056015e-02
   1.3614216e-02
   1.3095718e-02
   9.3002450e-03
   1.2412620e-02
   6.1251493e-03
   2.2368509e-02
   2.1396028e-02
   8.1438925e-03
   7.6696211e-03
   1.0093334e-02
   1.5759360e-02
   1.4005398e-02
   1.7174065e-02
   1.6422654e-02
   8.0990419e-03
   1.6333634e-02
   2.5212808e-02
   1.8677671e-02
   2.3313155e-02
   2.6451560e-02
   1.3765712e-02
   8.5578505e-03
   1.1548121e-02
   1.5596796e-02
   2.7780444e-03
   9.1386419e-03
   1.6510123e-02
   2.2749623e-02
   1.8905239e-02
   2.4896584e-02
   2.4637649e-02
   1.7044161e-02
   2.2968911e-02
   1.8613584e-02
   1.5985796e-02
   1.6070340e-02
   8.8314656e-03
   7.4278009e-03
   1.0375203e-02
   9.8167099e-03
   2.0808745e-02
   1.7356345e-02
   7.9644062e-03
   1.1452514e-02
   1.4164759e-02
   2.1055426e-02
   1.6599532e-02
   8.4813442e-03
   1.3071905e-02
   1.8165702e-02
   2.1941712e-02
   1.4712218e-02
   3.6005268e-03
   1.1693882e-02
   3.3251892e-04
   1.5862961e-03
   5.4457304e-03
   1.8167146e-02
   2.2043347e-02
   1.1977312e-02
   2.2160370e-02
   1.1603092e-02
   5.9964694e-03
   1.1118039e-02
   1.3170958e-02
   1.4420524e-02
   1.2542148e-02
   1.4908281e-02
   1.4919481e-02
   1.4779235e-02
   1.2397924e-02
   1.3975945e-02
   1.2780013e-02
   1.3941175e-02
   1.9843291e-02
   1.2220005e-02
   5.5519063e-03
   2.3766143e-02
   1.2394186e-02
   1.6004294e-02
   1.9258285e-02
   5.3962935e-03
   1.3074284e-02
   8.9376373e-03
   1.0362701e-02
   9.2053115e-03
   9.2075821e-03
   1.9154750e-02
   9.9990387e-03
   1.8268339e-02
   1.6120806e-02
   1.6488828e-02
   2.4127549e-02
   2.2508739e-02
   8.9567201e-03
   9.6780472e-03
   9.4988188e-03
   6.8756281e-03
   1.1803439e-02
   1.4717205e-02
   1.7779339e-02
   7.9651866e-03
   1.0551644e-02
   1.6275326e-02
   1.0310022e-02
   1.3735834e-02
   7.3398654e-03
   2.7320059e-03
   1.0517276e-02
   1.5251142e-02
   1.1056600e-02
   4.3890411e-03
   2.1264138e-02
   2.8487785e-02
   1.2611304e-02
   3.1298338e-03
  -8.8533002e-04
  -1.0598422e-03
   1.3524250e-02
   2.1448210e-02
   1.1396746e-02
   1.0774485e-02
   2.1586386e-02
   2.0106692e-02
   2.2994826e-02
   1.2154195e-02
   1.7046962e-02
   2.5204998e-02
   2.3348890e-02
   1.4503655e-02
   1.4907951e-02
   1.8106677e-02
   1.8009607e-02
