   1.7607171e-02
   6.6010989e-02
   4.9302191e-02
   6.7159675e-02
   2.5650712e-02
   4.5663133e-02
   5.1948674e-02
   5.9712555e-02
   6.2273096e-02
   6.4842612e-02
   4.4456594e-02
   4.1133758e-02
   2.7877999e-02
   3.4819871e-02
   3.3494677e-02
   8.8232651e-02
   6.2398423e-02
   4.7835797e-02
   8.8280320e-02
   1.1163084e-01
   6.3242003e-02
   6.2486339e-02
   8.9283466e-02
   5.1083073e-02
   2.5956616e-02
   7.4402913e-02
   9.2848033e-02
   9.6659005e-02
   6.6886120e-02
   7.4300580e-02
   1.2204494e-01
   9.5863231e-02
   2.9844418e-02
   4.6585064e-02
   6.2549882e-02
   8.3375864e-02
   4.9716432e-02
   5.9804436e-02
   4.1436065e-02
   8.7016486e-02
   9.7792804e-02
   3.6574617e-02
   6.9609366e-02
   2.9629651e-02
   2.4001228e-02
   2.2734376e-02
   1.0565074e-02
   3.5331313e-02
   2.3745215e-02
   9.2575148e-02
   4.8175044e-02
   7.0694603e-02
   8.2219064e-02
   8.5164376e-02
   3.4277789e-02
   2.6079297e-02
   5.7173699e-02
   7.5516485e-02
   6.2000725e-02
   3.5898220e-02
   4.7327463e-02
   4.3112364e-02
   5.3852569e-02
   4.6928424e-02
   4.5932494e-02
   6.3390754e-02
   7.9091407e-02
   5.9178695e-02
   5.7527639e-02
   3.7057634e-02
   6.7303210e-02
   8.3345257e-02
   6.6561818e-02
   6.0481515e-02
   1.1271458e-01
   1.0667293e-01
   4.4151165e-02
   7.1545824e-02
   6.3573383e-02
   2.9139269e-02
   5.5705905e-02
   4.9822237e-02
   7.5808838e-02
   6.2600151e-02
   5.8554992e-02
   5.8313552e-02
   4.9772095e-02
   8.0612428e-02
   1.0495548e-01
   4.6263516e-02
   2.2220535e-02
   4.4995539e-02
   4.1509148e-02
   1.2876068e-02
   6.3614622e-02
   7.5987428e-02
   7.7179499e-02
   6.7297339e-02
   8.2916848e-02
   5.2461956e-02
   1.8722596e-02
   3.2867741e-02
   1.9470047e-02
   4.1062873e-02
   7.7004410e-02
   5.2130602e-02
   6.2408738e-02
   1.1620886e-01
   1.0442004e-01
   7.0646293e-02
   8.9854829e-02
   6.9655359e-02
   1.0843325e-01
   4.8839971e-01
   7.8741783e-01
   5.3165698e-01
   2.3058824e-01
   1.0341917e-01
   6.2370647e-02
   9.0386957e-02
   8.7212786e-02
   3.9813854e-02
   3.8574353e-02
   1.6378673e-02
   3.1900991e-04
  -1.4833421e-02
   1.3016269e-02
   2.6536748e-02
   6.4466111e-02
   1.2133199e-01
   8.7281287e-02
   4.0402200e-02
   5.3705674e-02
   8.2637578e-02
   1.3278818e-02
  -3.9815828e-03
   2.4286894e-02
   4.8652060e-02
   3.3996638e-02
   6.3701436e-02
   6.7527555e-02
   6.6264220e-02
   2.3868265e-02
   1.9725598e-02
   2.4218623e-02
   3.0567625e-03
   7.3737104e-04
   5.1674921e-02
   1.0517221e-01
   8.3131075e-02
   7.0373394e-02
   7.1521044e-02
   3.0589882e-02
   4.3667566e-02
   4.6451043e-02
   4.5571763e-02
   4.8577961e-02
   4.3621331e-02
   4.2554293e-02
   3.8859364e-02
   6.7080736e-02
   6.6106424e-02
   4.1035514e-02
   2.6455175e-02
   1.4455806e-02
   1.1881796e-02
   6.8954021e-02
   8.9509107e-02
   1.0082007e-01
   4.2265400e-02
   5.3021196e-02
   8.4187932e-02
   9.0003073e-02
   4.6737719e-02
   4.0491961e-02
   3.9373908e-02
   5.9329405e-02
   4.4526596e-02
   4.5987308e-02
   5.6501120e-02
   6.9675483e-02
   5.3313944e-02
   5.6794092e-02
   2.6927289e-02
   9.2614936e-03
   4.3890555e-03
   3.6120802e-02
   5.3177573e-02
   8.5234210e-02
   7.4715286e-02
   7.7564619e-02
   4.1572709e-02
   4.1664895e-02
   5.7805367e-02
   1.4723190e-02
   6.0083684e-02
   1.0157639e-01
   7.7832304e-02
   4.6537474e-02
   4.7254380e-02
   6.1097864e-02
   4.9013138e-02
   4.9687672e-02
   4.5372345e-02
   5.2966367e-02
   1.2062893e-02
   3.5054725e-02
   6.2009133e-02
   6.0372949e-02
   9.2350625e-02
   8.5681796e-02
   7.7437811e-02
   6.0758881e-02
   4.8783209e-02
   3.5159543e-02
   3.2722559e-02
   4.1587319e-02
   2.4112593e-02
   7.7473007e-02
   9.9966183e-02
   8.2533136e-02
   8.4303617e-02
   5.1583100e-02
   2.0497084e-02
   7.6955847e-02
   1.0535453e-01
   1.1072735e-01
   7.3685616e-02
   4.1562777e-02
   4.6205219e-02
   7.3072098e-02
   4.5569044e-02
   3.1726852e-02
   5.0402813e-02
   4.5229238e-02
   8.7571062e-02
   1.6641195e-01
   1.3985620e-01
   1.1224886e-01
   7.1057215e-02
   1.6235830e-01
   2.5000846e-01
   1.9055553e-01
   9.0092331e-02
   7.3949188e-02
   1.6285683e-01
   3.0551299e-01
   3.3106947e-01
   2.1546936e-01
   1.1078302e-01
   8.1966445e-02
   7.0868544e-02
   3.1717494e-02
   3.2683913e-02
   2.3910850e-02
   5.0402142e-02
   6.8486497e-02
   8.7058492e-02
   2.9313466e-02
   1.0805694e-02
   6.3036151e-02
   8.1181914e-02
   5.5406190e-02
   6.6420712e-02
   9.0683758e-02
   6.8181902e-02
   1.1518089e-02
   6.3656442e-02
   5.4701358e-02
   7.8004062e-02
   4.8437931e-02
   5.4397658e-02
   6.1531480e-02
   1.4200627e-02
   3.8403090e-02
   4.4700414e-02
   4.7481596e-02
   7.2115198e-02
   5.8848787e-02
   1.6083773e-02
   4.5528717e-02
   5.1832311e-02
   5.6888461e-02
   6.3600424e-03
   6.2187675e-02
   1.1909929e-01
   1.4107987e-01
   4.8116550e-02
   1.2796687e-02
   4.0228762e-02
   7.4435718e-02
   1.3264349e-01
   1.0266603e-01
   8.6235523e-02
   1.2972212e-01
   1.7543900e-01
   1.2331322e-01
   1.3327639e-01
   7.4050568e-02
   9.9873334e-02
   5.0354332e-01
   8.5981208e-01
   5.7501459e-01
   2.7122304e-01
   1.4140685e-01
   2.0893706e-01
   2.4433720e-01
   1.9429705e-01
   1.6511869e-01
   1.7264536e-01
   1.9699438e-01
   5.5124533e-01
   7.5872242e-01
   3.5512790e-01
   1.4724392e-01
   1.2179799e-01
   1.4837198e-01
   1.6382897e-01
   1.4093165e-01
   1.8547350e-01
   1.5694310e-01
   9.8875128e-02
   9.1437206e-02
   5.5957336e-02
   1.2513971e-02
   6.4199097e-02
   6.2243927e-02
   5.1203266e-02
   7.1124032e-02
   4.0818270e-02
   8.8923112e-02
   2.5306772e-02
   2.0873738e-02
   1.0644537e-01
   1.6108818e-01
   1.8656747e-01
   1.2675691e-01
   8.9909874e-02
   1.6518559e-02
   2.5774552e-02
   1.0106160e-01
   7.5854942e-02
   5.8131281e-02
   6.0642708e-02
   8.2801253e-02
   1.1135918e-01
   1.1841788e-01
   4.8560433e-02
   1.5932184e-02
   8.9842282e-02
   6.1580453e-02
   4.7693521e-02
   6.6760242e-02
   7.6837957e-02
   1.2681694e-01
   8.8197209e-02
   9.6983954e-02
   4.5747228e-02
   4.0984493e-02
   6.9952607e-02
   4.2878702e-02
   5.0628699e-02
   3.0813947e-02
   7.7944927e-02
   1.6182989e-01
   2.0249835e-01
   2.0024793e-01
   8.9242704e-02
   3.2637861e-02
   6.1983455e-02
   9.3682304e-02
   6.8672188e-02
   5.8383599e-02
   5.2724659e-02
   1.1787219e-01
   1.7349945e-01
   1.5884811e-01
   1.5591541e-01
   9.1829397e-02
   4.8449110e-02
   3.0040178e-02
   1.8959161e-02
   2.6548447e-02
   9.2525996e-02
   6.0850605e-02
   6.9274515e-02
   8.2433693e-02
   8.6119063e-02
   5.8330450e-02
   6.2730849e-02
   7.1315534e-02
   4.0976215e-02
   1.0706234e-01
   1.6352151e-01
   1.1083421e-01
   4.5131713e-02
   5.7234798e-02
   4.1592281e-02
   8.7226577e-02
   9.8997146e-02
   1.1066718e-01
   7.7689625e-02
   8.5926488e-02
   6.9490530e-02
   6.5530151e-02
   5.1818442e-02
   2.0432388e-02
   2.0894492e-02
   8.9638129e-02
   1.0222644e-01
   8.7612413e-02
   8.1868887e-02
   8.6841494e-02
   9.4091207e-02
   1.2427112e-01
   1.7116307e-01
   5.8006495e-02
   2.7451895e-02
   9.3393169e-02
   1.2389620e-01
   1.0658322e-01
   1.2376197e-01
   8.5093208e-02
   7.1766369e-02
   4.9133353e-02
   5.4731235e-02
   8.4193587e-02
   1.0448507e-01
   1.3738944e-01
   1.4273037e-01
   6.8634264e-02
   5.2962977e-02
   3.6282051e-02
   9.8960828e-03
  -6.8332436e-03
   4.9329255e-02
   6.4547785e-02
   7.5656421e-02
   1.2380627e-01
   1.5729252e-01
   1.2410413e-01
   2.2673719e-02
   2.7044239e-02
   8.6566977e-02
   1.0818018e-01
   1.1126503e-01
   7.5491309e-02
   4.7645211e-02
   8.1040338e-02
   6.3532330e-02
   7.6803282e-02
   8.3182283e-02
   8.6238958e-02
   6.6355914e-02
   7.8514256e-02
   1.0143491e-01
   7.5467966e-02
   1.7666738e-02
   1.6359236e-02
   4.5985736e-02
   3.5022829e-02
   8.3414771e-02
   6.8607733e-02
   5.8611184e-02
   3.0859923e-02
   3.7746590e-02
   6.7777410e-02
   3.7242882e-02
   4.1740116e-02
   6.5516166e-02
   6.8953395e-02
   1.2880774e-01
   1.2656946e-01
   5.9498630e-02
   3.5015900e-02
   5.3467166e-02
   7.0062973e-02
   1.2042685e-01
   1.5717702e-01
   8.8401124e-02
   5.8660947e-02
   3.0009920e-02
   2.3221228e-02
   6.4220645e-02
   8.6376697e-02
   8.6074315e-02
   8.1960589e-02
   3.9248385e-02
   7.1301803e-02
   7.0213467e-02
   6.8405338e-02
   6.9921173e-02
   3.7798941e-02
   9.5509276e-02
   1.4573166e-01
   1.3531002e-01
   7.5610995e-02
   4.7707248e-02
   3.8382884e-02
   5.9846923e-02
   5.4436136e-02
   8.3638854e-02
   1.1430244e-01
   1.1164672e-01
   8.8350639e-02
   8.3582513e-02
   2.1935744e-02
   5.0671779e-02
   5.4691684e-02
   4.2688362e-02
   1.0289136e-02
   4.6222355e-02
   1.9313652e-02
   1.2981168e-02
   3.3364840e-02
   5.6731131e-02
   7.4094355e-02
   3.9353188e-02
   6.3084625e-02
   2.4066728e-02
   1.5683211e-02
   3.7127822e-03
   3.4903623e-02
   4.2203080e-02
   6.8436019e-02
   4.1250955e-02
   8.6792000e-02
   4.3299254e-02
   4.8043892e-02
   5.2477285e-02
   2.7568568e-02
   3.7600987e-02
   2.9324027e-02
   4.6596799e-02
   5.1531106e-02
   4.3888453e-02
   6.3975714e-02
   1.9722754e-01
   2.1997572e-01
   1.0385126e-01
   5.6300756e-02
   8.3263993e-02
   5.8198269e-02
   6.9108069e-02
   8.8923283e-02
   5.9984855e-02
   5.4420959e-02
   4.7548149e-02
   6.3940957e-02
   7.0618682e-02
   1.0557037e-01
   8.9739509e-02
   7.8217156e-02
   4.9414933e-02
   5.7354990e-02
   4.3577779e-02
  -1.6270119e-03
   1.7637318e-02
   7.2852843e-02
   9.7430125e-02
   1.5963064e-01
   1.5184982e-01
   1.3738126e-01
   7.4733630e-02
   5.1192027e-02
   3.5980117e-02
   7.1314335e-02
   5.3457342e-02
   8.9021102e-02
   9.1865033e-02
   9.2173629e-02
   3.6093026e-02
   5.0463323e-02
   5.7425048e-02
   9.1328464e-02
   7.7343822e-02
   4.9223874e-02
   5.1410917e-02
   5.5096494e-03
   2.9257901e-02
   2.2728795e-02
   4.1012518e-02
   1.9353533e-02
   8.1360646e-02
   9.4840452e-02
   2.4640502e-02
  -1.3071211e-02
   6.5486148e-02
   2.2290419e-01
   1.7135577e-01
   7.6800518e-02
   6.6907391e-02
   8.0512591e-02
   9.1491826e-02
   6.8895735e-02
   2.2284585e-01
   6.6978228e-01
   7.6737094e-01
   4.0118667e-01
   1.9416766e-01
   2.1514167e-01
   1.7070112e+00
   5.5578871e+00
   5.2455397e+00
   2.1001871e+00
   5.2693784e-01
   1.6919255e-01
   1.4045243e-01
   3.0163357e-01
   6.7863417e-01
   8.1849849e-01
   5.4223585e-01
   2.4533094e-01
   1.1744995e-01
   1.1079565e-01
   2.0384809e-01
   2.9531810e-01
   2.6626098e-01
   1.6360998e-01
   9.1814563e-02
   2.7679821e-02
   3.7114874e-02
   8.9808054e-02
   1.1731716e-01
   1.8632893e-01
   2.1844861e-01
   1.6193101e-01
   5.3845912e-02
   5.3435352e-02
   5.0973494e-02
   1.1835810e-01
   7.0043899e-02
   6.2854774e-02
   3.9885428e-02
   6.9341347e-02
   8.5119933e-02
   6.9799431e-02
   2.1888316e-02
   5.4198891e-02
   6.4097375e-02
   5.0758701e-02
   3.2476686e-02
   3.5468157e-02
   5.1527586e-02
   1.7542057e-02
   3.8283795e-02
  -7.1018212e-03
   6.6993274e-02
   1.8930531e-01
   2.3936172e-01
   1.4291365e-01
   8.3668798e-02
   3.5756788e-01
   5.0144780e-01
   3.1296441e-01
   9.7855844e-02
   1.4240469e-01
   2.2535968e-01
   2.0622016e-01
   2.0404653e-01
   1.6415539e-01
   2.6794821e-01
   1.0319439e+00
   1.2440659e+00
   4.8349109e-01
   2.0058024e-01
   1.4526339e-01
   9.7647741e-02
   9.2320234e-02
   1.6134760e-01
   2.4974635e-01
   1.5020564e-01
   1.5929674e-01
   5.0820392e-02
   2.9758105e-02
   1.0500800e-01
   6.3717939e-02
   6.6833399e-02
   4.0579803e-02
   1.1579129e-01
   1.0926988e-01
   4.9697611e-02
   3.9550625e-02
   9.1950566e-02
   3.5871968e-02
   7.8623340e-02
   6.6978790e-02
   5.9397213e-02
   8.6078934e-02
   9.7085729e-02
   9.0328746e-02
   4.3656379e-02
   4.0410515e-02
   3.4312170e-02
   5.5858999e-02
   9.1103770e-02
   1.1475749e-01
   9.1070682e-02
   4.4225018e-02
   7.8138486e-02
   5.2039061e-02
   5.7467829e-02
   1.0401566e-01
   1.0524014e-01
   8.0136701e-02
   6.9062464e-02
   7.8137912e-02
   1.6873072e-01
   1.3887495e-01
   7.6008834e-02
   1.4968091e-01
   1.0987642e-01
   1.8549725e-01
   1.9827528e-01
   1.1358324e-01
   2.3643129e-01
   5.1967108e-01
   6.1588335e-01
   3.4046143e-01
   1.3767254e-01
   3.8999954e-01
   1.4467099e+00
   1.9000700e+00
   1.1285073e+00
   3.7657401e-01
   1.5684988e-01
   2.1608843e-01
   2.5693771e-01
   3.0255252e-01
   2.8857818e-01
   2.1881676e-01
   2.7491105e-01
   2.5488535e-01
   6.6378422e-02
   4.8678059e-02
   6.2807225e-02
   1.0268125e-01
   7.4506193e-02
   8.2387030e-02
   3.9533153e-02
  -3.3838060e-02
   4.9180924e-03
   2.3605054e-02
   4.6680756e-03
   5.9306767e-02
   2.3411222e-02
   2.2476187e-02
   7.5563572e-02
   6.0534824e-02
   3.8122576e-02
   3.4342647e-02
   2.6633451e-02
   2.1711543e-02
   2.7793463e-02
   7.8250758e-02
   7.7115878e-02
   4.0426716e-02
   4.0049579e-02
   5.5061404e-02
   9.9498883e-02
   9.9056862e-02
   6.2489256e-02
   5.6666810e-02
   6.6792309e-02
   3.8536169e-02
   1.2700070e-01
   1.3368824e-01
   1.4441565e-01
   1.0727333e-01
   9.0101071e-02
   9.7656436e-02
   1.1711131e-01
   1.1930895e-01
   8.8031597e-02
   1.1780496e-01
   2.1202523e-01
   2.5735354e-01
   1.0402297e-01
   7.8029983e-02
   1.3081829e-01
   3.8095257e-01
   5.3009230e-01
   3.1730497e-01
   1.0242684e-01
   7.6108485e-02
   6.1527140e-02
   3.1226635e-02
   7.9311110e-02
   1.3369562e-01
   1.2161054e-01
   1.1587946e-01
   7.0983678e-02
   2.1687875e-02
   4.7765244e-02
   3.6028568e-02
   3.1005552e-02
   3.3552185e-02
   2.3035362e-02
   1.7820157e-02
   5.5046324e-02
   1.1648123e-01
   1.9511560e-01
   1.7427103e-01
   1.2046159e-01
   7.8911737e-02
   3.1896327e-02
   3.3350199e-02
   5.4266989e-02
   1.0975228e-01
   7.5405478e-02
   6.9702119e-02
   4.9160726e-02
   3.4537204e-02
   4.5217086e-02
   5.8421478e-02
   3.4144878e-02
   5.2185943e-03
   4.5276314e-02
   1.1077040e-01
   1.0146295e-01
   6.1257541e-02
   1.3443610e-02
   4.9853055e-03
   5.5481985e-02
   8.5272335e-02
   1.0407222e-01
   6.3487038e-02
   3.5494547e-02
   5.6463797e-02
   7.4782014e-02
   4.6542600e-02
  -6.1489842e-03
   2.7710704e-02
   1.1102305e-01
   1.7138202e-01
   9.1199100e-02
   1.2742422e-02
   5.8833148e-02
   1.7021094e-01
   2.2538947e-01
   1.2437391e-01
   4.8326764e-02
   2.9937696e-02
   8.0302432e-02
   6.3498087e-02
   3.7475567e-02
   2.6401268e-02
   1.0033223e-02
   7.1030051e-02
   1.2099566e-01
   1.4234665e-01
   1.4097485e-01
   1.1384293e-01
   1.7156339e-01
   1.1458026e-01
   6.2918402e-02
   4.7669370e-02
   8.3573967e-02
   1.2558684e-01
   1.1007296e-01
   9.2403486e-02
   1.6773775e-01
   3.5339731e-01
   6.1958092e-01
   7.0523095e-01
   3.3812085e-01
   9.2152432e-02
   1.8410651e-01
   4.0414059e-01
   3.7301382e-01
   1.8704452e-01
   1.4081725e-01
   2.0210297e-01
   4.6352741e-01
   4.3345276e-01
   1.9814835e-01
   9.4856523e-02
   9.8678404e-03
  -1.7002430e-02
   3.9048273e-02
   8.6267881e-02
   1.2436932e-01
   4.6877414e-02
   3.8170829e-02
  -5.7304464e-03
   9.9123064e-03
   3.0582380e-02
   6.0034335e-02
   6.4843886e-02
   2.6083820e-02
   6.6577919e-02
   1.5309899e-01
   1.1465967e-01
   4.1217349e-02
   4.5024898e-02
   6.5946482e-02
   8.1901625e-02
   8.9030109e-02
   8.7588295e-02
  -1.9097244e-02
   2.8328823e-03
   3.1988177e-02
   3.7809730e-02
  -1.3503212e-02
   6.1256839e-03
   1.2064940e-01
   1.0986974e-01
   5.8818880e-02
   5.0932433e-02
   4.0126320e-02
   7.3009543e-02
   5.2762810e-02
   1.0000318e-01
   1.0254490e-01
   4.5694664e-02
   5.5478882e-02
   1.4499173e-01
   1.6019516e-01
   8.6663075e-02
   9.1251753e-02
   2.0831825e-01
   2.1952327e-01
   1.9055381e-01
   5.7733078e-02
   5.6449048e-02
   1.3743378e-01
   1.0911343e-01
   1.1439096e-01
   6.4031072e-02
   9.4083525e-02
   1.7092554e-01
   1.4732072e-01
   6.4492628e-02
   3.4676120e-02
   5.1057111e-02
   4.8412597e-03
   3.9420154e-02
   8.4308207e-02
   6.6795573e-02
   4.2376827e-02
   1.1238601e-02
   7.6860353e-02
   6.6821024e-02
   6.9556631e-02
   6.5410055e-02
   6.1426595e-02
   3.1863987e-02
   7.8880526e-02
   1.6097841e-01
   1.5513562e-01
   1.3265862e-01
   3.4301084e-02
   1.0805855e-01
   2.7158099e-01
   1.7182183e-01
   8.6482145e-02
   9.0004072e-02
   3.2356867e-01
   5.1351303e-01
   3.3419105e-01
   6.0755018e-02
   5.8042701e-02
   7.2846866e-01
   1.4348208e+00
   1.0292866e+00
   3.5842863e-01
   2.6171467e-01
   1.6327003e+00
   2.6846764e+00
   2.0898077e+00
   9.2589343e-01
   4.0759227e-01
   7.2941089e-01
   7.4261147e-01
   4.0528405e-01
   1.9436997e-01
   3.4882814e-01
   7.9483181e-01
   7.1230406e-01
   3.6989543e-01
   2.2324643e-01
   2.7337521e-01
   2.7608070e-01
   2.5922242e-01
   2.0640190e-01
   1.9892743e-01
   1.7388183e-01
   1.0088247e-01
  -7.9151656e-04
  -2.2856500e-02
  -5.7240739e-03
   3.4239288e-02
   2.3114830e-02
   5.0182544e-02
   9.1113642e-02
   3.9689049e-02
   4.4195790e-02
   6.1427578e-02
   7.0092373e-02
   4.3459229e-02
   1.7769756e-02
   9.1173641e-02
   1.8862958e-01
   1.7570953e-01
   1.9397165e-01
   1.2576675e-01
   1.2973741e-01
   9.1851734e-02
   3.6900334e-02
   6.1000790e-02
   7.2865471e-02
   5.7749651e-02
   5.7975110e-02
   7.4550427e-02
   1.7648593e-01
   1.3222550e-01
   7.5045682e-02
   9.5958859e-02
   1.6637692e-01
   5.0604630e-01
   4.7056133e-01
   2.3252055e-01
   8.9830004e-02
   1.8433274e-01
   3.1474388e-01
   2.4173041e-01
   1.0008333e-01
   9.3111686e-02
   2.2262590e-01
   3.2887706e-01
   2.0756738e-01
   9.5189437e-02
   9.9523380e-02
   2.2509350e-01
   2.3347315e-01
   1.3357627e-01
   7.5754141e-03
   9.9276686e-03
  -2.8111965e-03
   6.8692990e-02
   5.3294946e-02
   3.8647275e-02
   1.9810481e-01
   2.0629165e-01
   6.2545843e-02
   1.2078418e-02
  -6.6747935e-03
   2.6435206e-02
   7.4941752e-04
   1.2073215e-01
   3.3528841e-01
   6.3455492e-01
   5.4611218e-01
   2.7767101e-01
   1.5988347e-01
   4.6538316e-02
   7.9353914e-02
   8.3484501e-02
   1.0398074e-01
   1.1742550e-01
   8.8982344e-02
   7.1824685e-02
   6.9194287e-02
   7.1439892e-02
   1.0022827e-01
   3.7129506e-02
   5.0345689e-02
   3.2311562e-01
   8.5528427e-01
   9.9722356e-01
   7.6067406e-01
   4.6282119e-01
   3.9368954e-01
   4.5481783e-01
   4.0265062e-01
   3.7578118e-01
   1.7723238e-01
   5.0176293e-02
   1.6407600e-01
   6.0382551e-01
   8.1621248e-01
   5.4654467e-01
   2.3521456e-01
   1.7085208e-01
   1.9962597e-01
   1.3437137e-01
   1.2677284e-01
   9.4612211e-02
   6.8727635e-02
   1.2140302e-01
   6.4912587e-02
   1.5943892e-02
   1.0090730e-01
   4.6820745e-02
   6.7635715e-02
   4.1787867e-02
   2.0955890e-02
   5.8916301e-02
   9.5512554e-02
   3.3619042e-02
   1.8518662e-02
   1.1879975e-02
   2.4609987e-02
  -8.0572329e-03
   5.5754208e-03
   7.8785323e-02
   4.5676094e-02
   5.5529840e-02
   9.0128794e-02
   1.9924095e-01
   2.7558422e-01
   2.2504482e-01
   9.7070001e-02
   7.3916785e-02
   1.2835757e-01
   1.1288453e-01
  -3.3982256e-03
   3.4446541e-02
   1.0019257e-01
   2.9431704e-02
   1.6216529e-03
   2.9251657e-02
   7.0759222e-02
   1.8753688e-01
   2.3563732e-01
   3.1607991e-01
   3.7383023e-01
   2.9580909e-01
   2.1933754e-01
   1.6133659e-01
   1.4861371e-01
   1.3461123e-01
   5.9476905e-03
  -3.8460374e-03
   1.0158497e-01
   1.0948673e-01
   8.1722014e-02
   5.0275415e-02
   4.3385547e-02
   9.9273905e-02
   1.1698230e-01
   1.0225631e-01
   1.3109040e-01
   2.8707761e-01
   4.4625649e-01
   3.0768913e-01
   1.8399578e-01
   8.9863002e-02
   3.6100648e-02
   5.0261050e-02
   6.0667213e-02
   6.3158214e-02
   8.9195527e-02
   1.0013140e-01
   2.7044255e-02
  -2.8375927e-03
   3.5199329e-02
   3.9919823e-02
   2.5556488e-02
   8.3924569e-02
   1.2131272e-01
   1.1368751e-01
   7.2554164e-02
   6.1970167e-02
   3.4020510e-02
   2.7321093e-02
   1.6154455e-02
   5.2940600e-02
   6.1567586e-02
   3.8631581e-02
   3.3018831e-02
   2.7671739e-02
   3.9499700e-02
   1.1464010e-02
   2.6358055e-02
   3.1131694e-02
   2.8818952e-02
   8.0300048e-02
   1.4466669e-01
   1.8971394e-01
   1.7517653e-01
   8.1861340e-02
   8.1361391e-02
   7.4297972e-02
   1.1912347e-01
   7.9750486e-02
   6.9413423e-03
   1.3976096e-02
   1.5810087e-01
   2.4190339e-01
   2.1723841e-01
   1.4765456e-01
   8.4712900e-02
   6.9977291e-02
   2.9840745e-02
   6.6495314e-02
   5.4685645e-02
   4.1211989e-02
   5.5459537e-02
   3.9016038e-02
   5.9739675e-02
   1.0513269e-01
   9.0169385e-02
   7.3185258e-02
   5.5844072e-02
   7.9540260e-02
   5.5143077e-02
   4.1443247e-02
   5.4304931e-02
   7.6602526e-02
   6.4833589e-02
   4.6754207e-02
   6.2940836e-02
   1.6961146e-02
  -9.7902389e-03
   9.6082026e-03
   4.4759616e-02
   7.8864500e-02
   6.5195084e-02
   1.4749686e-01
   1.3601601e-01
   7.1307071e-02
   3.0210165e-02
   3.4045007e-02
   3.4559481e-02
   6.2090334e-02
   5.8995422e-02
   7.5990371e-02
   8.0989860e-02
   7.5021446e-02
   4.2244010e-02
   2.7306462e-02
   4.9780197e-02
   1.0614420e-01
   1.6077986e-01
   1.1647005e-01
   1.0192360e-01
   8.3189890e-02
   7.0554577e-02
   4.6126433e-02
   3.8437068e-02
   6.4785503e-02
   7.4339248e-02
   9.0499610e-02
   8.4277876e-02
   5.9376594e-02
   4.1667715e-02
   4.3556679e-02
   3.8201116e-02
   8.8688008e-02
   5.6595467e-02
   9.5747419e-02
   1.7598030e-01
   1.2654576e-01
   7.8461193e-02
   8.1450231e-02
   7.3645331e-02
   1.0454238e-02
   7.6753279e-04
   5.7039920e-02
   1.0469937e-01
   1.1811259e-01
   7.3383249e-02
   1.2745513e-02
   4.0317830e-02
   6.0619779e-02
   3.6381435e-02
   4.1905724e-02
   8.2406603e-02
   7.9439715e-02
   9.2027068e-02
   3.7301585e-02
   1.2950562e-02
   5.0992772e-02
   5.6008302e-02
   4.5884985e-02
   7.8703836e-02
   7.1802594e-02
   2.5230631e-02
   3.2430090e-02
   4.8458047e-02
   5.4855067e-02
   3.1801507e-02
   3.3225834e-02
   5.0273113e-02
   7.3962882e-02
   8.1037089e-02
   6.7236215e-02
   5.1612884e-02
   1.7547559e-02
   3.6879160e-02
   4.5721658e-02
   6.2071756e-02
   9.5263854e-02
   3.3648498e-02
   5.9690565e-02
   9.9995196e-02
   1.0419466e-01
   6.0515307e-02
   5.2643828e-02
   3.7358996e-02
   6.8390988e-02
   4.4427864e-02
   4.4438340e-02
   4.3129873e-02
   5.2938789e-02
   3.4346960e-02
   6.1592326e-02
   6.6677064e-02
   2.3272986e-02
   2.6657568e-02
   5.0138000e-02
   9.7796861e-03
   1.8471496e-02
   6.2005151e-02
   4.6785347e-02
   1.1652929e-02
   3.6291000e-02
   4.5071878e-02
   7.6853693e-02
   6.1309088e-02
   1.6949952e-02
   7.0430227e-02
   4.4665702e-02
   9.3144216e-03
   4.9316581e-02
   3.8898390e-02
   2.9926954e-02
   4.1504472e-02
   6.5815911e-02
   2.0153286e-02
   4.9930353e-02
   7.6086037e-02
   5.1095936e-02
   8.8047624e-02
   6.3287526e-02
   7.7679634e-02
   6.3130550e-02
   5.7059329e-02
   4.1458167e-02
   6.8317294e-02
   9.7754873e-02
   1.2785433e-01
   6.6139497e-02
   6.2660202e-02
   1.7132220e-01
   4.3100289e-01
   3.7490734e-01
   2.1750441e-01
   1.1345439e-01
   1.5591495e-01
   2.3572090e-01
   1.8631941e-01
   1.2017579e-01
   6.5499775e-02
   5.8658555e-02
   6.5016218e-02
   7.1846657e-02
   6.3788921e-02
   8.2631283e-02
   5.7949334e-02
   5.7914842e-02
   4.7225412e-02
   2.5726508e-02
   5.1379904e-02
   4.0359221e-02
   5.5180546e-02
   3.3480566e-02
   1.0114161e-01
   6.8718612e-02
   4.6782952e-02
   5.9157230e-02
   5.9462130e-02
   4.2834204e-02
   6.5576248e-02
   3.4119271e-02
   3.2063089e-02
   6.0503189e-02
   7.0379198e-02
   5.9231535e-02
   4.1425973e-02
   5.0713364e-02
   5.2384418e-03
   4.0453561e-02
   6.1471898e-02
   8.4267676e-02
   4.4025056e-02
   3.1862378e-02
   3.7585929e-02
   3.4806632e-02
   3.4203123e-02
   5.3765517e-02
   1.6492624e-02
   6.5282650e-02
   9.7161293e-02
   3.8974434e-02
   2.7987232e-02
   4.4006959e-02
   1.0903668e-01
   1.2154754e-01
   6.9740556e-02
   7.9388358e-02
   9.7623125e-02
   1.1101225e-01
   1.0098774e-01
   8.6875200e-02
   9.1716118e-02
   3.8487904e-02
   1.8132729e-02
   4.4328883e-02
   5.3962983e-02
   6.3154757e-02
   4.8076399e-02
   7.0489347e-02
   5.4704029e-02
   8.2867645e-02
   7.9039291e-02
   3.1990908e-02
   5.2019790e-02
   1.0082144e-01
   4.4283014e-02
   4.4797912e-02
   6.8509921e-02
   5.8379784e-02
   1.0086253e-01
   1.0125526e-01
   2.9167591e-02
   3.1296406e-02
   6.9349341e-02
   3.3365570e-02
   4.0063556e-02
   5.3424377e-02
   7.6625831e-02
   4.9483821e-02
   4.0040351e-02
   1.2258725e-02
   1.7392436e-02
   6.4794704e-02
   6.8535686e-02
   8.0499694e-02
   7.1508408e-02
   7.4652061e-02
   8.4726050e-02
   8.1699632e-02
   8.0292985e-02
   4.4685498e-02
   8.3932452e-02
   6.1523594e-02
   6.4332500e-02
   3.3073362e-02
   5.4308951e-02
   8.0954343e-02
   7.9270318e-02
   6.2069222e-02
   1.9993320e-02
   3.0951442e-02
   6.1129898e-02
   2.1616116e-02
   6.7060307e-02
   8.3554953e-02
   2.4425194e-02
   6.7106485e-02
   7.0566207e-02
   1.0826532e-02
   2.9218839e-02
   3.8614675e-02
   4.9846541e-02
   3.6180519e-02
   8.0843166e-02
   6.2090762e-02
   6.0158957e-02
   6.7616828e-02
   3.1844322e-02
   2.0053415e-02
   1.0007512e-02
   4.7090415e-02
   5.9018418e-02
   6.4114057e-02
   6.8875529e-02
   6.8562336e-02
   5.5850323e-02
   6.4737670e-02
   7.2186232e-02
   8.1065848e-02
   5.4448724e-02
   9.2100129e-02
   4.5820691e-02
   4.5615543e-02
   4.8104897e-02
   3.5348754e-02
   2.1231644e-02
   2.0030180e-02
   1.6492132e-02
   2.6816828e-03
   2.5083441e-02
   5.2229155e-02
   6.8264626e-02
   3.1985890e-02
   3.4561459e-02
   3.0811949e-02
   3.0699311e-02
   5.9677146e-02
   5.8360025e-02
   5.0167650e-02
   1.7173201e-02
   3.1620700e-02
   4.2227264e-02
   4.4251777e-02
   5.2873611e-02
   4.2811852e-02
   3.5360925e-02
   3.3661861e-02
   4.9773436e-02
   3.3800714e-02
   4.3440968e-02
   6.4959809e-02
   5.0337125e-02
   3.4585409e-02
   3.5081826e-02
   7.0025325e-02
   6.9811866e-02
   6.7690954e-02
   5.0335959e-02
   4.4153530e-02
   5.6569263e-02
   5.4473780e-02
   1.5035715e-02
   3.0165961e-02
   4.7175229e-02
   6.4230330e-02
   4.8213746e-02
   3.6637221e-02
   2.8179642e-02
   3.2521423e-02
   4.1874062e-02
   2.3377789e-02
   3.2289919e-02
   4.0041503e-02
   5.3996433e-02
   4.5464907e-02
   1.5427036e-02
   1.4514461e-02
   5.2726787e-02
   1.0114835e-01
   4.4964749e-02
   2.9331131e-03
   3.8452771e-02
   6.4168759e-02
   3.2813575e-02
   5.4499522e-02
   6.1402772e-02
   5.8728967e-02
   4.8919398e-02
   3.4711625e-02
   4.0851023e-02
   3.2948628e-02
   3.6591996e-02
   5.4737035e-02
   5.4330297e-02
   6.0223464e-02
   7.1313627e-02
   5.7480861e-02
   4.5322333e-02
   4.4867110e-02
   6.7051597e-02
   3.1633820e-02
   2.9093994e-02
   5.0239466e-02
   8.4501259e-02
   5.2069187e-02
   2.4094174e-02
   2.5836645e-02
   4.7662821e-02
   2.6893901e-02
   2.8525762e-02
   2.2749582e-02
   4.3166921e-02
   1.9617159e-02
   2.8365737e-02
   6.8466328e-02
   5.6706607e-02
   4.5729972e-02
   3.7048947e-02
   4.5650560e-02
   4.6887510e-02
   2.6721606e-02
   1.7336028e-02
   5.6812730e-02
   6.4458683e-02
   6.3289754e-02
   5.1165856e-02
   4.3093324e-02
   3.8185846e-02
   5.3148128e-02
   5.5183228e-02
   2.0655638e-02
   1.0332832e-02
   5.5831458e-02
   4.9182918e-02
   3.5945933e-02
   5.7527151e-02
   7.1924478e-02
   4.1527264e-02
   1.6531931e-02
   4.9945064e-02
   4.6577048e-02
   5.3364109e-02
   4.6780128e-02
   3.6496703e-02
   1.1582698e-01
   1.0107759e-01
   5.5447686e-02
   2.1601416e-02
   5.3129803e-02
   5.6935895e-02
   7.3313624e-02
   4.8714347e-02
   5.1306553e-02
   6.2223602e-02
   2.3713253e-02
   2.0212075e-02
   1.0294875e-02
   4.8537705e-02
   6.3838676e-02
   4.9822811e-02
   2.4044802e-02
   3.8592666e-02
   5.3961255e-02
   6.7991242e-02
   4.4181153e-02
   1.2222005e-02
   1.9071961e-02
   3.2961708e-02
   1.1780519e-02
   1.7211005e-02
   5.7110623e-02
   2.8437186e-02
   1.3440746e-02
   1.6436407e-02
   6.1186835e-02
   7.0549086e-02
   3.4675729e-02
   5.4372828e-02
   6.9969825e-02
   4.1048959e-02
   1.1046049e-02
   7.0029020e-02
   5.1857084e-02
   4.1379213e-02
   5.2471682e-02
   5.2764077e-02
   6.7577586e-02
   4.5816280e-02
   7.1117446e-02
   7.1981028e-02
   6.0070369e-02
   7.3310204e-02
   4.5338091e-02
   8.9574270e-03
   4.5876771e-02
   6.1378855e-02
   3.9346863e-02
   3.7829991e-02
   4.2055700e-02
   5.3948957e-02
   2.7113963e-02
   4.8125599e-02
   3.7048392e-02
   3.7988801e-02
   4.6139412e-02
   2.4255151e-02
   3.8912967e-02
   4.4804379e-02
   2.2076350e-02
   2.1289119e-02
   5.6603648e-02
   5.2733555e-02
   5.4542277e-02
   5.2652668e-02
   2.3275955e-02
   3.7311494e-02
   6.4802729e-02
   6.6690132e-02
   7.1309872e-02
   4.8577182e-02
   7.1581237e-02
   6.6192538e-02
   2.7592622e-02
   3.9069124e-02
   6.2709764e-02
   3.0143775e-02
   4.5163449e-02
   6.9494896e-02
   5.0046902e-02
   1.9421306e-02
   3.4184694e-02
   1.6768759e-02
   6.6681057e-02
   7.6801904e-02
   4.5231845e-02
   5.2395150e-02
   5.0180048e-02
   6.8576448e-02
   5.8089148e-02
   3.7841320e-02
   5.0942533e-02
   1.7875874e-01
   5.9563768e-01
   7.3931658e-01
   4.5534739e-01
   2.1023639e-01
   1.1505163e-01
   4.5234505e-02
   3.5384577e-02
   3.3840384e-02
   2.7312078e-02
   5.2751005e-02
   4.0735431e-02
   4.9067073e-02
   9.6940927e-02
   1.4046161e-01
   1.1415809e-01
   2.7554089e-02
   1.5787758e-02
   2.2908319e-02
   1.7677750e-02
   5.8742229e-02
   7.7690005e-02
   2.8439397e-02
   1.2287989e-03
   4.5798939e-02
   3.0477365e-02
   5.2078642e-02
   4.6405572e-02
   3.3871632e-02
   2.1557797e-02
   3.0835437e-02
   6.3082188e-02
   3.7708938e-02
   1.5948625e-02
   6.9134027e-02
   6.4319357e-02
   8.0803774e-02
   6.3177206e-02
   5.0736681e-02
   5.0777826e-02
   3.4493361e-02
   6.3069843e-02
   9.1497816e-02
   1.2781051e-01
   1.1024785e-01
   7.8919120e-02
   4.6495061e-02
   4.7109615e-02
   4.2770665e-02
   9.6975956e-03
   3.3099022e-02
   1.8814219e-02
   1.9421357e-03
   1.9400464e-02
   6.9918357e-02
   7.8895986e-02
   4.0660910e-02
   4.1395087e-02
   1.3148699e-02
   1.0882968e-02
   2.6890054e-02
   2.5298646e-02
   3.6482856e-02
   3.4907646e-02
   4.3251876e-02
   2.8547836e-02
   5.2366711e-02
   4.8749365e-02
   4.8397720e-02
   6.5237105e-02
   6.2529765e-02
   1.9123899e-02
   1.8372806e-02
   1.1035986e-02
  -2.3935935e-03
   1.1016451e-02
   1.5214704e-02
   7.3203882e-03
   2.1936424e-02
   1.9118864e-02
   1.6214855e-02
   4.7162995e-02
   7.4328758e-02
   5.9722718e-02
   3.8107157e-02
   5.4146212e-02
   3.4576841e-02
   2.7305549e-02
   3.3466116e-02
   4.2995092e-02
   3.7775438e-02
   6.6128120e-02
   5.3939190e-02
   4.4997729e-02
   1.6891440e-02
   2.1502629e-02
   3.8390417e-02
   6.9746906e-03
   8.1263311e-02
   1.9019857e-01
   2.0397319e-01
   1.8730681e-01
   1.5138242e-01
   8.4389307e-02
   6.6561252e-02
   8.6293273e-02
   5.9933808e-02
   5.2712228e-02
   1.3872578e-02
   2.7047241e-02
   3.9866235e-02
   4.7604315e-02
   5.5213977e-02
   7.0972785e-02
   5.6179542e-02
   4.7665838e-02
   3.5819657e-02
   3.8277369e-02
   3.4751549e-02
   1.7001443e-02
   1.5661443e-02
   2.4728861e-02
   6.2951945e-02
   5.8726154e-02
   4.7633618e-02
   7.2312385e-02
   7.6516010e-02
   4.2582300e-02
   5.1335081e-02
   5.3775601e-02
   3.8114913e-02
   4.3480359e-02
   5.6935951e-02
   3.6806200e-02
   4.4502418e-02
   8.0968440e-02
   9.7474948e-02
   6.8943672e-02
   8.9971729e-02
   7.7929460e-02
   4.2356156e-02
   5.5245411e-02
   8.8185571e-02
   6.8220384e-02
   2.8482499e-02
   3.9863240e-02
   3.9826334e-02
   4.6959851e-02
   3.2099992e-02
   3.5541404e-02
   4.6180502e-02
   3.6081564e-02
   4.9784943e-02
   4.1230436e-02
   1.4674405e-02
   3.1895481e-02
   5.9027253e-03
   3.9288905e-02
   4.4670932e-02
   3.3438347e-02
   2.7035737e-02
   4.8450038e-02
   5.5117372e-02
   6.7668766e-02
   3.6026597e-02
   4.2797238e-02
   2.2769641e-02
   3.6596630e-02
   4.4475518e-02
   4.0126752e-02
   3.2778706e-02
   4.8323203e-02
   6.1343007e-02
   3.5880573e-02
   2.0186193e-02
   4.9977716e-02
   5.1778961e-02
   4.2549968e-02
   4.6025429e-02
   5.2028347e-02
   3.3447679e-02
   3.0073022e-02
   5.1341325e-02
   5.1072638e-02
   1.0131785e-01
   1.1870354e-01
   7.9058282e-02
   6.2584132e-02
   4.3648571e-02
   2.0426424e-02
   5.0196759e-02
   7.3777325e-02
   4.8004653e-02
   7.1343191e-02
   5.3467806e-02
   4.1366320e-02
   9.4766535e-02
   1.1777643e-01
   1.0349698e-01
   6.8510078e-02
   4.0425967e-02
   3.4373764e-02
   2.4762645e-02
   2.3602022e-02
   4.5320331e-03
   9.8456135e-03
   4.5542486e-02
   6.5680422e-02
   7.6674223e-02
   7.3985837e-02
   5.9687369e-02
   5.0693519e-02
   7.7088900e-02
   3.6393601e-02
   2.8694008e-02
   5.4702427e-02
   5.7221089e-02
   5.2267723e-02
   5.3888083e-02
   5.7796061e-02
   5.8485791e-02
   6.7536414e-02
   4.3425981e-02
   4.3549005e-02
   6.3669547e-02
   4.4174086e-02
   3.6445469e-02
   1.5770156e-02
   2.3800591e-02
   3.6084410e-02
  -5.8637718e-03
   5.1974184e-03
   1.2525814e-02
   2.6053367e-02
   3.9681099e-02
   4.9537510e-02
   6.0149889e-02
   6.1730161e-02
   5.7248108e-02
   4.0381063e-02
   6.5736622e-02
   7.2598159e-02
   5.8344781e-02
   5.1490992e-02
   3.8350545e-02
   2.6526380e-02
   3.6385704e-02
   3.2621332e-02
   5.4216154e-02
   3.0302579e-02
   1.7820096e-02
   4.4101499e-02
   5.8563977e-02
   5.0849628e-02
   4.8210189e-02
   2.7524956e-02
   3.4423567e-02
   2.1028508e-02
   3.3418208e-02
  -8.9647429e-04
   1.1350356e-02
   2.8616956e-02
   5.5449359e-02
   7.5861931e-02
   2.2678245e-02
   3.2721419e-02
   4.5461729e-02
   4.4987664e-02
   4.1230395e-02
   4.7638442e-02
   5.7082295e-02
   2.2270652e-02
   4.6085503e-02
   6.7054383e-02
   7.3348172e-02
   8.1170261e-02
   5.7857983e-02
   3.8886633e-02
   2.4520287e-02
   4.1404333e-02
   4.2553198e-02
   4.6244882e-02
   4.6996672e-02
   2.3329020e-02
   6.7524664e-02
   5.8583610e-02
   2.4869252e-02
   2.5148459e-02
   2.3167232e-02
   2.4689265e-02
   4.9536053e-02
   6.7254841e-02
   6.5590091e-02
   5.5283934e-02
   4.2968489e-02
   3.7860505e-02
   2.8648756e-02
   3.7969086e-02
   2.5107576e-02
   4.6018850e-02
   3.7594158e-02
   4.4583388e-02
   1.1356435e-02
   1.7503813e-02
   5.2299351e-02
   4.6627462e-02
   3.6346857e-02
   6.3581564e-02
   4.6927452e-02
   4.8019338e-02
   3.9829526e-02
   3.4525886e-02
   1.4502235e-02
   3.0175362e-02
   3.3749543e-02
   4.0838961e-02
   6.3260563e-02
   5.6168687e-02
   5.0242171e-02
   7.3924303e-02
   4.4319611e-02
   3.9703101e-02
   3.9878551e-02
   8.1676677e-02
   1.0724452e-01
   9.4413392e-02
   8.6721569e-02
   4.1998200e-02
   1.7122569e-02
   1.8077940e-02
   5.5487324e-02
   5.3791620e-02
   3.8368430e-02
   1.7833063e-02
   4.5531418e-02
   9.8808510e-03
   1.8659191e-02
   4.1235588e-02
   5.8980454e-02
   3.8075395e-02
   7.6470703e-02
   6.9902852e-02
   4.4224102e-02
   2.4356946e-02
   2.5089199e-02
   4.4488661e-02
   8.0775045e-02
   1.0606814e-01
   1.4499758e-01
   1.5454821e-01
   1.0146835e-01
   5.0363116e-02
   3.6822528e-02
   3.6869582e-02
   6.1010405e-02
   6.3719690e-02
   5.1145062e-02
   1.4450311e-02
   4.6172045e-02
   3.8599752e-02
   6.0441710e-02
   7.4902207e-02
   4.0720444e-02
   3.2211293e-02
   2.0142252e-02
   4.3067582e-02
   2.3515221e-02
   6.5761015e-02
   5.1400121e-02
   7.3271625e-02
   5.3718954e-02
   4.3395899e-02
   3.8922086e-02
   3.7948426e-02
   2.0408025e-02
   2.6498649e-02
   4.2033631e-02
   7.4404769e-02
   6.1714493e-02
   1.9929577e-02
   6.6682786e-02
   7.0131525e-02
   6.6757582e-02
   2.4562707e-02
   4.9318481e-02
   6.7820489e-02
   5.3531464e-02
   6.1196249e-02
   9.1717541e-02
   2.7431721e-02
   8.9845518e-03
   2.1082090e-02
   6.1581690e-02
   4.4419352e-02
   3.3470266e-02
   2.9594498e-02
   3.3574734e-02
   4.3071583e-02
   5.8863614e-02
   7.7715471e-02
   6.1558489e-02
   7.5999305e-02
   1.1121829e-01
   1.1394712e-01
   7.2620861e-02
   4.2836901e-02
   2.6419798e-02
   3.3436649e-02
   4.6924474e-03
   2.4940562e-02
   7.1450733e-02
   6.9103844e-02
   7.6704152e-02
   7.6218970e-02
   6.9176689e-02
   5.3946584e-02
   5.4849576e-02
   3.2700159e-02
   4.2984754e-02
   1.7304325e-02
   1.8340427e-02
   1.1985012e-01
   1.6497253e-01
   1.4824848e-01
   1.5231052e-01
   1.1744033e-01
   3.6912858e-02
   4.7477502e-02
   4.8071627e-02
   8.4233485e-02
   1.1507954e-01
   9.4463408e-02
   9.1681950e-02
   1.0796316e-01
   9.1107681e-02
   2.0617919e-02
   7.2682485e-02
   1.5524967e-01
   2.3343302e-01
   2.2917743e-01
   1.7017464e-01
   7.8390501e-02
   3.1681217e-03
   1.5589266e-02
   9.0167440e-02
   3.1575024e-01
   4.0346012e-01
   2.3876879e-01
   1.1111882e-01
   3.1545110e-02
   1.7715866e-02
   7.1014367e-02
   9.4990209e-02
   8.4608391e-02
   7.0201762e-02
   9.7271964e-02
   8.8696137e-02
   6.0289972e-02
   5.8849737e-02
   9.5932990e-02
   1.0105952e-01
   6.2416177e-02
   8.1912838e-02
   5.8102790e-02
   6.8411060e-02
   5.0286952e-02
   5.2781414e-02
   7.4741043e-02
   4.2859688e-02
   5.2297909e-02
   4.4468641e-02
   4.1176066e-02
   1.3831866e-02
   2.4025752e-03
   1.9651959e-02
   5.3532317e-02
   6.3632630e-02
   1.2650435e-01
   1.2517041e-01
   1.0061749e-01
   7.2375186e-02
   2.9730681e-02
   1.7410723e-02
   2.4260399e-03
   2.5896391e-02
   5.5152901e-02
   9.8385312e-02
   1.1399843e-01
   7.9439327e-02
   4.9274232e-02
   5.8638263e-02
   4.5841932e-02
   4.9551800e-02
   6.3527504e-04
   6.3104369e-02
   1.0578933e-01
   7.6365769e-02
   5.7171278e-02
   5.2475408e-02
   5.1803920e-02
   5.5190776e-02
   2.9870046e-02
   3.2970898e-02
   2.6839027e-02
   2.2544948e-02
   7.5973205e-02
   7.1239792e-02
   1.5365672e-01
   2.6230240e-01
   2.5011390e-01
   1.3402775e-01
   3.6080278e-02
  -3.3829722e-04
   6.3558540e-04
   6.5398149e-02
   9.5498748e-02
   7.9581745e-02
   9.1675282e-02
   7.1992330e-02
   5.0415035e-02
   1.1187803e-01
   1.9337782e-01
   1.7926800e-01
   1.8301396e-01
   1.1601570e-01
   2.8196301e-02
   7.5324592e-03
   6.2494542e-02
   3.4145454e-01
   1.3437258e+00
   2.2110844e+00
   1.7514229e+00
   9.8663908e-01
   3.9411187e-01
   1.2772307e-01
   1.1173853e-02
   1.4898346e-01
   3.5830128e-01
   2.4031691e-01
   1.4226705e-01
   1.7095566e-01
   2.6387000e-01
   2.1088400e-01
   2.7180690e-01
   9.1168714e-01
   1.6303364e+00
   1.4200974e+00
   8.5068488e-01
   2.7187282e-01
   6.7011751e-02
   3.0007947e-02
   1.7593304e-02
   7.0039317e-02
   5.6182113e-02
   1.9589994e-02
   1.0557111e-01
   2.1444942e-01
   2.5253886e-01
   1.8569864e-01
   1.1110430e-01
   1.1010132e-01
   3.4995832e-02
  -6.0054008e-03
   4.4907387e-02
   2.5457593e-02
   8.0432994e-03
   3.7837904e-02
   6.1802235e-02
   1.3066241e-01
   1.4403501e-01
   1.0007270e-01
   6.9268376e-02
   5.5014703e-02
   5.9679668e-02
   1.1493070e-02
   6.3806982e-03
   1.3818713e-01
   2.8078416e-01
   3.4066144e-01
   2.4729852e-01
   1.2205606e-01
   9.6013188e-02
   2.6152520e-02
   5.8055155e-02
   6.8133503e-02
   4.6841178e-02
   2.8716328e-02
   2.1632761e-02
   7.8243110e-03
   5.2981708e-02
   9.5643014e-02
   1.8738037e-01
   1.3165639e-01
   1.0085595e-01
   9.0207227e-02
   6.3862719e-02
   3.5648916e-02
   5.7379331e-02
   1.5945235e-01
   1.8748318e-01
   1.3949604e-01
   7.5615719e-02
   7.9757966e-02
   4.9141549e-02
   2.1139175e-02
   1.2756672e-02
   5.8032021e-02
   7.9052888e-02
   6.8601459e-02
   8.0460511e-02
   1.0859080e-01
   1.5024431e-01
   1.2498453e-01
   8.0784783e-02
   9.4455160e-02
   8.0368929e-02
   3.7678860e-02
   2.3500342e-02
   8.4136195e-02
   2.7926940e-01
   5.1028472e-01
   5.5065161e-01
   4.3648878e-01
   2.7798891e-01
   1.2755239e-01
   1.2553915e-01
   1.1859641e-01
   1.7737733e-01
   1.4015366e-01
   2.8321746e-01
   2.6885766e-01
   1.8750186e-01
   1.6003242e-01
   2.0950422e-01
   2.3661286e-01
   4.1025773e-01
   4.2097053e-01
   3.3488449e-01
   1.7831682e-01
   1.0328516e-01
   8.9450166e-02
   9.8887309e-02
   1.1202636e-01
   5.8738913e-02
   5.0924145e-02
   6.3111059e-02
   5.5341695e-02
   8.1412412e-02
   2.9064899e-02
   4.2085826e-02
   6.7309782e-02
   1.0439111e-01
   5.9899852e-02
   1.5918976e-02
   8.0397770e-02
   7.9406500e-02
   8.9434899e-02
   9.0338670e-02
   7.9089470e-02
   8.7118842e-02
   1.0161310e-01
   7.2966218e-02
   3.4541644e-02
   3.8038000e-02
   6.6383623e-02
   6.8284094e-02
   6.5858744e-02
   1.1606507e-01
   9.3623400e-02
   5.4420158e-02
   3.9637566e-02
   3.2001041e-02
   1.6455062e-02
   3.0390920e-02
   9.2318445e-02
   1.2953706e-01
   9.3157806e-02
   3.4942236e-02
   4.9052704e-02
   4.2072415e-02
   2.8379867e-02
   7.8463227e-02
   1.0635240e-01
   1.0942934e-01
   5.5017807e-02
   4.1195303e-02
   1.3611704e-02
   4.8675120e-02
   8.5932754e-02
   5.6530491e-02
   1.5787899e-01
   2.1987712e-01
   2.8611192e-01
   2.2439039e-01
   9.5558286e-02
   6.4575315e-02
   6.2536292e-02
   5.0765369e-02
   5.0214615e-02
   3.6275867e-02
   5.0997142e-02
   6.5526955e-02
   5.1958129e-02
   9.5898040e-02
   1.2221101e-01
   6.5181874e-02
   8.1015773e-02
  -5.3764386e-03
   4.1866925e-02
   1.4350344e-01
   2.5250950e-01
   2.5492010e-01
   1.6295958e-01
   7.0184268e-02
   6.9645911e-02
   5.1593568e-02
   8.9150533e-02
   7.7946506e-02
   6.9628730e-02
   9.9578641e-02
   9.2040591e-02
   4.5865264e-02
   6.2047441e-02
   1.0247279e-01
   1.8579084e-01
   2.3109809e-01
   2.0223051e-01
   1.2163316e-01
   1.6827779e-02
   1.3836197e-02
   3.1465948e-02
   6.7813307e-02
   4.4133298e-02
   4.2671490e-02
   6.2009782e-02
   6.2249552e-02
   6.7819282e-02
   9.3263634e-02
   1.0992854e-01
   5.2041095e-02
   5.9396498e-02
   5.0867137e-02
   2.6651809e-02
   2.8561816e-02
   2.6128836e-02
   1.0819231e-01
   1.9528064e-01
   1.5994290e-01
   1.4586033e-01
   1.0784175e-01
   6.8368360e-02
   6.3771531e-02
   3.7692752e-02
   3.0554736e-02
   1.0357831e-01
   6.8162128e-02
   1.9908445e-02
   3.6106788e-02
   8.0611475e-02
   8.8532120e-02
   9.6223921e-02
   8.1915855e-02
   8.6125791e-02
   6.9096833e-02
   2.4260426e-02
   8.4489569e-02
   5.0875425e-02
   5.3709239e-02
   4.8536774e-02
   7.0672899e-02
   7.8558303e-02
   7.4709237e-02
   6.7946479e-02
   6.7984074e-02
   4.3285429e-02
   6.0994949e-02
   6.1019331e-02
   1.7406210e-02
   3.6693770e-02
   1.4395685e-01
   1.3945465e-01
   7.9388492e-02
   4.1711219e-02
   5.6751985e-02
   6.6247210e-02
   3.2006759e-02
   3.7627175e-02
   3.2023117e-02
   1.5834894e-02
   4.5296095e-02
   7.8674436e-02
   5.1875751e-02
   5.5706538e-02
   1.1423840e-02
   5.6879893e-02
   5.1717542e-02
   6.4487346e-02
   9.2517495e-02
   1.1483169e-01
   1.0827187e-01
   9.2248641e-02
   7.6447786e-03
   1.3767576e-02
   3.9638545e-02
   8.0943607e-02
   1.3492294e-01
   1.4636379e-01
   6.4704999e-02
   4.5136273e-02
   6.2941350e-02
   4.0286750e-02
   5.3977754e-02
   4.5852289e-02
   6.5722980e-02
   9.4430663e-02
   4.7551140e-02
   6.3733272e-02
   7.4146494e-02
   2.2050317e-02
   1.8396240e-02
   4.8077852e-02
   3.8774181e-02
  -7.1868738e-03
   9.9624619e-03
   1.1242609e-01
   1.2824789e-01
   7.9941265e-02
   2.8655212e-02
   6.1578777e-02
   6.8201423e-02
   4.9342688e-02
   4.4052284e-02
   4.2895332e-02
   3.4026291e-02
   5.3169742e-02
   7.4271329e-02
   4.0546186e-02
   7.5207978e-02
   6.5538503e-02
   5.1093429e-02
   1.8181683e-02
   2.0153109e-02
   2.3432057e-02
   9.1238953e-02
   9.4673276e-02
   1.0568275e-01
   6.3722163e-02
   4.9179845e-02
   3.7060417e-02
   6.7674361e-02
   7.8418866e-02
   1.7236793e-02
   5.1332701e-02
   9.3573853e-02
   8.5739441e-02
   6.5570801e-02
   1.1465115e-01
   1.3411108e-01
   1.0695308e-01
   9.0070143e-02
   4.2259142e-02
   3.5401557e-02
   2.1313423e-02
   1.1383319e-01
   4.1559106e-01
   6.7900985e-01
   5.2733582e-01
   3.1293073e-01
   1.7075482e-01
   5.1965784e-02
   5.5291634e-02
   4.3070141e-02
   3.2391276e-02
   6.8085149e-02
   1.0277983e-01
   1.0304213e-01
   1.0568341e-01
   1.1132807e-01
   1.2312253e-01
   8.0015920e-02
   2.0144708e-02
  -1.8110873e-02
   1.6141627e-02
   4.9140308e-02
   1.2187827e-01
   1.2987545e-01
   4.9582213e-02
   3.0949911e-02
   5.7688236e-02
   5.1475961e-02
   6.4127877e-02
   5.4922428e-02
   7.5476907e-02
   5.9811082e-02
   4.7282614e-02
   8.2318611e-02
   1.3355374e-01
   2.6037297e-01
   2.7779415e-01
   2.2220108e-01
   1.4306112e-01
   5.2113544e-02
   4.3557838e-02
   4.4087101e-02
   3.3768062e-02
   7.3444039e-02
   7.9116091e-02
   1.1527858e-01
   1.7395142e-01
   2.2469771e-01
   1.8372190e-01
   1.1881099e-01
   5.8485266e-02
  -5.8634719e-03
   2.1891166e-02
   2.2602778e-02
   1.2270872e-01
   2.0959267e-01
   1.9570905e-01
   1.3580564e-01
   6.9667757e-02
   6.8664655e-02
   8.1141457e-02
   7.7153541e-02
   2.1473464e-02
   1.2784651e-03
   4.1649513e-02
   1.5576892e-01
   2.6035455e-01
   2.3670529e-01
   2.1258885e-01
   9.4013102e-02
   6.8797864e-02
   3.2753919e-03
   3.5536967e-02
   3.3607095e-01
   7.2442156e-01
   7.8294408e-01
   5.9393358e-01
   3.9858446e-01
   3.4673011e-01
   3.1544191e-01
   2.4794962e-01
   1.6773339e-01
   5.8321264e-02
  -5.2601371e-02
   2.7587500e-01
   1.7099689e+00
   3.0905604e+00
   2.8622122e+00
   1.5458333e+00
   6.4344138e-01
   2.6783711e-01
   1.9003549e-01
   1.5690998e+00
   9.6956167e+00
   2.0587929e+01
   2.0566401e+01
   1.1802967e+01
   4.6848969e+00
   1.2625428e+00
   1.9654395e-01
   1.2937550e-02
   1.5047885e-02
   1.5470307e-01
   8.3537889e-01
   2.2041888e+00
   2.4612563e+00
   1.7687041e+00
   8.8332403e-01
   2.4475542e-01
  -5.4314796e-02
  -1.3088174e-01
  -1.4027502e-02
   1.3482346e-01
   3.9063218e-01
   4.8020548e-01
   4.7252283e-01
   2.8166720e-01
   1.0958198e-01
   4.0925112e-02
   3.2575242e-02
   4.4976141e-02
   7.3827989e-02
   1.3161646e-01
   2.3274240e-01
   2.1878682e-01
   4.0473232e-01
   5.5972677e-01
   4.5975503e-01
   2.3073016e-01
   8.6197913e-02
   2.9652337e-02
   9.2277028e-02
   1.5561873e-01
   1.5370466e-01
   1.1217991e-01
   8.9265473e-02
   8.7604821e-02
   7.2967209e-02
   1.1372788e-01
   1.5660891e-01
   1.9395694e-01
   1.8629915e-01
   1.0250673e-01
   5.2554607e-02
   5.2373216e-02
   7.6552413e-02
   7.2610043e-02
   5.1803730e-02
  -2.6124336e-02
  -7.3987483e-03
  -5.4581221e-03
   1.2262527e-01
   1.7742072e-01
   1.1963932e-01
  -2.7130675e-03
  -8.4475979e-02
  -1.5891884e-02
   9.7334720e-02
   3.3701533e-01
   5.5310959e-01
   5.8450937e-01
   3.7605795e-01
   9.1653399e-02
   3.3808704e-02
   4.2664626e-01
   1.4077541e+00
   1.6447393e+00
   1.1534353e+00
   5.0401103e-01
   2.3725857e-01
   4.5373052e-01
   8.9844066e-01
   9.6789318e-01
   5.7166660e-01
   3.1576705e-01
   2.4807250e-01
   1.8973590e-01
   4.3179810e-01
   2.3121235e+00
   5.2718501e+00
   5.7142186e+00
   3.6344435e+00
   1.6479460e+00
   6.3337827e-01
   2.8805381e-01
   8.1500858e-02
   2.3773588e-02
   1.1432694e-01
   3.3788797e-01
   6.6370577e-01
   8.8359690e-01
   6.5802783e-01
   3.6064962e-01
   1.3259490e-01
   5.6844592e-02
   3.0233577e-02
   9.7283512e-02
   1.6937163e-01
   1.4052951e-01
   1.3644390e-01
   1.0100494e-01
   9.0326890e-02
   5.6230038e-02
   7.0682913e-02
  -1.7685741e-02
   4.9479976e-02
   6.3140087e-02
   8.7746620e-02
   1.2844242e-01
   1.2554885e-01
   1.2781276e-01
   1.6205360e-01
   1.4537214e-01
   1.0184231e-01
   1.0875931e-01
   7.6384261e-02
   1.0217872e-01
   1.5638369e-01
   7.8482434e-02
  -3.2560567e-03
   6.0565121e-02
   1.0080893e-01
   8.6836368e-02
   7.0370965e-02
   1.5441203e-01
   1.3833261e-01
   1.1183889e-01
   1.4797719e-01
   1.1335079e-01
   1.2103832e-01
   1.0683408e-01
   6.6362135e-02
   1.3930988e-02
   3.0263893e-02
   5.9102770e-02
   1.2075389e-01
   1.7930380e-01
   1.4254422e-01
   5.6233346e-02
  -2.2981069e-03
  -1.8739799e-04
   1.3751310e-01
   3.0331165e-01
   3.5878521e-01
   3.4038195e-01
   1.5058480e-01
   7.4277245e-02
   1.1612103e-01
   3.5552275e-01
   6.1326110e-01
   6.5916604e-01
   3.4199971e-01
   1.1795964e-01
   6.0083091e-02
   6.0273254e-01
   1.4577554e+00
   1.9210098e+00
   1.4326544e+00
   7.1613914e-01
   3.0892572e-01
   1.9521435e-01
   1.1104039e+00
   3.9758825e+00
   6.4090452e+00
   5.7407985e+00
   3.4603691e+00
   1.5877324e+00
   6.0813016e-01
   3.1517765e-01
   4.9739832e-01
   6.3485444e-01
   5.9729654e-01
   7.9857236e-01
   8.3964777e-01
   7.6037270e-01
   5.6790435e-01
   5.2565640e-01
   4.8545542e-01
   4.5327982e-01
   3.1864154e-01
   1.9104472e-01
   2.7641582e-01
   2.5621611e-01
   2.3875156e-01
   1.6714294e-01
   1.1691562e-01
   7.6310195e-02
   8.6859711e-02
   1.3202360e-01
   1.3589852e-01
   7.2156020e-02
   1.0975449e-01
   9.4733767e-02
   1.2075047e-01
   6.5767057e-02
   7.0639253e-02
   8.2363881e-02
   5.4867730e-02
   2.9184159e-02
   8.8228807e-02
   6.2461913e-02
   5.3908337e-02
   1.0172658e-01
   5.0212316e-02
  -2.5453516e-03
   2.0940602e-02
   1.9914884e-02
   6.3629106e-02
   7.1860008e-02
   7.4493073e-02
   1.2120055e-01
   5.6289509e-02
   5.7480417e-02
   4.4917680e-02
   6.3540772e-02
   3.4946520e-02
   2.3097247e-02
   1.6656278e-01
   1.7028190e-01
   1.6844039e-01
   2.0283204e-01
   1.2831868e-01
   5.9855923e-02
   1.4825681e-01
   1.6356669e-01
   1.0839385e-01
   1.7280328e-01
   2.6050273e-01
   1.7304854e-01
   7.2428778e-02
   4.9628839e-02
   9.8361902e-02
   2.0123458e-01
   1.7802452e-01
   9.2782721e-02
   9.5752560e-02
   8.8542499e-02
   1.3813162e-01
   4.8198995e-01
   6.5631050e-01
   5.4172748e-01
   2.7282497e-01
   5.1306415e-02
  -2.0936454e-02
   1.5144646e-01
   8.8280827e-01
   1.7085167e+00
   1.6864972e+00
   9.0903699e-01
   4.9387777e-01
   2.4757127e-01
   1.2258770e-01
   1.7487240e-01
   2.4264364e-01
   3.0086005e-01
   3.6819342e-01
   3.7920028e-01
   3.1322432e-01
   2.1509737e-01
   1.7987245e-01
   2.6581314e-01
   2.7009404e-01
   1.7069487e-01
   1.2462609e-01
   1.7096195e-01
   1.8291375e-01
   8.3271325e-02
   7.1489371e-02
   2.3912065e-02
   8.2339182e-02
   7.4238501e-02
   4.0994711e-02
   7.4252509e-02
   6.3876934e-02
   3.1095071e-02
   7.1657456e-02
   5.1059406e-02
   5.7447091e-02
   9.3665920e-02
   7.5206436e-02
  -3.7977013e-03
   6.6741660e-02
   1.3404222e-01
   7.6513588e-02
   5.2619327e-02
   6.0995322e-02
   1.0370770e-02
   6.3925043e-02
   1.0256366e-01
   5.5184878e-02
   7.3191784e-02
   1.1087692e-01
   9.0031870e-02
   8.6607240e-02
   1.1798012e-01
   1.3889287e-01
   1.0529207e-01
   5.4233208e-02
   8.6518764e-02
   1.2232202e-01
   1.8436375e-01
   1.9220580e-01
   1.8085653e-01
   1.4889732e-01
   6.6735186e-02
   3.3740338e-02
   4.3298170e-02
   1.1745768e-01
   1.1788259e-01
   1.2993206e-01
   1.1233961e-01
   3.4942318e-02
   1.6067389e-02
   5.8109250e-02
   1.1154062e-01
   1.0243094e-01
   1.0631543e-01
   8.4202833e-02
   1.1640939e-02
   8.4762555e-03
   1.1417449e-01
   3.2572132e-01
   3.9061373e-01
   2.1071349e-01
   5.9649602e-02
   3.0297432e-02
   4.9567487e-02
   2.5503659e-01
   5.4232502e-01
   6.0991424e-01
   4.6010560e-01
   2.6435617e-01
   1.1534575e-01
   4.4710394e-02
   9.0919465e-02
   1.8999885e-01
   2.4620129e-01
   1.7952830e-01
   1.3352419e-01
   5.3899422e-02
   1.1240411e-01
   8.9479104e-02
   1.6969337e-01
   1.8577127e-01
   1.7530967e-01
   1.5746339e-01
   8.1146829e-02
   8.0358528e-02
   1.9375023e-01
   2.5051695e-01
   2.5841752e-01
   2.4170239e-01
   1.0418586e-01
   1.5442686e-03
   3.7413586e-02
   2.1833831e-01
   3.3941302e-01
   3.5207090e-01
   1.6856167e-01
   6.8726353e-02
   8.8826381e-03
   4.4376738e-02
   6.0145068e-01
   1.4493172e+00
   1.6577886e+00
   9.9881017e-01
   4.0095088e-01
   5.1321420e-03
   1.5985880e-02
   3.3174536e-01
   7.6161188e-01
   7.9337519e-01
   5.4822123e-01
   3.2818097e-01
   2.1349828e-01
   1.5319535e-01
   3.9884517e-01
   7.4499422e-01
   7.2837132e-01
   4.9344191e-01
   2.5007567e-01
   1.7269455e-01
   1.2573282e-01
   1.2059614e-01
  -1.1932523e-02
  -9.5780212e-03
   2.5311597e-02
   8.4733583e-02
   8.3633617e-02
   7.4626580e-02
   8.1988767e-02
   5.0535314e-02
   1.7293626e-02
   1.2362501e-02
   6.2490843e-02
   7.2708361e-02
   6.9172233e-02
   8.8125624e-02
   7.8392684e-02
   2.5772063e-02
   3.9545465e-02
   3.1254772e-02
   1.1727574e-01
   1.5324004e-01
   1.1018164e-01
   3.8520057e-02
   1.1750879e-02
   4.4135612e-02
   1.1059722e-01
   1.9159347e-01
   1.8951574e-01
   1.3587674e-01
   1.1936353e-01
   7.3180176e-02
   1.9786682e-02
   2.6517989e-02
   5.4364447e-02
   7.8364201e-02
   7.9563461e-02
   8.0264837e-02
   1.0147025e-01
   4.7132250e-02
   2.5564397e-02
   1.2677020e-01
   1.1321722e-01
   1.5401307e-01
   1.0991136e-01
   1.1503190e-01
   4.5868225e-02
   6.6856958e-02
   1.4695133e-01
   9.3313880e-02
   8.1313938e-02
   1.2522869e-01
   6.5826856e-02
   5.2440647e-02
   1.2336396e-01
   9.0629891e-02
   9.4188042e-02
   1.0915358e-01
   8.8334754e-02
   4.2857572e-02
   1.0309649e-01
   2.9168025e-01
   5.2126557e-01
   6.2538248e-01
   4.1143999e-01
   1.5678172e-01
   6.5143406e-02
   1.2487262e-01
   1.9628409e-01
   3.2531139e-01
   3.0533966e-01
   1.6552028e-01
   1.3720350e-01
   8.6327255e-02
   8.1001833e-02
   2.0445146e-01
   2.9062527e-01
   2.8191504e-01
   1.4112602e-01
   3.1899057e-02
   6.1188973e-02
   6.3845389e-02
   3.5242327e-02
  -2.5860723e-03
  -3.8511265e-02
   1.3749527e-03
   4.3206122e-02
   1.4434046e-01
   1.1568393e-01
   7.3752940e-02
   7.2324358e-02
   5.5303514e-02
   2.8005995e-02
   9.4105884e-02
   2.4032797e-01
   2.9407939e-01
   3.1566373e-01
   2.2463861e-01
   9.3813844e-02
   8.2574040e-02
   1.9154589e-01
   3.0169535e-01
   3.1201449e-01
   4.3114552e-01
   3.3305630e-01
   2.4268660e-01
   1.7197461e-01
   3.5499197e-01
   6.3480425e-01
   6.0283804e-01
   3.9739749e-01
   2.0767398e-01
   4.2362437e-02
   1.1558282e-01
   5.8704448e-01
   9.7579652e-01
   8.0907667e-01
   4.9382901e-01
   1.3040717e-01
  -1.8021265e-02
   1.5627429e-01
   1.3214175e+00
   2.8443782e+00
   3.0482943e+00
   2.0791631e+00
   9.0898055e-01
   2.4816665e-01
   4.0482992e-01
   1.2044822e+00
   1.8920598e+00
   1.6889879e+00
   1.1074460e+00
   6.8828857e-01
   4.2618468e-01
   5.9176499e-01
   1.2167016e+00
   1.5985358e+00
   1.3382134e+00
   7.1400923e-01
   3.5979420e-01
   2.3191638e-01
   5.0767767e-01
   1.0924568e+00
   1.4277425e+00
   1.0180628e+00
   5.2705830e-01
   2.2173251e-01
   1.1554404e-01
   1.2389134e-01
   1.3434780e-01
   7.2785668e-02
   1.4011016e-01
   2.2453842e-01
   1.8673728e-01
   1.3828790e-01
   2.0631626e-01
   2.4763659e-01
   2.5477624e-01
   1.6270651e-01
   1.2324501e-01
   1.3309501e-01
   6.6625290e-02
   4.5213975e-02
   9.3254864e-02
   1.0719799e-01
   5.4019652e-02
   8.0312669e-02
   9.9497750e-02
   7.5128742e-02
   9.9960372e-02
   8.3459690e-03
  -7.0949071e-03
   2.2394544e-02
   4.6081111e-02
   1.1049510e-01
   1.6267936e-01
   2.1310648e-01
   1.5667227e-01
   4.9752071e-02
   6.4398028e-02
   8.6907588e-02
   1.2006165e-01
   2.0766442e-01
   2.6226327e-01
   2.6288858e-01
   1.8751693e-01
   1.2473227e-01
   1.7136772e-01
   2.7586657e-01
   2.0195897e-01
   1.7671733e-01
   5.0745841e-02
   8.2382210e-02
   1.0336514e-01
   2.9552168e-01
   3.7402973e-01
   3.3507344e-01
   2.3904848e-01
   8.9353591e-02
   1.6432507e-02
   2.9296634e-01
   8.7939173e-01
   1.3213583e+00
   1.0028729e+00
   6.0243130e-01
   1.9022694e-01
   4.3136712e-02
   2.2985779e-01
   6.3411593e-01
   7.0782024e-01
   4.8548397e-01
   2.5177020e-01
   1.1258342e-01
   6.4699195e-02
   2.7399969e-01
   6.2745994e-01
   6.6734868e-01
   4.0257278e-01
   1.6494301e-01
   6.2903620e-02
   6.9849104e-02
   4.1791120e-01
   6.5098178e-01
   5.4645497e-01
   3.0193186e-01
   1.1589047e-01
   5.8726668e-02
   1.1161270e-01
   1.3726477e-01
   7.0625350e-02
   1.1469956e-01
   1.2251100e-01
   3.2446016e-02
   1.6410474e-01
   3.6957264e-01
   3.8132143e-01
   2.6750353e-01
   1.1960273e-01
   1.2387412e-02
  -2.7885715e-02
   2.5492150e-02
   6.0411528e-02
   3.0471005e-02
   6.9125496e-02
   6.5257519e-02
   6.1819728e-02
   4.7115728e-02
   1.4684966e-01
   2.1528167e-01
   1.5676971e-01
   8.9285992e-02
   5.1057603e-02
   5.3117115e-02
   5.9185982e-02
   7.7326290e-02
   8.2418464e-02
   1.0449374e-01
   5.5438187e-02
   4.1820418e-02
  -4.1818754e-03
   2.2684176e-02
   2.6271157e-02
   1.1362366e-01
   2.0961848e-01
   2.8147507e-01
   1.8172763e-01
   1.0800537e-01
   3.5806298e-02
   7.5116478e-02
   3.0955899e-01
   1.0194921e+00
   1.7160119e+00
   1.4920751e+00
   8.5990095e-01
   3.9871758e-01
   1.6406277e-01
   2.6379725e-01
   6.5453607e-01
   8.8957542e-01
   8.7634218e-01
   9.3922645e-01
   1.0085086e+00
   6.4695507e-01
   3.4775612e-01
   4.9441382e-02
   2.0952368e-02
   2.9101965e-01
   4.7357288e-01
   4.5636219e-01
   2.4818178e-01
   1.4673442e-01
   6.6267349e-02
   4.7951207e-02
   1.3326135e-01
   2.9277560e-01
   2.0675738e-01
   1.4406908e-01
   8.5884474e-02
   4.4666857e-02
   8.6682543e-02
   2.9498282e-01
   2.4988726e-01
   1.6850159e-01
   1.0092592e-01
   9.7092003e-02
   6.4432696e-02
   9.7220816e-02
   6.9539160e-02
   1.4029399e-02
   2.6640115e-02
   4.1880377e-02
   5.6180011e-02
   1.0426617e-01
   1.6712195e-01
   7.2403327e-02
   4.9902074e-02
   2.1468442e-02
   2.7449377e-02
   1.3179406e-02
   1.1652999e-02
   9.0265982e-02
   5.2958909e-02
   7.0655778e-02
   3.6458161e-02
   1.1828221e-02
   4.9725834e-02
   1.0951947e-01
   8.8308945e-02
   2.6284318e-02
   2.7387660e-02
   4.1046254e-02
   5.9370827e-02
   3.6333632e-02
   4.7684494e-02
   8.0367737e-02
   9.0306938e-02
   8.3785065e-02
   5.6908701e-02
   3.5863522e-02
   2.0803574e-02
   4.1826233e-02
   9.4514295e-02
   9.8158762e-02
   6.9728352e-02
   6.8808630e-02
   6.2923506e-02
  -4.8480966e-04
   8.7115414e-02
   3.5233185e-01
   4.7498274e-01
   3.7453902e-01
   1.9178674e-01
   7.6453157e-02
   4.4940356e-02
   1.4767544e-01
   2.1239029e-01
   2.0172644e-01
   2.3855224e-01
   2.9335722e-01
   2.4656785e-01
   2.2010830e-01
   1.0685696e-01
   3.9484523e-02
   2.8022086e-02
   1.2126145e-01
   1.9540370e-01
   1.7181380e-01
   1.4510749e-01
   1.1122793e-01
   5.1353101e-02
   3.9304003e-02
   1.5105908e-01
   1.7562622e-01
   1.4093466e-01
   8.1379347e-02
   5.2392442e-02
   6.9217347e-02
   8.0393441e-02
   1.5626930e-01
   1.7817894e-01
   7.7676617e-02
   4.4781156e-02
   4.8019972e-02
   2.1112932e-02
   5.7156373e-02
   6.8393424e-02
  -3.0577718e-03
   2.1574747e-02
   4.8053753e-02
   5.7396144e-02
   4.6097044e-02
   1.0194994e-01
   7.1146846e-02
   3.3436555e-02
   3.7351068e-02
   5.8731902e-02
   4.6498239e-02
   5.6442041e-02
   4.5101002e-02
   4.2493783e-02
   4.3275617e-02
   5.6232095e-02
   6.2309537e-02
   7.5045742e-02
   2.1232318e-02
   1.8904893e-02
   6.8983272e-02
   6.2359896e-02
   5.1750649e-02
   1.2752623e-02
   9.5886393e-03
   4.4082083e-02
   4.4191092e-02
   2.8868161e-02
   2.7712973e-02
   3.9800834e-02
   4.8093922e-02
   7.4548163e-02
   4.5358833e-02
   7.1379893e-02
   4.3035571e-02
   1.0216074e-02
   4.1996062e-02
   4.4740271e-02
   5.4676346e-02
   1.4653915e-01
   1.9301467e-01
   1.7260779e-01
   1.1575644e-01
   8.6501136e-02
   7.8516454e-02
   7.5719066e-02
   9.2158817e-02
   1.1152849e-01
   1.8525012e-01
   1.6117908e-01
   1.2750052e-01
   1.2229579e-01
   6.8840615e-02
   3.5976440e-02
   2.8102038e-02
   7.5615063e-02
   5.8731779e-02
   7.3602371e-02
   4.5012526e-02
   6.7557491e-02
   4.3115295e-02
   3.1541437e-02
   1.1227789e-01
   9.7533301e-02
   8.3172113e-02
   6.0854368e-02
   1.9506339e-02
   3.3102721e-02
   5.5311553e-02
   6.3002914e-02
   6.6424318e-02
   5.0539359e-02
   2.0361191e-02
   5.3278461e-02
   4.1645512e-02
   5.8994178e-02
   5.5916458e-02
   7.4709989e-02
   5.3053368e-02
   5.6142017e-02
   6.0432419e-02
   4.1769601e-02
   5.1650357e-02
   6.4163767e-02
   4.8090819e-02
   1.8508760e-02
   1.3556147e-02
   4.4381325e-03
   4.9401734e-02
   5.6375619e-02
   6.8114333e-02
   7.2238863e-02
   4.9577396e-02
   4.2000856e-02
   2.7449351e-02
   2.5933566e-02
   3.6039755e-02
   3.0671660e-02
   5.1719312e-02
   4.1450653e-02
   3.2189809e-02
   3.5064260e-03
   2.4554346e-02
   3.4244724e-02
   5.4011673e-02
   4.7280729e-02
   4.4976812e-02
   3.4045052e-02
   2.3512738e-02
   5.6555767e-02
   6.0296297e-02
   3.5524439e-02
   1.6934279e-02
   4.2825866e-02
   4.8360720e-02
   6.4622797e-02
   8.3103783e-02
   7.4063584e-02
   3.9930888e-02
   2.9025594e-02
   4.5859840e-02
   3.4031563e-02
   3.6649041e-02
   7.0210986e-02
   8.5930161e-02
   5.0228346e-02
   2.2163801e-02
   3.9854839e-02
   7.7742033e-02
   3.4337714e-02
   4.4825610e-02
   6.8431593e-02
   4.7267556e-02
   4.0400628e-02
   2.6604826e-02
   3.7576608e-02
   3.9733212e-02
   2.2866016e-02
   2.8739665e-02
   7.2929643e-02
   6.3762978e-02
   5.8655933e-02
   4.3745160e-02
   3.5849657e-02
   3.3133514e-02
   5.4725278e-02
   3.7170369e-02
   4.2993989e-02
   2.3086224e-02
   3.8147654e-02
   5.0824940e-02
   3.4192905e-02
   2.1572964e-02
   5.4850873e-02
   3.0198533e-02
   2.5410503e-02
   4.0664412e-02
   4.4051107e-02
   5.4341704e-02
   4.7812045e-02
   3.8742222e-02
   2.6871657e-02
   2.4211491e-02
   3.0763635e-02
   4.2137921e-02
   2.5881814e-02
   1.4539380e-03
   5.0869834e-02
   4.7118057e-02
   2.6358975e-02
   2.8754942e-02
   3.3506960e-02
   2.3798445e-02
   3.6506068e-02
   3.5197396e-02
   6.0384821e-02
   5.4695435e-02
   3.4942575e-02
   1.9771507e-02
   3.1703517e-02
   3.7789445e-02
   3.3835694e-02
   3.0007087e-02
   3.5924127e-03
   1.5033847e-02
   3.4214053e-02
   5.9225339e-02
   3.8625114e-02
   1.7301105e-02
   3.5917085e-02
   3.5615981e-02
   3.4840666e-02
   4.5875665e-02
   3.5891019e-02
   1.4519004e-02
   1.5031103e-02
   3.3605117e-02
   3.1544019e-02
   4.3880440e-02
   3.7401509e-02
   6.2036734e-02
   4.6466373e-02
   8.7936766e-02
   6.4519383e-02
   1.7774748e-02
   4.5885809e-02
   3.2817658e-02
   2.7456647e-02
   9.8191220e-03
   4.7596384e-02
   8.8426605e-02
   5.4161482e-02
   2.1952661e-02
   1.3634699e-02
   5.5077847e-02
   5.3771004e-02
   4.6281237e-02
   8.0875129e-02
   6.1283372e-02
   3.9280426e-02
   3.2082770e-02
   3.7883833e-02
   3.0562719e-02
   5.7157636e-02
   5.0057087e-02
   4.7621068e-02
   5.2200727e-02
   3.5298239e-02
   4.5352735e-02
   5.3972904e-02
   3.8737949e-02
   6.0926609e-02
   4.1092485e-02
   7.4576207e-02
   5.3849936e-02
   4.2138562e-02
   4.2168465e-02
   6.9271713e-02
   4.9025245e-02
   2.3330165e-02
   4.6371169e-02
   3.6216389e-02
   3.9859340e-02
   4.3768682e-02
   5.4910686e-02
   4.5269266e-02
   2.4663707e-02
   2.7582450e-02
  -6.4762775e-03
   1.3451220e-02
   3.5038717e-02
   4.6151880e-02
   2.7727237e-02
   4.9928777e-02
   6.5968476e-02
   4.2362656e-02
   4.6097040e-02
   3.6960185e-02
   6.5786414e-02
   5.8325686e-02
   6.9240682e-02
   6.3755199e-02
   3.6920939e-02
   4.5988154e-02
   3.1258121e-02
   5.7317145e-02
   3.3469491e-02
   7.9770476e-02
   3.5054151e-02
   6.4466156e-02
   1.2842616e-01
   1.6874905e-01
   1.8040527e-01
   1.1411306e-01
   4.1288577e-02
  -5.0668797e-04
   8.9156419e-02
   4.6603522e-01
   9.9457514e-01
   9.8678017e-01
   6.2470394e-01
   2.5689802e-01
   1.2281107e-01
   1.7508210e-01
   4.8582342e-01
   5.6869256e-01
   4.0848532e-01
   3.4176144e-01
   2.1694231e-01
   1.3032177e-01
   8.5812733e-02
   4.7053095e-02
   6.7947455e-02
   7.7640511e-02
   1.4997594e-01
   1.3254228e-01
   7.2098516e-02
   6.1041322e-02
   5.6700546e-02
   6.1743155e-02
   3.5178632e-02
   7.5334728e-02
   5.9279792e-02
   5.3160358e-02
   4.7671378e-02
   1.3034184e-02
  -1.0766352e-03
   4.8235506e-02
   8.4168248e-02
   2.8222144e-02
   1.7711665e-02
   5.5177961e-02
   6.6267945e-02
   8.2843654e-02
   8.6940818e-02
   7.2021455e-02
   6.5935470e-02
   4.5064755e-02
   8.1623882e-02
   9.2839986e-02
   7.6112270e-02
   5.4515716e-02
   4.7625825e-02
   6.7161299e-02
   5.7377934e-02
   1.4085310e-02
   3.9153531e-02
   4.9891159e-02
   5.9796330e-02
   6.9256723e-02
   6.9584437e-02
   4.3918155e-02
   3.5105497e-02
   2.6772283e-02
   7.9912536e-02
   7.9796620e-02
   5.7875015e-02
   4.3862261e-02
   1.6555747e-02
   2.9869294e-02
   4.3249823e-02
   7.3763132e-02
   6.0857557e-02
   6.3157074e-02
   6.1966401e-02
   9.7113222e-02
   9.1267787e-02
   4.2796809e-02
   4.0866558e-02
   4.2977843e-02
   7.8139417e-02
   1.4877026e-01
   2.4649701e-01
   2.3308332e-01
   1.8909870e-01
   7.4484609e-02
   2.8124334e-02
   2.8311605e-02
   7.2752945e-02
   1.0321090e-01
   9.6120998e-02
   9.3778081e-02
   5.8573827e-02
   3.8078357e-02
   2.0205224e-02
   2.2257105e-02
   2.0284221e-02
   2.9907428e-02
   5.5576503e-02
   7.9208814e-02
   5.1008057e-02
   6.7350729e-03
   2.4484124e-02
   2.1693142e-02
   3.5356011e-02
   2.3828477e-03
   3.7125491e-02
   5.0511301e-02
   2.7469942e-02
   1.6293194e-02
   1.6593605e-02
   2.6839728e-02
   3.1285606e-02
   4.0261615e-02
   3.7104074e-02
   5.1719029e-02
   3.0396903e-02
   5.5809606e-02
   3.8008302e-02
   5.2267361e-02
   3.7277810e-02
   3.8380194e-02
   3.3828925e-02
   3.3278696e-02
   5.4147173e-02
   5.1808424e-02
   3.8457073e-02
   4.4394743e-02
   4.1330565e-02
   6.1647575e-02
   4.1946828e-02
   4.8663046e-02
   5.8904462e-02
   3.6766104e-02
   1.8367801e-02
   2.7558805e-02
   1.1903170e-02
   3.0462714e-02
   5.1746126e-02
   3.5315003e-02
   4.1489329e-02
   2.4528746e-02
   2.2191707e-02
   6.1026342e-02
   3.9973382e-02
   2.5785137e-02
   4.0750030e-02
   5.4966029e-02
   4.0440958e-02
   3.4455288e-02
   2.9793309e-02
   3.5937648e-02
   2.7886597e-02
   5.3479251e-02
   4.3448355e-02
   5.0339762e-02
   7.8451447e-02
   6.4033136e-02
   7.3300220e-02
   4.4912748e-02
   1.2734266e-02
   6.6158958e-02
   7.6064058e-02
   6.3024834e-02
   5.9085969e-02
   2.3043046e-02
   1.7593326e-02
   2.3506563e-02
   2.6764683e-02
   2.5345312e-02
   9.9472944e-03
   2.7532596e-02
   3.1259697e-02
   4.6001755e-02
   3.3231068e-02
   2.6503459e-02
   5.9047107e-02
   5.1450118e-02
   3.5817869e-02
   3.1250905e-02
   4.0198967e-02
   4.6350088e-02
   5.7641573e-02
   3.6279630e-02
   1.9676426e-02
   5.4541370e-03
   1.5842093e-02
   1.7240707e-02
   3.1766046e-02
   5.1900201e-02
   4.5146029e-02
   6.5936364e-02
   7.5889923e-02
   6.8881243e-02
   3.8234189e-02
   3.6197085e-02
   3.3463057e-02
   5.4547399e-02
   6.2463440e-02
   5.2200347e-02
   3.9164633e-02
   2.1064738e-02
   1.9846935e-02
   3.4242418e-02
   6.3691132e-02
   4.6628647e-02
   3.0806372e-02
   2.4087885e-02
   1.7530961e-02
   3.6983196e-02
   4.1123405e-02
   2.7622111e-02
   6.0041618e-02
   7.3458016e-02
   4.3110255e-02
   1.7230848e-02
   3.8178440e-02
   4.8932325e-02
   5.3370301e-02
   6.9908381e-02
   2.4157465e-02
   1.7063079e-02
   1.4187102e-02
   1.7084947e-02
   2.3767231e-02
   2.9593838e-02
   1.4701325e-02
   3.5762917e-02
   4.2753331e-02
   5.4058384e-02
   4.4688132e-02
   4.8664995e-02
   5.2853413e-02
   6.2852301e-02
   3.7892714e-02
   3.7839293e-02
   4.5090750e-02
   4.0862840e-02
   3.6792371e-02
   2.2002146e-02
   2.2650430e-02
   2.5595378e-02
   3.6900502e-02
   2.6654989e-02
   4.7886688e-02
   1.5723107e-02
   3.3487771e-02
   3.4801334e-02
   4.1878127e-02
   6.1243240e-02
   4.8919924e-02
   5.5501319e-02
   5.3302400e-02
   4.4367090e-02
   2.2166777e-02
   5.2329622e-02
   3.9669249e-02
   3.7888415e-02
   2.8842540e-02
   3.7590843e-02
   5.7282034e-02
   4.2358827e-02
   3.0562447e-02
   4.8376855e-02
   4.6465609e-02
   6.2402710e-02
   8.1123188e-02
   4.3225419e-02
   3.5840470e-02
   6.0661312e-02
   8.8353187e-02
   5.0492864e-02
   1.4130853e-02
   3.5876881e-02
   7.4298806e-02
   5.6927275e-02
   5.4081831e-02
   8.3457613e-03
   2.8444648e-02
   6.0207531e-02
   6.8992391e-02
   6.8577774e-02
   5.1851563e-02
   1.6645461e-02
   2.5170809e-02
   6.6441767e-02
   5.7632957e-02
   6.3204147e-02
   6.3656323e-02
   3.4139704e-02
   4.2177215e-02
   6.2307574e-02
   2.5596144e-02
   3.9624106e-02
