   4.8258204e-02
   3.5201229e-02
   1.6973913e-02
   2.1975867e-02
   2.4048526e-02
   1.9665394e-02
   1.2174937e-02
   5.5521064e-02
   3.6786821e-02
   3.4572430e-02
   2.0417195e-02
   2.7915225e-03
   6.3442201e-03
   1.8369297e-02
   1.3699490e-02
   2.6846971e-02
   5.9319407e-02
   5.1637664e-02
   4.0128797e-02
   4.9650554e-02
   5.3238645e-02
   4.0295321e-02
   1.6183998e-02
   2.2760628e-02
   2.4394874e-02
   2.9272124e-02
   2.8506003e-02
   2.3142310e-02
   1.6132982e-02
   4.3457575e-02
   4.3797992e-02
   4.8151392e-02
   3.1375196e-02
   2.3408793e-02
   2.1104300e-02
   3.5109919e-02
   4.8845835e-02
   3.4908392e-02
   2.9106347e-02
   5.2655473e-02
   2.5880227e-02
   2.8138917e-02
   5.8294050e-02
   4.8576202e-02
   3.4656402e-02
   1.8236186e-02
   2.7217945e-02
   2.1713195e-02
   2.3427848e-02
   6.1518475e-03
   2.4102405e-02
   3.5303265e-02
   4.0480006e-02
   5.7028651e-02
   5.4718468e-02
   3.1530909e-02
   2.5749961e-02
   1.0176841e-02
   2.1043409e-02
   4.8751127e-02
   3.0101081e-02
   3.4664791e-02
   3.0913970e-02
   8.6185839e-03
   1.3047911e-03
   1.4309159e-02
   4.1806258e-02
   5.0716240e-02
   4.2197358e-02
   2.1998839e-02
   3.6315475e-02
   4.2609986e-02
   1.4862586e-02
   1.0291796e-02
   2.8453778e-02
   2.2113720e-02
   2.0220984e-02
   2.9425642e-02
   2.1808848e-02
   2.8904008e-02
   2.1631563e-02
   2.6617933e-02
   1.6517375e-02
  -5.3994353e-03
  -1.8778793e-03
   3.2043498e-02
   3.7469354e-02
   3.0570645e-02
   2.3965230e-02
   2.2043055e-02
   2.3446919e-02
   2.2082238e-02
   2.0873690e-02
   2.4399919e-02
   3.0405002e-02
   4.9803205e-02
   3.8416706e-02
   4.2229939e-02
   3.5695933e-02
   4.0094960e-02
   1.7152345e-02
   4.0295232e-02
   4.8132885e-02
   3.4429379e-02
   3.0727221e-02
   2.5511565e-02
   2.3234371e-02
   4.9973827e-02
   3.2900617e-02
   3.2876167e-02
   2.8497394e-02
   2.2848794e-02
   4.0080827e-02
   7.3565632e-02
   6.9796249e-02
   6.4010054e-02
   3.9621636e-02
   2.7619323e-02
   3.2411795e-02
   2.8054107e-02
   5.0116416e-02
   4.2203117e-02
   4.6210635e-02
   2.2008829e-02
   4.0151376e-02
   4.2353969e-02
   8.3341841e-03
   2.8344251e-02
   3.9679062e-02
   4.3371942e-02
   2.9805491e-02
   2.4444249e-02
   4.3598160e-02
   1.3020429e-02
   2.3414467e-03
   2.7836567e-02
   9.3834689e-03
   7.6811919e-03
   4.5325954e-02
   6.2070630e-02
   5.3702671e-02
   2.4559380e-02
   1.3516493e-02
   3.6780987e-02
   2.8043559e-02
   1.9617142e-02
   2.3942888e-02
   1.5508697e-02
   1.8053900e-02
   4.1366450e-02
   3.9897431e-02
   1.3980610e-02
   2.6910136e-02
   1.9248335e-02
   2.2542061e-02
   2.5512245e-02
   4.1928653e-02
   1.2419957e-02
   2.1280024e-02
   2.0070735e-02
   4.3602686e-02
   4.3924619e-02
   3.3821743e-02
   3.1703368e-02
   9.7659845e-03
   6.8140416e-03
   2.1086583e-02
   3.8729530e-02
   5.2272204e-02
   4.5816168e-02
   2.9156009e-02
   4.8958309e-02
   3.7639689e-02
   6.0451026e-03
   3.3597600e-02
   1.1421070e-02
  -1.7549442e-03
   2.2437360e-02
   5.9114955e-02
   4.1123211e-02
   2.3764569e-02
   2.8066570e-02
   3.7561294e-02
   3.6496624e-02
   1.6488113e-02
   1.7247949e-02
   2.6251243e-02
   2.6371719e-02
   3.5626534e-02
   3.9011981e-02
   4.4581171e-02
   5.4722957e-02
   6.1697535e-02
   4.3426719e-02
   3.1882539e-02
   1.6389042e-02
   4.3494105e-02
   3.3533547e-02
   2.9350536e-02
   3.7953004e-02
   3.9184529e-02
   3.2831810e-02
   1.7628994e-02
   1.6261747e-02
   2.4328789e-02
   3.2091983e-02
   2.0469058e-02
   2.5516497e-02
   3.5471145e-02
   3.8764771e-02
   1.2197596e-02
  -8.2509704e-03
   8.0894083e-03
   2.5306402e-02
   3.3612374e-02
   1.6796554e-02
   2.2601787e-02
   1.7303163e-02
   3.6539704e-02
   6.1305232e-02
   6.8071611e-02
   3.7591219e-02
   2.1783056e-02
   2.0076225e-02
   5.9423745e-02
   7.8378953e-02
   5.0387375e-02
   2.0625383e-02
   1.8879581e-02
   5.9331141e-02
   4.1595321e-02
   4.1033361e-02
   3.5642594e-02
   3.8831763e-02
   1.7231280e-02
   2.0556407e-02
   3.3199556e-02
   5.1158238e-02
   4.1437846e-02
   3.5646643e-02
   1.1557544e-02
   6.9751933e-02
   5.6643412e-02
   1.3324927e-02
   1.3698185e-02
   3.5649311e-02
   5.6298845e-02
   4.3592047e-02
   6.5099113e-03
   3.5973653e-02
   3.9113905e-02
   5.8003459e-02
   3.5968080e-02
   3.6814731e-02
   1.2207809e-02
   3.2630865e-02
   1.4853406e-02
   1.7138330e-02
   3.5198130e-02
   3.0651521e-02
   4.6724021e-02
   6.3312642e-02
   5.0016943e-02
   6.0375817e-02
   5.9143133e-02
   5.1675726e-02
   3.1639226e-02
   2.7643934e-02
   2.8204227e-02
   5.1056456e-02
   4.0169917e-02
   1.2120950e-02
   9.8293275e-03
   1.0457622e-02
   1.8633578e-02
   1.5562533e-02
   3.3280924e-02
   4.8782084e-02
   1.5191868e-02
   7.8777792e-03
   2.2763576e-02
   2.6897993e-02
   4.1921098e-02
   1.8608376e-02
   2.3404090e-02
   3.5502754e-02
   4.9797092e-02
   4.7339063e-02
   4.2311702e-02
   2.3232304e-02
   2.2068423e-04
   1.9622002e-02
   2.7501369e-02
   3.6073793e-02
   4.2245574e-02
   6.5724142e-02
   3.0853251e-02
   3.6809783e-02
   5.0495993e-02
   6.0656104e-02
   1.0743987e-01
   1.5826938e-01
   9.4795175e-02
   3.7716985e-02
   6.1163958e-02
   4.6553541e-02
   4.6843003e-02
   3.0873206e-02
   1.9738238e-02
   1.7785231e-02
   3.3492431e-02
   6.4669721e-02
   5.5857640e-02
   2.8978035e-02
   2.7804296e-02
   3.6076240e-02
   3.3018325e-02
   1.2288141e-02
   2.6044844e-02
   3.4673307e-02
   3.7273258e-02
   3.8695365e-02
   4.0751457e-02
   2.7184322e-02
   2.7820295e-02
   4.5754470e-02
   5.4911025e-02
   5.5071812e-02
   4.6433795e-02
   2.5461312e-02
   3.3848044e-02
   4.2575467e-02
   3.6522731e-02
   4.9939130e-02
   5.2886449e-02
   4.2510208e-02
   2.3756741e-02
   4.2002432e-02
   2.6854282e-02
   1.0605531e-02
   3.8914748e-02
   2.7192635e-02
   2.3079047e-02
   2.9204603e-02
   5.3897861e-02
   4.2210337e-02
   4.3503899e-02
   7.6975478e-03
   1.0951676e-02
   2.4101328e-02
   2.8335139e-02
   2.1184545e-02
   3.5011273e-02
   4.4414006e-02
   3.3575028e-02
   3.5596132e-02
   2.8324552e-02
   6.8744905e-02
   5.5026978e-02
   4.9480606e-02
   3.5462558e-02
   1.6462954e-02
   1.7813109e-02
   3.6757335e-02
   6.1322406e-02
   7.8526780e-02
   1.8891871e-02
   2.5511438e-02
   2.9976599e-02
   2.9528746e-02
   4.5531694e-02
   2.2849903e-02
   3.5175499e-02
   4.1568197e-02
   4.9616683e-02
   4.9381804e-02
   4.0893111e-02
   2.5741080e-02
   6.3086371e-03
   1.0938805e-02
   2.5010772e-02
   2.6155636e-02
   4.0728964e-02
   1.2625539e-02
   1.7639566e-02
  -6.5762741e-03
   2.5045762e-02
   1.2113233e-02
   6.0715969e-03
   3.6512509e-02
   5.2366681e-02
   3.4772810e-02
   4.1813016e-02
   6.3481592e-02
   6.3550167e-02
   5.4911204e-02
   4.1804727e-02
   9.3422709e-03
   1.9136649e-02
   2.6164163e-02
   2.3877924e-02
   4.3129522e-02
   1.8926408e-02
   2.6689587e-02
   1.6901962e-02
   1.1003956e-02
   2.5981434e-02
   9.5908521e-03
   3.7498146e-02
   4.3615568e-02
   4.3645900e-02
   7.2819084e-02
   6.1306614e-02
   5.1435992e-02
   6.8935975e-02
   1.1065910e-01
   7.2685577e-02
   5.6370411e-02
   4.3044358e-02
   4.6782564e-02
   3.5477165e-02
   2.7346199e-02
   5.7471611e-02
   4.6888832e-02
   3.8816370e-02
   1.2558063e-02
   1.2784295e-02
   2.2930849e-02
   4.4778425e-02
   4.4409920e-02
   3.1918027e-02
   3.4225948e-02
   3.6997888e-02
   3.4232087e-02
   2.3867007e-02
   1.1107288e-02
   3.2854106e-02
   3.1406261e-02
   2.6116399e-02
   4.2676032e-02
   3.3930801e-02
   2.7460922e-02
   1.5273593e-02
   6.5302337e-03
   1.9551089e-02
   2.2030452e-02
   1.1804083e-02
   4.2950653e-02
   3.3169419e-02
   2.1612270e-02
   1.4588141e-02
   1.8613370e-02
   3.3741787e-02
   3.5189703e-02
   4.2781014e-02
   1.5971635e-02
   1.8016979e-03
   2.1176027e-02
   2.2730460e-02
   1.9856507e-02
   7.9919752e-03
   2.0130690e-02
   3.2623336e-02
   2.6580041e-02
   2.5354620e-02
   4.3081459e-02
   2.3747982e-02
   2.4045661e-02
   5.6643460e-02
   2.9184299e-02
   3.6601447e-02
   3.5163235e-02
   2.3949465e-02
   3.4371559e-02
   3.7107393e-02
   3.3422709e-02
   3.1800695e-02
   5.0339200e-02
   5.9875634e-02
   6.8053395e-02
   4.9347684e-02
   4.2679511e-02
   3.2704625e-02
   4.0525790e-02
   4.6719410e-02
   6.2679544e-02
   4.9692679e-02
   1.8473746e-02
   3.7842311e-02
   4.8326567e-02
   4.4990491e-02
   4.2295191e-02
   6.3454043e-03
   8.8756403e-04
   3.9252836e-02
   4.7645256e-02
   8.1935629e-02
   6.2317882e-02
   3.4533691e-02
   2.6674312e-02
   3.2444946e-02
   1.7143723e-02
   3.7429158e-02
   4.9828902e-02
   8.0643915e-02
   3.1382814e-02
   3.3926971e-02
   2.4151461e-02
   1.7094994e-02
   3.3216443e-02
   3.4964874e-02
   2.5412306e-02
   3.3767931e-02
   2.8980309e-02
   2.3600917e-02
   3.6501102e-02
   3.2577459e-02
   1.5236928e-02
   2.6744224e-02
   1.3590609e-02
   3.6255732e-02
   2.6414268e-02
   3.8152691e-02
   4.8138905e-02
   3.9641514e-02
   7.5830668e-02
   9.0523206e-02
   5.4832648e-02
   4.1746929e-02
   1.8822907e-02
   7.7324728e-03
   2.4185143e-02
   4.3820012e-02
   7.7794723e-02
   4.8604824e-02
   2.2674128e-02
   2.6510369e-02
   1.2850940e-01
   1.9868620e-01
   1.1591460e-01
   5.9356254e-02
   5.3486772e-02
   7.2177298e-02
   3.7369866e-02
   3.0231038e-02
   3.2190155e-02
   1.6378278e-02
   2.3701541e-02
   3.6469538e-02
   4.3618288e-02
   1.2743899e-02
   3.5416976e-02
   2.7803723e-02
   4.4427253e-02
   3.3150442e-02
   3.8968239e-02
   3.0683635e-02
   4.4938721e-02
   4.3889280e-02
   1.9714700e-02
   8.2637399e-02
   1.4616358e-01
   8.9025535e-02
   4.0116239e-02
   4.0463790e-02
   4.2874228e-02
   3.3313386e-02
   5.5173010e-02
   1.1969883e-01
   1.6396782e-01
   1.0376181e-01
   5.5878680e-02
   3.0827489e-02
   2.2374062e-02
   5.1104456e-02
   5.0011929e-02
   4.0730704e-02
   4.3215614e-02
   4.4968680e-02
   4.5120992e-02
   2.3684464e-02
   2.6901614e-02
   4.7299378e-02
   7.3858276e-02
   4.3617975e-02
  -9.4897151e-03
  -9.2050051e-03
   8.3283551e-02
   2.2478996e-01
   2.0303388e-01
   1.0276352e-01
   8.2879730e-02
   1.0055600e-01
   7.4498691e-02
   5.2992649e-02
   1.7324868e-01
   7.3652232e-01
   9.5006615e-01
   4.1910794e-01
   1.6475178e-01
   1.3518596e-01
   1.6976603e+00
   5.5004239e+00
   5.2361975e+00
   2.1154709e+00
   5.3675812e-01
   3.3195606e-01
   5.0915462e-01
   6.4998889e-01
   1.0257857e+00
   9.9252218e-01
   4.9957263e-01
   1.0844936e-01
   4.3033786e-02
   1.0961458e-01
   1.5595570e-01
   3.1066462e-01
   3.5138804e-01
   2.3987986e-01
   1.2212803e-01
   8.9386553e-02
   1.0271553e-01
   1.1841552e-01
   1.3242152e-01
   2.5407302e-01
   3.5411865e-01
   1.9244549e-01
   4.5509648e-02
   3.3018831e-02
   6.1134476e-02
   6.0110528e-02
   5.0873261e-02
   2.5374712e-02
   8.7280292e-03
   5.1308237e-02
   9.1031022e-02
   1.9309167e-02
   5.1767517e-02
   5.9593022e-02
   5.1335562e-02
   2.2801774e-02
  -2.2206254e-02
   9.5129451e-03
   4.4217870e-02
   2.1738792e-02
   2.2325512e-02
   2.9469229e-02
   1.1897537e-01
   2.1037297e-01
   2.1607725e-01
   9.8894157e-02
   7.3671535e-02
   2.3795865e-01
   3.8083348e-01
   2.4497461e-01
   9.5212243e-02
   1.3704665e-01
   2.2494571e-01
   1.3500628e-01
   7.6863796e-02
   4.9374346e-02
   1.9879444e-01
   9.0299761e-01
   1.1314405e+00
   5.8529854e-01
   1.1048020e-01
   4.0187489e-02
   4.3294456e-02
   6.4037688e-02
   1.6762361e-01
   1.8502732e-01
   1.0260179e-01
   2.3904141e-02
  -1.7797332e-02
   1.7133214e-02
   5.0356552e-02
   1.0267318e-01
   8.9936785e-02
   2.9081814e-02
   5.6242798e-03
  -4.4660745e-03
   5.1107970e-03
   1.9401751e-02
   4.5634829e-02
   5.9339408e-02
   8.7858088e-02
   4.1699626e-02
   4.5055486e-02
   8.1461079e-02
   9.4443120e-02
   3.7189659e-02
   2.6652036e-02
   1.5956476e-02
   1.2797957e-03
   3.4733392e-02
   3.8026527e-02
   5.6310605e-02
   8.4992751e-02
   3.8341884e-02
   4.5468166e-02
   2.6932426e-02
   6.4020507e-02
   9.6526548e-02
   8.4167123e-02
   1.9524723e-02
   5.6153331e-03
   5.7281964e-02
   1.3624734e-01
   1.2532733e-01
   6.0571961e-02
   1.0152933e-01
   1.7743878e-01
   1.9501077e-01
   9.3285777e-02
   3.1177046e-02
   1.7916270e-01
   5.0375807e-01
   5.4414278e-01
   2.5784284e-01
   6.6332176e-02
   2.6043445e-01
   1.1966263e+00
   1.5972694e+00
   8.7636459e-01
   2.7503216e-01
   1.3326906e-01
   3.0713010e-01
   4.1158271e-01
   3.9313728e-01
   3.3350325e-01
   1.5926288e-01
   7.8267843e-02
   3.7406616e-02
  -1.7146520e-02
   3.0396883e-03
   5.8582295e-02
   8.5948639e-02
   1.2610923e-01
   6.0463976e-02
   2.8111609e-02
   2.9181767e-02
   2.7504226e-02
   2.0981744e-02
  -2.2382205e-03
   6.4857770e-03
   1.2740784e-02
   1.9839350e-02
   3.8899895e-02
   2.7210051e-02
   4.8855402e-02
   4.6200700e-02
   3.3073198e-02
   3.0831149e-02
   7.4845236e-03
   9.6753808e-03
   1.8910889e-02
   3.1536721e-02
   2.8665017e-02
   3.6930501e-02
   2.5871309e-02
   4.8776388e-02
   9.9048197e-02
   8.4015846e-02
   5.1601011e-02
   3.4733798e-02
   5.1263761e-02
   1.1480775e-01
   9.6576080e-02
   1.5581344e-02
   1.5491644e-02
   6.6254839e-02
   6.7518391e-02
   8.5925043e-02
   4.7068883e-02
   8.6737275e-02
   1.8448181e-01
   2.0808579e-01
   1.2617427e-01
   5.0177529e-02
   1.3359396e-01
   3.2849967e-01
   3.4199110e-01
   1.7671686e-01
   6.1736692e-02
   1.9249555e-02
   1.4478509e-02
   4.4190787e-02
   7.5447232e-02
   6.2802762e-02
   2.0838767e-02
   1.2530335e-02
   1.3328575e-02
   4.5591522e-02
   3.9212603e-02
   4.7034521e-02
   6.5077543e-02
   1.2372106e-02
   1.3819085e-02
   1.6200202e-02
  -1.1631516e-02
   3.8445469e-03
   5.8355317e-02
   5.7906412e-02
   5.4185838e-02
   1.9052126e-02
   4.9625214e-02
   3.7007578e-02
   3.7592553e-02
   2.1502387e-02
  -8.5034091e-03
   4.5086839e-03
   3.2178037e-02
   4.0627122e-02
   1.6849807e-02
   5.5306904e-02
   8.1985615e-02
   4.7304682e-02
   9.1593610e-03
   3.7469689e-02
   1.6145067e-02
   4.1790031e-02
   4.9745422e-02
   1.6513038e-02
   2.4292553e-02
   4.7448605e-02
   3.7499774e-02
   4.5403939e-02
   3.2630652e-02
   3.1956334e-02
   5.0990935e-02
   2.1996863e-02
   2.4383636e-02
   4.0948227e-02
   9.6461974e-02
   1.0734628e-01
   4.6608418e-02
   3.0660436e-02
   1.6292231e-02
   1.2796396e-01
   1.7905894e-01
   7.9077788e-02
   3.1824268e-02
   3.1577423e-02
   1.2477779e-01
   1.6744168e-01
   9.5495172e-02
   4.6521984e-02
   2.1940168e-02
   1.7329693e-02
   4.4187702e-02
   2.1567376e-02
   4.9577109e-03
   4.0292937e-02
   1.0189863e-01
   9.8622933e-02
   6.0095474e-02
   5.5048086e-02
   7.5100660e-02
   1.3882862e-01
   9.9423714e-02
   4.1376337e-02
   3.0770347e-02
   1.3881151e-01
   3.7649417e-01
   3.9158896e-01
   1.9503346e-01
   4.6568353e-02
   5.4550983e-02
   1.5349303e-01
   1.6733238e-01
   1.0955708e-01
   1.0643497e-01
   1.0796336e-01
   5.4539602e-02
   5.9622832e-02
   2.2390220e-02
   3.5200290e-02
   5.5367909e-02
   4.7738742e-02
   2.3436353e-02
   1.1808186e-02
   1.8212957e-02
   3.5025533e-02
   3.7045848e-02
   1.2587138e-02
   1.6748136e-02
   4.1096408e-02
   2.8191175e-02
   1.4058505e-02
   2.6454303e-02
   2.8762924e-02
   5.2698597e-02
   4.8045628e-02
   3.2930423e-02
   3.1940207e-02
   2.0751588e-02
   6.0755938e-02
   7.2879761e-02
   3.1103905e-02
   1.6513377e-02
   2.3926441e-02
   2.3534408e-02
   2.1878371e-02
   2.2962078e-02
   1.2625330e-02
   3.2497041e-02
   6.6068791e-02
   5.4582153e-02
   6.3143745e-02
   4.1858930e-02
   2.0694949e-02
   1.0659118e-02
   1.6273435e-02
   4.1320961e-02
   4.8021279e-02
   7.3422894e-02
   9.5164046e-02
   5.2550077e-02
   4.5104615e-02
   3.5005447e-02
   1.0756426e-01
   1.4233530e-01
   1.0059857e-01
   5.2987356e-02
   4.2825460e-02
   7.8364722e-02
   8.0720238e-02
   2.5486402e-02
   1.3754705e-02
   4.2722791e-02
   4.6461150e-02
   4.0140156e-02
   4.1009251e-02
   3.1336829e-02
   4.8188653e-02
   4.1110765e-02
   2.3518892e-02
   4.8228703e-02
   8.9393415e-02
   8.6040467e-02
   6.5401636e-02
   4.7160119e-02
   2.3101896e-02
   7.0680641e-02
   1.0141680e-01
   9.1137871e-02
   2.3357511e-02
   5.8209781e-02
   1.0983916e-01
   1.3625659e-01
   1.5330505e-01
   9.3865767e-02
   1.3522166e-01
   2.1711798e-01
   1.9356507e-01
   1.0040998e-01
   5.3202033e-02
   2.3784278e-01
   3.9995414e-01
   2.2579865e-01
   6.7872122e-02
   6.3443601e-02
   4.7482809e-01
   8.8612956e-01
   6.3607931e-01
   2.3362140e-01
   6.6283002e-02
   3.4946603e-01
   6.0658050e-01
   4.4614077e-01
   2.0553537e-01
   1.2914973e-01
   1.5605035e-01
   1.6293047e-01
   1.1102642e-01
   6.7075796e-02
   8.1201166e-02
   1.9766800e-01
   1.4065538e-01
   3.6769759e-02
   2.9399283e-02
   3.0713052e-02
   6.1191864e-02
   3.4106951e-02
   5.5652510e-02
   5.2738845e-02
   2.6927605e-02
   5.2619479e-03
   2.7713245e-03
   1.0978090e-02
   2.4531005e-02
   4.2944186e-05
  -3.2316398e-02
   1.0650491e-02
   6.2818252e-02
   6.5446667e-02
   2.8122049e-02
   2.7966551e-02
   2.4104455e-02
   1.4949882e-02
   7.1698040e-02
   9.6665099e-02
   4.7852021e-02
   1.9868368e-02
   4.8814591e-02
   9.0139017e-02
   9.0307303e-02
   9.1049701e-02
   6.8226755e-02
   5.6937821e-02
   6.0765393e-02
   5.9690066e-02
   3.4213945e-02
   5.7387669e-02
   8.7308824e-02
   9.6334979e-02
   4.9737886e-02
   2.0734938e-02
   1.2284768e-01
   3.3024874e-01
   2.6519307e-01
   9.1355324e-02
   4.9271785e-02
   7.4873477e-02
   1.6488823e-01
   1.3343857e-01
   6.9945738e-02
   3.0647669e-02
   6.9018193e-02
   8.6562783e-02
   9.8967932e-02
   5.3518310e-02
   5.6133945e-02
   5.5896502e-02
   5.2391063e-02
   3.6785547e-02
   1.5534437e-02
  -3.3584572e-04
   1.2800923e-03
   4.0985469e-02
   3.5817485e-02
   3.1454820e-02
   3.8051818e-02
   4.7530528e-02
   1.5742227e-02
   3.7733931e-03
  -1.6116593e-02
  -3.5193290e-03
   3.5458047e-02
   5.3570323e-02
   1.4363891e-01
   1.8562898e-01
   1.4303026e-01
   7.5850293e-02
   4.4715527e-02
   3.7405454e-02
   3.9126664e-02
   4.9380559e-02
   2.4056431e-02
   2.7817264e-02
   3.1645618e-02
   1.4647998e-02
   3.1922650e-02
   4.3000713e-02
   3.2306805e-02
   6.2869288e-02
   5.8064390e-02
   1.2614605e-01
   3.0437899e-01
   2.8102744e-01
   1.3736385e-01
   6.9667883e-02
   9.7965121e-02
   1.2126471e-01
   1.7619233e-01
   2.2058514e-01
   1.7999385e-01
   7.5139157e-02
   6.4147174e-02
   1.5153824e-01
   1.5074249e-01
   1.1024001e-01
   7.8385189e-02
   4.0738985e-02
   3.7351552e-02
   4.5655861e-02
   3.8598701e-02
   3.2838188e-02
   4.0066767e-02
   4.5416906e-02
   1.5109374e-02
   1.1785037e-02
   2.6276864e-02
   2.6982455e-02
  -1.7972369e-03
   5.8315536e-03
   2.8139448e-02
   3.6561660e-02
   2.5371324e-02
   4.0108725e-02
   1.9184757e-02
   1.9666437e-02
   2.3484334e-02
   2.8194334e-02
   4.4631965e-02
   3.3960368e-02
   3.0812917e-02
   3.7619613e-02
   4.4716947e-02
   5.8589648e-02
   4.3429215e-02
   3.1773217e-02
   2.9798385e-02
   5.6565456e-02
   6.9681987e-02
   4.9009446e-02
   2.7714659e-02
   3.2130674e-02
   2.5847565e-02
   7.0244737e-02
   4.7961712e-02
   2.9490855e-02
   3.8019042e-02
   8.4028684e-02
   8.2675122e-02
   1.0313973e-01
   7.4845485e-02
   4.4324379e-02
   1.9350160e-02
   6.1197855e-02
   8.6060800e-02
   6.3663282e-02
   3.2750782e-02
   5.4716159e-02
   7.6600395e-02
   5.7161205e-02
   2.7264262e-02
   2.4922358e-02
   3.7766144e-02
   4.9550269e-02
   4.5578741e-02
   3.4787066e-02
   1.5960153e-02
   3.2266378e-02
   4.7742240e-02
   3.1874716e-02
   5.2426666e-02
   3.9736692e-02
   4.9799036e-02
   2.1331457e-02
   3.8484182e-02
   1.9036340e-02
   8.4947776e-03
   4.3821152e-02
   3.2624848e-02
   1.2593839e-02
   2.6341317e-02
   2.6117407e-02
   7.0436234e-03
   4.9299538e-02
   4.7972176e-02
   6.3930474e-02
   4.6317279e-02
   4.3774910e-02
   2.9924752e-02
   4.4933926e-02
   3.9036572e-02
   3.7404839e-02
   3.1831160e-02
   1.4756604e-02
   9.3829473e-03
   3.0958036e-02
   3.0626481e-02
   1.2229831e-02
   2.2989089e-02
   9.0384558e-03
   1.1572189e-02
   6.9241285e-02
   7.1851961e-02
   6.3653655e-02
   6.3431248e-02
   3.6106829e-02
   1.3574551e-02
   2.9574690e-02
   5.0584093e-02
   4.3887105e-02
   2.3823386e-02
   3.9751176e-02
   4.0554639e-02
   4.4891994e-02
   3.3273540e-02
   4.5785788e-02
   1.9195870e-02
   5.2624512e-02
   7.2630443e-02
   2.8303020e-02
   1.0229700e-02
   2.8584631e-02
   2.9560415e-02
   2.7439985e-02
   2.4330860e-02
   1.2679100e-02
   2.2914052e-02
   2.2480471e-02
   1.8597718e-02
   2.4795234e-02
   3.3625431e-02
   4.5354385e-02
   4.9808655e-02
   4.4917237e-02
   6.1381921e-02
   1.0212997e-01
   6.4738564e-02
   2.1718781e-02
   8.9637257e-02
   8.4991403e-02
   4.6236392e-02
   4.0076993e-02
   6.5024793e-02
   5.6807730e-02
   4.2875025e-02
   2.9671783e-02
   2.4385570e-02
   4.9379505e-02
   6.1412677e-02
   5.4809697e-02
   1.5152534e-02
   5.9929816e-03
   1.4066810e-02
   1.2681335e-03
   1.4249354e-02
   3.7996355e-02
   1.7677736e-02
   2.1752885e-02
   3.0021206e-02
   2.3259941e-02
   2.0876097e-02
   2.1435438e-02
   2.3717152e-02
   2.6254520e-02
   1.8144883e-02
   1.4185170e-02
   1.7529435e-02
   2.4558181e-02
   3.8249556e-02
   1.2981070e-03
   1.7732820e-02
   3.9102178e-02
   3.0209085e-02
   2.0292956e-02
   1.4440387e-02
   2.1150952e-02
   3.9574601e-02
   3.8615469e-02
   4.3630239e-02
   2.4128633e-02
   1.6590213e-02
   1.5968166e-02
   4.3791164e-02
   3.0100798e-02
   4.2895462e-02
   4.2086817e-02
   4.9901176e-02
   3.3281390e-02
   6.6111619e-03
   1.3983562e-02
   2.4829460e-02
   5.2577313e-02
   3.8875692e-02
   2.3777146e-02
   3.1023709e-02
   2.7177937e-02
   1.5005270e-02
   1.5285341e-02
   3.7488557e-02
   3.6596272e-02
   1.6289417e-02
   3.5168216e-02
   2.5722526e-02
   1.8250544e-02
   3.9023086e-03
   1.2525463e-02
   2.7936338e-02
   3.4136314e-02
   2.6811913e-02
   2.8183246e-02
   4.1895363e-02
   5.1499780e-02
   3.0539464e-02
   3.6568237e-03
   1.7006703e-02
   1.6932718e-02
   2.4112880e-02
   2.1740735e-02
   3.0955134e-03
   2.0352976e-02
   5.4482769e-02
   6.8843901e-02
   5.2250504e-02
   4.0811151e-02
   1.0578653e-02
   1.7502688e-02
   5.1245548e-02
   2.2060050e-02
   2.8986413e-02
   3.3594910e-02
   2.9818473e-02
   2.2046095e-02
   3.6960647e-02
   4.5351729e-02
   3.7439894e-02
   3.4395177e-02
   2.3137644e-02
   2.0653166e-02
   3.3322401e-02
   4.1528475e-02
   2.1339778e-02
   2.3973435e-02
   3.4667425e-02
   4.3052021e-02
   1.9102911e-02
   2.1503137e-02
   1.2745469e-02
   6.1858660e-03
  -8.3787572e-03
   1.2211001e-02
   2.3236105e-02
   2.8084036e-02
   3.8719315e-02
   3.0097410e-02
   9.1025084e-03
   3.7591620e-03
   3.4052078e-03
   2.5857693e-02
   3.0973731e-02
   3.2283191e-02
   2.8711010e-02
   4.5829426e-02
   4.6190314e-02
   3.7689801e-02
   4.5482963e-02
   1.2763076e-01
   1.0866063e-01
   6.8285123e-02
   5.2806616e-02
   1.7487301e-01
   5.3368044e-01
   5.0569028e-01
   2.1223927e-01
   8.6000353e-02
   1.5964586e-01
   2.1230830e-01
   2.0014073e-01
   1.1947200e-01
   5.4515075e-02
   5.0474871e-02
   5.0658226e-02
   5.7884909e-02
   5.0524794e-02
   4.5153592e-02
   6.1447989e-02
   4.5337096e-02
   5.0271910e-02
   3.0899320e-02
   3.4451384e-02
   2.0436268e-02
   2.5862383e-02
   1.6341759e-02
   2.9091965e-02
   3.5052922e-02
   1.7679617e-02
   2.2164652e-02
   2.1471428e-02
   5.5450690e-03
   2.0416142e-02
   3.7830468e-02
   1.5642175e-02
   1.9359589e-02
   1.9739676e-02
   7.9847621e-03
   2.3975497e-02
   1.7349223e-02
   1.3333027e-02
   3.3480220e-03
   1.6120790e-02
   1.7431555e-02
   2.7122246e-02
   3.5827369e-03
   2.5162399e-02
   1.9629572e-02
   1.3712834e-02
   2.7053241e-02
   3.2788228e-02
   2.4931509e-02
   3.6411703e-02
   3.0279573e-02
   1.8835867e-02
   2.7536869e-02
   1.0438500e-01
   1.2163423e-01
   7.5530268e-02
   2.6685137e-02
   2.4370454e-02
   5.8310915e-02
   5.0078407e-02
   2.7408849e-02
   2.1430371e-02
   2.0755919e-02
   1.2519170e-02
   2.2342162e-02
   2.9563723e-02
   2.7530009e-02
   1.9909970e-02
   3.2802884e-02
   1.8770164e-02
  -1.7851650e-03
   3.0085910e-02
   4.4496529e-02
   2.0247925e-02
   2.8590057e-02
   3.2362428e-02
   1.9203445e-02
   3.0405796e-03
   3.0527126e-02
   2.9044306e-02
   3.4037881e-02
   3.1010484e-02
   2.8368896e-02
   2.5128976e-02
   2.3454871e-02
   3.3212621e-02
   3.0391566e-02
   7.6101581e-03
   3.7218498e-03
   1.6937438e-02
   3.6867723e-02
   2.7559392e-02
   2.2611951e-02
   4.3692138e-02
   4.8338432e-02
   4.0882841e-02
   2.7748248e-02
   2.1406496e-02
   1.7236644e-02
   1.2065629e-02
   1.5629984e-02
   2.6679145e-02
   5.4460127e-02
   4.5395017e-02
   3.3534776e-02
   5.6788370e-02
   5.9765883e-02
   2.7119566e-02
   2.3168091e-02
   3.7483852e-02
   2.9912274e-02
   2.1957112e-02
   1.2544187e-02
   1.4248637e-02
   3.0933885e-02
   2.1789057e-02
   3.8732626e-02
   3.3162065e-02
   6.0425200e-03
   8.2320459e-03
   1.8917266e-02
   2.2623386e-02
   2.6492164e-02
   3.7389446e-02
   3.5366107e-02
   2.8595248e-02
   1.9484363e-02
   3.4249008e-02
   2.4746936e-02
   3.5735366e-03
  -2.4975801e-03
   2.3032906e-02
   2.4917962e-02
   3.6607832e-02
   4.8413422e-02
   4.8624415e-02
   2.7999151e-02
   4.4902503e-02
   4.0538844e-02
   3.5289552e-02
   4.0916171e-02
   3.9087851e-02
   2.9860741e-02
   1.7590985e-02
   1.9455537e-02
   1.3413128e-02
   1.9145306e-02
   1.8300626e-02
   1.2300234e-02
   1.0038735e-03
   2.7532149e-03
   1.6292701e-02
   2.3827115e-02
   4.2402916e-02
   6.0970549e-02
   2.6630456e-02
   1.3182623e-02
   3.5060812e-02
   4.5973573e-02
   3.9335042e-02
   3.7121627e-02
   4.0751904e-02
   2.5111416e-02
   2.2774866e-02
   2.7655566e-02
   3.4720667e-02
   1.4447562e-02
   2.5584277e-02
   2.8039429e-02
   1.0311116e-02
   2.1875363e-02
   2.3795020e-02
   2.1707067e-02
   3.3856887e-02
   2.0977765e-02
   2.9953515e-02
   2.6838599e-02
   1.6688088e-02
   2.3197737e-02
   4.0922318e-02
   3.4003779e-02
   1.6842958e-02
   2.0424113e-02
   4.5459386e-02
   3.0434607e-02
   3.1028701e-02
   2.7655078e-02
   2.2326229e-02
   2.7812108e-02
   9.3563898e-03
   1.5390415e-02
   2.7090430e-02
   1.0765931e-02
  -5.3095591e-04
   1.7926650e-02
   4.2192385e-02
   2.0380229e-02
   3.0368509e-02
   2.1783566e-02
   2.5680633e-02
   1.4137168e-02
   7.5299931e-03
   1.2498296e-02
   1.2410910e-02
   3.1817064e-02
   2.9771423e-02
   1.6071709e-02
   7.8838803e-03
   1.2928189e-02
   4.7089271e-02
   2.7571443e-02
   3.6794502e-02
   3.2650508e-02
   1.7137431e-02
   2.8817466e-02
   3.7855547e-02
   2.1977017e-02
   2.2509800e-02
   2.1395346e-02
   2.5021421e-02
   2.5307802e-02
   2.8992916e-02
   3.8058240e-02
   2.2649335e-02
   3.3881593e-02
   3.7516717e-02
  -3.5836373e-03
  -4.9939957e-03
   2.2536380e-02
   2.5533220e-02
   3.6337994e-02
   2.7597932e-02
   3.2634631e-02
   1.6668119e-02
   1.3572426e-02
   1.9591980e-02
   2.2928031e-02
   2.2292618e-02
   2.9483980e-02
   3.1300839e-02
   1.2564718e-02
   2.5158694e-02
   2.7051134e-02
   1.8877495e-02
   2.7513627e-02
   2.5832586e-02
   1.4423955e-02
   1.3973109e-02
   3.4201518e-02
   3.3309110e-02
   3.6319561e-02
   3.0227831e-02
   2.8980909e-02
   3.2546371e-02
   3.4676429e-02
   7.0424178e-03
   2.7129099e-02
   2.0847021e-02
   1.4666159e-02
   2.9495186e-03
   2.5990903e-02
   3.0785665e-02
   2.4558637e-02
   3.2008976e-02
   4.6107229e-02
   4.3645382e-02
   2.5092840e-02
   2.0867022e-02
   3.1465705e-02
   3.6394186e-02
   3.0121021e-02
   2.4522047e-02
  -2.1186064e-03
   2.5051538e-02
   1.0220002e-02
   8.2529038e-03
   2.6093720e-02
   1.2875577e-02
   1.5392606e-02
   2.2920916e-02
   2.8519660e-02
   4.5291420e-02
   3.8869333e-02
   2.3988841e-02
   2.4704803e-02
   1.6821830e-02
   2.2778416e-02
   3.3561569e-02
   6.0638343e-03
   4.4331467e-03
   8.4264781e-03
   2.5323488e-02
   1.6506782e-02
   3.1197773e-02
   3.0809877e-02
   3.4351286e-02
   2.2559360e-02
   1.9542981e-02
   4.2020567e-02
   2.7602307e-02
   2.4676559e-02
   2.7269544e-02
   3.0893225e-02
   2.0353619e-02
   2.7093960e-02
   2.5889631e-02
   1.5362447e-02
   6.7716660e-03
   1.0209869e-02
   2.8398015e-02
   3.3215314e-02
   3.4041274e-02
   1.8701060e-02
   3.7689295e-02
   2.6468113e-02
   4.0027976e-02
   3.0891938e-02
   3.3045683e-02
   1.2227316e-02
   4.6818494e-03
   3.3303093e-02
   4.0181428e-02
   2.1227682e-02
   6.7249956e-03
   1.3490816e-02
   2.1121088e-02
   2.3576619e-02
   2.3536593e-02
   1.0940685e-03
   7.7433907e-03
   2.7339153e-02
   3.4445338e-02
   3.3610653e-02
   4.3284345e-02
   2.9065313e-02
   4.0804558e-02
   2.2580290e-02
   3.3159044e-02
   3.3713989e-02
   2.8071268e-02
   2.1816213e-02
   5.6862356e-03
   1.5513193e-02
   5.7080891e-02
   5.3566679e-02
   3.0356273e-02
   2.0775251e-02
   1.9101724e-02
   1.3298729e-02
   2.1873539e-02
   3.3112228e-02
   3.1572238e-02
   6.1073408e-02
   7.3138788e-02
   6.0041647e-02
   4.3224622e-02
   4.2942431e-02
   2.4146836e-02
   6.4734528e-03
   7.1157329e-03
   1.8173287e-02
   5.0636899e-02
   1.3062698e-01
   1.5234238e-01
   8.7234020e-02
   5.3131748e-02
   2.1702770e-02
   2.7136186e-02
   2.3029715e-02
   1.0916861e-02
   1.7717807e-02
   3.1792708e-02
   1.7883306e-02
   1.5027278e-02
   3.0544939e-02
   4.0249791e-02
   1.8829951e-02
   2.1155074e-02
   2.5440728e-02
   2.7894288e-02
   4.1548904e-02
   3.0234775e-02
   2.5694489e-02
   1.4101551e-02
   1.5712440e-02
   1.4557151e-02
   1.7595623e-02
   3.3024743e-02
   3.4352809e-02
   1.2069867e-02
   2.1868641e-02
   3.4095090e-02
   2.6586145e-02
   2.3848634e-02
   3.3492126e-02
   5.3309478e-02
   5.9726115e-02
   2.4872459e-02
   3.8094828e-03
   1.3303302e-02
   1.6249754e-02
   2.4948850e-02
   3.8888942e-02
   1.0632728e-01
   1.8484119e-01
   1.5210989e-01
   8.4360734e-02
   4.9776301e-02
   2.3147570e-02
   5.6665391e-03
   1.0808526e-02
   2.2527890e-02
   2.0294085e-02
   2.2898624e-02
   1.8626342e-02
   1.2897750e-02
   3.9476283e-02
   2.8135495e-02
   1.9583924e-02
   6.8203977e-04
   1.5138027e-02
   1.6259795e-02
   2.1118922e-03
   1.5641805e-02
   1.7275453e-02
   1.5966106e-02
   3.4425683e-02
   3.6992487e-02
   2.0754874e-02
   4.2140849e-02
   3.9394375e-02
   4.1269302e-02
   1.6395798e-02
   2.0522300e-02
   2.3298291e-02
   2.1200603e-02
   2.0701993e-02
   1.1232499e-02
   2.0198606e-02
   2.5276056e-02
   1.9632040e-02
   3.1166552e-02
   3.9958928e-02
   2.1212602e-02
   2.7339721e-02
   2.6364176e-02
   2.2898713e-02
   2.2935117e-02
   2.5004689e-02
   1.7893573e-02
   1.9622615e-02
   1.9682452e-02
   1.8805450e-02
   3.8672332e-02
   2.4167102e-02
   1.2242294e-02
   2.9439991e-03
   1.5207123e-02
   8.1356084e-03
   1.8701630e-02
   3.7296258e-02
   3.7056010e-02
   3.7867621e-02
   4.1459031e-02
   1.0937052e-02
   1.3027685e-02
   1.5643397e-02
   2.0079685e-02
   1.4619447e-02
   2.7598131e-02
   2.9475020e-02
   2.6574295e-02
   3.2785181e-02
   2.8797021e-02
   4.1043442e-02
   2.1574946e-02
   3.7155129e-02
   1.7189050e-02
   1.1387465e-02
   1.4889776e-02
   5.3700723e-02
   4.3401983e-02
   2.7879026e-02
   2.3202938e-03
   2.2517627e-02
   2.6723262e-02
   2.8036134e-02
   2.8683761e-02
   3.8792569e-02
   1.5150721e-02
   1.8952906e-02
   1.7062759e-02
   2.1690633e-02
   1.3239901e-02
   2.7906809e-02
   3.8858406e-02
   3.7351154e-02
   8.8525638e-03
   2.3293125e-02
   2.9345166e-02
   1.7380843e-02
   3.7249051e-02
   6.2414892e-02
   5.6554642e-02
   4.2298101e-02
   2.2386888e-02
   1.3877236e-02
   1.2791072e-02
   1.0405733e-02
   1.9480148e-02
   1.5123188e-02
   1.5459635e-02
   8.0079418e-03
   9.1890590e-03
   1.6527945e-02
   3.9572060e-02
   4.4845216e-02
   2.2741571e-02
   1.1131011e-02
   3.4141149e-02
   1.5449929e-02
   1.1228118e-02
   2.3587918e-02
   2.9506940e-02
   2.1960588e-02
   2.9644050e-02
   2.3702357e-02
   3.2197703e-02
   5.1037014e-02
   2.6753500e-02
   1.5992833e-02
   1.1145876e-02
   1.8052951e-02
   2.8523222e-02
   2.3361526e-02
   2.4260815e-02
   2.5005260e-02
   4.7227651e-02
   5.4423861e-02
   3.9244745e-02
   1.7046722e-02
   3.3852693e-02
   2.6995271e-02
   1.7898299e-02
   3.9232198e-02
   3.3434175e-02
   4.6529260e-02
   4.0436026e-02
   3.3139344e-02
   2.0227702e-02
   2.1509528e-02
   2.4246333e-02
   4.2238589e-02
   2.8859373e-02
   3.6613613e-02
   1.2586349e-02
   3.6326591e-02
   3.2505658e-02
   2.6249904e-02
   1.5199409e-02
   2.1209167e-02
   1.8984839e-02
   3.9867885e-02
   3.9803989e-02
   1.2736904e-02
   1.3407771e-02
   9.5179277e-03
   1.1058201e-02
   1.4968154e-02
   9.1397231e-03
   9.1328472e-03
   1.4000874e-02
   3.2058362e-02
   2.8931689e-02
   2.4847312e-02
   1.6561756e-02
   2.0505901e-02
   1.4270148e-02
   3.1256910e-02
   2.2656361e-02
   2.0328993e-02
   2.8007166e-02
   3.2803755e-02
   2.8931340e-02
   2.9087013e-02
   2.4199676e-02
   2.6738802e-02
   2.0540405e-02
   3.1069500e-02
   1.4978033e-02
   2.6761517e-02
   4.0447101e-02
   1.0896477e-02
   2.0367857e-02
   2.0986123e-02
   1.5935032e-02
   4.5460664e-02
   4.5264494e-02
   3.5338309e-02
   2.1408189e-02
   2.3513315e-02
   3.4373656e-02
   1.8129501e-02
   6.3113435e-03
   2.4270374e-02
   2.5132660e-02
   3.1090243e-02
   1.8785838e-02
   2.0902000e-02
   1.9362407e-02
   2.7566800e-02
   2.4698576e-02
   9.2739267e-03
   3.1326815e-02
   3.2609481e-02
   4.2735334e-02
   5.0543591e-02
   1.0893890e-02
   1.0611813e-02
   1.4040522e-02
   2.4892786e-04
   2.2282453e-02
   2.5265668e-02
   3.5611156e-02
   1.4708795e-02
   1.7200915e-02
   2.4427675e-02
   3.2241285e-02
   2.5645399e-02
   2.3388961e-02
   1.8391933e-02
   1.2720399e-02
   2.3858519e-02
   3.9099500e-02
   3.4885589e-02
   3.2405768e-02
   2.8933607e-02
   1.4243055e-02
   1.7621756e-02
   3.7283003e-02
   3.9106596e-02
   1.9651972e-02
   2.2853730e-02
   1.1073819e-02
   1.8060604e-02
   2.8780937e-02
   3.7477121e-02
   2.8242910e-02
   3.8929053e-02
   2.9611640e-02
   2.6733687e-02
   1.8693766e-02
   9.3969386e-03
   1.7780950e-02
   3.0005490e-02
   1.1353530e-02
   1.7987723e-02
   3.0160554e-02
   3.1671047e-02
   1.8674972e-02
   1.4294839e-02
   3.8811665e-03
  -7.7544791e-03
   2.3909766e-02
   1.9766113e-02
   1.0222012e-02
   2.4542747e-02
   2.2405807e-02
   2.9128902e-02
   1.3719160e-02
   1.1147279e-02
   3.4377914e-02
   4.6377815e-02
   1.2180891e-02
   1.8468566e-02
   3.2864843e-02
   3.1768411e-02
   2.7937219e-02
   5.0487392e-02
   4.8711285e-02
   4.4268515e-02
   4.8526227e-02
   1.3956750e-02
   2.1839155e-02
   6.8743780e-02
   1.1958547e-01
   9.3116432e-02
   5.8335140e-02
   2.1325925e-02
   3.2005820e-03
   1.5639318e-02
   1.8989306e-02
   4.4755649e-02
   5.8164455e-02
   6.9355942e-02
   5.3353071e-02
   3.4159511e-02
   7.5452086e-03
   1.5827917e-02
   1.2336214e-02
   4.1200008e-02
   6.1893579e-02
   5.3530633e-02
   3.9181914e-02
   2.9977223e-02
   3.4013603e-02
   1.9153852e-02
   1.8484579e-02
   4.7485143e-02
   8.7348387e-02
   5.6888789e-02
   5.2270215e-02
   1.9837230e-02
   3.0829908e-02
   9.4823344e-03
   1.8467458e-02
   2.6879033e-02
   8.1501938e-03
   1.0506646e-02
   1.6418628e-02
   3.2937914e-02
   1.2164742e-02
   1.7021133e-02
   3.2966971e-02
   7.0094489e-03
   3.1882588e-02
   2.2992544e-02
   1.9776868e-02
   1.5524677e-02
   1.9820904e-02
   4.7543984e-02
   4.2384598e-02
   5.0868843e-02
   3.5322949e-02
   3.1193882e-02
   2.9629184e-02
   3.8913719e-02
   4.3370724e-02
   4.5975119e-02
   4.0396482e-02
   1.9883892e-02
   1.0282290e-02
  -1.6404070e-03
   8.7832538e-03
   2.1817829e-02
   1.9642282e-02
   1.4628001e-02
   4.6385363e-02
   2.4444191e-02
   2.7863448e-02
   5.2699320e-02
   4.0089365e-02
   3.9574094e-02
   2.1417389e-02
   5.7734895e-02
   3.6988832e-02
   2.8965663e-02
   1.2154663e-02
   1.7947629e-02
   3.7467752e-02
   3.7962906e-02
   4.6749435e-02
   1.8573886e-02
   3.0851886e-02
   4.5624845e-02
   3.3558823e-02
   4.9707811e-02
   3.8943246e-02
   2.1872308e-02
   1.9166457e-02
   1.1396533e-02
   2.2238055e-02
   3.6379956e-02
   5.2623238e-02
   6.8627484e-02
   5.8292303e-02
   5.7005666e-02
   3.6451288e-02
   3.1385414e-02
   1.5535396e-02
   3.1786545e-03
   3.9035749e-02
   1.7106973e-01
   2.9380250e-01
   2.6596463e-01
   1.2732609e-01
   5.5704873e-02
   1.1484809e-02
   6.4921298e-04
   1.1553016e-02
   4.9545579e-02
   6.7452766e-02
   5.7457957e-02
   4.7624215e-02
   2.2702029e-02
   3.2145333e-02
   4.3528534e-02
   5.2439433e-02
   5.1362593e-02
   5.0735358e-02
   4.7012810e-02
   4.9730621e-02
   2.6587460e-02
   1.5421456e-02
   4.5944855e-02
   7.1114913e-02
   1.4312555e-01
   1.4801705e-01
   1.1673771e-01
   5.0356001e-02
   1.6473709e-02
   8.5668191e-03
   3.7954610e-02
   3.1564843e-02
   2.0099709e-02
   5.4262355e-02
   4.8134297e-02
   1.1188472e-02
   1.5852900e-02
   4.7924392e-02
   3.3770315e-02
   3.5922814e-02
   2.1268053e-02
   2.5773151e-02
   1.6664116e-02
   4.4685150e-03
   2.2659807e-02
   2.1232735e-02
   1.3976621e-02
   3.1193070e-02
   4.0140178e-02
   3.9418910e-02
   2.1045001e-02
   4.1536424e-02
   3.0898806e-02
   2.1625660e-02
   1.7508443e-02
   1.8286437e-02
   5.2766498e-02
   5.7399184e-02
   3.2207459e-02
   2.3743699e-03
   1.7544977e-02
   2.8904551e-03
   1.8619964e-02
   2.6118819e-02
   4.3637287e-02
   2.6400963e-02
   3.1306218e-02
   2.4274569e-02
   1.5276893e-02
   2.4407858e-02
   3.0114658e-02
   2.4901317e-02
   5.9857577e-02
   4.5097288e-02
   3.7592709e-02
   4.5056403e-02
   2.9099671e-02
   2.4696019e-02
   2.3358082e-02
   2.1675117e-02
   1.6415387e-02
   1.6568879e-02
   4.2821504e-03
   6.0082120e-03
   3.5610881e-02
   3.5764139e-02
   3.1611770e-02
   3.3693813e-02
   5.0084107e-02
   4.8603505e-02
   2.4402402e-02
   1.0040974e-02
   3.8555790e-02
   7.6014705e-02
   6.8002068e-02
   3.4440227e-02
   1.9525611e-03
   1.0378967e-02
  -1.0286484e-02
   2.3304313e-02
   5.2547496e-02
   7.5493492e-02
   4.8078734e-02
   3.3992037e-02
   2.5165522e-02
   1.1218206e-02
   2.8669758e-02
   1.0568395e-01
   3.7246180e-01
   5.4216170e-01
   4.1529322e-01
   2.2847979e-01
   9.8547988e-02
   2.4998821e-02
   1.1991652e-02
   1.6180206e-02
   5.5378806e-02
   6.1981913e-02
   3.4697905e-02
   5.3181063e-02
   3.1934015e-02
   2.3541573e-02
   3.0293571e-02
   4.9681235e-02
   7.5100884e-02
   9.7813159e-02
   4.1409854e-02
   2.2634309e-02
   4.5062419e-02
   3.8083676e-02
   2.5718370e-02
   2.7230350e-02
  -4.1202945e-03
   1.9861804e-02
   5.5524092e-02
   5.7472881e-02
   8.5011885e-02
   4.5103449e-02
   1.6470879e-02
   4.4206105e-02
   4.6679936e-02
   4.2169966e-02
   2.6588609e-02
   4.1041799e-02
   3.5502490e-02
   1.8073982e-02
   5.2663744e-03
   6.7686550e-02
   7.1000069e-02
   2.7157854e-02
   4.6519026e-02
   4.8572216e-02
   4.4247426e-02
   1.8419661e-02
   3.0603124e-02
   3.9377045e-02
   6.2839977e-02
   5.2097064e-02
   5.5623867e-02
   4.2366732e-02
   4.2255167e-02
   1.3550149e-02
  -9.4355252e-03
   1.2397963e-03
   1.8405966e-02
   2.4147255e-02
   3.8370155e-02
   3.7636638e-02
   2.9668160e-02
   2.5269931e-02
   2.4790760e-02
   2.2206420e-02
   1.2561953e-02
   3.5174292e-02
   2.9604480e-02
   1.7825847e-02
   2.0765632e-02
   5.4267906e-02
   5.6656424e-02
   6.8263754e-02
   7.3819630e-02
   3.5028443e-02
   2.9332526e-02
   4.9605124e-02
   4.5717612e-02
   4.2403638e-02
   2.2639895e-02
   3.1527970e-02
   1.4670695e-01
   2.4093857e-01
   2.2996990e-01
   1.2913927e-01
   8.1422754e-02
   5.0864268e-02
   4.1514607e-03
   3.9796181e-02
   6.2248386e-02
   2.4699973e-02
   8.2831226e-02
   1.5352942e-01
   1.7893027e-01
   1.2620310e-01
   8.9334399e-02
   5.5003162e-02
   7.6131336e-02
   7.4803770e-02
   6.0185917e-02
   9.9719800e-02
   1.5329868e-01
   1.6773246e-01
   9.8762177e-02
   7.4924551e-02
   7.7712670e-02
   4.9657248e-02
   5.0298389e-02
   5.6850720e-02
   4.4240937e-02
   1.0571019e-02
   2.2549156e-02
   3.4874340e-03
   3.9534096e-02
   5.8380183e-02
   5.0422959e-02
   3.0957218e-02
   2.1342982e-02
   4.1048903e-02
   2.9880153e-02
   2.5367136e-03
   1.9170867e-02
   2.2060459e-02
   2.5353173e-02
   4.2443130e-02
   3.5417605e-02
   2.1860693e-02
   5.2813251e-02
   9.0608858e-02
   1.0463433e-01
   1.0481232e-01
   8.4004313e-02
   4.5086071e-02
   1.8722935e-03
   1.3700113e-02
   4.9649663e-02
   9.8820403e-02
   6.9022223e-02
   5.4006636e-02
   7.7703692e-02
   6.1943628e-02
   6.5681256e-02
   8.8636167e-02
   6.8111926e-02
   3.8567919e-02
   3.7796639e-02
   6.4523220e-02
   8.1893563e-02
   4.5940790e-02
   2.8865367e-02
   2.9143231e-02
   2.4405332e-02
   1.6677696e-02
   1.2132343e-02
   1.7184423e-02
   5.4857597e-02
   5.6996576e-02
   3.8013406e-02
   3.0429484e-02
   3.0356608e-02
   3.0493673e-02
   3.3092547e-02
   1.8342531e-01
   5.7760453e-01
   6.3096011e-01
   4.2273378e-01
   1.6411734e-01
   4.8048533e-02
   6.1273020e-02
   2.5967110e-02
   1.4641142e-02
   4.3890428e-02
   4.0920965e-02
   7.7922337e-02
   8.3043657e-02
   6.5271392e-02
   3.7598036e-02
   1.4808556e-02
   1.0140310e-02
   1.1253145e-02
   2.2085737e-02
   7.0780322e-02
   7.2294340e-02
   5.0737381e-02
   2.9333683e-02
   2.4474351e-02
   1.0310123e-02
   2.8834563e-02
   2.9762818e-02
   4.4909570e-02
   4.1883700e-02
   1.1263712e-02
   2.2398066e-02
   1.2615058e-02
   9.2414729e-03
   2.8415948e-02
   6.1995089e-02
   4.7633447e-02
   3.9911911e-02
   5.2372463e-02
   5.4537401e-02
   6.0180828e-02
   9.2880845e-02
   8.2073368e-02
   7.5339854e-02
   3.6763068e-02
   7.1831033e-02
   9.0382099e-02
   7.2897710e-02
   1.0584251e-01
   1.3256745e-01
   1.4204890e-01
   9.1950782e-02
   5.6547910e-02
   2.2312852e-02
   6.5926224e-02
   9.7856820e-02
   2.0341915e-01
   2.4815914e-01
   1.9496472e-01
   1.1671861e-01
   7.2946645e-02
   2.5820538e-02
   2.5828707e-03
   1.7909946e-02
   6.9407009e-02
   6.8200320e-02
   9.0997733e-02
   1.3696766e-01
   9.5945850e-02
   5.6892306e-02
   1.0631842e-01
   1.8182021e-01
   1.4159778e-01
   6.5496229e-02
   1.4894213e-01
   3.9103353e-01
   3.1295088e-01
   1.4968196e-01
   4.6863604e-02
   8.4046379e-02
   7.1833752e-02
   4.6493735e-02
   3.2672115e-02
   3.8301166e-02
   4.2827789e-02
   2.4151610e-02
   2.6369644e-02
   1.7036052e-02
   1.3926838e-02
   6.4104356e-02
   9.9999666e-02
   1.6732034e-01
   1.1285660e-01
   7.0271567e-02
   4.1126113e-02
   2.1246260e-02
   5.1078726e-02
   4.2727444e-02
   5.7925154e-02
   4.6136901e-02
   8.2903266e-02
   4.3114956e-02
   2.5171559e-02
   3.2135233e-02
   3.1935304e-02
   6.3170895e-02
   4.2005286e-02
   6.5529287e-02
   1.4024562e-01
   1.4117603e-01
   1.3025853e-01
   9.6226029e-02
   2.2996495e-02
   1.6604058e-02
   4.0601693e-02
   1.7021872e-01
   2.9806751e-01
   3.2175338e-01
   2.6320550e-01
   1.8790747e-01
   1.0851514e-01
   5.9439350e-02
   1.4478993e-02
   2.9973589e-02
   4.8106268e-02
   4.8212957e-02
   3.1141112e-02
   6.4525984e-02
   6.0701951e-02
   3.4382731e-02
   3.5958666e-02
   2.4018645e-02
   1.6300088e-02
   1.7874150e-02
   3.2889355e-02
   5.0104134e-02
   9.1590941e-02
   1.1396645e-01
   7.2609887e-02
   2.1936884e-02
   1.9699808e-02
   3.1788670e-02
   1.3362877e-02
   2.5233233e-02
   3.6969107e-02
   5.6053020e-02
   3.5302822e-02
   2.2513499e-02
   6.1911047e-02
   4.6742268e-02
   4.2187716e-03
   8.7569328e-03
   3.8191065e-02
   3.6459461e-02
   2.4693526e-02
   2.7180031e-02
   4.9689129e-02
   6.4048760e-02
   6.0772527e-02
   7.5817287e-02
   7.8484990e-02
   4.9719576e-02
   9.2189722e-02
   7.5004600e-02
   3.9370913e-02
   1.5529979e-02
   6.1047643e-02
   1.5024577e-01
   2.8188440e-01
   1.8016656e-01
   8.4871083e-02
   6.0449522e-02
   2.5523754e-02
   9.5559312e-03
   1.2684077e-01
   5.8864909e-01
   9.8886746e-01
   9.1451877e-01
   5.0148600e-01
   2.6402617e-01
   1.1731718e-01
   3.3211447e-02
   1.9812742e-02
   1.3691185e-02
   2.2590589e-02
   6.0720589e-02
   1.4452744e-01
   1.5428357e-01
   1.2205807e-01
   6.1992966e-02
   5.0582297e-02
   9.5964530e-03
   1.5815809e-02
   4.2120174e-02
   3.7603956e-02
   2.6301783e-02
   5.8095157e-02
   3.1092018e-02
   2.2569178e-03
   7.0950143e-02
   1.3622513e-01
   1.3475075e-01
   1.3403620e-01
   1.0890174e-01
   8.3853140e-02
   4.0759191e-02
   8.0646299e-02
   2.6675737e-01
   5.9015822e-01
   7.4077475e-01
   4.9778512e-01
   2.3878683e-01
   1.1036316e-01
   8.1768297e-02
   4.0874232e-02
   1.3512745e-02
  -3.9544608e-04
   5.0610680e-02
   2.1145853e-01
   4.2283037e-01
   4.6594682e-01
   4.0603185e-01
   2.3340125e-01
   8.6740837e-02
   4.3762609e-02
   2.2013951e-02
   1.0597964e-01
   3.4833914e-01
   4.4235125e-01
   4.1513506e-01
   2.5607082e-01
   1.4730653e-01
   1.2708263e-01
   1.5063500e-01
   1.2352068e-01
   2.6112014e-02
   3.9791632e-02
   1.1594177e-01
   3.5648191e-01
   6.3964605e-01
   6.9767857e-01
   4.6133378e-01
   2.0628214e-01
   9.6831121e-02
   4.5772444e-02
   1.4801219e-01
   6.8238354e-01
   1.6602063e+00
   2.0193489e+00
   1.4846585e+00
   9.9074602e-01
   9.9626434e-01
   9.6159601e-01
   7.9214007e-01
   4.9489859e-01
   1.3431527e-01
   2.6146373e-02
   7.7339387e-01
   3.6718426e+00
   6.9238744e+00
   6.4386683e+00
   3.7122953e+00
   1.5985799e+00
   6.3791800e-01
   3.4160221e-01
   2.4906330e+00
   1.5622345e+01
   3.2822227e+01
   3.2625748e+01
   1.9493422e+01
   8.0263948e+00
   2.5204675e+00
   5.7648402e-01
   1.2229243e-01
   4.8327591e-02
   2.5727808e-01
   1.9486783e+00
   4.6750913e+00
   5.0362067e+00
   3.2542090e+00
   1.4028690e+00
   2.2115010e-01
  -2.8416365e-01
  -1.7654486e-01
   2.0826894e-01
   4.6801415e-01
   9.2580450e-01
   1.4278730e+00
   1.2150128e+00
   6.6405612e-01
   2.6729941e-01
   1.8888989e-01
   1.9969124e-01
   2.2143498e-01
   2.6755640e-01
   3.0058947e-01
   4.3807188e-01
   7.1621764e-01
   1.0431346e+00
   1.6112278e+00
   1.5234783e+00
   8.1811869e-01
   1.6458696e-01
   2.4700861e-03
   1.0714019e-01
   1.9397630e-01
   2.7196616e-01
   2.5526381e-01
   2.1302859e-01
   2.1668553e-01
   1.6011348e-01
   1.4737707e-01
   2.2696798e-01
   2.4793565e-01
   2.0453864e-01
   2.4187867e-01
   1.3423909e-01
   1.3054149e-01
   1.8363486e-01
   1.6073190e-01
   7.8172162e-02
  -4.0084802e-02
  -7.4495189e-02
   3.2707568e-02
   1.8417087e-01
   2.5798097e-01
   1.8505162e-01
  -1.6929360e-02
  -1.1135696e-01
  -5.7843924e-02
   1.2334359e-01
   4.8718372e-01
   9.0922046e-01
   9.4305605e-01
   6.6900212e-01
   2.2317855e-01
   1.1053283e-01
   7.3025513e-01
   1.9951469e+00
   2.4389963e+00
   1.5924647e+00
   7.1544313e-01
   2.3514724e-01
   5.6968713e-01
   1.4371305e+00
   1.4816408e+00
   9.3739265e-01
   4.4801766e-01
   3.9258891e-01
   3.8332513e-01
   5.9026581e-01
   2.9183872e+00
   6.9360766e+00
   7.9361587e+00
   5.1560392e+00
   2.2301781e+00
   7.2519636e-01
   1.9757745e-01
   1.1842375e-01
   8.8783279e-02
   8.3804965e-02
   5.0037158e-01
   1.1413721e+00
   1.2551622e+00
   8.7627470e-01
   4.1662389e-01
   9.7780414e-02
  -2.6399383e-02
  -3.3198420e-02
   7.5879835e-02
   1.8678661e-01
   2.6391304e-01
   3.7612802e-01
   2.9813558e-01
   1.2293711e-01
   1.9303214e-02
   1.0499334e-02
   3.3274028e-02
   6.5542288e-02
   9.5653661e-02
   1.0762026e-01
   1.6327702e-01
   1.8056396e-01
   2.8854397e-01
   3.8478190e-01
   3.0498737e-01
   1.5674943e-01
  -1.7907139e-02
  -3.3563329e-03
   1.1629557e-01
   1.4173388e-01
   1.2418430e-01
   9.4198465e-02
   3.4197219e-02
   1.2597829e-02
   1.9187858e-02
   4.8642602e-02
   1.0090160e-01
   1.1917640e-01
   2.0259950e-01
   2.0456877e-01
   1.4619178e-01
   1.0242882e-01
   1.0252955e-01
   1.7963147e-02
  -1.8680101e-02
   5.5065919e-02
   1.3533562e-01
   2.6758230e-01
   3.4799859e-01
   2.7957025e-01
   1.4355586e-01
   5.9839066e-02
   1.8882582e-01
   3.1494659e-01
   4.5442843e-01
   6.0829490e-01
   5.3341359e-01
   3.5704103e-01
   1.4103147e-01
   2.5717598e-01
   5.1853108e-01
   7.0325458e-01
   6.9605392e-01
   3.4686086e-01
  -5.4318402e-03
  -1.7692786e-02
   8.4753698e-01
   2.1827896e+00
   2.6344573e+00
   1.8302727e+00
   8.5210472e-01
   2.6492691e-01
   1.0884184e-01
   1.1646152e+00
   4.6124148e+00
   7.7997165e+00
   7.0755029e+00
   4.0647254e+00
   1.6919113e+00
   4.9304765e-01
   1.6265577e-01
   1.6441795e-01
   2.0211652e-01
   4.7384512e-01
   9.5179540e-01
   1.2651901e+00
   1.1093893e+00
   6.9706273e-01
   3.4223825e-01
   1.4516783e-01
   7.4139349e-02
   1.0200338e-01
   1.4856654e-01
   2.0245728e-01
   3.1479958e-01
   3.0211446e-01
   2.2644396e-01
   1.4204712e-01
   7.7645853e-02
   4.6411492e-02
   7.9155549e-02
   7.9309091e-02
   1.1264529e-01
   1.4276411e-01
   1.5363805e-01
   1.6669843e-01
   1.4818117e-01
   1.4214011e-01
   1.0335624e-01
   5.2549291e-02
   4.8659489e-02
   7.7554800e-02
   7.3878348e-02
   1.3931240e-01
   8.7240234e-02
   7.8276202e-02
   2.6745239e-02
   1.0539412e-03
   2.2053525e-02
   5.3030398e-02
   1.1378019e-01
   1.2265138e-01
   1.1493056e-01
   1.3305055e-01
   1.0844982e-01
   9.2818595e-02
   4.5083810e-02
  -8.1639607e-03
   5.3799547e-02
   1.2865525e-01
   1.4626431e-01
   2.0191145e-01
   2.2817187e-01
   1.2153427e-01
   5.1543869e-02
   4.0600836e-02
   1.6634872e-02
   8.4304556e-02
   2.5955409e-01
   3.0167478e-01
   2.5939158e-01
   1.0120960e-01
   3.2775279e-02
   1.2244482e-01
   1.9144569e-01
   2.4314319e-01
   2.5032121e-01
   1.2088459e-01
   2.6650786e-02
   1.9193235e-01
   5.3087968e-01
   8.0951756e-01
   7.1934962e-01
   3.9063770e-01
   9.0859048e-02
  -3.8972348e-02
   1.6679645e-01
   9.7500235e-01
   1.7915107e+00
   1.7143687e+00
   1.1381421e+00
   5.2956492e-01
   1.9932616e-01
   8.1945807e-02
   6.0473610e-02
   1.4768749e-01
   1.6302812e-01
   2.8356063e-01
   3.2657701e-01
   3.3741125e-01
   2.6445031e-01
   1.6845627e-01
   8.0355033e-02
   9.1607884e-02
   8.3824523e-02
   5.2182481e-02
   7.7939652e-02
   1.3233085e-01
   7.3312923e-02
   7.2782114e-02
   8.4069692e-02
   6.3923366e-02
   4.0065590e-02
   1.8768817e-02
   1.7022531e-02
   2.6544563e-02
   5.5289268e-02
   8.3006315e-02
   5.0232287e-02
   4.3222815e-02
   6.0432293e-02
   2.2544799e-02
   1.3433257e-02
   5.4706312e-03
   8.7254988e-03
   6.5256045e-03
   4.4472359e-02
   4.7498159e-02
   3.3619646e-02
   3.7895501e-02
   4.5657221e-02
   4.2638782e-02
   2.5631813e-02
   4.6782933e-02
   6.9784261e-02
   7.7222168e-02
   7.5960651e-02
   1.1181249e-01
   8.8111594e-02
   1.1051250e-02
   1.7117737e-02
   5.3092930e-02
   7.8109011e-02
   1.1974174e-01
   1.3902013e-01
   8.9403488e-02
   2.7653951e-02
   4.2320289e-02
   4.3087929e-02
   4.7364861e-02
   1.2482026e-01
   1.4367172e-01
   4.9265161e-02
   2.9298196e-02
   3.4578525e-02
   4.8735127e-02
   1.1245643e-01
   1.3103217e-01
   8.1020184e-02
   9.9427747e-03
  -5.6024557e-03
   1.1351580e-02
   1.3570723e-01
   3.6437136e-01
   3.4633356e-01
   2.3659532e-01
   1.2502941e-01
  -8.4002409e-03
   3.2031885e-04
   2.0376791e-01
   5.5004555e-01
   6.2915748e-01
   4.3617317e-01
   2.3616627e-01
   1.2034765e-01
   2.9344235e-02
   1.1283696e-01
   2.2355561e-01
   2.4972415e-01
   2.0631890e-01
   1.2184530e-01
   1.2129714e-01
   9.5698014e-02
   6.9241330e-02
   1.1020152e-01
   1.0569579e-01
   1.2298410e-01
   9.5166765e-02
   9.1712274e-02
   1.5687266e-01
   2.4313836e-01
   2.8586355e-01
   2.5851893e-01
   1.7278282e-01
   3.5940804e-02
   7.4016522e-03
   8.1902742e-02
   2.6063174e-01
   3.7545612e-01
   3.0465189e-01
   1.6653341e-01
   5.4150444e-02
  -2.4016602e-02
   2.8257413e-02
   4.5459464e-01
   1.1727248e+00
   1.3099571e+00
   9.0720987e-01
   4.3659759e-01
   1.0312531e-01
   3.5190154e-02
   1.9375373e-01
   4.2368126e-01
   4.7385198e-01
   3.0727625e-01
   2.4481542e-01
   1.4394416e-01
   9.7087048e-02
   1.7036879e-01
   1.6232896e-01
   1.3285163e-01
   1.1141563e-01
   6.6318758e-02
   3.9758988e-02
   3.3543210e-02
   4.5699663e-02
   2.4410581e-02
  -2.0821725e-03
   6.6962144e-03
   2.9257933e-02
   4.6578065e-02
   5.1587343e-02
   3.7797909e-02
   9.4788402e-02
   7.3317014e-02
   5.5798434e-02
   9.8634236e-02
   1.0434891e-01
   7.8017652e-02
   1.9673392e-02
   4.0683825e-02
   2.8477319e-02
   3.9528478e-02
   3.0491503e-02
   1.1566991e-01
   7.2167464e-02
   4.6597127e-02
   3.4378264e-02
   4.2919166e-02
   2.4154555e-02
   7.1630321e-02
   1.3191889e-01
   1.7754054e-01
   1.6268261e-01
   7.5526953e-02
   6.5375336e-02
   1.5051734e-02
   1.2108886e-02
   6.1445002e-02
   9.3439706e-02
   8.9740492e-02
   7.7139385e-02
   5.3035583e-02
   4.6031617e-02
   2.1815708e-02
   6.2410675e-02
   5.7204835e-02
   6.8458065e-02
   8.2036972e-02
   8.0418624e-02
   4.8690856e-02
   6.4828336e-02
   7.8681156e-02
   7.3574767e-02
   9.5536053e-02
   5.6392670e-02
   3.7282448e-02
   5.1998664e-02
   7.8299321e-02
   1.0666738e-01
   1.6499624e-01
   8.9965358e-02
   4.5664214e-02
   3.0913992e-02
   3.5584990e-02
   1.7976587e-01
   3.9606538e-01
   4.4108701e-01
   3.2366017e-01
   1.3425227e-01
   9.3810603e-02
   8.3090730e-02
   1.0515374e-01
   1.9815178e-01
   1.9596206e-01
   1.1566055e-01
   7.6010533e-02
   1.0429882e-01
   1.3931160e-01
   1.4248192e-01
   8.5763849e-02
   7.5880103e-02
   4.1168671e-02
   4.6694942e-02
   1.1856944e-01
   1.3747762e-01
   1.4965746e-01
   1.0845056e-01
  -7.1314564e-03
  -3.5431456e-02
   2.4411177e-02
   9.9979088e-02
   1.8437387e-01
   1.9184759e-01
   1.2515675e-01
   5.1524673e-02
  -1.9394595e-04
   1.2718257e-01
   2.5771585e-01
   3.7731677e-01
   2.9363364e-01
   2.5753272e-01
   9.0492323e-02
   4.7848765e-02
   2.4472751e-01
   3.7934184e-01
   3.7368977e-01
   3.6972979e-01
   2.7775896e-01
   2.2412980e-01
   2.0674028e-01
   4.4936192e-01
   7.5018287e-01
   6.8827164e-01
   3.9710796e-01
   2.0859824e-01
   1.1006760e-02
   8.7748319e-02
   5.8641469e-01
   9.8280865e-01
   8.4303182e-01
   4.4686589e-01
   1.0833842e-01
  -1.6350640e-02
   1.5849474e-01
   1.0085723e+00
   2.1553345e+00
   2.3147609e+00
   1.5281512e+00
   6.2745386e-01
   1.5445840e-01
   1.7625874e-01
   6.3848948e-01
   1.0574355e+00
   1.0118719e+00
   6.6880131e-01
   4.2117554e-01
   1.7261676e-01
   1.8866433e-01
   4.0146399e-01
   5.2217793e-01
   4.6002340e-01
   2.4814159e-01
   1.6217057e-01
   1.4658584e-01
   1.7201003e-01
   4.2224067e-01
   4.4660693e-01
   2.6663995e-01
   1.0710363e-01
   3.7133306e-02
   8.2469188e-02
   8.7033480e-02
   1.1487675e-01
   9.0969048e-02
   6.0766626e-02
   9.9514589e-02
   8.3090410e-02
   4.1038033e-02
   7.2225876e-02
   1.1749090e-01
   8.2662560e-02
   6.3927531e-02
   9.3859091e-02
   7.6088913e-02
   3.5383876e-02
  -1.0334610e-03
   6.3135726e-03
   4.4246402e-02
   8.5565314e-02
   4.5535654e-02
   7.8989573e-02
   1.2192748e-01
   9.9798262e-02
   8.6930975e-02
   6.0018841e-02
   1.9562926e-02
   2.5243584e-02
   3.2105103e-02
   1.4551167e-01
   2.4679890e-01
   2.6555428e-01
   1.1057173e-01
   3.9090674e-02
   3.6849190e-02
   5.0704561e-02
   1.0834077e-01
   1.9243519e-01
   2.1303794e-01
   1.3673569e-01
   1.1161772e-01
   1.2624909e-01
   1.6512126e-01
   1.8708676e-01
   1.6219251e-01
   1.0143805e-01
   6.9994526e-03
   5.3674769e-02
   2.1662137e-01
   3.2429159e-01
   2.7537203e-01
   1.2287357e-01
   2.5205877e-02
  -1.6745724e-02
   1.7829819e-01
   5.7044065e-01
   8.4449834e-01
   7.5016487e-01
   3.4647092e-01
   1.2639645e-01
   2.1362038e-02
   1.2497035e-01
   3.2253617e-01
   4.0179154e-01
   3.4694341e-01
   1.8147373e-01
   1.1836577e-01
   6.8059638e-02
   1.0275742e-01
   1.7458148e-01
   1.9585407e-01
   1.5065476e-01
   9.9400163e-02
   2.6392350e-02
   7.7704422e-02
   1.1862030e-01
   1.7725104e-01
   2.0436044e-01
   1.6341534e-01
   8.4128946e-02
   5.1096726e-02
   1.7543338e-02
   2.9298745e-02
   2.7583441e-02
   4.1065682e-02
   5.8345240e-02
   3.7090860e-02
   3.0597057e-02
   9.2082441e-02
   1.2887733e-01
   5.9933219e-02
   3.7564144e-02
   3.6625817e-02
   2.5147405e-02
   4.5089085e-02
   2.8608913e-02
   1.9617354e-02
   6.2485900e-02
   4.6251230e-02
   3.4178168e-02
   2.5708286e-02
   3.7216738e-02
   2.5591226e-02
   1.5107854e-02
   6.1641447e-02
   4.5718744e-02
   6.5103926e-02
   7.9973131e-02
   5.0369188e-02
   1.0198978e-01
   1.0795342e-01
   3.1649534e-02
   2.8595779e-02
   1.6127074e-02
   2.3902964e-02
   4.2518869e-02
   1.3388985e-01
   2.3770082e-01
   2.8482154e-01
   1.7449832e-01
   9.1803387e-02
   6.2581696e-02
   8.3843842e-02
   2.4068022e-01
   6.6634005e-01
   9.5730859e-01
   9.3042272e-01
   5.8785772e-01
   3.0523065e-01
   1.0527935e-01
   8.1066109e-02
   2.1377078e-01
   3.2104895e-01
   4.0413052e-01
   5.6513017e-01
   5.4528463e-01
   3.7971121e-01
   1.3390896e-01
   2.6925847e-02
   1.8979317e-02
   1.0439482e-01
   1.8401447e-01
   1.6446885e-01
   1.3992687e-01
   9.7003318e-02
   5.2426260e-02
   1.4794411e-02
   3.4635156e-02
   9.6179746e-02
   8.6478055e-02
   7.1892925e-02
   4.8717279e-02
   3.3868328e-02
   7.0740841e-02
   7.4770719e-02
   6.5213725e-02
   5.0001618e-02
   6.8120077e-02
   1.5723614e-02
   3.4219537e-02
   2.8679654e-02
   4.6455692e-02
   2.7261896e-02
   3.3842940e-02
   3.6812428e-02
   5.2121814e-02
   4.4510067e-02
   5.4451227e-02
   8.1627913e-02
   6.1396446e-02
   3.5062626e-02
   2.9127624e-02
   3.1458030e-03
  -5.2037528e-03
   1.0398780e-02
   5.3950690e-02
   4.8118059e-02
   6.2556639e-02
   4.6375971e-02
   5.5234287e-02
   4.6251949e-02
   4.3247789e-02
   4.2226035e-02
   3.7833519e-02
   6.1587885e-02
   8.8875078e-02
   7.8620203e-02
   5.5607770e-02
   8.6549111e-02
   1.1056733e-01
   1.4226365e-01
   8.7323532e-02
   5.6722611e-02
   7.3954135e-02
   9.5291115e-02
   1.0655843e-01
   6.6949517e-02
   6.2994465e-02
   3.6216628e-02
   2.8679536e-03
  -5.9375349e-03
   3.0260850e-02
   9.7511031e-02
   1.7750748e-01
   1.5717657e-01
   7.9077885e-02
   2.8373729e-02
   3.3046711e-02
   1.0251052e-02
   3.7061330e-02
   6.1730362e-02
   9.3020692e-02
   1.8877679e-01
   1.4811452e-01
   9.2952058e-02
   3.6388263e-02
  -5.5954661e-03
   4.0313002e-02
   4.9537271e-02
   7.6113336e-02
   7.0358306e-02
   4.5187272e-02
   3.4272067e-02
   3.3880115e-02
   2.9496677e-02
   5.5824831e-02
   5.7785492e-02
   3.0824976e-02
   2.6174724e-02
   3.2670945e-02
   2.8128400e-02
   2.1068219e-02
   6.7067747e-03
   3.4768373e-02
   3.7795778e-02
   2.0479482e-02
   1.8553395e-02
   2.2967760e-02
   3.0791568e-02
   5.6837168e-02
   4.1176215e-02
   2.6606528e-02
   4.0391501e-02
   2.8291468e-02
   2.4473555e-02
   2.4902208e-02
   1.5098998e-02
   2.2775993e-02
   4.0173512e-02
   2.5336510e-02
   3.9825898e-02
   5.6161240e-02
   3.4194600e-02
   4.4620197e-02
   5.7964556e-02
   4.3230936e-02
   4.0215712e-02
   2.6568811e-02
   4.6239004e-02
   3.8011316e-02
   3.3931702e-02
   2.8441578e-02
   2.0126482e-02
   3.6498453e-02
   5.8437675e-02
   7.4629523e-02
   4.7073606e-02
   4.6427201e-02
   6.0154118e-02
   4.6914194e-02
   2.7967988e-02
   1.9888876e-02
   4.6192543e-03
   2.6428493e-02
   4.4024754e-02
   4.9139857e-02
   5.2259620e-02
   5.3501680e-02
   5.2070208e-02
   6.9905221e-02
   7.0601173e-02
   8.8877626e-02
   6.1719827e-02
   1.3460661e-02
   4.7600530e-02
   2.4489291e-02
   4.9416117e-02
   4.1939214e-02
   6.1658975e-02
   8.8948272e-02
   6.7325450e-02
   3.5642471e-02
   6.6895902e-02
   5.2405667e-02
   3.1748183e-02
   4.5444611e-02
   2.6687957e-02
   5.0896309e-02
   4.3879922e-02
   4.2734135e-02
   4.5559276e-02
   4.0140528e-02
   3.0002862e-02
   3.0247608e-02
   4.6639834e-02
   1.7700998e-02
   3.6345329e-02
   4.0607411e-02
   2.3126202e-02
   1.0669244e-02
   2.8555833e-02
   2.9306721e-02
   3.0655839e-02
   7.2879544e-03
   1.0383097e-02
   1.4517038e-02
   1.5273132e-02
   3.0000636e-02
   4.1947305e-02
   2.3273936e-02
   3.0542346e-02
   3.5491060e-02
   4.8794780e-02
   2.6735246e-02
   9.4979219e-03
   1.4753410e-02
   2.5969448e-02
   1.3810679e-02
   3.3207383e-02
   3.9701156e-02
   2.6792541e-02
   1.9780384e-02
   4.2428721e-02
   5.4894466e-02
   1.3113461e-02
   1.8378945e-02
   2.6402427e-02
   4.1686434e-02
   3.6569048e-02
   2.3488656e-02
   2.1345321e-02
   2.8719688e-02
   2.9623102e-02
   2.2551307e-02
   2.0038089e-02
   3.0943673e-02
   2.1917224e-02
   3.0115614e-02
   1.8647950e-02
   2.7491750e-02
   3.3740219e-02
   2.0231036e-02
   2.4008973e-02
   2.8276950e-02
   2.7248390e-02
   9.3935272e-03
   4.0925037e-02
   5.1532090e-02
   4.9683660e-02
   3.5243038e-02
   2.0447781e-02
   3.5515215e-02
   4.1214202e-02
   2.3125691e-02
   3.1063987e-02
   4.3436248e-02
   2.5919527e-02
   4.7420345e-02
   2.8715417e-02
   2.8741241e-02
   2.1441555e-02
   2.8668273e-02
   3.5240840e-02
   2.2879746e-02
   4.5606222e-02
   6.4809233e-02
   5.7789121e-02
   2.9760202e-02
   1.0741007e-02
   3.7064690e-02
   4.1166063e-02
   3.7414890e-02
   3.0901814e-02
   3.3910956e-02
   4.3831408e-02
   5.1046416e-02
   3.4359217e-02
   1.8988254e-02
   3.8170829e-02
   1.8633852e-02
   6.8675289e-03
   1.5167998e-02
   2.5869777e-02
   4.4105031e-02
   2.6970198e-02
   1.5785689e-02
   1.6839778e-02
   3.1483445e-02
   2.0839646e-02
   3.4907252e-02
   3.6430769e-02
   2.9868195e-02
   1.6317345e-02
   4.0646102e-02
   3.9464612e-02
   4.2240959e-02
   4.2537250e-02
   1.5183700e-02
   2.2220761e-02
   3.4358088e-02
   3.3859186e-02
   3.9563298e-02
   2.7603377e-02
   2.8563228e-02
   2.6440952e-02
   2.4866911e-02
   9.6260952e-03
   2.5811158e-03
   6.6736750e-03
   5.2232998e-03
   1.6811129e-03
   1.3238102e-02
   1.6962890e-02
   2.4535356e-02
   2.8208638e-02
   1.2857309e-02
   6.4906301e-03
   2.9484006e-02
   3.4806158e-02
   3.0678691e-02
   2.9755255e-02
   1.9474883e-02
   3.7991460e-02
   2.9621283e-02
   2.7134186e-02
   1.5149786e-02
   1.0805550e-02
   1.3761516e-02
   1.8005623e-02
   3.3419959e-02
   3.9611813e-02
   4.4650327e-02
   4.5364194e-02
   4.8174132e-02
   3.4653395e-02
   2.1616191e-02
   1.1716392e-02
   1.3600298e-02
   2.2767413e-02
   4.9013384e-02
   9.4119944e-02
   8.3969668e-02
   6.4867541e-02
   3.2349043e-02
   3.6177848e-02
   4.5394532e-02
   4.5951907e-02
   5.9690461e-02
   5.1390037e-02
   4.9070325e-02
   3.0617861e-02
   2.0042373e-02
   1.2691315e-02
   2.7572744e-02
   3.0467661e-02
   4.5852758e-02
   4.6781417e-02
   4.4913944e-02
   7.2131981e-03
   1.0508533e-02
   3.5053667e-02
   3.4659285e-02
   7.1507588e-02
   1.2111403e-01
   1.2862028e-01
   6.9903441e-02
   5.0173406e-02
   1.1301645e-02
   3.5223335e-02
   4.0298983e-02
   4.4737607e-02
   4.7861222e-02
   5.6073062e-02
   3.2354493e-02
   3.5375558e-02
   4.8640210e-02
   3.6318224e-02
   2.4841012e-02
   2.3664519e-02
   2.5709212e-02
   1.5976069e-02
   4.4547380e-03
   3.2827143e-02
   4.0751416e-02
   2.6466509e-02
   4.3274608e-02
   3.2392941e-02
   3.0117512e-02
   2.7857168e-02
   7.4428394e-02
   1.2629725e-01
   1.7331119e-01
   1.3992816e-01
   7.4865431e-02
   7.0277192e-02
   7.8737281e-02
   9.2945702e-02
   1.0109458e-01
   4.7715738e-02
   4.4049408e-02
   2.1223901e-01
   4.1793585e-01
   4.2799076e-01
   2.3317084e-01
   8.7860473e-02
   1.8385675e-02
   1.4458117e-01
   7.3398870e-01
   1.6253599e+00
   1.8452725e+00
   1.1133748e+00
   4.5961908e-01
   1.3391249e-01
   1.6268145e-01
   4.5437121e-01
   6.5589797e-01
   5.8833194e-01
   5.0304377e-01
   3.1586239e-01
   1.5757279e-01
   6.1275076e-02
   2.5753109e-02
   4.4187360e-02
   8.2939863e-02
   9.1793925e-02
   1.1758307e-01
   1.1201344e-01
   7.7392831e-02
   4.4081561e-02
   4.2464628e-04
   1.4044913e-02
   2.0827966e-02
   3.5382103e-02
   2.9573234e-02
   3.0108871e-02
   4.5041371e-02
   2.0581195e-02
   2.1348583e-02
   2.7953073e-02
   1.3202363e-02
   2.4037417e-02
   3.9973471e-02
   3.3830244e-02
   2.7710995e-02
   3.1425934e-02
   3.9768446e-02
   4.3298960e-02
   4.0225897e-02
   4.0364113e-02
   2.3448242e-02
   3.1934001e-02
   2.9289262e-02
   2.9550232e-02
   2.5048407e-02
  -4.7510294e-03
   2.3014581e-02
   2.0617187e-02
   4.4549190e-02
   3.5514105e-02
   3.9122876e-02
   2.7142784e-02
   2.4301082e-02
   1.6812570e-02
   2.2399319e-02
   5.0916709e-02
   1.0001223e-01
   8.1245862e-02
   6.7404732e-02
   3.7730090e-02
   9.0455329e-03
   4.3831911e-02
   3.9925009e-02
   3.3506546e-02
   2.2781646e-02
   6.6927016e-02
   9.7417176e-02
   1.2365853e-01
   7.9401575e-02
   3.1247824e-02
   6.0333097e-03
   4.6183925e-02
   1.5549648e-01
   3.1812093e-01
   4.1194057e-01
   2.5813422e-01
   1.3223100e-01
   6.5447696e-02
   6.3213512e-02
   1.1599395e-01
   1.5687250e-01
   1.1041027e-01
   1.0720167e-01
   9.3452826e-02
   4.6925139e-02
   1.1921171e-02
   2.1031182e-03
   1.8379990e-02
   4.7250707e-02
   4.1901588e-02
   3.3200767e-02
   3.7694834e-02
   2.3402246e-02
   1.2950866e-02
   2.5682516e-02
   4.4526748e-02
   4.6619549e-02
   3.7459556e-02
   2.0233924e-02
   2.7443759e-02
   2.0633601e-02
   4.1744940e-02
   5.0147548e-02
   1.9713748e-02
   3.2174904e-03
   2.1504074e-02
   1.3414372e-02
   3.8244054e-02
   3.6653005e-02
   2.8054029e-02
   2.2055594e-02
   1.6300257e-02
   3.7799858e-02
   5.9278920e-02
   3.8262248e-02
   1.5437947e-02
   2.1835333e-02
   1.5778134e-02
   8.2658073e-03
   4.5568760e-02
   2.9766988e-02
   9.9201798e-03
   2.7143210e-02
   4.2303767e-02
   1.5511849e-02
  -2.3373978e-03
   3.3048294e-02
   3.3871524e-02
   3.2443214e-02
   4.0707562e-02
   4.5890920e-02
   4.1684791e-02
   3.0455777e-02
   2.8089853e-02
   3.2711484e-02
   3.0109955e-02
   6.2590274e-03
   4.6471539e-03
   1.8917046e-02
   3.7181325e-02
   4.8692632e-02
   4.4096246e-02
   2.6174817e-02
   1.7174922e-02
   1.0419742e-02
   3.0041551e-02
   1.0114715e-01
   1.6538019e-01
   1.2735032e-01
   9.1413014e-02
   1.1291948e-02
  -6.5772282e-03
   3.2607358e-02
   7.8869820e-02
   8.1697896e-02
   7.5083748e-02
   8.3696365e-02
   5.7407036e-02
   4.0575817e-02
   3.7989173e-02
   2.4570655e-02
   2.2375656e-02
   3.4173317e-02
   2.1383217e-02
   4.4559922e-02
   4.0992390e-02
   3.4344669e-02
   1.0414767e-02
   1.7311741e-02
   9.6849278e-03
   9.7837131e-03
   2.5632260e-02
   9.7193606e-03
   2.7514104e-02
   3.3562910e-02
   2.2230105e-02
   2.2834538e-02
  -1.7459512e-03
   1.0185151e-02
   3.0044153e-02
   2.3401642e-02
   1.2826698e-02
   7.5513790e-03
   1.1100929e-02
   3.0777611e-02
   1.2929082e-02
  -2.9678561e-03
   1.6635176e-02
   3.4695894e-02
   2.9422600e-02
   3.5979368e-02
   1.4989898e-02
   2.0061007e-02
   2.5183551e-02
   2.7294772e-02
   2.1706648e-02
   3.2859631e-02
   3.9576672e-02
   2.1754296e-02
   3.1951442e-02
   2.4027621e-02
   8.5731288e-03
   2.1582360e-03
   1.6412325e-02
   2.3596425e-02
   8.1521170e-03
   9.4698640e-03
   4.0498003e-02
   2.3810104e-02
   5.4285415e-03
   1.0130276e-02
   1.8926751e-02
   1.2270170e-02
   1.8400032e-02
   3.0354582e-02
   1.0039401e-02
   5.1876595e-03
   1.8662276e-02
   3.7450392e-02
   2.8286794e-02
   2.7867252e-02
   1.8243354e-02
   3.2060374e-02
   4.5966331e-02
   1.2089220e-02
   1.9344976e-02
   2.2597376e-02
   3.4311011e-02
   2.1844883e-02
   2.1047300e-02
   1.9738283e-02
   1.6540803e-02
   2.1320451e-02
   3.2271218e-02
   2.3716511e-02
   2.5709121e-02
   3.8827859e-02
   2.5729101e-02
   1.2931745e-02
   1.9602733e-02
   1.2868445e-02
   6.3162767e-03
   2.8868509e-02
   1.6191792e-02
   2.1901896e-02
   1.8368129e-02
   2.3875525e-02
   5.6541436e-03
   1.8466201e-02
   1.9439604e-02
   1.8746898e-02
   3.5025135e-02
   4.2356409e-02
   4.0807948e-02
   2.6155816e-02
   2.5990581e-02
   2.0087929e-02
   3.7298638e-02
   3.4707878e-02
   3.1026967e-02
   3.8521610e-02
   1.9398095e-02
   2.5211075e-02
   2.1041414e-02
   1.4797542e-02
   1.3978121e-02
   3.6123920e-02
   3.0478908e-02
   2.8322607e-02
   3.2577977e-02
   1.8809382e-02
   4.7248267e-03
   1.2749696e-02
   2.6579851e-02
   3.2935143e-02
   3.5371713e-02
   2.3812981e-02
   1.7312817e-02
   3.5716854e-02
   2.4083037e-02
   3.0720951e-02
   1.6721345e-02
   1.8812492e-02
   3.0479001e-02
   2.8746638e-02
