   4.6104357e-02
   1.1675775e-02
  -4.3193772e-03
  -4.8291325e-03
   2.1604465e-02
   3.9866220e-02
   4.6397079e-02
   5.6186866e-02
   5.9888534e-02
   3.6706302e-02
   4.4576819e-03
   4.3647703e-02
   5.1417653e-02
   5.3236291e-02
   3.1346373e-02
   1.1639614e-02
   3.5686053e-02
   5.5221181e-02
   3.7133995e-02
   6.0241748e-02
   5.1749948e-02
   2.1980980e-02
   2.3830984e-02
   2.5859786e-02
   6.5767698e-02
   4.5621570e-02
   7.2037354e-02
   8.8552646e-02
   7.5621851e-02
   6.2165424e-02
   4.9805306e-02
   5.2333634e-02
   1.5530176e-02
   3.6851164e-02
   6.4813450e-02
   3.1695131e-02
   4.7815029e-02
   5.6037493e-02
   8.4774233e-02
   5.0095931e-02
   5.8969412e-02
   6.1872173e-02
   2.3222579e-02
   1.6486973e-02
   4.1646428e-02
   4.2082977e-02
   3.3717219e-02
   2.4281090e-02
   3.9988704e-02
   3.2304861e-02
   5.2805420e-02
   2.5166309e-02
   1.5666399e-02
   3.2502905e-02
   1.6019128e-02
   4.3166284e-03
   3.8054481e-02
   3.4585036e-02
   2.3243926e-02
   3.4095827e-02
   3.8252532e-02
   2.9793758e-02
   3.2305587e-02
   2.0508116e-02
   5.1359055e-03
   2.4608878e-02
   5.5345308e-02
   3.9708175e-02
   1.2224243e-02
   1.7424382e-02
   2.4491960e-02
   1.3348777e-02
   3.7126444e-02
   3.9205790e-02
   2.9564874e-02
   2.0707747e-02
   2.9220967e-02
   1.5241284e-02
   3.6318161e-02
   1.7863508e-02
   3.4976978e-02
   2.5760733e-02
   7.5081387e-03
   9.5126582e-03
   3.3908959e-02
   3.3730175e-02
   3.0915899e-02
   4.6655040e-02
   2.2900978e-02
   2.0623220e-02
   1.4741255e-02
   2.2771139e-02
   2.4293870e-02
   2.6907628e-02
   2.6869293e-02
   1.5221515e-02
   3.2714155e-02
   4.5052670e-02
   3.4351669e-02
   3.6227874e-02
   3.2351434e-02
   3.7059531e-02
   3.1763062e-02
   2.5607338e-02
   2.7281282e-02
   2.8318968e-02
   3.5520501e-02
   6.8035364e-02
   7.0786178e-02
   3.1727314e-02
   3.6334198e-02
   5.0423898e-02
   3.7111837e-02
   3.9991152e-02
   5.9578508e-02
   7.1872666e-02
   3.2117832e-02
   2.5226376e-03
   5.8369748e-03
   2.6649758e-02
   4.7490615e-02
   1.5307898e-02
   1.3128119e-02
   2.3530502e-02
   1.9838978e-02
   1.6920842e-02
   2.3889840e-02
   2.6870923e-02
   2.2271276e-02
   3.4498110e-02
   5.1396716e-02
   4.3729205e-02
   2.9394111e-02
   1.0494293e-02
   2.0177247e-02
   2.7012095e-02
   4.1528851e-02
   3.7000276e-02
   4.4041228e-02
   3.9020132e-02
   3.5303354e-02
   3.3230390e-02
   1.2725004e-02
   3.1003788e-02
   1.2014312e-02
   1.6345730e-02
   3.8479578e-02
   7.6169208e-02
   5.6499623e-02
   2.9716361e-02
   3.4810502e-02
   3.0463474e-02
   3.3220470e-02
   2.7913196e-02
   3.1940103e-02
   3.3264387e-02
   3.7727591e-02
   9.4550569e-03
   1.2177369e-02
   2.0411206e-02
   3.5660073e-02
   1.3471361e-02
   2.9501617e-02
   3.4151100e-02
   2.5003465e-02
   2.9363217e-02
   8.0541514e-02
   7.2003953e-02
   5.6587491e-02
   7.4430019e-02
   4.4443596e-02
   4.4079930e-02
   4.1826833e-02
   4.8039462e-02
   3.2352712e-02
   4.0713776e-02
   4.6972495e-02
   4.5004785e-02
   3.6023207e-02
   5.0228372e-02
   5.2152082e-02
   3.4778327e-02
   4.4740412e-02
   1.3560691e-02
   1.2757369e-02
   1.3177181e-02
   1.9491063e-02
   3.6603872e-02
   3.5258081e-02
   4.4066336e-02
   5.5663969e-02
   6.3118972e-02
   2.8143425e-02
   2.0156080e-02
   1.8037396e-02
   1.4337445e-02
   2.4818111e-02
   3.4911565e-02
   4.7625706e-02
   8.3902895e-02
   6.4244278e-02
   3.6217399e-02
   4.8017371e-02
   4.0291499e-02
   2.3350425e-02
   3.9460871e-02
   4.1374512e-02
   2.6116898e-02
   4.5650534e-02
   6.8724826e-02
   3.4985110e-02
   4.7954660e-02
   4.7160059e-02
   2.4630263e-02
   4.2404335e-02
   6.3927881e-02
   3.6369815e-02
   4.7780629e-02
   3.7895475e-02
   4.3941215e-02
   4.3780267e-02
   3.4385297e-02
   2.4672534e-02
   1.8457940e-02
   1.4349193e-02
   5.0554100e-02
   4.6578083e-02
   5.0383002e-02
   7.0317477e-02
   4.6678327e-02
   7.0214815e-02
   6.6516519e-02
   7.2065517e-02
   4.4113722e-02
   1.1836257e-02
   2.9165087e-02
   4.6184439e-02
   2.7165625e-02
   3.7422605e-02
   2.2981627e-02
   4.8873171e-02
   8.4737979e-02
   5.0090145e-02
   4.3885663e-02
   8.5054738e-03
   3.9810967e-02
   3.6608696e-02
   2.7175974e-02
   4.5330934e-02
   5.0259568e-02
   4.4336468e-02
   3.4640923e-02
   1.1135195e-02
   2.5698261e-02
   3.2522816e-02
   3.2403663e-02
   2.1947376e-02
   2.7086141e-02
   4.5598451e-02
   3.9421018e-02
   3.7581366e-02
   5.4833136e-02
   3.6807533e-02
   5.3027090e-02
   3.4935456e-02
   4.9435183e-02
   3.3076100e-02
   2.6004016e-02
   1.1727397e-03
   2.0088321e-02
   7.0074596e-02
   6.2632129e-02
   2.2007698e-02
  -4.6885945e-03
   2.4340458e-02
   3.7394438e-02
   4.2949248e-02
   4.4963885e-02
   3.0317305e-02
   2.9877210e-02
   2.7234659e-02
   3.1908121e-02
   4.7913965e-02
   7.8972705e-02
   5.2619778e-02
   4.2305619e-02
   2.9990681e-02
   1.6920475e-02
   1.4364084e-02
   2.8033834e-02
   3.1292364e-02
   4.1017208e-02
   2.2440407e-02
   3.4827702e-02
   7.6347984e-02
   6.9001012e-02
   4.4376772e-02
   7.3530264e-02
   4.9487285e-02
   3.0454548e-02
   4.2917963e-02
   2.8762408e-02
   4.1003343e-02
   2.7683353e-02
   6.6540621e-02
   8.6077377e-02
   1.0977317e-01
   8.4067613e-02
   5.2530885e-02
   4.0330235e-02
   3.3900738e-02
   6.9491528e-02
   8.2583681e-02
   9.0512209e-02
   6.8250634e-02
   4.2777028e-02
   4.9729296e-03
   1.4360200e-02
   1.9722952e-02
   1.7429393e-02
   2.5915667e-02
   2.8510362e-02
   4.0653020e-02
   3.0069666e-02
   5.0941262e-02
   2.6178787e-02
   5.5277724e-02
   6.4060427e-02
   7.2951213e-02
   4.8879981e-02
   3.2093994e-02
   4.6570975e-02
   3.3723969e-02
   4.5086510e-02
   8.4767736e-02
   1.0117985e-01
   5.6376588e-02
   5.2916531e-02
   7.2375678e-02
   6.0739640e-02
   3.7115697e-02
   3.8561035e-02
   4.5248162e-02
   3.9654389e-02
   4.7191732e-02
   2.6583217e-02
   1.8816991e-02
   1.9304460e-02
   2.7429763e-02
   3.9833081e-03
   5.2980608e-03
   2.7973723e-02
   5.5357419e-02
   1.7823549e-02
   1.3689633e-02
   2.7407859e-02
   3.8418539e-02
   8.6248510e-02
   5.1551685e-02
   3.2347135e-02
   2.9054940e-02
   5.8684982e-02
   5.6758456e-02
   6.7821510e-02
   4.0141981e-02
   1.7729638e-02
   3.9924115e-02
   5.1410876e-02
   3.8740490e-02
   7.5306115e-03
   1.5643783e-02
   3.1330962e-02
   3.3956513e-02
   3.7425332e-02
   4.0834684e-02
   5.4900132e-02
   2.4809804e-02
   6.8272941e-02
   8.3555423e-02
   6.1499868e-02
   4.0022921e-02
   2.4464019e-02
   4.3660648e-02
   4.7128219e-02
   2.0787949e-02
  -1.5061388e-03
   1.0170111e-02
   1.7001387e-02
   8.8455277e-03
   2.3275621e-02
   5.6464083e-02
   5.0672811e-02
   4.9017314e-02
   6.0772821e-02
   6.7930013e-02
   4.2202573e-02
   4.7764912e-02
   4.2154148e-02
   3.5201114e-02
   5.6621499e-02
   3.7579473e-02
   1.7449297e-02
   4.0666178e-02
   5.5243351e-02
   3.9724242e-02
   1.4303459e-02
   4.2307850e-02
   3.8008023e-02
   4.0900949e-02
   4.4075787e-02
   4.7095459e-02
   2.8445823e-02
   3.9869398e-02
   6.1729275e-02
   8.5568957e-02
   1.5384758e-01
   1.2392929e-01
   4.7500130e-02
   3.4068406e-02
   2.6456900e-02
   2.4585297e-02
   4.3064822e-02
   7.8837641e-02
   4.2047653e-02
   1.7214898e-02
   2.0978291e-02
   4.1766059e-02
   4.6810195e-02
   4.9067125e-02
   4.3636281e-02
   3.2075573e-02
   2.1711530e-02
   2.9310279e-02
   2.3601526e-02
   2.7724698e-02
   1.4656221e-02
   1.3193816e-02
   2.6900504e-02
   5.7447970e-02
   5.3021982e-02
   4.3930218e-02
   6.2933259e-02
   6.7144960e-02
   2.2001227e-02
   2.8867852e-02
   5.4003399e-02
   4.2971715e-02
   5.3996220e-02
   4.3065153e-02
   6.7397743e-02
   5.7876822e-02
   4.5334235e-02
   4.6305094e-02
   1.5243357e-02
   3.5302743e-02
   6.1211433e-02
   5.0609536e-02
   2.4492402e-02
   1.3574751e-02
   2.6590932e-02
   2.2001641e-02
   8.7711532e-03
   2.1225862e-02
   1.8202975e-02
   1.4297809e-02
   4.8128441e-02
   4.7301255e-02
   4.2912263e-02
   5.2246902e-02
   6.9332018e-02
   4.9290624e-02
   2.2578247e-02
   1.4241512e-02
  -1.4112005e-03
   1.6860075e-02
   3.2399219e-02
   4.4924952e-02
   1.5397317e-02
   3.4708831e-02
   5.3424172e-02
   3.1701121e-02
   2.7739614e-02
   2.3206661e-02
   5.8871370e-02
   5.4025777e-02
   2.8102577e-02
   2.3998450e-02
   2.6705539e-02
   2.6363889e-02
   7.2716586e-02
   7.2396100e-02
   4.7432933e-02
   5.5163982e-03
   1.2147296e-02
   5.9336074e-02
   9.9298261e-02
   8.9723133e-02
   6.0537782e-02
   3.3409089e-02
   1.9252447e-02
   1.3805164e-02
   3.8008932e-02
   6.1098572e-02
   4.0262889e-02
   3.2350466e-02
   2.9896339e-02
   2.2424903e-02
   2.7037032e-02
   2.1481467e-02
   2.6111202e-02
   4.0097546e-02
   5.1234566e-02
   3.7755411e-02
   3.6138371e-02
   1.2319541e-02
   1.6314441e-02
   3.9084684e-02
   2.4358083e-02
   2.2528479e-02
   1.3565367e-02
   1.6156066e-02
   1.8860575e-02
   4.6675778e-03
   4.3587875e-02
   6.1343636e-02
   5.2428883e-02
   4.2175978e-02
   7.3658605e-03
   3.0692890e-02
   3.2239240e-02
   2.5433155e-02
   2.9638806e-02
   3.6691368e-02
   2.8954362e-02
   5.0380614e-02
   4.5189004e-02
   4.3399610e-02
   1.4174399e-01
   1.8947624e-01
   1.0688455e-01
   5.3652473e-02
   4.9991429e-02
   1.4104299e-02
   1.7660033e-02
   8.4853796e-03
   3.5591546e-02
   3.7357774e-02
   3.5009038e-02
   4.0380489e-02
   3.8615767e-02
   4.7203511e-02
   2.0684266e-02
   4.1349826e-04
   2.0318527e-02
   3.6285389e-02
   3.8317796e-02
   4.0642295e-02
   3.4531824e-02
   1.8579474e-02
   5.1749583e-02
   1.1169310e-01
   1.7087080e-01
   1.1114142e-01
   8.1776470e-02
   6.6413559e-02
   8.3510689e-03
  -1.5242130e-02
   2.8425010e-02
   1.1735132e-01
   9.9662900e-02
   4.2082414e-02
   4.6868544e-02
   3.3406503e-02
   3.0560995e-02
   2.1861576e-02
   8.2298748e-02
   7.7079244e-02
   3.8057495e-02
   5.9227958e-02
   2.3013620e-02
   5.5857473e-03
   1.2756885e-02
   5.6803390e-02
   4.6718359e-02
   4.8957229e-02
   4.7546770e-02
   4.7895174e-02
   8.9637496e-02
   2.4117433e-01
   2.3622337e-01
   1.4518803e-01
   1.4845899e-01
   9.6806914e-02
   7.2128229e-02
   6.3462816e-02
   1.6337596e-01
   6.9891059e-01
   9.4403046e-01
   5.1261550e-01
   1.5577014e-01
   1.3030101e-01
   1.4745138e+00
   4.7985573e+00
   4.5542226e+00
   1.8192087e+00
   4.5982015e-01
   1.8860368e-01
   2.4732919e-01
   3.9182931e-01
   8.0347955e-01
   7.2087991e-01
   3.5024664e-01
   8.6205848e-02
   5.3291596e-02
   8.9044571e-02
   1.6103417e-01
   2.2674255e-01
   1.9371462e-01
   1.4306211e-01
   1.4368448e-01
   8.9876302e-02
   5.6261774e-02
   7.0756301e-02
   7.7084541e-02
   2.3106684e-01
   3.5180867e-01
   2.4222727e-01
   6.5166779e-02
   2.8216954e-02
   3.6158353e-02
   1.0089547e-02
   2.7491409e-02
   1.6747516e-02
   9.1155395e-03
   6.3203059e-02
   9.6003696e-02
   4.9254801e-02
   4.6110023e-02
   8.4821908e-03
   9.4342688e-03
   1.6730962e-02
   1.9384712e-02
   5.5915650e-02
   4.2635743e-02
   1.7720500e-02
   1.1538058e-02
  -7.2964444e-04
   4.0595707e-02
   1.5455993e-01
   1.5216759e-01
   7.4738391e-02
   8.1750065e-02
   2.1697111e-01
   3.1249785e-01
   1.5623870e-01
   4.3616392e-02
   9.2006259e-02
   1.6408572e-01
   1.1966689e-01
   8.0006495e-02
   6.1129875e-02
   2.0771068e-01
   7.6927978e-01
   8.8519251e-01
   4.0219364e-01
   1.0291388e-01
   3.4124557e-02
  -2.5634186e-03
   5.9744604e-02
   1.2319620e-01
   1.0015042e-01
   2.0967433e-02
   2.7957080e-02
   1.8874677e-03
   1.6987989e-02
   3.8095277e-02
   1.1281493e-01
   4.4486035e-02
   2.9168528e-02
   2.4569957e-02
   5.2518435e-02
   2.8883180e-02
  -6.5548345e-03
   3.0925356e-02
   6.5349571e-02
   8.6076029e-02
   3.5731547e-02
   9.3675656e-03
   6.9108218e-02
   7.6599814e-02
   5.3713258e-02
   2.7512385e-02
   3.8071305e-02
   5.3071383e-02
   7.0699394e-02
   5.5410784e-02
   3.8212799e-02
   4.6996757e-02
   7.2593376e-02
   6.3113309e-02
   3.7769821e-02
   5.3862337e-02
   9.5045164e-02
   1.0130533e-01
   6.8442836e-02
   5.1216610e-02
   5.7538681e-02
   7.5654112e-02
   7.7228822e-02
   6.9690071e-02
   5.4753602e-02
   9.0444148e-02
   1.4792529e-01
   8.2741126e-02
   1.7882913e-02
   9.9316008e-02
   3.1900096e-01
   3.2884431e-01
   1.3219725e-01
   2.8939765e-02
   2.0568661e-01
   1.0123165e+00
   1.3515350e+00
   6.8633747e-01
   1.7336655e-01
   8.4120244e-02
   1.7790036e-01
   2.3007147e-01
   2.7788913e-01
   2.6167947e-01
   1.5085933e-01
   8.6333036e-02
   3.6991883e-02
   2.9390629e-02
   3.5839595e-02
   5.1859610e-02
   6.6836633e-02
   3.2593735e-02
   6.1762441e-02
   5.7269190e-02
   3.6130764e-02
   2.9972600e-02
   2.5567574e-02
   2.2925919e-02
   2.7889997e-02
   4.1113250e-02
   5.4651018e-02
   3.6648091e-02
   9.8952893e-03
   1.5254945e-02
   1.9886311e-02
   2.0735146e-02
   2.2979982e-02
   7.3263384e-02
   6.2718630e-02
   5.4840248e-02
   5.6986071e-02
   3.6382463e-02
   2.6674241e-02
   5.3622788e-03
   3.3910219e-02
   6.5021291e-02
   9.7434431e-02
   4.6160210e-02
   3.4977864e-02
   4.8270300e-02
   1.1922328e-01
   1.0318952e-01
   6.9024175e-02
   5.1758155e-02
   9.1621079e-02
   9.1618009e-02
   6.9987103e-02
   4.4433195e-02
   1.0321743e-01
   1.2450682e-01
   9.5771194e-02
   3.4344815e-02
   3.3212770e-02
   9.4581403e-02
   2.8198773e-01
   3.5237595e-01
   2.2908846e-01
   1.0681027e-01
   6.4350590e-02
   8.8935845e-02
   5.2795555e-02
   5.9546910e-02
   6.1437469e-02
   4.2607773e-02
   6.1188564e-02
   5.9356283e-02
   2.0046329e-02
   4.6197485e-02
   6.7921579e-02
   7.5679012e-02
   6.4594455e-02
   3.2045141e-02
   4.9907956e-02
   1.5624253e-02
   1.5832413e-02
   5.1020216e-02
   9.7555727e-02
   7.5254597e-02
   4.6873204e-02
   4.3959174e-02
   3.3329345e-02
   2.8919786e-02
   2.6761774e-02
   4.8320208e-02
   5.6348886e-02
   3.1353511e-02
   3.9638199e-02
   4.1010119e-02
   2.7872803e-02
   4.7701441e-02
   6.2242139e-02
   2.3382319e-02
   1.3132378e-02
   2.5495937e-02
   4.9721550e-02
   5.5660527e-02
   2.6634971e-02
   5.6273356e-02
   5.2465834e-02
   5.9532687e-02
   4.4626415e-02
   1.2638780e-02
   1.9764319e-02
   4.5451175e-02
   1.0974344e-02
   3.6963564e-03
   2.2545770e-02
   6.2733427e-02
   1.0300112e-01
   3.2051925e-02
   2.0581326e-02
   3.2518532e-02
   1.0308857e-01
   1.5114114e-01
   7.5598076e-02
   3.0565316e-02
   2.9321432e-02
   6.7851067e-02
   8.1626900e-02
   7.1539670e-02
   2.9353211e-02
   1.6995402e-02
   5.8006268e-02
   4.4539861e-02
   2.3286145e-02
   3.3162780e-02
   4.2665858e-02
   5.2798659e-02
   6.8675786e-02
   6.7066185e-02
   4.3566879e-02
   6.8726160e-02
   1.0935733e-01
   8.3769441e-02
   3.3973128e-02
   3.5213139e-02
   6.5775655e-02
   1.7427495e-01
   1.7521915e-01
   1.0841855e-01
   5.8284789e-02
   7.8731239e-02
   1.2580565e-01
   1.3689291e-01
   7.9194844e-02
   7.8326188e-02
   4.3746714e-02
   8.4964804e-02
   5.3410288e-02
   4.4963885e-02
   1.7566232e-02
   3.8478315e-02
   3.2636870e-02
   1.4357398e-02
   2.8669368e-03
   3.3685308e-02
   2.9171346e-02
   2.6600207e-03
   1.2802503e-02
   2.1667136e-02
   1.8764220e-02
   1.2441728e-02
   2.3390694e-02
   3.6947351e-02
   4.7757115e-02
   3.7519597e-02
   3.6945168e-02
   5.1794212e-02
   1.4160229e-02
   5.3374689e-02
   7.1180835e-02
   5.9276339e-02
   3.4214478e-02
  -3.8956408e-03
   1.4003696e-02
   2.1524562e-02
   4.8629623e-02
   3.8699552e-02
   3.7939239e-02
   7.0224218e-02
   4.8659120e-02
   1.6212576e-03
   6.8986993e-03
   8.1856167e-03
   3.0244797e-02
   4.1266721e-02
   2.9383456e-02
   2.5401542e-02
   8.2005002e-02
   6.1917786e-02
   8.6300105e-02
   9.5273405e-02
   7.1946643e-02
   5.2914191e-02
   9.5631801e-02
   1.4305951e-01
   8.9114361e-02
   6.7821912e-02
   6.7002431e-02
   9.6165471e-02
   6.5238073e-02
   6.1674148e-02
   6.0489375e-02
   8.5600704e-02
   7.6660246e-02
   6.7641653e-02
   5.5808470e-02
   9.4796568e-02
   7.9215474e-02
   4.9514465e-02
   3.0741820e-02
   6.9130799e-03
   1.0596740e-01
   1.3717146e-01
   6.2501580e-02
   5.6966253e-02
   4.8926488e-02
   1.2541054e-01
   1.5750004e-01
   1.3594992e-01
   9.2708111e-02
   1.1490338e-01
   1.6652955e-01
   1.9771573e-01
   1.6705158e-01
   1.5176888e-01
   2.1103001e-01
   2.8754723e-01
   2.4003401e-01
   7.3612504e-02
   1.1444630e-01
   3.3724561e-01
   4.9884498e-01
   2.6598600e-01
   1.1102736e-01
   8.5337587e-02
   5.7969427e-01
   1.0591372e+00
   6.7727375e-01
   2.6387078e-01
   1.5215126e-01
   5.0495398e-01
   8.0405074e-01
   5.1991898e-01
   1.9527060e-01
   1.2500384e-01
   2.9819626e-01
   3.4395251e-01
   1.6491976e-01
   3.4575015e-02
   9.9564068e-02
   2.5527230e-01
   2.8439292e-01
   1.2982927e-01
   9.5380917e-02
   1.0012500e-01
   5.3876571e-02
   5.3442158e-02
   6.1905459e-02
   8.3625033e-02
   5.4524943e-02
   3.7638944e-02
   4.8307873e-02
   3.6157895e-02
   4.1020485e-03
   4.5844842e-02
   7.7811847e-03
   3.7750792e-02
   4.0111460e-02
   3.3598691e-02
   2.6682086e-02
   5.9334300e-02
   4.0830381e-02
   2.2565603e-02
   3.9218251e-02
   6.5895215e-02
   6.6343710e-02
   2.6127851e-02
   3.7863724e-02
   8.3183035e-02
   8.3494738e-02
   7.1788296e-02
   5.1872134e-02
   7.0817508e-02
   7.1810588e-02
   5.0595760e-02
   3.0415770e-02
   6.6505887e-02
   9.3278438e-02
   9.6308075e-02
   6.8527780e-02
   2.8928753e-02
   1.3140914e-01
   2.9144517e-01
   2.6264346e-01
   1.1343471e-01
   5.3916078e-02
   1.3016754e-01
   1.7483103e-01
   1.0843367e-01
   5.0969638e-02
   1.0046038e-02
   6.7516044e-02
   1.7019431e-01
   1.3372084e-01
   7.9834960e-02
   5.1771872e-02
   1.1636856e-01
   1.2123918e-01
   4.2740908e-02
   1.6576866e-02
   3.4669437e-02
   4.8464440e-02
   5.8632445e-02
   2.9171858e-02
   2.0947315e-02
   1.1910154e-02
   3.3423837e-02
   4.6567678e-02
   1.0819070e-02
   3.1084789e-02
   1.9856334e-02
   1.4465335e-02
   3.9368231e-02
   1.2061452e-02
  -9.6164839e-03
   1.5406781e-02
   3.8716100e-02
   3.8410351e-02
   3.7619278e-02
   5.1825125e-02
   4.9235210e-02
   4.5143791e-02
   5.1530953e-02
   4.0830061e-02
   2.6842233e-02
   5.2483577e-02
   4.6282444e-02
   5.3328004e-02
   4.2587161e-02
   5.9603341e-02
   1.1247724e-01
   1.5697519e-01
   1.2078946e-01
   1.0540725e-01
   6.8248324e-02
   7.6958247e-02
   9.5442586e-02
   1.6494882e-01
   2.3974997e-01
   1.7488980e-01
   1.1046588e-01
   6.8830810e-02
   1.7885765e-01
   2.1929376e-01
   1.3064550e-01
   3.5576157e-02
   3.6162682e-02
   8.7833486e-02
   7.8642875e-02
   5.2490950e-02
   3.5330802e-02
   5.5516779e-02
   7.3546410e-02
   5.6768741e-02
   5.8991063e-02
   4.4831276e-02
   4.6953280e-02
   4.3604419e-02
   3.0803712e-02
   4.8783869e-02
   2.5359804e-02
  -3.7293709e-03
   2.0853432e-02
   5.8542591e-02
   2.8576465e-02
   1.3872040e-02
   1.6017711e-02
   2.6855597e-02
   5.3887010e-02
   6.0714979e-02
   3.1555008e-02
   1.1986920e-02
   2.3311527e-02
   7.1067140e-02
   3.8741097e-02
   1.1137380e-02
   2.4994403e-02
   5.5191718e-02
   4.0879153e-02
   5.1967129e-02
   8.4826969e-02
   2.2791401e-02
   4.7899086e-02
   8.0044046e-02
   5.4563854e-02
   9.3668804e-02
   8.6890012e-02
   6.5703288e-02
   6.9648698e-02
   6.5905891e-02
   2.9748566e-02
   4.2549357e-02
   9.0350121e-02
   1.2594131e-01
   9.3416102e-02
   6.7162015e-02
   5.3683255e-02
   5.7397727e-02
   1.0720468e-01
   7.0872441e-02
   2.7849970e-02
   2.8666224e-02
   8.5299939e-02
   8.4929906e-02
   7.1697466e-02
   8.9304209e-02
   7.4252643e-02
   5.6854613e-02
   5.7818152e-02
   3.4820519e-02
   2.8440902e-02
   6.8798535e-02
   5.2070439e-02
   2.9485516e-02
   1.0630036e-02
   1.7265686e-03
   3.2081824e-02
   1.2818002e-02
   2.8579546e-02
   2.7886000e-02
   3.5506058e-02
   3.0496553e-02
   3.6343202e-02
   3.1194665e-02
   4.1143328e-02
   3.7352607e-02
   4.3750819e-02
   2.7298022e-02
   3.1930812e-02
   4.6949387e-02
   2.8969530e-02
   1.6778491e-02
   1.4830171e-02
   4.7352497e-02
   6.0545530e-02
   6.5081157e-02
   3.9544549e-02
   3.8732968e-02
   2.9837921e-02
   3.4085121e-02
   5.9194107e-02
   7.1299724e-02
   4.1605376e-02
   5.3017799e-02
   4.1047163e-02
   1.7707054e-02
   2.9033937e-02
   7.3033966e-02
   7.7884719e-02
   6.1087854e-02
   6.2482350e-02
   9.1641933e-02
   1.5409935e-01
   1.0518448e-01
   5.3422455e-02
   5.4015264e-02
   3.2025207e-02
   2.3663843e-02
   4.0719826e-02
   2.4295582e-02
   4.4088647e-02
   5.8964606e-02
   3.6654454e-02
   5.4215226e-02
   7.2174720e-02
   6.6756666e-02
   2.5857575e-02
   5.4776601e-02
   2.3865569e-02
   7.5877175e-02
   4.9049925e-02
   2.5482200e-02
   1.6849037e-02
   6.7758909e-03
   6.9624237e-03
   3.2324340e-02
   6.7129001e-02
   6.1077148e-02
   5.4834642e-02
   3.0015375e-02
   1.9069258e-02
   4.6160363e-02
   4.9473859e-02
   2.4781981e-02
   2.3710616e-02
   2.5502760e-02
   8.2472134e-03
   1.8984906e-02
   1.8337997e-02
   3.1930882e-02
   4.0563323e-02
   3.8012758e-02
   6.0164541e-02
   5.8619499e-02
   4.1122608e-02
   5.1627334e-02
   4.3097623e-02
   3.1291462e-02
   3.5017319e-02
   5.5293452e-02
   5.3722508e-02
   4.0953655e-02
   3.1832509e-02
   5.6104500e-02
   5.9060216e-02
   5.3352755e-02
   7.6080784e-02
   6.8966731e-02
   5.8743600e-02
   3.4152996e-02
   4.0483057e-02
   2.9885449e-02
   1.8891247e-02
   2.5748866e-02
   7.3602654e-02
   1.0619481e-01
   6.9705918e-02
   3.9159767e-02
   3.6822267e-02
   1.5875552e-02
   1.6242811e-02
   6.1113726e-02
   4.3215714e-02
   4.2476706e-02
   3.1920698e-02
   4.2479970e-02
   3.0036643e-02
   1.9551586e-02
   3.1147484e-02
   4.4453878e-02
   2.8299652e-02
   2.5262475e-02
   6.6313520e-02
   4.3336172e-02
   5.6745946e-02
   2.5487315e-02
   1.9906238e-02
   4.1785095e-02
   5.1205624e-02
   3.4360334e-02
   2.2299111e-02
   4.0063757e-02
   5.2960686e-02
   3.2920040e-02
   2.9385936e-02
   2.1730820e-02
   6.2692150e-02
   4.3196306e-02
   4.1330941e-02
   5.3293485e-02
   4.8258066e-02
   2.1480506e-02
   1.6894856e-02
   3.3585273e-02
   3.7838325e-02
   4.0206987e-02
   5.5808757e-02
   5.0074670e-02
   5.5878378e-02
   4.6455819e-02
   3.1496625e-02
   4.9674653e-02
   3.7255783e-02
   3.0073157e-02
   1.3931724e-02
   1.4182372e-02
   5.6431923e-02
   5.3001739e-02
   4.0962692e-02
   1.3409665e-02
   1.2226465e-02
   2.3399036e-02
   2.0414632e-02
   3.4934208e-02
   6.6813037e-02
   4.2634305e-02
   1.9318486e-02
   6.9707125e-02
   8.3033383e-02
   6.6031143e-02
   3.3082511e-02
   1.0253360e-02
   3.7709817e-02
   4.0015776e-02
   4.1780993e-02
   2.6820596e-02
   3.1005016e-02
   3.1078147e-02
   5.6565106e-02
   3.7267424e-02
  -4.2147450e-03
   1.5461855e-02
   6.1353073e-02
   5.7560015e-02
   4.0102702e-02
   2.4375936e-02
   3.4490842e-02
   5.3144123e-02
   2.1605723e-02
   4.4806041e-02
   3.0380582e-02
   2.4518795e-02
   2.7322665e-02
   3.6382269e-02
   8.7601937e-02
   7.6620027e-02
   4.2600837e-02
   1.7476320e-02
   7.5559296e-02
   1.6894527e-01
   1.5491742e-01
   6.2136557e-02
   8.6952455e-02
   1.3916400e-01
   1.2246998e-01
   8.5553795e-02
   5.8180239e-02
   6.4638667e-02
   6.7668594e-02
   3.7371129e-02
   4.3474142e-02
   5.8969662e-02
   5.6750394e-02
   3.0050207e-02
   4.4836815e-02
   2.3273893e-03
   1.0051185e-02
   2.0477600e-02
   4.5157555e-02
   3.3487387e-02
   2.7585618e-02
   3.1407256e-02
   3.7166085e-02
   3.0348757e-02
   4.6257231e-02
   6.3044555e-02
   4.8893191e-02
   3.7847098e-02
   2.7905252e-02
   4.5387916e-02
   3.5372961e-02
   1.5566332e-02
   1.1291611e-02
   3.0188421e-02
   5.4299459e-02
   6.0932808e-02
   7.0944354e-02
   4.2087100e-02
   6.1838049e-02
   3.0287635e-02
   2.9744830e-02
   4.4865243e-02
   6.0610130e-02
   5.4838788e-02
   2.3112474e-02
   1.8464290e-02
   1.6450057e-02
   3.5813268e-02
   3.2639395e-02
   2.7425092e-02
   2.4566876e-02
   5.5541996e-02
   6.3052207e-02
   4.2660885e-02
   2.8308544e-02
   4.0242769e-02
   4.5497037e-02
   3.1506073e-02
   1.8498478e-02
   1.6982604e-02
   3.7420008e-02
   3.0668546e-02
   1.6883893e-02
   3.7194777e-02
   3.2670662e-02
   2.4497928e-02
   1.9668045e-02
   4.5717265e-02
   2.8790515e-02
   5.7494536e-02
   4.4621237e-02
   7.5532668e-03
   2.2488916e-02
   3.1685557e-02
   5.3608149e-02
   3.1174129e-02
   1.9276055e-02
   5.6845624e-02
   4.6436064e-02
   4.7146279e-02
   4.2308450e-02
   3.1211894e-02
   2.9847104e-02
   4.7112476e-02
   1.7051147e-02
   2.3567971e-02
   2.7830733e-02
   4.2145062e-02
   4.9336299e-02
   4.3170955e-02
   3.5399534e-02
   3.9571382e-02
   4.9997643e-02
   5.5242069e-02
   5.0886504e-02
   5.8018371e-02
   3.4881029e-02
   5.2932389e-02
   4.4339880e-02
   5.2399173e-02
   3.5385247e-02
   2.5586534e-02
   4.2491503e-02
   3.3154294e-02
   4.6659734e-02
   3.9573301e-02
   3.4921978e-02
   2.9569652e-03
   6.3782283e-03
   2.4072992e-02
   3.3085361e-02
   2.9154211e-02
   3.8704455e-02
   5.4755215e-02
   4.0221453e-02
   2.7659453e-02
   2.8106295e-02
   1.6103020e-02
   1.2336370e-03
   1.4448962e-02
   3.5664421e-02
   2.7446033e-02
   4.6599019e-02
   3.5366427e-02
   5.8067711e-03
   1.7472662e-02
   2.3512842e-02
   3.0953450e-02
   2.6313724e-02
   8.6398069e-03
   2.5666412e-02
   9.2507415e-03
   3.5417605e-02
   5.0827555e-02
   3.8233545e-02
   4.3891851e-02
   3.9115764e-02
   2.2947267e-02
   1.4930139e-02
   2.1494612e-02
   3.0619884e-02
   1.8688811e-02
   2.5880482e-02
   2.4476478e-02
   3.9207708e-02
   4.6425205e-02
   2.5594227e-02
   1.8547444e-02
   5.7836540e-02
   4.2717449e-02
   3.0402351e-02
   3.0864066e-02
   4.2849224e-02
   2.5728768e-02
   4.3425575e-02
   4.5615647e-02
   1.8321894e-02
   3.8074326e-02
   4.7893740e-02
   3.6056723e-02
   4.9894158e-02
   4.2934556e-02
   1.9087119e-02
   2.1157807e-02
   3.8637452e-02
   2.9446064e-02
   2.6147876e-02
   5.7579134e-02
   1.3851393e-02
   2.1538625e-02
   7.0238323e-03
   3.0010479e-02
   2.3537738e-02
   4.3594800e-02
   3.2431290e-02
   4.0482007e-02
   4.5893263e-02
   3.0248279e-02
   1.3020325e-02
   2.7992524e-02
   2.8749825e-02
   1.3070436e-02
   3.5761509e-02
   2.0358136e-02
   2.2143612e-02
   3.7250221e-02
   5.5246431e-02
   1.0847751e-02
   2.2405809e-02
   1.7325031e-02
   3.2886099e-02
   3.7153762e-02
   4.1204475e-02
   1.7914105e-02
   3.3249069e-02
   2.5219565e-02
   3.7417103e-02
   2.6753880e-02
   4.0953178e-02
   3.4849662e-02
   1.4465232e-02
   2.0908395e-02
   2.8782830e-02
   3.6244296e-02
   4.5101766e-02
   3.6478277e-02
   2.3097720e-02
   1.2976211e-02
   5.9399311e-03
   2.6373047e-02
   4.5430750e-02
   2.4767997e-02
   2.0373898e-02
   4.0554021e-02
   3.6759611e-02
   4.3877866e-02
   4.1118603e-02
   9.6752588e-03
   1.7742394e-02
   3.1745907e-02
   3.3095933e-02
   2.9039577e-02
   2.3004511e-02
   3.0309001e-02
   3.3086713e-02
   3.6388282e-02
   5.0319962e-02
   5.0119802e-02
   4.8484515e-02
   4.2307496e-02
   4.2307373e-02
   3.9172463e-02
   3.5079908e-02
   5.4287933e-02
   5.1655900e-02
   3.6083706e-02
   4.6378411e-02
   4.3468758e-02
   1.7817050e-02
   5.2612383e-02
   5.6181822e-02
   4.5822501e-02
   3.6148414e-02
   2.8314209e-02
   1.3370101e-02
   6.0744438e-02
   3.0743398e-02
   2.1701273e-02
   1.3567709e-02
   4.8809119e-02
   5.8553018e-02
   4.5172442e-02
   3.7372202e-02
   3.8100518e-02
   4.6813179e-02
   3.2437757e-02
   3.3561889e-02
   2.7793271e-02
   9.0037035e-03
   2.2440488e-02
   3.3974502e-02
   2.6473721e-02
   2.3310911e-02
   3.9012596e-02
   1.2757265e-02
   1.6033228e-02
   1.8426629e-02
   5.2257758e-02
   5.1107667e-02
   3.4245662e-02
   3.1681564e-02
   3.2782044e-02
   2.8241420e-02
   4.1257828e-02
   3.2540541e-02
   1.8452644e-02
   8.9947563e-03
   1.6583750e-02
   2.3035936e-02
   2.4100177e-02
   4.9306322e-02
   3.6695834e-02
   5.0329909e-02
   2.7480727e-02
   1.5918886e-02
   2.1017069e-02
   3.0231152e-02
   2.7444061e-02
   2.1961331e-02
   3.0943785e-02
   5.0610587e-02
   3.8595054e-02
   1.5521769e-02
   3.9475925e-02
   2.5184531e-02
   3.3815693e-02
   2.7955411e-02
   3.5321541e-02
   4.7171135e-02
   3.1784832e-02
   4.1581620e-02
   4.9008671e-02
   3.2246597e-02
   2.9772708e-02
  -3.1697305e-04
   4.4784267e-03
   2.6536390e-02
   2.7242552e-02
   2.1645984e-02
   9.8235849e-03
   3.0514421e-02
   1.5184907e-02
   3.4185708e-02
   2.9429458e-02
   1.7757159e-02
   2.3701888e-02
   1.5253468e-02
   8.6241281e-03
   1.4177215e-02
   1.6285170e-02
   3.8092814e-02
   2.6572684e-02
   3.4634218e-02
   2.7432922e-02
   4.2324912e-02
   5.5168390e-02
   4.3080594e-02
   3.6025908e-02
   5.6384232e-02
   4.6362173e-02
   1.5020887e-02
   2.8401239e-02
   3.8895626e-02
   3.3381168e-02
   3.5209607e-02
   2.0809108e-02
   5.5292901e-02
   3.4851544e-02
   2.5970446e-02
   2.3150029e-02
   2.0803437e-02
   2.8031342e-02
   5.0681874e-02
   5.4833412e-02
   6.9953084e-02
   3.4241132e-02
   3.6785800e-02
   2.5563445e-02
   1.4908122e-02
   2.5390893e-02
   4.2123731e-02
   7.5015076e-02
   7.3351100e-02
   4.7993418e-02
   6.1229330e-02
   4.4141304e-02
   3.2728624e-02
   3.1105379e-02
   4.0212672e-02
   1.3712773e-02
   5.7770638e-03
   4.2782020e-02
   5.1479135e-02
   5.5941824e-02
   4.3863866e-02
   2.0928876e-02
   2.1453157e-02
   2.5237020e-02
   2.7200187e-02
   2.4300804e-02
   4.7119085e-02
   2.4984784e-02
   2.1727050e-02
   6.6985232e-03
   3.4714818e-02
   6.0350157e-02
   3.8180642e-02
   2.4195805e-02
   4.1603036e-02
   5.2589141e-02
   5.8543809e-02
   5.0727010e-02
   3.2691821e-02
   3.8227472e-02
   3.9814152e-02
   4.5311667e-02
   4.2566691e-02
   2.5831237e-02
   4.0229816e-02
   4.7465995e-02
   3.3497442e-02
   7.5709678e-02
   5.7734907e-02
   4.3830924e-02
   7.4005738e-02
   6.5223724e-02
   4.4777408e-02
   3.5729367e-02
   2.1427108e-02
   1.9335315e-02
   6.5945990e-02
   1.5588650e-01
   2.2012514e-01
   2.0589206e-01
   1.0894938e-01
   5.8161225e-02
   4.0987160e-02
   4.2016521e-02
   2.0532361e-04
   3.1585253e-03
   2.1500289e-02
   1.7398454e-02
   1.5803793e-02
   3.5838470e-02
   7.2089471e-02
   6.5866724e-02
   4.6596307e-02
   6.0391575e-02
   4.5414381e-02
   1.9692300e-02
   2.7473902e-02
   2.8675932e-02
   4.4854142e-02
   4.3986917e-02
   4.7736682e-02
   2.7269144e-02
   5.3317621e-02
   4.2730149e-02
   1.9439183e-02
   2.4472704e-02
   3.2073963e-02
   3.5003547e-02
   3.1721916e-02
   3.4937631e-02
   1.8591950e-02
  -4.3748794e-04
   4.8686583e-03
   1.4409438e-02
   4.3001644e-02
   3.2881409e-02
   3.9874341e-02
   3.6874548e-02
   2.3920974e-02
   1.7965898e-02
   6.8535334e-03
   1.4754157e-02
   2.1393089e-02
   6.8194054e-02
   3.7367541e-02
   2.1856040e-02
   5.1788196e-02
   4.6014108e-02
   3.0629994e-02
   4.9353074e-02
   3.1101815e-02
   2.2468697e-02
   3.5921826e-03
   3.4934994e-02
   4.9328461e-02
   4.5281906e-02
   3.2630894e-02
   5.3308882e-02
   3.8797464e-02
   2.8180476e-02
   2.8500300e-02
   3.9576501e-02
   3.8333643e-02
   3.5213754e-02
   1.9205801e-02
   3.9841425e-02
   2.7706329e-02
   2.3671431e-02
   3.3689596e-02
   3.7442271e-02
   3.3777028e-02
   4.6824846e-02
   7.2353102e-02
   7.3846526e-02
   3.7137643e-02
   5.5574491e-03
   3.7113417e-02
   3.1011488e-02
   1.5810139e-02
   3.5324045e-02
   4.7962882e-02
   3.0375976e-02
   2.0135596e-02
   2.1256158e-02
   2.5075592e-02
   1.3310649e-02
   4.0124260e-02
   4.9869202e-02
   3.4305509e-02
   3.9600614e-02
   3.6220767e-02
   4.5007214e-02
   2.1426259e-02
   8.4025217e-03
   3.4670152e-02
   5.5285960e-02
   5.7510946e-02
   2.8607896e-02
   2.0986065e-02
   3.8519144e-02
   1.5325557e-02
   1.9442804e-02
   4.6222944e-02
   6.3235603e-02
   1.8090850e-02
   4.3702774e-02
   4.0511165e-02
   4.8969198e-02
   2.4848983e-02
   2.5375873e-02
   3.7283819e-02
   4.3571975e-02
   3.9198812e-02
   4.0890079e-02
   3.6528513e-02
   3.9260752e-02
   3.9809082e-02
   2.9763663e-02
   3.0259181e-02
   4.3678045e-02
   5.3141948e-02
   2.7152445e-02
   3.8176470e-02
   3.6266975e-02
   1.6626028e-02
   1.1951025e-02
   1.9420760e-02
   1.1755497e-02
   1.9372523e-02
   4.3510936e-02
   2.5965655e-02
   5.7736032e-02
   3.6712456e-02
   4.2446695e-02
   2.9095929e-02
   2.1902977e-02
   2.9929597e-02
   4.4320129e-02
   3.9273817e-02
   3.6531974e-02
   4.2078655e-02
   4.9119543e-02
   5.2210148e-02
   2.8888656e-02
   6.1794382e-02
   3.6926635e-02
   3.1307653e-02
   2.4851166e-02
   3.9399661e-02
   3.4575146e-02
   2.8107665e-02
   1.6114505e-02
   2.6054969e-02
   3.9388306e-02
   1.8393310e-02
   3.8727026e-02
   2.4665134e-02
   1.4973090e-02
   2.9253677e-02
   2.8513394e-02
   4.2286217e-02
   1.2573306e-02
   3.5300732e-02
   3.6811233e-02
   1.8936455e-02
   2.6300142e-02
   2.2525154e-02
   5.4382268e-02
   4.5130655e-02
   3.3084244e-02
   2.3551373e-02
   1.5272153e-02
   3.2133184e-02
   5.7165779e-02
   3.8493805e-02
   1.5135360e-02
   4.0993955e-02
   3.4550402e-02
   9.4881216e-03
   2.3080220e-02
   3.1316988e-02
   4.5484524e-02
   6.5789871e-02
   5.2854318e-02
   5.1694229e-02
   1.7777206e-02
   3.7517246e-02
   2.1921180e-02
   2.6905457e-02
   3.0409073e-02
   4.8614923e-02
   8.0062576e-02
   6.1461091e-02
   4.1884176e-02
   4.1261602e-02
   3.7501879e-02
   4.5966145e-02
   4.6729550e-02
   3.3937670e-02
   1.4299090e-02
   3.0464777e-03
   1.2084313e-02
   3.4605935e-02
   3.7363216e-02
   4.1415635e-02
   3.0717118e-02
   3.2582019e-02
   3.4236204e-02
   3.5097569e-02
   3.4197178e-02
   3.2946359e-02
   4.4236254e-02
   5.3604171e-02
   4.4318095e-02
   2.5208971e-02
   3.7635546e-02
   4.4410180e-02
   2.7790386e-02
   3.3039048e-02
   3.0778352e-02
   2.0646894e-02
   1.7144639e-02
   1.3813789e-02
   3.5299819e-02
   2.5393318e-02
   8.2151359e-03
   4.2714447e-02
   4.7289696e-02
   3.0561751e-02
   5.6520585e-02
   5.3031329e-02
   3.2844305e-02
   2.3654316e-02
   3.4584440e-02
   3.5416327e-02
   4.6121266e-02
   4.4591468e-02
   2.1893688e-02
   4.6177313e-02
   6.7068465e-02
   3.6207661e-02
   3.5477210e-02
   3.0197879e-02
   4.4166215e-02
   2.9951770e-02
   1.7705368e-02
   2.5077075e-02
   4.8107706e-02
   6.2945299e-02
   2.1502340e-02
   4.4274077e-02
   4.8685882e-02
   1.9776851e-02
   3.6722451e-02
   2.5964363e-02
   4.5748070e-02
   3.2041762e-02
   3.8497210e-02
   2.3363320e-02
   1.3255890e-02
   1.1188814e-02
   5.4285306e-02
   3.1056397e-02
   4.4610735e-02
   4.2991407e-02
   2.9103201e-02
   2.2192439e-02
   2.7311806e-02
   3.0617030e-02
   3.1090302e-02
   1.0708399e-02
   1.9779051e-02
   4.1431986e-02
   3.2975420e-02
   4.7965255e-02
   4.2765185e-02
   5.3586524e-02
   3.8785923e-02
   5.9010155e-02
   7.1524180e-02
   5.3463761e-02
   4.5948993e-02
   1.4820259e-02
   1.3217244e-03
   1.1929162e-02
   5.0606716e-02
   6.8349831e-02
   6.6931024e-02
   3.4512665e-02
   5.0407968e-02
   4.1157220e-02
   2.2970596e-02
   3.0137163e-02
   4.2323831e-02
   3.7754707e-02
   3.4370534e-02
   2.6228242e-02
   3.7476625e-02
   5.0385352e-02
   3.8896859e-02
   3.3032820e-02
   7.4586421e-02
   7.1000353e-02
   5.9106518e-02
   7.5196192e-02
   4.1573636e-02
   2.5221456e-02
   4.6202533e-02
   4.4271145e-02
   1.0978142e-02
   2.5231050e-02
   4.3800279e-02
   4.0068552e-02
   4.4172499e-02
   5.1668726e-02
   5.4992199e-02
   5.4630268e-02
   4.3749519e-02
   3.3947054e-02
   3.7311919e-02
   3.2618456e-02
   3.1218374e-02
   2.2500189e-02
   2.8346894e-02
   4.5257574e-03
   2.2268655e-02
   2.4655821e-02
   2.2399003e-02
   3.1080429e-02
   4.2789042e-02
   2.2930300e-02
   3.1047871e-02
   4.8856575e-02
   2.4530485e-02
   2.0696331e-02
   5.3726580e-02
   6.9046140e-02
   4.8240826e-02
   2.5055733e-02
   1.5398655e-02
   1.4155755e-02
   2.5568863e-02
   4.4593759e-02
   3.4072652e-02
   4.3122951e-02
   2.4970513e-02
   1.7091621e-02
   2.6206156e-02
   3.8643297e-02
   3.9882179e-02
   4.0600650e-02
   2.7264034e-02
   4.6515431e-02
   3.3487353e-02
   6.3979253e-02
   3.2057520e-02
   1.6513752e-02
   1.9624364e-02
   1.0462864e-02
   1.7048193e-02
   3.8653661e-02
   3.8572788e-02
   2.6826302e-02
   2.6704866e-02
   4.8521851e-04
   1.9132346e-02
   1.2220635e-02
   1.3776070e-02
   2.2042535e-02
   3.6998983e-02
   7.2735615e-02
   4.7311224e-02
   2.6068872e-02
   3.0959837e-02
   2.6346080e-02
   1.9761141e-02
   6.6675581e-02
   1.1534062e-01
   1.0033703e-01
   6.1194811e-02
   4.1500509e-02
   5.4621641e-02
   4.3302882e-02
   4.5520335e-02
   4.5560129e-02
   7.4082658e-02
   1.1819134e-01
   6.2370714e-02
   3.0847684e-02
   2.3302902e-02
   1.3032664e-02
   4.0769000e-02
   6.4616702e-02
   7.1686819e-02
   6.2388707e-02
   6.2093686e-02
   2.7557163e-02
   3.0769078e-02
   2.9315958e-02
   7.5422063e-02
   1.8649201e-01
   2.1572863e-01
   1.1320466e-01
   6.3673370e-02
   2.7104532e-02
   1.1347990e-02
   4.1616987e-02
   1.8758161e-02
   3.9845865e-02
   6.0254175e-02
   5.6988206e-02
   3.0214336e-02
   6.0303334e-02
   7.6237150e-02
   7.1419120e-02
   6.5607339e-02
   6.0946148e-02
   3.0946050e-02
   3.8877670e-02
   3.1349566e-02
   3.4999367e-02
   2.3065565e-02
  -1.0295200e-02
   9.9779628e-03
   5.8937602e-02
   3.7874632e-02
   4.3723516e-02
   4.6071392e-02
   4.2472489e-02
   3.2249149e-02
   4.3995630e-02
   4.5928843e-02
   6.2823474e-02
   5.3457398e-02
   4.8479162e-02
   4.2234011e-02
   3.1454042e-02
   2.6304912e-02
   5.9326249e-03
   2.7624367e-02
   7.9184212e-02
   9.8501712e-02
   7.4112512e-02
   6.0429007e-02
   5.1842634e-02
   5.3103562e-02
   3.4481619e-02
   4.1284677e-02
   5.1283222e-02
   2.9896561e-02
   4.9585454e-02
   3.9419349e-02
   3.7841752e-02
   2.8640071e-02
   4.3412196e-03
   2.5488932e-02
   3.6317792e-02
   3.8545668e-02
   2.0833123e-02
   2.2659501e-02
   3.1309359e-02
   2.8149854e-02
   2.0729361e-02
   4.4929612e-02
   1.6677976e-02
   1.5452425e-02
   3.8392738e-02
   5.5497866e-03
   1.0601686e-02
   2.3391187e-02
   3.9428428e-02
   4.4253241e-02
   5.5012032e-02
   3.8966954e-02
   9.3676616e-03
   2.9272687e-02
   5.3775411e-02
   4.4296194e-02
   4.5075003e-02
   4.6824280e-02
   2.9469287e-02
   3.8304511e-02
   3.6756709e-02
   2.0312550e-02
   4.7816731e-02
   5.1551405e-02
   7.1572438e-02
   5.5930890e-02
   4.6777949e-02
   2.8131681e-02
   3.3956081e-02
   3.5243858e-02
   4.9479071e-02
   3.8009472e-02
   7.2172649e-02
   3.9763670e-02
   1.3555530e-02
   4.2636175e-02
   4.0480912e-02
   4.5177266e-02
   6.0808860e-02
   4.7682896e-02
   4.2249873e-02
   6.6515706e-02
   4.4379637e-02
   4.5680158e-02
   2.8844336e-02
   6.2484074e-02
   5.8490437e-02
   3.8204294e-02
   2.3028333e-02
   4.6436004e-02
   5.4818638e-02
   4.2422082e-02
   3.2261133e-02
   4.8745412e-02
   2.6949514e-02
   3.7301760e-02
   4.8425175e-02
   4.3167733e-02
   3.7018877e-02
   5.5818297e-02
   3.9694671e-02
   4.1698709e-02
   4.2857803e-02
   1.8590493e-02
   2.9694045e-02
   2.8469786e-02
   2.4466679e-02
   1.6841503e-02
   9.7101890e-03
   5.2354716e-02
   6.1026119e-02
   3.8441769e-03
   8.3815809e-03
   4.3526597e-02
   2.0488868e-02
   4.8162859e-02
   3.0916503e-02
   3.6793973e-02
   6.1454814e-02
   3.3644825e-02
   3.1401966e-02
   5.3806093e-02
   7.0206292e-02
   4.1256402e-02
   3.1450897e-02
   3.4758061e-02
   2.7353654e-02
   2.0348523e-02
   1.8044578e-02
   1.1245332e-02
   4.0118610e-03
   9.9721104e-03
   1.3046303e-02
   1.8326934e-02
   5.5194471e-02
   7.5042866e-02
   3.3475891e-02
   2.1236077e-02
   2.0933950e-02
   3.9723631e-02
   4.0848114e-02
   7.4488968e-02
   2.0880888e-01
   2.9371285e-01
   2.2712912e-01
   1.2496212e-01
   6.0198583e-02
   3.2009777e-02
   2.7468275e-02
   2.9242976e-02
   1.4161596e-02
   8.5714478e-03
   5.0042491e-02
   7.9835907e-02
   9.7979285e-02
   1.0498473e-01
   4.7987062e-02
   1.2635608e-02
   2.0495171e-02
   5.8383692e-02
   3.4900237e-02
   6.1087828e-02
   8.6079426e-02
   7.1619146e-02
   6.5401822e-02
   5.2052073e-02
   5.8923200e-02
   5.9604261e-02
   4.2175673e-02
   3.9768808e-02
   5.3648200e-02
   4.6055730e-02
   1.3576726e-02
   2.2879122e-03
   4.4154178e-02
   3.5337474e-02
   2.5968965e-02
   2.7883546e-02
   3.4455072e-02
   4.2304602e-02
   2.7822847e-02
   1.7255818e-02
   4.6962071e-02
   6.7951560e-02
   4.9869172e-02
   2.9892400e-02
   1.5669355e-02
   9.8914914e-03
   8.0477782e-02
   1.4906831e-01
   1.2220421e-01
   9.0885878e-02
   6.7255057e-02
   1.4515738e-02
   1.1169253e-02
   4.7509675e-03
   4.7640238e-02
   1.0203023e-01
   1.2090133e-01
   8.4691703e-02
   7.5387448e-02
   7.6598734e-02
   4.5492899e-02
   4.9382184e-02
   1.0654484e-01
   6.4214632e-02
   3.9617620e-02
   5.4029919e-02
   7.0108265e-02
   3.6289778e-02
   3.6852147e-02
   2.8729334e-02
   4.6649508e-02
   6.3089825e-02
   4.5737676e-02
   6.4276852e-02
   1.3169438e-01
   1.2000306e-01
   7.8214355e-02
   3.4414958e-02
   1.8709689e-02
   2.6119733e-02
   2.4904894e-02
   2.2659341e-01
   6.1789072e-01
   7.4286222e-01
   4.7603151e-01
   2.3693866e-01
   1.1606342e-01
   5.5555847e-02
   3.4477647e-02
   5.8579531e-02
   8.0491409e-02
   1.0903769e-01
   1.3976701e-01
   1.1157981e-01
   9.2774846e-02
   5.8889519e-02
   6.7480370e-02
   4.2542789e-02
   3.5723203e-03
   1.5756786e-02
   3.3083770e-02
   3.2964461e-02
   4.2903885e-02
   8.8019542e-02
   5.9478540e-02
   3.7901707e-02
   3.4756254e-02
   2.3458943e-02
  -8.2942313e-03
   5.0736973e-03
   1.1579482e-02
   2.7282851e-02
   2.7341275e-02
   2.6664808e-02
   3.0899938e-02
   4.1732058e-02
   5.6322183e-02
   6.4292341e-02
   2.7664565e-02
   4.5046471e-02
   5.9863552e-02
   5.6949440e-02
   5.1560011e-02
   3.3124849e-02
   2.8853707e-02
   4.0426865e-02
   7.0066907e-02
   9.7465903e-02
   1.1623944e-01
   1.0588346e-01
   9.1782235e-02
   2.7581502e-02
   2.6680389e-02
   3.8403280e-02
   1.7259497e-02
   1.1638530e-01
   2.5983363e-01
   2.6794413e-01
   2.0334812e-01
   1.4302050e-01
   1.4140403e-01
   5.6668665e-02
   1.6676142e-03
   4.7397535e-02
   9.0157919e-02
   8.8700503e-02
   8.7954603e-02
   1.3492937e-01
   9.5041499e-02
   9.1633894e-02
   1.3091752e-01
   1.8465655e-01
   8.1209369e-02
   3.2978095e-02
   1.4644545e-01
   3.2457295e-01
   2.8663978e-01
   1.1543319e-01
   7.6935887e-02
   8.3296150e-02
   7.0646763e-02
   4.3462146e-02
   5.2328631e-02
   5.1067814e-02
   2.2990488e-02
   1.8416751e-02
   4.7695977e-03
   2.7563768e-02
   2.5504544e-02
   6.0234975e-02
   1.2893237e-01
   1.5521030e-01
   1.3671853e-01
   7.1181618e-02
   1.7582271e-02
   3.3163428e-02
   4.0842429e-02
   1.8881867e-02
   4.5428015e-02
   4.0025897e-02
   6.4488381e-02
   2.5728375e-02
   4.4111602e-02
   1.4483767e-02
   5.1559370e-02
   2.0123854e-02
   3.4595665e-02
   8.9032345e-02
   1.9524114e-01
   2.2708493e-01
   1.6089258e-01
   8.2545862e-02
   4.9461368e-02
   1.9034715e-02
   4.6021849e-02
   2.0326054e-01
   4.3832928e-01
   4.2400688e-01
   3.2263520e-01
   2.7828956e-01
   1.4352491e-01
   4.4205166e-02
   3.3527169e-02
   1.6146287e-02
   5.8216382e-02
   2.6658483e-02
   4.5965798e-02
   8.1092030e-02
   9.8216496e-02
   5.8856290e-02
   4.0616259e-02
   2.7094861e-02
   2.3313154e-02
   6.6960631e-03
   2.2308312e-02
   6.4348698e-02
   1.0820713e-01
   1.2892240e-01
   6.5060064e-02
   2.9471269e-02
   4.4929657e-02
   2.1742161e-02
   2.6807042e-02
   4.5219127e-02
   6.6487327e-02
   3.7562881e-02
   3.5403311e-02
   5.4185830e-02
   8.3045706e-02
   6.2580295e-02
   4.8310474e-02
   4.5165621e-02
   3.6123902e-02
   3.0053338e-02
   3.9545912e-02
   6.8817489e-02
   8.1262894e-02
   4.9731344e-02
   4.3696702e-02
   4.1462552e-02
   5.1153608e-02
   5.9233077e-02
   1.1788251e-01
   1.0308184e-01
   8.3720777e-03
   7.9271868e-03
   4.5043137e-02
   1.9784100e-01
   3.1467822e-01
   3.0547610e-01
   1.6057742e-01
   6.8519041e-02
   3.0542012e-02
   8.3718412e-03
   1.3516815e-01
   6.5913892e-01
   1.1355181e+00
   8.5210371e-01
   5.0159949e-01
   2.3938343e-01
   1.0957013e-01
   6.8014875e-02
   1.4938030e-02
   1.1101754e-03
   2.4237966e-02
   6.6446573e-02
   1.3971460e-01
   1.9725540e-01
   1.6136241e-01
   1.1519092e-01
   4.6103403e-02
   2.2352166e-02
   1.7331565e-02
   1.0916284e-02
   4.1219536e-02
   8.3398908e-02
   3.6822673e-02
   2.3193477e-02
   4.8799224e-02
   1.1807290e-01
   2.0592311e-01
   2.2744945e-01
   1.2963706e-01
   8.2097635e-02
   6.2193856e-02
   7.5158417e-02
   9.4635323e-02
   3.0515414e-01
   7.6890707e-01
   9.7322959e-01
   6.3699639e-01
   3.3284217e-01
   1.6145989e-01
   9.2685670e-02
   1.1280372e-01
   6.2086891e-02
  -2.4452925e-02
   6.1808783e-03
   2.1494633e-01
   5.4638827e-01
   6.0539395e-01
   4.6652010e-01
   2.7839121e-01
   8.3994016e-02
   4.4036537e-02
   3.3494048e-02
   1.0291599e-01
   3.8758436e-01
   5.0454539e-01
   4.1004124e-01
   3.2395613e-01
   2.7020708e-01
   2.3772705e-01
   2.1344477e-01
   1.6085361e-01
   2.9638864e-02
   1.4904806e-02
   1.5972349e-01
   4.3530533e-01
   7.4195653e-01
   7.8841019e-01
   5.3314710e-01
   2.8773999e-01
   1.3741495e-01
   1.1487811e-01
   1.6505401e-01
   8.8571030e-01
   1.9748907e+00
   2.3130519e+00
   1.7285640e+00
   1.2231224e+00
   1.2886920e+00
   1.2888427e+00
   1.0086179e+00
   5.4997647e-01
   1.5918046e-01
   7.3535964e-02
   8.6778772e-01
   4.2640314e+00
   8.0932274e+00
   7.5317326e+00
   4.5131979e+00
   1.8479164e+00
   7.5036001e-01
   4.2259818e-01
   2.5895379e+00
   1.5767690e+01
   3.3119385e+01
   3.3007839e+01
   1.9550070e+01
   8.0561781e+00
   2.5345175e+00
   6.1766011e-01
   1.8367590e-01
   5.9233095e-02
   2.3460880e-01
   2.0010262e+00
   4.4807596e+00
   4.5723891e+00
   2.8101132e+00
   1.3696407e+00
   3.9698324e-01
  -1.4794475e-01
  -1.7195587e-01
   1.3846029e-01
   3.5270545e-01
   7.9036772e-01
   1.2862202e+00
   1.0806245e+00
   5.6528175e-01
   3.3034655e-01
   3.6716849e-01
   3.9982012e-01
   2.6142788e-01
   2.4106710e-01
   2.0596139e-01
   3.3340830e-01
   6.1135840e-01
   1.1481601e+00
   1.9790930e+00
   1.9437386e+00
   1.0456109e+00
   3.7673703e-01
   7.5315692e-02
   4.3403223e-02
   1.7860758e-01
   3.1633550e-01
   3.0224344e-01
   2.3705551e-01
   2.4500068e-01
   2.6422411e-01
   2.0699501e-01
   1.7375012e-01
   2.9410931e-01
   3.0181092e-01
   1.8021160e-01
   1.4080635e-01
   1.7855896e-01
   2.0744024e-01
   2.1516810e-01
   7.4381992e-02
  -4.6602089e-02
  -8.7023370e-02
  -1.7671803e-02
   2.2143100e-01
   3.2069898e-01
   1.9507504e-01
  -3.7909217e-02
  -1.9660199e-01
  -1.6750376e-01
   7.6014370e-02
   4.2638636e-01
   8.0930829e-01
   9.2654139e-01
   6.2274188e-01
   1.5977226e-01
   9.6191444e-02
   4.4242820e-01
   1.4317183e+00
   1.6983762e+00
   1.0922672e+00
   3.6459327e-01
   1.1897302e-01
   5.0901377e-01
   1.3773762e+00
   1.5129404e+00
   8.7571251e-01
   4.1730815e-01
   2.9849088e-01
   2.6161650e-01
   4.1753995e-01
   2.6206229e+00
   6.4083357e+00
   7.0036564e+00
   4.5364609e+00
   1.9770366e+00
   7.0644313e-01
   2.5786862e-01
   1.5213858e-01
   1.4171232e-01
   1.2020339e-01
   4.5686543e-01
   9.3326157e-01
   1.0340658e+00
   7.5666487e-01
   3.6786830e-01
   6.6520013e-02
  -3.9543319e-02
  -4.1552454e-02
   2.7101686e-02
   1.0571366e-01
   2.3169099e-01
   3.8154629e-01
   2.5726044e-01
   8.2834229e-02
   4.8970364e-02
   7.4479647e-02
   7.5303897e-02
   2.5257753e-02
   2.4311930e-02
   6.2693261e-02
   7.7707559e-02
   1.2845741e-01
   2.6440474e-01
   3.6609903e-01
   3.6469761e-01
   1.4335294e-01
   4.2314310e-02
   8.6338287e-03
   5.0673623e-02
   9.2265122e-02
   1.4038223e-01
   7.2663575e-02
   3.2307800e-02
  -1.1251001e-02
   6.4671762e-02
   9.3138903e-02
   9.3114674e-02
   9.8687656e-02
   1.1659254e-01
   1.1151215e-01
   1.1062817e-01
   9.8673835e-02
   1.0266685e-01
   4.0662490e-02
   9.2379553e-03
  -1.0252661e-02
   8.5709289e-02
   2.3046376e-01
   3.1581309e-01
   2.6652238e-01
   7.5037502e-02
  -3.7019372e-02
  -8.3723813e-03
   1.0833317e-01
   2.5102100e-01
   4.8840076e-01
   5.7533723e-01
   3.9646080e-01
   1.5695049e-01
   2.0649298e-01
   3.7923697e-01
   4.7888240e-01
   4.1271976e-01
   1.8524803e-01
  -8.6278664e-03
   9.5702134e-02
   9.0515494e-01
   1.8020558e+00
   1.8342229e+00
   1.1843216e+00
   3.8616854e-01
   7.5975396e-02
   2.3079213e-02
   1.2102610e+00
   4.9376812e+00
   8.1132593e+00
   7.0694146e+00
   4.0515332e+00
   1.6769485e+00
   4.3359482e-01
   7.3451959e-02
   7.6120615e-02
   1.5754385e-01
   3.5569346e-01
   7.4918789e-01
   1.0533180e+00
   8.7699586e-01
   5.8293891e-01
   2.8411120e-01
   1.1768489e-01
   1.1114161e-01
   8.2652114e-02
   7.4701786e-02
   1.9054602e-01
   3.4256843e-01
   3.0345172e-01
   1.7317274e-01
   1.1313681e-01
   2.4823576e-02
   4.7023516e-02
   7.1456611e-02
   7.6368861e-02
   5.5886347e-02
   1.2832373e-01
   1.6418946e-01
   1.3612194e-01
   1.5835631e-01
   1.7189601e-01
   1.0493542e-01
   2.2555858e-02
  -6.3198027e-03
   2.4259508e-02
   4.6786979e-02
   1.0257035e-01
   9.6655972e-02
   5.7615921e-02
   3.5751939e-02
   2.3120778e-02
   2.7876571e-02
   3.7496712e-02
   9.1676854e-02
   1.2507942e-01
   1.3958585e-01
   1.6114561e-01
   1.1830631e-01
   6.3835934e-02
   1.6594116e-02
   1.8066633e-02
   4.0440939e-02
   1.1329923e-01
   1.4009589e-01
   2.2920921e-01
   2.2819246e-01
   1.6355185e-01
   6.1950691e-02
   2.5303474e-02
   4.0590230e-02
   8.6961083e-02
   2.5816774e-01
   3.2780018e-01
   2.0575839e-01
   1.2245550e-01
   6.8798117e-02
   1.1981100e-01
   2.0717154e-01
   2.3515829e-01
   1.0679395e-01
   8.0690801e-02
   7.3083162e-02
   1.5402140e-01
   4.4294384e-01
   5.5067235e-01
   3.8797179e-01
   1.6608495e-01
   4.0927678e-02
  -1.7574723e-03
   1.6053991e-01
   8.1531024e-01
   1.7311029e+00
   1.8705610e+00
   1.2313268e+00
   5.5219591e-01
   2.2612832e-01
   1.0657553e-01
   3.2586005e-02
   5.0859626e-02
   1.5124117e-01
   2.5182417e-01
   3.3155575e-01
   3.1751999e-01
   1.6078629e-01
   9.7703323e-02
   2.6682639e-02
   4.8819371e-02
   4.8925497e-02
   6.7068048e-02
   1.0420083e-01
   1.3407341e-01
   1.2060180e-01
   9.1777101e-02
   5.8548752e-02
  -4.2244620e-03
   2.9195350e-02
   3.5748359e-02
   5.5223186e-02
   1.6064305e-02
   4.9751524e-02
   8.0423966e-02
   8.2579419e-02
   9.2154540e-02
   6.0041182e-02
   9.3260212e-03
   2.7809592e-02
   9.5130112e-03
   4.0943734e-02
   1.0480972e-02
   6.6996478e-02
   7.4593402e-02
   6.9752015e-02
   6.5343700e-02
   6.8986319e-02
   3.7330378e-02
   7.5580388e-02
   1.0434719e-01
   1.2552182e-01
   1.5403435e-01
   1.2821081e-01
   1.0788297e-01
   8.6477622e-02
   5.7574652e-02
   4.5468595e-02
   7.3431835e-02
   9.0067521e-02
   1.1237201e-01
   9.3408987e-02
   6.9173910e-02
   3.7463967e-02
   2.2489438e-02
   6.8799600e-02
   1.0785437e-01
   1.0981244e-01
   7.4965820e-02
   8.1900023e-02
   3.4000989e-02
   1.7569574e-02
   7.9081789e-02
   1.1339361e-01
   1.2688449e-01
   9.8444700e-02
   4.1782837e-02
  -2.7328689e-02
   2.2165682e-02
   1.4689964e-01
   2.1450734e-01
   1.8634807e-01
   1.4551459e-01
   6.5632679e-02
  -3.0930117e-02
   2.1264350e-02
   3.0997193e-01
   6.5632176e-01
   6.7611820e-01
   4.1853303e-01
   2.4204884e-01
   1.0088467e-01
   9.5393553e-02
   7.1349733e-02
   7.5423680e-02
   9.5751241e-02
   9.0565830e-02
   1.1569103e-01
   1.1485124e-01
   8.2414664e-02
   3.3027317e-02
   6.1429206e-02
   1.0687457e-01
   1.2734202e-01
   7.7727012e-02
   1.7456768e-02
   1.2887306e-02
   8.9722648e-02
   1.4173236e-01
   1.7849426e-01
   6.6605985e-02
   1.2604965e-02
   3.2904588e-02
   6.4661384e-02
   1.3371947e-01
   2.2671051e-01
   1.9334286e-01
   1.4389466e-01
   6.4760372e-02
   3.8225543e-02
   4.9456727e-02
   2.0827308e-01
   4.8801073e-01
   5.8453202e-01
   4.2938235e-01
   2.2692692e-01
   6.3621953e-02
   4.4032410e-02
   1.2803675e-01
   2.7096090e-01
   3.3336696e-01
   2.5891778e-01
   2.1129771e-01
   1.3524117e-01
   4.3089189e-02
   1.6982979e-01
   3.2015154e-01
   2.6732939e-01
   1.6824737e-01
   1.4773858e-01
   9.3779594e-02
   2.9613022e-02
   2.0768177e-02
   2.8672181e-03
   1.1763625e-02
   9.2830218e-02
   6.0207661e-02
   7.6201104e-02
   9.5757619e-02
   1.3238460e-01
   7.5720124e-02
   7.8723751e-02
   6.0919411e-02
   4.9161203e-02
   7.1482502e-02
   1.0485948e-01
   8.6901411e-02
   2.9542441e-02
   7.2901852e-02
   3.7448894e-02
   5.8692798e-02
   1.1281052e-01
   1.4610255e-01
   1.4687021e-01
   1.0936288e-01
   3.7348598e-02
   3.0438166e-02
   5.3984813e-02
   1.9048323e-01
   2.5804818e-01
   2.3895562e-01
   1.3017257e-01
   1.0235819e-01
   8.8582195e-02
   7.2982848e-02
   1.0951009e-01
   1.0315110e-01
   8.5574523e-02
   4.3061614e-02
   2.8921658e-02
   7.7777423e-02
   9.2093177e-02
   6.2183350e-02
   6.1311297e-02
   7.6040722e-02
   9.0034351e-02
   1.1728736e-01
   9.7373389e-02
   8.1223063e-02
   1.0809257e-01
   9.5632702e-02
   8.7994970e-02
   1.1971334e-01
   5.8668982e-02
   9.6728191e-02
   1.1049831e-01
   1.1484602e-01
   1.3957943e-01
   1.4041463e-01
   1.1235621e-01
   1.1251082e-01
   1.0558979e-01
   2.3205146e-01
   3.3728138e-01
   3.0593160e-01
   2.2605282e-01
   1.1920755e-01
   1.4048858e-01
   1.1637928e-01
   1.8187265e-01
   2.3453058e-01
   1.2721801e-01
   9.3544014e-02
   1.4863034e-01
   1.6059563e-01
   1.8248948e-01
   2.0950705e-01
   1.7089219e-01
   1.5359144e-01
   1.1187606e-01
   1.1685304e-01
   1.6759679e-01
   2.8948823e-01
   1.8444273e-01
   1.5099984e-01
   5.9967533e-02
   2.1270322e-02
   1.0298523e-01
   2.5321761e-01
   3.5800865e-01
   3.4123155e-01
   1.9241591e-01
   4.9577322e-02
  -1.5344818e-02
   1.6126949e-01
   4.4457623e-01
   6.1594194e-01
   5.1692313e-01
   2.9217100e-01
   9.1038324e-02
   2.2938499e-02
   2.4248646e-01
   5.7190442e-01
   6.6206956e-01
   6.1104047e-01
   5.0998408e-01
   2.8496936e-01
   1.9404119e-01
   6.1164498e-01
   1.0121840e+00
   1.0460520e+00
   6.3167787e-01
   2.5669292e-01
   3.6339056e-02
   1.2998196e-01
   8.1951606e-01
   1.3041668e+00
   1.0701485e+00
   6.2045085e-01
   1.9119772e-01
  -2.3084760e-02
   1.9146663e-01
   1.2835085e+00
   2.6194673e+00
   2.7709870e+00
   1.8272700e+00
   8.1156617e-01
   2.0593715e-01
   3.0105397e-01
   1.0324711e+00
   1.5528290e+00
   1.4518692e+00
   8.9437830e-01
   4.4712374e-01
   2.6146999e-01
   3.4655365e-01
   7.7878523e-01
   9.6519691e-01
   8.7499523e-01
   5.4330903e-01
   2.8517148e-01
   1.9832338e-01
   3.6177146e-01
   7.0003462e-01
   8.5450715e-01
   6.5571761e-01
   3.6464578e-01
   1.7009796e-01
   2.0441844e-01
   1.5563592e-01
   1.0895130e-01
   6.6855371e-02
   9.2476651e-02
   1.6416655e-01
   1.5817870e-01
   1.6931403e-01
   1.6723776e-01
   1.2178952e-01
   9.2759803e-02
   1.1007050e-01
   1.0151734e-01
   8.6476877e-02
   7.9826199e-02
   9.8605737e-02
   5.3712245e-02
   2.3815965e-02
   8.1534803e-02
   6.2152822e-02
   7.7719226e-02
   9.8315597e-02
   4.4851687e-02
   5.4262884e-02
   2.9994950e-02
   3.5669059e-02
   4.6931088e-02
   1.0209968e-01
   1.7426787e-01
   2.2287801e-01
   1.6892113e-01
   6.3828856e-02
  -1.3078705e-02
   6.2905326e-02
   1.4269575e-01
   1.9718795e-01
   2.9013556e-01
   2.6062402e-01
   8.5064821e-02
   8.2878225e-02
   2.1217063e-01
   3.1371105e-01
   2.9546946e-01
   2.0859447e-01
   6.4436160e-02
   3.8505942e-02
   1.5697299e-01
   2.8536880e-01
   3.9156592e-01
   3.2436165e-01
   2.2065195e-01
   3.5842896e-02
  -3.0339099e-04
   2.7758223e-01
   7.3406756e-01
   1.0212890e+00
   8.5770285e-01
   4.4011092e-01
   1.0896645e-01
   3.6323395e-02
   2.6090863e-01
   4.9894053e-01
   5.7906163e-01
   4.7493336e-01
   2.9521692e-01
   1.3042562e-01
   9.2338659e-02
   2.2981218e-01
   3.9474088e-01
   3.2983130e-01
   1.7849343e-01
   1.0509659e-01
   9.9789724e-02
   1.0380419e-01
   2.2130111e-01
   3.5478726e-01
   2.9682362e-01
   1.9645298e-01
   1.2568781e-01
   9.2187963e-02
   6.9299340e-02
   9.5097438e-02
   7.3492125e-02
   7.1209319e-02
   4.8283067e-02
   5.7494681e-02
   6.3754186e-02
   9.3310334e-02
   1.0479678e-01
   8.4597521e-02
   3.0356709e-02
   6.2488988e-02
   2.5796514e-02
   4.3969657e-02
   6.8106152e-02
   8.6777031e-02
   7.9167254e-02
   4.0723253e-02
   8.1390291e-02
   5.4892838e-02
   8.0249399e-02
   1.2554942e-01
   7.9551376e-02
   6.1463512e-02
   6.5079466e-02
   4.5718513e-02
   8.9440547e-02
   1.0049546e-01
   1.2241812e-01
   6.4257808e-02
   2.1289568e-02
   3.8501922e-02
   3.6144696e-02
   6.3389450e-02
   1.0086954e-01
   1.4172550e-01
   1.3148639e-01
   7.2708718e-02
   6.0191073e-02
   1.0331289e-01
   1.0324062e-01
   8.9940965e-02
   1.3451003e-01
   1.5940379e-01
   2.3890756e-01
   2.5848463e-01
   2.4784359e-01
   2.1844728e-01
   1.5400979e-01
   9.6973561e-02
   1.7793211e-01
   2.3375195e-01
   3.0776972e-01
   5.0762457e-01
   4.7847667e-01
   3.0611268e-01
   1.1258879e-01
  -3.3069171e-02
   3.1323392e-02
   1.5684021e-01
   2.5998679e-01
   2.8528097e-01
   1.9415790e-01
   1.3128661e-01
   5.5031739e-02
   3.2547779e-02
   1.3386129e-01
   1.7545302e-01
   1.5588583e-01
   1.1811179e-01
   1.0293297e-01
   8.7226093e-02
   1.4716132e-01
   2.2109878e-01
   1.9304174e-01
   1.3795896e-01
   8.9721695e-02
   5.4308921e-02
   8.1892647e-02
   6.2648498e-02
   5.4425068e-02
   8.1648447e-02
   5.6833524e-02
   5.5029523e-02
   6.2493190e-02
   7.1862318e-02
   5.6934074e-02
   4.8957963e-02
   4.6065271e-02
   1.3794941e-02
   9.0986993e-03
   3.3974212e-02
   3.0736946e-02
   3.6982525e-02
   4.6975244e-02
   6.0178980e-02
   5.3451758e-02
   6.1498687e-02
   5.4275557e-02
   5.6336828e-02
   4.2161517e-02
   4.0933866e-02
   2.7148865e-02
   4.3072820e-02
   3.4519602e-02
   5.9468195e-02
   6.2529773e-02
   9.0432778e-02
   6.8608269e-02
   3.8082574e-02
   5.2915059e-02
   4.3049410e-02
   5.4049533e-02
   1.0632361e-01
   9.1955855e-02
   6.3942194e-02
   2.3596656e-02
   3.8841166e-02
   5.1768620e-02
   5.6906104e-02
   7.2741978e-02
   4.4838496e-02
   8.7793000e-02
   1.1192603e-01
   9.9303260e-02
   7.7006854e-02
   3.5784427e-02
   4.1430146e-02
   6.0391977e-02
   8.4410444e-02
   1.3759199e-01
   1.9525778e-01
   2.2135070e-01
   2.0033072e-01
   9.6354783e-02
   7.6351643e-02
   7.7146441e-02
   1.4323667e-01
   1.3604927e-01
   1.2789935e-01
   1.1972032e-01
   5.8501121e-02
   3.5211805e-02
   3.7680823e-02
   1.1438770e-01
   1.1815459e-01
   5.9693288e-02
   3.8783651e-02
   4.0466532e-02
   4.9046267e-02
   7.2118439e-02
   1.5129492e-01
   1.1924496e-01
   6.3672915e-02
   5.5410162e-02
   7.0371345e-02
   2.5391694e-02
   6.7440361e-02
   9.2167445e-02
   7.0527844e-02
   7.2788544e-02
   5.9355989e-02
   5.9871823e-02
   2.5754901e-02
   6.0235746e-02
   4.7702964e-02
   1.7461184e-02
   6.7671001e-02
   3.9538365e-02
   5.9301272e-02
   2.9608101e-02
   2.0707725e-02
   5.2431729e-02
   4.2052880e-02
   3.5496216e-02
   5.5662289e-02
   6.4755045e-02
   6.0564604e-02
   6.1169654e-02
   2.9712245e-02
   4.5989804e-02
   4.3132093e-02
   1.0256524e-01
   1.0619528e-01
   8.5428879e-02
   5.3833336e-02
   1.1457586e-02
   3.3297215e-02
   6.5746963e-02
   3.4015119e-02
   3.0020736e-02
   8.2112350e-02
   3.5478428e-02
   1.3242743e-02
   3.9203048e-02
   7.0599578e-02
   5.2829418e-02
   3.3146419e-02
   2.7005929e-02
   3.1744037e-02
   7.3580518e-02
   4.9648255e-02
   7.8171484e-02
   4.7806073e-02
   4.5585208e-02
   3.4013208e-02
   4.5530822e-02
   6.9063447e-02
   1.0279200e-01
   1.3090444e-01
   8.8474132e-02
   4.7232084e-02
   2.6023852e-02
   6.1594289e-02
   6.0179766e-02
   6.6242285e-02
   5.5788573e-02
   8.6285487e-02
   3.3814371e-02
   4.4557787e-02
   4.3831982e-02
   4.9112368e-02
   4.4942953e-02
   5.5846542e-02
   4.9325276e-02
   8.0050960e-02
   6.4519130e-02
   7.1103409e-02
   5.9588592e-02
   4.8286729e-02
   5.3365286e-02
   4.4208720e-02
   5.7789668e-02
   4.7728520e-02
   4.2304687e-02
   4.9720552e-02
   4.3301065e-02
   5.0048884e-02
   5.4691967e-02
   2.4125591e-02
   7.3952809e-02
   8.9064844e-02
   6.4093307e-02
   2.6782120e-02
   5.1694319e-02
   8.5785359e-02
   3.9047357e-02
   3.5846338e-02
   7.2500497e-02
   7.6966397e-02
   4.8545405e-02
   2.8524328e-02
   5.0353508e-02
   5.0707784e-02
   2.6938865e-02
   3.9254587e-02
   2.4377832e-02
   2.1552337e-02
   3.6324028e-02
   6.6821113e-02
   5.9705645e-02
   4.6959359e-02
   1.9754898e-02
   4.1641753e-02
   2.7451055e-02
   2.5115317e-02
   3.9696436e-02
   1.7550072e-02
   2.2993343e-02
   6.8011500e-02
   5.7325613e-02
   2.3759104e-02
   5.8469806e-02
   5.1079106e-02
   3.0095112e-02
  -6.7868168e-03
   2.5482232e-02
   5.1388264e-02
   5.1300652e-02
   4.5547001e-02
   6.4708129e-02
   3.9535929e-02
   2.1695625e-02
   1.1760047e-02
   3.2441624e-02
   5.1758360e-02
   4.6683699e-02
   5.9573639e-02
   5.3321011e-02
   2.1570567e-02
   4.5346275e-02
   6.2752850e-02
   6.4149275e-02
   6.0007773e-02
   3.9291438e-02
   2.2292566e-02
   1.5246660e-02
   3.8082715e-02
   6.3536870e-03
   3.5136200e-02
   4.0440697e-02
   3.0625900e-02
   2.4058064e-02
   3.5694823e-02
   4.6776187e-02
   5.5799644e-02
   6.3176543e-02
   4.0545199e-02
   3.6321301e-03
   2.1464534e-02
   6.0665246e-02
   2.9585050e-02
   3.9552152e-02
   3.8258862e-02
   2.3709266e-02
   1.2982050e-02
   4.1327797e-02
   5.9157301e-02
   7.0850052e-02
   2.5071448e-02
   2.8771389e-02
   3.6003828e-02
   6.0822550e-02
   6.8928339e-02
   3.9035037e-02
   3.3652708e-02
   6.1663304e-02
   5.3369209e-02
   5.3760469e-02
   5.2719411e-02
   3.6324468e-02
   1.5562570e-02
   1.1457031e-02
   4.2637851e-02
   2.9811302e-02
   2.0496722e-02
   3.2719061e-02
   2.9959032e-02
   1.8709471e-02
  -2.2522986e-03
   1.7639255e-02
   3.7106290e-02
   2.1439118e-02
   3.7334170e-02
   2.9821604e-02
   2.4149621e-02
   1.7116284e-02
   3.8416058e-02
   2.2341840e-02
   1.7279562e-02
   2.6966885e-02
   3.0944545e-02
   3.4465812e-02
   3.4892883e-02
   3.1212348e-02
   5.4257128e-02
   3.2567434e-02
   9.9975849e-03
   9.7091608e-03
   1.2721995e-02
   3.1470962e-02
   4.8360754e-02
   6.4989381e-02
   7.2762854e-02
   5.1914502e-02
   2.6232956e-02
   1.3684106e-02
   5.8468644e-02
   6.2688947e-02
   3.1085506e-02
   4.4617858e-02
   3.8593389e-02
   3.4529790e-02
   2.8729813e-02
   4.6200454e-02
   6.5676749e-02
   4.0958136e-02
   2.6991280e-02
   3.7874632e-02
   5.5462852e-02
   4.0287316e-02
   3.2899480e-02
   6.5455347e-02
   1.6001124e-02
   3.7965674e-02
   4.0675905e-02
   3.9892383e-02
   2.1316264e-02
   1.3329384e-02
   3.5676684e-02
   4.0580098e-02
   8.9079529e-02
   6.1189637e-02
   4.3869048e-02
   3.6407065e-02
   1.8586850e-02
   2.0482393e-02
   3.9204914e-02
   3.7829943e-02
   2.5004776e-02
   4.1541584e-02
   2.3076044e-02
   2.1011843e-03
   1.5660342e-02
   3.9176151e-02
   5.1798601e-02
   2.2739524e-02
   1.8228050e-02
   3.0832114e-02
   4.3040086e-02
   3.8960908e-02
   3.1242408e-02
   6.2436100e-02
   4.9249947e-02
   4.4547450e-02
   2.5461525e-02
   9.2404503e-03
   3.2215301e-02
   5.9787780e-02
   7.0208572e-02
   7.6139092e-02
   5.8282338e-02
   5.7790108e-02
   7.4481323e-02
   6.3845910e-02
   4.8454735e-02
   2.1172792e-02
   4.5830552e-02
   6.5526567e-02
   9.2410274e-02
   1.6564292e-01
   1.6405173e-01
   1.0200116e-01
   4.0371202e-02
   9.4547262e-03
   6.9136895e-02
   2.2495852e-01
   4.9801075e-01
   5.0392634e-01
   3.0917048e-01
   1.1102450e-01
   4.2561647e-02
   4.9907357e-02
   1.8565106e-01
   2.6975623e-01
   2.0815733e-01
   1.6545926e-01
   9.1476806e-02
   4.4561718e-02
   3.2236427e-02
   3.4617722e-02
   4.6991441e-02
   5.6752056e-02
   5.4388918e-02
   8.3851084e-02
   6.6472493e-02
   6.5194644e-02
   2.6303785e-02
   2.2222230e-02
   6.8578340e-02
   3.7291061e-02
   3.7930191e-02
   3.9766993e-02
   5.5779710e-02
   3.1362206e-02
   3.2609757e-02
   5.1241592e-02
   4.6582744e-02
   2.8446278e-02
   2.6582377e-02
   8.6570792e-03
   6.3269157e-03
   2.1329341e-02
   2.9779350e-02
   4.8326034e-02
   5.2489106e-02
   4.4976953e-02
   4.2929079e-02
   5.1893368e-02
   3.5629425e-02
   2.2166388e-02
   3.1604759e-02
   1.8249733e-02
   3.3352610e-02
   3.1027408e-02
   2.8843602e-02
   5.4498844e-02
   5.1227570e-02
   1.0493858e-02
   4.0895857e-02
   5.8937628e-02
   2.9014222e-02
   1.6961321e-02
   1.8942391e-02
   4.3815240e-02
   3.8222969e-02
   5.0831515e-02
   5.5494737e-02
   6.5347575e-02
   3.2301307e-02
   4.9212839e-02
   2.7296195e-02
   2.7124424e-02
   5.1032972e-02
   7.1405001e-02
   7.7166982e-02
   4.6619210e-02
   3.8572583e-02
   1.2291802e-02
   2.4055827e-02
   7.4021831e-02
   1.2083860e-01
   1.4229336e-01
   8.8776916e-02
   3.5482313e-02
   1.8955044e-02
   1.5901560e-02
   4.7260508e-02
   6.8647265e-02
   7.7758692e-02
   8.4037744e-02
   7.4926034e-02
   5.1730052e-02
   4.7943290e-02
   2.6560258e-02
   2.2529008e-02
   3.9262448e-02
   3.9022669e-02
   3.6463894e-02
   1.7548086e-02
   3.8752876e-02
   5.2180029e-02
   4.7725469e-02
   1.9949753e-02
   1.9262088e-02
   2.9958948e-02
   2.4894040e-02
   3.5493776e-02
   3.6473580e-02
   2.3351341e-02
   2.4739107e-02
   1.5420173e-02
   2.1686045e-02
   3.8756792e-02
   6.4275816e-02
   4.3199901e-02
   3.1330582e-02
   3.5545770e-02
   4.1453816e-02
   3.6889341e-02
   5.0357040e-02
   4.7249984e-02
   2.6919639e-02
   3.1972792e-02
   2.8018750e-02
   2.2978991e-02
   3.0348042e-02
   2.1391448e-02
   2.7959595e-02
   2.1300448e-02
   3.3040430e-02
   1.9477718e-02
   1.2910637e-02
   1.1459646e-02
   2.7890353e-02
   5.5279028e-02
   4.5345183e-02
   4.2700127e-02
   1.1679943e-02
   1.6588576e-02
   3.8162474e-02
   4.5060448e-02
   3.3277381e-02
   2.7952155e-02
   1.7393282e-02
   1.5109888e-02
   2.7726674e-02
   2.4329413e-02
   3.1252768e-02
   3.5150744e-02
   2.8585039e-02
   3.2493245e-02
   2.8930338e-02
   3.9597195e-02
   5.4848015e-02
   4.4207983e-02
   5.8143239e-02
   3.8419675e-02
   3.1702846e-02
   2.1602634e-02
   3.5308711e-02
   5.1290140e-02
   4.2539239e-02
   5.6015711e-02
   4.0837977e-02
   4.3393496e-02
   3.5738144e-02
   3.5996109e-02
   2.5865458e-02
   2.7822670e-02
   3.5998031e-02
   2.4435326e-02
   2.8548619e-02
   2.5566258e-02
   1.9307056e-02
   1.2838226e-02
   9.8933261e-03
   2.8696977e-02
   6.1734542e-02
   3.6713377e-02
   2.0852443e-02
   2.6500221e-02
   3.8021881e-02
   5.2889246e-02
   2.6046339e-02
   1.9134494e-02
   2.4597697e-02
   1.6884185e-02
   1.8390097e-02
   4.9093273e-02
   3.8906749e-02
   1.3775053e-02
   1.2088351e-02
   3.3384271e-02
   4.3764342e-02
   4.3844260e-02
   4.5399141e-02
   4.0698301e-02
   2.5472779e-02
   2.8392836e-02
   2.1272771e-02
   2.3905341e-02
   4.1921042e-02
   4.6614304e-02
   2.7291497e-02
   1.6633706e-02
   1.6247138e-02
   3.7514538e-02
   3.1073594e-02
   1.4014932e-02
   2.8664825e-02
   4.0529903e-02
   1.7552976e-02
   2.0752255e-02
   2.7185395e-02
   3.9325878e-02
   3.4382824e-02
   4.0021088e-02
   3.8526252e-02
   4.3523405e-02
   2.4645714e-02
   2.9728606e-02
   3.7235066e-02
   2.3086775e-02
   1.9216487e-02
   2.7168008e-02
   2.6412182e-02
   2.1085581e-02
   3.4129288e-02
   2.4297843e-02
   1.4534447e-02
   3.1321123e-02
   1.9832930e-02
   2.4310201e-02
   3.2936241e-02
   2.5215477e-02
   1.0889465e-02
   3.6854282e-02
   4.8996542e-02
   1.5240433e-02
   2.3769088e-02
   1.3113029e-02
   2.0622421e-02
   2.3333594e-02
   3.9186746e-02
   3.7988693e-02
   5.1739391e-02
   2.3418715e-02
   2.1766759e-02
   1.7659666e-03
   1.7632507e-02
   2.6527241e-02
   3.2429345e-02
   4.0901911e-02
   4.5955069e-02
   2.8516848e-02
   3.1048091e-02
   1.5360959e-02
   2.0044282e-02
   3.2762934e-02
   3.8393926e-02
   4.7325771e-02
   4.3500204e-02
   2.5489753e-02
   2.0197373e-02
   2.1612814e-02
   2.2802601e-02
   3.4532346e-02
   2.0944890e-02
   1.8198654e-02
   3.3353783e-02
   3.7004545e-02
   3.4102295e-02
   2.8538899e-02
   2.2915090e-02
   3.4562692e-02
   2.9354267e-02
   2.6485201e-02
   3.4254808e-02
   3.3123363e-02
   6.0573697e-02
   4.5641642e-02
   3.0133689e-02
   2.2338931e-02
   2.8453745e-02
   1.3753958e-02
   3.2733921e-02
   5.5053055e-02
   4.3674204e-02
   3.9457384e-02
   3.5479892e-02
   1.9100189e-02
   7.8025726e-03
