   5.9559748e-02
   3.6647454e-02
   4.4351406e-02
   2.9242039e-02
   2.1525694e-02
   3.5234004e-02
   6.0492702e-02
   5.1611330e-02
   4.5476951e-02
   2.3301020e-02
   4.8263334e-02
   1.6285846e-02
   7.4463761e-03
   1.0139289e-02
   4.1748997e-02
   5.9976548e-02
   4.7030833e-02
   4.6517652e-02
   5.7805706e-02
   6.5908164e-02
   6.9462463e-02
   4.8945989e-02
   2.8166445e-02
   3.5987981e-02
   3.0540522e-02
   4.7693711e-02
   4.5262147e-02
   4.1394323e-02
   4.8969019e-02
   6.2208753e-02
   1.3996018e-01
   1.2181021e-01
   4.4998672e-02
   4.1695230e-02
   4.0517319e-02
   6.6710025e-02
   4.6041753e-02
   6.3419223e-02
   7.7291265e-02
   4.4802021e-02
   4.4858787e-02
   5.4346438e-02
   3.5757270e-02
   2.6381722e-02
   1.6821444e-02
   1.7598201e-02
   1.4192077e-02
   4.5697913e-02
   2.9543163e-02
   4.6104643e-02
   6.0240276e-02
   6.8836764e-02
   4.5020670e-02
   3.3719774e-02
   2.4745619e-02
   1.6399430e-02
   2.8493866e-02
   3.9178178e-02
   6.0122933e-02
   4.8767049e-02
   3.8559608e-02
   5.1030409e-02
   5.0178945e-02
   4.4787247e-02
   8.4127868e-03
   1.4877053e-02
   4.2249966e-02
   1.6209425e-02
   4.2132776e-02
   5.9281789e-02
   8.3682276e-02
   1.0370396e-01
   4.7008384e-02
   3.8207255e-02
   3.2724846e-02
   7.1649596e-02
   7.2351769e-02
   6.3617855e-02
   5.3007644e-02
   5.8525026e-02
   6.2985048e-02
   9.8187467e-03
   2.6563926e-02
   2.7085876e-02
   3.8412169e-02
   5.0653730e-02
   3.8965952e-02
   2.5522523e-02
   2.3742018e-02
   3.0943638e-02
   2.7102813e-02
   1.9127553e-02
   4.0575128e-02
   4.5663644e-02
   2.5983207e-02
   5.0326068e-02
   5.3303376e-02
   2.9403705e-02
   5.2454498e-02
   5.3132158e-02
   3.9822638e-02
   4.3899849e-02
   4.0846169e-02
   9.0525150e-03
   3.4784783e-02
   3.2906581e-02
   4.4022441e-02
   8.4054329e-02
   7.0362911e-02
   4.6222221e-02
   6.4974725e-02
   5.7148837e-02
   8.3533019e-02
   2.3167078e-01
   3.3845893e-01
   2.3115426e-01
   9.5556170e-02
   7.5954281e-02
   5.9873484e-02
   4.6718087e-02
   7.4539125e-02
   5.1972285e-02
   3.2638054e-02
   2.1519123e-02
   5.1679064e-02
   7.2880507e-02
   5.5528592e-02
   2.7364159e-02
   4.5288719e-02
   7.8711309e-02
   4.1185156e-02
   4.5091048e-02
   4.9089640e-02
   4.1595772e-02
   6.8813423e-03
  -5.6716944e-03
   2.0760268e-02
   2.2758989e-02
   6.0297184e-02
   7.2610378e-02
   4.0717762e-02
   5.7272278e-02
   4.6052605e-02
   3.9895799e-02
   6.3933446e-03
   3.2869384e-03
   2.1788491e-02
   2.4412932e-02
   2.6837604e-02
   6.4504221e-02
   5.4829199e-02
   6.3865267e-02
   5.1441327e-02
   4.3030106e-02
   3.7750203e-02
   6.6033334e-02
   1.1555433e-01
   9.9787734e-02
   4.9545135e-02
  -1.5097141e-02
   1.7249331e-02
   4.5963265e-02
   3.7820399e-02
   5.6560982e-02
   6.1423823e-02
   6.0652845e-02
   6.1616752e-02
   5.4626841e-02
   5.4254528e-02
   8.4939323e-02
   6.6033818e-02
   7.9244070e-02
   1.5114787e-01
   1.2409265e-01
   7.6202042e-02
   3.0121645e-02
   1.0282357e-02
   4.5623403e-02
   8.0603145e-02
   7.0149034e-02
   5.7091478e-02
   4.7359888e-02
   4.6398018e-02
   4.3526988e-02
   1.4457109e-03
   2.2542607e-02
   3.8305130e-02
   5.1787034e-02
   9.3047969e-02
   7.9217970e-02
   7.1177468e-02
   6.1054036e-02
   2.9784929e-02
   2.8530218e-02
   4.2805288e-02
   4.3464549e-02
   6.5836117e-02
   7.3079899e-02
   3.3822253e-02
   4.1164372e-02
   4.3308463e-02
   2.2292126e-02
   7.8703063e-03
   4.2437892e-03
   5.5402141e-02
   3.2861043e-02
   1.3488774e-03
   2.0387784e-02
   2.9674584e-02
   3.9463405e-02
   3.8566671e-02
   4.6709310e-02
   2.6219774e-02
   1.9053126e-02
   1.3716163e-02
   2.6568158e-03
   2.2498347e-02
   1.7432692e-02
   5.9247863e-02
   7.1788155e-02
   8.9370705e-02
   7.0781298e-02
   2.3869015e-02
   1.7085273e-02
   1.0074072e-01
   1.8476741e-01
   1.0807713e-01
   9.2519425e-02
   7.1613915e-02
   6.0271963e-02
   8.4565118e-02
   7.0827909e-02
   4.9397744e-02
   5.1872861e-02
   3.3764657e-02
   1.0711186e-01
   1.7550118e-01
   1.3723558e-01
   2.7825205e-02
   1.4340179e-02
   1.3520353e-01
   3.6696646e-01
   2.3406272e-01
   6.1569232e-02
   5.3781148e-02
   7.7547513e-02
   9.0450823e-02
   9.9054851e-02
   6.3612260e-02
   7.6481245e-02
   3.2348819e-02
   2.0647161e-02
   6.7357376e-02
   3.5708405e-02
   3.1223323e-02
   3.7220228e-02
   7.5482018e-02
   6.1343148e-02
   4.2430095e-02
   4.9921054e-02
   5.5105597e-02
   3.6832105e-02
   4.5080803e-02
   3.0319404e-02
   2.3099579e-02
   6.1408766e-02
   7.9555683e-02
   5.8070630e-02
   3.2454461e-02
   6.8137418e-03
   5.8479890e-02
   7.6016396e-02
   5.6319911e-02
   5.3102870e-02
   4.1717265e-02
   4.5535471e-02
   3.5002571e-02
   3.6023941e-02
   1.6972560e-02
   2.4946386e-02
  -8.3378237e-03
   1.6149294e-03
   1.5161726e-02
   3.9020821e-02
   1.5318429e-02
   3.8961526e-02
   3.1838357e-02
   2.5455901e-02
   9.7046271e-03
   2.8180763e-02
   4.8963964e-02
   4.2027391e-02
   5.2124124e-02
   4.8571449e-02
   6.7285851e-02
   6.0962763e-02
   5.7869770e-02
   5.9494801e-02
   5.3786978e-02
   2.4606803e-02
   6.5258227e-02
   1.0557367e-01
   7.0491724e-02
   5.5647250e-02
   4.8503827e-02
   7.7888124e-02
   1.1785845e-01
   1.1311176e-01
   8.3873212e-02
   5.4348335e-02
   4.4150881e-02
   2.3489481e-02
   2.7413109e-02
   4.6078656e-02
   8.8161387e-02
   4.6633132e-02
   4.9959540e-02
   2.0117382e-02
   7.1484834e-02
   5.2755684e-02
   2.6534276e-02
   1.2099555e-02
   2.8415492e-02
   6.5583743e-02
   6.7477770e-02
   6.4217404e-02
   4.5161672e-02
   5.9735436e-02
   2.9209690e-02
   2.8524036e-02
   3.8944509e-02
   2.4690760e-02
   2.4452619e-03
   7.2300129e-02
   8.6121231e-02
   3.7762947e-02
   5.1615581e-02
   8.0163725e-02
   3.5626538e-02
   3.5188425e-02
   2.6009576e-02
   3.9557766e-02
   3.6904983e-02
   2.9449422e-02
   6.9225252e-02
   8.9118354e-02
   3.2589566e-02
   1.9749030e-02
   4.5480382e-02
   3.1819586e-02
   2.1064099e-02
   2.1765690e-02
   5.5793576e-02
   3.1876974e-02
   5.1928405e-02
   7.9163916e-02
   4.8275862e-02
   5.5920180e-02
   2.4929276e-02
   1.6519789e-02
   4.8222195e-02
   2.7668875e-02
   3.5656575e-02
   4.5687955e-02
   6.0876355e-02
   8.5792847e-02
   3.5987224e-02
   4.1614875e-02
   2.0586295e-02
   3.1118954e-02
   5.4208320e-02
   5.6977168e-02
   4.0117964e-02
   5.6307178e-02
   6.3805386e-02
   8.0508552e-02
   9.2834860e-02
   1.2993699e-01
   1.8398133e-01
   1.0985166e-01
   5.1251419e-02
   4.6671834e-02
   3.8174480e-02
   4.9626112e-02
   5.4032240e-02
   2.7880877e-02
   1.7439988e-02
   2.7468394e-02
   2.7698526e-02
  -6.1326037e-04
   3.1824593e-02
   5.6932177e-03
   2.3803238e-02
   7.5729385e-02
   7.8164466e-02
   8.5833184e-02
   7.9128578e-02
   5.7688821e-02
   5.8663305e-02
   6.2382985e-02
   5.1282048e-02
   4.3413874e-02
   4.4821251e-02
   6.3557081e-02
   7.3222578e-02
   3.0361645e-02
   5.8280028e-02
   6.8026595e-02
   5.9861403e-02
   5.4657668e-02
   7.3098190e-02
   9.4003282e-02
   9.4421729e-02
   7.0050530e-02
   6.8741880e-02
   1.3027002e-01
   1.3564673e-01
   6.9280669e-02
   4.8829298e-02
   7.5400166e-02
   5.6514721e-02
   5.7556655e-02
   4.4004917e-02
   4.1277509e-02
   3.4881849e-02
   6.5403958e-03
   3.3304732e-02
   3.6794860e-02
   4.5035787e-02
   5.9578493e-02
   7.3924854e-02
   8.5942894e-02
   4.8548568e-02
   6.2702790e-02
   3.9030220e-02
   2.7441090e-02
   5.5712637e-02
   6.2507071e-02
   5.8546521e-02
   3.9568204e-02
   4.1380171e-02
   4.7453925e-02
   3.3708852e-02
   1.9025108e-03
   6.1920449e-02
   5.2120071e-02
   5.0566770e-02
   3.7277024e-02
   1.5216623e-02
   3.9892342e-02
   4.3199211e-02
   5.1142063e-02
   4.9012884e-02
   4.8130725e-02
   4.6865977e-02
   6.2486313e-02
   2.8781174e-02
   5.5755496e-02
   6.5483369e-02
   4.5684617e-02
   7.2588235e-02
   6.1210461e-02
   3.0308604e-02
   5.7134286e-02
   2.1907868e-02
   3.4825865e-02
   5.1820349e-02
   3.6191549e-02
   5.4875176e-02
   6.9838211e-02
   1.8243976e-02
   7.9808637e-02
   1.0197525e-01
   6.1994605e-02
   3.7465561e-02
   1.0596188e-02
   1.0033066e-02
   4.4100288e-02
   4.8601508e-02
   7.2059989e-02
   6.2002905e-02
   6.1134685e-02
   8.3984070e-02
   1.1264855e-01
   8.7231562e-02
   1.0317594e-01
   5.7229578e-02
   2.6009515e-02
   2.9122712e-02
   6.5838411e-02
   3.8981758e-02
   6.1200920e-02
   3.1165551e-02
   6.4376213e-02
   9.1318063e-02
   1.0263598e-01
   1.1641667e-01
   6.4895324e-02
   9.8017724e-03
   4.9697038e-02
   3.4067903e-02
   4.4748038e-03
   3.0217953e-02
   9.3631111e-02
   7.5831071e-02
   5.4079995e-02
   2.5369046e-02
   2.8407123e-02
   5.1477674e-02
   8.3926819e-02
   9.0593055e-02
   4.6227355e-02
   7.5080782e-02
   4.7882523e-02
   7.4039191e-02
   8.7101437e-02
   5.2775845e-02
   2.1757131e-02
   4.0666603e-02
   5.1780563e-02
   2.7574196e-02
   2.9294420e-02
   6.7362674e-02
   4.9035780e-02
   7.8037970e-02
   5.5291973e-02
   4.6388865e-02
   2.6500182e-02
   3.0383494e-02
   2.6460854e-02
   2.7064577e-02
   4.4939384e-02
   8.8184245e-02
   1.1584161e-01
   4.2158801e-02
   2.4837827e-02
   5.1537171e-02
   1.0457113e-01
   1.7447567e-01
   1.0441934e-01
   2.7154291e-02
   6.2216576e-02
   3.3630542e-02
   1.1256034e-02
   4.0016808e-02
   6.8675391e-02
   5.3817272e-02
   8.7324400e-03
   2.6122522e-02
   3.1759504e-02
   4.8532676e-02
   9.4734043e-02
   5.8279425e-02
   4.9630132e-02
   2.9597184e-02
   4.3160852e-02
   8.5342251e-02
   1.0533538e-01
   7.6809421e-02
   6.3820213e-02
   9.0716369e-02
   1.2202983e-01
   9.9514037e-02
   7.6099060e-02
   6.1072811e-02
   2.2016985e-02
   2.1267707e-02
   5.2008066e-02
   5.3331118e-02
   6.6170663e-02
   1.0537338e-01
   6.3965090e-02
   1.2364965e-02
  -7.9031801e-03
   4.2808779e-02
   8.2183979e-02
   6.6036232e-02
   3.1824564e-03
   3.7824661e-02
   2.3473635e-02
   2.2271847e-02
   5.0301492e-02
   6.9654860e-02
   6.5608852e-02
   8.2497232e-02
   4.9279753e-02
   2.6943628e-02
   7.9545297e-02
   1.6746016e-01
   1.0369927e-01
   3.3735074e-02
   7.0756368e-02
   1.1020831e-01
   3.4283943e-02
  -1.8278852e-02
   1.3296330e-01
   5.9563857e-01
   7.1378881e-01
   3.2099506e-01
   9.7827129e-02
   8.9374170e-02
   1.5057797e+00
   4.7064071e+00
   4.4712858e+00
   1.8048104e+00
   3.9908719e-01
   1.2966804e-01
   1.3935858e-01
   3.0400792e-01
   6.9681573e-01
   7.8038394e-01
   5.0683874e-01
   1.6363664e-01
   7.2390810e-02
   6.6640392e-02
   1.7392401e-01
   2.6187053e-01
   2.8981310e-01
   1.5222238e-01
   4.7493219e-02
   3.2919109e-02
   1.1729392e-01
   1.2579091e-01
   9.9515006e-02
   2.1552645e-01
   2.8024974e-01
   1.6445023e-01
   5.1217210e-02
   2.0896865e-02
   5.2305143e-02
   5.0738301e-02
   2.7991684e-02
   2.4192831e-02
   7.1330659e-02
   9.9554136e-02
   5.0298259e-02
   2.4232835e-02
   3.7824161e-02
   6.4721055e-02
   6.3168325e-02
   3.8764715e-02
  -5.9714322e-03
   2.7795812e-02
   5.7932727e-02
   5.5106483e-02
   4.8670564e-03
   3.3600278e-02
   6.3050374e-02
   1.8673407e-01
   1.5812916e-01
   9.3674250e-02
   1.0815969e-01
   2.4069923e-01
   3.7398270e-01
   1.8948659e-01
   8.0916651e-02
   1.3675155e-01
   1.7620410e-01
   1.3679388e-01
   8.3106972e-02
   1.0995965e-01
   2.4572650e-01
   8.2209468e-01
   9.6345699e-01
   4.5851487e-01
   8.1009977e-02
   4.4414077e-02
   9.4748192e-02
   3.8482796e-02
   1.2293434e-01
   2.2821786e-01
   1.1913657e-01
   4.4867542e-02
   3.4044623e-02
   3.3430863e-02
   6.5098159e-02
   1.0920902e-01
   8.0034122e-02
   3.8241565e-02
   3.3450723e-02
   5.8387473e-02
   4.5346279e-02
   6.8545170e-02
   3.2231696e-02
   6.6801615e-02
   8.5744098e-02
   6.8528861e-02
   9.9881113e-02
   1.1775880e-01
   6.6140443e-02
  -2.2634352e-03
   5.2037556e-02
   4.5813221e-02
   8.0291122e-02
   1.0551739e-01
   7.6740637e-02
   6.8993181e-02
   6.5000027e-02
   7.4452683e-02
   7.9873800e-02
   6.0956281e-02
   4.7071870e-02
   1.0554356e-01
   8.9001626e-02
   1.2352103e-01
   1.0355576e-01
   9.8018952e-02
   1.0403796e-01
   1.3551435e-01
   1.2179696e-01
   7.4973263e-02
   1.1340376e-01
   1.2127700e-01
   6.6834770e-02
   9.5506243e-02
   1.9605406e-01
   4.2626968e-01
   3.6466941e-01
   1.8654080e-01
   8.0525450e-02
   3.0265102e-01
   1.1230559e+00
   1.3731824e+00
   6.9263768e-01
   2.6175076e-01
   1.0519626e-01
   6.1366230e-02
   1.5672156e-01
   2.5330868e-01
   3.0431715e-01
   1.8623243e-01
   7.8528069e-02
   5.3854857e-02
   3.3293962e-02
   3.8860209e-02
   5.7431426e-02
   6.4075209e-02
   4.4209491e-02
   6.0793668e-02
   5.2515887e-02
   9.1027737e-02
   1.0967571e-01
   4.4042356e-02
  -1.8887678e-02
   5.1739726e-02
   4.1781988e-02
   2.0087338e-03
   2.9607601e-02
   4.9571808e-02
   4.4524960e-02
   1.8575780e-02
   3.5712276e-02
   7.7981660e-03
   5.0370779e-02
   5.5419754e-02
   4.3596122e-02
   3.5994846e-02
   7.4101292e-02
   6.6260315e-02
   1.0763098e-01
   8.7287366e-02
   9.0171762e-02
   8.6547978e-02
   4.2117618e-02
   3.4058210e-02
   5.1654276e-02
   3.5371836e-02
   5.4727931e-02
   9.4107524e-02
   6.1285987e-02
   9.0412751e-02
   1.0733765e-01
   1.2463299e-01
   1.1447297e-01
   1.3723570e-01
   2.0770206e-01
   1.4818472e-01
   7.3464908e-02
   6.3287273e-02
   9.3826428e-02
   3.4278187e-01
   3.6618719e-01
   1.9510618e-01
   6.8420023e-02
   4.5198798e-02
   7.0220746e-02
   6.7960352e-02
   8.6637467e-02
   8.0876686e-02
   4.5954000e-02
   4.3127865e-02
   7.9350054e-02
   9.5052637e-02
   6.2163908e-02
   5.7518836e-02
   8.2626930e-03
   4.7971450e-02
   1.0255728e-02
   9.8212268e-03
   4.2799436e-02
   6.8891063e-02
   9.2771508e-02
   6.4409710e-02
   5.2634295e-02
   7.5575292e-02
   8.1387676e-02
   4.9216744e-02
   3.4198545e-02
   4.6128187e-02
   1.4762933e-02
   2.7967546e-02
   7.8561641e-02
   4.9413938e-02
   2.0243505e-02
   5.6943126e-02
   3.6337692e-02
   4.0933579e-02
   3.0568892e-02
   4.0253296e-02
   3.1872924e-02
   4.3060727e-02
   3.7586655e-02
   2.4237623e-03
   3.6591586e-02
   4.2122405e-02
   4.5406867e-02
   5.5256434e-02
   3.4429174e-02
   3.4425326e-02
   4.6913851e-02
   3.6605233e-03
   1.8082470e-02
   2.4399452e-02
   9.2163540e-02
   7.1709424e-02
   7.2499126e-02
   2.7389385e-02
   2.3347454e-03
   9.9383272e-02
   1.1148366e-01
   8.6805552e-02
   4.2321574e-02
   7.2825320e-02
   1.1590471e-01
   1.1898051e-01
   1.0100802e-01
   6.9139481e-02
   2.0188851e-02
  -2.8798505e-04
   2.8125996e-02
   7.3573045e-02
   4.3843109e-02
   7.2483085e-02
   1.2253452e-01
   1.1252636e-01
   4.9140144e-02
   5.3587113e-02
   1.2038658e-01
   1.4046484e-01
   1.2025708e-01
   1.1665368e-01
   8.5657835e-02
   1.6581073e-01
   4.6944049e-01
   5.0879562e-01
   2.4419042e-01
   7.3343106e-02
   6.2807664e-02
   1.6647762e-01
   1.7125207e-01
   1.3387246e-01
   8.4677108e-02
   1.2074140e-01
   1.8515277e-01
   1.3960974e-01
   7.4276604e-02
   5.5402238e-02
   6.7377627e-02
   5.0310317e-02
   3.9082505e-02
   5.3208210e-02
   4.6336990e-02
   2.2062056e-02
   5.2269019e-02
   2.8575074e-02
   5.9775170e-02
   7.4687034e-02
   7.5163193e-02
   3.2314930e-02
   3.2708582e-02
   8.4709555e-02
   8.9927889e-02
   5.8979556e-02
   3.8127363e-02
   1.0286950e-02
   3.7519876e-02
   3.5884336e-02
   3.1419344e-02
   3.1920623e-02
   3.3587277e-02
   1.2606082e-03
   4.8022967e-02
   6.9601007e-02
   3.3560678e-02
   3.4252174e-02
   3.7530210e-02
   4.6318330e-02
   6.6482693e-02
   5.5627052e-02
   3.4606311e-02
   2.8905731e-02
   3.6004305e-02
   3.3352979e-02
   3.6159787e-02
   5.4908637e-02
   9.3170136e-02
   7.6184317e-02
   5.8189966e-02
   6.3891381e-02
   6.6753335e-02
   1.8343982e-01
   1.9375227e-01
   8.5893087e-02
   7.1678177e-02
   4.9813658e-02
   1.0161526e-01
   9.4240405e-02
   5.4057002e-02
   1.1622626e-01
   6.8989635e-02
   1.2317652e-01
   9.1982692e-02
   4.4886965e-02
   6.7473628e-02
   6.6079922e-02
   4.9629860e-02
   3.7852556e-02
   5.1532350e-02
   7.8319348e-02
   8.0556259e-02
   6.9921724e-02
   7.0659555e-02
   8.0016881e-02
   1.5563662e-01
   1.9885711e-01
   1.3382745e-01
   6.9038019e-02
   1.3357505e-01
   2.0460819e-01
   2.2061840e-01
   2.3035023e-01
   1.5543468e-01
   1.9301720e-01
   3.4696615e-01
   2.9138228e-01
   1.0783298e-01
   1.4278895e-01
   4.3708411e-01
   6.7990363e-01
   3.9890525e-01
   5.3766128e-02
   4.4169225e-02
   1.1340995e+00
   2.3273890e+00
   1.6529772e+00
   5.9711283e-01
   2.1200125e-01
   8.9001769e-01
   1.5163918e+00
   1.1248144e+00
   6.1130244e-01
   3.5877210e-01
   5.3439814e-01
   5.1493305e-01
   3.1787774e-01
   1.7567563e-01
   2.4042591e-01
   4.6586266e-01
   3.3129027e-01
   1.4697094e-01
   1.1077789e-01
   1.4329395e-01
   6.4678602e-02
   6.2080603e-02
   1.0154113e-01
   4.0574711e-02
   5.0159447e-02
   4.7500152e-02
   2.7428225e-02
  -2.4510995e-02
  -4.2079845e-03
   1.8078249e-02
   4.7090888e-02
   8.3732270e-02
   7.6719530e-02
   2.1279149e-02
   7.7635340e-02
   7.2611466e-02
   4.5469027e-02
  -2.8290751e-03
   3.6815659e-03
   1.0113565e-01
   1.1447010e-01
   6.5449350e-02
   6.6063330e-02
   8.2362808e-02
   1.7744464e-01
   1.1674022e-01
   5.4389279e-02
   6.6729002e-02
   8.9505598e-02
   8.0756001e-02
   4.9672510e-02
   1.5453114e-01
   1.9325586e-01
   1.9123700e-01
   1.0566704e-01
   6.4920396e-02
   2.5900984e-01
   6.1679757e-01
   5.7962799e-01
   2.2523956e-01
   4.3163054e-02
   1.4100218e-01
   2.6864848e-01
   2.4934268e-01
   1.5284716e-01
   6.6204965e-02
   1.3668770e-01
   1.2496923e-01
   8.8551015e-02
   9.1010757e-02
   1.0125098e-01
   1.2246133e-01
   1.2138677e-01
   5.1342249e-02
   3.6007740e-02
   2.9978516e-02
   2.0071104e-02
   1.7862801e-02
   9.5477812e-03
   2.6241772e-02
   1.2505130e-02
   2.8502626e-02
  -7.1291608e-04
  -2.1658907e-02
  -2.1699637e-03
  -2.6338084e-03
   3.7162807e-02
   5.5257853e-02
   4.6101309e-02
   5.5837415e-02
   5.6866013e-02
   6.2010687e-02
   6.4278923e-02
   6.2406667e-02
   4.8530679e-02
   7.0624009e-02
   1.7295836e-02
   4.8694260e-02
   7.8388721e-02
   5.9904538e-02
   1.0340472e-01
   8.9952096e-02
   8.9518160e-02
   6.4918056e-02
   2.2492482e-01
   5.7582748e-01
   9.6377456e-01
   6.9235420e-01
   3.2026309e-01
   1.5662748e-01
   2.1131535e-01
   3.6480281e-01
   4.3087700e-01
   5.2964765e-01
   3.7673774e-01
   1.7748487e-01
   1.7187154e-01
   3.5400108e-01
   3.9232692e-01
   2.4108122e-01
   1.1757670e-01
   1.0385706e-01
   8.0198720e-02
   1.1098216e-01
   1.0645507e-01
   9.0388976e-02
   4.7293987e-02
   6.4395867e-02
   8.1504494e-02
   6.7919165e-02
  -1.0899030e-02
   1.5979629e-02
   7.3494174e-02
   1.4032708e-01
   1.2528937e-01
   2.0327156e-02
   5.0836354e-02
  -2.6628568e-03
  -5.0572292e-03
   5.8164089e-03
  -1.0016344e-02
   2.9228177e-02
   8.5020393e-02
   9.0163335e-02
   8.5458390e-02
   5.5637628e-02
   2.9535439e-02
   6.9622569e-02
   5.7532072e-02
   7.8647710e-02
   4.2781759e-02
  -1.0184391e-02
   2.9045122e-02
   6.0064975e-02
   5.1212981e-02
   5.6313910e-02
   5.6728475e-02
   2.4027778e-02
   3.6117923e-02
   4.9477082e-02
   8.0515981e-02
   1.0052582e-01
   1.0506782e-01
   1.1979128e-01
   8.9468889e-02
   4.3709636e-02
   7.0279397e-02
   8.5988328e-02
   1.3195471e-01
   1.0005533e-01
   6.2106516e-02
   3.2851625e-02
   4.9348071e-02
   8.4676258e-02
   5.8730848e-02
   4.6570010e-02
   4.7977582e-02
   7.6221153e-02
   6.1726447e-02
   4.5434505e-02
   5.4721981e-02
   6.1450902e-02
   7.8701757e-02
   8.0464855e-02
   4.2014025e-02
   5.4238439e-02
   6.3802235e-02
   3.0246397e-02
   3.0884154e-02
   4.6805918e-02
   2.9007712e-02
   4.0561192e-02
   2.0992920e-02
   3.5440985e-03
   2.7417755e-02
   4.0082261e-02
   1.3606634e-02
   3.5352863e-02
   2.9245714e-02
   8.7328098e-04
   3.9411038e-02
   7.1753614e-02
   4.8438057e-02
   6.2807500e-02
   1.9968934e-02
   1.8680923e-02
   3.7149686e-02
   2.1396950e-02
   3.3608478e-02
   4.1394062e-02
   3.5968162e-02
   2.7507287e-02
   3.0751672e-02
   5.4132458e-02
   1.4670363e-01
   1.7542191e-01
   1.6481112e-01
   1.2649831e-01
   3.2416392e-02
   1.6537569e-02
   3.9574225e-02
   6.6102669e-02
   7.4146688e-02
   1.2037145e-01
   1.1181551e-01
   5.8492582e-02
   7.0573598e-02
   1.4053172e-01
   1.1968201e-01
   7.5682595e-02
   7.8186765e-02
   3.3535190e-02
   3.1708639e-02
   3.2955334e-02
   6.5053582e-02
   3.4691587e-02
   3.1502448e-02
   4.7267359e-02
   4.0459368e-02
   2.7431369e-02
   3.9794065e-02
   3.8693871e-02
   4.0226527e-02
   6.6767506e-02
   8.0295302e-02
   2.7327830e-02
   2.5761263e-02
   2.8627142e-02
   5.2450258e-02
   3.9430186e-02
   4.1459713e-02
   1.3427930e-02
   3.2846301e-03
   3.6712628e-02
   3.5746299e-02
   3.0740442e-02
   2.0667262e-02
  -2.3268233e-03
   5.1169451e-02
   4.5664705e-02
   3.4710679e-02
   3.8051691e-02
   6.4891495e-02
   3.8829636e-02
   3.4713756e-02
   3.5826650e-02
   5.6212034e-02
   2.7412266e-02
   2.4535298e-02
   4.2971261e-02
   2.9867088e-02
   2.8670363e-02
   6.0132317e-02
   3.8202986e-02
   5.5181634e-02
   5.0827336e-02
   4.4493496e-02
   5.3055268e-02
   4.4503294e-02
   3.8912866e-02
   2.3522981e-02
   1.5867352e-02
   2.7430983e-02
   2.8018530e-02
   3.6263850e-02
   1.6005231e-02
   3.7031319e-02
   4.1618027e-02
   2.6431443e-02
   4.1350614e-02
   6.5689735e-02
   7.4029110e-02
   7.3730893e-02
   5.1429193e-02
   5.2551813e-02
   3.6091205e-02
   5.6116316e-02
   5.4792020e-02
   4.7455259e-02
   4.7483698e-02
   4.2877849e-02
   6.0623739e-02
   3.9738402e-02
   5.0818063e-02
   6.1387811e-02
   4.7406100e-02
   4.6413511e-02
   4.5024425e-02
   7.6415874e-02
   8.4170677e-02
   3.2429822e-02
   5.2949823e-02
   6.9384195e-02
   6.8772852e-02
   4.9344428e-02
   4.6109710e-02
   6.0605839e-02
   3.1203188e-02
   5.2430969e-02
   3.3226885e-02
   1.3385294e-02
   5.0745267e-02
   6.7477912e-02
   5.7165701e-02
   7.1882002e-02
   4.8266172e-02
   3.3243999e-02
   2.7271386e-02
   3.3913042e-02
   5.8217388e-02
   3.5513029e-02
   5.8118373e-02
   5.7510242e-02
   4.0164761e-02
   7.6248050e-02
   7.1755104e-02
   4.5953080e-02
   3.0679706e-02
  -6.9779614e-03
   2.8733227e-02
   3.9768443e-02
   5.9623741e-02
   3.4761295e-02
   4.9662188e-02
   1.9146996e-02
   1.4545810e-02
   9.6553694e-03
   3.7579771e-02
   7.4111417e-02
   5.2220058e-02
   2.3349715e-02
   2.3253933e-02
   4.4482615e-02
   4.1283287e-02
   4.8106428e-02
   4.8700325e-02
   6.1781041e-02
   3.9265200e-02
   4.1708525e-02
   1.5426028e-02
   1.8236760e-02
   8.2237823e-03
   2.2187758e-02
   1.6530005e-02
   2.7616316e-02
   1.6100777e-02
   1.2632863e-02
   1.8744107e-02
   2.9618794e-02
   3.4166642e-02
   3.3472240e-02
   5.3637229e-02
   4.7954004e-02
   6.0613725e-02
   3.9675705e-02
   9.5181186e-03
   2.6982097e-02
   1.3599344e-02
   2.5697690e-02
   9.3244232e-02
   6.4275526e-02
   5.9002586e-02
   5.7981521e-02
   2.4443385e-01
   6.6001135e-01
   6.2444127e-01
   2.1261258e-01
   1.0237874e-01
   1.9308692e-01
   3.1324083e-01
   2.7782655e-01
   1.9699085e-01
   1.0522620e-01
   9.1389291e-02
   9.6954741e-02
   9.0049572e-02
   6.4785674e-02
   4.3294452e-02
   6.0018934e-02
   4.1635320e-02
   2.9847933e-02
   4.8755918e-02
   8.2795754e-02
   7.3675051e-02
   5.7830561e-02
   3.5355315e-02
   4.8765533e-02
   6.9505446e-02
   7.7960998e-02
   4.6981886e-02
   6.4524055e-02
   6.1231483e-02
   6.5026365e-02
   3.1623889e-02
   2.0488085e-02
   5.3104879e-03
  -5.4330043e-03
  -6.8636974e-03
   2.9360166e-02
   2.4345759e-02
   5.9955098e-02
   2.5676543e-02
   1.2331645e-02
   1.9988265e-02
   4.3554962e-02
   7.3686518e-02
   5.5670921e-02
   2.2182938e-02
   5.1424526e-02
   5.4196175e-02
   2.1224095e-02
   5.1189810e-02
   4.0571842e-02
   3.6256369e-02
   2.3127325e-02
   4.0867887e-02
   1.2694912e-01
   1.1891007e-01
   7.3649950e-02
   2.3815362e-02
   2.9233309e-02
   6.7212537e-02
   1.0834154e-01
   7.2360173e-02
   3.7717707e-02
   3.5657663e-02
   2.7612561e-02
   4.5489032e-02
   4.4762481e-02
   3.6175575e-02
   3.3669829e-02
   1.5224485e-02
   4.1768316e-02
   5.2566864e-02
   3.8517356e-02
   4.3258373e-02
   4.5646325e-02
   5.0527465e-02
   5.1506314e-02
   3.5758462e-02
   3.4454882e-02
   3.5897486e-02
   2.0775907e-02
   8.4587978e-03
   3.6820836e-02
   4.0479515e-02
   2.8229343e-02
   3.1045377e-02
   4.5886312e-02
   4.4916250e-02
   5.5821963e-02
   5.5738766e-02
   3.2722998e-02
   1.5368972e-02
   3.0144397e-02
   3.8734496e-02
   3.9218213e-02
   5.8939118e-02
   6.2235866e-02
   6.1618548e-02
   6.7206122e-02
   7.9583392e-02
   8.1327848e-02
   7.1715184e-02
   5.1271703e-02
   1.6881216e-02
   3.4987289e-02
   3.1493060e-02
   5.5453394e-02
   9.5874153e-02
   7.2273687e-02
   5.3712711e-02
   1.5824305e-02
   5.6334663e-02
   7.6067150e-02
   3.4191873e-02
   3.2179736e-02
   3.4362711e-02
   4.7949106e-02
   3.8107522e-02
   1.5594956e-02
   3.3834219e-02
   4.5696367e-02
   1.6178977e-02
   3.1881500e-02
   3.5592668e-02
   7.9983160e-02
   5.5930521e-02
   3.3714905e-02
   1.8509824e-02
   1.7598588e-02
   3.5726853e-02
   7.6552923e-03
   1.7405992e-02
   2.6214086e-02
   2.4722559e-02
   2.5014646e-02
   2.5328001e-02
   3.0265225e-02
   4.6082415e-02
   5.9565671e-02
   2.8951949e-02
   2.8675279e-02
   3.1766899e-02
   1.7061483e-02
   3.4278143e-02
   3.9465044e-02
   4.1222218e-02
   5.0946049e-02
   9.7083318e-04
   2.4212945e-02
   3.4564447e-02
   2.8397286e-02
   3.8890537e-02
   2.7498370e-02
   2.5268130e-02
   3.4907013e-02
   4.4959139e-02
   3.6819451e-02
   1.8362209e-02
   4.2522218e-02
   8.5392129e-03
   1.8575339e-02
   4.6970211e-02
   2.4147181e-02
   5.5283315e-02
   3.6434107e-02
   2.9059393e-02
   4.0020268e-02
   4.4936404e-02
   2.4884535e-02
   2.0178584e-02
   1.6852872e-02
   6.8368547e-02
   4.6680491e-02
   2.4156535e-02
   2.2607457e-02
   4.2961273e-02
   2.7461113e-02
   2.7821589e-02
   8.9904694e-03
   4.2444631e-02
   5.2588504e-02
   2.7790017e-02
   4.3022886e-02
   5.3570654e-02
   5.2444223e-02
   1.9916857e-02
   2.8370336e-02
   1.1101139e-02
   3.6560800e-02
   4.3665286e-02
   5.8907084e-02
   5.2533157e-02
   5.6123987e-02
   1.6612783e-02
   4.3858718e-02
   3.4967266e-02
   1.7660920e-02
   5.0302282e-02
   7.0207596e-02
   5.8595035e-02
   2.6331631e-02
   3.8427521e-02
   2.7476752e-02
   3.9745823e-02
   2.6628554e-02
   3.4172453e-02
   2.9037118e-02
   2.3930559e-02
   5.1818542e-02
   2.7837366e-02
   7.0845843e-03
   4.3648046e-02
   8.0447964e-02
   6.7729227e-02
   5.5167597e-02
   4.9295921e-02
   4.3273345e-02
   3.1376760e-02
   2.4648281e-02
   5.0375767e-02
   3.3381011e-02
   3.4663353e-02
   3.4919921e-02
   1.7849542e-02
   1.2455014e-02
   3.2981776e-02
   4.2030662e-02
   1.8241877e-02
   1.8859724e-02
   2.8526885e-02
   3.4799930e-02
   3.8193468e-02
   1.3606761e-02
   1.6742487e-02
   3.7096675e-02
   3.5663661e-02
   2.7189322e-02
   4.0241182e-02
   4.9679190e-02
   5.7881489e-02
   5.4310333e-02
   4.3807585e-02
   5.8692593e-02
   3.6076497e-02
   2.4722515e-02
   5.8114234e-02
   6.3859820e-02
   3.3281814e-02
   3.6363229e-02
   5.0551310e-02
   3.4796350e-02
   5.0263189e-02
   6.3283861e-02
   6.1047263e-02
   4.4899698e-02
   3.2815401e-02
   1.8223999e-02
   4.4573151e-02
   4.3406595e-02
   3.3050746e-02
   4.0906224e-02
   3.5990614e-02
   3.2174032e-02
   3.9335240e-02
   8.0058314e-03
   3.4335397e-02
   4.2669691e-02
   5.4609127e-02
   5.8827113e-02
   4.7053996e-02
   3.4162685e-02
   2.6427649e-02
   4.3054271e-02
   4.0593214e-02
   4.7685817e-02
   4.0328957e-02
   4.2306770e-02
   2.1815443e-02
   3.9376013e-02
   3.5192844e-02
   4.1316453e-02
   2.1820333e-02
   3.3379339e-02
   5.1340524e-02
   5.2102342e-02
   7.6442167e-02
   5.9723862e-02
   3.9118845e-02
   3.7326604e-02
   3.9111950e-02
   1.6229760e-02
   2.8468234e-02
   3.0331705e-02
   2.0136770e-02
   2.8930919e-02
   4.3083642e-02
   2.2567980e-02
   1.4428826e-02
   2.0997539e-02
   3.3216901e-02
   4.6344914e-02
   1.9611597e-02
   5.1292527e-02
   5.1107578e-02
   4.9770787e-02
   5.4671597e-02
   3.6372684e-02
   4.3281417e-02
   3.5760492e-02
   4.0873684e-02
   3.1693179e-02
   5.8498044e-02
   3.5020117e-02
   4.5650136e-02
   3.2073587e-02
   1.8881302e-02
   3.4561340e-02
   4.6572872e-02
   3.9304715e-02
   3.8530011e-02
   3.3989139e-02
   2.6248356e-02
   2.4612181e-02
   2.4538118e-02
   5.7626661e-02
   3.9220240e-02
   3.8692024e-02
   7.0173256e-03
   1.2820574e-02
   4.2057633e-02
   5.7323631e-02
   6.2032081e-02
   3.9976288e-02
   6.0905810e-02
   3.4823950e-02
   2.5635224e-02
   5.6154296e-02
   4.1118477e-02
   3.5850633e-02
   3.9172057e-02
   2.6653718e-02
   3.5042185e-02
   4.1978061e-02
   5.5808172e-02
   3.9818164e-02
   3.6424007e-02
   3.4502801e-02
   3.2404408e-02
   4.4401068e-02
   1.7474722e-02
   3.6488406e-02
   4.4749036e-02
   4.5981705e-02
   3.3794314e-02
   4.2065751e-02
   6.1253600e-02
   7.2462529e-02
   5.9358019e-02
   2.8741285e-02
   2.1662628e-02
   1.3042673e-02
   1.7068764e-02
   3.1943306e-02
   4.9129892e-02
   6.7920424e-02
   9.1016293e-02
   8.3670512e-02
   5.5705283e-02
   4.6592593e-02
   6.2062636e-02
   4.0409572e-02
   2.1888368e-02
   1.3767743e-02
   1.6805107e-02
   2.3483077e-02
   3.3431403e-02
   5.2175593e-02
   6.0901504e-02
   2.5474528e-02
   1.4726103e-02
   2.0300839e-02
   1.3830752e-02
   2.4127919e-02
   2.5843443e-02
   3.7896629e-02
   4.3517083e-02
   4.0269688e-02
   6.0074806e-02
   1.6216030e-02
   7.0596691e-03
   7.0222593e-03
   1.7603604e-02
   6.9541864e-02
   6.4980276e-02
   2.1693336e-02
   2.1675918e-02
   1.8687520e-02
   6.7766845e-02
   5.5331480e-02
   3.3700380e-02
   5.3157039e-02
   6.3402176e-02
   5.2517675e-02
   6.3559063e-02
   7.1143933e-02
   7.6071776e-02
   7.2684638e-02
   5.6005873e-02
   3.6889095e-02
   2.0190574e-02
   1.9255299e-02
   3.6505844e-02
   1.9465623e-02
   3.4764402e-02
   4.6837132e-02
   3.1633586e-02
   3.9628852e-02
   7.4600749e-02
   8.9740194e-02
   7.4987195e-02
   4.6350986e-02
   3.1028640e-02
   2.2499571e-02
   2.2137504e-02
   3.4903090e-02
   4.6733685e-02
   4.0270239e-02
   2.2755921e-02
   3.7392817e-02
   3.0230800e-02
   4.3100797e-02
   3.3283211e-02
   2.2258945e-02
   2.8523451e-02
   2.3906371e-02
   1.6286667e-02
   1.6916296e-02
   3.0162647e-02
   6.2727958e-02
   2.6147902e-02
   1.8895024e-02
   2.2026088e-02
   2.4938740e-02
   3.1879652e-02
   4.5623049e-02
   3.8377266e-02
   3.4351133e-02
   2.3244537e-02
   2.5890458e-02
   5.8965757e-02
   5.3162206e-02
   3.5826702e-02
   3.0920707e-02
   3.4677155e-02
   4.2525273e-02
   3.1067114e-02
   5.7772733e-02
   3.2634407e-02
   3.0013466e-02
   1.3825920e-02
   2.8964458e-02
   3.2783151e-02
   1.4219363e-02
   3.4404550e-02
   4.1026060e-02
   2.7002873e-02
   6.9012932e-02
   5.4170195e-02
   4.8553497e-02
   5.0899334e-02
   5.1312115e-02
   1.8605880e-02
   2.8783208e-02
   4.4945747e-02
   3.0584453e-02
   3.2233082e-02
   4.7216885e-02
   4.4114508e-02
   1.2137251e-02
   9.1375401e-03
   3.8762674e-02
   2.3042198e-02
   1.6656812e-02
   2.9512381e-02
   3.0611945e-02
   3.0428911e-02
   3.1244958e-02
   3.5045553e-02
   2.6207604e-02
   2.2980409e-02
   4.1013550e-02
   5.5925529e-02
   3.2293815e-02
   3.8862064e-02
   3.9498195e-02
   4.5909483e-02
   3.2418281e-02
   9.9783894e-03
   1.6241314e-02
   2.2162512e-02
   5.6754194e-02
   7.4102215e-02
   4.7589391e-02
   4.1242868e-02
   3.6811218e-02
   2.3008475e-02
   2.3542644e-02
   4.9911141e-02
   2.2148572e-02
   2.4239650e-02
   3.2346360e-02
   2.3682557e-02
   3.3706982e-02
   6.7611381e-02
   6.8782568e-02
   4.6338357e-02
   3.0780070e-02
   3.2559033e-02
   1.5395482e-02
   1.0118848e-02
   2.8104501e-02
   1.4354076e-02
   2.6719356e-02
   4.6067797e-02
   6.0548503e-02
   2.3875987e-02
   1.3971813e-02
   1.1903108e-02
   1.1914951e-02
   4.3328531e-02
   2.6753880e-02
   2.1201588e-02
   4.8655625e-02
   4.6671320e-02
   2.4499247e-02
  -3.4011417e-04
   2.1703113e-02
   3.1534296e-02
   4.6793714e-02
   2.7031273e-02
   3.1777184e-02
   3.5127193e-02
   5.0473217e-02
   5.0221168e-02
   4.9037963e-02
   2.3740096e-02
   1.2169337e-02
   2.4867244e-02
   5.1242169e-02
   4.8463996e-02
   2.8580515e-02
   6.3359082e-02
   5.5101562e-02
   5.3356890e-02
   2.8737526e-02
   1.1143064e-02
   2.4920030e-02
   2.0816319e-02
   2.1016695e-02
   3.8853172e-02
   2.5898628e-02
   2.8556012e-02
   2.1677872e-02
   1.7173650e-02
   4.2056136e-02
   5.7408247e-02
   3.1204849e-02
   3.8409535e-02
   6.8057232e-02
   4.6186797e-02
   4.1787580e-02
   5.5480599e-02
   4.5876961e-02
   1.0919400e-02
   5.2171487e-02
   1.0489257e-01
   4.1811060e-02
   2.9009769e-02
   2.2382902e-02
   4.6017338e-02
   5.3534009e-02
   5.4471333e-02
   3.5366707e-02
   1.0424937e-02
   1.4882327e-02
   3.3913646e-02
   3.1946488e-02
   4.6865590e-02
   5.6150261e-02
   3.5869744e-02
   8.6043339e-04
   2.2821700e-02
   5.2882273e-02
   3.6567647e-02
   1.9765230e-02
   3.5481505e-02
   5.7121739e-02
   4.3075774e-02
   6.7531176e-02
   5.7629652e-02
   3.9849952e-02
   2.4684260e-02
   1.5725613e-02
   1.4126169e-02
   1.5766468e-02
   1.6857626e-02
   2.5053771e-02
   3.1490326e-02
   3.0830737e-02
   7.9804119e-03
   2.9630080e-02
   5.8591928e-02
   3.2182828e-02
   3.2654006e-02
   1.7027687e-02
   1.8500941e-02
   3.3800449e-02
   4.4155676e-02
   2.4850138e-02
   1.6915867e-02
   3.1106241e-02
   2.6434040e-02
   3.6335353e-02
   6.8578452e-02
   4.3211885e-02
   3.0273736e-02
   1.3346090e-02
   1.7312581e-02
   3.8231045e-02
   3.6815591e-02
   3.9490942e-02
   6.1428301e-02
   5.9137817e-02
   6.0745999e-02
   3.0526182e-02
   3.5224807e-02
   3.4649190e-02
   1.7343234e-02
   4.9592876e-03
   1.8973880e-02
   4.3392789e-02
   6.3793093e-02
   6.8104565e-02
   7.5319111e-02
   5.7086442e-02
   4.2126033e-02
   4.0021118e-02
   2.6304824e-02
   4.0236734e-02
   2.6858505e-02
   2.9898733e-02
   2.5814982e-02
   1.9609002e-02
   2.0359702e-02
   3.1108014e-02
   1.6274903e-02
   1.4055254e-02
   4.2673137e-02
   7.7505231e-02
   6.1711114e-02
   2.3150908e-02
   1.3658781e-02
   3.9064508e-02
   7.2778158e-02
   4.1108429e-02
   4.2844370e-02
   5.8986466e-02
   4.3478414e-02
   2.9318292e-02
   2.5419243e-02
   3.5025749e-02
   2.3044685e-02
   2.6468664e-02
   2.7988944e-02
   7.5980189e-04
   1.5165697e-02
   5.2355435e-02
   6.4644054e-02
   5.5584881e-02
   5.8095533e-02
   5.1004559e-02
   1.6357087e-02
   2.3433372e-02
   2.0209096e-02
   3.6412615e-02
   6.4838946e-02
   1.5767880e-01
   1.6389704e-01
   1.3930213e-01
   7.5211778e-02
   2.7662855e-02
   8.1749829e-03
   4.9451292e-02
   5.6771919e-02
   7.0695423e-02
   6.4173840e-02
   6.0410604e-02
   4.5776375e-02
   4.4480208e-02
   3.6412504e-02
   3.5219915e-02
   6.9883943e-02
   1.0805404e-01
   1.1658327e-01
   9.0454757e-02
   3.5298306e-02
   2.5505168e-02
   2.1774113e-02
   4.0640283e-02
   1.5910143e-01
   2.6450065e-01
   2.1719337e-01
   1.2884468e-01
   6.1490111e-02
   5.1907245e-02
   3.7028275e-02
   2.6641496e-02
   4.8941895e-02
   2.6653484e-02
   3.4819584e-02
   5.2179806e-02
   3.8836103e-02
   2.7053420e-02
   3.4578040e-02
   3.8075231e-02
   4.7728393e-02
   2.4007196e-02
   1.7951017e-02
   3.4640543e-02
   2.6807407e-02
   6.9010884e-02
   5.9761290e-02
   4.1692816e-02
   3.5620589e-02
   4.0282652e-02
   4.0216997e-02
   2.6973477e-02
   4.4449821e-02
   5.3817391e-02
   3.8577892e-02
   2.0818789e-02
   5.7431497e-02
   5.9004411e-02
   8.1073880e-02
   3.3621125e-02
   7.7515636e-03
   1.3234688e-02
   1.1045842e-02
   4.4230428e-02
   2.3239667e-02
   2.0699898e-02
   5.3986620e-02
   5.2166283e-02
   2.5229188e-02
   2.5863301e-02
   6.0919873e-02
   7.2844550e-02
   4.0688857e-02
   2.8248135e-02
   4.0119592e-02
   3.6554143e-02
   2.7193675e-02
   7.3885128e-02
   7.2064906e-02
   2.9915463e-02
   4.4048820e-02
  -9.5823025e-03
   3.8535144e-02
   5.8827095e-02
   5.2906975e-02
   2.7694331e-02
   3.6782391e-02
   1.9385276e-02
   8.7535251e-03
   3.1048622e-02
   6.9222309e-02
   1.0551044e-01
   9.1447756e-02
   7.0222303e-02
   1.7997826e-02
   1.1622627e-02
   1.5137425e-02
   3.4605280e-02
   2.8869286e-01
   5.8235008e-01
   5.6739676e-01
   3.3742094e-01
   1.4753576e-01
   4.4894267e-02
   4.1217625e-02
   5.0398957e-02
   8.0500454e-02
   1.1047519e-01
   9.7193033e-02
   1.3994330e-01
   1.3682605e-01
   9.9730447e-02
   6.6685125e-02
   1.3577186e-01
   3.5506281e-01
   4.5212275e-01
   2.9612240e-01
   1.9186269e-01
   7.9269215e-02
   3.8289107e-02
   6.6705011e-02
   2.3389955e-01
   7.8845042e-01
   8.7667811e-01
   5.0308722e-01
   2.3848332e-01
   1.1491534e-01
   1.5786208e-02
   9.0496009e-03
   2.9326994e-02
   4.2654347e-02
   5.3554129e-02
   5.8890302e-02
   1.3251193e-01
   1.0241297e-01
   9.4801508e-02
   8.4072001e-02
   7.3704027e-02
   7.5265929e-02
   7.2883211e-02
   3.3197917e-02
   1.8971303e-02
  -7.4196846e-04
   3.9674066e-02
   5.2630670e-02
   3.1473972e-02
   2.4271166e-02
   3.1030167e-02
   2.9931117e-02
   3.4094650e-02
   2.8220631e-02
   2.9090939e-02
   5.0695684e-02
   6.6133663e-02
   8.1242099e-02
   6.5996923e-02
   5.4370482e-02
   6.9700159e-02
   4.9212854e-02
   1.4874581e-02
   2.6295073e-02
   4.6917010e-02
   8.5172780e-02
   5.9296403e-02
   3.4918312e-02
   1.7762898e-02
   2.9444156e-02
   3.4153998e-02
   5.4936476e-02
   2.8076595e-02
   2.1507781e-02
   2.8505685e-02
   4.3119345e-02
   4.1276991e-02
   6.6939346e-02
   4.6412911e-02
   5.4651815e-02
   4.8302226e-02
   3.0703532e-02
  -2.4027452e-03
   4.0095024e-02
   4.2923663e-02
   1.7601449e-02
   4.0133838e-02
   3.4608178e-02
   2.7914928e-02
   2.9131101e-02
   3.3432607e-02
   2.2711335e-02
   2.9053973e-02
   8.4404871e-02
   1.4253819e-01
   1.4212719e-01
   6.8007313e-02
   5.1618040e-02
   3.2587837e-02
   1.8667860e-02
   4.2683911e-02
   4.5188151e-02
   3.3501901e-02
   4.9014505e-02
   3.9639190e-02
   1.2414999e-02
   3.3096951e-02
   3.4457903e-02
   7.0930421e-02
   1.2102728e-01
   1.5155356e-01
   1.1730814e-01
   5.4909542e-02
   4.1103460e-02
   2.9167652e-02
   4.0613953e-02
   1.0668077e-01
   1.8443905e-01
   1.6263194e-01
   9.8811783e-02
   5.8218602e-02
   3.2519639e-02
   1.6769329e-02
   1.9032884e-02
   4.0061533e-02
   3.3390846e-02
   4.1887932e-02
   5.3274669e-02
   5.3672448e-02
   9.2745401e-02
   9.2342332e-02
   5.0963219e-02
   2.7507883e-02
   4.9379539e-02
   7.0249178e-02
   8.2025625e-02
   8.8175781e-02
   6.2775463e-02
   3.9308116e-02
   8.1598954e-03
   3.6768593e-02
   3.9991789e-02
   4.3258298e-02
   5.3300295e-02
   4.8832733e-02
   7.4055269e-02
   4.8167728e-02
   5.6745775e-02
   8.3193362e-02
   3.9513439e-02
   3.3971302e-02
   3.2094605e-02
   3.1977735e-02
   2.2566323e-03
   6.2941864e-02
   7.0169665e-02
   5.3829651e-02
   3.1778909e-02
   2.7644992e-02
   6.5731667e-02
   8.0969788e-02
   4.1018352e-02
   6.2344231e-02
   5.9480146e-02
   5.4433819e-02
   3.7914351e-02
   2.3850795e-02
   4.4877358e-02
   4.1280348e-02
   6.6609740e-02
   4.8374418e-02
   7.0122086e-02
   5.9038125e-02
   1.3392104e-02
   1.3137923e-02
   2.2281732e-02
   1.3256839e-02
   4.5674224e-03
   3.3465873e-02
   2.4130449e-02
   3.9426871e-02
   5.5339422e-02
   4.6504240e-02
   3.7626438e-02
   4.7706902e-02
   8.9132152e-02
   6.3018858e-02
   3.2958139e-02
   3.0690024e-02
   8.8588960e-02
   1.1649451e-01
   1.0063266e-01
   9.1400199e-02
   6.7068078e-02
   5.2959204e-02
   2.4944520e-02
   2.5415201e-02
   8.1480622e-02
   5.2266475e-02
   9.9732086e-02
   1.3923872e-01
   1.6882762e-01
   1.8233266e-01
   1.2386736e-01
   1.3992576e-01
   1.8706454e-01
   1.8610647e-01
   1.3562785e-01
   1.8514447e-01
   4.7073933e-01
   4.5779240e-01
   2.0860127e-01
   1.3158797e-01
   1.5733211e-01
   1.9009310e-01
   1.7832002e-01
   1.0098752e-01
   9.5335223e-02
   1.0173699e-01
   9.6956201e-02
   1.2079580e-01
   1.4997047e-01
   7.4118905e-02
   4.8345819e-02
   2.0229749e-02
   3.2285706e-03
   3.5260268e-02
   7.3950067e-03
  -5.3667077e-03
   1.7849972e-02
   2.8148143e-02
   2.3680544e-02
   3.7514873e-02
   4.6773944e-02
   2.2906074e-02
   6.7409784e-02
   2.6916256e-02
   1.9046914e-02
   9.5715716e-02
   5.9789348e-02
   4.6504553e-02
   4.4462819e-02
   1.3881598e-02
   2.9095706e-02
   1.3999017e-01
   9.8389938e-02
   6.1946049e-02
   2.8949844e-02
   4.3710269e-02
   6.1436415e-02
   6.6942342e-02
   7.7813052e-02
   4.2954020e-02
   8.1912912e-02
   1.4357656e-01
   1.5790847e-01
   8.2438834e-02
   3.5346542e-02
   3.7636030e-02
   4.6653479e-02
   7.4551739e-02
   3.7829448e-02
   3.4893610e-02
   6.0445081e-02
   2.1540707e-02
   4.4197533e-02
   4.1986104e-02
   1.2223353e-02
   3.5196107e-02
   7.5065874e-02
   1.4193285e-01
   2.7186665e-01
   3.3219188e-01
   2.0318535e-01
   1.0745914e-01
   8.2240641e-02
   1.7160643e-02
   4.8964676e-03
   5.9827644e-02
   7.3180534e-02
   7.3803969e-02
   8.5636258e-02
   1.3502982e-01
   1.0136675e-01
   7.8998111e-02
   4.8430156e-02
   5.8948241e-02
   5.3705305e-02
   2.9009791e-02
   5.3113479e-02
   9.0811595e-02
   6.9182061e-02
   5.8078669e-02
   2.2946019e-02
   3.8051829e-02
   6.8374895e-02
   5.8289204e-02
   5.7714447e-02
   8.8418588e-02
   7.5953171e-02
   7.7461392e-02
   4.0200919e-02
   3.3038113e-02
   7.5917937e-02
   6.2935218e-02
   7.6182969e-02
   6.6105634e-02
   3.7714217e-02
   3.4441804e-03
   1.3090539e-02
   4.1132130e-02
   8.2793638e-02
   5.3101774e-02
   4.1581001e-02
   6.4200506e-02
   5.2296437e-02
   5.2011177e-02
   3.5406332e-02
   6.3132733e-02
   5.1650308e-02
   6.8886757e-02
   4.6674337e-02
   6.1191365e-02
   5.8454040e-02
   7.3220901e-02
   1.5819925e-01
   1.9868939e-01
   1.5266106e-01
   1.1112947e-01
   5.2032430e-02
   5.8752950e-02
   6.3796304e-02
   1.0013676e-01
   9.2864320e-02
   8.0557846e-02
   2.7846437e-02
   3.9259925e-02
   6.8856828e-02
   3.2060616e-02
   5.2303143e-02
   9.4760813e-02
   8.5551947e-02
   6.8067871e-02
   1.4264800e-01
   2.5845975e-01
   2.2590248e-01
   9.5678277e-02
   5.4096248e-02
   7.5475998e-02
   4.1874792e-02
   7.8667782e-02
   9.6142851e-02
   5.9536286e-02
   5.4742351e-02
   8.0357231e-02
   9.4407491e-02
   8.3691806e-02
   5.2981466e-02
   4.8989791e-02
   1.0878625e-01
   1.3434847e-01
   1.4324941e-01
   7.7029549e-02
   4.7981489e-02
   2.5312869e-02
   2.1694204e-02
   3.5296123e-02
   1.0797593e-01
   5.8553260e-02
  -2.6827564e-03
   7.8790694e-02
   8.5230209e-02
   6.8907522e-02
   4.0029388e-02
   4.4460837e-02
   4.1757040e-02
   7.0640467e-02
   9.8026447e-02
   8.3745174e-02
   4.7743220e-02
   2.5204876e-02
   3.2474853e-02
   5.7013754e-02
   5.6328636e-02
   1.0477740e-01
   2.0375952e-01
   1.9658144e-01
   1.3852322e-01
   8.5543089e-02
   7.4916713e-02
   3.2744598e-02
   5.0418146e-02
   6.0001653e-02
   5.0045040e-02
   2.9626843e-02
   6.3300930e-02
   8.2955234e-02
   1.0033704e-01
   3.0575894e-02
   4.0516242e-02
   6.5051597e-03
  -2.8755104e-03
   4.4625472e-02
   8.2236156e-02
   1.3391528e-01
   1.6553554e-01
   1.1640428e-01
   1.0991290e-01
   3.1451084e-02
   1.5270613e-02
   2.9106369e-02
   6.9710717e-02
   6.0362283e-02
   5.5516928e-02
   9.8411374e-02
   7.0490047e-02
   5.6124363e-02
   7.9343081e-02
   4.4763997e-02
   2.2230782e-02
   5.4740980e-03
   6.1904524e-02
   2.5164373e-02
   5.4206070e-02
   9.4608679e-02
   8.7888211e-02
   4.9171142e-02
   3.9985165e-02
   4.3425780e-02
   8.4231578e-02
   7.6091312e-02
   4.7776528e-02
   6.2568776e-02
   8.2980126e-02
   4.9491677e-02
   7.2091296e-02
   1.4679956e-01
   2.5106815e-01
   1.8324979e-01
   9.3559146e-02
   6.7300238e-02
   3.1564973e-02
   2.6167806e-02
   1.3981444e-01
   4.1171545e-01
   6.7209744e-01
   6.5721214e-01
   3.8994250e-01
   1.7240164e-01
   5.3581495e-02
   2.9623393e-02
   1.9629801e-02
   5.5541832e-04
   7.4242437e-03
   4.4341989e-02
   9.6275665e-02
   8.2038298e-02
   1.0180407e-01
   5.4102302e-02
   2.1547740e-02
   1.6888656e-02
   2.4910713e-02
   2.7920187e-02
   4.0638812e-02
   5.5309951e-02
   2.2391470e-02
   2.5297755e-03
   3.6108837e-02
   1.9221827e-02
   6.9906682e-02
   7.8377210e-02
   8.0222785e-02
   7.9216592e-02
   7.3736347e-02
   5.5087484e-02
   4.7562551e-02
   1.7406519e-01
   3.5666358e-01
   3.9111343e-01
   2.8831390e-01
   1.4327314e-01
   7.9882555e-02
   3.6739271e-02
   3.6910642e-02
   3.0037193e-02
   1.5278491e-02
   1.8954331e-02
   1.2143167e-01
   2.5452226e-01
   3.0837584e-01
   2.6052368e-01
   1.3346301e-01
   3.7634041e-02
   2.0250235e-02
   5.4928876e-02
   8.5405126e-02
   1.5888309e-01
   2.0213275e-01
   1.6217785e-01
   1.8031301e-01
   1.5761171e-01
   8.6163484e-02
   1.0019590e-01
   8.1148863e-02
   6.2426608e-02
   4.2051505e-02
   7.7623948e-02
   2.2991550e-01
   3.2263812e-01
   3.6922354e-01
   2.1631265e-01
   1.0959576e-01
   3.3213325e-02
   1.4979348e-02
   9.9018425e-02
   4.5728689e-01
   9.8577446e-01
   1.0702747e+00
   7.6837623e-01
   5.0939274e-01
   4.7956327e-01
   5.7122165e-01
   4.2630577e-01
   1.8200868e-01
   4.9901377e-02
   3.5549752e-02
   4.4302592e-01
   2.2194307e+00
   4.1674738e+00
   3.8027987e+00
   2.0781450e+00
   8.3286256e-01
   3.9261243e-01
   2.3795371e-01
   1.8906393e+00
   1.1502432e+01
   2.3710791e+01
   2.3406967e+01
   1.3970950e+01
   5.5508084e+00
   1.6573014e+00
   4.8835391e-01
   1.2423703e-01
   9.2834622e-02
   1.6549830e-01
   1.1833395e+00
   2.9193499e+00
   3.5867708e+00
   2.5523343e+00
   1.2724502e+00
   3.2184938e-01
  -1.3855658e-01
  -9.1723844e-02
   1.6584186e-01
   3.5757315e-01
   6.3154322e-01
   7.0067155e-01
   5.7226378e-01
   3.0328107e-01
   1.3666302e-01
   1.0657883e-01
   2.9205274e-02
   7.8303710e-02
   1.2817404e-01
   1.2739308e-01
   1.1694165e-01
   2.2206123e-01
   4.6178424e-01
   9.3080825e-01
   8.1280684e-01
   4.1088420e-01
   1.2337361e-01
   3.1617377e-02
   1.0122991e-01
   1.2941787e-01
   2.1607764e-01
   1.7527957e-01
   8.4837794e-02
   5.3270530e-02
   1.3978842e-01
   1.5978208e-01
   1.6432333e-01
   2.4583884e-01
   2.1237725e-01
   9.3051895e-02
   1.1793939e-01
   2.2160713e-01
   2.0411612e-01
   1.7566247e-01
   4.5616180e-02
  -2.4016090e-02
  -4.0912073e-02
   1.6672458e-03
   6.6826224e-02
   1.8460140e-01
   1.8997513e-01
   3.3867426e-02
   6.2936479e-03
   2.5641052e-02
   1.0554586e-01
   2.9264724e-01
   6.0881007e-01
   6.8943095e-01
   4.0787083e-01
   3.9452739e-02
   3.3924572e-02
   4.0406051e-01
   1.2822303e+00
   1.6114767e+00
   1.0581424e+00
   4.7466841e-01
   1.7038117e-01
   3.9441141e-01
   9.7568464e-01
   1.0088420e+00
   6.2670106e-01
   3.4437111e-01
   2.4383333e-01
   2.0891061e-01
   4.2441672e-01
   2.2727931e+00
   5.3061514e+00
   5.7699652e+00
   3.6466162e+00
   1.5922813e+00
   5.6563550e-01
   1.7518337e-01
   5.3196460e-02
   4.5597699e-02
   7.6165006e-02
   2.6058435e-01
   7.6120067e-01
   9.4001156e-01
   6.9353497e-01
   3.8365173e-01
   1.1006223e-01
   1.1530742e-02
   2.9958095e-03
   7.1061738e-02
   1.2416132e-01
   1.7481834e-01
   1.7996141e-01
   1.6710229e-01
   1.1136045e-01
   5.3982526e-02
   2.8953655e-02
   3.0937584e-02
   3.1092957e-02
   4.7169212e-02
   5.7300907e-02
   8.3151057e-02
   1.1226957e-01
   1.6605559e-01
   2.8277069e-01
   2.5450304e-01
   8.7664001e-02
   1.7911632e-02
   8.9744695e-02
   1.3891445e-01
   8.6995989e-02
   4.9408440e-02
   2.3114316e-02
   5.1446404e-02
   6.1414540e-02
   5.2754536e-02
   4.6217177e-02
   1.0486636e-01
   5.1085673e-02
   7.9498105e-02
   1.1563694e-01
   7.5669758e-02
   5.1076729e-02
   3.3346232e-02
   3.9893620e-02
   1.3272203e-02
   1.8672016e-02
   4.9389303e-02
   1.0856862e-01
   1.6744664e-01
   1.7639428e-01
   9.5377594e-02
  -6.0993372e-03
   1.6184714e-02
   9.0538889e-02
   1.6435657e-01
   3.2774898e-01
   3.4072661e-01
   2.3631842e-01
   1.2063650e-01
   9.3243934e-02
   1.9530024e-01
   3.0058038e-01
   3.4206063e-01
   1.8856275e-01
   5.9719622e-02
   8.0916293e-02
   5.5468172e-01
   1.3301821e+00
   1.5446298e+00
   9.9246556e-01
   4.0167820e-01
   1.1314161e-01
   1.3053192e-01
   1.1302062e+00
   4.1150112e+00
   6.7196236e+00
   5.5756984e+00
   3.0513744e+00
   1.3981105e+00
   5.1922762e-01
   1.7384414e-01
   7.4665852e-02
   1.5901719e-01
   3.4078258e-01
   6.8025994e-01
   1.0137473e+00
   8.9673847e-01
   6.1539286e-01
   2.9563510e-01
   1.9167461e-01
   1.4421046e-01
   1.5352404e-01
   1.7484581e-01
   1.8416929e-01
   2.3334019e-01
   1.8353009e-01
   1.1011573e-01
   8.0684550e-02
   2.1000853e-02
   4.6724085e-02
   7.0725001e-02
   5.3263247e-02
   6.4914130e-02
   1.1342959e-01
   1.4034869e-01
   8.5507855e-02
   4.4371702e-02
   6.6522956e-02
   8.0389477e-02
   5.9220564e-02
   3.1451505e-02
   5.4150976e-02
   3.9840911e-02
   2.9827524e-02
   3.6304884e-02
   5.9080791e-02
   4.0813874e-02
   3.3790041e-02
   7.4340992e-02
   1.2462495e-01
   1.0974286e-01
   1.1765685e-01
   8.0709919e-02
   2.7795434e-02
   8.0847412e-02
   1.0347295e-01
   4.7951039e-02
  -1.6800673e-03
   3.1897880e-02
   6.1974760e-02
   1.1540840e-01
   1.4996669e-01
   1.6020784e-01
   1.3824053e-01
   8.7058477e-02
   7.8858897e-02
   6.7493752e-02
   1.3724676e-01
   1.6882017e-01
   3.0137444e-01
   1.8453550e-01
   1.2001324e-01
   9.2388779e-02
   9.4751082e-02
   1.4436236e-01
   1.5034576e-01
   1.0758349e-01
   1.5778641e-01
   2.5481302e-02
   1.4013746e-01
   3.3020523e-01
   4.7681934e-01
   3.9367697e-01
   2.0125180e-01
   3.8164958e-02
   8.2841694e-02
   2.2344422e-01
   8.4511912e-01
   1.5882182e+00
   1.5406175e+00
   9.8381406e-01
   4.9955979e-01
   2.2538723e-01
   1.3670211e-01
   5.3483769e-02
   1.6355364e-01
   3.2311362e-01
   3.7243041e-01
   4.1270012e-01
   3.5855848e-01
   3.0021816e-01
   1.7266138e-01
   1.5449242e-01
   1.6978209e-01
   1.3496146e-01
   1.0365436e-01
   1.5756400e-01
   1.6174577e-01
   1.0158503e-01
   8.5309148e-02
   5.3479470e-02
   3.1072745e-02
   9.2049642e-03
   3.0068923e-02
   6.2959149e-02
   5.6626100e-02
   9.4273090e-02
   6.8072215e-02
   4.3007951e-02
   7.1720578e-02
   6.0436897e-02
   3.9669748e-02
  -4.2863199e-03
  -4.8882943e-03
   8.8273473e-02
   4.7551598e-02
   3.7470140e-02
   9.3874358e-02
   8.8709243e-02
   6.6861250e-02
   6.6447131e-02
   9.9757873e-02
   5.7350118e-02
   5.2028704e-02
   9.9233799e-02
   1.3608624e-01
   1.8750772e-01
   1.6890389e-01
   9.9898115e-02
   1.0969136e-01
   1.1388820e-01
   6.3970447e-02
   7.6024309e-02
   1.2009867e-01
   6.3206889e-02
   7.3533386e-02
   3.9470483e-02
   2.2504002e-02
   2.4988104e-02
   6.8345785e-02
   6.2218215e-02
   7.4468888e-02
   1.4136972e-01
   7.6579846e-02
   7.6180346e-02
   7.3930487e-02
   2.7952040e-02
   5.0792452e-02
   5.2453741e-02
   2.7375495e-02
   1.1274937e-02
   2.5574181e-02
   9.0999112e-02
   2.1634713e-01
   2.3018648e-01
   1.1657854e-01
   9.9341683e-03
  -2.9670969e-02
   4.8658814e-02
   2.3448339e-01
   4.7820243e-01
   4.9531138e-01
   3.0058584e-01
   2.2793067e-01
   1.4622837e-01
   7.5679101e-02
   7.2055787e-02
   1.3256258e-01
   2.6678821e-01
   1.8848997e-01
   1.2724650e-01
   1.0282341e-01
   1.3681422e-01
   1.3466726e-01
   1.3735686e-01
   1.5344957e-01
   1.5161709e-01
   2.0015474e-01
   1.3970697e-01
   8.8799693e-02
   1.4876568e-01
   2.4236496e-01
   2.6965606e-01
   1.6365768e-01
   7.4605249e-02
  -7.0031919e-03
   5.8400720e-02
   2.2533382e-01
   3.3247977e-01
   2.5755814e-01
   2.2758967e-01
   1.1849428e-01
   2.1177107e-03
   2.9195838e-02
   5.0029278e-01
   1.2254573e+00
   1.4604808e+00
   9.3966204e-01
   4.6897107e-01
   1.7002808e-01
   8.1122346e-02
   1.9796242e-01
   4.7202560e-01
   5.2231914e-01
   3.7555939e-01
   2.8114539e-01
   1.5223503e-01
   1.3892575e-01
   2.1260285e-01
   3.7972346e-01
   3.9900282e-01
   2.4850093e-01
   8.4843792e-02
   2.5361106e-02
   5.3922746e-02
   5.3516876e-02
   4.2250972e-02
   5.6590270e-02
   6.7354292e-02
   3.9248820e-02
   7.4344903e-02
   5.4956838e-02
   4.3960806e-02
   6.9730021e-02
   1.3290945e-02
   1.7409611e-02
   8.9075521e-02
   6.9701180e-02
   7.4363582e-02
   6.5787032e-02
   4.0659919e-02
   2.4228582e-02
   5.4796007e-02
   7.1128547e-02
   5.5542685e-02
   8.7379113e-02
   3.1780832e-02
   1.0067442e-02
   3.9112255e-02
   6.4228393e-02
   4.8339065e-02
   1.3695912e-01
   1.4808367e-01
   9.5617108e-02
   5.9177853e-02
   3.0343512e-02
   1.8935075e-02
   5.6578577e-02
   5.2099764e-02
   1.0924974e-01
   1.3976529e-01
   1.1707591e-01
   7.7209815e-02
   5.1506430e-02
   2.9662699e-02
   4.8076537e-02
   5.7141822e-02
   7.4824132e-02
   6.7373157e-02
   2.8073862e-02
   6.5438658e-02
   6.6356145e-02
   5.3441335e-02
   7.2702266e-02
   5.5297144e-02
   7.9837508e-02
   5.5564862e-02
   3.9883479e-02
   1.4738159e-01
   2.3490386e-01
   1.6264382e-01
   1.0243446e-01
   6.8016507e-02
   3.6574714e-02
   5.3099241e-02
   2.0517941e-01
   4.0623987e-01
   4.6746007e-01
   2.8946477e-01
   1.0527994e-01
   4.9131446e-02
   7.7829443e-02
   1.1233945e-01
   1.7614008e-01
   2.1081631e-01
   1.6024289e-01
   1.8061952e-01
   1.5705125e-01
   6.7062028e-02
   8.6790457e-02
   1.7144346e-01
   1.3100550e-01
   5.2129626e-02
   7.5779706e-02
   1.3459802e-01
   1.6634466e-01
   1.5470158e-01
   5.5869557e-02
  -6.9319336e-03
  -1.3888644e-02
   1.2781480e-01
   2.3084258e-01
   2.6966053e-01
   2.4011531e-01
   1.1579496e-01
   3.9386369e-02
   8.7594047e-02
   2.2489245e-01
   4.4751984e-01
   6.1147726e-01
   5.9278321e-01
   3.3154583e-01
   1.3427894e-01
   1.4045889e-02
   2.5144729e-01
   4.9813265e-01
   5.6915760e-01
   6.1723650e-01
   6.0581392e-01
   5.0096470e-01
   4.5826793e-01
   7.3391658e-01
   1.1327932e+00
   1.1596671e+00
   7.4594790e-01
   3.7984607e-01
   9.6804500e-02
   2.1603511e-01
   1.0465851e+00
   1.6762266e+00
   1.5211316e+00
   7.7092469e-01
   3.1918648e-01
   4.7994107e-02
   2.8398663e-01
   2.3784871e+00
   5.3027415e+00
   5.8655534e+00
   3.8526545e+00
   1.8199987e+00
   5.7479995e-01
   3.9575505e-01
   1.3046691e+00
   2.2778976e+00
   2.2207034e+00
   1.6448345e+00
   1.2970915e+00
   9.3452877e-01
   7.5287396e-01
   1.1382667e+00
   1.3597873e+00
   1.1411233e+00
   8.2160455e-01
   5.0946426e-01
   3.0569148e-01
   4.4587567e-01
   9.9193507e-01
   1.0236535e+00
   6.7713720e-01
   4.7074208e-01
   3.0205840e-01
   2.4519648e-01
   1.3875744e-01
   8.9981191e-02
   1.3451537e-01
   1.5769254e-01
   1.6402711e-01
   1.5757100e-01
   1.5818359e-01
   1.0976856e-01
   2.0615998e-01
   2.4923177e-01
   1.3469282e-01
   9.4928496e-02
   5.7532188e-02
   4.4937838e-02
   5.6315329e-02
   3.6976300e-02
   7.0130043e-02
   5.7082616e-02
   3.4458168e-02
   5.0470140e-03
   9.2812672e-02
   1.3971804e-01
   1.0635762e-01
   2.0338999e-02
  -1.8591134e-02
  -5.8379555e-03
   7.6654762e-02
   2.2411661e-01
   3.4816498e-01
   3.4619072e-01
   1.6249110e-01
   4.2935424e-02
   5.8848813e-02
   1.1964397e-01
   2.4748284e-01
   4.0458912e-01
   3.9695585e-01
   2.5148883e-01
   2.4307163e-01
   2.3086536e-01
   3.0224910e-01
   2.6794463e-01
   2.0433980e-01
   8.5966840e-02
   4.2736188e-02
   2.1908984e-01
   4.3387067e-01
   5.5669516e-01
   3.3170831e-01
   8.2596779e-02
   9.1780899e-03
  -5.5560015e-02
   3.1714386e-01
   1.4044694e+00
   2.1553295e+00
   1.7317476e+00
   9.0111238e-01
   1.8916030e-01
   4.7929618e-03
   1.3791740e-01
   5.4183537e-01
   7.2234541e-01
   5.7188994e-01
   4.3603447e-01
   4.3128550e-01
   2.9571354e-01
   3.0978116e-01
   4.2049941e-01
   3.9916658e-01
   2.6792538e-01
   2.2607405e-01
   1.1033938e-01
   1.6739263e-01
   2.9907495e-01
   5.1319456e-01
   4.7194931e-01
   2.9523489e-01
   2.2679211e-01
   1.3297069e-01
   8.7665349e-02
   9.3917504e-02
   1.5380512e-01
   1.1190080e-01
   1.0365395e-01
   7.2054803e-02
   1.3412988e-01
   8.8217683e-02
   1.1963221e-01
   1.1113088e-01
   1.0581455e-01
   7.5639166e-02
   7.0780270e-02
   7.7744834e-02
   5.5307750e-02
   3.3659447e-02
   3.8278781e-02
   6.1973341e-02
   7.6614350e-02
   7.3916212e-02
   7.8580819e-02
   4.3697897e-02
   3.1712800e-02
   1.4073555e-02
   6.8857051e-02
   1.5758999e-01
   1.4535910e-01
   1.1117870e-01
   1.1977893e-01
   1.3758913e-01
   6.9625773e-02
  -1.4045836e-02
   4.0501997e-02
   5.2775577e-02
   7.0362203e-02
   2.4023399e-01
   4.3621534e-01
   4.3984082e-01
   3.2762656e-01
   1.5760292e-01
   1.1462963e-01
   4.9189396e-02
   3.4876114e-01
   1.5678314e+00
   2.7744081e+00
   2.5078893e+00
   1.4419143e+00
   5.7903361e-01
   2.1265449e-01
   2.6092750e-01
   6.8676269e-01
   8.3952123e-01
   9.9962109e-01
   1.3398211e+00
   1.3819128e+00
   9.8433918e-01
   4.0868413e-01
   3.8347658e-02
   1.2259077e-02
   2.0872363e-01
   4.0367585e-01
   4.6542853e-01
   3.9852053e-01
   2.8435841e-01
   1.3738151e-01
   1.0297387e-01
   1.2357675e-01
   1.8316002e-01
   1.4189275e-01
   1.0517895e-01
   5.1614493e-02
   9.0822630e-02
   1.1202036e-01
   1.4902124e-01
   1.8213083e-01
   1.7008343e-01
   1.0340737e-01
   8.1727155e-02
   8.2893692e-02
   4.0298548e-02
   2.8057961e-02
   2.0109089e-02
   8.0394417e-02
   7.3319174e-02
   2.9033856e-02
   7.1901359e-02
   1.2190772e-01
   1.3357766e-01
   9.4064154e-02
   1.9701727e-02
   2.6995692e-02
   1.0746846e-02
  -1.3592836e-02
   2.2466520e-02
   5.8175366e-02
   7.9743415e-02
   3.8229752e-02
   5.4538455e-02
   9.3729503e-02
   9.2688695e-02
   5.5076655e-02
   4.2034645e-02
   5.7840750e-02
   6.6213042e-02
   1.3381879e-01
   1.5264425e-01
   6.8962686e-02
   4.8143443e-02
   2.1162186e-02
   6.1097033e-02
   9.7002663e-02
   3.5904471e-02
   3.5407595e-02
   1.0636189e-01
   1.9959179e-01
   1.7965589e-01
   9.5550008e-02
   5.6772590e-02
   1.2046996e-02
   3.7782263e-02
   1.6068061e-01
   4.0357280e-01
   5.4134643e-01
   5.6818384e-01
   4.0214965e-01
   1.4566652e-01
   7.2125018e-02
   8.4415756e-02
   1.3149650e-01
   2.0778576e-01
   2.7723661e-01
   3.8342571e-01
   3.4188274e-01
   2.5739667e-01
   1.5926692e-01
   3.7161611e-02
   3.6114976e-02
   1.0694877e-01
   1.7018881e-01
   1.6597414e-01
   1.8076587e-01
   8.2461111e-02
   7.3537819e-02
   5.9747934e-02
   7.2644517e-02
   6.3240699e-02
   8.0899775e-02
   3.4046151e-02
   1.5114767e-02
   4.9431052e-02
   6.8898223e-02
   7.8191325e-02
   7.6249957e-02
   6.9410823e-02
   4.7435444e-02
   2.7236257e-02
   3.7204839e-02
   4.0863253e-02
   7.5600453e-02
   4.3344956e-02
   3.8903479e-02
   7.1905494e-02
   6.7611739e-02
   5.7616621e-02
   5.7847641e-02
   4.1647810e-02
   5.0310560e-02
   2.1776907e-02
   3.4416977e-02
   2.9792376e-02
   3.4876339e-02
   5.1170103e-02
   4.9736105e-02
   2.7797628e-02
   5.0535101e-02
   4.2483013e-02
   6.9858998e-02
   7.5872935e-02
   8.0366917e-02
   4.8113942e-02
   5.5331971e-02
   4.4418514e-02
   3.7902016e-02
   8.8431582e-02
   5.5338494e-02
   6.1080545e-02
   4.5544654e-02
   3.0332893e-02
   3.4538941e-03
   5.5762511e-03
   4.9485374e-02
   8.9760512e-02
   5.3930040e-02
   1.3110957e-02
   1.2231666e-02
   4.9248241e-02
   4.9837224e-02
   4.5694772e-02
   1.2822887e-01
   1.9643515e-01
   1.0575075e-01
   6.4181857e-02
   5.4045051e-02
   7.0382558e-02
   3.9874990e-02
   6.9620036e-02
   8.3378084e-02
   7.1014315e-02
   1.4129962e-01
   1.4782937e-01
   1.0612155e-01
   5.3109944e-02
   4.5873947e-03
   3.4536891e-02
   1.4898052e-02
   4.3143880e-02
   6.2489010e-02
   5.3324796e-02
   5.6520436e-02
   1.6334919e-02
   6.4831758e-03
   4.2130239e-02
   3.0706631e-02
   3.4615476e-02
   1.6686520e-02
   3.4050476e-02
   3.1489156e-02
   2.6720831e-02
   5.0390892e-02
   3.9263874e-02
   3.0957581e-02
   2.9395148e-02
   5.2626662e-02
   4.3785408e-02
   6.1220182e-03
  -2.0106502e-03
  -3.3206851e-03
   3.1565383e-02
   2.0852871e-02
   4.8264597e-02
   6.7168161e-02
   6.3867941e-02
   2.5489736e-02
   3.7087273e-02
   2.9614935e-02
   3.9497733e-02
   6.1089631e-02
   7.2079815e-02
   5.3206164e-02
   2.0330101e-02
   3.2040305e-02
   5.6463130e-02
   3.7764885e-02
   4.0808242e-02
   1.1605857e-02
   2.2348680e-02
   1.4494319e-02
   5.2717820e-02
   4.4769116e-02
   3.4218960e-02
   2.8671551e-02
   2.4594462e-02
   4.2456757e-02
   2.2813249e-02
   5.4309897e-02
   5.2430857e-02
   5.4293182e-03
   1.1501469e-02
   3.2137241e-02
   3.6894791e-02
   4.8605334e-02
   5.1112629e-02
   5.4178458e-02
   6.7364872e-02
   5.8946822e-02
   9.6854001e-02
   1.3565697e-01
   8.8448532e-02
   6.2551439e-02
   5.5250093e-02
   3.5249617e-02
   4.8635583e-02
   3.6655579e-02
   6.8884604e-02
   7.5372741e-02
   6.9545776e-02
   5.8038775e-02
   2.7200006e-02
   1.1117349e-02
   2.9977752e-02
   7.5909026e-02
   3.1559303e-02
   1.3777428e-02
   4.8658583e-02
   3.1541817e-02
   1.7593343e-02
   6.2029105e-02
   4.0497627e-02
   5.6340139e-02
   6.1732188e-02
   4.6171036e-02
   2.1794694e-02
   2.7500197e-02
   4.6080489e-02
   5.7840429e-02
   3.7116140e-02
   3.9421469e-02
   2.2661822e-02
   3.6458701e-02
   4.2299397e-02
   6.0007572e-02
   4.1804194e-02
   2.0457199e-02
   4.0805314e-02
   3.1775948e-02
   3.6010150e-02
   4.1217193e-02
   4.1927144e-02
   2.6183948e-02
   2.3351710e-02
   1.2918062e-02
   2.6269004e-02
   4.0208608e-02
   5.1486947e-02
   6.3777179e-02
   5.2960638e-02
   3.0894211e-02
   1.7477810e-02
   4.9011726e-02
   2.5697857e-02
   1.3652489e-02
   3.0402910e-02
   3.6637664e-02
   3.6113765e-02
   4.9679812e-02
   3.9814901e-02
   1.5196551e-02
   1.9650640e-02
   1.0759878e-02
   1.8241478e-02
   6.5347426e-02
   6.1147474e-02
   3.5495084e-02
   4.6078008e-02
   5.0902851e-02
   4.9029440e-02
   1.1939226e-02
   1.5122264e-02
   3.4847245e-02
   3.1374533e-02
   4.4515993e-02
   2.7349120e-02
   1.1385809e-02
   4.2527243e-02
   3.9242152e-02
   2.4795258e-02
   2.5327379e-02
   3.1024363e-02
   3.7638158e-02
   4.1783653e-02
   5.4027427e-02
   7.3118709e-02
   8.9680485e-02
   5.4511961e-02
   6.3146316e-02
   5.7735026e-02
   3.1034565e-02
   6.7602836e-02
   6.2133111e-02
   5.1289938e-02
   6.3219830e-02
   5.5359460e-02
   3.4758888e-02
   5.1068455e-02
   3.4174073e-02
   6.0982328e-02
   6.1062396e-02
   5.2080989e-02
   2.8452113e-02
   1.6911257e-02
   3.0170579e-02
   2.1406105e-02
   1.5011384e-02
   6.8607360e-02
   4.7631871e-02
   4.8089128e-02
   3.2555129e-02
   4.5960300e-02
   1.9659171e-02
  -5.6343270e-03
   1.1093050e-02
   7.0311204e-02
   1.0108601e-01
   6.9355637e-02
   7.6932646e-02
   2.0666275e-02
   1.2729992e-02
   2.1481879e-02
   2.6667390e-02
   3.6599226e-02
   3.0609284e-02
   6.5811157e-02
   3.9416969e-02
   4.3807749e-02
   3.4390733e-02
   4.4077206e-02
   5.8081854e-02
   2.0260414e-02
   1.8442264e-02
   7.6963254e-03
   3.0255744e-02
   2.9193794e-02
   6.9132380e-02
   9.5584139e-02
   6.3921779e-02
   7.3998153e-02
   5.3676996e-02
   2.5857521e-02
   5.3677704e-02
   8.8614494e-02
   1.4498763e-01
   1.3920274e-01
   9.1599986e-02
   1.1163440e-01
   1.1961704e-01
   1.1566688e-01
   8.9014083e-02
   6.9956720e-02
   8.6096324e-02
   2.3472425e-01
   4.1440529e-01
   3.7582737e-01
   3.0441982e-01
   1.6749477e-01
   2.4992034e-02
   1.7241862e-01
   1.0111387e+00
   2.1675920e+00
   2.2550673e+00
   1.3548152e+00
   5.5941445e-01
   1.4091678e-01
   1.3416354e-01
   5.3292722e-01
   6.9476664e-01
   7.0655543e-01
   6.0073090e-01
   4.5965064e-01
   2.7329528e-01
   1.3837245e-01
   9.1217123e-02
   7.4860677e-02
   8.5539661e-02
   1.4941366e-01
   1.7807883e-01
   1.5195784e-01
   8.0451347e-02
   4.6200506e-02
   2.5018198e-02
   4.3021895e-02
   2.3059364e-02
   6.1969507e-02
   1.0014041e-01
   7.8374892e-02
   6.6634849e-02
   9.4407946e-02
   7.7441104e-02
   3.3697505e-02
   4.5179147e-02
   6.6406518e-02
   8.7487832e-02
   5.9446633e-02
   3.1652082e-02
   4.7123507e-02
   3.7141673e-02
   6.1136112e-02
   4.9908195e-02
   5.7762150e-02
   3.4363829e-02
   4.5549024e-02
   6.2130403e-02
   4.3644350e-02
   3.3907313e-02
   9.2253219e-03
   9.9634351e-03
   5.1310072e-03
   3.6792815e-02
   4.9161606e-02
   3.3549633e-02
   3.2946341e-02
   1.8044122e-02
   6.9725811e-03
   3.7932027e-02
   8.1526510e-02
   9.7965822e-02
   9.9405572e-02
   7.2648384e-02
   4.3585785e-02
  -5.9037753e-03
   1.5821876e-02
   2.5914880e-02
   3.1363226e-02
   3.1953488e-02
   7.7133134e-02
   1.0083522e-01
   7.9413086e-02
   7.8793019e-02
   3.2709416e-02
   3.6775727e-02
   6.8420775e-02
   1.6454606e-01
   3.9340416e-01
   5.8314431e-01
   3.7055755e-01
   1.6542286e-01
   3.0069759e-02
   3.7784815e-02
   9.3143865e-02
   1.7181942e-01
   1.7070742e-01
   1.4025594e-01
   1.4325234e-01
   8.4812768e-02
   6.9609568e-02
   1.5183798e-02
   1.1131561e-02
   4.2767711e-02
   6.3547760e-02
   4.4812292e-02
   5.2378491e-02
   4.1953485e-02
   1.7656345e-02
  -9.6319977e-04
   2.5936246e-02
   1.4689936e-02
   4.3586086e-02
   5.0385050e-02
   1.5559728e-02
   2.5523888e-02
   2.8334778e-02
   1.8170452e-02
   3.5467636e-02
   4.5179937e-02
   5.4448150e-02
   4.0875517e-02
   5.4742336e-02
   3.0820303e-02
   5.1610628e-03
   4.0102068e-02
   3.1279247e-02
   5.3079419e-02
   8.5087061e-02
   7.8468494e-02
   2.2662116e-02
   1.1948368e-02
   3.6137283e-02
   3.0130852e-02
   2.8823670e-02
   5.5400845e-02
   4.2865690e-02
   5.5500004e-02
   4.2981770e-02
   2.5250828e-02
   9.8677110e-03
   2.0009935e-02
   2.8507615e-02
   2.2987237e-02
   3.8867854e-02
   6.0141597e-02
   7.0429020e-02
   4.0458709e-02
   3.3635095e-02
   4.0243749e-02
   1.4273318e-02
   2.1787578e-02
   2.2135513e-02
   2.6901063e-02
   4.9881451e-02
   5.9597947e-02
   5.3225048e-02
   3.6080148e-02
   3.6836740e-02
   2.2649994e-02
   3.3082575e-02
   1.0258949e-01
   1.5296929e-01
   1.4240979e-01
   1.1555681e-01
   8.8312432e-02
   3.0469852e-02
   3.8872991e-02
   9.6325293e-02
   1.1728730e-01
   7.3963434e-02
   5.9990380e-02
   1.4206719e-02
   4.6011508e-02
   5.4216642e-02
   1.6317064e-02
   2.1988586e-02
   4.5672484e-02
   6.1900206e-02
   4.5191094e-02
   6.4742215e-02
   5.1735617e-02
   6.1550949e-02
   1.4543868e-02
   3.6295895e-02
   3.7002783e-02
   2.6070993e-02
   3.6840949e-02
   1.6287992e-02
   1.3831801e-02
   1.0814339e-02
   3.5658866e-02
   5.4003339e-02
   2.8564714e-02
   5.4836702e-03
   2.2302354e-02
   2.0904379e-02
   3.5300989e-02
   2.4053950e-02
   4.7175851e-02
   3.0967807e-02
   2.8995305e-02
   2.9064147e-03
   1.5308769e-02
   4.7206610e-02
   6.6699192e-02
   5.0536994e-02
   2.8431112e-02
   1.5373001e-02
   2.8025204e-02
   3.5844013e-02
   1.6171770e-02
   1.7591776e-02
   2.8976430e-03
   1.8307872e-02
   4.5771588e-02
   5.1226258e-02
   6.5859914e-02
   6.0033184e-02
   4.6567298e-02
   5.3090744e-02
   4.4899475e-02
   3.4774657e-02
   2.9269699e-02
   2.1355117e-02
   4.0740550e-02
   4.3438397e-02
   5.8836620e-02
   5.2715536e-02
   4.8222613e-02
   5.4691862e-02
   5.7320956e-02
   2.4492312e-02
   1.0630581e-02
   4.3161869e-02
   3.0808225e-02
   2.9764684e-02
   1.8544385e-02
   2.6963387e-02
   2.4053073e-02
   4.7736820e-02
   6.4725302e-02
   6.1548144e-02
   4.9139511e-02
   3.8505953e-02
   2.6867403e-02
   2.1611225e-02
   2.2659987e-02
   3.3526368e-02
   1.1962991e-02
   3.0549437e-02
   3.2570954e-02
   4.3406114e-02
   3.4468736e-02
   1.8229172e-02
   4.7247902e-02
   6.2795408e-02
   5.5803783e-02
   5.5567630e-02
   4.0446337e-02
   3.5796396e-02
   2.3377247e-02
   3.5682447e-02
   3.5592865e-02
   2.5702741e-02
   3.1467218e-02
   1.7264005e-02
   3.4834635e-02
   5.8012482e-02
   3.0656662e-02
   1.6181823e-02
   4.0606610e-02
   6.3258238e-02
   6.6607177e-02
   5.3458836e-02
   4.6114795e-02
   2.6803019e-02
   2.4869815e-02
   4.9099848e-02
   7.1297780e-02
   6.1599918e-02
   6.8312138e-02
   5.1404323e-02
   1.9597907e-02
   3.6156587e-02
   3.1713717e-02
   2.1031626e-02
   2.5073145e-02
   5.8116287e-02
   2.8548513e-02
   1.3949682e-02
   4.7254186e-02
   5.6422949e-02
   1.8834058e-02
   2.6369562e-02
   5.1727865e-02
   5.1865000e-02
   4.9674410e-02
   3.2566044e-02
   2.2601569e-02
