   1.9690285e-02
  -7.7655930e-03
  -9.7648235e-04
   3.5468262e-02
   2.7750857e-02
   4.7442410e-02
   6.4561717e-02
   6.3902102e-02
   6.1888102e-02
   2.3354916e-02
   3.8445819e-02
   6.0706202e-02
   2.6224444e-02
   3.3077940e-02
   6.0628150e-02
   3.7983265e-02
   3.9008129e-02
   5.7614610e-02
   6.7222379e-02
   9.6518025e-02
   5.5465493e-02
   2.4900112e-02
   2.1226110e-02
   5.5535726e-02
   5.0139204e-02
   5.9051491e-02
   6.8160832e-02
   5.8639571e-02
   5.1182035e-02
   3.9773867e-02
   2.6206495e-02
   2.1896504e-02
   3.4982581e-02
   4.8270833e-02
   5.5370178e-02
   5.6065358e-02
   7.0633173e-02
   7.8282647e-02
   6.4921468e-02
   4.1402336e-02
   4.5845557e-02
   2.6691498e-02
   4.8544880e-02
   6.6480939e-03
   2.8867433e-02
   3.4897119e-02
   3.0094553e-02
   2.8637858e-02
   4.8284810e-02
   5.8062173e-02
   5.0079104e-02
   1.9855499e-02
   1.1303545e-02
   1.8732551e-02
   2.1620858e-02
   3.3006638e-02
   5.3768057e-02
   6.3074835e-02
   3.6839172e-02
   3.0896168e-02
   2.8656103e-02
   4.0527109e-02
   6.0726639e-02
   6.3459665e-02
   3.7352458e-02
   4.7845151e-02
   6.4564534e-02
   4.6129569e-02
   4.6974055e-02
   2.8619939e-02
   2.7369684e-02
   4.0626485e-02
   3.0245064e-02
   1.3481487e-02
   4.0954303e-02
   2.9073244e-02
   5.5554394e-02
   3.6956780e-02
   5.5417251e-02
   4.7173463e-02
   3.4830701e-02
   3.5362452e-02
   3.1516321e-02
   3.9829228e-02
   4.8852347e-02
   2.6660465e-02
   5.4684486e-02
   7.1054511e-02
   5.8082204e-02
   2.3375887e-02
   5.9887450e-02
   5.3079572e-02
   4.2420827e-02
   2.4612097e-02
   3.7656136e-02
   4.3592785e-02
   5.7591837e-02
   5.8228664e-02
   5.4499645e-02
   2.5275551e-02
   5.5548433e-02
   5.6800373e-02
   4.6738859e-02
   5.3062800e-02
   5.3273454e-02
   1.6931511e-02
   2.3934014e-02
   5.0138410e-02
   6.3227989e-02
   3.6758170e-02
   2.5213145e-02
   4.2951476e-02
   4.5307733e-02
   8.1799529e-02
   1.0955460e-01
   5.9323460e-02
   5.5279020e-02
   3.5336975e-02
   4.2993907e-02
   1.2302575e-02
   5.4007929e-02
   3.0765815e-02
   2.4343975e-02
   2.3806095e-02
   5.0117176e-02
   4.2784601e-02
   4.4377752e-02
   3.5875570e-02
   4.9792565e-02
   7.1175799e-02
   5.0763819e-02
   2.9152734e-02
   5.7410955e-02
   2.8818559e-02
   1.0961817e-02
   3.1306557e-02
   4.5627601e-02
   4.6553716e-02
   1.4840761e-02
   3.3900380e-02
   3.8975198e-02
   6.8206219e-03
   2.4906605e-02
   5.3143691e-02
   2.0807495e-02
   2.8868834e-02
   6.2419787e-02
   4.8832539e-02
   5.6372911e-02
   9.5740035e-02
   9.8922320e-02
   5.2861758e-02
   4.6859127e-02
   1.7455846e-02
   4.5689207e-02
   8.8009067e-02
   1.0089521e-01
   4.8428338e-02
   1.5934931e-02
   9.0335906e-03
   5.5493701e-02
   8.9043431e-02
   4.5057654e-02
   1.8497318e-02
   2.8136369e-02
   3.2944806e-02
   5.2857652e-02
   6.1632458e-02
   7.5728618e-02
   6.1356824e-02
   7.0985422e-02
   6.6164114e-02
   1.0323460e-01
   8.8840805e-02
   3.6643926e-02
   4.0421009e-02
   5.0015699e-02
   4.4587608e-02
   5.7624124e-02
   7.3193602e-02
   7.7012144e-02
   4.2148225e-02
   2.4851693e-02
   2.4924485e-02
   2.6875848e-02
   3.0004064e-02
   2.2393564e-02
   4.7955528e-02
   6.2961131e-02
   5.3068511e-02
   2.2935634e-02
   2.9027283e-02
   2.5736779e-02
   1.6031032e-02
   1.6659483e-02
   4.3705668e-02
   6.0539518e-02
   4.5507345e-02
   8.2368199e-03
   2.5892697e-02
   6.1108459e-02
   2.7995056e-02
   4.7255855e-02
   1.4922805e-02
   3.5235986e-02
   1.7757000e-02
   2.3778653e-02
   5.0446577e-02
   4.1541066e-02
   4.7104541e-02
   3.3184413e-02
   1.5489477e-02
   2.4227327e-02
   4.7989603e-02
   5.5366948e-02
   6.5050669e-02
   4.7318697e-02
   2.3158977e-02
   1.5626006e-02
   6.5403357e-02
   7.4638233e-02
   2.4948232e-02
   3.4200607e-03
   4.3668553e-02
   7.1133241e-02
   1.0217965e-01
   8.7384798e-02
   3.6502421e-02
   6.4997993e-02
   5.0711233e-02
   2.5735008e-02
   3.4195811e-02
   4.3018982e-02
   3.3261530e-02
   4.3622486e-02
   7.5100854e-02
   9.1162048e-02
   7.4571140e-02
   4.8810441e-02
   7.4596651e-02
   9.5882282e-02
   1.3033134e-01
   8.2471229e-02
   5.0814658e-02
   1.1187837e-02
   5.4553770e-02
   6.1374780e-02
   2.4950908e-02
   4.2987894e-02
   3.8235232e-02
   4.5417715e-02
   6.9238588e-02
   7.3282532e-02
   1.9143375e-02
   1.4181436e-02
   7.1523964e-02
   3.0887164e-02
   1.5131494e-02
   4.4894278e-02
   6.6816375e-02
   4.8910949e-02
   5.7265360e-02
   3.8004320e-02
   5.2581407e-02
   5.5172838e-02
   4.9563322e-02
   7.0528604e-02
   3.5572246e-02
   3.3911798e-02
   4.6070568e-02
   4.8970770e-02
   2.2497816e-02
   1.3483485e-02
   1.3100263e-02
   4.0764187e-02
   3.7583813e-02
   4.8010081e-02
   3.4190595e-02
   3.4748733e-02
   1.4065689e-02
  -1.1436500e-02
   1.6772097e-02
   2.7617650e-02
   3.4041762e-02
   3.5158861e-02
   2.1731609e-02
   3.4899827e-02
   2.7934963e-02
   7.0485063e-03
   1.1506656e-02
  -4.7444799e-03
   9.3426816e-03
   3.1117344e-02
   4.3771401e-02
   5.2948598e-02
   8.4464505e-02
   6.9882944e-02
   8.1884474e-02
   6.0606569e-02
   5.9568349e-02
   1.6373177e-01
   2.4259105e-01
   1.5781650e-01
   6.8535849e-02
   5.6542754e-02
   7.7841364e-02
   1.0210467e-01
   8.8023953e-02
   4.9829371e-02
   5.3801019e-02
   8.9917228e-02
   1.8117216e-01
   2.2643594e-01
   1.6223383e-01
   8.0150530e-02
   7.1088977e-02
   9.2781574e-02
   6.6168703e-02
   6.1274037e-02
   6.9747783e-02
   6.4769588e-02
   1.9722354e-02
   4.2812850e-02
   4.0423911e-02
   4.0263027e-02
   4.0562768e-02
   4.7115158e-02
   5.0146598e-02
   5.1564641e-02
   4.6063613e-02
   2.0615056e-02
   1.2632659e-02
   1.2942121e-02
   3.2043159e-02
   9.1807932e-02
   1.0429631e-01
   5.9467413e-02
   2.7278146e-02
   6.0407482e-02
   1.7026685e-02
   2.1871021e-02
   2.2573654e-02
   4.9457777e-02
   7.2240353e-02
   5.4968491e-02
   5.9187911e-02
   2.9959066e-02
   3.9026927e-02
   3.8277812e-02
   2.8507732e-02
   1.9441415e-02
   1.4818914e-02
   2.6187656e-02
   3.4535117e-02
   4.9186852e-02
   8.0770344e-02
   5.6789666e-02
   1.0201633e-01
   1.1066529e-01
   7.0642322e-02
   4.7781218e-02
   4.4822305e-02
   5.4270610e-02
   6.0926668e-02
   3.9566003e-02
   4.3233790e-02
   6.2498033e-02
   4.8594754e-02
   3.4942098e-02
   8.5211709e-02
   5.7046972e-02
   4.3664120e-02
   5.2737046e-02
   3.6650434e-02
   7.8205585e-02
   4.2893007e-02
   6.2457871e-02
   7.2053537e-02
   5.7404716e-02
   5.3552467e-02
   6.1465170e-02
   4.7192615e-02
   2.9267263e-02
   4.0772531e-02
   4.0441349e-02
   5.0143018e-02
   4.7020085e-02
   3.1954650e-02
   3.2701898e-02
   5.7868227e-02
   3.1724580e-02
   5.4998029e-02
   7.4829280e-02
   6.3403271e-02
   6.8317987e-02
   4.2072587e-02
   6.6128962e-02
   6.2720552e-02
   6.0130402e-02
   7.3040128e-02
   2.4241850e-02
   8.2144523e-03
   2.3753457e-02
   5.2646872e-02
   6.2204309e-02
   3.5203200e-02
   4.9104281e-02
   3.5144784e-02
   2.6774902e-02
   5.3155206e-02
   5.8750167e-02
   3.6366183e-02
   4.7460888e-02
   4.2388577e-02
   7.6783575e-02
   1.6667631e-01
   1.2564324e-01
   7.3979922e-02
   4.9809035e-02
   5.2200515e-02
   5.3480800e-02
   6.9332376e-02
   9.0540878e-02
   3.6996849e-02
   1.6586296e-02
   1.9985447e-02
   6.9281301e-03
   2.3151185e-02
   7.0156045e-02
   4.2919185e-02
   1.5937261e-02
   5.1526133e-02
   5.7250239e-02
   2.8139571e-02
   2.3297360e-02
   3.6401603e-02
   4.9052343e-02
   6.0704041e-02
   3.3883765e-02
   3.8353559e-02
   4.2150777e-02
   3.0825863e-02
   2.4064725e-02
   2.9679017e-02
   4.3873876e-02
   8.4240854e-02
   7.8802183e-02
   2.4016494e-02
   2.7975876e-02
   3.0729134e-02
   3.0003034e-02
   4.9688272e-02
   3.6407534e-02
   7.3619343e-02
   5.8820266e-02
   3.8205918e-02
   2.9028239e-02
   2.3703091e-02
   4.1970395e-02
   4.1275870e-02
   6.1596233e-02
   5.8237921e-02
   3.9740857e-02
   4.3676965e-02
   4.8715632e-02
   5.1193550e-02
   4.0949773e-02
   5.3973660e-02
   4.8199832e-02
   1.9432871e-02
   3.2515261e-02
   5.3253200e-02
   4.6089217e-02
   2.6229916e-02
   2.7908133e-02
   2.8306408e-02
   2.2300445e-02
   2.0314716e-02
   3.2028504e-02
   2.3574024e-02
   2.0600943e-02
   2.3124030e-02
   3.8215529e-02
   4.6090182e-02
   5.7457566e-02
   4.0162563e-02
   4.0762939e-02
   2.4085863e-02
   3.4065109e-02
   2.1604594e-02
   6.0296725e-02
   2.3617223e-02
   3.4276512e-02
   6.3588552e-02
   7.6174982e-02
   5.7688985e-02
   4.6846662e-02
   3.4240462e-02
   3.6539100e-02
   4.3833957e-06
   3.4851834e-02
   5.3658821e-02
   5.4290563e-02
   4.8990030e-02
   5.2306656e-02
   4.5751486e-02
   2.9690081e-02
   2.9412620e-02
   2.9574174e-02
   2.9921234e-02
   2.7885575e-02
   4.5153625e-02
   4.7276076e-02
   3.1249948e-02
   4.0233362e-02
   3.8487885e-02
   4.0090065e-02
   3.1264916e-02
   2.7675703e-02
   3.2215849e-02
   2.4937427e-02
   3.1899154e-02
   2.6748655e-02
   4.5514885e-02
   4.9484707e-02
   8.6354397e-02
   8.5899189e-02
   1.1165958e-01
   5.1408209e-02
   1.2675300e-02
   3.4155276e-02
   6.1749168e-02
   9.7601630e-02
   4.8815116e-02
   2.8714338e-02
   2.1910707e-02
   6.4895652e-02
   1.3712028e-01
   2.2662492e-01
   1.3391897e-01
   8.7639906e-02
   6.0341433e-02
   4.0321015e-02
   4.8825972e-02
   2.9536793e-02
   4.8367318e-02
   5.9971582e-02
   7.1710393e-02
   4.5048807e-02
   5.1570036e-02
   4.2803906e-02
   7.3209390e-02
   9.0977982e-02
   1.9564066e-02
   3.9837997e-02
   3.7067320e-02
   4.9332719e-02
   3.9421916e-02
   4.9398348e-02
   7.7535078e-02
   8.5806519e-02
   1.0061989e-01
   4.5483202e-02
   4.3714967e-02
   3.7238751e-02
   4.2224545e-02
   1.4189899e-02
   4.3254133e-02
   1.2872408e-01
   1.5281159e-01
   6.2738746e-02
   2.9359419e-02
   1.5676688e-02
   2.9355325e-02
   8.2413085e-02
   9.9510506e-02
   5.6453720e-02
   5.8596782e-02
   3.4965254e-02
   2.0256916e-02
  -1.3321171e-02
   3.8753416e-02
   8.5357875e-02
   9.2377864e-02
   3.7313003e-02
   2.0043496e-02
   7.4671400e-03
   7.6368503e-02
   2.5597832e-01
   2.6626983e-01
   1.4411333e-01
   1.4770454e-01
   8.5796185e-02
   4.0037379e-02
   2.6145060e-02
   1.8055487e-01
   7.9204106e-01
   9.3332911e-01
   5.1350921e-01
   1.8623592e-01
   1.0586841e-01
   1.4836353e+00
   4.8737144e+00
   4.5994229e+00
   1.8855753e+00
   4.2755276e-01
   1.4180085e-01
   1.2396853e-01
   3.3132985e-01
   1.0041302e+00
   1.1143358e+00
   6.0689598e-01
   2.2384438e-01
   9.5010780e-02
   1.0030796e-01
   1.6786331e-01
   2.8668937e-01
   2.6437855e-01
   1.5242887e-01
   7.9149283e-02
   4.9672510e-02
   6.2592074e-02
   8.3383918e-02
   1.0287908e-01
   1.0563042e-01
   1.7210828e-01
   8.4274881e-02
   1.6894009e-02
   5.0822724e-02
   4.6546984e-02
   2.0561635e-02
   4.4315860e-02
   1.7919835e-02
   1.3567053e-02
   1.8600026e-02
   2.5855975e-02
   4.7694460e-02
   3.4276050e-02
   6.5755703e-02
   4.3297656e-02
  -1.7740613e-02
   7.5706416e-03
   4.2408820e-02
   3.8543314e-02
   2.8837795e-04
   2.5108296e-03
   5.9875686e-02
   1.1946093e-01
   2.2950096e-01
   1.3772202e-01
   4.8540022e-02
   1.1073837e-01
   4.5867449e-01
   6.3923520e-01
   2.9947671e-01
   7.8366444e-02
   1.0494807e-01
   1.1158485e-01
   1.1098613e-01
   9.9190176e-02
   1.4507392e-01
   1.8196155e-01
   6.4005417e-01
   6.7033774e-01
   2.9633537e-01
   1.4001803e-01
   6.9376022e-02
   2.9596252e-02
   3.2930017e-02
   1.4681669e-01
   1.6385454e-01
   5.5290591e-02
   4.0714425e-04
   2.4748836e-02
   5.6722388e-04
   3.9621159e-02
   2.4305113e-02
   5.5505320e-02
   5.9910540e-02
   1.7680176e-02
   3.3238243e-02
   3.9436173e-02
   7.9600632e-02
   4.6663150e-02
   4.7530163e-02
   9.2963561e-02
   8.8993050e-02
   4.0992647e-02
   7.7941708e-02
   9.2774242e-02
   1.0589179e-01
   1.1944766e-01
   8.0831170e-02
   5.5946935e-02
   7.2255693e-02
   9.4071604e-02
   1.0612732e-01
   1.1249796e-01
   9.7962864e-02
   5.7903003e-02
   3.2110393e-02
   1.0239412e-01
   1.5649372e-01
   1.3864069e-01
   1.4190598e-01
   1.6532111e-01
   1.7772800e-01
   2.2033846e-01
   1.6560152e-01
   1.3488546e-01
   1.5830952e-01
   2.4709988e-01
   2.9412395e-01
   2.3750871e-01
   2.0255025e-01
   2.4003404e-01
   5.1113445e-01
   6.0369104e-01
   3.7472323e-01
   2.0145717e-01
   3.1551710e-01
   1.0103457e+00
   1.2149465e+00
   7.4828821e-01
   3.8128963e-01
   1.8507506e-01
   1.0437739e-01
   2.0417719e-01
   2.9218337e-01
   2.8073668e-01
   2.3767817e-01
   1.8701831e-01
   8.8588104e-02
   4.7079891e-02
   7.0325524e-02
   1.2178375e-01
   1.3626258e-01
   6.7538731e-02
   3.2615915e-02
   3.5012241e-02
   3.4856658e-02
   5.2997783e-02
   6.9539420e-02
   2.8041631e-02
   2.7714197e-02
   2.9450029e-02
   1.9217955e-02
   4.3818660e-02
   1.7272353e-02
   4.6637081e-02
   6.9254391e-02
   4.2095639e-02
   2.7669579e-02
   1.5102751e-02
   4.3481514e-02
   2.9457819e-02
   3.5763029e-02
   4.9634092e-02
   2.6729034e-02
   5.3071462e-02
   3.7181497e-02
   7.8742571e-02
   8.4102780e-02
   6.5062374e-02
   4.9927708e-02
   1.0846242e-01
   1.3261713e-01
   1.1867783e-01
   8.6841710e-02
   4.5056432e-02
   7.0066892e-02
   7.2525471e-02
   1.1917809e-01
   5.0889336e-02
   6.3128948e-02
   1.3886006e-01
   1.7084418e-01
   9.8226972e-02
   5.7530668e-02
   8.0086648e-02
   2.0691299e-01
   2.5022307e-01
   1.4589034e-01
   1.2640552e-01
   9.6136466e-02
   7.5104177e-02
   4.3366574e-02
   5.7207264e-02
   7.3159762e-02
   4.0943917e-02
   2.8048938e-02
   5.9087783e-02
   7.6660953e-02
   5.5977382e-02
   9.6537001e-02
   5.3190053e-02
   1.3817254e-02
   3.1366886e-03
   2.5481952e-02
   2.5308188e-02
   8.6412780e-02
   1.3203844e-01
   1.3053472e-01
   7.9809807e-02
   4.7252391e-02
   4.7100037e-02
   3.5823833e-02
   4.3112226e-02
   2.7968906e-02
   3.6255945e-02
  -1.0728046e-03
   3.0589923e-02
   8.1526749e-02
   5.2666765e-02
   8.0231160e-02
   8.4771514e-02
   4.2216469e-02
   1.3986838e-02
   4.7702756e-02
   5.4218464e-02
   7.7456176e-02
   4.6048474e-02
   2.7267992e-02
   3.7749324e-02
   6.2668860e-02
   3.7142482e-02
   4.5893319e-02
   5.5290930e-02
   6.9769464e-02
   4.9194943e-02
   3.5337050e-02
   2.9002246e-03
   1.6888490e-02
   1.1444502e-01
   9.4208576e-02
   6.4209409e-02
   4.6618447e-02
   5.9794329e-02
   9.7352892e-02
   9.6431680e-02
   9.6456043e-02
   6.0153302e-02
   1.4898381e-02
   8.2773171e-02
   1.1368792e-01
   8.7122671e-02
   3.4833971e-02
  -7.8217881e-03
   6.2561177e-02
   7.5687975e-02
   6.3804023e-02
   8.7721102e-02
   9.0417311e-02
   1.1571714e-01
   7.1577184e-02
   3.4574833e-02
   7.1201615e-02
   5.8838531e-02
   9.5846936e-02
   1.1077821e-01
   6.7031980e-02
   3.7810542e-02
   9.7979695e-02
   1.8532161e-01
   2.0617212e-01
   1.6667907e-01
   7.7708796e-02
   8.0640092e-02
   1.0923538e-01
   7.0911475e-02
   7.4270986e-02
   6.4527065e-02
   5.0381444e-02
   4.7319710e-02
   4.5224957e-02
   2.2753965e-02
   4.2393699e-02
   8.2272857e-02
   7.3438421e-02
   6.6323973e-02
   1.3028333e-02
   3.8161788e-02
   4.8673898e-02
   5.5208486e-02
   2.6537163e-02
   1.1841554e-02
   4.1074716e-02
   3.2745425e-02
  -2.6514099e-03
   3.6318477e-02
   8.2491495e-02
   1.1167874e-01
   7.3104814e-02
   2.3596810e-02
   1.4770117e-02
   4.6440508e-02
   7.8993931e-02
   5.9386861e-02
   2.3834115e-02
  -2.2546994e-03
   3.3165246e-02
   2.5072224e-02
   6.3064247e-02
   4.2249478e-02
   4.9375545e-02
   4.0909782e-02
   3.6642015e-02
   4.8411656e-02
   4.9350508e-02
   4.2405769e-02
   6.6610441e-02
   7.2575785e-02
   5.8023907e-02
   7.6645829e-02
   1.0870965e-01
   1.0253477e-01
   7.6856561e-02
   9.1059551e-02
   7.1393207e-02
   1.0740498e-01
   1.0182933e-01
   1.1024175e-01
   7.1375437e-02
   6.1146371e-02
   7.0370875e-02
   9.1562480e-02
   6.6807650e-02
   7.1740679e-02
   8.0533430e-02
   1.2117338e-01
   1.1295225e-01
   8.8066608e-02
   1.0056929e-01
   1.2458130e-01
   1.5248914e-01
   1.2455034e-01
   7.1744591e-02
   1.0574681e-01
   1.7918257e-01
   1.9967280e-01
   1.2148277e-01
   1.0270360e-01
   1.7307557e-01
   2.5755358e-01
   3.2071212e-01
   1.9685566e-01
   1.2616360e-01
   2.1578681e-01
   2.9470560e-01
   3.1931433e-01
   2.5810874e-01
   1.9627832e-01
   2.7309284e-01
   3.9517513e-01
   2.8830123e-01
   1.5498179e-01
   1.0565008e-01
   4.1632518e-01
   6.3249296e-01
   3.8818720e-01
   1.1605457e-01
   1.0597360e-01
   7.4164164e-01
   1.3901982e+00
   1.0014014e+00
   3.4747347e-01
   2.1742594e-01
   9.8547709e-01
   1.6228584e+00
   1.2070774e+00
   6.0241795e-01
   2.9153520e-01
   3.1998244e-01
   3.0260786e-01
   1.9450675e-01
   1.5542127e-01
   1.9768897e-01
   2.4837935e-01
   1.6687128e-01
   7.9229407e-02
   1.0525870e-01
   2.0019780e-01
   9.1276325e-02
   2.2745753e-02
   3.8147911e-02
   3.6765754e-02
   5.0443389e-02
   2.4211433e-02
  -9.5956819e-03
   7.1393708e-03
   2.5691628e-02
   4.1332196e-02
   7.5135238e-02
   8.5162997e-02
   1.3843769e-01
   9.4023034e-02
   5.0571088e-02
   4.5812991e-02
   2.5653164e-03
  -1.7032601e-03
   7.5358331e-02
   9.0145744e-02
   8.8095471e-02
   1.1860747e-01
   8.9849316e-02
   1.0450255e-01
   1.7117193e-01
   1.3649701e-01
   6.5560140e-02
   9.0597518e-02
   7.7773385e-02
   7.6232933e-02
   3.7665404e-02
   1.2087424e-01
   1.8561681e-01
   1.4151481e-01
   7.0810698e-02
   5.9257276e-02
   1.7371850e-01
   3.3974138e-01
   2.6995343e-01
   1.5427902e-01
   6.7394167e-02
   1.4975160e-01
   2.3423435e-01
   1.7017986e-01
   9.8458692e-02
   1.0081421e-01
   1.4356010e-01
   1.7403670e-01
   1.1475872e-01
   7.1191251e-02
   4.9649067e-02
   6.6906340e-02
   6.7802757e-02
   4.3137427e-02
   2.7401380e-02
   7.1159981e-02
   3.6538791e-02
   1.0369046e-02
   1.5036293e-02
   4.5841992e-02
   1.4018552e-01
   1.2703180e-01
   6.9067590e-02
  -2.4089871e-03
  -1.1862170e-02
   1.3733087e-02
   5.4154031e-02
   5.8937144e-02
   8.6831309e-02
   1.3819413e-01
   1.1261567e-01
   6.4933538e-02
   3.7468430e-02
   3.4876272e-02
   3.8866520e-02
   2.4428174e-02
   4.5009814e-02
   2.3329981e-02
   4.3915685e-02
   2.7038358e-02
   2.0510832e-02
   1.6775573e-02
   2.6054751e-02
   3.8632523e-02
   7.9495095e-02
   1.3213490e-01
   1.0925370e-01
   1.1970305e-01
   1.1973546e-01
   5.8435295e-02
   3.8104303e-02
   4.8035793e-02
   1.1873429e-01
   1.5403657e-01
   1.3175258e-01
   7.0564471e-02
   3.5050768e-02
   1.7287897e-01
   2.7284351e-01
   1.5885094e-01
   6.0791701e-02
   1.0898843e-02
   5.3552873e-02
   4.1201308e-02
   1.5230500e-02
   3.3415742e-02
   4.1410279e-02
   3.1047501e-02
   4.3757431e-02
   3.2078736e-02
   4.8671369e-02
   5.1799763e-02
   6.0794089e-02
   3.8226526e-02
   5.9369661e-02
   4.0268693e-02
   4.2779431e-02
   2.8762106e-02
   3.0865615e-02
   2.2944978e-02
   1.6897233e-02
   3.1550568e-02
   5.6039352e-02
   7.7321745e-02
   4.4623211e-02
   6.4594954e-02
   5.2647106e-02
   8.3758920e-02
   1.4285965e-01
   9.6117251e-02
   4.9051590e-02
   4.6349626e-02
   4.3319587e-02
   4.9584925e-02
   1.3025492e-02
   4.3840306e-03
   2.2371849e-02
   2.0319739e-02
   4.0592428e-02
   2.5327684e-02
   2.6544390e-02
   4.2983908e-02
   5.5476017e-02
   4.4429619e-02
   4.7624342e-02
   2.1905771e-02
   2.2681421e-02
   6.1352890e-02
   1.0313146e-01
   6.2152740e-02
   8.6104177e-02
   4.1293073e-02
   2.7374206e-02
   6.8298176e-02
   6.0376599e-02
   4.5075431e-02
   6.6533640e-02
   7.2125867e-02
   5.8211010e-02
   4.7731701e-02
   5.1061641e-02
   4.6034511e-02
   7.9153828e-02
   8.2503892e-02
   4.8433490e-02
   4.1309185e-02
   3.1200301e-02
   4.6155062e-02
   3.8852900e-02
   3.5096198e-02
   4.3761194e-02
   3.8546294e-02
   1.3776408e-02
   1.2116967e-02
   2.8559355e-02
   4.3360498e-02
   2.2847172e-02
   5.4435395e-02
   3.2820657e-02
   3.0249555e-02
   5.6202430e-02
   4.5670513e-02
   6.0159046e-02
   7.5492300e-02
   5.7941794e-02
   3.2012794e-02
   1.9447524e-02
   3.1173231e-02
   6.2813222e-02
   2.5405116e-02
   2.7915344e-02
   6.5949962e-02
   5.0460942e-02
   2.3311773e-02
   5.2674230e-02
   8.4153198e-02
   7.1795888e-02
   5.5111069e-02
   6.4877555e-02
   6.1746426e-02
   4.6309967e-02
   4.0694125e-02
   3.0880239e-02
   3.6376126e-02
   8.4499173e-02
   7.8279421e-02
   7.3631696e-02
   8.8832267e-02
   7.0235737e-02
   6.1939340e-02
   4.0216949e-02
   3.5606809e-02
  -7.5948815e-04
   1.8395131e-02
   1.9298188e-02
   1.5606433e-02
   1.6372314e-02
   3.4714565e-02
   5.5052895e-02
   1.2482675e-02
   4.9697474e-02
   4.3620829e-02
   2.6447812e-02
   3.5407174e-02
   5.5215091e-02
   4.5322217e-02
   4.0620971e-02
   3.0957101e-02
   3.2303594e-02
   5.1560111e-02
   4.6052773e-02
   2.5922747e-02
   4.2523667e-02
   4.8359476e-02
   4.3026011e-02
   3.4654148e-02
   3.3188261e-02
   3.4584615e-02
   1.8820764e-02
   3.7100941e-02
   5.2092515e-02
   3.7737727e-02
   2.3562038e-02
   2.6187634e-02
   3.0437274e-02
   4.9929146e-02
   4.8199255e-02
   1.6899480e-02
   3.7929453e-02
   4.2827744e-02
   4.3274745e-02
   4.0702417e-02
   3.8720079e-02
   1.6756563e-02
   4.8835222e-02
   3.2991983e-02
   3.5398707e-02
   7.6996759e-02
   5.2716959e-02
   6.1519500e-02
   3.9137017e-02
   5.7434078e-02
   6.1044279e-02
   4.3257259e-02
   4.0817320e-02
   1.9533411e-02
   3.7400104e-02
   5.9499819e-02
   4.2363223e-02
   2.7031383e-02
   3.5615761e-02
   3.2139748e-02
   5.0831106e-02
   4.8299182e-02
   2.7410440e-02
   4.7520880e-02
   1.5303833e-02
   5.3378765e-02
   4.6698958e-02
   2.5329366e-02
   5.6712374e-02
   4.6209112e-02
   6.7605913e-02
   7.6351404e-02
   4.0717691e-02
   2.8155267e-02
   4.6810936e-02
   3.9851230e-02
   3.7276480e-02
   3.5440605e-02
   5.3964425e-02
   3.6740180e-02
   4.2054676e-02
   4.5908250e-02
   4.6961673e-02
   5.0505124e-02
   2.9357471e-02
   3.1508602e-02
   5.6453500e-02
   2.6014442e-02
   2.3947224e-02
   5.4970238e-02
   3.0439697e-02
   3.2116156e-02
   3.9612550e-02
   6.2915413e-03
   3.2262139e-02
   1.8566789e-02
   2.4521664e-02
   5.0998755e-02
   6.7933127e-02
   5.5445381e-02
   3.3300463e-02
   2.5940388e-02
   3.1757873e-02
   8.0505341e-02
   4.7636103e-02
   6.7637160e-02
   6.5327168e-02
   2.5790947e-02
   3.9114371e-02
   4.9129836e-02
   1.3272218e-02
   1.9645156e-02
   2.0181341e-02
   1.6003806e-02
   3.9713908e-02
   8.0512658e-02
   4.6322860e-02
   5.9482463e-02
   5.5581074e-02
   2.7305586e-02
   3.5785198e-02
   5.0850291e-02
   2.9990062e-02
   1.8116027e-02
   3.6645152e-02
   3.4127448e-02
   7.0587695e-02
   3.4598000e-02
   3.8397193e-02
   3.5212517e-02
   4.5436561e-02
   1.1976644e-02
   2.1617511e-02
   3.9065503e-02
   5.9841257e-02
   2.1607045e-02
   1.1327733e-02
   2.3356194e-02
   3.2523233e-02
   2.8597748e-02
   3.9037306e-02
   4.2334054e-02
   2.8644482e-02
   4.0363584e-02
   5.6283776e-02
   5.9643522e-02
   3.9671808e-02
   7.5548425e-02
   6.7243733e-02
   4.7337513e-02
   3.0993490e-02
   1.1457392e-01
   2.4984439e-01
   2.3072384e-01
   9.5109455e-02
   3.2071114e-02
   9.3335748e-02
   1.5791905e-01
   1.2676302e-01
   9.9438623e-02
   9.0630151e-02
   8.1909135e-02
   5.7167098e-02
   4.1846886e-02
   9.6593939e-02
   7.8571089e-02
   4.6478596e-02
   6.5710030e-02
   5.7787091e-02
   7.8518786e-02
   2.8301928e-02
   1.7969200e-02
   3.1295009e-02
   2.5066927e-02
   3.3487432e-02
   6.8423688e-02
   6.0123466e-02
   6.2777959e-02
   4.1486964e-02
   1.4928862e-02
   3.0671975e-02
   4.6037193e-02
   4.4906829e-02
   3.2834534e-02
   7.0118040e-02
   4.1152734e-02
   3.8405873e-02
   4.0599834e-02
   3.6120560e-02
   4.4772424e-02
   3.3508364e-02
   3.4608729e-02
   3.9000586e-02
   5.3350560e-02
   5.9811916e-02
   4.5456234e-02
   2.4293456e-02
   4.0533631e-03
  -1.0416226e-02
   4.0887576e-02
   6.3588314e-02
   5.4974753e-02
   4.9711607e-02
   3.5508819e-02
   3.7765887e-02
   5.5086061e-02
   6.9865324e-02
   2.9635649e-02
   3.2458853e-02
   2.4702404e-02
   2.0981934e-02
   6.0332641e-02
   6.5499187e-02
   4.8845168e-02
   1.4185627e-02
   1.7873248e-02
   2.3204265e-02
   2.9323811e-02
   2.2710746e-02
   3.8158689e-02
   2.5977915e-02
   1.2413952e-02
   2.5673788e-02
   2.3857022e-02
   5.0847121e-02
   1.8624283e-02
   2.9206665e-02
   2.7423233e-02
   2.8245695e-02
   8.1887506e-03
   1.1418115e-02
   3.0897399e-02
   3.3233423e-02
   1.6567996e-02
   1.7375369e-02
   3.9814372e-02
   4.0103089e-02
   5.4762673e-02
   3.3012800e-02
   2.6013887e-02
   3.3020765e-02
   8.4121665e-03
   4.8982151e-02
   4.3645453e-02
   2.4604812e-02
   5.1983096e-02
   4.7982730e-02
   4.1411515e-02
   4.2424433e-02
   3.4167383e-02
   3.1953309e-02
   4.6802834e-02
   6.1499722e-02
   5.9460025e-02
   2.3135167e-02
   2.3868181e-02
   3.5084985e-02
   2.6518459e-02
   1.3365701e-02
   8.2459953e-03
   4.4512972e-02
   5.2582666e-02
   7.7576928e-02
   7.3008955e-02
   6.8783134e-02
   5.9622027e-02
   2.8554268e-02
   2.5570558e-02
   3.3925761e-02
   1.9669993e-02
   4.9807083e-02
   2.6208885e-02
   2.3445444e-02
   1.5617581e-02
   2.6714381e-02
   4.8307296e-02
   3.2714583e-02
   4.5698486e-02
   3.4698926e-02
   2.5776407e-02
   3.9183747e-02
   3.5477210e-02
   6.9066300e-03
   1.2173881e-02
   5.8090068e-02
   8.3426870e-02
   9.2953421e-02
   7.8847930e-02
   3.6774941e-02
   2.0425696e-02
   2.2181209e-02
   3.4404423e-02
   5.4132327e-02
   3.1910822e-02
   3.7046675e-02
   5.3739961e-02
   2.1779034e-02
   3.5314336e-02
   4.3330178e-02
   1.9507067e-02
   2.2774324e-02
   2.6692990e-02
   3.4176938e-02
   2.4822749e-02
   3.1858567e-02
   1.9974643e-02
   2.7065985e-02
   1.7309319e-02
   4.1172203e-02
   3.4668982e-02
   4.4492386e-02
   5.2430045e-02
   6.3237503e-02
   3.9329335e-02
   3.0218031e-02
   1.8003268e-02
   2.8602893e-02
   4.3635093e-02
   2.7195221e-02
   4.8314504e-02
   6.9947042e-02
   4.9481928e-02
   2.8210059e-02
   3.6470078e-02
   5.7731569e-02
   3.6235552e-02
   3.8757417e-02
   4.5113157e-02
   5.0874196e-02
   5.8156170e-02
   3.6985569e-02
   5.6978140e-02
   3.8918536e-02
   4.8597869e-02
   6.1491333e-02
   2.2537243e-02
   2.6283592e-02
   2.3283122e-02
   6.0073957e-02
   4.5194954e-02
   4.4752710e-02
   3.4505341e-02
   3.5463966e-02
   5.2048974e-02
   3.2797094e-02
   3.4196749e-02
   3.4954771e-02
   2.7041767e-02
   2.9993074e-02
   1.7642463e-02
   1.8841298e-02
   1.9096846e-02
   3.5787474e-02
   5.1654950e-02
   3.3766154e-02
   2.8111270e-02
   3.6231376e-02
   2.7861504e-02
   3.3580214e-02
   3.4522343e-02
   3.2204118e-02
   5.9176260e-03
   1.9686272e-02
   3.8511358e-02
   3.8741674e-02
   1.6035598e-02
   2.6533831e-02
   2.8188664e-02
   4.6076626e-02
   3.2939438e-02
   2.2797875e-02
   3.1685464e-02
   3.8804825e-02
   3.8280055e-02
   6.8991100e-03
   3.1118963e-02
   4.1001555e-02
   1.6615568e-02
   2.0678788e-02
   1.8013835e-02
   7.2845500e-03
   2.3819230e-02
   3.5725396e-02
   4.1693002e-02
   2.9835002e-02
  -1.2918051e-03
   2.7405662e-02
   2.4894960e-02
   2.6749976e-02
   3.4454133e-02
   4.8213746e-02
   2.5540665e-02
   5.6802563e-02
   7.2540522e-02
   8.1611313e-02
   8.4100604e-02
   4.6591990e-02
   5.3112164e-02
   3.0114638e-02
   1.5201483e-02
  -3.4442733e-03
   1.8253623e-02
   4.4066325e-02
   5.0203890e-02
   6.2743306e-02
   4.9993418e-02
   6.4602688e-02
   6.6542722e-02
   6.5108277e-02
   3.5037749e-02
   2.8443536e-02
   2.7138049e-02
   5.9266225e-02
   8.1298344e-02
   5.4556217e-02
   8.4139898e-02
   1.2436120e-01
   6.5181866e-02
   4.0291373e-02
   2.0534337e-02
   4.5466844e-02
   1.6413203e-02
   3.7141901e-02
   3.3271331e-02
   2.9588522e-02
   2.0101681e-02
   4.1927814e-02
   2.3960054e-02
   1.5155642e-02
   1.5839063e-02
   1.7194232e-02
   2.5761288e-02
   5.2837428e-02
   5.5700932e-02
   6.6773586e-02
   4.0361937e-02
   4.8416685e-02
   4.8060086e-02
   3.6283221e-02
   3.8772091e-02
   3.4335382e-02
   4.8369668e-02
   1.2552995e-02
   2.3613002e-02
   5.4786716e-02
   5.2092530e-02
   3.0424410e-02
   4.8853658e-02
   4.5522120e-02
   1.4840046e-02
   6.3315608e-02
   4.5932472e-02
   3.3434063e-02
   6.1142769e-02
   5.1004507e-02
   2.9512091e-02
   4.5128968e-02
   5.1799525e-02
   5.6057237e-02
   4.0883277e-02
   5.0951838e-02
   4.0274072e-02
   3.7952077e-02
   4.6934683e-02
   4.3660149e-02
   2.9616449e-02
   1.4019837e-02
   1.0682078e-02
   3.9026543e-02
   4.2034015e-02
   5.7872579e-02
   5.5965822e-02
   3.1153988e-02
   1.6634587e-02
   2.6494496e-02
   5.8766663e-02
   3.6915552e-02
   2.8860768e-02
   2.7922288e-02
   3.6193259e-02
   2.6058475e-02
   3.2625623e-02
   7.9698101e-02
   6.2326293e-02
   4.7921170e-02
   7.6864630e-02
   7.1248069e-02
   4.2503238e-02
   3.6964726e-02
   1.7673047e-02
   9.0171443e-03
   1.8684313e-02
   3.5436708e-02
   2.7769210e-02
   7.1102783e-02
   6.4243518e-02
   5.5840939e-02
   1.9916290e-02
   3.3154257e-02
   3.9999802e-02
   1.3249951e-02
   4.5245990e-02
   4.1320354e-02
   6.9241308e-02
   9.8887280e-02
   4.1971929e-02
   4.6553973e-02
   6.1820593e-02
   3.2401439e-02
   2.3951964e-02
   6.3647561e-02
   4.5338109e-02
   1.2211321e-01
   2.7533516e-01
   3.4626901e-01
   2.1833742e-01
   1.0655211e-01
   5.1637638e-02
   6.5118916e-02
   5.9669618e-02
   2.3950601e-02
   4.6162896e-02
   4.5569308e-02
   1.0092964e-02
   3.9903909e-02
   7.6609306e-02
   5.0404564e-02
   5.3648256e-02
   2.8706297e-02
   3.3227056e-02
   1.7067287e-02
   5.3408179e-03
   2.8328961e-02
   3.7360318e-02
   3.4261003e-02
   5.4341875e-02
   5.8372173e-02
   5.7872072e-02
   4.7465231e-02
   2.5603116e-02
   1.7243747e-02
   4.5500450e-02
   3.0976133e-02
   3.8021844e-02
   4.9427979e-02
   5.0800651e-02
   5.3768318e-02
   9.0641364e-02
   6.2309675e-02
   4.0696051e-02
   3.4786411e-02
   2.9347312e-02
   4.2968046e-02
   3.5246246e-02
   1.4506586e-01
   2.3644754e-01
   1.9868705e-01
   1.2643689e-01
   9.4321519e-02
   4.1011121e-02
   1.4465300e-02
   2.7998084e-02
   1.2938404e-02
  -3.4669304e-04
   1.3189868e-02
   6.1612815e-02
   5.4559316e-02
   3.5680212e-02
   2.3601400e-02
   4.1858856e-02
   3.9404184e-02
   4.1548811e-02
   2.0963905e-02
   2.4773737e-02
   1.1989086e-02
   2.2524441e-02
   4.4117950e-02
   3.6264163e-02
   3.9413545e-02
   1.6008457e-02
   3.8467586e-02
   6.2528014e-02
   3.4115743e-02
   9.6492264e-03
   1.3264515e-02
   2.9501410e-02
   2.3265537e-02
   3.8386654e-02
   1.3127878e-02
   2.0188335e-02
   3.6840286e-02
   2.3277406e-02
   1.2913899e-02
   6.6825673e-03
   1.1998487e-02
   3.4629669e-02
   3.5931233e-02
   2.8810635e-02
   3.4858774e-02
   3.4359455e-02
   5.3707384e-02
   3.1148519e-02
   3.3778694e-02
   4.1627951e-02
   3.5665251e-02
   4.5995094e-02
   2.9098606e-02
   4.4678789e-02
   3.3118945e-02
   4.7174026e-03
   2.1805003e-02
   2.9301964e-02
   4.4763602e-02
   6.9759205e-02
   4.5655262e-02
   3.6822055e-02
   2.5919251e-02
   2.8964886e-02
   3.1124717e-02
   4.8733849e-02
   3.6627494e-02
   2.2430502e-02
   2.7275547e-02
   4.8333384e-02
   6.0319744e-02
   4.5113862e-02
   4.5627210e-02
   2.6819725e-02
   4.3441873e-02
   3.4427337e-02
   3.5643775e-02
   2.4432806e-02
   1.2751251e-02
   2.4028556e-02
   2.1363959e-02
   1.1343668e-02
   3.2750711e-02
   7.1516238e-02
   5.9258357e-02
   3.5225220e-02
   1.2120226e-02
   1.0621893e-02
   4.5475300e-02
   3.8843397e-02
   1.3599386e-02
   2.7497098e-02
   4.3984160e-02
   5.9819628e-02
   5.1826984e-02
   6.5113313e-02
   5.9643414e-02
   5.2029084e-02
   4.0184066e-02
   3.5583995e-02
   2.5614612e-02
   1.4563977e-02
   2.2210643e-02
   4.6826571e-02
   4.0548045e-02
   8.0459798e-03
   2.9644364e-02
   2.8888363e-02
   5.0102109e-03
   3.2787971e-02
   6.3516594e-02
   4.8498761e-02
   4.0930726e-02
   3.7606563e-02
   3.0828701e-02
  -9.8063899e-03
   2.0423451e-02
   2.3224000e-02
   2.0328658e-02
   1.6652845e-02
   4.5763757e-02
   5.2801203e-02
   3.9743464e-02
   4.7168948e-02
   5.5306669e-02
   5.6471191e-02
   2.9977782e-02
   4.3796692e-02
   3.0724164e-02
   5.6688741e-02
   3.6695618e-02
   8.2080299e-03
   2.8428318e-02
   6.9110908e-02
   4.6526086e-02
   2.7890915e-02
   3.6796279e-02
   5.5166163e-02
   2.3831042e-02
   2.9262243e-02
   2.0932678e-02
   5.3649202e-02
   7.2226644e-02
   6.0637120e-02
   5.1316619e-02
   7.4208893e-02
   4.7448769e-02
   5.5754323e-02
   3.2331586e-02
   1.6753362e-02
   4.0383622e-02
   1.1826700e-02
   2.3417275e-02
   3.3514783e-02
   4.1038688e-02
   5.0876264e-02
   4.7980126e-02
   4.8718326e-02
   2.8045958e-02
   2.5057472e-02
   2.8392039e-02
   4.0443376e-02
   4.7664303e-02
   4.8587035e-02
   2.5374999e-02
   4.4704743e-02
   5.3983353e-02
   3.7553024e-02
   1.4780835e-02
   3.1264208e-02
   1.6522905e-02
   4.3223832e-02
   3.5438504e-02
   2.2858027e-02
   2.4331730e-02
   3.5769131e-02
   2.3660721e-02
   2.6058624e-02
   1.9251810e-02
   3.1678852e-02
   8.0135785e-02
   6.9111601e-02
   5.2419979e-02
   3.4998216e-02
   4.6986565e-02
   3.8073681e-02
   3.2160200e-02
   3.1245058e-02
   1.5662659e-02
   4.6888259e-03
   3.9381377e-02
   6.7491628e-02
   4.8509270e-02
   4.9430005e-02
   5.0230131e-02
   4.9834378e-02
   3.8018189e-02
   1.9342203e-02
   4.9359687e-02
   5.0679252e-02
   3.2454707e-02
   1.5769100e-02
   1.6190194e-02
   3.0317919e-02
   1.9272299e-02
   4.4029392e-02
   5.8546785e-02
   4.3795053e-02
   5.0811589e-02
   1.9863851e-02
   2.3087157e-02
   2.7452841e-02
   1.1548211e-02
   4.9916811e-02
   2.8583949e-02
   6.5092705e-02
   7.1182810e-02
   3.1287946e-02
   2.5397791e-02
   1.3354935e-02
   2.3261519e-02
   4.5879040e-02
   4.1481495e-02
   4.3882933e-02
   3.6307473e-02
   2.2012943e-02
   2.3455983e-02
   3.3008460e-02
   2.4409385e-02
   6.5155298e-02
   7.8975953e-02
   6.2601931e-02
   5.4255206e-02
   3.0764630e-02
   3.8436253e-02
   1.2181099e-02
   4.3370329e-02
   6.7256145e-02
   4.9426123e-02
   4.1490600e-02
   5.3501826e-02
   6.9479086e-02
   5.7960059e-02
   1.7535392e-02
   3.6925070e-02
   4.3642860e-02
   3.3863630e-02
   1.0974479e-02
   4.0032897e-02
   3.6192868e-02
   3.8428172e-02
   5.3881325e-02
   4.1474089e-02
   4.7396291e-02
   3.7854146e-02
   5.3554907e-02
   6.1616775e-02
   8.4104985e-03
   3.6515392e-02
   7.1898878e-02
   5.6478404e-02
   6.2696680e-02
   5.7985201e-02
   4.0434171e-02
   8.1251254e-03
   2.9825017e-02
   4.1212454e-02
   2.9769305e-02
   2.9946009e-02
   1.0177605e-02
   3.6451956e-03
   2.1824941e-02
   3.0262116e-02
   7.2788753e-02
   9.9352054e-02
   8.9963146e-02
   5.1846355e-02
   1.8141458e-02
   1.0833629e-02
   8.7107404e-04
   2.6257250e-02
   1.2028757e-01
   2.5529587e-01
   2.2329886e-01
   1.1738965e-01
   7.2256148e-02
   5.9143569e-02
   4.1536972e-02
   1.4095394e-02
   2.4980262e-02
   5.8031272e-02
   4.6126936e-02
   5.5368762e-02
   7.6923005e-02
   7.4558221e-02
   5.6909088e-02
   5.6099568e-02
   1.2055033e-01
   1.4923157e-01
   1.0800743e-01
   4.9121168e-02
   2.1690815e-03
   2.3258016e-03
   3.0975476e-02
   9.5723920e-02
   1.4501087e-01
   2.5292510e-01
   1.7097257e-01
   9.5406346e-02
   6.2257193e-02
   3.9511170e-02
   4.3772157e-02
   8.0132268e-02
   4.9362857e-02
   2.1251999e-02
   4.3076336e-02
   5.7313766e-02
   3.6406033e-02
   6.7666285e-02
   1.0484914e-01
   1.0976785e-01
   4.8903234e-02
   1.5405302e-03
   7.6762736e-03
   2.4870442e-02
   7.4395433e-02
   5.8307383e-02
   5.3745251e-02
   8.0141112e-02
   6.4137392e-02
   3.3207484e-02
   1.6953290e-02
   1.5007643e-02
   6.6262104e-02
   7.0666783e-02
   6.4213000e-02
   5.9040233e-02
   5.7584923e-02
   6.6682711e-02
   3.8191240e-02
   3.8130734e-02
   2.8010098e-02
   2.9364882e-02
   1.3988503e-02
   1.9668754e-02
   3.4169655e-02
   2.4625910e-02
   3.2134097e-02
   3.7924945e-02
   6.3648358e-02
   6.3366078e-02
   6.1790593e-02
   5.4928888e-02
   5.0546076e-02
   4.1602157e-02
   5.3714070e-02
   5.7435323e-02
   4.3016225e-02
   7.6661155e-02
   8.8592134e-02
   5.4488067e-02
   5.1599380e-02
   6.3049436e-02
   3.2319609e-02
   6.1639859e-03
   1.2157119e-02
   5.2091186e-03
   2.0538924e-02
   3.6629464e-02
   1.9778538e-02
   6.4257793e-02
   9.5584422e-02
   1.0683592e-01
   1.0209510e-01
   7.2827861e-02
   1.0302173e-01
   7.1120523e-02
   3.0870201e-02
   5.8830179e-02
   2.4389662e-01
   4.3578446e-01
   3.6498713e-01
   1.9642186e-01
   9.3163371e-02
   5.3779844e-02
   1.8242398e-02
   3.7020333e-02
   8.2665868e-02
   9.7190358e-02
   9.3685068e-02
   1.0218895e-01
   9.1792226e-02
   8.6905845e-02
   5.6441184e-02
   5.8180470e-02
   1.8035701e-01
   2.0227155e-01
   1.7548651e-01
   1.4981471e-01
   1.0421234e-01
   1.5627280e-02
   2.3112493e-02
   1.0993876e-01
   2.8379604e-01
   3.3281809e-01
   2.3108478e-01
   9.7217128e-02
   7.2817110e-02
   3.0503411e-02
   6.8982884e-02
   7.0469394e-02
   9.5867254e-02
   3.8825676e-02
   3.8614921e-02
   5.4610372e-02
   6.9788039e-02
   6.3794762e-02
   7.4602231e-02
   2.2483943e-02
   3.5283774e-02
   3.2091599e-02
   1.9147748e-02
   2.1198282e-02
   9.0201618e-03
   2.8298594e-02
   5.3246967e-02
   4.1503508e-02
   7.0224307e-02
   4.3930911e-02
   4.0008850e-02
   6.1257135e-02
   5.9458274e-02
   4.3377552e-02
   4.1723184e-02
   6.8455003e-02
   1.6945414e-01
   2.2327881e-01
   1.3288513e-01
   3.6597710e-02
   9.7684702e-03
   5.2996310e-03
  -1.7216371e-03
   3.3696432e-02
   6.2412430e-02
   7.0427723e-02
   4.5295898e-02
   7.8023560e-02
   7.0722237e-02
   3.8987286e-02
   2.2137996e-02
   3.6136974e-02
   2.6500084e-02
   4.3701600e-02
   9.7261146e-02
   6.2593736e-02
   5.7508495e-02
   5.7510588e-02
   4.2485923e-02
   2.2922782e-02
   4.7318581e-02
   6.9508217e-02
   4.7371894e-02
   3.4204461e-02
   1.7356437e-02
   3.0966740e-02
   1.0521334e-01
   1.3026536e-01
   9.1816537e-02
   4.9473211e-02
   4.0719982e-02
   4.0353362e-02
   8.1931233e-02
   7.7095963e-02
   8.2090944e-02
   4.7358051e-02
   3.5277456e-02
   1.4162320e-02
   3.9654516e-02
   8.6035535e-02
   1.4087828e-01
   1.6489753e-01
   1.1284508e-01
   5.3544309e-02
   3.4436755e-02
   2.8920833e-02
   5.3033768e-03
   2.2403374e-01
   6.3044274e-01
   8.6824507e-01
   7.4826717e-01
   3.6776626e-01
   1.1240210e-01
   3.2127593e-02
   1.1672623e-02
   8.0716677e-02
   1.3913080e-01
   1.2633468e-01
   7.9871543e-02
   1.0830662e-01
   1.0793149e-01
   5.5415951e-02
   8.7855160e-02
   2.8134680e-01
   5.4023409e-01
   5.0378108e-01
   2.8315407e-01
   1.3786796e-01
   5.8289148e-02
   1.7681327e-02
   4.8835222e-02
   5.7367723e-02
   2.8305782e-02
   2.9109510e-02
   4.8114397e-02
   1.0451842e-01
   1.0746305e-01
   9.5269993e-02
   5.5548817e-02
   4.6751142e-02
   7.4209340e-02
   5.5942237e-02
   4.7129508e-02
   7.6198921e-02
   6.9748379e-02
   3.8314320e-02
   4.7842309e-02
   4.7556315e-02
   8.1257805e-02
   6.3039526e-02
   1.7663626e-02
   3.0188404e-03
   4.3569840e-02
   2.1221962e-02
   8.1113558e-03
   5.6794647e-02
   1.4961253e-01
   1.4162670e-01
   9.2359893e-02
   8.0372654e-02
   4.7624309e-02
   2.7400600e-02
   6.0038944e-03
   1.1982578e-02
   1.8460289e-02
   2.1541633e-02
  -3.3634047e-03
   4.9589690e-02
   9.4650567e-02
   6.0169868e-02
   8.8287853e-02
   7.3688157e-02
   3.9036144e-02
   3.1037522e-02
   4.5874365e-02
   5.2028563e-02
   1.9809779e-02
   6.5081112e-02
   1.0194279e-01
   4.0799718e-02
   2.1744685e-02
   7.7008642e-02
   6.8168528e-02
   6.5655805e-02
   6.2649041e-02
   5.8239359e-02
   3.3786122e-02
   8.9820966e-02
   1.9632964e-01
   3.4456214e-01
   3.0357021e-01
   1.9689958e-01
   9.7066507e-02
   7.3904514e-02
   7.3920503e-02
   4.5563478e-02
   6.9332726e-02
   1.5187725e-01
   2.0760040e-01
   2.7903774e-01
   2.8615001e-01
   2.2834478e-01
   1.4986372e-01
   1.2192214e-01
   1.9937846e-01
   2.1918030e-01
   1.5161665e-01
   1.3436840e-01
   2.9287085e-01
   3.4705943e-01
   1.9306865e-01
   1.2525178e-01
   1.8126231e-01
   2.0268738e-01
   1.8358952e-01
   1.4544699e-01
   1.1035624e-01
   8.7973617e-02
   1.8220372e-02
   6.9926903e-02
   8.7866813e-02
   5.8024205e-02
   4.4971082e-02
   5.1724177e-02
   2.3468448e-02
   4.8389502e-02
   3.7532806e-02
   4.6242513e-03
  -2.6261669e-03
   1.0824163e-02
   2.5241846e-02
   1.8290209e-02
   4.2234589e-03
   1.2633704e-02
   8.8946991e-02
   1.3778029e-01
   1.5090843e-01
   1.3755544e-01
   1.2530521e-01
   9.3104668e-02
   5.0811496e-02
   7.7428524e-03
   2.9828198e-02
   9.4486572e-02
   7.2359800e-02
   5.3098969e-02
   9.9403307e-02
   1.1370578e-01
   7.1164146e-02
   8.1906088e-02
   6.5894760e-02
   6.9094591e-02
   8.5055195e-02
   1.1352152e-01
   1.1795285e-01
   8.6626291e-02
   7.8844689e-02
   3.8091239e-02
   2.4030812e-02
   2.6877794e-02
   3.3060133e-02
   4.6141461e-02
   8.9944951e-02
   1.3665333e-01
   7.4993402e-02
   2.0648904e-02
  -2.4769617e-02
  -6.3227420e-03
   3.1779554e-02
   2.5566265e-01
   5.9160203e-01
   6.5525836e-01
   4.0870768e-01
   1.9285400e-01
   1.0591894e-01
   3.9006941e-02
   5.2881134e-03
   4.3533206e-02
   2.9952230e-02
   7.7541068e-02
   8.3921395e-02
   1.2299344e-01
   1.3455603e-01
   1.0528283e-01
   4.7360819e-02
   3.0020304e-02
   3.6749344e-02
   3.0976435e-02
   4.6373885e-02
   5.1170230e-02
   5.3202230e-02
   5.2878950e-02
   6.0685325e-02
   4.8168186e-02
   5.4472603e-02
   3.3683673e-02
   1.0487185e-02
   4.2463470e-02
   4.9423445e-02
   8.2005225e-02
   7.1181372e-02
   6.5260306e-02
   7.9109117e-02
   5.6844808e-02
   7.1650580e-02
   9.0002105e-02
   4.0641930e-02
   3.4387924e-02
   6.9838159e-02
   8.6878642e-02
   5.0384472e-03
   4.0905256e-02
   1.9742040e-02
   1.9940482e-02
   2.5984049e-02
   6.3169330e-02
   1.2125155e-01
   1.7383480e-01
   1.5500543e-01
   2.6038148e-02
   2.4341961e-02
   4.9791606e-03
   1.6491210e-02
   8.1232578e-02
   2.1798833e-01
   2.6969561e-01
   1.5418446e-01
   1.0306959e-01
   1.1356261e-01
   9.8376274e-02
   1.7197797e-02
   5.1724527e-02
   9.7706899e-02
   1.0025921e-01
   1.4746223e-01
   1.7834207e-01
   1.8263079e-01
   7.4499995e-02
   1.5245359e-01
   2.0415293e-01
   1.6619165e-01
   6.2936611e-02
   1.0725446e-01
   2.9648763e-01
   2.7185774e-01
   1.4050497e-01
   1.2036571e-01
   1.4462037e-01
   1.3775070e-01
   1.0767896e-01
   1.0522686e-01
   9.1693588e-02
   6.6926755e-02
   4.0198922e-02
   7.7245750e-02
   6.2519796e-02
   3.8162749e-02
   4.9233977e-02
   9.8837800e-02
   1.5439937e-01
   1.4219886e-01
   8.8498302e-02
   4.1918565e-02
   4.0926542e-02
   5.0350767e-02
   8.4290512e-02
   9.7151011e-02
   5.0119594e-02
   1.4585177e-02
   8.6120814e-02
   1.2101202e-01
   5.4911759e-02
   6.1177276e-02
   7.5427741e-02
   5.5429418e-02
   9.6449398e-02
   1.7903525e-01
   1.8968160e-01
   8.5061610e-02
   4.7783524e-02
   5.6876097e-02
   5.5382613e-02
   6.4166814e-02
   1.3093793e-01
   2.1269175e-01
   2.5256386e-01
   1.8640144e-01
   1.5148979e-01
   9.3632549e-02
   5.1120374e-02
   2.7273240e-02
   8.0524601e-02
   9.1676325e-02
   6.4109303e-02
   7.1321301e-02
   1.2291649e-01
   7.9313613e-02
   4.4101585e-02
   2.7116416e-02
   2.9549802e-02
   5.8309720e-03
   3.1359170e-02
   5.3990964e-02
   8.0278687e-02
   7.4100658e-02
   5.8067586e-02
   4.4704624e-02
   1.7768564e-02
   2.4052417e-02
   2.4096170e-02
   2.9467788e-02
   2.3120929e-02
   3.4233153e-02
   3.5069373e-02
   3.8688220e-02
   5.7676889e-02
   5.5264816e-02
   3.6255728e-02
   4.7027718e-02
   1.7511813e-02
   1.7388400e-02
   1.3372539e-02
   5.9601951e-02
   9.6004836e-02
   9.6577093e-02
   5.7667438e-02
   6.9105148e-02
   6.5465584e-02
   6.4788356e-02
   5.2152652e-02
   6.0491327e-02
   5.4834865e-02
   2.8767595e-02
  -1.1131926e-02
   3.8625840e-02
   1.5754311e-01
   2.5636351e-01
   2.1176909e-01
   1.3122295e-01
   7.2654858e-02
   2.1830622e-02
   2.9478323e-02
   1.3271374e-01
   5.8690625e-01
   9.4250488e-01
   8.5547465e-01
   4.9615753e-01
   2.0031160e-01
   6.6695690e-02
   5.1658791e-02
  -1.1826202e-03
   1.1915374e-03
   3.9537199e-02
   7.6035611e-02
   1.1272882e-01
   1.6029152e-01
   1.4412133e-01
   6.1866168e-02
   4.7661815e-02
  -1.2789356e-03
   8.4636072e-03
   1.3948156e-02
   5.9639197e-02
   4.2760618e-02
   4.8672240e-02
   3.9103732e-02
   4.2844441e-02
   6.8322971e-02
   1.3361730e-01
   8.0716610e-02
   6.5325946e-02
   6.3767806e-02
   3.5280462e-02
   1.8500818e-02
   3.6716476e-02
   1.5723936e-01
   3.5638201e-01
   3.6255535e-01
   2.8131703e-01
   1.9856212e-01
   1.1271637e-01
   1.1213678e-01
   6.8254448e-02
   5.4063875e-02
   3.7984762e-02
   7.4160017e-02
   1.8251865e-01
   4.6082872e-01
   5.2641392e-01
   4.3744156e-01
   2.7319774e-01
   1.1381117e-01
   6.4503595e-02
   5.0117197e-03
   5.3666245e-02
   3.0583444e-01
   4.5479888e-01
   3.9382309e-01
   3.2377470e-01
   2.3556113e-01
   1.8536808e-01
   1.2378424e-01
   8.9948788e-02
   5.6471627e-02
   5.0308254e-02
   1.5455303e-01
   3.8633478e-01
   8.3275384e-01
   7.9855043e-01
   5.2534074e-01
   2.1965131e-01
   8.6875960e-02
   2.2928294e-02
   2.0305894e-01
   8.3813959e-01
   1.9250152e+00
   2.1873374e+00
   1.5532365e+00
   1.0742942e+00
   1.1301672e+00
   1.1982154e+00
   7.9080123e-01
   3.6480570e-01
   4.2886481e-02
   1.4214312e-02
   8.8074374e-01
   3.7674713e+00
   7.0422606e+00
   6.6462412e+00
   3.9246604e+00
   1.5028976e+00
   5.8948457e-01
   2.8748417e-01
   2.4027989e+00
   1.4236828e+01
   2.9177013e+01
   2.8903257e+01
   1.7106949e+01
   7.2970014e+00
   2.5134878e+00
   6.1439115e-01
   6.4713433e-02
   2.1246931e-02
   3.3538088e-01
   2.3703902e+00
   5.1339507e+00
   5.6495991e+00
   3.8606935e+00
   1.7990998e+00
   5.8719760e-01
  -1.3669844e-02
   4.7022071e-02
   4.7174647e-01
   8.0822808e-01
   1.0362970e+00
   1.3123906e+00
   1.1572607e+00
   7.2097284e-01
   3.6812636e-01
   1.9343528e-01
   1.3915424e-01
   1.7361125e-01
   2.5855285e-01
   3.4753132e-01
   4.6880743e-01
   5.1746422e-01
   5.0259936e-01
   4.9591023e-01
   3.2396802e-01
   1.3014880e-01
  -4.5114618e-02
  -3.7113141e-02
   8.0894411e-02
   2.0238133e-01
   2.3399150e-01
   1.4812453e-01
   1.7991762e-03
  -2.2164688e-02
   1.2787486e-02
   3.1425145e-02
   1.6797677e-01
   2.7690515e-01
   2.4418527e-01
   8.6268216e-02
   2.5296124e-02
   6.2611133e-02
   1.8496679e-01
   2.2438021e-01
   1.6173473e-01
   4.5116756e-02
  -6.2804855e-02
   8.1812486e-02
   2.1485333e-01
   2.2857112e-01
   1.3655730e-01
  -4.8268918e-02
  -1.2016810e-01
   7.5961918e-02
   4.9880892e-01
   7.7498883e-01
   9.4339484e-01
   8.8642293e-01
   5.1142609e-01
   7.8922875e-02
   6.7450188e-02
   1.0366848e+00
   3.0046246e+00
   3.5174165e+00
   2.3237271e+00
   9.1325593e-01
   3.1755036e-01
   4.0795586e-01
   8.8201153e-01
   8.8898516e-01
   5.4094601e-01
   3.1580895e-01
   5.9132975e-01
   5.9921837e-01
   5.9179044e-01
   1.9357443e+00
   4.0726371e+00
   4.3492956e+00
   2.8088751e+00
   1.2917700e+00
   4.6266744e-01
   1.7486429e-01
   8.4819846e-02
   1.3214320e-01
   7.6672308e-02
   3.1252795e-01
   7.6076376e-01
   8.6600375e-01
   6.4789653e-01
   2.4347670e-01
   7.3684216e-02
  -7.3577881e-02
  -1.1695230e-02
   1.3654679e-01
   1.9021156e-01
   2.3586053e-01
   2.6102784e-01
   1.1175048e-01
   4.1523449e-02
   1.6882492e-03
  -1.8138237e-02
  -5.3208304e-04
   2.5489677e-02
   9.3069941e-02
   9.3831442e-02
   6.8601683e-02
   1.1917730e-01
   1.6510421e-01
   2.3731464e-01
   1.8555427e-01
   1.2628712e-01
   1.0374605e-01
   1.3771908e-01
   1.2845568e-01
   1.1890414e-01
   1.0951241e-01
   1.6321829e-01
   2.1050072e-01
   1.3818952e-01
   1.0316603e-01
   1.0211547e-01
   1.2508588e-01
   1.8206944e-01
   2.3674977e-01
   2.5666416e-01
   2.1098389e-01
   1.7827268e-01
   1.5815160e-01
   6.8778791e-02
   9.2042223e-02
   1.8063043e-01
   2.5598285e-01
   2.4470367e-01
   3.8037068e-01
   3.2841870e-01
   1.0724209e-01
  -2.9163514e-03
   2.2320634e-01
   4.2942932e-01
   5.8220762e-01
   6.3874429e-01
   5.3139377e-01
   2.0783986e-01
   8.9527451e-02
   3.5749269e-01
   7.7582306e-01
   1.0540451e+00
   8.5580105e-01
   4.3730092e-01
   3.4812905e-02
   9.9744044e-02
   8.3140332e-01
   2.1189966e+00
   2.7447772e+00
   1.9073691e+00
   9.2657721e-01
   3.3342287e-01
   1.3581719e-01
   1.0417284e+00
   3.8365057e+00
   5.9171801e+00
   5.0723586e+00
   3.1512899e+00
   1.5638943e+00
   6.3896233e-01
   2.2738533e-01
   1.4548109e-01
   2.9741463e-01
   4.4625434e-01
   9.1540289e-01
   1.1766421e+00
   1.0410676e+00
   6.7629606e-01
   3.7026721e-01
   2.0070824e-01
   2.1625808e-01
   1.6890399e-01
   2.0732509e-01
   2.4840926e-01
   2.9544321e-01
   2.8265268e-01
   1.8716210e-01
   1.2567481e-01
   1.1956667e-01
   3.1775996e-02
   6.8188027e-02
   1.0697009e-01
   1.2829310e-01
   1.3223457e-01
   7.4887313e-02
   6.2210873e-02
   6.9335528e-02
   6.5338872e-02
   5.8320194e-02
   2.2579128e-02
  -1.5197432e-02
   2.9970057e-02
   5.8022484e-02
   7.5146660e-02
   8.3845347e-02
   2.3730950e-02
   2.7990445e-02
   4.9782056e-02
   5.5735853e-02
   2.1761617e-02
   2.9650539e-02
   6.9879144e-02
   8.0363639e-02
   9.5749952e-02
   1.1076149e-01
   4.8301376e-02
   1.4299454e-02
   3.7072722e-02
   2.8922673e-02
   7.7285655e-02
   1.3829637e-01
   1.9875745e-01
   1.9664218e-01
   8.8562563e-02
   4.1375045e-02
   6.7441943e-03
   8.0383442e-02
   1.9415431e-01
   2.4638732e-01
   2.2419609e-01
   1.5861444e-01
   8.2807668e-02
   5.8774490e-02
   1.5130322e-01
   2.5238079e-01
   2.2131613e-01
   1.1928891e-01
   6.0076188e-02
   7.9024648e-03
   1.2226883e-01
   4.4334391e-01
   7.2804606e-01
   6.0178280e-01
   3.5050821e-01
   9.5192455e-02
   3.5774209e-02
   1.0505150e-01
   4.6754134e-01
   8.5132879e-01
   8.7554193e-01
   6.5071660e-01
   3.7097564e-01
   2.1747553e-01
   1.0869482e-01
   6.9077328e-02
   1.2406354e-01
   1.9866294e-01
   2.3463695e-01
   2.7248722e-01
   2.7357095e-01
   2.1054341e-01
   1.5773277e-01
   9.5737487e-02
   7.8883231e-02
   1.0988238e-01
   1.4015083e-01
   1.3281226e-01
   1.0939224e-01
   1.2091673e-01
   1.0711947e-01
   4.4725381e-02
   3.7678938e-02
   3.6140092e-02
   1.6960936e-02
   7.0767589e-02
   5.5005848e-02
   4.4094022e-02
   6.2794648e-02
   3.3348661e-02
   2.6968900e-02
   6.1555762e-02
   6.0043260e-02
   7.5248785e-02
   5.8759876e-02
   6.7509770e-02
   5.9733115e-02
   5.6379046e-02
   5.0028645e-02
   6.9252484e-02
   6.7118749e-02
   6.2351491e-02
   3.8459688e-02
   2.6383102e-02
   2.1509724e-02
   8.3449028e-02
   9.0353914e-02
   1.2178362e-01
   1.0271039e-01
   8.7323196e-02
   3.8011033e-02
   4.2888690e-02
   6.5832868e-02
   1.1621689e-01
   1.5297499e-01
   8.2207963e-02
   6.3201241e-02
   3.8821027e-02
   2.4794849e-02
   6.7055903e-02
   7.9884924e-02
   2.4912428e-02
   5.7973690e-02
   4.2323243e-02
   4.2308592e-03
   4.1709561e-02
   7.3976330e-02
   8.0813028e-02
   1.2103604e-01
   6.9578156e-02
   3.9772637e-02
   2.4376974e-02
   3.9414205e-02
   1.4029557e-01
   2.5797728e-01
   2.3600611e-01
   9.2900828e-02
   2.2780199e-02
  -1.2721404e-02
   3.5377070e-02
   1.6607615e-01
   2.9243222e-01
   3.2235289e-01
   2.1413572e-01
   1.0875618e-01
   4.8657298e-02
   4.3480489e-02
   9.0806056e-03
   1.1778214e-01
   1.4311147e-01
   1.2774737e-01
   9.3639053e-02
   6.1661616e-02
   9.1794543e-02
   1.0821916e-01
   8.6549029e-02
   8.6516999e-02
   1.0665140e-01
   6.7701042e-02
   5.6570161e-02
   4.3484207e-02
   1.0800832e-01
   1.8011314e-01
   1.4637345e-01
   4.9352769e-02
   4.1591521e-02
   1.8831888e-02
   4.8357952e-02
   2.0927645e-01
   2.6164806e-01
   2.0419537e-01
   1.1199828e-01
   2.5946500e-02
   1.5123594e-03
   5.9830528e-02
   2.9372242e-01
   5.2977538e-01
   6.2564373e-01
   3.5439545e-01
   1.4720842e-01
   5.6518223e-02
   3.1717055e-02
   6.8655178e-02
   1.4883935e-01
   2.3250845e-01
   1.9431402e-01
   1.1622060e-01
   1.3470438e-01
   7.2206110e-02
   9.4857916e-02
   4.6755832e-02
   3.7995204e-02
   2.2601804e-02
   6.0517859e-02
   8.9184962e-02
   7.6634780e-02
   9.9977041e-03
   1.0089641e-02
  -1.0390438e-02
   2.4636922e-02
   5.2242450e-02
   5.0333366e-02
   5.0638564e-02
   8.5587494e-02
   6.9691084e-02
   6.3522339e-02
   8.8691108e-02
   8.6517267e-02
   4.8673220e-02
   2.8898038e-02
   1.3545931e-02
   4.2323355e-02
   3.5309993e-02
   3.5396874e-02
   5.9821714e-02
   4.0260654e-02
   7.1199834e-02
   1.1333929e-01
   1.0420363e-01
   5.1266558e-02
   8.0933556e-02
   8.2610488e-02
   1.3782945e-01
   1.7900656e-01
   1.1143916e-01
   5.5715214e-02
   5.4709315e-02
   3.9208561e-02
   6.1600007e-02
   9.8917395e-02
   7.9079144e-02
   4.7923252e-02
   7.1002111e-02
   8.0877654e-02
   1.0732720e-01
   9.3433484e-02
   3.8932629e-02
   8.0743611e-02
   7.4770659e-02
   8.1278823e-02
   8.0638200e-02
   8.8312067e-02
   1.0048405e-01
   1.0434937e-01
   1.2713644e-01
   9.7315699e-02
   1.2001400e-01
   1.0446464e-01
   9.6635699e-02
   1.3399023e-01
   1.7249793e-01
   1.6039880e-01
   1.3966055e-01
   1.6334333e-01
   1.5019731e-01
   1.0944536e-01
   1.5634857e-01
   2.8014964e-01
   2.8699276e-01
   1.7279831e-01
   1.5342198e-01
   1.9321090e-01
   2.0652352e-01
   2.3797505e-01
   2.4047793e-01
   1.6958915e-01
   1.1351647e-01
   1.2279889e-01
   2.1270478e-01
   2.8187209e-01
   2.6003474e-01
   2.3490125e-01
   8.7683253e-02
   5.6655355e-02
   1.2642406e-01
   3.1879881e-01
   3.8148537e-01
   3.1315613e-01
   1.4392854e-01
   8.1852106e-03
   3.0132905e-02
   1.9183052e-01
   4.4927001e-01
   5.2597582e-01
   4.4717366e-01
   2.6844397e-01
   5.7831291e-02
   3.3030480e-02
   1.8319613e-01
   4.9475011e-01
   7.7368098e-01
   7.0622939e-01
   4.1654414e-01
   1.8090548e-01
   1.3312177e-01
   3.3251500e-01
   6.5654033e-01
   7.7097291e-01
   7.0660633e-01
   6.1298758e-01
   4.2898771e-01
   3.5610503e-01
   8.4908301e-01
   1.2990892e+00
   1.1982033e+00
   7.6151478e-01
   2.2986764e-01
   1.2971428e-03
   2.6920575e-01
   9.9092031e-01
   1.5793704e+00
   1.3275640e+00
   7.8118199e-01
   2.4474990e-01
  -7.1072625e-03
   1.7464566e-01
   1.4085006e+00
   3.0606363e+00
   3.4186735e+00
   2.2620797e+00
   1.0054406e+00
   3.4258687e-01
   2.5818634e-01
   8.7234980e-01
   1.4869918e+00
   1.4261324e+00
   1.1680207e+00
   9.1541392e-01
   6.3347918e-01
   5.7808268e-01
   7.0609349e-01
   8.5112554e-01
   7.4178237e-01
   5.7358968e-01
   4.1016921e-01
   4.0323332e-01
   4.1154376e-01
   6.2446338e-01
   6.3975364e-01
   4.4000134e-01
   2.3689878e-01
   2.0223509e-01
   2.1709286e-01
   2.3825206e-01
   1.4780366e-01
   5.7088468e-02
   9.9801533e-02
   1.3266791e-01
   1.0057613e-01
   9.2834495e-02
   1.3606474e-01
   1.2987947e-01
   1.2133163e-01
   9.4023265e-02
   8.5763864e-02
   9.3696773e-02
   3.7303630e-02
   1.9067395e-02
   2.5940983e-02
   4.5776110e-02
   7.2104573e-02
   1.0015626e-01
   1.2906094e-01
   4.1570656e-02
   6.0376424e-02
   7.5790964e-02
   1.6216050e-03
   3.2328907e-02
   1.0270258e-02
   9.7289145e-02
   1.6722336e-01
   1.6967553e-01
   9.2965901e-02
   2.4222380e-02
  -1.4328441e-02
   3.1376634e-02
   1.2233118e-01
   1.8278873e-01
   2.8499731e-01
   1.9397825e-01
   1.1812092e-01
   7.7758469e-02
   1.9650228e-01
   2.0682029e-01
   1.8450254e-01
   1.5515460e-01
   5.2493241e-02
   4.4215046e-02
   1.7026670e-01
   3.7589693e-01
   4.1520742e-01
   3.2592970e-01
   1.3374504e-01
  -4.7115390e-03
  -1.0165973e-02
   2.0143038e-01
   6.8196809e-01
   9.7673470e-01
   7.7388906e-01
   3.6758965e-01
   1.1118285e-01
  -1.4149805e-03
   1.2152651e-01
   2.5341079e-01
   3.5709289e-01
   4.0283585e-01
   2.7815765e-01
   1.9112700e-01
   8.8283785e-02
   1.3756983e-01
   1.6544920e-01
   1.4642042e-01
   1.2860259e-01
   1.1098663e-01
   8.4133051e-02
   9.1937304e-02
   1.2246603e-01
   1.1267576e-01
   9.8159984e-02
   7.7914089e-02
   5.1472764e-02
   5.9751455e-02
   1.0355426e-01
   8.7246716e-02
   8.5414991e-02
   4.7177494e-02
   3.1152539e-02
   6.4952530e-02
   1.4086343e-01
   2.7657303e-01
   3.3042815e-01
   2.4083276e-01
   7.6495431e-02
   1.3754692e-02
   1.0893930e-02
   4.6213955e-02
   1.2134332e-01
   5.9767198e-02
   6.7821443e-02
   9.9117905e-02
   3.2264445e-02
   6.1758701e-02
   1.6598067e-01
   1.7507349e-01
   1.5214388e-01
   6.7684025e-02
  -1.4271589e-03
   3.2569980e-03
   3.7496343e-02
   8.0385722e-02
   7.0593007e-02
   3.1358313e-02
   1.2787369e-02
   4.1396033e-02
   1.3962966e-02
  -3.0275958e-03
   3.7455656e-02
   8.9384772e-02
   5.4837514e-02
   2.7589912e-02
   4.3916926e-02
   8.8121310e-02
   1.0747159e-01
   9.6262492e-02
   6.8409368e-02
   7.6391451e-02
   1.1625310e-01
   1.6351165e-01
   1.9762914e-01
   1.7275971e-01
   1.1658323e-01
   5.7497159e-02
   4.1297790e-02
   6.9992982e-02
   2.1530028e-01
   3.6179772e-01
   3.5156164e-01
   2.4546978e-01
   1.4790188e-01
   2.8705049e-02
   3.1359799e-02
   1.0881327e-01
   1.7716293e-01
   1.8757509e-01
   1.3731061e-01
   9.4972044e-02
   3.4098502e-02
   2.5703372e-02
   5.9028357e-02
   1.1994557e-01
   9.7027376e-02
   5.3629257e-02
   4.6006609e-02
   3.6977131e-02
   3.9148714e-02
   7.7879228e-02
   1.0989035e-01
   7.6798774e-02
   4.6124116e-02
   3.8894374e-02
   7.9830475e-02
   4.9004674e-02
   5.9166837e-02
   7.5504449e-03
   2.6677372e-02
   4.9212724e-02
   3.1148762e-02
   3.8845025e-02
   3.8228732e-02
   5.2621443e-02
   7.0510201e-02
   6.6692419e-02
   6.8169624e-02
   5.8251351e-02
   8.9491747e-02
   7.2524667e-02
   6.7061536e-02
   6.5491550e-02
   5.6923684e-02
   6.1631151e-02
   2.5997128e-02
   4.2605080e-02
   6.8234615e-02
   5.2277602e-02
   5.1606569e-02
   1.9707782e-02
   3.2742035e-02
   3.7655611e-02
   3.9119545e-02
   4.4942521e-02
   5.9169345e-02
   5.9340399e-02
   6.5102518e-02
   4.2398188e-02
   5.2374050e-02
   8.5521199e-02
   9.7319663e-02
   8.1357434e-02
   6.3739747e-02
   3.7390471e-02
   6.9662251e-02
   4.7956806e-02
   2.6805073e-02
   3.4173824e-02
   4.9551670e-02
   5.8203891e-02
   6.2732697e-02
   6.9875389e-02
   4.1624680e-02
   2.0457802e-02
   2.8952155e-02
   5.3493202e-02
   9.7198315e-02
   1.0459271e-01
   1.0274629e-01
   8.1349060e-02
   6.4378902e-02
   4.8161026e-02
   6.4752690e-02
   5.2727256e-02
   6.4794891e-02
   6.7489251e-02
   7.2062410e-02
   6.0208555e-02
   6.3097827e-02
   3.1012127e-02
   2.1514935e-02
   2.7505884e-02
   4.5616653e-02
   6.5294653e-02
   4.1867103e-02
   7.0881367e-02
   8.0157578e-02
   5.9647966e-02
   7.3045716e-02
   1.5867705e-02
   3.5422102e-02
   4.6402626e-02
   4.8871454e-02
   4.5082476e-02
   5.2650698e-02
   4.7983147e-02
   6.1953649e-02
   2.4675079e-02
   5.0804652e-02
   5.1675081e-02
   2.2440335e-02
   4.2806853e-02
   3.2968380e-02
   4.1316584e-02
   5.1958192e-02
   4.7432687e-02
   6.8769701e-02
   7.1965747e-02
   5.8684073e-02
   5.6550942e-02
   3.9808501e-02
   6.4884424e-02
   6.9468439e-02
   9.2856608e-02
   1.0238949e-01
   8.1374012e-02
   4.3198057e-02
   3.9421543e-02
   2.7029730e-02
   4.7934894e-02
   4.6872072e-02
   2.9881990e-02
   7.8554668e-02
   5.7328001e-02
   3.8457036e-02
   1.5528355e-02
   1.6676564e-02
  -1.1257183e-02
  -7.1553481e-03
   5.2782476e-02
   5.6405056e-02
   6.6278964e-02
   5.3089160e-02
   4.2571012e-02
   4.3538310e-02
   5.0028667e-02
   1.8321760e-02
   1.5924852e-02
   3.1914596e-02
   2.2282513e-02
   3.5548009e-02
   3.3214975e-02
   2.0365693e-02
   1.4752693e-02
   2.0496737e-02
   4.6660192e-02
   5.1489782e-02
   3.8610145e-02
   1.9219734e-02
   3.4059804e-02
   3.1786039e-02
   5.0144151e-02
   5.3747863e-02
   6.2890127e-02
   6.4956009e-02
   5.3710409e-02
   1.5091067e-02
   1.6475625e-02
   7.7541526e-03
   8.9016119e-03
   3.4423113e-02
   4.3485288e-02
   3.7549745e-02
   3.9002672e-02
   4.1335240e-02
   2.4256522e-02
   4.4699896e-02
   4.6021249e-02
   4.3889299e-02
   3.5506111e-02
   3.9355367e-02
   4.5338411e-02
   4.6051316e-02
   1.9921850e-02
   3.8218267e-02
   4.7090821e-02
   2.1892918e-02
   4.1334346e-02
   4.6440728e-02
   4.1576132e-02
   4.6728507e-02
   4.5795470e-02
   3.6432561e-02
   5.3703047e-02
   1.8305602e-02
   3.2054599e-02
   2.3986170e-02
   2.9617816e-02
   3.8832467e-02
   5.9013765e-02
   5.1942941e-02
   5.3227134e-02
   5.4236222e-02
   5.5201095e-02
   4.9199961e-02
   2.3877267e-02
   5.9522889e-03
   2.5395786e-02
   2.1357553e-02
   2.7944462e-02
   3.5262048e-02
   2.3599070e-02
   2.1307591e-02
   5.1818799e-02
   2.2693817e-02
   3.4267545e-02
   3.3711400e-02
   3.9558586e-02
   1.8387733e-02
   3.3192180e-02
   4.7759462e-02
   9.3577415e-02
   9.4295330e-02
   3.3381552e-02
   4.1243989e-02
   3.4708973e-02
   3.1475507e-02
   8.8555431e-03
   6.9844141e-03
   3.6620915e-02
   2.3291934e-02
   2.4662631e-02
   3.4635447e-02
   2.1538630e-02
   1.5297075e-02
   2.4223562e-02
   4.9803972e-02
   4.1297548e-02
   2.7329328e-02
   5.1400073e-02
   2.9201506e-02
   1.0800997e-02
   1.8472310e-02
   2.9418195e-02
   2.3549160e-02
   1.8242102e-02
   4.1669209e-02
   3.3084512e-02
   1.7013613e-02
   1.8420903e-02
   1.7644959e-02
   1.0589511e-02
   3.3563491e-02
   3.7941225e-02
   1.5565808e-02
   3.0305307e-02
   3.6133144e-02
   4.6601988e-02
   3.3740368e-02
   2.9033085e-02
   3.9272580e-02
   4.7945749e-02
   2.1008672e-02
   5.3249590e-02
   4.3948971e-02
   2.5263350e-02
   2.7451793e-02
   1.6294111e-02
   2.8767217e-02
   3.4981519e-02
   3.0169951e-02
   3.3070438e-02
   2.6419489e-02
   3.8414422e-02
   2.9838631e-02
   1.4325840e-02
   3.4393735e-02
   4.2851113e-02
   3.2882888e-02
   4.7097102e-02
   4.6029240e-02
   3.1549715e-02
   2.5630381e-02
   2.2361306e-02
   5.3572822e-02
   3.6817286e-02
   1.9965528e-02
   2.0969233e-02
   2.7033379e-02
   1.1581465e-02
   4.3637890e-02
   5.0670024e-02
   3.0471584e-02
   2.8850090e-02
   2.6246779e-02
   2.7707895e-02
   5.6341983e-02
   5.4395828e-02
   2.4680810e-02
   1.1793375e-02
   2.9665174e-02
   4.5645151e-02
   1.5462557e-02
   3.3251405e-02
   2.1357734e-02
   1.9389467e-02
   2.1135267e-02
   5.9932265e-02
   6.1985917e-02
   3.8345166e-02
   1.8783830e-02
   2.3995420e-02
   2.0199982e-02
   3.1312142e-02
   6.5239616e-02
   9.3589000e-02
   8.8616684e-02
   3.6477543e-02
   4.1581485e-02
   6.4489953e-02
   4.4744238e-02
   5.9045572e-02
   1.3330745e-02
   1.0408175e-02
   1.7685555e-02
   3.4052238e-02
   4.3190449e-02
   2.4945576e-02
   8.7082339e-03
   2.9139005e-02
   2.2358172e-02
   2.5770461e-02
   2.4828581e-02
   3.6188740e-02
   4.2018387e-02
   2.8651902e-02
   2.8637804e-02
   3.7936397e-02
   4.2535145e-02
   3.5056408e-02
   4.5140244e-02
   2.5328886e-02
   3.6857281e-02
   3.5991717e-02
   1.9152915e-02
   1.7650550e-02
   2.1765837e-02
   3.6978662e-02
   5.1560294e-02
   4.7296736e-02
   4.8377655e-02
   3.3850133e-02
   4.5979187e-02
   4.6875250e-02
   1.7923512e-02
   8.6909374e-03
   1.6577354e-02
   4.0157467e-02
   5.4602947e-02
   5.2197371e-02
   3.4571107e-02
   2.2109898e-02
   1.9940319e-03
   4.1327853e-02
   5.2323312e-02
   6.5307267e-02
   8.4627278e-02
   8.4514245e-02
   4.8241660e-02
   4.6968136e-02
   4.6776652e-02
   7.1309984e-02
   6.5222099e-02
   5.4862529e-02
   4.6384588e-02
   9.9901937e-02
   2.2751912e-01
   2.1270074e-01
   9.3080893e-02
   1.8516151e-02
   1.7870285e-02
   4.3158662e-02
   2.3460634e-01
   5.2383602e-01
   6.0609436e-01
   3.7965411e-01
   1.8823363e-01
   9.1392890e-02
   6.5972432e-02
   1.8520984e-01
   2.8386480e-01
   2.5825256e-01
   1.9039768e-01
   1.6816412e-01
   1.6233912e-01
   9.6950777e-02
   5.5257123e-02
   4.6606570e-02
   7.6277152e-02
   7.8131713e-02
   1.0652870e-01
   1.3597445e-01
   1.2011637e-01
   5.3330153e-02
   6.7121141e-02
   6.0429763e-02
   7.9133175e-02
   7.5239256e-02
   8.8684328e-02
   6.6905946e-02
   7.8715064e-02
   4.4611372e-02
   3.3340219e-02
   2.0990590e-02
   2.6940865e-02
   1.1605644e-02
   3.4968983e-02
   1.9402713e-02
   6.0063265e-02
   4.7015179e-02
   3.0462369e-02
   2.9774779e-02
   2.8459737e-02
   3.3518218e-02
   4.7838453e-02
   3.5622854e-02
   5.3492691e-02
   2.5684392e-02
   1.3806181e-02
   1.0625161e-02
   2.4262896e-02
   1.9915693e-02
   4.2095833e-02
   3.2946371e-02
   5.2053384e-02
   5.0992548e-02
   4.4431880e-02
   1.6340910e-02
   6.0531865e-03
   3.2049946e-02
   3.8093261e-02
   3.9638244e-02
   4.4464130e-02
   5.1548857e-02
   4.4536408e-02
   5.4306168e-02
   3.7897237e-02
   4.3997217e-02
   3.3071991e-02
   3.8236424e-02
   7.0106424e-02
   5.9085287e-02
   2.9197227e-02
   3.8987707e-02
   3.6617279e-02
   4.1601177e-02
   4.2321090e-02
   9.6136786e-02
   1.1442164e-01
   7.9275057e-02
   4.7785372e-02
   2.5193376e-02
   2.3741676e-02
   4.9628355e-02
   7.8180186e-02
   6.4037286e-02
   3.6324497e-02
   1.8563854e-02
   4.8439238e-02
   3.7478145e-02
   1.9292128e-03
   4.4885360e-02
   4.6766400e-02
   2.1694586e-02
   1.7960044e-02
   3.3113271e-02
   2.1610755e-02
   1.7039035e-02
   1.8851411e-02
   8.1230914e-03
   4.5416534e-02
   4.0200092e-02
   1.3069217e-02
   8.8699860e-03
   2.2336142e-02
   2.4125062e-02
   3.7578493e-02
   5.2418508e-02
   3.6606453e-02
   3.4069918e-02
   3.3411486e-03
   2.0112373e-02
   1.5018787e-02
   1.6940229e-02
   3.3784654e-02
   2.7122846e-02
   7.7311737e-03
   1.0828401e-02
   1.4062779e-02
   1.1314384e-02
   4.2281341e-02
   3.6561195e-02
   2.6698263e-02
   1.4502075e-02
   1.6720388e-02
   4.6360504e-02
   5.8909770e-02
   1.5293053e-02
   2.4519686e-02
   1.0052551e-02
   2.1289073e-02
   3.2784313e-02
   4.4064261e-02
   3.3424396e-02
   2.8095614e-02
   5.4977030e-02
   5.7024021e-02
   3.1597719e-02
   4.8534080e-02
   5.8482807e-02
   3.7738629e-02
   1.2383094e-02
   4.0716689e-02
   3.4900960e-02
   2.6118746e-02
   4.6569005e-02
   3.6003590e-02
   1.0110022e-02
   3.8876470e-02
   4.8051760e-02
   6.0189828e-02
   5.8281187e-02
   4.9441781e-02
   3.3683900e-02
   1.7496295e-02
   2.6347918e-02
   2.0525301e-02
   3.4224980e-02
   5.4069925e-02
   2.3794718e-02
   9.0441527e-03
   3.2079164e-02
   3.9849039e-02
   1.2188887e-02
   2.3360480e-02
   2.1975571e-02
   4.1257530e-02
   4.4671181e-03
   3.7926581e-02
   2.1014627e-02
   2.8381553e-02
   1.8571433e-02
   1.8831283e-02
   2.6543159e-02
   4.0395971e-02
   1.4722652e-02
   3.2640763e-02
   3.0996785e-02
   2.6147412e-02
   4.9169987e-02
   5.8348101e-02
   4.2181581e-02
   2.5800696e-02
   2.1444201e-02
   2.0012677e-02
   4.3444984e-02
   1.0640305e-02
   2.4612080e-02
   3.5290156e-02
   3.8763050e-02
   3.3272631e-02
   2.2365009e-02
   1.5270041e-02
   3.0827926e-02
   3.2181174e-02
   2.3628002e-02
   3.2758128e-02
   3.6194865e-02
   2.9534103e-02
   2.1699466e-02
   4.2401101e-02
   5.7564937e-02
   4.8944619e-02
   3.8693827e-02
   2.1975188e-02
   5.1145054e-02
   4.8056904e-02
   1.6488573e-02
   1.3931648e-02
   3.8594719e-02
   5.8776975e-02
   3.4246065e-02
   5.3191725e-03
   2.4802892e-02
   2.5009688e-02
   2.9353585e-02
   3.1304661e-02
   3.6432151e-02
   4.0421113e-02
   4.4573959e-02
   3.9749410e-02
   3.4557194e-02
   2.2354480e-02
   2.8753040e-02
   4.7319982e-02
   6.1276298e-02
   4.0261094e-02
   3.2769892e-02
   5.9421342e-02
   5.2566286e-02
   1.8420115e-02
   1.3761462e-02
   2.9386612e-02
   6.5431587e-02
   5.3082984e-02
   4.0903274e-02
   1.3877084e-02
   1.7525593e-02
   1.7869769e-02
   3.2872796e-02
   4.5961522e-02
   4.3355897e-02
   4.0461924e-02
   1.3167058e-02
   3.0285446e-02
   3.0968200e-02
   2.4366299e-02
   3.6187988e-02
   3.5905190e-02
   3.5291865e-02
   4.5458306e-02
   3.5541113e-02
   1.6869463e-02
   2.4553647e-02
   4.6168957e-02
   4.4373404e-02
   3.1224463e-02
   3.0501422e-02
   4.1477159e-02
   3.3563923e-02
   3.7490439e-02
   3.7423797e-02
   2.8842585e-02
   1.8398728e-02
   4.2577069e-02
   4.8163258e-02
   6.5040424e-02
   3.2790888e-02
   3.3919808e-02
   3.0294387e-02
   2.4092596e-02
   3.5226177e-02
   4.1880652e-02
   3.1959366e-02
   2.3514047e-02
   3.8997147e-02
   2.9920859e-02
   2.9295079e-02
   3.4625754e-02
   5.3819068e-02
   5.7517700e-02
   2.2607120e-02
   2.4690792e-02
   2.3314808e-02
   1.3537037e-02
   2.2065347e-02
   4.9867567e-02
   1.3363100e-02
  -4.7893598e-05
