   3.5494704e-02
   2.5534675e-02
   3.7333842e-02
   4.2273317e-02
   2.4379926e-02
   2.6311135e-02
   2.6383221e-02
   4.6210356e-02
   5.4007389e-02
   3.5260461e-02
   1.2909973e-02
   3.0975692e-02
   3.2922991e-02
   3.3931032e-02
   4.8650816e-02
   2.2816155e-02
   3.1460326e-02
   5.3729683e-02
   8.2168594e-02
   8.3511896e-02
   4.0875752e-02
   1.1304303e-02
   3.6253883e-03
   1.2218457e-02
   3.5309520e-02
   3.9349459e-02
   4.0212765e-02
   6.1127484e-02
   6.4989395e-02
   8.6097099e-02
   8.7497346e-02
   5.4217834e-02
   2.9061101e-02
   3.0527618e-02
   2.7661910e-02
   4.4643611e-02
   3.7629675e-02
   6.1363153e-02
   7.8751281e-02
   5.3739049e-02
   3.5657804e-02
   2.5348376e-02
   4.2906705e-02
   1.3685669e-02
   3.5553977e-02
   2.1695893e-02
   2.1007244e-02
   3.3425495e-02
   3.8502738e-02
   2.6253149e-02
   2.0875003e-02
   2.9545993e-02
   2.8152397e-02
   5.2649699e-02
   3.2957520e-02
   3.5473641e-02
   4.1783072e-02
   4.5054916e-02
   3.2113541e-02
   3.7961353e-02
   1.7907066e-02
   1.4494663e-02
   1.5422552e-02
   2.0497266e-02
   4.1676667e-02
   3.7428975e-02
   2.1077691e-02
   2.8057612e-02
   4.2029791e-02
   2.6348488e-02
   3.0116521e-02
   4.4871084e-02
   3.2998100e-02
   3.2478701e-02
   3.6520720e-02
   1.6934177e-02
   3.3498038e-02
   3.9035603e-02
   3.6788113e-02
   2.3476264e-02
   3.4253061e-02
   3.7659939e-02
   3.4979079e-02
   3.1081777e-02
   4.1045744e-02
   3.7200004e-02
   4.5860995e-02
   5.2040465e-02
   3.6621913e-02
   5.9689153e-02
   2.8172819e-02
   1.0710177e-02
   1.9888433e-02
   3.8884945e-02
   4.1811429e-02
   3.9485447e-02
   8.4107235e-02
   6.8899795e-02
   5.6417465e-02
   4.7695365e-02
   3.3442039e-02
   2.0152863e-02
   3.8446542e-02
   2.0889042e-02
   1.9603508e-02
   1.5691968e-02
   4.3779999e-02
   5.1089186e-02
   7.4598432e-02
   5.2593235e-02
   3.9207663e-02
   2.1946618e-02
   2.7090384e-02
   2.2302656e-02
   2.0187281e-02
   3.6052153e-02
   4.6448603e-02
   4.9423855e-02
   6.7305565e-02
   4.5069389e-02
   4.0810417e-02
   3.2860950e-02
   2.5247971e-02
   1.8855609e-02
   1.4023187e-03
   2.0133184e-02
   5.7073414e-02
   4.1136995e-02
   1.8973352e-02
   2.7329221e-02
   2.1509690e-02
   7.1550474e-02
   3.2944091e-02
   1.5368882e-02
   7.6106847e-03
   1.9732503e-02
   5.2436166e-02
   8.2338467e-02
   5.3970177e-02
   1.1370731e-02
   1.1215703e-02
   2.7407743e-02
   4.5523982e-02
   4.4069000e-02
   2.9535975e-02
   2.5710268e-02
   2.7340883e-02
   2.8342854e-02
   5.2373361e-02
   5.7021122e-02
   5.6867070e-02
   3.7133209e-02
   1.6508948e-02
   1.7191002e-02
   1.5057154e-02
  -3.0966029e-03
   2.2054734e-03
   1.7311499e-02
   3.1842392e-02
   3.5450477e-02
   3.7945114e-02
   2.4772126e-02
   9.7619276e-03
   7.7265413e-03
   1.0360407e-02
   2.4630267e-02
   8.9392886e-03
   2.9263016e-02
   4.5807078e-02
   3.5953440e-02
   3.1233395e-02
   3.7823211e-02
   3.3272553e-02
   2.2756781e-02
   2.7269470e-02
   4.3831237e-02
   5.2648041e-02
   3.6372509e-02
   4.6174597e-02
   4.2758789e-02
   1.9784743e-02
   2.7256338e-02
   2.4988666e-02
   9.5388871e-03
   2.0480352e-03
   1.7739324e-02
   2.2738760e-02
   2.1489473e-02
   4.7985766e-02
   6.5535046e-02
   3.4630213e-02
   4.3770395e-02
   4.0328264e-02
   3.0738531e-02
   3.0858608e-02
   3.8709328e-02
   5.2540325e-02
   2.4368051e-02
   4.3390043e-02
   2.7112346e-02
   1.1852994e-02
   1.1837664e-02
   1.4024752e-02
   1.1528121e-02
   3.4433458e-02
   3.7126333e-02
   2.6858989e-02
   3.8583249e-02
   5.3948931e-02
   3.3186618e-02
   3.8915757e-02
   3.7115604e-02
   3.5004053e-02
   4.5347225e-02
   4.0287361e-02
   2.2164164e-03
   8.9508444e-03
   1.0063669e-02
   3.6323689e-02
   4.4531923e-02
   4.7222231e-02
   3.0856648e-02
   2.8659878e-02
   3.2648314e-02
   4.9617577e-02
   5.3233683e-02
   6.7440614e-02
   5.6855954e-02
   4.9450871e-02
   3.8797524e-02
   5.4068506e-02
   4.4723414e-02
   5.8254518e-02
   6.0145747e-02
   3.6732994e-02
   2.6579415e-02
   2.6147658e-02
   3.0519234e-02
   2.3403412e-02
   1.1822426e-02
   2.9363617e-02
   5.0601318e-02
   3.0800458e-02
   2.3811230e-02
   3.2449774e-02
   3.9394874e-02
   1.0167847e-02
   2.1804642e-02
   3.1643730e-02
   4.3184470e-02
   3.8807146e-02
   4.3302726e-02
   4.6481293e-02
   3.8631160e-02
   3.7374653e-02
   1.0005733e-02
   3.7797619e-02
   6.4127199e-02
   8.2233146e-02
   6.1492171e-02
   2.9576199e-02
   4.6370070e-02
   1.7304771e-02
   2.2381594e-02
   3.4672510e-02
   3.7655924e-02
   2.6777573e-02
   3.2704782e-02
   2.4554031e-02
   3.5538036e-02
   1.5056442e-02
   1.2674049e-02
   1.4843126e-02
   2.4935501e-02
   3.7458211e-02
   3.2618273e-02
   1.7270206e-02
   3.9840966e-02
   3.7427451e-02
   1.9195005e-02
   1.7224187e-02
   4.6128251e-02
   5.3733509e-02
   4.4027667e-02
   3.8204033e-02
   1.9669667e-02
   4.0548082e-02
   7.0390619e-02
   2.0006550e-02
   2.5022179e-02
   2.5216119e-02
   4.7165252e-02
   3.6866032e-02
   1.9218357e-02
   3.3960510e-02
   4.8126049e-02
   4.5589410e-02
   4.2189009e-02
   2.6896758e-02
   4.8052724e-02
   1.2840277e-01
   1.9815814e-01
   1.0911684e-01
   4.5857575e-02
   5.9734102e-02
   7.7492863e-02
   6.2247153e-02
   5.2048013e-02
   2.5533052e-02
   1.5998717e-02
   2.8086932e-02
   9.8140679e-02
   1.1149202e-01
   5.8508579e-02
   1.7366832e-02
   4.9875319e-02
   5.5704191e-02
   4.3965872e-02
   3.4566622e-02
   5.3867716e-02
   3.4951232e-02
   5.3288236e-02
   3.0513717e-02
   4.8562925e-02
   3.7416983e-02
   1.6368603e-02
   1.9951431e-02
   3.8689002e-02
   5.8419116e-02
   6.4452335e-02
   6.3922562e-02
   2.6122443e-02
   3.7206531e-02
   2.4688924e-02
   1.3167361e-02
   2.9987412e-02
   5.5779900e-02
   4.5913227e-02
   3.2284610e-02
   3.5325527e-02
   3.0512257e-02
   3.2213788e-02
   4.0544692e-02
   6.1774082e-02
   6.9759771e-02
  -1.0038759e-03
   2.4358971e-02
   3.4562323e-02
   2.8286945e-02
   2.7239621e-02
   3.2943029e-02
   2.9250402e-02
   2.3072599e-02
   3.7541101e-03
   1.8314142e-02
   2.1143051e-02
   5.4112695e-02
   5.8661770e-02
   6.7872673e-02
   4.2398542e-02
   1.7419418e-02
   2.4192085e-02
   2.9857241e-02
   2.8598528e-02
   3.9036747e-02
   5.6686971e-02
   6.7880765e-02
   3.2429073e-02
   1.2102348e-02
   7.3411569e-02
   7.5516962e-02
   3.9994232e-02
   4.1056704e-02
   5.2826673e-02
   5.1042181e-02
   4.3733221e-02
   4.5335755e-02
   9.4172388e-02
   9.9142432e-02
   5.8669262e-02
   3.7238121e-02
   3.0288581e-02
   5.7905767e-02
   2.5843406e-02
   3.2453395e-02
   1.6159665e-02
   1.2181108e-02
   2.2129925e-02
   1.7014183e-03
   1.6189326e-02
   2.7273625e-02
   3.0663790e-02
   2.0731743e-02
   3.4896512e-02
   6.1544210e-02
   3.4093119e-02
   3.2135822e-02
   2.3435449e-02
   5.2902695e-02
   3.3716436e-02
   3.6662154e-02
   5.6178331e-02
   7.7922910e-02
   5.8196623e-02
   2.7435014e-02
   1.5065256e-02
   1.7144265e-02
   2.4720656e-02
   5.7586826e-02
   5.0191332e-02
   6.1749693e-02
   6.6041790e-02
   5.7125431e-02
   2.0512158e-02
   7.5783685e-02
   1.6904843e-01
   1.0219908e-01
   5.3428933e-02
   5.6752764e-02
   3.7530463e-02
   5.0003830e-02
   5.5707674e-02
   4.5829952e-02
   4.2297434e-02
   6.4054161e-02
   5.5942517e-02
   2.6132951e-02
   2.8915860e-02
   3.4970544e-02
   1.9437620e-02
   2.7671933e-02
   4.0556155e-02
   3.2317009e-02
   5.2393693e-02
   1.1466593e-02
   1.3239795e-02
   1.4653282e-02
   4.2367812e-02
   5.0696358e-02
   4.2288210e-02
   2.4768272e-02
   2.4872597e-02
   3.8065135e-02
   1.9667920e-02
   7.0293561e-02
   3.8702376e-02
   2.9721895e-02
   5.7509694e-02
   4.5410771e-02
   3.6801163e-02
   3.2397944e-02
   4.2501848e-02
   4.8499469e-02
   5.0975900e-02
   7.3288962e-02
   6.5243460e-02
   5.2716944e-02
   5.3050578e-02
   3.7247896e-02
   3.7431832e-02
   3.3869755e-02
   5.5387814e-02
   6.6214159e-02
   6.2246226e-02
   2.6394518e-02
   4.6686012e-02
   3.9161548e-02
   1.6262542e-02
   9.7187879e-03
   2.3893585e-02
   3.3837251e-02
   4.6618991e-02
   3.1080464e-02
   4.3183330e-02
   6.0722806e-02
   5.0858051e-02
   4.9087327e-02
   5.2385986e-02
   4.0070090e-02
   7.3217675e-02
   6.2316604e-02
   8.4797576e-02
   5.5485405e-02
   4.1557591e-02
   4.9192235e-02
   4.8751876e-02
   4.2611789e-02
   3.6723357e-02
   1.6555578e-02
   2.2326501e-02
   3.9177820e-02
   2.5529938e-02
   2.9999711e-02
   5.0062899e-02
   8.0534004e-02
   1.2502140e-01
   1.1947621e-01
   8.8031173e-02
   4.3007322e-02
   3.3968665e-02
   4.3864179e-02
   1.0655378e-02
   6.0415417e-02
   4.8989043e-02
   3.8690574e-02
   4.7157057e-02
   2.6798783e-02
   2.0133965e-02
   3.2064881e-02
   5.2554227e-02
   4.1246835e-02
   4.9786266e-02
   5.6295309e-02
   1.0934839e-01
   6.2130280e-02
   3.7601978e-02
   5.5049833e-02
   2.6094226e-02
   3.3531297e-02
   6.9376469e-02
   5.1432326e-02
   1.9475676e-02
   3.0605052e-02
   4.7195029e-02
   7.9173662e-02
   4.4982754e-02
   7.2294347e-02
   4.1615203e-02
   2.5514683e-02
   2.1535149e-02
   4.8333850e-02
   6.3237622e-02
   6.5691575e-02
   5.2726049e-02
   3.5407871e-02
   3.1006901e-02
   3.8806848e-02
   1.3211419e-01
   2.5846061e-01
   1.8022895e-01
   4.8444636e-02
   2.9356502e-02
   2.7497103e-02
   3.3390794e-02
   4.1793376e-02
   5.9087284e-02
   6.6596813e-02
   5.1372856e-02
   5.2194525e-02
   4.4976324e-02
   5.3052984e-02
   5.1279061e-02
   4.6837639e-02
   4.3001238e-02
   3.6994539e-02
   4.4581261e-02
   5.0082941e-02
   2.2907180e-03
   1.7413372e-02
   5.4409411e-02
   1.0837080e-01
   1.8269384e-01
   7.0955522e-02
   4.7662996e-02
   4.5658890e-02
   1.8352132e-02
   1.1061121e-02
   2.4527421e-02
   6.1844975e-02
   6.7802005e-02
   3.8188610e-02
   2.7053842e-02
   1.7244006e-02
   1.6331555e-02
   7.1371645e-02
   6.5436840e-02
   2.0432414e-02
   1.7221186e-02
   4.2124733e-02
   6.4799391e-02
   1.3242237e-02
   9.8114861e-03
   6.8791509e-02
   7.6506279e-02
   3.5582952e-02
   1.2702174e-02
   1.5943687e-02
   1.4469446e-01
   2.6285729e-01
   1.6331054e-01
   9.9896379e-02
   1.3577513e-01
   1.3982379e-01
   6.1586324e-02
   3.3067651e-02
   2.0991179e-01
   7.2302282e-01
   9.5932114e-01
   5.1613748e-01
   2.0234647e-01
   1.8707913e-01
   1.8207999e+00
   5.8852897e+00
   5.6393085e+00
   2.2205350e+00
   5.1652187e-01
   1.5355045e-01
   1.8775395e-01
   4.2952168e-01
   9.5297045e-01
   9.2404497e-01
   3.9929059e-01
   1.2274041e-01
   7.4899025e-02
   1.5659145e-01
   3.0421972e-01
   3.7046820e-01
   3.0905062e-01
   2.1304205e-01
   1.0861164e-01
   6.9728740e-02
   6.5752298e-02
   1.2495381e-01
   1.1804282e-01
   2.6403993e-01
   3.3569404e-01
   1.9373079e-01
   5.3148117e-02
   4.8215222e-02
   7.2518438e-02
   4.4589430e-02
   1.5021197e-02
   1.0703517e-02
   1.4404276e-02
   3.6842335e-02
   4.0634055e-02
   5.4762200e-02
   7.1373247e-02
   7.6072596e-02
   6.9989271e-02
   4.0563554e-02
   3.6449891e-02
  -1.5400243e-03
   4.7694147e-02
   4.4822913e-02
   1.0219605e-02
   1.4234733e-02
   1.0738034e-01
   1.6457726e-01
   1.6785340e-01
   1.0967090e-01
   4.5230184e-02
   2.7838662e-01
   4.1430333e-01
   2.5509378e-01
   9.5341451e-02
   8.5447937e-02
   1.8066742e-01
   1.3802181e-01
   1.2284856e-01
   1.0645129e-01
   2.1111815e-01
   6.0708117e-01
   7.0486617e-01
   3.0851418e-01
   1.4401370e-01
   6.2723093e-02
   4.4828355e-02
   3.0300412e-02
   1.3244088e-01
   1.7534250e-01
   7.8823932e-02
   9.0662045e-03
  -7.7710073e-03
   3.5764534e-02
   4.4343498e-02
   9.8542906e-02
   8.1752427e-02
   4.8011784e-02
   3.6566604e-02
   4.5955434e-02
   2.8863121e-02
   6.0898505e-02
   1.7126605e-02
   5.7903323e-02
   9.7220249e-02
   6.5022796e-02
   7.6113932e-02
   6.0592785e-02
   6.0122497e-02
   6.4318016e-02
   3.0099601e-02
   3.1060075e-02
   7.3933132e-02
   2.3975916e-02
   8.5425809e-02
   9.0981737e-02
   1.1788007e-02
   7.4751988e-02
   3.1762518e-02
   3.6059260e-02
   1.0706293e-01
   1.0491292e-01
   8.2913369e-02
   9.1349907e-02
   4.3316152e-02
   8.2061015e-02
   1.1555840e-01
   1.1346056e-01
   1.1082958e-01
   8.2055561e-02
   1.5311465e-01
   1.6213349e-01
   8.0150694e-02
   4.8457123e-02
   1.6621593e-01
   4.4449013e-01
   5.3942305e-01
   2.3999584e-01
   4.4591237e-02
   2.9638997e-01
   1.1579764e+00
   1.4471040e+00
   7.2993594e-01
   2.2561462e-01
   8.8085197e-02
   1.0127710e-01
   1.4579771e-01
   2.2528818e-01
   1.8485017e-01
   1.4955898e-01
   1.1337043e-01
   6.8445995e-02
   6.6030808e-02
   4.2607374e-02
   5.0728206e-02
   6.5689251e-02
   4.3314807e-02
   4.1304167e-02
   2.9115416e-02
   6.4965072e-03
   6.5045427e-03
   9.4903540e-03
   4.2202216e-02
   4.9141075e-02
   3.9805740e-02
   3.5240609e-02
   5.8407150e-02
   8.0668047e-02
   6.2153701e-02
   4.3579575e-02
   1.6477397e-02
   4.7657717e-02
   6.8506442e-02
   6.7195244e-02
   4.8099242e-02
   3.0081423e-02
   2.8290987e-04
   5.5594437e-02
   5.3064946e-02
   6.8538725e-02
   5.5957705e-02
   4.4974476e-02
   3.4025330e-02
   3.5969805e-02
   4.2078804e-02
   9.0972438e-02
   1.0685600e-01
   2.9838627e-02
   3.3670552e-02
   3.5535477e-02
   4.1289244e-02
   1.4163845e-02
   4.5619607e-02
   3.3669166e-02
   1.1615653e-01
   1.0411168e-01
   3.2663383e-02
   9.2204642e-03
   5.8287542e-02
   1.7675878e-01
   2.5317919e-01
   1.5769079e-01
   5.9021220e-02
   3.2193109e-02
   6.2852249e-02
   5.8387201e-02
   7.5706162e-02
   6.9877937e-02
   3.8363989e-02
   2.3275349e-02
   4.5483273e-02
   5.1545519e-02
   9.3535535e-02
   6.5209098e-02
   3.8390912e-02
   2.7745271e-02
   3.6026031e-02
   2.3150846e-02
   7.9507716e-02
   1.1740135e-01
   1.7306584e-01
   1.8560691e-01
   1.0665378e-01
   4.4264112e-02
   4.3710064e-02
   2.6046837e-02
   3.9909307e-02
   3.4272105e-02
   5.4763407e-02
   3.8080469e-02
   2.7999202e-02
   4.9185969e-02
   3.2117855e-02
   8.0015406e-02
   8.8203937e-02
   5.3026728e-02
   6.9308877e-02
   3.3084128e-02
   6.7538768e-02
   5.1435791e-02
   2.6776657e-02
   1.4601181e-02
   1.9126847e-02
   3.8841195e-02
   4.0605165e-02
   2.0363176e-02
   1.6274663e-02
   4.9885608e-02
   4.6211459e-02
   2.6203703e-02
   7.9957051e-03
   1.2488788e-02
   2.9555993e-02
   4.1996486e-02
   3.1659558e-02
   7.1778595e-03
   1.3671843e-02
   6.0038023e-02
   8.3051451e-02
   4.3648385e-02
   3.5171904e-02
   2.9015478e-02
   3.1954873e-02
   5.3742848e-02
   7.8082964e-02
   4.4980228e-02
  -2.3390981e-03
   4.0234443e-02
   2.2185313e-02
   3.0831257e-02
   5.2110281e-02
   5.3398158e-02
   7.7824354e-02
   7.7069186e-02
   8.0365017e-02
   6.0734767e-02
   6.7473225e-02
   6.2781788e-02
   7.4174337e-02
   7.4345388e-02
   4.8559245e-02
   8.7591432e-02
   1.5682547e-01
   1.5109663e-01
   8.8207453e-02
   3.6279008e-02
   3.2274768e-02
   8.7405831e-02
   1.3306379e-01
   8.0770120e-02
   5.9461184e-02
   4.2252991e-02
   3.3836689e-02
   2.5783388e-02
   4.4376947e-02
   3.4313787e-02
   4.9020372e-02
   6.3490421e-02
   2.0158600e-02
   2.4861449e-02
   4.2478334e-02
   4.2611182e-02
   4.9884621e-02
   4.2281840e-02
  -2.0320341e-03
   1.5808480e-02
   3.8333785e-02
   5.5652376e-02
   5.9014920e-02
   4.4563517e-02
   6.3671753e-02
   9.9878870e-02
   7.0496254e-02
   2.2698309e-02
   7.1472786e-03
   4.0414605e-02
   6.5928854e-02
   4.4457905e-02
   4.8270304e-02
   7.2894418e-03
   1.6760794e-02
   1.7480057e-02
   2.1849543e-02
   4.6074004e-03
   4.0264867e-02
   5.6910049e-02
   2.3983851e-02
   2.9097121e-02
   4.7805883e-02
  -5.8586840e-03
   4.2405196e-02
   6.3771553e-02
   5.3008091e-02
   7.6618403e-02
   9.6159033e-02
   9.1322735e-02
   5.6205973e-02
   3.1559318e-02
   3.3377390e-02
   5.9685409e-02
   9.5022060e-02
   5.9071220e-02
   3.2731708e-02
   6.7823604e-02
   8.5306905e-02
   8.3676621e-02
   8.5710093e-02
   5.9736926e-02
   3.9681796e-02
   5.7572674e-02
   5.9285287e-02
   5.6309521e-02
   3.0016588e-02
   7.5488769e-02
   9.6504629e-02
   8.7559521e-02
   6.1903916e-02
   1.0259582e-01
   1.2155543e-01
   9.8352917e-02
   6.5536015e-02
   1.5463789e-01
   2.0626453e-01
   1.9908804e-01
   1.3925807e-01
   7.8030743e-02
   1.1606551e-01
   2.2709621e-01
   2.0773274e-01
   1.4233921e-01
   1.2855804e-01
   2.4187557e-01
   3.3938700e-01
   2.6153088e-01
   1.4860621e-01
   1.0921856e-01
   3.2742694e-01
   5.4710281e-01
   3.0563930e-01
   7.9168886e-02
   7.3086962e-02
   7.9676604e-01
   1.6508850e+00
   1.0821476e+00
   2.8088489e-01
   2.1112245e-01
   1.3127222e+00
   2.0510457e+00
   1.3763000e+00
   6.4028299e-01
   2.9677370e-01
   5.6045747e-01
   6.0038143e-01
   3.3981618e-01
   1.2685804e-01
   1.3251729e-01
   2.9231858e-01
   2.7534488e-01
   9.6291192e-02
   9.7771876e-02
   1.8170233e-01
   1.4718154e-01
   4.5472745e-02
   1.0172913e-01
   9.5394611e-02
   3.7650675e-02
   1.8253820e-02
   1.3479763e-02
   5.6124250e-03
  -3.3357581e-03
   2.3797533e-02
   2.2558639e-02
  -9.2355680e-05
   4.0166162e-02
   5.7426326e-02
   9.5586300e-02
   8.4387094e-02
   1.9331247e-02
   8.6520007e-03
   4.7778670e-02
   8.0450356e-02
   6.8136074e-02
   6.8682343e-02
   4.7192365e-02
   1.0042449e-01
   1.6279745e-01
   1.4553238e-01
   7.6998562e-02
   4.5958314e-02
   7.3988885e-02
   6.4964205e-02
   4.6836145e-02
   7.0304997e-02
   1.0495620e-01
   1.0987495e-01
   7.4174970e-02
   3.8386498e-02
   1.1809024e-01
   3.5012391e-01
   2.9482600e-01
   9.8516487e-02
   6.7646101e-02
   1.5293051e-01
   2.1304731e-01
   1.2847647e-01
   5.5014953e-02
   4.4216946e-02
   1.0316473e-01
   1.8602125e-01
   1.3203672e-01
   7.2393030e-02
   4.4522006e-02
   7.9065390e-02
   7.0687331e-02
   2.6630605e-02
   4.6722557e-02
   9.7810887e-02
   6.4929649e-02
   4.1733380e-02
   2.8469043e-02
   4.5852587e-02
   1.8830425e-01
   1.8176170e-01
   1.0127724e-01
   4.3839980e-02
   1.7454617e-02
   1.8802600e-02
   7.5638041e-02
   6.0193364e-02
   9.6329316e-02
   1.4000361e-01
   1.2719041e-01
   8.0288939e-02
   5.1141184e-02
   1.1402726e-02
   2.4843970e-02
   4.0748917e-02
   2.3186050e-02
   2.0909447e-02
   4.8312023e-02
  -3.9860662e-03
   5.0609978e-04
   3.1684026e-02
   6.7973919e-02
   4.3084756e-02
   3.6818743e-02
   3.3420660e-02
   9.7771533e-02
   1.0863603e-01
   8.9970373e-02
   9.5667139e-02
   7.9325631e-02
   4.1499376e-02
   7.8117982e-02
   1.1502936e-01
   7.9964429e-02
   4.2442042e-02
   6.3197881e-02
   1.5956329e-01
   2.1926118e-01
   1.3112451e-01
   5.4693915e-02
   5.3006526e-02
   5.8919773e-02
   3.2356560e-02
   2.1464381e-02
   2.1108728e-02
   3.2857459e-02
   6.9253273e-02
   4.9038101e-02
   4.8560027e-02
   3.1941615e-02
   6.4779203e-03
  -1.9513036e-04
   3.3346772e-02
   3.1079907e-02
   1.4444984e-02
   2.5253933e-02
   4.9335878e-02
   3.0883767e-02
   4.0859122e-02
   1.9746965e-02
   1.6456746e-02
   7.1230657e-02
   1.0485940e-01
   5.4060545e-02
   2.8512957e-02
   6.3004874e-02
   6.9235042e-02
   1.4656833e-01
   1.4402369e-01
   6.7653671e-02
   6.4690515e-02
   6.4257406e-02
   4.5058809e-02
   1.6575756e-02
   1.0469981e-02
   4.0021989e-02
   2.6212128e-02
   2.7888915e-02
   3.5370346e-02
   1.2669520e-02
   3.9993092e-02
   8.4428057e-02
   1.4273165e-01
   1.2862560e-01
   9.8226070e-02
   9.2494085e-02
   7.1050756e-02
   3.0397633e-02
   3.0165609e-02
   1.7713070e-02
   3.3785634e-02
   5.0662804e-02
   5.4709002e-02
   3.5413712e-02
   2.5721425e-02
   2.7803337e-02
   6.3789316e-02
   4.7643803e-02
   3.6657855e-02
   3.3385847e-02
   8.1956483e-02
   9.0592459e-02
   4.4428442e-02
   4.9526632e-02
   4.2042971e-02
   2.5757294e-02
   3.4645263e-02
   1.0434764e-02
   5.1632980e-03
   3.3494204e-02
   3.9904319e-02
   1.8591002e-02
   2.6662536e-02
   3.2658704e-02
   1.6810272e-02
   3.7039775e-02
   3.6354877e-02
   1.4400878e-03
   4.3991193e-02
   3.1269677e-02
   4.1196641e-02
   5.8340628e-02
   4.4306826e-02
   1.5973479e-02
   3.2400057e-02
   3.3335138e-02
   2.7678309e-02
   2.0923002e-02
   1.8224637e-03
   1.2640272e-02
   3.0913601e-02
   5.1154282e-02
   3.0698525e-02
   3.6220949e-02
   2.9254392e-02
   4.9507849e-02
   4.2133763e-02
   1.7443486e-02
   2.4537964e-02
   4.0079609e-02
   3.9270695e-02
   6.5043241e-02
   3.4935094e-02
   5.2935410e-02
   4.1545089e-02
   3.4990877e-02
   8.1468523e-02
   8.2190529e-02
   4.5595039e-02
   3.2323249e-02
   3.5924390e-02
   2.1023488e-02
   2.1822996e-02
   2.0847816e-02
   4.6232495e-02
   3.8622249e-02
   2.9404294e-02
   4.6280045e-02
   3.0598406e-02
   2.7530303e-02
   4.2977601e-02
   4.3660335e-02
   4.9431581e-02
   1.0031104e-01
   7.4095480e-02
   9.6216135e-02
   4.1769966e-02
   1.0696049e-02
   7.1792409e-02
   7.7068634e-02
   4.0769808e-02
   9.7532511e-02
   1.6709521e-01
   1.1156336e-01
   6.7743532e-02
   8.9446321e-02
   7.0412286e-02
   3.6254346e-02
   1.2795931e-02
   2.0244399e-02
   4.4934891e-02
   4.1420631e-02
   4.9649145e-02
   4.1151706e-02
   2.4086004e-02
   2.4309134e-02
   4.0059399e-02
   3.6995947e-02
   3.0139232e-02
   3.8258489e-02
   3.5861067e-02
   4.6078321e-02
   2.8925568e-02
   6.4458132e-02
   3.4716044e-02
   2.8226804e-02
   5.5797540e-02
   2.2044418e-02
   3.4738589e-02
   5.2632608e-02
   4.4123247e-02
   4.6576161e-02
   2.7724605e-02
   3.1139998e-02
   3.0049559e-02
   3.0257381e-02
   5.2960340e-02
   4.1694418e-02
   6.2984452e-02
   7.0741363e-02
   4.5829479e-02
   3.6323018e-02
   2.6415532e-02
   1.4530924e-02
   1.4016231e-03
   3.1025128e-02
   2.3215467e-02
   3.2460392e-02
   3.8777661e-02
   3.6989912e-02
   5.4841172e-02
   3.6224615e-02
   2.6973678e-02
   3.3332858e-02
   2.7702047e-02
   4.2029243e-02
   7.4158840e-02
   5.7776034e-02
   3.6465202e-02
   3.2149684e-02
   1.2401090e-02
   9.5305732e-03
   3.8489565e-02
   4.4469211e-02
   6.1474539e-02
   4.2761609e-02
   1.1660454e-02
   1.1642555e-02
   1.1405619e-02
   8.7396326e-03
   4.2647824e-02
   2.7403317e-02
   2.9724810e-02
   5.8119118e-02
   5.6799527e-02
   2.6874641e-02
   4.3983642e-02
   3.7584994e-02
   4.1806914e-02
   2.9709710e-02
   3.7988156e-02
   2.9959284e-02
   1.8706091e-02
   4.5500994e-02
   4.9068414e-02
   5.2071683e-02
   2.9345501e-02
   2.4366412e-02
   3.8254268e-02
   4.8660137e-02
   3.2042716e-02
   1.8958770e-02
   3.8318351e-02
   4.1088808e-02
   4.6889562e-02
   2.7034054e-02
   1.7752070e-02
   2.3787290e-02
   4.0731952e-02
   8.9867944e-03
   1.1017885e-02
   2.4860049e-02
   3.9697133e-02
   4.2075660e-02
   3.4159746e-02
   3.3613563e-02
   4.1934941e-02
   5.5298973e-02
   4.3184999e-02
   3.1161007e-02
   3.1997737e-02
   4.4021890e-02
   3.0010540e-02
   2.2348104e-02
   1.6031219e-02
   2.3570271e-02
   3.9040614e-02
   1.4493207e-02
   4.8561739e-03
   3.3387456e-02
   4.2196456e-02
   7.1801893e-02
   6.7038894e-02
   5.0482910e-02
   2.7810518e-02
   3.6205608e-02
   3.5713583e-02
   1.9720554e-02
   4.6748225e-02
   3.9614778e-02
   2.9857049e-02
   2.2808118e-02
   6.2802352e-02
   1.5452574e-01
   1.4926982e-01
   8.1439033e-02
   3.1868123e-02
   3.7300136e-02
   8.0330633e-02
   6.9071636e-02
   5.6926809e-02
   2.2639750e-02
   1.3628542e-02
   5.5086881e-02
   5.7448085e-02
   4.9599979e-02
   7.2145462e-02
   4.2466588e-02
   1.4007766e-02
   1.9014981e-03
   3.0241789e-02
   3.4733079e-02
   4.6912320e-02
   2.5563212e-02
   2.6348164e-02
   3.0089574e-02
   4.4000998e-02
   4.3102462e-02
   4.0837824e-02
   4.8387378e-02
   6.1721478e-02
   4.7111776e-02
   4.0092718e-02
   1.7844059e-02
   4.3410249e-02
   2.5188496e-02
   3.5597131e-02
   2.9937746e-02
   1.2100659e-02
   2.8989296e-02
   4.3982800e-02
   4.9993485e-02
   3.9902680e-02
   3.2325491e-02
   3.4394652e-02
   2.1448622e-02
   2.1243699e-02
   2.2644311e-02
   2.5995392e-02
   5.5038478e-02
   2.9303277e-02
   3.3153120e-02
   4.7202453e-02
   4.6379600e-02
   5.5291928e-02
   6.7333162e-02
   4.2806536e-02
   1.3410515e-02
   2.7775709e-02
   3.9322134e-02
   3.0781263e-02
   3.0101653e-02
   1.1185146e-02
   1.5556647e-02
   1.1094629e-02
   3.1612426e-02
   4.7423095e-02
   2.9940736e-02
   3.3704221e-02
   2.2141723e-02
   2.5074381e-02
   2.9543020e-02
   4.1940290e-02
   2.1642538e-02
   2.5589973e-02
   3.7144102e-02
   2.8502634e-02
   4.2576179e-02
   2.2206947e-02
   3.5483494e-02
   1.1660960e-02
   1.7091569e-02
   4.7304306e-02
   3.5200119e-02
   2.9026518e-02
   2.3419239e-02
   1.1328952e-02
   2.8135791e-02
   2.7848205e-02
   2.3396801e-02
   2.9785216e-02
   4.2378675e-02
   2.4873609e-02
   1.9226810e-02
   2.4268245e-02
   4.1526772e-02
   3.3900075e-02
   2.5842266e-02
   4.0121756e-02
   1.6723268e-02
   1.9605076e-02
   1.1089236e-02
   1.2979777e-02
   4.5715090e-02
   1.0344912e-03
   1.4362590e-02
   3.1566083e-02
   1.7577318e-02
   2.3104381e-02
   2.0471253e-02
   8.0230534e-03
   2.8431581e-02
   1.9298714e-02
   1.8830335e-02
   2.7232328e-02
   3.1756267e-02
   3.3773292e-02
   3.7083328e-02
   1.5370874e-02
   2.0304510e-02
   1.2390227e-02
   1.7985560e-02
   5.3316165e-02
   5.3113289e-02
   4.9628362e-02
   2.4844090e-02
   3.4288790e-02
   3.3168856e-02
   2.9399589e-02
   3.7583537e-02
   3.3370804e-02
   3.7295353e-02
   4.6060331e-02
   2.9885981e-02
   3.8470637e-02
  -3.7664562e-03
   1.5481643e-02
   5.2018780e-02
   6.4752132e-02
   3.7991002e-02
   4.3822519e-02
   3.1273302e-02
   4.5358054e-02
   5.4437414e-02
   4.3913156e-02
   3.3950202e-02
   3.3429170e-03
   2.4901431e-02
   2.1777051e-02
   2.9606160e-02
   2.8620781e-02
   2.7629031e-02
   3.8289081e-02
   4.3615792e-02
   3.4994993e-02
   2.7764857e-02
   3.4486737e-02
   2.5529627e-02
   3.2108054e-02
   4.0615026e-02
   3.1092238e-02
   5.8028470e-03
   1.4335223e-02
   4.8405256e-02
   2.5001753e-02
   4.1502815e-02
   6.9611669e-02
   2.8049950e-02
   1.8403644e-02
   1.4462114e-02
   2.6290003e-02
   1.1506549e-02
   2.2462159e-02
   3.4971938e-02
   5.5583213e-02
   4.3652594e-02
   3.8198948e-02
   3.5377059e-02
   3.2369051e-02
   2.9246649e-02
   4.9380668e-02
   4.9773403e-02
   2.7794672e-02
   2.5172872e-02
   3.9864104e-02
   3.3403412e-02
   1.4455802e-02
   3.2159772e-02
   2.3692638e-02
   1.8321717e-02
   2.2072129e-02
   3.2616945e-04
   1.8299686e-02
   6.8991743e-03
   1.3262906e-02
   1.6412454e-02
   3.4621347e-02
   2.4234530e-02
   2.9392455e-02
   3.9360598e-02
   1.6682833e-02
   4.3202378e-02
   3.3131592e-02
   2.5183512e-02
   3.1089962e-02
   3.2649916e-02
   4.0532574e-02
   2.6873952e-02
   2.4268998e-02
   3.2001727e-03
   9.5320689e-03
   3.1980213e-02
   2.8410589e-02
   3.2526258e-02
   5.4900544e-03
   2.4435932e-02
   3.2438684e-02
   3.6923688e-02
   1.6879730e-02
   4.2318124e-02
   2.8841477e-02
   1.7420778e-02
   4.3780461e-02
   2.9314278e-02
   3.6165059e-02
   2.5980903e-02
   2.8940223e-02
   1.7414356e-02
   2.2873631e-02
   2.9607374e-02
   3.3521689e-02
   4.7828916e-02
   5.1507495e-02
   6.3215502e-02
   4.0274095e-02
   1.6724527e-02
   7.8186020e-03
   4.3984871e-02
   4.2101577e-02
   3.5203692e-02
   3.9443359e-02
   1.7982913e-02
   3.1301819e-02
   4.2425849e-02
   3.1222964e-02
   4.1022781e-02
   3.2513116e-02
   8.8002449e-03
   3.0335588e-03
   2.2460148e-02
   3.2064158e-02
   1.9682046e-02
   2.4942391e-02
   6.6292115e-02
   3.5835110e-02
   3.8167253e-02
   4.8263494e-02
   3.0428104e-02
   1.3631479e-02
   1.5846819e-02
   1.1826479e-02
   5.1963627e-03
   5.0346736e-02
   4.8753873e-02
   3.0980293e-02
   4.7431413e-02
   3.7261538e-02
   6.3953266e-02
   4.7163244e-02
   1.3998733e-02
   3.2785803e-02
   3.4986533e-02
   3.2207087e-02
   3.2671966e-02
   4.5337625e-02
   2.7694859e-02
   2.6906182e-03
   5.0690467e-03
   2.5296533e-02
   4.5229435e-02
   4.8916865e-02
   3.8427923e-02
   2.5367985e-02
   1.1589890e-02
   2.3941442e-02
   1.8810280e-02
   3.6481991e-02
   3.2063507e-02
   1.4539582e-02
   3.8476329e-02
   2.3151416e-02
   2.5210170e-02
   4.1533053e-02
   3.2796253e-02
   2.5998529e-02
   2.4224646e-02
   4.1361272e-02
   4.4979934e-02
   2.9991250e-02
   2.7296467e-02
   3.8938928e-02
   5.3956255e-02
   2.3417240e-02
   1.5317400e-02
   5.1083965e-03
   3.3254657e-02
   2.9740775e-02
   3.0675005e-02
   1.9751428e-02
   1.5641382e-03
   2.8695898e-02
   3.6601126e-02
   4.3658309e-02
   3.0979749e-02
   4.1789070e-02
   2.9465469e-02
   2.3941640e-02
   2.1568278e-02
   2.2718692e-02
   3.4432907e-02
   2.4673525e-02
   1.4189154e-02
   1.5609423e-02
   3.9616730e-02
   3.6605716e-02
   4.0014818e-02
   3.2276262e-02
   3.6464263e-02
   3.5497524e-02
   1.9874766e-02
   6.3695526e-03
   3.1991012e-02
   3.5386633e-02
   4.8293736e-02
   9.0402000e-02
   5.4407820e-02
   2.2313118e-02
   3.9671417e-02
   2.7253706e-02
   1.2874268e-02
   2.2114774e-02
   3.1971589e-02
   2.6680902e-02
   3.4122981e-02
   3.6538422e-02
   4.7616594e-02
   5.9178248e-02
   6.9722176e-02
   1.5427317e-02
   1.9345574e-02
   3.2252334e-02
   6.2562944e-03
   1.0073531e-02
   1.6590055e-02
   4.4192486e-02
   7.5040802e-02
   6.6261493e-02
   6.3055083e-02
   4.5216989e-02
   3.5504080e-02
   4.2713061e-02
   2.6824672e-02
   1.6755683e-02
   4.5426864e-02
   1.2665096e-01
   1.4625292e-01
   1.2058574e-01
   1.0009915e-01
   6.4321503e-02
   3.6395796e-02
   4.9005695e-02
   5.9734341e-02
   2.9806463e-02
   2.1133829e-02
   2.3352478e-02
   2.0432699e-02
   7.7399584e-03
   1.5760479e-02
   3.6095373e-02
  -1.0567711e-03
   6.2054163e-03
   4.3701373e-02
   3.9160542e-02
   1.6480867e-02
   3.5416562e-02
   5.3969532e-02
   4.4831362e-02
   3.9446440e-02
   2.4452630e-02
   3.4892287e-02
   3.4761220e-02
   1.7949281e-02
   5.5983301e-02
   6.2157784e-02
   3.5261150e-02
   4.5970455e-02
   8.1454992e-02
   9.3867980e-02
   7.6816268e-02
   3.2749858e-02
   3.5921611e-02
   2.4770070e-02
   1.4226851e-02
   2.1624153e-02
   4.2958491e-02
   8.7219268e-02
   1.9573224e-01
   1.8907696e-01
   8.9744069e-02
   2.1035707e-02
   3.2945734e-02
   2.6412513e-02
  -2.7862687e-03
  -1.2939529e-02
   4.5075235e-03
   3.0760895e-02
   4.8909251e-02
   5.6098759e-02
   5.9483133e-02
   5.4958854e-02
   3.2705911e-02
   3.1209189e-02
   1.5406355e-02
   2.9370002e-02
   2.3657067e-02
   2.0071741e-02
   3.0807719e-02
   2.4845483e-02
   5.7764980e-03
   3.4921303e-02
   2.7991168e-02
   2.1811154e-02
   1.7278034e-02
   3.4893695e-02
   1.5013638e-02
   2.7044525e-02
   6.5652974e-02
   7.0044145e-02
   3.1665642e-02
   1.7268969e-02
   2.3985762e-02
   3.5280332e-02
   1.5010530e-02
   1.6367791e-02
   2.3658680e-02
   2.0269332e-02
   2.2288857e-02
   2.6605595e-02
   2.6955869e-02
   1.6422996e-02
   2.1463823e-02
   2.9713150e-02
   4.0496547e-02
   5.3022124e-02
   4.1091684e-02
   3.4392528e-02
   1.5579756e-02
   2.8660217e-02
   4.1894302e-02
   3.8611144e-02
   3.7473131e-02
   4.2295702e-02
   3.1254530e-02
   3.7717808e-02
   4.3838866e-02
   3.5373285e-02
   2.4020480e-02
   4.3226488e-02
   5.0718844e-02
   4.5762479e-02
   2.9569168e-02
   1.5554655e-02
   4.7279119e-02
   2.7913826e-02
   3.2106783e-02
   3.5036623e-02
   2.7824558e-02
   4.5784090e-02
   3.1358130e-02
   3.7815716e-02
   2.2778504e-02
   1.1550565e-02
   1.4594054e-02
   2.3863042e-02
   3.3166651e-02
   2.2101300e-02
   3.2161113e-02
   5.1275175e-02
   3.0506339e-02
   7.9078069e-03
   3.3852588e-02
   2.9955780e-02
   1.5669648e-02
   1.6709156e-02
   3.5540916e-02
   4.2476501e-02
   3.5911981e-02
   1.9866763e-02
   1.6980646e-02
   7.5180838e-03
   1.2555703e-02
   3.6051013e-02
   1.2112541e-02
   2.7429981e-02
   2.5512375e-02
   3.1997845e-02
   2.0285146e-02
   2.9844832e-02
   2.0500079e-02
   2.2258397e-02
   2.4832726e-02
   3.3798221e-02
   2.7180068e-02
   1.6923593e-02
   1.3407154e-03
   2.3928067e-02
   4.5226555e-02
   4.5050595e-02
   3.1417400e-02
   4.1582227e-02
   3.5736114e-02
   2.4120033e-02
   1.3196224e-02
   2.8644124e-02
   2.9330570e-02
   2.4302684e-02
   9.2763761e-03
   1.1138620e-02
   2.9900590e-02
   3.8365401e-02
   4.2686868e-02
   4.3854814e-02
   3.5844345e-02
   1.7201584e-02
   1.2376625e-02
   4.7045197e-02
   3.7137382e-02
   1.6796162e-02
   2.6368791e-02
   4.4730529e-02
   4.5218203e-02
   5.2454717e-02
   2.1700779e-02
   9.8358020e-03
   3.2785367e-02
   2.2590969e-02
   4.2327218e-02
   5.2745685e-02
   5.3216714e-02
   3.5059400e-02
   2.7497938e-02
   3.1237077e-02
   3.2121859e-02
   1.9569850e-02
   4.0716045e-02
   3.8634976e-03
   2.4632659e-02
   3.4084119e-02
   1.3058165e-02
   1.5345663e-02
   1.7151844e-02
   5.1455125e-02
   3.6160931e-02
   1.9844692e-02
   4.7000879e-03
   2.7603138e-02
   3.6971059e-02
   3.9384350e-02
   4.8890170e-02
   6.2311675e-02
   3.9078891e-02
   2.6737623e-02
   4.1547846e-02
   2.8491719e-02
   9.0589859e-03
   3.6614034e-02
   4.6727996e-02
   2.3449752e-02
   1.0933290e-02
   4.4276178e-02
   3.9844267e-02
   2.2001082e-02
  -1.6914310e-03
   2.0507395e-02
   2.0378973e-02
   2.6467372e-02
   4.7538843e-02
   1.9318111e-02
   2.0705519e-02
   3.5689462e-02
   2.8329996e-02
   1.8816512e-02
   4.5960001e-03
   1.9452253e-02
   2.3564667e-02
   1.8104497e-02
   3.0279636e-02
   2.4262654e-02
   3.6002427e-02
   5.7724394e-02
   2.7361717e-02
   3.2276474e-02
   2.2963800e-02
   4.5084942e-02
   4.1453198e-02
   2.6522543e-02
   2.1937428e-02
   3.3591695e-02
   2.2767626e-03
   3.7822518e-02
   4.3407839e-02
   2.4982356e-02
   6.1561219e-02
   5.8619615e-02
   5.2179165e-02
   3.9581213e-02
   3.4629766e-02
   3.4202922e-02
   1.7169490e-02
   2.8637098e-02
   3.0953096e-02
   3.8611472e-03
   1.8875543e-02
   4.5050260e-02
   3.3930231e-02
   2.3645537e-02
   5.7901241e-02
   4.0436838e-02
   3.8476348e-02
   3.8615700e-02
   5.0071988e-02
   5.1511493e-02
   5.5299226e-02
   4.7952458e-02
   2.8118351e-02
   2.0240372e-02
   2.1930978e-02
   3.0384185e-02
   2.5220944e-02
   2.2936365e-02
   3.3300940e-02
   2.8915292e-02
   2.9208843e-02
   3.4659978e-02
   8.3287749e-03
   2.5931371e-02
   2.9899128e-02
   1.1012663e-02
   2.5951833e-02
   2.3730151e-02
   9.6063726e-03
   1.5622295e-02
   3.8176861e-02
   4.1328009e-02
   3.4628570e-02
   3.5813201e-02
   2.6610691e-02
   3.5391275e-02
   2.7110524e-02
   2.6306873e-02
   2.8242448e-02
   4.2381021e-03
   1.0230252e-02
   2.2876406e-02
   1.6494103e-02
   2.2112574e-02
   4.7198579e-02
   1.5638771e-02
   1.2125630e-02
   2.8781213e-02
   3.7186630e-02
   3.6505047e-02
   5.5075251e-02
   6.8404049e-02
   5.8136556e-02
   3.2401156e-02
   2.8284037e-02
   2.4773911e-02
   3.4800526e-02
   4.5071498e-02
   2.0261016e-02
   4.6074964e-02
   5.0900046e-02
   2.6731838e-02
   2.7958600e-02
   2.2646105e-02
   2.8708035e-02
   5.0900474e-02
   4.2378172e-02
   3.5692237e-02
   1.6182084e-02
   3.0685912e-03
   5.7799392e-03
   3.6113989e-02
   5.6001958e-02
   5.3123552e-02
   4.6282802e-02
   1.6087007e-02
   1.2045875e-02
   3.4132205e-02
   4.0669732e-02
   2.0169528e-02
   3.8497943e-02
   6.8140186e-02
   4.7793649e-02
   3.3022348e-02
   2.4131699e-02
   3.0947652e-02
   4.0753480e-02
   4.5311216e-02
   4.8119169e-02
   9.7876497e-02
   1.0394832e-01
   4.6753492e-02
   7.5101741e-03
   2.6043806e-02
   2.1741701e-02
   4.2673588e-02
   5.1501736e-02
   2.8968176e-02
   1.0064601e-02
   1.7393498e-02
   5.1960792e-02
   3.8271639e-02
   4.5308433e-02
   2.7639860e-02
   2.2213157e-02
   1.6295109e-02
   2.9983316e-02
   3.8305618e-02
   3.7885755e-02
   1.2323976e-02
   3.3484530e-03
   4.0839251e-02
   4.9796369e-02
   4.2116519e-02
   5.0831668e-02
   2.0556107e-02
   2.9686192e-02
   3.2831103e-02
   4.4774260e-02
   3.2284264e-02
   5.4325867e-02
   4.0705323e-02
   1.3674352e-02
   3.7616417e-02
   4.5653071e-02
   4.5540228e-02
   2.6480339e-02
   1.5342096e-02
   1.9484177e-02
   1.0570270e-02
   3.2602962e-02
   4.8044857e-02
   5.1987953e-02
   1.2880703e-02
   3.8760900e-02
   2.5699314e-02
   2.0430852e-02
   2.2850598e-03
   1.6475270e-02
   3.8174849e-02
   3.7486874e-02
   2.6342345e-02
   3.9770171e-02
   3.7698608e-02
   4.2765301e-02
   1.8514352e-02
   4.7286162e-03
   1.9650821e-02
   2.9904870e-02
   2.8842404e-02
   4.4166669e-02
   1.6783677e-02
   2.7842820e-02
   3.4561053e-02
   5.3769354e-02
   3.6790740e-02
   1.5711399e-02
   4.0599894e-02
   5.2757856e-02
   2.9916674e-02
   2.5296429e-02
   9.7562680e-03
   3.2226596e-02
   7.7807330e-02
   8.4120706e-02
   6.4819120e-02
   1.4370646e-02
   2.3631390e-02
   1.9792179e-02
   3.8281817e-02
   3.8972177e-02
   6.3975014e-02
   5.8415078e-02
   4.9484093e-02
   4.4183701e-02
   3.4463283e-02
   2.7981328e-02
   3.5964951e-02
   4.3027814e-02
   8.5243434e-02
   9.6532449e-02
   4.0821590e-02
   6.2830999e-02
   6.3002303e-02
   2.2866150e-02
   4.6651565e-02
   1.2587793e-01
   1.9205418e-01
   1.2835133e-01
   6.5861270e-02
   5.9844211e-02
   2.0196069e-02
   3.8133919e-02
   4.6363000e-02
   2.8287094e-02
   3.8025819e-02
   3.0372178e-02
   1.5531925e-02
   2.4264492e-03
   2.0565748e-02
   4.5297965e-02
   8.4118597e-02
   6.1248668e-02
   4.2708013e-02
   3.9522126e-02
   1.5183834e-02
   3.1951327e-02
   2.4978613e-02
   3.8801722e-02
   3.8696315e-02
   4.6366919e-02
   4.0184133e-02
   4.5748312e-02
   2.1105187e-02
   3.3285923e-02
   1.3039767e-02
   2.0217052e-02
   3.6593799e-02
   9.4008520e-02
   8.9822814e-02
   6.0392138e-02
   2.9317645e-02
   2.6907479e-02
   2.2954779e-02
   4.2150132e-02
   3.9502371e-02
   3.4684271e-02
   3.7537131e-02
   2.3685420e-02
   3.4718700e-02
   5.5318672e-02
   3.0344477e-02
   1.9003026e-02
   2.0708572e-02
   9.9923331e-03
   5.6660813e-03
   1.9149877e-02
   1.0329172e-02
   2.5104875e-02
   1.9886484e-02
   3.0107563e-02
   3.3973057e-02
   2.8321723e-02
   2.0203929e-02
   2.1041606e-02
   7.8457389e-03
   3.3992883e-02
   4.3917079e-02
   4.2048238e-02
   9.3555816e-02
   7.7348240e-02
   3.7477419e-02
   2.1074109e-02
   2.0800924e-02
   1.2993528e-02
   4.8101068e-02
   3.3305891e-02
   3.2195065e-02
   3.7359096e-02
   3.5746235e-02
   2.2113942e-02
   5.6112133e-02
   9.9457063e-02
   8.9472301e-02
   9.4651356e-02
   4.0674478e-02
   1.1966018e-03
  -4.0597026e-03
   4.0052235e-02
   1.9309370e-01
   5.8752424e-01
   7.9085660e-01
   5.4510736e-01
   2.8694335e-01
   8.3998963e-02
   1.5433531e-02
   6.3873287e-03
   6.6660747e-02
   7.2023556e-02
   7.4052379e-02
   9.3014278e-02
   9.2609525e-02
   8.1380896e-02
   4.8588656e-02
   4.8698962e-02
   1.7103374e-01
   3.0323011e-01
   2.7222633e-01
   1.3473514e-01
   6.0881410e-02
   2.9310055e-02
   1.4161184e-02
   2.8776640e-02
   4.0435065e-02
   6.9688007e-02
   2.4453850e-02
   2.6524264e-02
   5.6491263e-02
   5.1534735e-02
   6.1766129e-02
   4.5028016e-02
   3.5506260e-02
   4.4939455e-02
   1.1273517e-02
   4.5780079e-03
   1.8340714e-02
   4.4113573e-02
   4.4007916e-03
   2.1889774e-02
   5.5280492e-02
   4.0499832e-02
   3.9094478e-02
   3.8039699e-02
   5.1911067e-02
   6.2904812e-02
   5.7127777e-02
   1.9267986e-02
   4.7093086e-02
   6.2057644e-02
   1.2043518e-01
   8.3889931e-02
   4.5183945e-02
   2.3633644e-02
   2.4746498e-02
   2.5639605e-02
   2.1522846e-02
   1.3294859e-03
   1.7599970e-02
   1.2972075e-02
   1.1988159e-02
   3.3241577e-02
   6.2765799e-02
   6.6327408e-02
   5.9698038e-02
   6.6010550e-02
   3.1302884e-02
   3.9275240e-02
   2.4129549e-02
   2.1761468e-02
   2.1936676e-02
   5.2183650e-02
   5.5672314e-02
   5.9504990e-02
   4.7590997e-02
   2.0739045e-02
   2.1338003e-02
   3.3000875e-02
   3.5307247e-02
   9.9195996e-03
   5.8629408e-02
   1.6644911e-01
   2.0189901e-01
   2.1234410e-01
   1.4553311e-01
   8.4665969e-02
   5.8684856e-02
   4.3912541e-02
   4.4834975e-02
   4.8662007e-02
   1.5868377e-02
   9.8707229e-02
   1.8531206e-01
   1.6115896e-01
   1.2017494e-01
   9.2228472e-02
   9.2888214e-02
   1.0747847e-01
   1.0755830e-01
   4.1396029e-02
   1.1383498e-01
   2.5209150e-01
   2.7985737e-01
   1.7083040e-01
   8.2694650e-02
   9.3630686e-02
   1.2720023e-01
   7.2935693e-02
   8.2113527e-02
   7.4795865e-02
   3.5122488e-02
   4.7159228e-02
   5.2461665e-02
   9.2172250e-02
   1.8043283e-02
   1.9964393e-02
   1.5984997e-02
   3.1780224e-02
   3.9108634e-02
   2.1643737e-02
   3.6676716e-02
   2.8256202e-02
   3.6233563e-02
   1.6223894e-02
  -4.6858257e-03
  -8.5268626e-03
   1.4712398e-02
   7.3766373e-02
   1.3854153e-01
   1.7308643e-01
   9.6774057e-02
   5.7711933e-02
   4.6271332e-02
   2.1825388e-02
   1.0205457e-02
   4.8406910e-02
   7.8211986e-02
   9.9699073e-02
   5.6092415e-02
   7.5507633e-02
   4.4776503e-02
   3.5399221e-02
   8.8087685e-02
   8.6478449e-02
   5.2723829e-02
   3.9249219e-02
   4.3203708e-02
   5.4300930e-02
   1.3780396e-02
   2.6994575e-02
   3.5863310e-02
   3.0985141e-02
   8.8819545e-03
   3.3449870e-02
   7.9070136e-02
   1.0608280e-01
   8.5723117e-02
   4.3399304e-02
   9.3461964e-03
   1.9306153e-02
   2.1878630e-02
   2.5071966e-02
   1.8856372e-01
   5.0622779e-01
   5.4599714e-01
   4.0919277e-01
   1.9874610e-01
   6.6805072e-02
   2.1452619e-02
   1.3441564e-02
   1.7894400e-02
   3.1360831e-02
   3.7862644e-02
   7.3955439e-02
   1.4595193e-01
   1.1794033e-01
   8.7680690e-02
   7.7277809e-02
   3.7876587e-02
   4.3478984e-02
   5.5634525e-02
   5.3214490e-02
   5.1650096e-02
   6.8360366e-02
   5.3850107e-02
   3.0287446e-02
   2.6668413e-02
   2.7545573e-02
   8.3182260e-02
   9.1109686e-02
   3.7341058e-02
   7.3810771e-02
   2.2251049e-02
   1.7707301e-02
   3.9560478e-02
   6.6408575e-02
   8.9799672e-02
   4.5489695e-02
   8.7342173e-02
   6.0824137e-02
   1.8922087e-02
   5.1131122e-02
   8.1765555e-02
   5.3031854e-02
   5.8226418e-02
   5.7294171e-02
   1.0879450e-01
   1.0386400e-01
   9.8034061e-02
   1.2501810e-01
   1.7688842e-01
   1.1481915e-01
   6.5872118e-02
   7.8917488e-02
   6.6590920e-02
   3.9292309e-02
   8.0894805e-02
   1.8871109e-01
   2.9483539e-01
   1.8377532e-01
   6.5727778e-02
   6.1307471e-02
   5.7065014e-02
   3.7285578e-02
   2.7693946e-02
   8.9307979e-02
   1.5954964e-01
   1.8579739e-01
   1.9598375e-01
   1.8084066e-01
   1.2907721e-01
   1.9717401e-01
   3.5400656e-01
   2.5177372e-01
   8.9464664e-02
   3.5819578e-01
   8.5872126e-01
   6.4833736e-01
   2.4031512e-01
   9.3733363e-02
   1.1234777e-01
   1.5604690e-01
   9.6774310e-02
   1.0537921e-01
   1.0672982e-01
   5.6618139e-02
   5.2974194e-02
   5.7077490e-02
   7.7507235e-02
   3.6775019e-02
   4.9742941e-02
   7.0258111e-02
   1.1564801e-01
   8.4483899e-02
   3.4780234e-02
   1.4326806e-02
   3.9982732e-02
   4.2466525e-02
   8.0466866e-02
   7.5191773e-02
   5.5314865e-02
   8.6173266e-02
   1.0550513e-01
   6.0826279e-02
   9.1240909e-03
   4.2197239e-02
   9.4446346e-02
   2.0533251e-02
   7.3870897e-02
   1.9005117e-01
   2.3622172e-01
   1.7053223e-01
   9.7569309e-02
   5.4373395e-02
   5.0574657e-02
   7.6551326e-02
   2.1222746e-01
   2.8909671e-01
   2.9270038e-01
   2.9414442e-01
   2.8327411e-01
   1.8361972e-01
   7.0362665e-02
   2.2984426e-02
   4.4929177e-02
   4.4590000e-02
   4.3568831e-02
   8.0438659e-02
   7.7893801e-02
   4.9604896e-02
   2.5586931e-02
   4.2590387e-02
   3.8179036e-02
   5.4815970e-03
   8.5833203e-03
   7.0798472e-02
   5.6176633e-02
   5.0709326e-02
   1.0438408e-01
   6.1007895e-02
   5.2447490e-02
   3.4099188e-02
   2.5644096e-02
   5.6519505e-02
   6.7080222e-02
   4.7607530e-02
   6.6038747e-03
   2.1763360e-02
   6.8416998e-02
   7.9546906e-02
   4.0866747e-02
   3.3758074e-02
   3.8218226e-02
   5.2580792e-02
   6.8761498e-02
   3.0382143e-02
   3.0682478e-02
   8.0896646e-02
   8.1512481e-02
   4.9755022e-02
   5.1746711e-02
   7.1537733e-02
   7.6800689e-02
   1.3249315e-01
   1.0257884e-01
   4.9458891e-02
   2.3841202e-02
   4.8184108e-02
   2.2005153e-01
   3.0084488e-01
   1.9163643e-01
   9.7626291e-02
   2.3686387e-02
  -9.9141011e-03
   7.1102841e-04
   1.4235665e-01
   6.4655656e-01
   1.0331211e+00
   9.1923785e-01
   5.2299333e-01
   2.2987010e-01
   8.7166160e-02
   6.6080309e-02
   4.1009590e-02
   1.7467184e-02
   6.5248534e-02
   1.0194704e-01
   1.4533092e-01
   1.5657052e-01
   1.2787834e-01
   1.0289694e-01
   4.7044721e-02
   1.5691297e-02
   3.8547263e-02
   3.7164304e-02
   5.9878401e-02
   7.8446336e-02
   5.6894671e-02
   3.5575174e-02
   5.3293940e-02
   9.3898393e-02
   1.5156087e-01
   1.5509471e-01
   7.6957136e-02
   5.1420782e-02
   3.5708703e-02
   2.9181605e-02
   8.2398757e-02
   2.4856074e-01
   5.8599478e-01
   7.6806670e-01
   5.0573772e-01
   3.0475780e-01
   1.6007449e-01
   6.2579371e-02
   6.9700196e-02
   4.2324234e-02
   1.8335456e-02
   8.7341584e-02
   2.1393001e-01
   4.2001131e-01
   4.8607925e-01
   3.2718942e-01
   1.7170063e-01
   7.1895555e-02
   1.5127557e-02
   6.5791950e-02
   9.7498782e-02
   2.6464060e-01
   4.0314421e-01
   3.9146143e-01
   2.1319862e-01
   1.4376552e-01
   9.5451050e-02
   9.8916352e-02
   3.2618746e-02
   1.0334724e-02
   2.5889760e-02
   5.8755174e-02
   3.6026049e-01
   6.4761055e-01
   6.8706512e-01
   4.4698080e-01
   2.1958531e-01
   9.8935939e-02
   6.3553937e-02
   1.7033963e-01
   7.8380948e-01
   1.6488932e+00
   1.8580687e+00
   1.3403716e+00
   9.8434174e-01
   9.7585124e-01
   8.9901048e-01
   7.5699687e-01
   4.0836269e-01
   1.1804896e-01
   4.4593245e-02
   8.2682288e-01
   3.8458600e+00
   7.0656686e+00
   6.4903736e+00
   3.6440668e+00
   1.5041473e+00
   5.9355223e-01
   3.2955289e-01
   2.6568859e+00
   1.6362272e+01
   3.3604816e+01
   3.3256664e+01
   1.9381697e+01
   7.6858740e+00
   2.2609322e+00
   6.3905376e-01
   2.1401697e-01
   4.7030415e-02
   4.0059355e-01
   2.1966612e+00
   4.6517658e+00
   4.8535833e+00
   3.1077955e+00
   1.4035232e+00
   2.6293561e-01
  -1.8471402e-01
  -7.0936933e-02
   3.5351416e-01
   6.7171037e-01
   1.0201809e+00
   1.4441894e+00
   1.2095809e+00
   5.0352395e-01
   1.4147463e-01
   1.8939604e-01
   2.2080210e-01
   1.7289643e-01
   2.3859325e-01
   2.6927266e-01
   3.8645256e-01
   5.4931366e-01
   9.8411435e-01
   1.8084774e+00
   1.7601880e+00
   8.6843985e-01
   2.1095353e-01
   8.7749802e-02
   1.1360416e-01
   1.7526889e-01
   2.0050992e-01
   1.6504373e-01
   1.5050671e-01
   1.9391781e-01
   1.5783891e-01
   1.3849023e-01
   1.5731099e-01
   1.8434383e-01
   1.9060262e-01
   9.1666356e-02
   8.2289979e-02
   1.4902018e-01
   1.9698694e-01
   2.2803289e-01
   5.9116460e-02
  -2.4672298e-02
  -6.1183184e-02
   4.8990253e-02
   1.5179347e-01
   2.1820875e-01
   9.3639590e-02
  -1.1040414e-02
  -1.7884491e-01
  -7.0865519e-02
   1.7115073e-01
   4.9368599e-01
   8.1583756e-01
   8.5559833e-01
   4.8497209e-01
   1.6115592e-01
   7.6345667e-02
   6.8501604e-01
   1.8716910e+00
   2.1768527e+00
   1.3928297e+00
   5.7871950e-01
   2.1762152e-01
   5.4128188e-01
   1.0085382e+00
   1.0422540e+00
   5.6089294e-01
   2.9558468e-01
   3.1288680e-01
   2.7107424e-01
   3.4613007e-01
   1.8602209e+00
   4.3578153e+00
   4.8093042e+00
   3.0962102e+00
   1.3687676e+00
   4.9516091e-01
   1.3322295e-01
   7.4898340e-02
   4.3989502e-02
   5.6224577e-02
   3.4071693e-01
   8.4750986e-01
   8.6950588e-01
   6.1674798e-01
   2.8036949e-01
   6.4683713e-02
  -4.0123533e-02
   3.1851530e-02
   6.1200112e-02
   1.4072913e-01
   2.3707709e-01
   2.7351570e-01
   2.2435823e-01
   7.5195253e-02
  -3.8432642e-03
   3.4795813e-02
  -1.5340482e-02
  -2.3888351e-02
   4.2325795e-02
   1.3484019e-01
   1.7957138e-01
   1.4335874e-01
   2.0449594e-01
   2.9587793e-01
   2.6833016e-01
   1.8519920e-01
   1.1510972e-01
   1.1193397e-01
   1.0401061e-01
   1.4742325e-01
   1.1762438e-01
   8.1975944e-02
   7.8894690e-02
   1.0229982e-01
   8.2643673e-02
   8.3683506e-02
   1.4040886e-01
   1.6597743e-01
   1.4759605e-01
   1.8180788e-01
   1.0949847e-01
   5.6381550e-02
   1.4157516e-01
   7.7493027e-02
  -1.7462147e-02
   9.3998455e-02
   1.8386990e-01
   2.8283578e-01
   3.0597916e-01
   2.6398769e-01
   7.8073859e-02
  -1.7839620e-02
   8.9576326e-02
   2.2491333e-01
   3.8767409e-01
   5.3643250e-01
   4.3655077e-01
   2.3130232e-01
   1.3597897e-01
   1.8262151e-01
   4.3441236e-01
   6.2483722e-01
   4.0945944e-01
   1.6879945e-01
   7.3784669e-03
   7.8049123e-02
   8.1413013e-01
   1.9108113e+00
   2.2256875e+00
   1.4904598e+00
   6.0557157e-01
   1.5573619e-01
   1.2180139e-01
   1.4095870e+00
   5.0789366e+00
   7.6250162e+00
   6.1601949e+00
   3.3249021e+00
   1.3349420e+00
   4.5143950e-01
   1.4702098e-01
   2.3017530e-01
   3.8473055e-01
   6.1588186e-01
   9.1293061e-01
   1.1287115e+00
   9.6229553e-01
   5.6425738e-01
   2.7496362e-01
   1.8517132e-01
   1.3484932e-01
   1.5988971e-01
   1.6989683e-01
   2.6482609e-01
   4.3055043e-01
   3.4344324e-01
   2.1430106e-01
   1.1361818e-01
   9.0217486e-02
   2.8946768e-02
   5.6233712e-02
   8.4683187e-02
   9.1324285e-02
   1.1569328e-01
   9.9429496e-02
   1.5200853e-01
   1.3040599e-01
   1.0809186e-01
   3.9474070e-02
   4.3806653e-02
   2.2266867e-02
   4.0111687e-02
   7.2137229e-02
   9.9735461e-02
   7.4785359e-02
   6.6012800e-02
   2.3960257e-02
  -3.0594007e-03
   1.7658504e-02
   1.1404563e-01
   9.3701415e-02
   1.0071027e-01
   7.6305717e-02
   1.0866044e-01
   8.9021288e-02
   5.8061041e-02
  -2.0929644e-02
   2.4095584e-02
   4.5286402e-02
   9.0460308e-02
   1.2033717e-01
   1.8179812e-01
   1.4441748e-01
   1.0767075e-01
   4.8427619e-02
  -2.2967849e-02
   4.7913931e-02
   1.6528779e-01
   2.3289827e-01
   2.5568449e-01
   1.7721875e-01
   8.2757533e-02
   4.9089149e-02
   7.8997545e-02
   1.4834189e-01
   1.4080602e-01
   8.9911610e-02
   3.6737941e-02
   2.9518412e-04
   1.2872370e-01
   3.8343942e-01
   4.6475515e-01
   3.8354564e-01
   1.9073603e-01
   5.1001195e-02
   1.6846243e-02
   1.1406757e-01
   6.2930220e-01
   1.1680326e+00
   1.1089168e+00
   6.5493095e-01
   3.6014330e-01
   1.9130608e-01
   8.4533066e-02
   1.1967963e-01
   1.8439735e-01
   3.0807161e-01
   3.8257092e-01
   3.0811328e-01
   2.7421951e-01
   2.2705668e-01
   1.1456672e-01
   1.1779441e-01
   1.1210882e-01
   1.6680229e-01
   9.0205781e-02
   8.7757356e-02
   1.4839254e-01
   1.0201630e-01
   3.2452039e-02
   2.5734242e-02
   5.2995499e-02
   5.2779876e-02
   1.0921830e-02
   2.2867180e-02
   1.0029219e-02
   3.8310926e-02
   8.7121382e-02
   4.1070879e-02
   3.8097724e-02
   2.7557217e-02
   2.8100356e-02
   3.1292982e-02
   3.1949371e-02
   4.2186840e-03
   2.0719172e-02
   1.7723784e-02
   6.1988797e-02
   7.0031285e-02
   6.5487877e-02
   4.2151291e-02
   3.4769811e-02
   4.3253459e-02
   1.9701667e-02
   6.0257442e-02
   1.4324501e-01
   1.8797314e-01
   1.9815907e-01
   1.2550890e-01
   5.3961009e-02
   8.4098764e-02
   3.1435482e-02
   9.4756171e-02
   1.3033023e-01
   1.0761911e-01
   6.2580712e-02
   5.0213199e-02
   7.7514760e-02
   1.1307552e-01
   7.2654240e-02
   8.0934018e-02
   7.0939153e-02
   8.7534443e-02
   6.1402317e-02
   3.5095032e-02
   2.7158193e-02
   3.7329189e-02
   6.0689837e-02
   4.2902865e-02
   4.3274313e-02
   4.7204036e-02
   6.7545936e-02
   1.2422490e-01
   1.2822832e-01
   1.7352381e-01
   1.0211917e-01
   5.8849223e-02
   2.5932003e-02
   4.9228352e-03
   1.5815049e-01
   2.9920581e-01
   3.1173247e-01
   1.9384223e-01
   9.7816423e-02
   9.5968917e-02
   2.3136936e-02
   3.1603802e-02
   1.0841722e-01
   1.6832370e-01
   1.2047553e-01
   5.1508438e-02
   3.5691004e-02
   5.7918333e-02
   5.0312281e-02
   3.1197535e-02
   8.6121731e-02
   6.5880053e-02
   6.5498210e-02
   7.9550512e-02
   3.4118477e-02
   5.1871825e-02
   9.1991350e-02
   9.4831273e-02
   6.8774931e-02
   3.1655431e-02
   2.5403643e-02
   5.5618051e-02
   8.4462188e-02
   1.1885499e-01
   1.1179271e-01
   7.1392931e-02
   5.9779785e-03
  -2.0030497e-02
   1.9009633e-02
   1.2644081e-01
   2.8770262e-01
   3.5332206e-01
   2.2061829e-01
   8.8931546e-02
   2.9766886e-03
   5.8344966e-03
   5.5937309e-02
   1.4319032e-01
   1.1870272e-01
   4.9501933e-02
   6.6267528e-02
   5.0949167e-02
   4.6625830e-02
   8.4126197e-02
   9.2703089e-02
   9.7019404e-02
   9.6770324e-02
   6.7216426e-02
   3.9525155e-02
   4.5960538e-02
   2.0514004e-02
   2.0821001e-02
   2.1003539e-02
  -1.9808826e-03
   4.6857808e-02
   8.5368246e-02
   4.9843770e-02
   2.5772845e-02
   5.7737187e-02
   5.0220199e-02
   6.3081063e-02
   7.4092552e-02
   6.3837819e-02
   3.7381265e-02
   1.9159643e-03
   9.3484800e-03
   2.4961965e-02
   4.6442218e-02
   6.2885441e-02
   6.3172020e-02
   9.7484805e-02
   1.2552150e-01
   3.4573562e-02
   4.9954329e-02
   6.4853422e-02
   1.2026259e-01
   1.0019365e-01
   1.2491675e-01
   7.4504606e-02
   4.6066314e-02
   2.2490202e-02
   7.3748273e-03
   3.9592307e-02
   3.8010314e-02
   9.3447804e-02
   8.6908467e-02
   5.5053331e-02
   8.2518063e-02
   7.3732786e-02
   8.4936522e-02
   3.0325683e-02
   2.2677924e-02
   2.7276803e-02
   4.2960189e-02
   3.0667437e-02
   4.4253524e-02
   7.8702062e-02
   3.5855111e-02
   4.3865100e-02
   7.2745301e-02
   8.9795373e-02
   9.3409233e-02
   6.8865351e-02
   7.7905618e-02
   8.0519892e-02
   7.8730360e-02
   4.2717826e-02
   7.0156723e-02
   1.1806782e-01
   1.1754831e-01
   1.6287899e-01
   1.7381310e-01
   1.9326063e-01
   1.6214663e-01
   1.8263525e-01
   1.5528385e-01
   1.3453652e-01
   1.7147444e-01
   1.9556069e-01
   1.0381797e-01
   7.5811706e-02
   1.3329080e-01
   1.8083566e-01
   2.3904145e-01
   2.0391960e-01
   1.9180387e-01
   9.8222561e-02
   1.2552999e-01
   1.8794242e-01
   2.5844112e-01
   3.4168884e-01
   2.5102958e-01
   1.5512440e-01
   7.8651607e-02
   8.2150795e-02
   1.9827928e-01
   3.0842817e-01
   3.2294685e-01
   3.3340260e-01
   2.6849723e-01
   9.1697194e-02
   9.6669488e-02
   2.8210819e-01
   5.0971514e-01
   6.7056286e-01
   6.1208248e-01
   3.0282244e-01
   8.3695710e-02
   6.2716752e-02
   3.4172037e-01
   6.7464960e-01
   7.0255953e-01
   7.5005764e-01
   5.6870431e-01
   3.2804209e-01
   1.9932009e-01
   7.2576255e-01
   1.1831410e+00
   1.1473522e+00
   7.5086641e-01
   3.3066037e-01
   5.6295291e-02
   1.2401692e-01
   9.8400974e-01
   1.6647649e+00
   1.3765095e+00
   6.8038613e-01
   2.3472346e-01
   2.5072509e-02
   3.1456831e-01
   2.0035446e+00
   4.0973344e+00
   4.1261444e+00
   2.6271386e+00
   1.1080960e+00
   3.2637337e-01
   4.6478775e-01
   1.6912605e+00
   2.9195986e+00
   2.7150755e+00
   1.6653461e+00
   8.6866540e-01
   4.8617381e-01
   6.1702096e-01
   1.2363333e+00
   1.7953880e+00
   1.4742357e+00
   9.2524445e-01
   4.6669915e-01
   2.9388151e-01
   4.6072838e-01
   7.9122317e-01
   9.0377843e-01
   5.9862369e-01
   3.7387335e-01
   2.7841413e-01
   1.9357710e-01
   2.0930468e-01
   1.6545640e-01
   1.1105819e-01
   7.5802214e-02
   1.3165398e-01
   1.8151391e-01
   2.2640203e-01
   2.1469086e-01
   1.9261874e-01
   1.3827805e-01
   1.3217609e-01
   1.2436727e-01
   1.3299036e-01
   1.1942242e-01
   4.8973557e-02
   4.3856211e-02
   6.7323491e-02
   9.4754532e-02
   1.9411437e-02
   4.6107434e-02
   3.4976415e-02
   1.1431987e-01
   9.6461207e-02
   3.9605089e-02
   1.1723860e-02
   9.5454967e-03
   5.9088603e-02
   1.9719523e-01
   1.8269207e-01
   7.9444580e-02
   4.6280343e-02
   2.3616135e-02
   1.7734041e-02
   8.0729634e-02
   1.8180341e-01
   2.5657341e-01
   2.7984679e-01
   1.1893360e-01
   9.3582377e-02
   8.5516416e-02
   1.5682752e-01
   2.3329338e-01
   2.1469559e-01
   9.5703438e-02
   6.3576542e-02
   1.4145508e-01
   2.5202078e-01
   3.6437088e-01
   2.9102021e-01
   1.7253125e-01
   1.7765794e-02
  -1.2990513e-02
   1.9633716e-01
   6.5934682e-01
   9.5197397e-01
   7.8400016e-01
   4.0195400e-01
   1.0780225e-01
   1.0251925e-02
   1.7237373e-01
   5.5278420e-01
   7.0643812e-01
   4.5390421e-01
   2.3245361e-01
   1.1247607e-01
   7.0353106e-02
   2.0422563e-01
   3.7784496e-01
   3.9783973e-01
   2.5756150e-01
   1.5256539e-01
   6.8431139e-02
   6.9798559e-02
   1.4465085e-01
   2.1061657e-01
   1.8562901e-01
   1.3830319e-01
   8.8433012e-02
   1.3304533e-01
   1.5111740e-01
   9.7937137e-02
   7.5782597e-02
   3.2864969e-02
   1.8822135e-02
   2.6639964e-02
   1.2758997e-01
   3.5805234e-01
   4.8877415e-01
   3.1633753e-01
   1.2357351e-01
   7.0874378e-02
   1.8102843e-03
   4.7534373e-02
   8.0624536e-02
   7.4035391e-02
   1.0905311e-01
   1.2900902e-01
   9.1400824e-02
   7.1509019e-02
   1.3379163e-01
   1.4584631e-01
   7.4209712e-02
   7.1718879e-02
   5.1483590e-02
   4.9344849e-02
  -7.7379532e-03
   2.2026557e-02
   1.7449239e-02
   5.5605836e-02
   3.8588736e-02
   4.4659454e-02
   2.9762968e-02
   2.2658452e-02
   4.7574263e-02
   1.0661283e-01
   6.9069557e-02
   1.5806368e-02
   4.3706529e-02
   5.5327885e-02
   4.6916675e-02
   3.4487445e-02
   1.0226437e-01
   7.7234484e-02
   6.2755041e-02
   9.0138808e-02
   1.3627309e-01
   1.2713060e-01
   1.1651418e-01
   6.8574034e-02
   6.8991639e-02
   1.0270812e-01
   1.3830182e-01
   2.4999441e-01
   2.9575989e-01
   2.0046218e-01
   8.9473113e-02
   2.6781936e-03
  -1.3015535e-02
   1.0192191e-01
   1.8810721e-01
   2.0076862e-01
   1.2512781e-01
   6.2809102e-02
   2.7319365e-03
   9.3691088e-03
   7.1533732e-02
   1.0839872e-01
   5.4843258e-02
   5.7176836e-02
   3.0695530e-02
   2.7684886e-02
   4.5299020e-02
   8.3145060e-02
   2.9657599e-02
   3.5760056e-02
   3.5412770e-02
   4.0033549e-02
   2.5053252e-02
   3.9280344e-02
   5.1808953e-02
   2.9710140e-02
   2.6642188e-02
   1.2230761e-02
   6.5798648e-02
   8.0796160e-02
   8.2860693e-02
   6.5644003e-02
   6.8021722e-02
   1.7051883e-02
   3.1540480e-02
   1.7415972e-02
  -2.7590834e-03
   1.5772467e-02
   5.9760325e-02
   7.1121357e-02
   8.1671186e-02
   5.0325602e-02
   6.3109547e-02
   6.0514688e-02
   4.8334345e-02
   2.7700055e-02
   5.7179928e-02
   4.7277939e-02
   5.8614459e-02
   6.9169939e-02
   2.7639758e-02
   1.3068783e-03
   2.7788045e-02
   2.2889478e-02
   1.6809857e-02
   4.2164225e-02
   5.3258087e-02
   3.1323306e-02
   1.8161407e-02
   2.7202090e-02
   4.2244378e-02
   5.0747581e-02
   6.6547975e-02
   3.3531420e-02
   6.5560594e-02
   3.0128120e-02
   3.8400985e-02
   3.1659652e-02
   2.1925367e-02
   4.1369144e-02
   3.3354800e-02
   1.2497031e-02
   4.5116846e-03
   3.8949545e-02
   7.8704871e-02
   1.1895561e-01
   8.4940128e-02
   3.6501143e-02
   3.8110081e-02
   2.3005934e-02
   1.0918510e-02
   4.1339021e-02
   7.4403778e-02
   6.8434194e-02
   7.9888910e-02
   8.3450079e-02
   4.0555760e-02
   3.2662492e-02
   4.8499864e-02
   2.6728004e-02
   2.1501264e-02
   3.2504596e-02
   1.2490366e-02
   2.2712195e-02
   7.0169680e-02
   5.9033722e-02
   4.6954609e-02
   3.3061374e-02
   2.4074093e-02
   5.0235149e-02
   4.0897831e-02
   3.7974618e-02
   2.8680335e-03
   4.3555547e-02
   3.6608651e-02
   1.5704062e-02
   2.3357179e-02
   2.9870488e-02
   5.1575266e-02
   5.0976384e-02
   1.9433545e-02
   7.5383812e-02
   6.6102155e-02
   4.5644891e-02
   3.2806493e-02
   5.8244180e-02
   4.8445277e-02
   5.3259589e-02
   3.0602567e-02
   2.7160609e-02
   5.2429412e-02
   2.1980153e-02
   1.6247151e-02
   4.9331207e-02
   4.3349456e-02
   7.1596190e-02
   4.2283412e-02
   2.9279988e-02
   6.2057685e-02
   4.0448707e-02
   2.7157478e-02
   3.0192393e-03
   4.0453259e-02
   8.4309079e-02
   5.7259638e-02
   4.6132866e-02
   7.4023567e-02
   6.2220518e-02
   4.5444317e-02
   5.3413484e-02
   4.3914165e-02
   6.4341217e-02
   4.5548722e-02
   5.7593554e-02
   4.5631934e-02
   1.8924516e-02
   1.7679391e-02
   1.6361773e-02
   4.2665679e-02
   2.4250625e-02
   3.0494824e-02
   3.8014773e-02
   5.3989943e-02
   3.3842783e-02
   1.9895101e-02
   1.4130135e-02
   2.3456804e-02
   4.3103304e-02
   5.0175976e-02
   4.3928128e-02
   2.6983527e-02
   4.3051537e-02
   4.6361994e-02
   4.4594407e-02
   4.1608784e-02
   2.3360116e-02
   3.2996044e-02
   1.5871532e-02
   1.2471376e-03
   2.1056466e-02
   1.5432832e-02
   4.0808141e-02
   4.0813833e-02
   4.0293001e-02
   3.1839374e-02
   2.7793331e-02
   3.2500204e-02
   3.7909109e-02
   2.3887739e-02
   6.8421355e-03
   2.3629710e-02
   1.7276175e-02
   2.6640253e-02
   4.2054176e-02
   5.8369908e-02
   3.2871999e-02
   1.6659752e-02
   1.9633388e-02
   3.4999929e-02
   1.9848146e-02
   2.2280468e-02
   3.2239642e-02
   6.2302165e-02
   2.7549483e-02
   2.6388166e-02
   3.6302906e-02
   1.9938912e-02
   3.0656947e-02
   2.3777669e-02
   1.4940583e-02
   1.6771317e-02
   4.4750448e-02
   4.9868066e-02
   1.3156421e-02
   2.5500190e-02
   1.5350548e-02
   2.8747236e-02
   3.7966430e-02
   6.4323023e-02
   5.9304826e-02
   4.6467770e-02
   4.7067475e-02
   4.4061843e-02
   4.9459148e-02
   4.1660544e-02
   3.9378833e-02
   3.6965631e-02
   1.6835486e-03
   8.6583234e-03
   2.8393233e-02
   3.8752798e-02
   3.3933099e-02
   1.7870422e-02
   1.7560074e-02
   3.2208841e-02
   4.2185538e-02
   4.8807196e-02
   1.6196735e-02
   5.0869901e-03
   3.2361571e-02
   2.8613532e-02
   5.4209106e-02
   4.4960398e-02
   2.0790663e-02
   2.6132170e-02
   3.7514910e-02
   1.9473743e-02
   3.4285557e-02
   3.8625751e-02
   1.5046705e-02
   1.4988001e-02
   3.6176346e-02
   5.3968661e-02
   2.8101420e-02
   3.0114448e-02
   1.1609151e-02
   2.5578232e-02
   3.5467200e-02
   3.0871831e-02
   3.0235153e-02
   3.8538031e-02
   3.6454249e-02
   2.6856493e-02
   1.3812559e-02
   2.4227532e-02
   1.5053005e-02
   2.4966033e-02
   3.0130336e-02
   3.0512387e-02
   2.8499696e-02
   3.8240027e-02
   1.4459654e-02
   2.6738307e-02
   4.1028105e-02
   1.9548723e-02
   3.4174994e-02
   1.8958060e-02
   1.5615424e-02
   2.3675917e-02
   3.6088057e-02
   1.6015397e-02
   1.4714381e-02
   2.1497587e-02
   2.8315574e-02
   3.2013431e-02
   4.4060532e-02
   5.3198587e-02
   3.9371941e-02
  -3.7295644e-03
   9.4770798e-03
   2.5091449e-02
   1.1280965e-02
   5.6902403e-03
   2.7413312e-02
   2.7752440e-02
   4.2088490e-02
   4.2902704e-02
   4.7083244e-02
   3.2958768e-02
   3.9256942e-02
   2.5755614e-02
   2.0816151e-02
   3.5769403e-02
   3.6771618e-02
   1.7368892e-02
   2.9740937e-02
   3.3210117e-02
   2.2936113e-02
   2.4224062e-02
   2.6146898e-02
   5.3827047e-02
   3.5671368e-02
   1.3260971e-02
   3.1106047e-02
   4.6658967e-02
   3.6868215e-02
   2.7710460e-02
   1.4686296e-02
   2.6453786e-02
   3.9856400e-02
   3.9169472e-02
   3.6876377e-02
   3.3026304e-02
   2.5166303e-02
   3.3858761e-02
   4.1849405e-02
   2.8133450e-02
   3.2231849e-02
   4.5867197e-02
   4.1873474e-02
   3.7142839e-02
   5.0554302e-02
   4.6685357e-02
   3.9479610e-02
   2.4705773e-02
   4.8186220e-03
   1.8804974e-03
   2.7672129e-02
   4.2734306e-02
   3.1057438e-02
   1.5884805e-02
   2.5460975e-02
   3.1398479e-02
   2.3435671e-02
   6.7753242e-03
   4.5980848e-02
   6.6337675e-02
   5.3436011e-02
   2.6167255e-02
   3.9649703e-02
   2.0481154e-02
   2.1875180e-02
   8.8122357e-03
   2.0293109e-02
   2.6705088e-02
   2.8200209e-02
   3.8599450e-02
   3.6393091e-02
   1.8729923e-02
   1.4933716e-02
   8.0197239e-03
   2.2691831e-02
   1.9809769e-02
   4.0313348e-02
   3.7215810e-02
   1.9689910e-02
   4.3498751e-02
   3.7430450e-02
   2.7735634e-02
   4.2243063e-02
   4.0683877e-02
   2.9789727e-02
   9.5831603e-03
   3.6987536e-02
   5.6088787e-02
   5.3871993e-02
   2.8946428e-02
   2.8220529e-02
   3.2598503e-02
   1.8251361e-02
   2.8870307e-02
   1.6283298e-02
   2.9306818e-02
   4.9685117e-02
   1.2935424e-01
   1.6205192e-01
   1.0987881e-01
   4.0154830e-02
   2.6706915e-02
   3.2898359e-02
   2.1253426e-01
   4.2447767e-01
   4.5866859e-01
   2.4798718e-01
   1.0318055e-01
   6.5482154e-02
   8.4274203e-02
   1.4425923e-01
   1.9606675e-01
   2.2119650e-01
   1.6824976e-01
   1.4630590e-01
   1.1564007e-01
   6.7216031e-02
   2.9692495e-02
  -4.4904849e-03
   5.4241102e-02
   7.2934508e-02
   6.4248547e-02
   5.6439187e-02
   3.8673099e-02
   1.4559500e-02
   3.7811384e-02
   3.7496731e-02
   1.9967642e-02
   4.5799341e-02
   6.1571043e-02
   3.7330154e-02
   3.1631257e-02
   3.3687375e-02
   4.4976422e-03
   9.1623198e-03
   1.9349834e-02
   3.5594616e-02
   4.3286089e-02
   3.9745647e-02
   2.5241893e-02
   2.0345660e-02
   2.7627051e-02
   3.2972444e-02
   2.3018304e-02
   3.5664927e-02
   3.6600899e-02
   4.5022674e-02
   5.5377696e-02
   7.7771313e-02
   3.9238043e-02
   1.7428642e-02
   1.7566646e-02
   1.8008506e-02
   2.7097376e-02
   2.4210270e-02
   4.9617056e-02
   5.5996813e-02
   1.5133830e-02
   5.1492155e-03
   1.9618219e-02
   2.2984343e-02
   3.0344203e-02
   3.4140658e-02
   3.3214372e-02
   2.5827166e-02
   3.3663549e-02
   5.0542794e-02
   4.4876330e-02
   3.5352103e-02
   8.1865434e-03
   2.4454116e-03
   8.0194091e-03
   3.1475138e-02
   3.7614338e-02
   4.4397943e-02
   3.4419369e-02
   2.6508469e-02
   4.4570584e-02
   7.9153515e-02
   9.0483434e-02
   6.0301568e-02
   2.3052832e-02
   2.1148210e-02
   2.2871327e-02
   4.1979425e-02
   5.6005791e-02
   2.6822150e-02
   3.9368384e-02
   5.7168033e-02
   3.9331350e-02
   3.9481711e-02
   3.2277312e-02
   2.8017526e-02
   1.9726811e-02
   8.4967799e-03
   1.9291023e-02
   2.4017110e-02
   3.7721574e-02
   2.0705026e-02
   3.1971220e-02
   1.0666220e-02
   2.1282414e-02
   2.5428077e-02
   1.5858803e-02
   2.6108773e-02
   2.5428314e-02
   2.0201270e-02
   1.0652417e-02
   1.2180615e-02
   1.9381011e-02
   1.3021216e-02
   6.2293299e-03
   1.2184120e-02
   2.4763353e-02
   2.4842359e-02
   3.2873761e-02
   3.2411575e-02
   2.8253606e-02
   1.9134866e-02
   2.5132723e-02
   2.5765363e-02
   1.7618990e-02
  -5.3234077e-03
   2.0995243e-02
   4.2879164e-02
   3.9152309e-02
   3.1685304e-02
   2.1079604e-02
   2.6251255e-02
   3.6604203e-02
   2.6881611e-02
   4.4453453e-02
   3.2040745e-02
   1.5511185e-02
   2.7792398e-02
   2.6046123e-02
   3.5296954e-02
   3.0946247e-02
   3.2305732e-02
   1.5961045e-02
   3.4662284e-02
   4.4053793e-02
   1.4471725e-02
   2.5881149e-02
   3.3695292e-02
   1.6339164e-02
   1.8607641e-02
   1.7212305e-02
   1.1304334e-02
   3.8123976e-03
   2.8804768e-02
   1.3299095e-02
   4.7576372e-03
   3.0579433e-02
   2.6592182e-02
   3.1235399e-02
   1.1527175e-02
   2.8817661e-02
   3.3897698e-02
   2.0384120e-02
   2.4938762e-02
   2.0504950e-02
   1.0868354e-02
   6.9660291e-02
   5.6767441e-02
   3.2196876e-02
   1.7876914e-02
   1.3075235e-02
   1.1302806e-02
   2.7965525e-02
   2.2123916e-02
   3.9119001e-02
   4.3668080e-02
   2.8024096e-02
   2.5085807e-02
   3.1967688e-02
   7.2418596e-03
   3.3039149e-02
   3.6777887e-02
   2.5805553e-02
   3.2804575e-02
   1.4208866e-02
   4.3432515e-02
   2.9466234e-02
   2.7563957e-02
   2.9796012e-02
   1.5740328e-02
   1.6814981e-02
   2.0600583e-02
   1.4845557e-02
   1.7257903e-02
   2.8958991e-02
   6.1591856e-02
   2.5635339e-02
   8.4845535e-03
   2.0702371e-02
   2.2675470e-02
   3.1288221e-02
   9.2629045e-03
   1.5074589e-02
   3.6373429e-02
   4.2547058e-02
   2.0380251e-02
   4.8029065e-02
   4.2767551e-02
   1.5855590e-02
   6.9064391e-03
   6.6161337e-03
   9.8942751e-03
   1.9217910e-02
   1.9743050e-02
   1.9027937e-02
   2.7427983e-02
   2.6146753e-02
   1.9804552e-02
   3.8237382e-02
   3.6107048e-02
   3.9134458e-02
   1.7949969e-02
   1.5807396e-02
   1.8424084e-02
   3.9465395e-03
   3.9102328e-03
   1.5753439e-02
   1.2559056e-02
   2.8492445e-02
   3.8479593e-02
   1.1189830e-02
   2.3072256e-02
   2.5473226e-02
   1.9861149e-02
   2.1645477e-02
   2.4678888e-02
   1.1503601e-02
   2.9204449e-02
   1.8884925e-02
   3.5038609e-02
   2.8171299e-02
   2.2834197e-02
   5.7692491e-03
   3.6172036e-02
   3.8413063e-02
   4.1894179e-02
   3.4262262e-02
   1.9537680e-02
   2.6910530e-02
   1.4354117e-02
   2.8902560e-02
   2.9590383e-02
   1.9431273e-02
   4.4044476e-02
   3.5321955e-02
   2.0866176e-02
   2.4722628e-02
   1.6441979e-02
   1.8854573e-02
   1.5988873e-02
   1.1135113e-02
   2.0072000e-02
   8.4856674e-03
   2.4885971e-02
   4.6050455e-02
   2.5662933e-02
   9.7966492e-03
   2.4305670e-02
   1.6300801e-02
   2.3132950e-02
   3.0342346e-02
   3.3812288e-02
   2.8781492e-02
   5.0728932e-02
   5.6578472e-02
   4.1589476e-02
   3.9384596e-02
   5.9430022e-02
   4.0396612e-02
   2.3792788e-02
   2.7976226e-02
   3.5114761e-02
   3.0525340e-02
   2.7840460e-02
   2.0442650e-02
   1.2863354e-02
   8.9438660e-03
   1.9140281e-02
   8.9914701e-04
  -1.0820043e-03
   2.8425319e-02
   2.1928981e-02
   3.6388099e-02
