   2.8707685e-02
   3.4164377e-02
   3.6912683e-02
   2.6008183e-02
   1.2610547e-02
   1.9088054e-02
   1.7028345e-02
   2.9491136e-02
   3.6063857e-02
   3.3416498e-02
   2.8630123e-02
   2.6540976e-02
   1.8538591e-02
   2.2111973e-02
   2.7754273e-02
   2.6544753e-02
   2.0722281e-02
   2.5279619e-02
   1.9150058e-02
   1.9343231e-02
   1.9980121e-02
   1.2072727e-02
   3.2444962e-03
   1.2479200e-02
   1.5508646e-02
   3.6523972e-02
   5.1094148e-02
   3.6675792e-02
   4.3990813e-02
   3.2274008e-02
   1.7715573e-02
   1.2971416e-02
   2.4658931e-02
   1.4121080e-02
   1.6291143e-02
   2.5360551e-02
   1.1332842e-02
   2.5987482e-02
   3.1119075e-02
   3.5697259e-02
   1.7492710e-02
   1.4313993e-02
   1.1305814e-02
   2.2121415e-02
   3.3734430e-02
   2.5917698e-02
   2.5872525e-02
   1.7447984e-02
   1.2860934e-02
   1.7755775e-02
   3.4159832e-02
   2.0011978e-02
   1.2570086e-02
   2.9939551e-02
   4.5545017e-03
   3.0935235e-02
   5.0154764e-02
   4.3819115e-02
   4.3437421e-02
   4.3314658e-02
   3.3876024e-02
   3.2297906e-02
   4.6786752e-02
   4.0530939e-02
   4.0013220e-02
   1.9482357e-02
   1.8593436e-02
   2.2395128e-02
   3.2938220e-02
   3.0330935e-02
   3.6210414e-02
   2.4732020e-02
   1.7095992e-02
   2.1852942e-02
   3.5312969e-02
   3.6614750e-02
   3.2611508e-02
   2.0261355e-02
   1.9282652e-02
   4.3460667e-02
   2.0599391e-02
   1.1027532e-02
   2.3869544e-03
   7.7923969e-03
   3.4438048e-02
   2.6722917e-02
   3.6879849e-02
   2.7636008e-02
   1.2749127e-02
   3.0281961e-02
   4.0330730e-02
   3.9854459e-02
   1.6368750e-02
   4.4901192e-02
   4.7848854e-02
   3.6574226e-02
   4.5328237e-02
   4.8715457e-02
   5.0471112e-02
   3.3133905e-02
   1.7131504e-02
   1.5986567e-02
   3.1360615e-02
   3.2673791e-02
   2.0878829e-02
   4.3947402e-02
   5.2222118e-02
   4.7398128e-02
   6.0295530e-02
   7.3337212e-02
   4.0100761e-02
   3.8058039e-02
   2.8648358e-02
   1.5954077e-02
   2.6324317e-02
   3.8803551e-02
   4.1056212e-02
   4.3318629e-02
   1.2210213e-02
   2.4995157e-03
   3.4474298e-02
   3.3093914e-02
   2.8878566e-02
   3.2728132e-02
   1.5789539e-02
   2.9341569e-02
   3.9452735e-02
   3.2864057e-02
   3.0896731e-02
   4.7477610e-02
   3.0997682e-02
   2.5861099e-02
   2.7621293e-02
   4.1156456e-02
   2.6622089e-02
   4.4295374e-02
   5.8419228e-02
   5.4434743e-02
   5.4677974e-02
   3.0556930e-02
   1.8197635e-02
   3.6300119e-02
   1.4909696e-02
   1.4490842e-02
   3.4113795e-02
   1.1913992e-02
   1.3940389e-02
   4.0221404e-02
   2.6385756e-02
   1.8292410e-02
   2.8137857e-02
   3.7172798e-02
   3.0002123e-02
   9.2459060e-03
   1.1932127e-03
   2.3035223e-02
   2.8321950e-02
   1.6955083e-02
   3.6825702e-02
   4.7900062e-02
   5.2054279e-02
   3.9963685e-02
   3.8440675e-02
   2.9529765e-02
   2.1992913e-02
   1.0062426e-02
   2.4570083e-02
   3.1385124e-02
   3.3542134e-02
   3.0500973e-02
   2.5234941e-02
   2.2748651e-02
   2.2936912e-02
   2.5869090e-02
   1.3341042e-02
   1.6348310e-02
   1.3986834e-02
   2.1779798e-02
   6.0499061e-02
   5.2639320e-02
   1.7938260e-02
   3.3037245e-02
   2.9042909e-02
   2.4697274e-02
   1.2675486e-02
   7.4195582e-03
   3.9674040e-02
   3.2666087e-02
   4.5019500e-02
   6.0905371e-02
   3.9118581e-02
   3.1519894e-02
   2.7325228e-02
   3.7575960e-02
   3.7021264e-02
   3.3335812e-02
   1.7759657e-02
   1.5537194e-02
   1.2303396e-02
   2.7172597e-02
   4.8406962e-02
   4.5331586e-02
   2.1924905e-02
   3.2873344e-02
   1.3117336e-02
   4.0820129e-02
   4.2114984e-02
   2.7323272e-02
   4.8328511e-02
   6.6389799e-02
   5.3550370e-02
   3.5343003e-02
   3.3308454e-02
   2.4411889e-02
   2.0225341e-02
   3.6779560e-02
   3.5484709e-02
   5.5889888e-03
   1.5457735e-02
   3.3880658e-02
   4.8298288e-02
   4.5082815e-02
   2.8693134e-02
   2.8723683e-02
   3.7328262e-02
   3.1170730e-02
   3.7503857e-02
   4.0403694e-02
   3.7305478e-02
   3.9644025e-02
   4.1354623e-02
   2.9009949e-02
   2.1885389e-02
   1.4994225e-02
   3.4917425e-02
   3.6208440e-02
   4.1418243e-02
   2.7460713e-02
   3.1905204e-02
   3.7204556e-02
   6.3928269e-02
   6.8278566e-02
   3.9501365e-02
   1.3754242e-02
   2.0651786e-02
   3.6857411e-02
   5.2025255e-02
   4.3681968e-02
   3.4120552e-02
   5.0813816e-02
   4.5178760e-02
   4.2272724e-02
   3.4593109e-02
   1.5050013e-02
   3.8631067e-02
   3.6768638e-02
   5.4586194e-03
   7.9458384e-03
   3.2332204e-02
   4.7398224e-02
   4.4663873e-02
   3.3238903e-02
   3.6502261e-02
   3.9850995e-02
   6.3842252e-02
   4.5693070e-02
   2.2085113e-02
   1.1472145e-02
   2.3367789e-02
   1.3632570e-02
   2.5670478e-02
   3.2690149e-02
   3.4253605e-02
   1.9058945e-02
   3.8034122e-02
   1.7754950e-02
   3.5567757e-02
   4.0551644e-02
   2.7185984e-02
   4.4820491e-02
   4.4168971e-02
   4.9648784e-02
   4.9877994e-02
   5.5278171e-02
   3.7802141e-02
   1.7863754e-02
   4.1690145e-02
   2.8246561e-02
   1.1423129e-02
   1.8246794e-02
   4.4817541e-02
   4.0154610e-02
   4.0604375e-02
   4.9759652e-02
   6.5728016e-02
   7.1828067e-02
   6.3821755e-02
   3.8826339e-02
   4.0026788e-02
   3.2691665e-02
   1.0933040e-02
   1.5566566e-02
   1.8045042e-02
   2.2033157e-02
   6.8014905e-02
   5.5856176e-02
   3.4393124e-02
   3.3480611e-02
   4.0695749e-02
   5.3227898e-02
   2.8949836e-02
   4.9323566e-02
   5.6227986e-02
   3.3374768e-02
   2.7347237e-02
   5.7602808e-02
   3.2741793e-02
   1.8994002e-02
   2.5729848e-02
   4.0253177e-02
   4.8414014e-02
   3.5132911e-02
   1.8055266e-02
   2.5263641e-02
   3.2024153e-02
   3.5722390e-02
   2.8527148e-02
   2.8052500e-02
   4.4669550e-02
   4.3137107e-02
   2.1673596e-02
   1.9428939e-02
   3.0897079e-02
   2.8908473e-02
   3.8686231e-02
   2.7871015e-02
   3.4452897e-02
   6.6780172e-02
   1.0405858e-02
   1.8809311e-02
   1.4116927e-02
   4.9851942e-03
   1.5654074e-02
   2.6051801e-02
   4.0622320e-02
   3.0967308e-02
   4.4391807e-02
   2.7388353e-02
   1.3004489e-02
   2.4380179e-02
   4.1189302e-02
   1.4339716e-02
   3.2950643e-02
   2.6210655e-02
   4.0800370e-02
   2.9868238e-02
   2.7442323e-02
   7.1292214e-02
   6.3930228e-02
   4.0539265e-02
   2.7356202e-02
   2.4947874e-02
   2.8737277e-02
   2.1408023e-02
   2.5764631e-02
   3.9311685e-02
   2.7480407e-02
   2.3339532e-02
   1.8058142e-02
   2.6293207e-02
   2.9052643e-02
   2.1129318e-02
   5.0585486e-02
   3.3313870e-02
   2.1702426e-02
   2.7244715e-02
   4.5848154e-02
   4.0408161e-02
   1.6968893e-02
   1.7445112e-02
   4.4783890e-02
   4.8828833e-02
   3.8552139e-02
   2.5557792e-02
   3.2421626e-02
   2.6584730e-02
   1.5184800e-02
   1.5195851e-02
   2.1459494e-02
   1.1297112e-02
   3.7524238e-02
   2.1093344e-02
   4.2947076e-02
   3.8448527e-02
   3.0413194e-02
   2.8913105e-02
   1.6846366e-02
   1.3061193e-02
   1.9802488e-02
   3.1995848e-02
   4.6599254e-02
   4.6609640e-02
   2.1200387e-02
   2.3808889e-02
   1.9352766e-02
   1.5605660e-02
   2.1651166e-02
   2.5972195e-02
   2.4741808e-02
   1.9038774e-02
   5.4732271e-02
   3.6728159e-02
   4.1961011e-02
   3.9739326e-02
   7.0988774e-02
   1.4411709e-01
   1.0302436e-01
   3.8845722e-02
   3.5796113e-02
   3.2695081e-02
   1.7353311e-02
   3.4445249e-02
   6.2953494e-02
   3.8470123e-02
   2.1917934e-02
   1.0082863e-02
   2.7982272e-02
   2.2238757e-02
   6.8850121e-03
   1.0224162e-02
   2.8461101e-02
   2.8679881e-02
   1.2533195e-02
   2.9201381e-02
   3.7198428e-02
   2.2845192e-02
   3.6759093e-02
   4.2460721e-02
   4.0326368e-02
   3.4703277e-02
   3.8681619e-02
   3.7913788e-02
   3.9017007e-02
   4.8518353e-03
   8.7859724e-03
   1.3140501e-02
   2.6914934e-02
   4.5054860e-02
   5.4297280e-02
   4.8229218e-02
   3.0614778e-02
   1.8495327e-02
   1.6631834e-02
   3.7764065e-02
   3.1866655e-02
   1.5227239e-02
   1.9415008e-02
   2.0886678e-02
   2.2651233e-02
   1.1004693e-02
   2.0367930e-02
   3.1979289e-02
   2.9185370e-02
   3.9932616e-02
   3.5747979e-02
   3.9567232e-02
   3.5348985e-02
   4.5717169e-02
   2.0465681e-02
   6.4161909e-03
   1.2716637e-02
   3.4765866e-02
   1.1769002e-02
   1.4579628e-02
   1.0059140e-02
   1.6509309e-02
   3.2661747e-02
   3.0962473e-02
   1.9749362e-02
   2.0308791e-02
   3.3413038e-02
   3.4958195e-02
   2.9308977e-02
   2.7090613e-02
   5.7099000e-02
   5.0885506e-02
   1.9195730e-02
  -5.8400730e-04
   2.3074584e-02
   3.8828101e-02
   5.1772404e-02
   4.1679081e-02
   3.6654375e-02
   2.6096271e-02
   4.5606006e-02
   3.4349624e-02
   5.7528533e-02
   4.3213930e-02
   9.4773658e-03
   1.2712142e-02
   1.9461757e-02
   8.0478890e-03
   2.3885101e-02
   5.7028860e-02
   4.1670810e-02
   3.7502069e-02
   2.3753230e-02
   2.6944401e-02
   2.7241541e-02
   1.1197965e-02
   2.4031907e-02
   2.3670141e-02
   2.4892712e-02
   1.6844580e-02
   1.4115426e-02
   2.5472388e-02
   1.7561888e-02
   2.4240857e-02
   3.9964460e-02
   1.9752266e-02
   8.6435350e-03
   2.7856385e-02
   2.5391223e-02
   4.4530395e-02
   2.8066652e-02
   4.1658871e-02
   3.6162812e-02
   2.4346055e-03
   1.1101622e-02
   1.5088947e-02
   2.7437801e-02
   4.2185705e-02
   6.3462622e-02
   4.6658348e-02
   2.9653292e-02
   3.6277048e-02
   2.7394801e-02
   9.9820867e-02
   1.4074281e-01
   8.7039031e-02
   4.2625405e-02
   3.9662693e-02
   4.2042762e-02
   2.0000860e-02
   2.9169258e-02
   5.2294906e-02
   4.1904371e-02
   5.5007394e-03
   7.0838411e-03
  -1.9290949e-03
   3.1446807e-02
   2.9721666e-02
   4.7033478e-02
   3.7919965e-02
   4.1188195e-02
   3.2692663e-02
   4.4444732e-02
   3.0711601e-02
   4.0554337e-02
   7.5024396e-02
   1.1877885e-01
   1.6720840e-01
   1.0923259e-01
   5.4141775e-02
   5.2283175e-02
   7.4010631e-03
   1.1754021e-02
   3.4695085e-02
   6.4453453e-02
   8.0672964e-02
   4.8590951e-02
   4.1143794e-02
   1.6734516e-02
   1.2937249e-02
   5.2321684e-02
   6.7645758e-02
   3.7647963e-02
   3.6072459e-02
   2.1966690e-02
   1.1536675e-02
  -2.7184611e-02
   1.2977396e-03
   5.3685088e-02
   8.3957531e-02
   5.6900717e-02
   1.2471700e-02
   1.7657677e-02
   6.0263973e-02
   2.4393536e-01
   2.5550568e-01
   1.5871398e-01
   1.2165660e-01
   9.3572743e-02
   5.3434808e-02
   1.8266035e-02
   1.8704289e-01
   7.5310391e-01
   9.3345910e-01
   5.0897491e-01
   1.7390059e-01
   1.3255835e-01
   1.4957807e+00
   4.9048004e+00
   4.6488724e+00
   1.8512354e+00
   4.4034225e-01
   1.5541753e-01
   1.0085358e-01
   2.2820723e-01
   6.4557093e-01
   6.9161010e-01
   3.9505813e-01
   1.2939678e-01
   8.4149279e-02
   1.0018921e-01
   1.4556012e-01
   2.4496584e-01
   2.2068411e-01
   1.1727023e-01
   9.5107712e-02
   9.4559774e-02
   8.6112104e-02
   1.0547047e-01
   1.1014600e-01
   1.9705454e-01
   2.9680032e-01
   2.1230143e-01
   5.0879195e-02
   7.1886610e-03
   2.1710454e-02
   4.7910810e-02
   5.0244700e-02
   1.0381566e-02
   1.4750640e-02
   4.0255714e-02
   5.9850153e-02
   3.2246582e-02
   3.4822188e-02
   4.9718279e-02
   3.0750187e-02
   1.8732700e-02
   3.8885001e-02
   4.5977332e-02
   6.4475387e-02
   4.3887172e-02
   1.2304790e-02
   1.5856046e-02
   5.3504281e-02
   1.3399026e-01
   1.5937459e-01
   5.0729897e-02
   4.6803836e-02
   2.3548824e-01
   3.2264641e-01
   1.7505604e-01
   7.4756294e-02
   1.2103281e-01
   1.6351651e-01
   1.1830190e-01
   4.1609347e-02
   6.6330686e-02
   1.5587589e-01
   5.7362521e-01
   6.4860547e-01
   3.1813949e-01
   1.1791731e-01
   6.8791986e-02
   3.6740467e-02
   2.2519106e-02
   9.1474697e-02
   8.6347096e-02
   4.2737585e-02
   2.2539241e-02
  -1.3855158e-02
   1.7354188e-02
   6.3476250e-02
   5.5285741e-02
   4.1798573e-02
   2.0428494e-02
   2.5614860e-02
   3.4089934e-02
   3.1431474e-02
   3.6381584e-02
   3.7122134e-02
   4.4398468e-02
   2.7771113e-02
   3.9997987e-02
   4.1412339e-02
   4.9626440e-02
   5.5177700e-02
   5.3937774e-02
   3.0885300e-02
   1.7374549e-02
   2.2245599e-02
   2.3479072e-02
   3.8945436e-02
   3.7774336e-02
   3.6801901e-02
   2.7320791e-02
   1.9236483e-02
   1.1793745e-02
   2.6356639e-02
   4.3790776e-02
   5.2155033e-02
   2.7357675e-02
   9.5261754e-03
   4.9241919e-02
   1.0668868e-01
   1.0468249e-01
   6.2314227e-02
   6.9184922e-02
   6.8314306e-02
   6.2448572e-02
   5.3906281e-02
   1.8257855e-02
   1.3277064e-01
   2.7861816e-01
   1.8676665e-01
   7.6869771e-02
   4.9715877e-02
   2.7753699e-01
   1.1654043e+00
   1.3797530e+00
   6.5327716e-01
   1.6183268e-01
   5.0606277e-02
   2.8293261e-02
   6.5742269e-02
   1.6258018e-01
   1.9832319e-01
   1.0825155e-01
   3.4593955e-02
  -1.0687796e-03
   4.3193020e-02
   3.4901116e-02
   6.3629128e-02
   7.6789968e-02
   3.6398508e-02
   6.3392748e-03
   8.6102700e-03
   2.3330057e-02
   1.3108887e-02
   3.7365850e-02
   1.7434044e-02
   4.1896608e-03
  -3.8799006e-03
  -4.8219091e-03
   6.4349896e-03
   4.5457643e-02
   3.9380237e-02
   2.0187829e-02
   7.0198658e-03
   1.0494613e-02
   4.5677960e-02
   1.9424787e-02
   3.4663137e-02
   2.9007740e-02
   1.9578217e-02
   2.3509674e-02
   2.6821287e-02
   2.6027480e-02
   3.6109518e-02
   3.8626529e-02
   2.7334860e-02
   1.5087522e-02
   3.8370192e-02
   6.6137269e-02
   7.5035475e-02
   5.4650761e-02
   4.6695966e-02
   4.2246379e-02
   1.8742792e-02
   3.2890640e-02
   2.5980026e-02
   3.8065653e-02
   5.6879006e-02
   5.8561869e-02
   4.2329863e-02
   2.6745468e-02
   7.1288049e-02
   1.9309418e-01
   2.3805529e-01
   1.1970342e-01
   5.4755736e-02
   2.4084890e-02
   2.6728069e-02
   3.7456747e-02
   4.4966061e-02
   3.5891075e-02
   4.2817656e-02
   2.7207483e-02
   9.6383011e-03
   1.6250599e-02
   3.6203336e-02
   4.3648366e-02
   2.4802985e-02
   2.4010675e-02
   1.8148974e-02
   2.1356672e-02
   2.5728023e-02
   4.2913005e-02
   4.2784598e-02
   2.2617796e-02
   5.6363344e-02
   4.7692534e-02
   7.7638598e-03
   1.5132097e-02
   3.6000911e-02
   2.8452797e-02
   2.1740930e-02
   2.6043117e-02
   1.2899108e-02
   1.7657630e-02
   3.8829532e-02
   4.6341591e-02
   3.4010407e-02
   3.0399373e-02
   2.2524210e-02
   2.6467323e-02
   2.8758150e-02
   3.9637867e-02
   2.3658549e-02
   1.8332286e-02
   2.3218080e-02
   2.1170594e-02
   3.7047517e-02
   2.2492576e-02
   3.8520485e-02
   1.8840946e-02
   1.2016167e-02
   2.5659462e-02
   2.5780885e-02
   2.0701986e-02
   2.4567615e-02
   3.8576659e-02
   2.5043769e-02
   3.1642396e-02
   4.7295552e-02
   1.1536910e-01
   1.0967248e-01
   5.5281334e-02
   3.0540412e-02
   1.8128039e-02
   1.4951493e-02
   2.8280964e-02
   3.3952679e-02
   3.6464155e-02
   9.1587212e-03
   2.1401815e-02
   1.3697174e-02
   4.6810083e-02
   4.7765389e-02
   3.5915416e-02
   2.9732518e-02
   3.6735624e-02
   2.6903089e-02
   1.7385183e-02
   2.1400111e-02
   2.3847587e-02
   4.3044094e-02
   3.1602755e-02
   2.5032490e-02
   2.7420066e-02
   1.2349723e-02
   1.9575331e-02
   3.5716027e-02
   2.3538267e-02
   2.4451610e-02
   2.7358893e-02
   2.0441057e-02
   2.8578736e-02
   4.5998476e-02
   4.4202391e-02
   6.3562235e-03
   2.7376996e-02
   2.8789086e-02
   1.4445656e-02
   2.5167586e-02
   3.4384906e-02
   2.2728717e-02
   1.4587917e-02
   1.5240547e-02
   3.7723225e-02
   3.5336331e-02
   1.1928731e-02
   1.9375321e-02
   4.0162332e-02
   4.0783357e-02
   3.0353658e-02
   2.3161262e-02
   2.3622166e-02
   5.1462602e-02
   3.3490606e-02
   2.0101845e-02
   1.0852970e-02
   2.6520317e-02
   5.0327186e-02
   4.0787697e-02
   1.9260203e-02
   1.5332271e-02
   2.0320773e-02
   2.5120189e-02
   1.8944062e-02
   2.0649798e-02
   4.7846407e-02
   5.0690096e-02
   2.4459912e-02
   2.1637717e-02
   9.7920541e-03
   1.5451030e-02
   3.4305770e-02
   1.3639208e-02
   1.0998097e-02
   1.6556110e-02
   2.4660576e-02
   2.5106430e-02
   4.0903769e-02
   5.4960463e-02
   3.2622449e-02
   2.7266579e-02
   3.4632064e-02
   3.5519704e-02
   2.3856223e-02
   1.5663579e-02
   2.0860108e-02
   2.7391274e-02
   7.6837563e-03
   1.1101687e-02
   6.7543816e-03
   6.4225285e-03
   3.7044510e-02
   3.4816820e-02
   2.9507805e-02
   2.9136660e-02
   4.2800713e-02
   5.0127979e-02
   3.2190342e-02
   2.6074136e-02
   4.0987793e-02
   4.5200519e-02
   4.8270904e-02
   2.7770834e-02
   4.7200993e-02
   5.6254502e-02
   5.0633769e-02
   5.5931605e-02
   7.2704248e-02
   5.1730920e-02
   5.6045450e-02
   3.7813261e-02
   3.3176396e-02
   4.1866515e-02
   4.9902949e-02
   4.3134946e-02
   4.7311738e-02
   2.7321879e-02
   3.3219151e-02
   6.8016931e-02
   1.0623965e-01
   5.4448437e-02
   4.0820520e-02
   8.1481859e-03
   7.6942787e-02
   1.3799359e-01
   1.1195449e-01
   4.0874150e-02
   4.0259138e-02
   1.1116231e-01
   1.7913347e-01
   1.4893961e-01
   8.7268271e-02
   4.8475452e-02
   4.3849375e-02
   5.0759397e-02
   3.9994214e-02
   3.1253640e-02
   4.0711839e-02
   5.9990942e-02
   3.2900762e-02
   6.0810545e-03
   3.0739572e-02
   4.1106962e-02
   4.8562083e-02
   2.8889623e-02
   2.6382498e-02
   4.6952832e-02
   5.5982735e-02
   3.0124418e-02
   7.8778593e-03
   4.1270096e-02
   3.6023717e-02
   1.1781950e-02
   1.9443516e-02
   5.2953713e-02
   4.6211671e-02
   4.0389422e-02
   1.6651606e-02
   1.5494541e-02
   1.5365057e-02
   7.2643156e-03
   3.7404653e-02
   2.4387669e-02
   2.2400588e-02
   3.0805683e-02
   2.4344532e-02
   3.9345827e-02
   3.1367451e-02
   2.7161725e-02
   3.2344855e-02
   5.6051426e-03
  -8.4262789e-04
   1.4594385e-02
   2.5910193e-02
   3.6749825e-02
   4.3411106e-02
   3.4240931e-02
   2.6218947e-02
   2.8783856e-02
   4.4283543e-02
   5.9908789e-02
   2.8674668e-02
   3.2843959e-02
   3.5738379e-02
   2.3104256e-02
   3.2418262e-02
   3.6585283e-02
   3.7816826e-02
   3.4476575e-02
   2.9793063e-02
   1.2045453e-02
   2.6386052e-02
   3.7781630e-02
   8.0545358e-03
   1.4861748e-02
   3.4539428e-02
   3.0892851e-02
   1.4776111e-02
   4.9530086e-03
   1.3832542e-03
   1.6341135e-02
   2.7973436e-02
   3.4854248e-02
   3.9478242e-02
   3.1195793e-02
   2.1581883e-02
   3.1210685e-02
   2.7532050e-02
   2.3397135e-02
   3.3318266e-02
   2.9358149e-02
   1.4686929e-02
   3.6421921e-02
   3.8710874e-02
   2.2592798e-02
   2.8613377e-02
   1.3577711e-02
   1.1635483e-02
   2.2068821e-02
   1.0955796e-02
   3.7025258e-02
   2.6126467e-02
   2.1729330e-02
   1.6516812e-02
   1.4730860e-02
   2.5141919e-02
   2.5597520e-02
   2.5236910e-02
   3.3725135e-02
   2.7221931e-02
   3.4475978e-02
   2.2490405e-02
   2.9763727e-02
   3.4068421e-02
   2.1111382e-02
   3.4338512e-02
   2.6428049e-02
   1.8418213e-02
   2.6299475e-02
   3.1195413e-02
   4.2336237e-02
   6.0695272e-02
   2.9991152e-02
   2.2981558e-02
   2.5361756e-02
   1.9304615e-02
   1.8261850e-02
   1.1587643e-02
   1.1978309e-02
   7.8473566e-03
   3.8243115e-02
   4.4519365e-02
   3.3831175e-02
   2.9737182e-02
   2.0838726e-02
   1.8892175e-02
   1.8254202e-02
   2.4033224e-02
   4.0805735e-02
   1.1906871e-02
   1.3349781e-02
   2.7587950e-02
   2.4224494e-02
   3.5319701e-02
   2.6554549e-02
   1.9696137e-02
   3.0552138e-02
   2.0161862e-02
   1.9328343e-02
   1.7501352e-02
   2.2564750e-02
   3.9044362e-02
   5.2564297e-02
   3.3683073e-02
   4.4694524e-02
   4.6938784e-02
   3.6381237e-02
   1.4550166e-02
   8.9465491e-03
   9.3053523e-03
   2.7996654e-02
   2.7359264e-02
   3.3326138e-02
   3.6424700e-02
   1.5766872e-02
   2.4497077e-02
   4.1701891e-02
   2.4799217e-02
   2.4286035e-02
   2.1379579e-02
   2.7873823e-02
   3.2856215e-02
   1.7058590e-02
   1.9947357e-02
   1.6887225e-02
   4.1444719e-02
   2.6508827e-02
   1.5593470e-02
   2.7382912e-02
   4.2898666e-02
   2.2823989e-02
   2.2980871e-02
   2.3237556e-02
   2.6909798e-02
   1.1282247e-02
   1.9702815e-02
   3.8261615e-02
   3.8022153e-02
   1.5674399e-02
   1.4300381e-02
   2.1461371e-02
   9.5078424e-03
   1.7083639e-02
   1.2436168e-02
   1.8323684e-02
   3.4063764e-02
   3.2502603e-02
   2.0383677e-02
   1.7660011e-02
   2.1154849e-02
   2.3648424e-02
   3.2020677e-02
   1.9596895e-02
   1.9869726e-02
   2.4859479e-02
   3.1336039e-02
   2.9706011e-02
   2.1162137e-02
   1.7342450e-02
   1.1916226e-02
   2.3564842e-02
   2.2238236e-02
   1.5820714e-02
   2.0905996e-02
   2.0798983e-02
   2.9103559e-02
   1.9899029e-02
   1.3816986e-02
   1.4602906e-02
   3.1555038e-02
   3.6839422e-02
   3.0663172e-02
   1.8148046e-02
   1.1977049e-02
   1.8011576e-02
   3.4865748e-02
   3.6906593e-02
   1.1092810e-02
   1.6843693e-02
   4.1713484e-02
   2.8238658e-02
   2.9851058e-02
   2.4251483e-02
   2.1420604e-02
   1.7045135e-02
   4.9170125e-03
   9.9916635e-03
   1.9651864e-02
   3.6509942e-02
   3.3418726e-02
   1.9837718e-02
   2.1235166e-02
   3.0022398e-02
   1.9120069e-02
   1.8101916e-02
   1.8468957e-02
   2.0070817e-02
   2.3775648e-02
   3.1075910e-02
   2.6818814e-02
   1.3334297e-02
   1.4981218e-03
   1.3901647e-02
   3.0206462e-02
   3.6627200e-02
   2.7809849e-02
   1.3596841e-02
   2.7105438e-02
   1.9295244e-02
   2.5176613e-02
   3.1060809e-02
   4.3471273e-02
   4.8222329e-02
   2.7944539e-02
   3.0081308e-02
   3.6101695e-02
   3.5493474e-02
   3.7019204e-02
   2.5406547e-02
   3.7815563e-02
   2.9787928e-02
   2.7649403e-02
   1.5409492e-02
   2.5702089e-02
   2.7374858e-02
   4.8708650e-03
  -1.0336365e-04
   1.6280387e-02
   2.4303291e-02
   3.4095395e-02
   1.8325146e-02
   2.0740423e-02
   2.4706885e-02
   2.4824420e-02
   2.1874774e-02
   2.6893819e-02
   2.1109980e-02
   2.6360016e-02
   2.2577502e-02
   2.3480102e-02
   3.8285796e-02
   2.8133279e-02
   5.0599024e-02
   4.0374484e-02
   3.0380981e-02
   2.5126493e-02
   2.2316571e-02
   1.3203508e-02
   2.9100853e-03
   5.5382312e-03
   3.1254616e-02
   5.1359851e-02
   3.7713952e-02
   2.6288535e-02
   1.7536618e-02
   8.2968855e-03
   1.4289338e-02
   1.8649574e-02
   9.7735971e-03
   1.7257875e-02
   5.6284061e-03
   2.0221911e-02
   2.8293295e-02
   2.1553360e-02
   2.1081945e-02
   3.1780209e-02
   2.5329391e-02
   1.8356118e-02
   1.4652528e-02
   2.6904913e-02
   3.0940035e-02
   1.5962226e-02
   7.9387845e-03
   3.1567559e-02
   2.7058607e-02
   1.4453721e-02
   1.8862082e-02
   1.8438166e-02
   2.3511240e-02
   1.9409966e-02
   2.8008584e-02
   2.3873059e-02
   1.0747742e-02
   9.7473329e-03
   4.2920776e-02
   3.4538414e-02
   3.0461572e-02
   3.4793936e-02
   3.5346724e-02
   1.6744250e-02
   6.0264049e-03
   1.5084565e-02
   2.0189147e-02
   3.5478026e-02
   2.0226173e-02
   1.2104010e-02
   1.7973989e-02
   3.4685850e-02
   1.4948918e-02
   1.2718945e-02
   3.1718802e-02
   4.4796798e-02
   4.1395590e-02
   3.1792682e-02
   1.4988299e-02
   2.7112292e-02
   2.0763211e-02
   2.0224070e-02
   1.4042228e-02
   3.5609119e-03
   1.4312446e-02
   1.3158192e-02
   9.8034907e-03
   1.8466614e-02
   2.8395355e-02
   3.0279076e-02
   2.6023140e-02
   3.7750397e-02
   4.2302929e-02
   3.1848200e-02
   1.7694591e-02
   2.0542545e-02
   1.2759073e-02
   3.4816783e-02
   3.6674790e-02
   3.7144661e-02
   3.4056872e-02
   1.2011611e-02
   1.1716794e-02
   1.8471519e-02
   2.7925398e-02
   2.0265043e-02
   2.8592857e-02
   1.4229662e-02
   1.5595215e-02
   2.8048174e-02
   1.7077899e-02
   3.9480049e-02
   5.8835987e-02
   3.9934546e-02
   1.9354280e-02
   2.7195228e-02
   3.3842452e-02
   4.1758653e-02
   3.4743983e-02
   2.8867975e-02
   2.3831712e-02
   1.3893931e-02
   1.9523969e-02
   2.7824929e-02
   2.2434369e-02
   2.7952652e-02
   2.0532323e-02
   2.1528732e-02
   1.4061894e-02
   2.8093489e-02
   3.1091228e-02
   3.2660279e-02
   3.8024060e-02
   4.0142741e-02
   2.4763079e-02
   2.5758581e-02
   1.7806929e-02
   2.7672749e-02
   3.1022476e-02
   4.0913038e-02
   5.4806951e-02
   4.5986496e-02
   1.0768159e-02
   1.0341514e-02
   1.6387798e-02
   1.3009110e-02
   2.9752782e-02
   2.9226869e-02
   2.7260305e-02
   1.0429049e-02
   2.4191769e-02
   4.1024983e-02
   3.2084566e-02
   1.1290057e-02
   1.2045591e-02
   3.0088620e-02
   1.5016305e-02
   1.1580277e-02
   2.9896621e-02
   3.4408990e-02
   1.6235514e-02
   2.3300806e-02
   2.2046993e-02
   2.0197194e-02
   1.9035570e-02
   1.9148167e-02
   2.0052468e-02
   3.0785419e-02
   4.3368012e-02
   5.2710634e-02
   3.7459426e-02
   9.0864692e-03
   1.5881246e-02
   1.8172067e-02
   3.6127012e-02
   3.4609869e-02
   4.6169944e-02
   1.8921323e-02
   1.7044812e-02
   1.6052356e-02
   1.9438270e-02
   1.8360388e-02
   1.6067253e-02
   3.8612735e-02
   3.8072310e-02
   1.8586222e-02
   2.4911188e-02
   1.7638909e-02
   2.1575687e-02
   2.9224729e-02
   2.6810599e-02
   1.8399704e-02
   2.7001705e-02
   3.2582894e-02
   2.3751374e-02
   1.6778456e-02
   3.5825458e-03
   7.9779550e-03
   1.1523115e-02
   2.1456940e-02
   1.6611101e-02
   2.8652763e-02
   2.9761318e-02
   2.9076535e-02
   3.5526417e-02
   3.4184698e-02
   4.0897794e-02
   4.6052940e-02
   5.2016452e-02
   3.3007998e-02
   5.2625434e-03
   1.4682835e-02
   1.4930118e-02
   3.9664853e-02
   2.9663280e-02
   2.6672684e-02
   3.9463695e-02
   3.3037160e-02
   2.1752926e-02
   2.4963312e-02
   1.6432123e-02
   8.6335689e-03
   1.6297990e-02
   2.9713614e-02
   2.0832961e-02
   2.4152173e-02
   9.7299060e-03
   1.9882768e-02
   1.4814140e-02
   1.7932380e-02
   1.6544640e-02
   1.9910505e-02
   1.8807314e-02
   2.1340989e-02
   3.6528688e-02
   3.4203883e-02
   1.8422468e-02
   5.2127722e-03
   2.2445872e-02
   4.2209931e-02
   3.2809239e-02
   1.8194184e-02
   1.2519520e-02
   1.1549843e-02
   1.8377172e-02
   2.3715928e-02
   2.7809769e-02
   2.7942546e-02
   2.6078470e-02
   1.9464219e-02
   2.7197491e-02
   4.2508341e-02
   2.4588009e-02
   1.5854489e-02
   3.0892378e-02
   3.0007951e-02
   8.4517095e-03
   2.8617722e-03
   3.0626709e-02
   2.1334685e-02
   2.4137693e-02
   6.9801272e-03
   4.1647058e-02
   3.1810444e-02
   2.6132707e-02
   3.0481920e-02
   9.4944984e-03
   9.5150918e-03
   5.4572867e-03
   2.5789671e-02
   3.2724310e-02
   4.9302053e-02
   3.0613899e-02
   2.9653577e-02
   2.7499370e-02
   1.9146644e-02
   2.0562753e-02
   2.5317067e-02
   1.5509519e-02
   1.7574260e-02
   1.8242942e-02
   2.0260537e-02
   2.7915725e-02
   3.1027513e-02
   2.4641300e-02
   2.8903870e-02
   2.1547807e-02
   3.1895831e-02
   2.2809759e-02
   1.9244289e-02
   3.2266878e-02
   2.2929531e-02
   2.6895860e-02
   4.2113718e-02
   1.4527251e-02
   1.4657445e-02
   2.4103042e-02
   2.1696843e-02
   3.2078117e-02
   2.3866914e-02
   1.1709662e-02
   1.5402881e-02
   7.2546708e-03
   1.0772028e-04
   1.1965385e-02
   3.0523077e-02
   2.5227347e-02
   1.4011530e-02
   3.1522606e-02
   3.1999014e-02
   3.4042440e-02
   1.7559059e-02
   2.4539970e-02
   1.7088654e-02
   4.0579992e-03
   1.9795867e-02
   3.3788189e-02
   3.4404702e-02
   1.5350624e-02
   1.5610835e-02
   3.0883208e-02
   3.2686349e-02
   3.0079370e-02
   2.1779880e-02
   1.8721452e-02
   3.1519987e-02
   3.7915155e-02
   2.0911913e-02
   1.4011312e-02
   1.6500857e-02
   2.0942787e-02
   2.6159871e-02
   2.5912594e-02
   8.4567135e-03
   1.7774930e-02
   2.2918064e-02
   7.0601986e-03
   1.5891248e-02
   1.4968747e-02
   1.8012505e-02
   2.2867836e-02
   3.5538666e-02
   1.7642641e-02
   2.7234452e-02
   2.8709253e-02
   2.3868060e-02
   2.1738769e-02
   3.0835152e-02
   4.7672071e-02
   2.9573340e-02
   2.6085017e-02
   7.7613550e-03
   7.3682186e-03
   4.1745745e-02
   4.3041181e-02
   3.8425066e-02
   2.7318420e-02
   1.7600389e-02
   2.4993718e-02
   2.0221306e-02
   1.6958766e-02
   2.8388027e-02
   1.8546039e-02
   2.4329608e-02
   1.9795852e-02
   2.6595164e-02
   1.9227987e-02
   1.8908023e-03
   2.3234153e-02
   2.5748020e-02
   2.3787435e-02
   2.9419547e-02
   1.1458243e-02
   1.1858256e-02
   1.9305727e-02
   2.3328187e-02
   3.2163896e-02
   1.4524257e-02
   2.3195961e-02
   4.0254962e-02
   5.0930966e-02
   5.2689657e-02
   1.5758159e-02
   3.0355994e-02
   3.1272627e-02
   2.3920860e-02
   1.9893469e-02
   8.5742371e-03
   1.9871263e-02
   5.6331926e-03
   1.6549667e-02
   1.8432379e-02
   1.6264994e-02
   3.0463066e-02
   4.3591585e-02
   3.7981227e-02
   4.3557603e-02
   1.3658274e-02
   1.6838405e-02
   1.1616285e-02
   6.5794191e-03
  -5.2399081e-03
   8.6173629e-03
   1.9456601e-02
   2.7697021e-02
   3.4637053e-02
   2.7535526e-02
   3.2330118e-02
   2.7948756e-02
   3.3648029e-02
   3.9434083e-02
   3.4115877e-02
   2.4152940e-02
   2.0060636e-02
   2.1801692e-02
   2.0843545e-02
   1.6691107e-02
   3.1652807e-03
   2.6024027e-02
   2.0900683e-02
   3.4109704e-02
   2.2386111e-02
   2.6531795e-02
   2.2276428e-02
   2.0118754e-02
   7.1781394e-03
   4.5687137e-03
   1.2463060e-02
   1.8027008e-02
   2.4959717e-02
   1.3570749e-02
   2.8208598e-02
   2.2771947e-02
   1.1306010e-02
   4.0395320e-03
   4.7369204e-03
   1.1610596e-02
   3.3052031e-02
   2.7269227e-02
   2.7122317e-02
   2.7125226e-02
   4.2691223e-02
   2.7039018e-02
   2.9518763e-02
   2.8385609e-02
   3.3508312e-02
   2.1131588e-02
   2.1406900e-02
   2.2112466e-02
   6.0041845e-03
   1.5113740e-02
   1.6042853e-02
   1.1900128e-02
   4.2905848e-02
   6.1745595e-02
   4.4717330e-02
   3.3439081e-02
   2.5664611e-02
   8.9619737e-03
   1.8437082e-02
   1.5621655e-02
   1.9827377e-02
   8.5078977e-02
   1.4316937e-01
   1.0869198e-01
   6.5680072e-02
   4.1662730e-02
   3.1969260e-02
   2.8778339e-02
   3.2079402e-02
   3.9249446e-02
   2.9760025e-02
   1.7086031e-02
   1.6545065e-02
   2.7975939e-02
   2.6995815e-02
   4.4587381e-02
   4.0829107e-02
   2.0577133e-02
   3.3975236e-02
   1.2276979e-02
   1.4419672e-02
   1.8384950e-02
   2.1280481e-02
   3.1607840e-02
   2.6039759e-02
   1.8526457e-02
   2.6476771e-02
   2.1276662e-02
   2.3331905e-02
   3.0877294e-02
   5.1176559e-02
   5.3743035e-02
   4.8818313e-02
   2.0734938e-02
   1.8414654e-02
   3.5990875e-02
   3.1805947e-02
   2.1161566e-02
   4.7423970e-02
   4.9943604e-02
   1.2859746e-02
   2.2428459e-02
   4.3815468e-02
   8.8968456e-02
   1.1388913e-01
   9.2817873e-02
   5.0319444e-02
   7.4277557e-03
   2.0602386e-02
   9.0249907e-03
   2.2239545e-02
   6.7626402e-02
   1.9057344e-01
   3.4600395e-01
   3.2103240e-01
   1.8766196e-01
   9.5679544e-02
   3.7740529e-02
   3.7365887e-02
   2.2082806e-02
   1.2587594e-02
   1.2939487e-02
   2.8569642e-02
   4.7058892e-02
   4.9803521e-02
   5.2585986e-02
   4.4620894e-02
   2.4989730e-02
   1.0370364e-02
   1.2021132e-02
   1.6724408e-02
   6.8072728e-03
   1.9083560e-02
   2.5999693e-02
   4.6324272e-02
   2.2569750e-02
   1.6882969e-02
   4.9507149e-02
   2.7132690e-02
   1.7981380e-02
   1.1538086e-02
   5.8382517e-03
   3.2392725e-02
   2.3707910e-02
   1.9522825e-02
   2.2705290e-02
   2.6509058e-02
   2.8465573e-02
   1.8965473e-02
   3.0249372e-02
   2.9134031e-02
   2.5733748e-02
   2.6060820e-02
   1.3949125e-02
   8.8604856e-03
   1.0477097e-02
   2.8525535e-02
   1.7647216e-02
   2.8921198e-02
   2.7712150e-02
   2.6681889e-02
   1.7512966e-02
   2.4800081e-02
   1.1917832e-02
   1.5102728e-02
   2.1886567e-02
   1.8329721e-02
   4.2584743e-03
   1.2140215e-02
   1.2990289e-02
   1.7525688e-02
   3.1280581e-02
   4.4028595e-02
   3.4587521e-02
   2.7927721e-02
   2.1165237e-02
   2.0888984e-02
   1.4430748e-02
   1.1768345e-02
  -2.3629300e-03
   1.8768087e-02
   5.8027174e-02
   3.9311185e-02
   2.0563049e-02
   2.2308799e-02
   1.4276435e-02
   7.9968956e-04
   1.7283088e-02
   3.2533284e-02
   4.2642020e-02
   3.1081928e-02
   3.6240436e-02
   3.4106396e-02
   4.7753967e-02
   4.1943755e-02
   3.5457004e-02
   2.4903065e-02
   1.5437533e-02
   1.4809693e-02
   2.5901007e-02
   3.6162987e-02
   1.9156991e-02
   2.6795715e-02
   1.4062501e-02
   1.3545398e-02
   2.0841310e-02
   1.7187044e-02
   1.8827004e-02
   1.6238837e-02
   1.4307287e-02
   3.4320436e-02
   4.0986843e-02
   3.4449555e-02
   3.4505643e-02
   2.4846179e-02
   2.2600727e-02
   3.0126913e-02
   2.2224952e-02
   1.5994770e-02
   2.2523440e-02
   1.8930767e-02
   2.2390647e-02
   1.5393793e-02
   3.8179185e-02
   3.2518800e-02
   2.1592380e-02
   3.1794902e-02
   4.0597901e-02
   1.9123618e-02
   1.2505234e-02
   2.4308717e-02
   2.9177785e-02
   2.4564905e-02
   1.8060783e-02
   1.9237749e-02
   1.8937012e-02
   2.7393632e-02
   3.7626632e-02
   4.8762247e-02
   2.8381906e-02
   2.8148636e-02
   1.0562652e-02
   2.3108225e-02
   2.8348867e-02
   1.5602517e-02
   1.9830387e-02
   3.9019242e-02
   4.6790030e-02
   4.0773917e-02
   1.4328824e-02
   6.9824546e-03
   8.0764713e-03
   1.4581567e-02
   2.1220887e-02
   2.2777494e-02
   2.5199279e-02
   3.0767560e-02
   3.6472902e-02
   3.6048677e-02
   3.8881578e-02
   1.6278299e-02
  -1.5371138e-03
   1.2640858e-02
   2.7436309e-02
   1.5406114e-02
   2.1854134e-02
   4.5405328e-02
   1.3208269e-02
   1.6662356e-02
   2.8949548e-02
   1.3366203e-02
   2.5878472e-02
   2.7052421e-02
   3.5383627e-02
   2.8313048e-02
   3.2752760e-02
   3.8852800e-02
   3.3742659e-02
   2.7933883e-02
   1.6226836e-02
  -2.3730113e-03
   1.1064510e-03
   1.2301662e-02
   2.2077447e-02
   4.4042647e-02
   2.2810798e-02
   2.9830018e-02
   2.1427235e-02
   1.5597149e-02
   7.4045886e-03
   2.0502884e-02
   3.0579384e-02
   2.1805793e-02
   6.6695781e-04
   2.4557834e-02
   2.8115321e-02
   6.4594164e-02
   4.6361491e-02
   4.4230625e-02
   2.9626947e-02
   3.4329187e-02
   2.9690512e-02
   1.1602408e-02
   1.4768165e-02
   2.6816802e-02
   6.1100602e-02
   9.7685032e-02
   9.4509207e-02
   6.5372959e-02
   5.9033133e-02
   4.7379758e-02
   1.9079775e-02
   9.1908453e-03
   1.7313689e-02
   1.4166211e-03
   1.3823730e-02
   1.5109035e-02
   2.0372374e-02
   3.3525359e-02
   3.4223512e-02
   1.9897176e-02
   2.3583582e-02
   1.7571654e-02
   2.3433149e-02
   3.6063127e-02
   1.3930597e-02
   6.7491443e-03
   3.2068517e-02
   1.8390419e-02
   1.4093348e-02
   2.6511701e-02
   4.2212717e-02
   4.6361044e-02
   5.3539522e-02
   3.1529922e-02
   3.3379897e-02
   2.5079949e-02
   1.7485011e-02
   2.0007132e-02
   1.7294316e-02
   1.9935640e-02
   4.6482913e-02
   3.0651817e-02
   1.4899161e-02
   2.4736576e-02
   3.2006606e-02
   2.4462121e-02
   1.0857834e-02
   2.0770377e-02
   1.7597515e-02
   3.4762278e-02
   3.3788525e-02
   1.4272003e-02
   1.3828048e-02
   2.3576410e-02
   3.5810966e-02
   1.8849332e-02
   1.9753490e-02
   3.1227693e-02
   4.3520514e-02
   2.2665573e-02
   2.4836930e-02
   1.6800361e-02
   2.9574571e-02
   3.8946912e-02
   3.5653714e-02
   5.6966607e-02
   3.8591307e-02
   2.9001871e-02
   4.7760226e-02
   3.8117085e-02
   2.7632562e-02
   2.2396017e-02
   1.7821949e-02
   1.3233160e-02
   2.1061806e-02
   1.6295308e-02
   5.0616800e-03
   2.5079675e-02
   3.6579136e-02
   3.2227650e-02
   3.1839550e-02
   2.9475221e-02
   2.1556520e-03
   1.2577231e-02
   9.4712535e-03
   1.7435029e-02
   2.5728170e-02
   1.2704554e-02
   8.9700706e-03
   2.3494631e-02
   1.1133235e-02
   1.4025359e-02
   6.1272676e-03
   1.6134219e-02
   3.0108733e-02
   2.8574632e-02
   2.0569002e-02
   8.6411806e-03
   1.2594782e-02
   2.0248262e-02
   2.2083065e-02
   3.2662451e-02
   3.0317144e-02
   2.3236113e-02
   1.8559109e-02
   1.9788701e-02
   1.6946599e-02
   1.6611377e-02
   3.1544656e-02
   2.7967468e-02
   5.1090032e-02
   3.6907665e-02
   1.9395007e-02
  -8.0234278e-04
   3.2854386e-02
   3.0803412e-02
   3.2938424e-02
   5.5021208e-02
   6.6003039e-02
   3.3376157e-02
   1.7724853e-02
   1.5102674e-02
   1.6280342e-02
   2.9164085e-02
   4.4038147e-02
   2.6420889e-02
   2.7933370e-02
   2.4299517e-02
   2.6780210e-02
   1.5857272e-02
   6.2901438e-03
   1.6969623e-02
   3.5732232e-02
   2.8818171e-02
   3.2034155e-02
   1.8711925e-02
   3.6126889e-02
   2.0513844e-02
   2.3946179e-02
   2.1072932e-02
   2.1077564e-02
   5.0400854e-03
   8.9310706e-03
   2.9268969e-02
   3.1963535e-02
   4.2270333e-02
   4.2426802e-02
   3.8791947e-02
   3.8488626e-02
   3.9795443e-02
   2.6278438e-02
   1.9489130e-02
   1.4507337e-02
   1.1392935e-02
   2.5561444e-02
   2.8409399e-02
   3.9599914e-02
   2.9076399e-02
   3.3003740e-02
   2.3930108e-02
   4.0374525e-02
   3.7330873e-02
   3.2492891e-02
   2.3365092e-02
   1.8412776e-02
   8.0020567e-03
   5.1176734e-03
   1.3895893e-02
   3.3391558e-02
   3.3544071e-02
   1.9580174e-02
   3.0483410e-02
   3.1820957e-02
   4.4648215e-02
   2.0422066e-02
   2.6913550e-02
   1.5645670e-02
   3.0569546e-02
   3.5199024e-02
   1.6466534e-02
   1.7449936e-02
   1.0537232e-02
   4.3879356e-02
   4.7468156e-02
   4.3165762e-02
   4.7707964e-02
   3.7025295e-02
  -3.6620093e-04
   8.3510792e-03
   7.2523872e-03
   2.9500453e-02
   7.5639419e-02
   8.9105815e-02
   6.0773037e-02
   4.2125385e-02
   3.3995591e-02
   2.9614279e-02
   3.4891803e-02
   4.1164275e-02
   4.3388225e-02
   6.4363681e-02
   4.5866165e-02
   2.9138166e-02
   1.6254455e-02
   2.2116177e-02
   3.9088659e-02
   7.6612845e-02
   9.2388712e-02
   5.1480494e-02
   4.0085472e-02
   3.1082092e-02
   2.1173047e-02
   2.3651140e-02
   7.0475996e-02
   1.1744297e-01
   1.3848740e-01
   1.0527010e-01
   5.0683506e-02
   1.7092885e-02
   2.1252520e-02
   2.2789657e-02
   4.1924614e-02
   2.0225771e-02
   4.5323662e-02
   4.3457847e-02
   4.4507626e-02
   4.4615917e-02
   5.5473957e-02
   5.4670002e-02
   5.9558287e-02
   4.5944683e-02
   4.9426861e-02
   1.7890066e-02
   1.6160561e-02
   3.0546861e-02
   3.2597750e-02
   2.1895073e-02
   1.6754689e-02
   4.7377478e-02
   5.1645514e-02
   4.1616064e-02
   2.3440406e-02
  -2.6460134e-03
   9.9017983e-03
   1.2362386e-02
   2.1655731e-02
   2.2664776e-02
   3.3798672e-02
   3.6641471e-02
   1.7816700e-02
   8.4735164e-03
   2.3394795e-02
   3.4772780e-02
   5.5264145e-02
   9.4153337e-02
   9.7869396e-02
   6.3027099e-02
   4.4177193e-02
   2.7141288e-02
   2.2201994e-02
   1.8583033e-02
   3.9035708e-02
   4.1162807e-02
   5.0496969e-02
   5.8368489e-02
   2.8570080e-02
   1.3613520e-02
   8.7687057e-03
   1.0974674e-02
   1.5219616e-02
   2.2161301e-02
   1.6392935e-02
   3.2184012e-02
   4.0559933e-02
   4.0583733e-02
   2.7893599e-02
   2.0111816e-02
   2.3340156e-02
   1.4007376e-02
   2.1977739e-02
   1.9569309e-02
   1.5876941e-02
   9.5333764e-03
   3.1631034e-02
   4.0772848e-02
   4.5664895e-02
   3.1208761e-02
   2.3802701e-02
   1.7403182e-02
   1.1092905e-02
   2.3098294e-02
   2.9538348e-02
   2.9731357e-02
   1.5436629e-02
   1.3654228e-02
   1.0654034e-02
   1.9236375e-02
   1.4405244e-02
   2.6069213e-02
   3.4612536e-02
   2.9443169e-02
   2.6847148e-02
   1.2685935e-02
   3.6971383e-03
   1.1402600e-02
   3.7338119e-02
   2.8487675e-02
   2.4277082e-02
   2.6099568e-02
   2.9022504e-02
   2.4208898e-02
   2.1835811e-02
   1.6833412e-02
   2.9150657e-02
   5.2255739e-02
   6.8637215e-02
   4.3432847e-02
   2.8136646e-02
   2.6511049e-02
   2.1498259e-02
   1.8768640e-02
   1.8834341e-02
   6.8495413e-03
   4.5088599e-03
   3.2617059e-02
   7.2481483e-02
   4.3581031e-02
   3.4045309e-02
   3.2614004e-02
   6.3622810e-02
   3.7530925e-02
   1.5387713e-02
   2.6117582e-02
   2.5861239e-02
   1.1609726e-02
   1.4888325e-02
   3.5487525e-02
   5.0097648e-02
   1.8923968e-02
   1.6866878e-02
   2.2859765e-02
   2.6048936e-02
   3.2521948e-02
   2.0989265e-02
   2.7632531e-02
   3.0421538e-02
   3.0251933e-02
   1.9517347e-02
   1.5272580e-02
   3.3367429e-02
   3.0538125e-02
   3.3414710e-02
   3.3912864e-02
   1.3944831e-02
   2.1381473e-02
   2.0862192e-02
   2.1719523e-02
   5.4816622e-02
   6.9218934e-02
   4.8405044e-02
   4.3286595e-02
   3.3778470e-02
   1.4127181e-02
   3.3692684e-02
   2.0686807e-02
   1.5303886e-02
   6.4354218e-03
   3.4335374e-03
  -6.8452064e-04
   1.0358494e-02
   6.7404516e-02
   9.8213322e-02
   6.1798178e-02
   2.8582405e-02
   1.6354734e-02
   1.8605707e-02
   2.4495373e-02
   5.9369426e-02
   3.0894005e-01
   4.8579824e-01
   4.1110554e-01
   2.2428195e-01
   9.5499836e-02
   3.5477914e-02
   3.7284985e-02
   3.2476705e-02
   4.9883574e-03
   6.9559538e-03
   7.6549286e-03
   3.8796768e-02
   6.4809680e-02
   3.9061949e-02
   2.7377516e-02
   3.3439789e-02
   3.2336697e-02
   3.2891158e-02
   3.1269342e-02
   3.7272237e-02
   5.2275244e-02
   4.8411600e-02
   2.8162653e-02
   2.9666260e-02
   1.4260736e-02
   1.8988945e-02
   4.6566650e-03
   6.9019198e-03
   3.2750964e-02
   1.2997765e-02
   1.1469536e-02
   2.0798011e-02
   3.0738708e-02
   3.3740919e-02
   3.4108464e-02
   2.8576920e-02
   1.8716775e-02
   4.0209782e-04
   1.6982069e-02
   4.0315423e-02
   4.3747589e-02
   2.2432476e-02
   1.6111873e-02
   2.0683521e-02
   6.2289177e-03
   6.6408101e-03
   7.4910440e-02
   1.7320374e-01
   2.2811405e-01
   1.5169300e-01
   5.9070803e-02
   1.9857714e-02
  -2.8251878e-03
   1.7176069e-02
   7.0125133e-02
   1.0349976e-01
   1.1558188e-01
   9.2378743e-02
   6.6530764e-02
   2.9781755e-02
   4.6618637e-02
   1.0076097e-01
   1.3918693e-01
   1.1171461e-01
   4.8380289e-02
   4.1186616e-02
   4.3296393e-02
   3.8094714e-02
   2.1758484e-02
   2.7668869e-02
   2.0292122e-03
  -7.1892836e-03
   1.2435483e-02
   6.7068711e-02
   1.6991875e-01
   1.7451602e-01
   9.8562233e-02
   2.2442617e-02
   2.0089833e-02
   1.6663270e-02
   3.9416026e-02
   3.7052158e-01
   1.0402839e+00
   1.1990871e+00
   7.8982413e-01
   3.7188119e-01
   1.5120570e-01
   4.7457349e-02
   7.8282040e-04
   1.1312902e-02
   6.9061920e-02
   8.1758879e-02
   1.4352891e-01
   1.8640386e-01
   1.4260608e-01
   7.0222825e-02
   4.4757206e-02
   1.6239312e-02
   1.1544530e-02
   3.5420791e-03
   1.8947629e-03
   1.1011096e-02
   3.7827495e-02
   5.1603317e-02
   4.7085319e-02
   2.3958182e-02
   1.8202700e-02
   3.7472084e-02
   6.1196618e-02
   4.9780853e-02
   2.4707487e-02
   1.9251637e-02
   2.4878019e-02
   3.7459288e-02
   3.7164617e-02
   5.5511624e-02
   4.5547370e-02
   3.6858715e-02
   2.2629213e-02
   3.7869193e-02
   4.8245776e-02
   7.4782796e-02
   4.3947224e-02
   2.3630871e-02
   2.2038240e-02
   2.4506239e-02
   2.4578944e-02
   8.6489990e-02
   2.3339595e-01
   2.2900102e-01
   1.7929746e-01
   1.0477133e-01
   4.2453870e-02
  -1.1945516e-03
   1.6747018e-02
   1.3212430e-01
   3.5085687e-01
   4.0676585e-01
   2.7318943e-01
   1.7125255e-01
   7.6974437e-02
   4.3139745e-02
   5.7557793e-03
   1.8164610e-02
   2.3399631e-02
   4.3121912e-02
   5.8989938e-02
   8.7372027e-02
   8.3955489e-02
   5.8869470e-02
   5.9146199e-02
   6.8896279e-02
   2.9866491e-02
  -2.2152159e-03
   3.9497640e-02
   1.0311210e-01
   9.5391251e-02
   5.6474425e-02
   3.6722429e-02
   9.9926842e-03
   1.3065306e-03
   7.8467876e-03
   2.7637800e-02
   2.3995947e-02
   1.9823583e-02
   4.3740957e-03
   1.9040394e-03
   1.5405573e-02
   3.4985453e-02
   5.9226118e-02
   1.2751134e-01
   1.5693521e-01
   1.3761841e-01
   5.9137627e-02
   5.3760088e-03
   1.4724053e-02
   4.5175791e-02
   5.0688736e-02
   3.7344228e-02
   5.5300720e-02
   7.7413574e-02
   5.6544788e-02
   5.1039986e-02
   4.2369507e-02
   1.7535012e-02
   2.2737173e-02
   1.4886796e-02
   8.9397565e-02
   1.7616552e-01
   1.7221369e-01
   1.2450599e-01
   2.3082454e-02
   1.7226717e-04
   7.2790370e-03
   3.9010726e-02
   1.5947537e-01
   3.5696331e-01
   3.8041970e-01
   2.9651800e-01
   1.6228159e-01
   6.3287228e-02
   2.4136605e-02
   3.0597569e-02
   1.2963471e-02
   4.7093364e-03
   1.8432003e-02
   4.3437388e-02
   9.1073692e-02
   7.8346774e-02
   6.3345894e-02
   5.1176574e-02
   1.7980423e-02
   1.5384649e-02
   8.3328448e-03
   3.5837099e-02
   7.8057177e-02
   1.2178381e-01
   7.7327311e-02
   6.4612977e-02
   3.5675019e-02
   2.2246100e-02
   9.5511470e-03
   2.6654184e-02
   3.9932985e-02
   6.1958630e-02
   3.9837953e-02
   5.6319591e-02
   5.7094779e-02
   6.7964286e-02
   6.0239285e-02
   4.6892826e-02
  -1.7051254e-03
   6.1764307e-03
   2.4889549e-02
   4.6903580e-02
   5.3405363e-02
   6.8262078e-02
   9.3582280e-02
   6.6697866e-02
   7.3343880e-02
   1.0298170e-01
   9.4485268e-02
   5.6063890e-02
   2.0622225e-02
   2.6058966e-02
   3.0430149e-02
   7.0097834e-02
   2.3205841e-01
   3.9657551e-01
   3.1313688e-01
   1.7584005e-01
   6.0542580e-02
   1.4282886e-02
   2.9132696e-02
   1.9398047e-01
   9.0490478e-01
   1.3900399e+00
   1.2002488e+00
   6.5494919e-01
   3.0187809e-01
   1.4320709e-01
   6.5841064e-02
   2.2053355e-02
   2.0246401e-02
   1.2535247e-03
   9.4992399e-02
   2.0147973e-01
   2.1551445e-01
   1.8543270e-01
   1.4222580e-01
   7.8188360e-02
   2.7463000e-02
   3.9155565e-02
   6.4304590e-02
   2.6571032e-02
   6.9933452e-02
   7.2486304e-02
   2.8553287e-02
   3.5938524e-02
   1.2560409e-01
   2.7196196e-01
   2.7927262e-01
   1.7981943e-01
   1.1335193e-01
   7.3022813e-02
   5.6222461e-02
   9.6767545e-02
   3.3056453e-01
   8.1832892e-01
   9.7407711e-01
   7.1048677e-01
   4.1187379e-01
   2.3109850e-01
   1.5176134e-01
   7.6588631e-02
   5.7074241e-02
   2.0578565e-02
   5.0313883e-02
   2.9092160e-01
   7.0957631e-01
   8.5691422e-01
   6.0818714e-01
   3.3748642e-01
   1.8498634e-01
   8.8374458e-02
   8.2474858e-02
   2.2708936e-01
   5.8915067e-01
   7.2445399e-01
   5.7096475e-01
   4.3596444e-01
   3.8701600e-01
   3.8150084e-01
   2.7807954e-01
   1.4637254e-01
   7.8189768e-02
   4.5397997e-02
   1.7833476e-01
   6.4438546e-01
   1.2573673e+00
   1.3581762e+00
   8.7149036e-01
   3.6681497e-01
   1.4076424e-01
   9.4679274e-02
   2.2170787e-01
   1.3348091e+00
   3.0356109e+00
   3.7626145e+00
   2.7273932e+00
   1.9461944e+00
   2.0641463e+00
   2.0426195e+00
   1.5381570e+00
   8.7246078e-01
   2.7588651e-01
   1.2221777e-01
   1.2546101e+00
   5.9812293e+00
   1.1679474e+01
   1.1145927e+01
   6.5044732e+00
   2.7238369e+00
   1.0998213e+00
   5.5433589e-01
   3.5123770e+00
   2.1404781e+01
   4.4456131e+01
   4.3912132e+01
   2.6166485e+01
   1.0924857e+01
   3.5114989e+00
   1.0422982e+00
   2.3540010e-01
  -8.5590752e-03
   2.6733935e-01
   2.6317098e+00
   5.8109460e+00
   6.1082497e+00
   4.1257062e+00
   2.0306430e+00
   6.8230599e-01
  -1.3138918e-03
  -6.5263212e-02
   3.1056434e-01
   6.1685920e-01
   1.1820672e+00
   1.7909510e+00
   1.5056975e+00
   7.3969156e-01
   3.3812070e-01
   4.1259837e-01
   3.7322459e-01
   3.0042636e-01
   4.0079692e-01
   4.5645007e-01
   6.1667150e-01
   8.1481957e-01
   1.3852823e+00
   2.2364433e+00
   2.1734295e+00
   1.1797116e+00
   3.1568235e-01
   3.3437233e-02
   1.3108516e-01
   2.6719126e-01
   3.7969410e-01
   3.0244723e-01
   1.8973537e-01
   1.9922675e-01
   2.0668569e-01
   2.3183726e-01
   3.1486762e-01
   4.7419491e-01
   4.4226924e-01
   2.7443004e-01
   2.2459728e-01
   2.3276162e-01
   2.6874042e-01
   2.7839556e-01
   1.2983446e-01
  -8.2795836e-02
  -1.1359020e-01
   4.2285062e-02
   2.9881117e-01
   4.0779942e-01
   2.9370764e-01
   2.6242150e-02
  -9.3551517e-02
  -8.7532572e-02
   1.7199318e-01
   6.4703447e-01
   1.1928673e+00
   1.3313739e+00
   8.5738885e-01
   2.6057342e-01
   8.8553838e-02
   6.6151184e-01
   2.0945847e+00
   2.5413771e+00
   1.7045636e+00
   7.1396947e-01
   2.3793487e-01
   5.3168118e-01
   1.3853464e+00
   1.4777011e+00
   9.3471557e-01
   3.9201716e-01
   3.2961655e-01
   2.7160677e-01
   4.6998411e-01
   2.7338786e+00
   6.5803590e+00
   7.3286486e+00
   4.6904526e+00
   1.9748149e+00
   5.8718002e-01
   2.1009481e-01
   1.1992691e-01
   9.8870799e-02
   1.2299106e-01
   4.7349179e-01
   1.0053335e+00
   1.0928783e+00
   7.3194206e-01
   3.9398810e-01
   1.4503127e-01
   1.2086296e-02
   7.2941645e-03
   1.2889594e-01
   2.2808780e-01
   3.2082900e-01
   4.1155347e-01
   3.1901354e-01
   1.3877282e-01
   4.7210567e-02
   3.1316914e-02
   4.6387419e-02
   4.8701070e-02
   1.1216629e-01
   1.3394980e-01
   1.6991352e-01
   2.4683826e-01
   3.1863424e-01
   3.5972378e-01
   2.5643501e-01
   9.9413916e-02
   1.9179370e-02
   6.9002993e-02
   2.1036088e-01
   2.1677025e-01
   1.7863165e-01
   6.5852456e-02
   2.6301766e-02
  -7.3541501e-03
   4.8879539e-03
   8.1384100e-02
   1.7641966e-01
   1.9010575e-01
   1.3466235e-01
   1.0025858e-01
   7.3098667e-02
   3.1696416e-02
   6.1686061e-02
   5.7990074e-02
   1.1982994e-02
  -1.3399327e-02
   6.7192204e-02
   2.7738750e-01
   3.4304935e-01
   2.5390294e-01
   1.3493408e-01
   1.5460279e-02
  -1.4239804e-02
   4.4985130e-02
   3.0143252e-01
   6.8382126e-01
   8.3936471e-01
   6.6909832e-01
   3.8861018e-01
   3.0791476e-01
   3.3458120e-01
   4.2936885e-01
   3.6299565e-01
   1.4380430e-01
   1.0116240e-02
   2.7641484e-01
   1.3456771e+00
   2.3403368e+00
   2.0469241e+00
   1.0591552e+00
   2.8354463e-01
   1.0535342e-02
   1.2417089e-01
   1.9623172e+00
   7.4514852e+00
   1.1495604e+01
   9.3907290e+00
   4.9905405e+00
   1.8852787e+00
   5.1804733e-01
   1.2317400e-01
   2.8963182e-03
   1.1092270e-02
   4.1981623e-01
   1.1686475e+00
   1.5274119e+00
   1.2935798e+00
   8.1049055e-01
   4.0219158e-01
   9.0257563e-02
   3.2304909e-02
   1.1835045e-01
   2.3311901e-01
   3.2325238e-01
   4.4000196e-01
   5.0463510e-01
   3.1648025e-01
   1.6651981e-01
   6.1113715e-02
   5.3284701e-02
   6.8633303e-02
   1.0205137e-01
   1.1931172e-01
   1.5374783e-01
   2.2775905e-01
   2.2969870e-01
   1.6968368e-01
   9.1148034e-02
   6.0377631e-02
   3.4026109e-02
   1.5441493e-02
   5.5634893e-02
   1.1715756e-01
   1.5878673e-01
   9.5089726e-02
   5.1999614e-02
   2.1371568e-02
   9.8487511e-03
   3.0591682e-02
   9.7738586e-02
   1.4560190e-01
   1.4878657e-01
   1.0379601e-01
   1.1504193e-01
   9.7715333e-02
   8.1280097e-02
   2.3544570e-02
  -1.1270871e-02
  -9.8246001e-03
   3.0262666e-02
   1.1378911e-01
   1.7592731e-01
   1.3948159e-01
   9.6293092e-02
   3.2774363e-02
   1.0899790e-02
   8.1760716e-03
   9.1696762e-02
   2.7892825e-01
   3.8010818e-01
   2.8210619e-01
   1.3065703e-01
   1.0144054e-01
   1.0854904e-01
   1.3479787e-01
   1.4806938e-01
   1.6754867e-01
   1.4205195e-01
   1.3690917e-01
   2.1726024e-01
   4.4339630e-01
   4.2664570e-01
   2.6354298e-01
   1.2629226e-01
   4.0518947e-02
   2.8145131e-02
   2.2918151e-01
   1.0356548e+00
   1.9134030e+00
   1.8565148e+00
   1.0568209e+00
   4.4666114e-01
   1.4765698e-01
   5.0044719e-02
  -2.6706932e-03
   1.1567943e-02
   1.1475375e-01
   2.4263816e-01
   3.3692870e-01
   3.3078763e-01
   2.0341916e-01
   8.0534697e-02
   9.5551629e-03
   3.9463431e-02
   5.4532692e-02
   7.7944845e-02
   9.3844831e-02
   1.2359187e-01
   1.1785225e-01
   7.2294481e-02
   5.6879926e-02
   2.9633828e-02
  -7.9013156e-03
   2.1287171e-02
   2.0634964e-02
   4.5251772e-02
   7.2632611e-02
   1.0605039e-01
   9.5728219e-02
   5.9896469e-02
   1.7517509e-02
  -1.4821736e-02
   2.2815575e-03
   1.0427715e-02
   2.7081560e-02
   5.1108606e-02
   4.4854533e-02
   3.8381711e-02
   2.0176319e-02
   2.4919836e-02
   4.3710515e-02
   6.1434135e-02
   7.0415534e-02
   1.0541483e-01
   9.1492280e-02
   5.0355364e-02
   4.8093334e-02
   7.4605606e-02
   7.9327993e-02
   7.5517073e-02
   6.7986988e-02
   2.3240052e-02
   6.2725283e-02
   9.6105516e-02
   8.5800983e-02
   3.2181706e-02
   8.9050131e-03
   1.6036624e-02
  -5.4602735e-03
   1.7044753e-02
   6.1818831e-02
   1.2778656e-01
   9.9863417e-02
   4.7399003e-02
   3.7372056e-02
   4.5353089e-02
   5.0549474e-02
   6.0983539e-02
   4.0746216e-02
   2.9956944e-02
   3.4356814e-02
   3.8721886e-02
   1.1437356e-01
   1.7853388e-01
   1.1204258e-01
   7.0581101e-02
   3.6908995e-02
   1.9717980e-02
   3.3995897e-02
   2.4437267e-01
   5.0395828e-01
   5.5428326e-01
   3.7337884e-01
   1.8321131e-01
   6.5753646e-02
   1.3463442e-02
  -1.5306355e-03
   2.4079936e-02
   4.9389143e-02
   6.8216115e-02
   7.0809521e-02
   7.8832939e-02
   4.3061420e-02
   2.9693912e-03
   9.4862580e-03
   1.5584167e-02
   7.4235168e-03
   2.8745364e-02
   4.4021975e-02
   6.7612827e-02
   5.6677297e-02
   4.5190655e-02
   4.2325407e-02
   2.0990532e-02
   1.5108298e-02
   1.6000390e-02
   2.3256987e-02
   3.5559125e-02
   3.8250517e-02
   4.1080300e-02
   2.6425527e-02
   3.5653692e-02
   2.8684640e-02
   2.1363575e-02
   2.6453068e-02
   2.0221228e-02
   3.0960009e-02
   4.9908701e-02
   2.8913395e-02
   9.1505004e-03
   1.4232764e-02
   4.3128889e-02
   4.5980502e-02
   3.0265266e-02
   4.7585320e-02
   5.2220676e-02
   4.3575235e-02
   3.6331821e-02
   5.7326656e-02
   3.4642316e-02
   3.8950726e-02
   3.2766931e-02
   2.1625631e-02
   4.9787350e-02
   4.3153271e-02
   3.3102565e-02
   3.4222811e-02
   2.9894274e-02
   2.7310766e-02
   1.1743026e-02
   4.4009406e-02
   2.9470066e-02
   6.1317325e-02
   7.5618841e-02
   4.0802695e-02
   1.8105730e-02
   3.4149036e-02
   3.9258350e-02
   3.9434213e-02
   3.4442451e-02
   6.7785918e-03
   1.3369552e-02
   6.2011238e-02
   6.8285085e-02
   9.6958488e-02
   8.2316749e-02
   7.1674943e-02
   4.8562638e-02
   3.3021573e-02
   1.4145036e-02
   6.8687767e-02
   1.3836679e-01
   1.4538354e-01
   1.0289146e-01
   6.8455987e-02
   5.4609790e-02
   2.5924569e-02
   1.7913925e-02
   9.3523851e-03
   2.1952530e-02
   2.9785607e-02
   4.4930533e-02
   5.7820134e-02
   2.7293487e-02
   3.8984962e-02
   3.7997786e-02
   4.1911267e-02
   2.8890729e-02
   1.2132976e-03
   8.3376924e-03
   2.4102619e-02
   3.6950134e-02
   2.2389876e-02
   1.1845933e-02
   1.6930906e-02
   1.1068122e-02
   2.7820479e-02
   2.1096244e-02
   4.4274829e-02
   3.7953645e-02
   2.7602555e-02
   5.2220941e-02
   3.1140221e-02
   2.7742445e-02
   5.1500849e-02
   5.5653166e-02
   5.3217325e-02
   2.9603871e-02
   3.6622703e-02
   3.7647817e-02
   4.4508666e-02
   5.1776685e-02
   3.7108850e-02
   3.3256855e-02
   3.5210442e-02
   1.5731059e-02
   4.3873474e-02
   5.7592880e-02
   4.3344054e-02
   4.7425915e-02
   5.0393116e-02
   4.7759559e-02
   6.0983028e-02
   2.5541438e-02
   7.4705116e-02
   1.1600121e-01
   8.7159455e-02
   3.1828135e-02
   1.0444314e-02
   2.6529882e-02
   3.8654987e-02
   4.8811052e-02
   8.1369258e-02
   5.7442214e-02
   2.6355866e-02
   2.3166869e-02
   3.1399656e-02
   6.4875424e-02
   7.5783230e-02
   7.1504273e-02
   7.6896317e-02
   9.2738152e-02
   4.7294013e-02
   3.3813976e-02
   1.1513595e-01
   1.4211474e-01
   1.1313030e-01
   1.1712849e-01
   6.3556738e-02
   2.7022325e-02
  -4.1319025e-03
   1.0267873e-01
   1.9399734e-01
   1.5084146e-01
   1.0702042e-01
   5.1220573e-02
   1.3676669e-02
   1.8382458e-02
   1.1924010e-01
   2.2931460e-01
   1.8571976e-01
   8.0064408e-02
   4.1244458e-02
  -6.2452969e-03
   1.9813024e-02
   1.8734339e-01
   3.4014091e-01
   4.1226706e-01
   2.5709814e-01
   1.4077072e-01
   7.5463168e-02
   5.7492308e-02
   1.3746358e-01
   2.1552518e-01
   1.8572576e-01
   1.1956988e-01
   2.9948376e-02
   2.0241018e-02
   7.6352790e-02
   1.2279663e-01
   1.5861671e-01
   1.1736958e-01
   7.0566483e-02
   4.4653729e-02
   3.5778873e-02
   6.7154944e-02
   1.0034227e-01
   1.1550857e-01
   6.6480801e-02
   5.2983362e-02
   3.6601525e-02
   6.9740616e-02
   9.6237481e-02
   3.9357122e-02
   9.4488347e-03
   2.7133338e-02
   7.9665203e-03
   4.1260671e-02
   7.9885796e-02
   9.1869004e-02
   7.0334852e-02
   6.6338561e-02
   3.5259452e-02
   4.0145051e-02
   5.7341479e-02
   3.5534773e-02
   2.0029148e-02
   5.5213399e-02
   6.6324696e-02
   3.2279499e-02
   3.6874760e-02
   5.7585098e-02
   3.9176859e-02
   4.5918118e-02
   3.9805055e-02
   3.7606977e-02
   4.1120712e-02
   2.4440758e-02
   1.6105790e-02
   3.9460037e-02
   5.2432906e-02
   4.5783721e-02
   2.2256516e-02
   2.9894743e-02
   3.5694834e-02
   5.8784038e-02
   4.2938843e-02
   3.9380394e-02
   3.9913207e-02
   1.7515242e-02
   3.6011517e-02
   6.4285509e-02
   6.2435199e-02
   4.1996930e-02
   5.3202242e-02
   3.4340020e-02
   6.1101783e-03
   1.7611360e-02
   4.5773797e-02
   6.9606490e-02
   7.3989533e-02
   8.0130197e-02
   3.3912435e-02
   3.8006045e-03
   1.8056097e-02
   8.4226750e-02
   1.1722903e-01
   1.0132508e-01
   6.8669505e-02
   3.5017487e-02
   2.6419690e-02
   3.5065699e-02
   5.5017747e-02
   7.0264302e-02
   3.2292660e-02
   1.2260318e-02
   3.4374993e-02
   3.3275355e-02
   3.8381189e-02
   5.0953437e-02
   6.2519677e-02
   4.6173684e-02
  -8.3012478e-03
   1.7344631e-02
   4.6895191e-02
   5.5564687e-02
   6.5680102e-02
   3.7998881e-02
   4.1439041e-02
   4.0217120e-02
   3.8948525e-02
   1.5783889e-02
   2.4125554e-02
   9.7080059e-03
   2.4162117e-02
   2.9672930e-02
   1.9651413e-02
   4.9919613e-02
   5.9737492e-02
   7.2612785e-02
   4.5445655e-02
   1.7502615e-02
   1.9374223e-02
   1.8257333e-02
   2.1049799e-02
   4.2544831e-02
   5.6271270e-02
   5.2814711e-02
   3.7138145e-02
   1.4554812e-03
  -4.7123046e-03
   4.6672892e-02
   4.8267003e-02
   4.2446561e-02
   4.0248763e-02
   2.5213454e-02
   3.4276415e-02
   5.2652031e-02
   3.8406234e-02
   3.9350796e-02
   4.1327700e-02
   4.4364072e-02
   1.7158478e-02
   1.6012609e-02
   3.8788442e-02
   1.6418040e-02
   3.5206784e-02
   4.9387362e-02
   5.1626097e-02
   3.0173855e-02
   1.6586043e-02
   1.2966822e-02
   2.6487289e-02
   4.7902450e-02
   4.8355576e-02
   5.1400825e-02
   6.3968569e-02
   6.2841564e-02
   6.4421386e-02
   2.9349543e-02
   2.1221863e-02
   1.6885275e-02
   4.7482487e-02
   5.0144572e-02
   8.6694531e-02
   7.7709131e-02
   7.0368230e-02
   3.6279216e-02
   7.0463880e-03
   2.4455201e-02
   3.9492421e-02
   6.0452417e-02
   4.3708861e-02
   2.2781512e-02
   1.2038099e-02
   1.6485306e-02
   1.8111289e-02
   3.2345988e-02
   2.0662500e-02
   3.7759092e-02
   3.1015595e-02
   1.9196779e-02
   2.0300683e-02
   1.6696440e-02
   2.9891355e-02
   3.9609849e-02
   4.1247677e-02
   4.0353347e-02
   7.1282506e-02
   4.0565509e-02
   3.1383389e-03
   2.9153178e-02
   2.3862327e-02
   1.3559119e-02
   2.8178772e-02
   4.2203881e-02
   3.5886075e-02
   4.1165903e-02
   3.8711719e-02
   3.6604483e-02
   1.8681806e-02
   1.0582963e-02
   6.8859118e-03
   5.9896503e-03
   2.8806381e-02
   2.1213349e-02
   2.7432555e-02
   3.8589686e-02
   4.3745264e-02
   4.4102687e-02
   4.7225416e-02
   3.8660843e-02
   1.2189415e-02
   2.0900663e-02
   2.1051902e-02
   1.7615212e-02
   2.8407477e-02
   1.6252777e-02
   3.2025751e-02
   2.6867814e-02
   5.5970359e-03
   2.3758098e-02
   1.2329625e-02
   1.7422887e-02
   2.7803538e-02
   1.8011209e-02
   2.3600049e-02
   2.8594065e-02
   3.4086525e-02
   2.5318094e-02
   1.7472999e-02
   8.0709411e-03
   8.1014540e-03
   1.3085268e-02
   2.1770054e-02
   3.0881440e-02
   3.1695876e-02
   4.4131063e-02
   3.3741821e-02
   1.2211024e-02
   1.7141597e-02
   1.9335603e-02
   4.0590841e-02
   3.7982408e-02
   1.4660553e-02
   1.3384198e-02
  -5.7755434e-04
   3.6336415e-02
   4.6110604e-02
   3.0850755e-02
   5.4922763e-02
   4.3232303e-02
   3.1513840e-02
   2.9995473e-02
   4.0622339e-02
   5.6045804e-02
   1.8763892e-02
   4.3323781e-02
   2.5271924e-02
   3.8782015e-02
   3.2582972e-02
   4.6900854e-02
   3.3143371e-02
   3.5630047e-02
   3.7232872e-02
   4.9016774e-02
   4.6476170e-02
   2.9626381e-02
   5.5725016e-02
   4.1201483e-02
   2.6134331e-02
   3.2733843e-02
   3.4342792e-02
   2.9918673e-02
   2.4824819e-02
   5.4160990e-02
   3.9442964e-02
   1.8834911e-02
   2.2291275e-02
   1.4010301e-02
   1.9633783e-02
   1.6041208e-02
   1.9760683e-02
   3.8467955e-02
   4.6155442e-02
   3.8709987e-02
   2.5080446e-02
   2.6409104e-02
   1.7866872e-02
   1.8777292e-02
   2.2866998e-02
   1.3394409e-02
   1.5048439e-02
   1.3473975e-02
   2.4648312e-02
   2.2525333e-02
   1.3666756e-02
   1.6404204e-02
   3.6481414e-02
   2.5478600e-02
   9.1759143e-03
   1.1904093e-02
   3.5892751e-02
   2.9150285e-02
   2.8771209e-02
   2.4611806e-02
   9.1663729e-03
   1.3156924e-02
   1.0787660e-02
   2.8895078e-02
   2.7357465e-02
   3.6506128e-02
   2.8875073e-02
   1.0600721e-02
   1.5372199e-02
   1.2355855e-02
   1.3012096e-02
   2.2953426e-02
   2.2767046e-02
   2.9696006e-02
   2.4135917e-02
   2.9148169e-02
   3.0266985e-02
   3.0344922e-02
   2.0101909e-02
   1.6318539e-02
   1.9061429e-02
   2.7343214e-02
   2.9960876e-02
   3.3129361e-02
   5.0695688e-02
   2.5001394e-02
   2.1655707e-02
   2.2251662e-02
   2.3035796e-02
   1.7914554e-02
   4.2033825e-02
   2.8983044e-02
   4.0130470e-02
   3.4496948e-02
   1.5780885e-02
   1.5039514e-02
   3.8214553e-02
   8.3942087e-03
   3.5406838e-03
   2.5462333e-02
   2.7151048e-02
   1.3566067e-02
   1.9115904e-02
   1.7444588e-02
   1.9673895e-02
   2.3924932e-02
   2.8294194e-02
   3.1875957e-02
   2.2149889e-02
   1.9845763e-02
   2.2313925e-02
   3.5328433e-02
   1.3301216e-02
   7.7196611e-03
   1.3947778e-02
   1.5332382e-02
   1.3256245e-02
   2.3899635e-02
   2.8205505e-02
   3.2142796e-02
   1.5404887e-02
   2.2449778e-02
   2.3329046e-02
   2.5463447e-02
   1.1783808e-02
   1.3899527e-02
   2.9390596e-02
   2.4840076e-02
   1.6779507e-02
   2.2481900e-02
   1.3461660e-02
   2.6447786e-02
   2.2550244e-02
   2.7565392e-02
   2.2717455e-02
   2.8670961e-02
   3.1568702e-02
   3.5766844e-02
   5.4756766e-03
   2.2322349e-02
   2.9513471e-02
   2.8559653e-02
   3.1742498e-02
   2.6004650e-02
   1.0947592e-02
   1.4298945e-02
   1.8469626e-02
   2.5829235e-02
   1.9957261e-02
   3.5594657e-02
   2.6887737e-02
   1.7889984e-02
   2.0713797e-02
   1.4656184e-02
   1.5736198e-02
   2.9811224e-02
   8.4679127e-03
   1.8301424e-02
   1.9810041e-02
   1.7701093e-02
   1.8223710e-02
   5.3663878e-03
   6.8286057e-03
   2.9986544e-02
   2.1178933e-02
   2.2525989e-02
   2.3863474e-02
   1.3326349e-02
   1.8736742e-02
   1.4989225e-02
   2.4081614e-02
   2.6991440e-02
   2.2377053e-02
   3.3942189e-02
   2.5353514e-02
   2.1226456e-02
   9.8875826e-03
   2.4331192e-02
   3.8767070e-02
   4.1350499e-02
   2.1813655e-02
   1.7871743e-02
   2.4571173e-02
   1.3533590e-02
   2.0561997e-02
   1.3202972e-02
   1.2722644e-02
   1.0749829e-02
   9.5109316e-03
   2.5639486e-02
   2.0367052e-02
   8.3202347e-03
   2.3354070e-02
   2.7161822e-02
   2.5070773e-02
   2.7705276e-02
   2.1716224e-02
   1.9333256e-02
   1.8501125e-02
   6.2884213e-03
   1.2598194e-02
   2.5860710e-02
   1.8501965e-02
   5.4450692e-03
   1.8129321e-02
   2.5736315e-02
   1.4723285e-02
   8.6145746e-03
   1.4790790e-02
   1.1286262e-02
   1.5968939e-02
   2.5597354e-02
   2.4011662e-02
   1.9096885e-02
   3.1115625e-02
   2.8205171e-02
   2.7471635e-02
   1.9067518e-02
   2.3670910e-02
   2.5918199e-02
   2.3535978e-02
   1.1616068e-02
   4.4046589e-03
   2.1073680e-02
   2.3282273e-02
   2.3955066e-02
   1.6315075e-02
   1.3010924e-02
   1.4409464e-02
   2.7614484e-02
   1.2905197e-02
   1.2053808e-02
   9.9530797e-03
   8.7542497e-03
   2.6486447e-02
   1.4725448e-02
   1.7075680e-02
   1.6321657e-02
   3.1463202e-02
   3.3785399e-02
   1.5846988e-02
   1.3305384e-02
   2.5552157e-02
   1.5002801e-02
   1.0048829e-02
   1.6071834e-02
   1.6772689e-02
   2.5832498e-02
   2.1901309e-02
   1.9479394e-02
   1.6766392e-02
   6.9627254e-03
   2.1316493e-02
   1.2516522e-02
   1.2065402e-02
   2.2751831e-02
   1.3408696e-02
   1.7671790e-02
   2.3502456e-02
   1.5674617e-02
   4.6276827e-03
   2.0962376e-02
   1.0840934e-02
   2.4999097e-02
   2.3302125e-02
   2.4146605e-02
   1.7342983e-02
   2.1884803e-02
   2.5201799e-02
   6.4930632e-03
   9.6601434e-03
   1.3332636e-02
   1.8653685e-02
   1.2708499e-02
   1.7140841e-02
   1.5977245e-02
   1.6325818e-02
   3.4656670e-02
   2.3788344e-02
   2.2423685e-02
   1.9652130e-02
  -4.2238919e-04
   1.4134728e-03
   1.5498444e-02
   3.3902172e-02
   3.2321289e-02
   2.6556168e-02
   3.3542804e-02
   1.5982537e-02
   1.4699676e-02
   1.0106957e-02
   1.8030716e-02
   1.7019015e-02
   1.6131578e-02
   1.2524550e-02
   3.2094747e-02
   2.2667890e-02
   1.3673939e-02
   1.7923415e-02
   1.4131863e-02
   1.6933091e-02
   6.8361744e-02
   1.0725372e-01
   8.9029394e-02
   6.2771983e-02
   2.1820653e-02
   1.1615361e-02
   3.0999336e-02
   8.0832601e-02
   8.2505882e-02
   5.5118136e-02
   4.0216431e-02
   3.8034048e-02
   4.4730283e-02
   3.8837072e-02
   2.0107469e-02
   3.2924388e-02
   3.6005661e-02
   2.3634527e-02
   3.4840848e-02
   3.0363273e-02
   3.5635646e-02
   3.8647320e-02
   3.1820558e-02
   1.6514890e-02
   1.3757820e-02
   6.9592367e-03
   1.2860138e-02
   2.9274372e-02
   2.4784746e-02
   4.5360856e-02
   4.2115137e-02
   1.8735494e-02
   1.5914813e-02
   1.1994725e-02
   3.0906808e-02
   3.2919757e-02
   2.4090312e-02
   2.3785762e-02
   6.3023637e-03
   1.1180431e-02
   1.7574981e-02
   2.8489631e-02
   2.9837839e-02
   2.2430483e-02
   9.7994525e-03
   2.3767725e-02
   3.0594092e-02
   2.6424833e-02
   2.2080595e-02
   1.5849452e-02
   1.5264490e-02
   1.8999228e-02
   1.9709747e-02
   9.5499596e-03
   1.6740689e-02
   1.8024741e-02
   1.4058925e-02
   8.0634383e-03
   1.4127469e-02
   3.4710817e-02
   3.2196462e-02
   5.6005195e-03
   2.7309285e-02
   2.0734275e-02
   2.8362807e-02
   2.2016579e-02
   2.3757320e-02
   1.2108319e-02
   2.3680041e-02
   2.4486985e-02
   3.6329914e-02
   2.9285258e-02
   1.9427182e-02
   2.1685394e-02
   2.9499430e-02
   2.7427336e-02
   1.9976184e-02
   2.7399903e-02
   1.9435629e-02
   2.7121592e-02
   2.1286448e-02
   2.8954545e-02
   2.7722526e-02
   2.5317019e-02
   3.4379505e-02
   1.8353881e-02
   1.9536398e-02
   2.0943752e-02
   2.7417477e-02
   1.8139606e-02
   1.6460350e-02
   2.3506878e-02
   2.1547500e-02
   1.9865675e-02
   2.7731391e-02
   2.4184890e-02
   1.5949711e-02
   1.6770652e-02
   1.6418019e-02
   1.1244385e-02
   1.8031668e-02
   2.4847584e-02
   2.2472702e-02
   1.8415293e-02
   6.8810410e-03
   7.1309805e-03
   1.9957226e-02
   1.7895028e-02
   1.7263435e-02
   2.4832198e-02
   1.3840037e-02
   1.2698881e-02
   6.6816336e-03
   6.5640658e-03
   1.4886060e-02
   1.7194435e-02
   9.1906711e-03
   3.9233291e-03
   1.7678618e-02
   1.5534156e-02
   1.4187518e-02
   2.6630562e-02
   2.4802333e-02
   1.1930170e-02
   2.3270277e-02
   2.3866415e-02
   7.3153651e-03
   1.7702304e-02
   1.8291067e-02
   1.0464907e-02
   1.3178076e-02
   2.4094597e-02
   1.7232548e-02
   1.7620547e-02
   2.5300696e-02
   3.1876724e-02
   1.4100651e-02
   1.3378330e-02
   1.5337917e-02
   1.8830309e-02
   1.7190687e-02
   1.2226380e-02
   1.9232126e-02
   7.2521516e-03
   6.3496702e-03
   1.9880787e-02
   1.1878798e-02
   1.3545737e-02
   1.0882346e-02
   1.7266259e-02
   2.2512855e-02
   2.1105492e-02
   2.2148320e-02
   1.7087253e-02
   1.8804980e-02
   1.2024576e-02
   1.4196299e-02
   1.9400965e-02
   1.2951345e-02
   3.7253603e-02
   2.5998902e-02
   1.6608706e-02
   1.5058986e-02
   1.0837740e-02
   1.4060776e-02
   2.1545833e-02
   1.8239068e-02
   1.8258685e-02
   2.4793532e-02
   1.5763462e-02
   2.2861950e-02
   2.0162661e-02
   4.0455282e-02
   2.9884659e-02
   2.4627320e-02
   1.4457402e-02
   2.4088809e-02
   2.4060704e-02
   2.8278662e-02
   1.3803350e-02
   3.3844847e-02
   2.4425149e-02
   2.3108330e-02
   2.9419573e-02
   2.3800263e-02
   1.0707897e-02
   1.6897727e-02
   2.3956858e-02
   9.9173654e-03
   9.7182030e-03
   1.3816217e-02
   5.8581876e-03
   2.0371392e-02
   1.3783682e-02
   1.3317361e-02
   6.5901186e-03
   2.5742484e-02
   1.5223681e-02
   2.5073081e-02
   1.4749419e-02
   1.2484879e-02
   1.6712975e-02
   2.4941815e-02
   2.4333755e-02
   2.1531869e-02
   1.4603584e-02
   1.3736618e-02
   3.0018203e-02
   3.6500510e-02
   1.9281542e-02
   2.3757292e-02
   3.2964498e-02
   2.4397353e-02
   8.0240332e-03
   1.7908975e-02
   6.0253618e-03
   7.9108197e-03
   1.0066160e-02
   1.6125979e-02
   2.3768367e-02
   9.6664550e-03
   2.9499663e-02
   2.3785131e-02
   2.4003303e-02
   2.1088241e-02
   3.7401274e-02
   1.8583413e-02
   9.7261900e-03
   8.3473502e-03
   2.6416626e-02
   1.7170070e-02
   1.5612814e-02
   1.4456463e-02
   6.0752365e-03
   9.8051196e-03
   1.5368855e-02
   1.6278246e-02
   5.6535071e-03
   1.1656756e-02
   1.8676575e-02
   1.3914132e-02
   1.6480921e-02
   1.8091852e-02
   1.9535612e-02
   2.8590610e-02
   1.3927353e-02
   2.4588774e-03
   2.6636813e-02
   1.9457245e-02
   1.9369492e-02
   6.1674519e-03
   1.6575120e-02
   1.5076903e-02
   1.3196338e-02
   1.3286656e-02
   1.0405487e-02
   1.5257324e-02
   1.7571600e-02
   2.5929842e-02
   2.6404604e-02
   1.5219086e-02
   4.1628522e-03
   3.0350811e-03
   1.1281527e-02
   8.3933389e-03
   1.5532609e-02
   2.7142514e-02
   1.4370628e-02
   7.8576701e-03
   2.5597993e-02
   1.2881513e-02
   1.9469067e-02
   3.4514062e-02
   1.6511366e-02
   1.6154975e-02
   2.1186218e-02
   2.2146124e-02
   2.5669517e-02
   1.7635176e-02
   1.1318701e-02
   1.2237220e-02
   1.6293706e-02
   3.2534443e-02
   2.7946621e-02
   6.2319897e-03
   1.0410486e-03
   1.1004980e-03
