   4.2336721e-02
   6.5955132e-02
   4.8010655e-02
   6.8674713e-02
   2.0743957e-02
   4.1880604e-02
   5.6320421e-02
   8.1962749e-02
   8.8145658e-02
   7.0386015e-02
   3.6983617e-02
   6.0877703e-02
   9.4989561e-02
   4.9718950e-02
   6.2246751e-02
   3.7172604e-02
   6.8735056e-02
   1.0350963e-01
   9.5863022e-02
   5.3653158e-02
   5.4307818e-02
   3.4764837e-02
   3.1384420e-02
   4.8078880e-02
   4.6345647e-02
   4.2188689e-02
   7.4232526e-02
   1.0131177e-01
   1.0041477e-01
   4.4315305e-02
   9.5868409e-02
   8.4084466e-02
   6.7116506e-02
   9.5093320e-04
   4.2976189e-02
   7.0888869e-02
   5.6843698e-02
   7.1547776e-02
   5.2486509e-02
   5.3709187e-02
   8.7737672e-02
   6.4139448e-02
   8.2221031e-03
   1.9043090e-02
  -1.1091743e-02
  -8.2381675e-03
   1.8294498e-02
   4.4444602e-02
   5.1275704e-02
   5.2091666e-02
   3.5287350e-02
   3.5187345e-02
   8.2261823e-02
   6.5781809e-02
   3.6707431e-02
   8.6981086e-03
   2.5378540e-02
   3.9624020e-02
   5.4591823e-02
   7.0742562e-02
   3.5464860e-02
   3.6178749e-02
   3.8603537e-02
   5.1180538e-02
   2.9128298e-02
   5.2218597e-02
   6.4183883e-02
   3.4335941e-02
   2.1837309e-02
   4.1678865e-02
   6.4734302e-02
   4.3827299e-02
   4.2214729e-02
   1.1921930e-02
   3.5658106e-02
   6.3907139e-02
   6.0284369e-02
   8.4669583e-02
   6.8688750e-02
   3.8702860e-02
   3.0549983e-02
   4.1943941e-02
   2.2648897e-02
   3.2521881e-02
   2.2141805e-02
   3.8678959e-02
   4.8096385e-02
   6.5543033e-02
   7.1486928e-02
   9.5480703e-02
   4.7587015e-02
   1.5593964e-03
   4.4859447e-02
   6.1328981e-02
   8.6653702e-02
   5.7750337e-02
   4.8625279e-02
   1.0328802e-01
   1.0404938e-01
   8.2864590e-02
   3.6595624e-02
   3.7035663e-02
   1.8724937e-02
   1.4277678e-02
   3.7957013e-02
   4.1337665e-02
   5.7257436e-02
   5.9043355e-02
   1.0571915e-01
   7.3751703e-02
   4.8275251e-02
   2.5878875e-02
   7.2492242e-02
   1.5990020e-01
   2.3834050e-01
   1.8628605e-01
   1.1315235e-01
   6.8200827e-02
   6.0535844e-02
   5.4263171e-02
   6.5332294e-02
   1.0229190e-01
   7.6279968e-02
   6.4877816e-02
   5.1064830e-02
   2.6175896e-02
   2.8321518e-02
   4.3510698e-02
   4.5571610e-02
   6.1383985e-02
   2.8807469e-02
   5.7068896e-02
   4.2668767e-02
   1.1709008e-02
   3.8315859e-02
   3.4423351e-02
   1.9866511e-02
   4.1732542e-02
   5.0675623e-02
   5.5764202e-02
   3.7471864e-02
   1.5363134e-02
   2.1674216e-02
   1.8426018e-02
   2.0145476e-02
   3.1207602e-02
   3.9432283e-02
   7.2187968e-02
   6.0523037e-02
   4.5260176e-02
   3.8785465e-02
   3.7835162e-02
   5.6935009e-02
   4.7123749e-02
   3.7892681e-02
   3.6865480e-02
   6.3636497e-02
   6.4815171e-02
   6.2736556e-02
   4.9121212e-02
   2.2243608e-02
   6.7639001e-02
   5.9761040e-02
   6.2858127e-02
   2.3016928e-02
   4.7655165e-02
   9.9925101e-02
   9.2390582e-02
   1.0652551e-01
   8.4199406e-02
   7.2494097e-02
   9.8745227e-02
   1.8159992e-01
   1.0497685e-01
   4.4054400e-02
   4.9438979e-02
   5.6134854e-02
   5.1966421e-02
   1.0001297e-01
   9.5041730e-02
   4.2917233e-02
   1.9490564e-02
   6.5094237e-03
   3.1913757e-02
   5.5168558e-02
   8.7837428e-02
   5.5055637e-02
   4.0241815e-02
   6.0386200e-02
   5.3461716e-02
   7.8661978e-02
   6.1949320e-02
   2.6172120e-02
   6.8221077e-02
   3.8281657e-02
   4.4612098e-02
   4.9987551e-02
   5.5843569e-02
   2.4951439e-02
   4.3511633e-02
   3.4261230e-02
   3.9208896e-02
   5.6827854e-02
   3.9586745e-02
   4.2547036e-02
   8.1545394e-03
   3.5773780e-02
   1.8348927e-02
   5.0752733e-02
   8.6045757e-02
   6.5599822e-02
   5.6938905e-02
   3.6844183e-02
   4.6396166e-02
   6.4922482e-02
   4.0051043e-02
   3.2380071e-02
   6.9034256e-02
   8.4097445e-02
   7.8897938e-02
   8.7490477e-02
   6.1950073e-02
   1.3650963e-02
   2.7778083e-02
   1.0744344e-01
   1.4441702e-01
   8.3436377e-02
   9.4647631e-02
   7.0718303e-02
   6.8221316e-02
   1.0570475e-01
   7.8956842e-02
   5.7072069e-02
   3.3211675e-02
   1.0309459e-01
   2.0409255e-01
   1.9109617e-01
   9.7568259e-02
   7.9512395e-02
   8.9754589e-02
   1.7824720e-01
   3.0109987e-01
   2.4531966e-01
   9.3632348e-02
   3.2799929e-02
   4.7847841e-02
   1.1127444e-01
   4.8156545e-02
   7.2774976e-02
   6.2614940e-02
   5.7942063e-02
   6.5207899e-02
   2.5212789e-02
   2.7906647e-02
   3.1909984e-02
   4.7803912e-02
   4.1511662e-02
   3.3919245e-02
   6.7862295e-02
   1.7666085e-02
   2.6079658e-02
   1.9577790e-02
   4.5040917e-02
   6.1162468e-02
   6.3347369e-02
   8.7453119e-02
   2.2042468e-02
  -6.1122449e-03
   3.3279389e-02
   7.4906953e-02
   6.5465122e-02
   4.5208044e-02
   4.2307321e-02
   8.1133626e-02
   5.4143332e-02
   5.0351687e-02
   4.0272772e-02
   5.3850960e-02
   3.0572003e-02
   4.7697332e-03
   1.9151270e-02
   3.2777358e-02
   5.1975437e-02
   6.6394627e-02
   6.8365887e-02
   7.9089753e-02
   4.9847592e-02
   7.1957454e-02
   5.4781497e-02
   3.5493936e-02
   4.5539763e-02
   7.8010812e-02
   5.9576906e-02
   3.6486343e-02
   8.2601786e-02
   6.9118276e-02
   1.2215845e-01
   1.9763905e-01
   1.1817712e-01
   6.0910035e-02
   8.8293821e-02
   1.4591610e-01
   1.1373513e-01
   7.9285704e-02
   1.1370011e-01
   1.4343186e-01
   1.9527848e-01
   1.0152069e-01
   5.2479796e-02
   6.8011984e-02
   7.8288786e-02
   3.2761887e-02
   3.8633034e-02
   4.3871839e-02
   9.7936712e-02
   7.6605968e-02
   4.8699372e-02
   6.8291083e-02
   8.6213678e-02
   3.9777193e-02
   4.3971863e-02
   5.6739919e-02
   3.4156714e-02
   3.4487378e-02
   3.8278539e-02
   4.2067602e-02
   5.7886202e-02
   3.7728965e-02
   1.6374040e-02
   6.1700594e-02
   4.9063839e-02
   3.6820862e-02
   2.3666658e-02
   4.8822127e-02
   6.7418188e-02
   8.7974884e-02
   1.1342245e-01
   9.7856060e-02
   2.6240245e-02
   1.2360606e-02
   8.6829662e-03
   4.6282999e-02
   8.7233543e-02
   7.3210619e-02
   5.3586546e-02
   5.2547414e-02
   3.6267549e-02
  -4.0725721e-03
   4.4190921e-02
   1.9528180e-02
   4.1804686e-02
   3.7055220e-02
   4.0328305e-02
   1.8767662e-02
   2.9933801e-02
   6.8062268e-02
   7.1846277e-02
   3.4586273e-02
   5.0633628e-02
   3.8442876e-02
   4.3037489e-02
   1.9225396e-02
   6.9901785e-03
   5.5237886e-02
   1.0498219e-01
   3.5701972e-02
   6.9760397e-02
   5.5894084e-02
   6.0009606e-02
   6.3955769e-02
   3.7957605e-02
   4.9088910e-02
   8.9661486e-02
   7.0085466e-02
   1.9136248e-02
   6.4869754e-02
   5.0173536e-02
   1.0622264e-01
   6.0477342e-02
   5.8435086e-02
   3.6387701e-02
   5.6400828e-02
   9.5404156e-02
   5.7618339e-02
   5.2619848e-02
   4.6130024e-02
   3.5638101e-02
   9.2030875e-02
   1.1109377e-01
   4.8212279e-02
   5.9952524e-02
   5.4967564e-02
   7.6091722e-02
   5.3232070e-02
   5.0962646e-02
   1.6216232e-02
   5.9755519e-02
   4.8183579e-02
   4.7859982e-02
   5.2260250e-02
   6.2752433e-02
   7.4240461e-02
   5.3800397e-02
   2.8684905e-02
  -1.0232407e-03
   1.0588493e-02
   4.5054767e-02
   5.1977698e-02
   6.0976543e-02
   5.0322525e-02
   8.6341716e-02
   8.9202188e-02
   5.8952391e-02
   8.0106296e-02
   9.0393476e-02
   6.3834809e-02
   6.0596187e-02
   6.5264016e-02
   6.3567407e-02
   8.6747073e-02
   9.9493809e-02
   2.7322738e-02
   6.0348742e-02
   2.9890200e-02
   4.4317797e-02
   3.2441624e-02
   2.7219150e-02
   3.4463100e-02
   8.3299436e-02
   7.7520885e-02
   4.9520213e-02
   5.5416360e-02
   6.7533627e-02
   1.6454682e-02
   2.8388638e-02
  -7.7134101e-03
   1.9485639e-02
   4.6437096e-02
   8.4207311e-02
   6.7445695e-02
   7.3367871e-02
   8.1619136e-02
   5.1069107e-02
   6.0549602e-02
   6.5067321e-02
   1.0538842e-01
   8.2477964e-02
   4.1514710e-02
   5.8871824e-02
   4.6437487e-02
   2.0575708e-02
   4.6011195e-02
   5.0866500e-02
   7.5172909e-02
   6.3760638e-02
   1.8150777e-02
   4.6072006e-02
   8.2544133e-02
   3.4466531e-02
   6.4072184e-02
   1.0018953e-01
   5.6457449e-02
   3.0250486e-02
   5.0814662e-02
   5.6511693e-02
   1.2419735e-01
   6.2307473e-02
   4.1322064e-02
   3.6139645e-02
   3.3902612e-02
   4.6882432e-02
   7.6033853e-02
   5.5872999e-02
   3.7889127e-02
   5.0449565e-02
   3.3859964e-02
   2.0862263e-02
   5.7627473e-02
   3.3084422e-02
   9.7266976e-03
   3.3915415e-02
   6.1815325e-02
   5.4002807e-02
   4.3443304e-02
   5.5307243e-02
   7.2075039e-02
   4.6024837e-02
   2.7754888e-02
   4.3180421e-02
   4.9718715e-02
   4.5117069e-02
   4.2487387e-02
   6.0390253e-02
   8.4274963e-02
   7.9381719e-02
   5.0871383e-02
   9.3223393e-02
   6.0989045e-02
   2.7614266e-02
   1.6480679e-02
   5.5342484e-03
   3.4626748e-02
   4.1244224e-02
   5.3249963e-02
   5.2614927e-02
   4.0960189e-02
   4.7950052e-02
   3.6515191e-02
   2.0259025e-02
   4.2918932e-02
   3.9960071e-02
   4.2775325e-02
   6.2396530e-02
   4.3729413e-02
   7.1618393e-02
   4.3195009e-02
   2.9056832e-02
   3.2783668e-02
   1.2046384e-02
   2.5427932e-02
  -5.1092468e-03
   1.2488423e-02
   5.0711509e-02
   7.4286848e-02
   8.9378551e-02
   5.2932400e-02
   3.3909831e-02
   3.5693895e-02
   4.5327142e-02
   2.2897884e-02
   8.8743251e-03
   3.9664607e-02
   1.0139570e-01
   1.0241088e-01
   7.2591178e-02
   5.3243734e-02
   2.9420199e-02
   1.4119256e-01
   2.1397702e-01
   1.6119325e-01
   1.0368494e-01
   6.8202697e-02
   4.7136933e-02
   4.8701968e-02
   4.4335209e-02
   6.8281502e-02
   5.7748713e-02
   7.2860822e-02
   7.3067605e-02
   5.3463012e-02
   5.4818459e-02
   4.6509426e-02
   3.8428005e-02
   5.6702554e-02
   4.6483357e-02
   3.8613211e-02
   5.5953134e-02
   5.5630434e-02
   4.9821910e-02
   6.8335995e-02
   1.3290919e-01
   1.4772154e-01
   1.5425926e-01
   6.7905046e-02
   5.4033745e-02
   1.5414977e-02
   2.2591202e-02
   1.7796012e-02
   5.8332056e-02
   1.4562124e-01
   8.4867619e-02
   6.8938985e-02
   5.5846557e-02
   5.6785941e-02
   1.0539338e-01
   9.6621729e-02
   7.5095057e-02
   6.9189481e-02
   5.7040397e-02
   3.1291310e-02
   6.7192301e-02
   6.0402885e-02
   6.9499932e-02
   7.2295949e-02
   4.1197583e-02
   1.7298907e-02
   5.4158811e-02
   1.2496696e-01
   2.0120074e-01
   1.6549285e-01
   5.1958799e-02
   6.0028832e-02
   1.1048242e-01
   5.6281146e-02
   6.4540610e-02
   1.5517804e-01
   4.7709510e-01
   6.2251270e-01
   3.3791903e-01
   1.3119541e-01
   1.6275357e-01
   1.6554648e+00
   5.5562925e+00
   5.1590767e+00
   2.0629666e+00
   5.7277334e-01
   2.4783638e-01
   1.6195071e-01
   3.1105810e-01
   7.2861457e-01
   9.2766982e-01
   5.6346184e-01
   2.2990093e-01
   8.4262662e-02
   1.3457066e-01
   2.1100466e-01
   2.6693547e-01
   2.5578159e-01
   1.5464601e-01
   1.0279436e-01
   1.0646431e-01
   9.7613476e-02
   9.1539167e-02
   1.0632171e-01
   1.5422159e-01
   2.2526079e-01
   1.4854251e-01
   8.6517103e-02
   5.0021965e-02
   2.6618725e-02
   8.4766671e-03
   4.1838378e-02
   5.6976754e-02
   8.3831519e-02
   6.8066582e-02
   7.4931391e-02
   5.6797259e-02
   1.9070977e-02
   9.4357664e-03
   2.0243075e-02
   3.4186199e-02
   3.8444631e-02
   2.7794702e-02
   8.5397484e-03
  -3.3693786e-03
  -6.9881831e-03
   2.8142532e-02
   9.4304264e-02
   1.7125501e-01
   1.9453083e-01
   9.9479742e-02
   1.4933184e-01
   3.8959509e-01
   6.3142151e-01
   3.8112801e-01
   6.7343727e-02
   8.9575693e-02
   2.5376803e-01
   1.9668901e-01
   1.1842323e-01
   1.3059358e-01
   3.3725575e-01
   1.0761437e+00
   1.2180723e+00
   5.1544249e-01
   1.3458689e-01
   6.9430836e-02
   7.8268178e-02
   9.4043881e-02
   1.4168125e-01
   1.6781628e-01
   8.1806257e-02
   4.3155666e-02
   1.0067138e-02
   1.2470623e-02
   5.2944582e-02
   6.9520578e-02
   8.0405876e-02
   6.3714974e-02
   6.8488196e-02
   7.5554065e-02
   9.6933819e-02
   3.3245165e-02
   2.9290825e-02
   2.7986545e-02
   6.7883112e-02
   5.4712325e-02
   2.0759974e-02
   2.5643786e-02
   7.7691205e-02
   4.8786283e-02
   3.5524160e-02
   9.5830888e-02
   1.1366820e-01
   9.1011539e-02
   6.1873756e-02
   1.0322018e-01
   6.9057725e-02
   7.7552520e-02
   7.3194772e-02
   8.1617728e-02
   9.3415156e-02
   1.4130016e-01
   1.3996607e-01
   4.5382585e-02
   4.9407803e-02
   1.1222782e-01
   1.6232313e-01
   1.4849351e-01
   7.7327162e-02
   8.9356855e-02
   2.0294997e-01
   2.9446402e-01
   1.8708889e-01
   1.1939903e-01
   2.3486646e-01
   6.6074312e-01
   6.3732648e-01
   3.4118566e-01
   1.6235001e-01
   3.6301872e-01
   1.2888288e+00
   1.7990112e+00
   1.0146060e+00
   3.2909879e-01
   9.5781356e-02
   2.0492752e-01
   2.4961647e-01
   2.8067160e-01
   3.2850459e-01
   2.6976484e-01
   2.0067565e-01
   9.3290575e-02
   5.4815032e-02
   6.6089325e-02
   1.4861195e-01
   5.3177863e-02
   2.6181402e-02
   7.1945988e-02
   9.5385097e-02
   9.4382741e-02
   6.2121104e-02
   6.9947235e-02
   4.8502237e-02
  -8.6985267e-04
  -2.6846563e-02
   2.1044502e-02
   3.5919289e-03
   6.2376469e-02
   3.9686233e-02
   1.1887975e-02
   3.1432629e-02
   6.6403084e-02
   8.2247518e-02
   5.5031031e-02
   1.7363014e-02
   4.9307132e-03
   4.2838138e-02
   4.1572638e-02
   4.7860622e-02
   2.9457236e-02
   6.0747162e-02
   5.7532247e-02
   6.4972252e-02
   5.9053972e-02
   6.0256340e-02
   9.8523147e-02
   1.1923523e-01
   7.6633625e-02
   8.1595838e-02
   7.9252154e-02
   1.3823131e-01
   9.9510238e-02
   5.9712365e-02
   9.8566279e-02
   2.4024166e-01
   2.3186465e-01
   1.7126116e-01
   4.0563546e-02
   1.2279146e-01
   3.4225377e-01
   3.8888007e-01
   2.4974164e-01
   1.2172693e-01
   1.2716021e-01
   9.5080912e-02
   6.5223075e-02
   1.0630269e-01
   1.0743594e-01
   7.6224007e-02
   4.0862679e-02
   2.9665686e-02
   3.2500580e-02
   4.7314454e-02
   2.9100418e-02
   9.6597150e-02
   9.4657741e-02
   6.5970607e-02
   2.5226803e-02
  -1.0557847e-02
   6.0039315e-02
   1.2542072e-01
   7.4826881e-02
   5.8616094e-02
   2.4066078e-02
   1.0853765e-02
   2.7276427e-03
   6.1051855e-03
   8.5680820e-03
   2.7702305e-02
   3.7861813e-02
   5.8571570e-02
   5.0557863e-02
   2.4759967e-02
   6.2699638e-02
   5.0533343e-02
   6.4638913e-02
   9.3576021e-02
   6.8274967e-02
   6.6653006e-02
   3.1394962e-02
   2.9438080e-02
   5.6843970e-02
   3.3445071e-02
   3.0782698e-02
   5.2046608e-02
   2.6976686e-02
   5.3443732e-03
   3.6385641e-02
   4.0966611e-02
   2.9815949e-02
   4.1310672e-02
   6.6593997e-02
   9.3830682e-02
   4.9462315e-02
   7.2885752e-02
   4.8288636e-02
   2.4627766e-02
   1.4237918e-01
   2.0154591e-01
   8.4357537e-02
   6.0738444e-02
   1.5495621e-02
   4.7975149e-02
   6.6442482e-02
   9.0341806e-02
   4.8820004e-02
   4.7045313e-02
   7.2400674e-02
   4.3644518e-02
   3.9022148e-02
   6.7463391e-02
   8.5574016e-02
   7.5043663e-02
   4.8800178e-02
   6.2396772e-02
   3.5262592e-02
   4.4054545e-02
   1.1758313e-01
   1.3925700e-01
   7.9166785e-02
   5.0237488e-02
   1.8513003e-01
   4.9939489e-01
   5.7063788e-01
   2.9900110e-01
   8.9227907e-02
   1.2206027e-01
   3.1133887e-01
   3.1771743e-01
   1.6704717e-01
   1.0522160e-01
   1.3988824e-01
   2.2643884e-01
   1.5583445e-01
   8.2010962e-02
   3.6919594e-02
   6.1407141e-02
   9.2302479e-02
   5.7911400e-02
   5.8530990e-02
   3.0945813e-02
   4.5711458e-02
   5.1673353e-02
   8.9353491e-03
   4.0776185e-03
   3.5864763e-02
   1.1386840e-02
  -3.1078286e-02
   1.4352671e-02
   4.2980086e-02
   5.6408484e-02
   7.0084602e-02
   5.4568961e-02
   5.2675318e-02
   5.9324421e-02
   6.8430007e-02
   3.8197204e-02
   8.7069295e-02
   4.8012383e-02
   5.6761354e-02
   3.0538658e-02
   1.4372155e-02
   2.2537658e-02
   2.6532754e-02
   4.8081473e-02
   8.8225871e-02
   6.2147580e-02
   6.1173026e-02
   2.7247811e-02
   2.7468087e-02
   3.6200009e-02
   8.0656081e-02
   6.1235033e-02
   5.5902243e-02
   7.8037985e-02
   7.5799011e-02
   5.8300532e-02
   6.5884173e-02
   6.0465377e-02
   1.3258266e-01
   1.6142491e-01
   1.0146631e-01
   6.5216132e-02
   1.2375525e-02
   7.0110619e-02
   1.3553292e-01
   6.5926708e-02
   4.4083286e-02
   7.4200779e-02
   1.2094618e-01
   8.0599636e-02
   6.3688301e-02
   6.8621196e-02
   3.1343706e-02
   5.4191746e-02
   4.9666524e-02
   2.2773145e-02
   1.9720355e-02
   5.2860156e-02
   5.1038589e-02
   3.6381338e-02
   6.9548480e-02
   8.2251869e-02
   1.0043377e-01
   6.9084525e-02
   1.8134208e-02
   4.6089150e-02
   1.1382490e-01
   1.7243247e-01
   1.9829175e-01
   1.1175991e-01
   2.1374638e-01
   2.6536244e-01
   2.1301821e-01
   1.0418731e-01
   8.7019235e-02
   2.7100989e-01
   4.0790263e-01
   2.2927752e-01
   6.4931639e-02
   6.9410808e-02
   8.9303076e-01
   1.8069277e+00
   1.2692287e+00
   4.6558797e-01
   2.0487854e-01
   7.3339278e-01
   1.3798814e+00
   9.3365383e-01
   5.0211823e-01
   2.4880697e-01
   4.3837181e-01
   5.8864659e-01
   3.5658595e-01
   1.7977461e-01
   2.2700764e-01
   5.1812124e-01
   4.6860623e-01
   2.3472998e-01
   1.3488856e-01
   6.6911951e-02
   6.2475327e-02
   7.7606484e-02
   5.9319653e-02
   6.1879549e-03
   6.4729783e-03
   3.6229391e-02
  -1.9361974e-03
   2.0428441e-02
   3.4180891e-02
   1.0726082e-02
   1.6865823e-02
   7.3168650e-02
   2.1975592e-02
   2.6440574e-02
   6.7290336e-02
   6.6225998e-02
  -1.4007706e-03
   7.0623163e-04
   7.4148402e-02
   1.1108664e-01
   9.2715956e-02
   4.5071956e-02
   6.7177795e-02
   8.1660204e-02
   1.1560917e-01
   6.8223163e-02
   7.7350460e-02
   4.8295122e-02
   5.6044582e-02
   3.4764495e-02
   5.8268595e-02
   8.8774756e-02
   1.5734856e-01
   1.6936585e-01
   7.7802293e-02
   6.6033803e-02
   2.1737535e-01
   5.3888237e-01
   5.1318204e-01
   2.1350275e-01
   1.1292253e-01
   2.1222968e-01
   3.4296811e-01
   2.6800179e-01
   2.2475001e-01
   1.0331571e-01
   1.8001829e-01
   2.2284953e-01
   9.2246205e-02
   8.9169197e-02
   4.3882392e-02
   1.3572814e-01
   1.9575423e-01
   1.2751219e-01
   3.7394423e-02
   1.7947836e-02
  -4.0867752e-03
   1.3266546e-02
   2.2195423e-02
   5.4838389e-02
   9.3368702e-02
   1.0980086e-01
   6.0453758e-02
   1.4007254e-02
  -1.5412451e-02
   5.9889585e-02
   5.8533862e-02
   7.2927937e-02
   1.0300346e-01
   1.0770260e-01
   9.2968144e-02
   8.2334168e-02
   3.7415054e-02
   3.7145596e-03
   3.6481619e-02
   8.6393364e-02
   4.4738907e-02
   6.6806242e-02
   2.9280974e-02
   5.7727195e-02
   1.7947292e-01
   1.4271981e-01
   7.9291321e-02
   7.1107045e-02
   9.7935088e-02
   4.0379775e-01
   7.4895126e-01
   5.5489987e-01
   2.7939835e-01
   1.3531145e-01
   2.1873598e-01
   3.3080611e-01
   3.8406605e-01
   4.6209008e-01
   2.9887244e-01
   1.2939388e-01
   1.6686453e-01
   2.2791187e-01
   2.7784219e-01
   2.2622180e-01
   1.1208426e-01
   8.6551070e-02
   1.3180339e-01
   1.0842739e-01
   1.0155994e-01
   9.6667506e-02
   1.1536228e-01
   1.0015186e-01
   1.2157173e-01
   5.7064183e-02
  -1.3472299e-02
  -9.0198740e-03
   4.0750232e-02
   4.4899188e-02
   4.5129888e-02
   7.3113844e-02
   5.5432890e-02
   3.3429816e-02
   4.4265244e-02
   3.7834972e-02
  -3.4244868e-03
   4.9266475e-03
   3.1253289e-02
   2.5305130e-02
   5.2583568e-02
   2.9181903e-02
   1.0291660e-01
   1.3870251e-01
   1.9212039e-01
   1.0165896e-01
   3.6308512e-02
   2.8933553e-02
   4.9240045e-02
   4.8656564e-02
   8.6027987e-02
   2.9199855e-02
   3.2807685e-02
   3.6671858e-02
   3.1909999e-02
   4.8874799e-02
   9.2696078e-02
   1.3955550e-01
   1.4182435e-01
   1.5144794e-01
   8.4967658e-02
   1.0860950e-01
   6.4819507e-02
   1.2208850e-01
   1.8584464e-01
   1.0847921e-01
   6.9996461e-02
   7.7632427e-02
   7.2142228e-02
   9.8611444e-02
   6.6125125e-02
   3.5502531e-02
   5.6574397e-02
   8.8898860e-02
   1.1116276e-01
   7.6306447e-02
   4.6802789e-02
   8.1106283e-02
   1.0569761e-01
   7.8408860e-02
   4.9635958e-02
   4.7316205e-02
   4.2849530e-02
   1.4499862e-02
   3.2080177e-02
   2.8101334e-02
   4.9984762e-03
   1.5112801e-02
   5.6229383e-02
   2.7728463e-02
   3.7851520e-02
   5.5421829e-02
   4.8486397e-02
   4.2908147e-02
   1.9005539e-02
   7.9315744e-04
   1.8110231e-02
   2.5298696e-02
   4.7812421e-02
   5.7583541e-02
   3.9308004e-02
   4.7390461e-02
   4.0946726e-02
   5.9999295e-02
   2.6172332e-02
   5.7356685e-02
   3.5876561e-02
   4.8493611e-04
   3.6173262e-02
   4.7621999e-02
   5.4372221e-02
   7.2045743e-02
   8.4616654e-02
   6.1855610e-02
   5.1666655e-02
   2.9531388e-02
   3.8922656e-02
   6.0605314e-02
   9.4388798e-02
   9.9326044e-02
   5.8780029e-02
   4.0882681e-02
   8.9031510e-02
   7.0729509e-02
   5.7755571e-02
   2.2113848e-02
   2.7844418e-02
   4.6754234e-02
   5.3467907e-02
   3.3070777e-02
   2.0830275e-02
   5.7591582e-03
  -1.9067531e-03
   2.4312787e-02
   3.0465221e-02
   3.0226391e-02
   4.7404096e-02
   8.1862740e-02
   1.0308899e-01
   8.1362642e-02
   6.3946411e-02
   5.5940464e-02
   3.0163370e-02
   2.1743074e-02
   2.6826685e-02
   5.9395131e-02
   4.6522334e-02
   4.9326405e-02
   5.0242860e-02
   4.2460289e-02
   5.6057341e-02
   3.7653789e-02
   4.6901062e-02
   7.4827947e-02
   5.2163400e-02
   4.3331146e-02
   1.3565210e-02
  -5.6792409e-03
   3.7315320e-02
   4.6399955e-02
   4.9765784e-02
   4.6461925e-02
   6.1359935e-02
   4.4030309e-02
   4.3925207e-02
   8.3803728e-02
   9.9855073e-02
   8.8263348e-02
   7.3197797e-02
   5.1742300e-02
   4.3854438e-02
   3.7307549e-02
   5.7630327e-02
   9.6966997e-02
   1.0911518e-01
   7.0581488e-02
   5.8428191e-02
   6.0898513e-02
   9.8775566e-02
   8.3227925e-02
   2.8269140e-02
   2.5078891e-02
   3.8972758e-02
   4.7879465e-02
   6.2731639e-02
   1.0632890e-01
   2.8200371e-02
   3.4912024e-02
   3.3367518e-02
   8.0096714e-02
   7.7153884e-02
   4.1728269e-02
   4.9247425e-02
   7.3555112e-02
   8.0026031e-02
   2.6776535e-02
   2.8581066e-02
   3.9095543e-02
   2.8407658e-02
   5.4117743e-02
   7.7395342e-02
   7.9337835e-02
   6.7871928e-02
   5.0331410e-02
   2.8408149e-02
   3.7314568e-02
   4.8996873e-02
   3.8730681e-02
   2.5774557e-02
   1.8422011e-02
   3.7696134e-02
   5.8954153e-02
   1.1084889e-02
   2.2892253e-02
   5.8293719e-02
   3.6770154e-02
   5.0493788e-02
   4.1713323e-02
   4.0609743e-02
   5.8521196e-02
   2.6750475e-02
   3.5835933e-02
   5.1478039e-02
   4.3314245e-02
   7.3184662e-02
   6.3681699e-02
   1.0871616e-01
   9.9031627e-02
   4.2718180e-02
   1.6121324e-02
   7.2851785e-02
   6.7571901e-02
   7.8180552e-02
   2.3990341e-02
   3.7366569e-02
   4.8107583e-02
   6.0967639e-02
   5.4208338e-02
   5.7003256e-02
   7.4525394e-02
   6.7366928e-02
   2.2396866e-02
   2.7358966e-02
   6.1302681e-02
   8.3436780e-03
   2.7323883e-02
   3.6921121e-02
   3.4557160e-02
   6.8466306e-02
   1.0430627e-01
   7.9461120e-02
   5.5362754e-02
   5.1906265e-02
   3.5785440e-02
   5.4357700e-02
   9.8775849e-03
   1.5152645e-02
   1.7958235e-02
   4.4586573e-02
   6.7693368e-02
   6.0682215e-02
   2.8483193e-02
   1.6723894e-02
   1.4347563e-02
   1.6391428e-02
   1.4499757e-02
   3.9165244e-02
   7.2732911e-02
   8.5630946e-02
   6.8786539e-02
   4.2337980e-02
   4.6267912e-02
   4.2037638e-03
   3.3843972e-02
   9.7346254e-02
   1.9513835e-01
   1.7821513e-01
   9.6432887e-02
   9.0494908e-02
   4.4861108e-01
   1.1922117e+00
   9.9683195e-01
   3.9376074e-01
   2.0443282e-01
   3.6726063e-01
   5.1515377e-01
   3.5530546e-01
   3.2689989e-01
   2.0776317e-01
   8.9829303e-02
   4.8023831e-02
   9.1831863e-02
   1.2095988e-01
   9.3375258e-02
   7.5501755e-02
   5.9423693e-02
   4.1606538e-02
   6.0684852e-02
   6.2768638e-02
   4.6544380e-02
   3.7752822e-02
   2.3017604e-02
   1.7764812e-02
   2.8082643e-02
   4.0590446e-02
   7.1045622e-02
   5.6734804e-02
   3.6877673e-02
   6.0148071e-02
   5.5769600e-02
   4.1369703e-02
   1.2892114e-02
   3.7232409e-03
   3.9269947e-02
   3.4527276e-02
   1.6740244e-02
   4.5828357e-02
   2.9253766e-02
   1.4037577e-02
   5.8041666e-02
   6.6422455e-02
   5.5979997e-02
   3.6868609e-02
   6.5465257e-02
   3.7174784e-02
   7.7967666e-02
   4.0931799e-02
   7.0784964e-02
   3.4665652e-02
   3.3365898e-02
   1.4635848e-02
   2.9465625e-02
   1.8565650e-01
   2.1501446e-01
   1.2661652e-01
   3.3410963e-02
   7.5350679e-02
   1.0894886e-01
   1.5381213e-01
   7.1706273e-02
   2.7819689e-02
   4.6948928e-02
   3.4792967e-02
   2.7435340e-02
   4.9993232e-02
   4.1259088e-02
   2.4225520e-02
   2.5395891e-02
   2.2839537e-02
   3.2184338e-03
   4.4217516e-02
   5.8974866e-02
   7.3271565e-02
   3.8925543e-02
   2.9372022e-02
   5.1618066e-02
   3.0474663e-02
   1.5362700e-02
   3.3179980e-02
   3.8278803e-02
   4.4146910e-02
   1.1853893e-02
   2.9939370e-02
   2.9902881e-02
   3.4299012e-02
   7.1512237e-02
   2.8572537e-02
   3.3251189e-02
   3.8613953e-02
   3.3447068e-02
   4.0569246e-02
   5.4785796e-02
   6.8966463e-02
   7.2382912e-02
   5.6321107e-02
   6.2353481e-02
   2.4808565e-02
   1.8031966e-02
   4.3427274e-02
   7.5583279e-02
   3.6786910e-02
   1.1949971e-02
  -8.7671401e-03
   6.9058225e-03
   7.8427777e-02
   1.0451333e-01
   8.7884039e-02
   4.9969129e-02
   9.5758252e-02
   1.0270290e-01
   4.3437298e-02
   5.0509565e-02
   3.7457287e-02
   2.9317698e-02
   3.2373726e-02
   5.9129819e-02
   6.4292200e-02
   2.5512481e-02
   7.4854521e-03
   4.8875436e-02
   4.3440580e-02
   2.2477746e-02
   3.9110910e-03
   1.3688487e-02
   4.5163579e-02
   3.5613030e-02
   2.3875052e-02
   5.2563343e-02
   6.8789691e-02
   6.1734598e-02
   5.0493538e-02
   4.4161756e-02
   7.9456769e-02
   6.5541357e-02
   4.3683261e-02
   5.6432381e-02
   6.2740996e-02
   3.4632675e-02
   5.2045383e-02
   6.3666523e-02
   6.2934697e-02
   6.4901724e-02
   3.5356171e-02
   4.1225877e-02
   5.6356397e-02
   1.9189350e-02
   3.1398796e-02
   5.2104432e-02
   7.6147839e-02
   5.8099881e-02
   3.4114070e-02
   6.2174261e-02
   6.9505498e-02
   4.3615811e-02
   4.0583901e-02
   4.4926416e-02
   4.4952732e-02
   8.0383815e-02
   2.5428267e-02
   4.6469513e-02
   8.8134967e-02
   4.7370352e-02
   9.9853948e-03
   1.4391189e-02
   3.3122223e-02
   2.8864969e-02
   2.9406000e-02
   4.4105336e-02
   4.8640355e-02
   1.7193733e-02
   5.3452060e-02
   6.9606245e-02
   4.7949400e-02
   7.3029578e-02
   4.5394633e-02
   4.1911606e-02
   4.6364840e-02
   5.8765963e-02
   6.6016696e-02
   4.8729531e-02
   2.6440123e-02
   6.0350262e-02
   7.8114331e-02
   3.6534932e-02
   3.7905034e-02
   1.5866596e-02
   3.1534977e-02
   6.9712065e-02
   4.3677129e-02
   4.7152806e-02
   3.2113895e-02
   6.2369045e-02
   5.4902952e-02
   4.4335276e-02
   3.8856674e-02
   4.9470279e-02
   3.8852282e-02
   2.1423329e-02
   3.7532680e-02
   5.6475673e-02
   5.0796814e-02
   2.8264066e-02
   1.4632305e-02
   2.9419223e-02
   5.8973365e-02
   3.6009081e-02
   1.4850674e-02
   6.6177860e-02
   6.5101609e-02
  -1.5761843e-03
   1.7376170e-02
   5.8359154e-02
   6.6023849e-02
   5.9532091e-02
   2.2204267e-02
   2.5957806e-02
   5.1621836e-02
   6.2557943e-02
   5.3158898e-02
   2.7379474e-02
   6.3047729e-02
   7.1347721e-02
   5.7084993e-02
   4.2091485e-02
   5.5794034e-02
   5.7447761e-02
   3.6042877e-02
   2.4121162e-02
   3.3326507e-02
   3.2027107e-02
   2.1399239e-02
   5.1926568e-02
   5.8043603e-02
   2.7290519e-02
   1.6841512e-02
   4.9614869e-02
   3.9689474e-02
   2.4329031e-02
   3.9750993e-02
   8.9846067e-02
   6.1157137e-02
   4.2923346e-02
   3.6364801e-02
   5.2816343e-02
   2.7427252e-02
   2.7050618e-02
   5.0202809e-02
   3.3561073e-02
   2.1757774e-02
   2.7313760e-02
   3.8968101e-02
   4.0813681e-02
   6.3431323e-02
   4.4111360e-02
   4.4471055e-02
   4.4445962e-02
   6.5259889e-02
   6.4464644e-02
   6.0336880e-02
   3.8128033e-02
   4.9058046e-02
   5.8703762e-02
   3.4490995e-02
   5.9542879e-02
   5.2706294e-02
   4.6298847e-02
   5.8456913e-02
   1.6685544e-02
   4.5630123e-02
   7.0763789e-02
   7.2715394e-02
   5.0530508e-02
   5.2530471e-02
   1.8586220e-02
   2.6218001e-02
   4.5953047e-02
   3.7547838e-02
   4.8338693e-02
   2.4727244e-02
   2.3537677e-02
   2.4365839e-02
   4.0398199e-02
   7.3027596e-02
   5.2103013e-02
   8.2094528e-02
   6.6443816e-02
   4.0165413e-02
   4.8883621e-02
   1.6134754e-02
   5.5695441e-02
   6.4316690e-02
   4.9524818e-02
   3.7017778e-02
   5.7137487e-03
   5.5994909e-02
   4.4373903e-02
   4.0942855e-02
   3.1235134e-02
   2.1092979e-02
   3.3408392e-02
   2.1190118e-02
   4.2513285e-02
   4.0956132e-02
   5.3252880e-02
   4.7020257e-02
   1.7133806e-02
   5.5666279e-02
   4.9776811e-02
   3.0679006e-02
   4.6311092e-02
   2.2972642e-02
   1.9661447e-02
   1.7118150e-02
   5.2854266e-02
   5.1765013e-02
   5.6957424e-02
   3.2292046e-02
   5.7479873e-02
   3.7659287e-02
   4.6867099e-02
   1.7769119e-02
   1.6485412e-02
   3.0191615e-02
   4.9136091e-02
   2.9934483e-02
   1.4680936e-02
   1.5054259e-02
   3.6389362e-02
   1.9129574e-02
   3.5858694e-02
   2.7581267e-02
   5.8040664e-02
   7.8306995e-02
   3.0605091e-02
   1.8824151e-02
   2.6254080e-02
   3.2155734e-02
   4.1635275e-02
   2.4694957e-02
   4.4587947e-02
   4.5250822e-02
   2.7550329e-02
   3.2650098e-02
   5.0093710e-02
   5.8373004e-02
   5.1898941e-02
   2.0987561e-02
   2.5141206e-02
  -7.4458122e-04
  -7.9128463e-03
   1.1091655e-02
   5.1584363e-02
   6.4261854e-02
   5.2203543e-02
   2.1335786e-02
   8.3603645e-03
   1.6311184e-02
   3.3865009e-02
   1.5395864e-02
   4.5496792e-02
   4.4169553e-02
   6.2637739e-02
   8.6089246e-02
   7.3237814e-02
   4.4913962e-02
   4.1054301e-02
   5.2381728e-02
   3.8682226e-02
   6.1908726e-02
   5.6282971e-02
   1.0598935e-02
   1.3649122e-02
   4.5516782e-02
   2.2731395e-02
   4.2215876e-02
   5.5170882e-02
   4.4363856e-02
   4.7191270e-02
   3.4936585e-02
   1.8418103e-02
   2.0193854e-02
   6.9136195e-02
   8.2701057e-02
   5.0948378e-02
   4.3343980e-02
   4.6683371e-02
   3.3898376e-02
   1.5890086e-02
   1.1215553e-02
   2.7734632e-02
   2.2708172e-02
   3.0041561e-02
   4.8872024e-02
   3.5385922e-02
   3.1272665e-02
   3.6092155e-02
   1.5597148e-02
   2.4594033e-02
   3.8514942e-02
   3.7941579e-02
   4.7828458e-02
   6.0139358e-02
   5.6996748e-02
   8.3740190e-02
   7.9836138e-02
   4.6894629e-02
   6.2194992e-02
   2.1235391e-02
   1.5306544e-02
   4.3006741e-02
   1.9313540e-02
   3.6731519e-02
   1.9472072e-02
   2.4818724e-02
   5.8548231e-02
   5.4232784e-02
   1.4922699e-02
   2.9435162e-02
   4.6799127e-02
   5.2785665e-02
   3.3445477e-02
   1.3881030e-02
   2.6567696e-02
   2.9261608e-02
   4.5624427e-02
   3.6198851e-02
   5.9169978e-02
   6.3577414e-02
   6.7801818e-02
   2.1289801e-02
   2.5478916e-02
   5.4086052e-02
   5.1239733e-02
   1.1746765e-02
   2.6844354e-02
   3.3451069e-02
   4.2176533e-02
   5.6054756e-02
   2.5053466e-02
   4.9148556e-02
   3.5269003e-02
   3.3144411e-02
   6.6424817e-02
   4.2223893e-02
   3.6898982e-02
   2.7260968e-02
   6.8155289e-02
   4.3176159e-02
   3.6229916e-02
   3.8202759e-02
   1.9325929e-02
   1.6301351e-02
   5.7553556e-02
   6.0467117e-02
   1.7640432e-02
   1.5038148e-02
   2.7741302e-02
   2.7984845e-02
   2.5410719e-02
   1.9377235e-02
   5.0833166e-02
   5.3890385e-02
   3.9167237e-02
   2.1439658e-02
   1.1443068e-02
   3.2514673e-02
   3.8906667e-02
   2.8867695e-02
   1.2344958e-02
   4.5690220e-02
   5.8029827e-02
   2.6130153e-02
   2.5599333e-02
   5.2250519e-02
   2.9380130e-02
   3.9606038e-02
   1.7851159e-02
   7.7876458e-03
   1.1290718e-02
   2.6360795e-02
   1.5373356e-02
   6.3577682e-02
   4.7987506e-02
   2.5589185e-02
   5.0912689e-02
   5.6557879e-02
   7.6446205e-02
   6.8978965e-02
   5.4107085e-02
   3.4238808e-02
   3.3584222e-02
   2.7103664e-02
   2.7713249e-02
   5.5273801e-02
   3.5201367e-02
   3.7535470e-02
   1.9290673e-02
   4.7232699e-02
   5.7477202e-02
   2.6019346e-02
   3.6848933e-02
   5.4397579e-02
   6.4437509e-02
   5.3431228e-02
   5.2864783e-02
   1.2384965e-02
   2.1381270e-02
   4.7950238e-02
   5.4652520e-02
   3.7341058e-02
   6.5158680e-02
   7.2908491e-02
   4.1916747e-02
   4.5179028e-02
   4.6103679e-02
   2.8118497e-02
   2.3061242e-02
   5.0217807e-03
   3.0798949e-02
   5.3534653e-02
   5.0060980e-02
   2.9750997e-02
   4.3657705e-02
   5.1220782e-02
   4.4434693e-02
   1.9153880e-02
   2.2343531e-02
   2.6210111e-02
   3.5349030e-02
   3.0050173e-02
   2.5933117e-02
   2.5638055e-02
   2.2052379e-02
   3.6501873e-02
   9.1804601e-03
   7.0910137e-03
   2.4563469e-02
   3.7798252e-02
   6.8885334e-02
   6.3410640e-02
   3.3846252e-02
   8.4115071e-03
   6.5439576e-03
   1.1349368e-02
   3.3957396e-02
   3.9974645e-02
   5.2597754e-02
   4.3530777e-02
   5.1475778e-02
   5.1755369e-02
   2.5758730e-02
   7.6444224e-02
   4.7415085e-02
   6.4093702e-02
   4.2100128e-02
   2.5886750e-02
   2.4273081e-02
   4.7133368e-02
   4.3213956e-02
   2.3337442e-02
   4.7318600e-02
   3.8031805e-02
   3.6532108e-02
   3.0923739e-02
   5.6579340e-02
   3.0650286e-02
   5.2659776e-02
   4.5117021e-02
   4.6769127e-02
   6.3919745e-02
   6.6963181e-02
   1.6495934e-02
  -5.4645003e-03
   1.4642663e-02
   4.6689469e-02
   5.6068983e-02
   3.7982464e-02
   5.2948777e-02
   1.6157662e-02
   2.4703544e-02
   3.9485224e-02
   3.8921639e-02
   3.8119189e-02
   2.2277044e-02
   4.6234522e-02
   2.5562333e-02
   5.4192990e-02
   4.2464685e-02
   2.6982652e-02
   2.6120244e-02
   1.9415872e-02
   3.9661396e-02
   3.2346286e-02
   4.3090861e-02
   6.6162795e-02
   5.2497972e-02
   2.8423294e-02
   3.5387833e-02
   2.3276526e-02
   4.3997668e-02
   5.4314807e-02
   6.6259690e-02
   6.8864964e-02
   4.0673848e-02
   4.0688872e-02
   4.8934840e-02
   2.1593910e-02
   1.7462794e-02
   2.5539550e-03
   3.2347638e-02
   4.7043793e-02
   2.1845473e-02
   4.4001322e-02
   3.1394459e-02
   1.2130341e-02
   3.4034178e-02
   9.1161486e-03
   1.7262742e-04
   4.8968237e-02
   7.4602477e-02
   4.0327411e-02
   3.2201316e-02
   3.3759885e-02
   5.5384658e-02
   6.8114430e-02
   5.0298419e-02
   1.6290721e-02
   3.7007593e-02
   4.4763435e-02
   7.2683930e-02
   7.4118860e-02
   6.2520899e-02
   4.3896489e-02
   5.2408826e-02
   4.8374966e-02
   7.0322352e-03
   3.2927148e-02
   5.3996809e-02
   3.6164720e-02
   2.9876305e-02
   2.4084978e-02
   2.5460504e-02
   9.0160426e-03
   4.2524405e-02
   3.6183551e-02
   2.3348412e-02
   2.7875315e-02
   2.3698069e-02
   1.5075520e-02
   1.1086487e-02
   4.0477432e-02
   5.6307729e-02
   3.5126753e-02
   2.5398197e-02
   4.4614099e-02
   6.0052663e-02
   5.0492581e-02
   6.1079092e-02
   4.6410825e-02
   2.7884152e-02
   3.4165245e-02
   2.4153613e-02
   2.9067984e-02
   1.5506205e-02
   1.4011242e-02
   5.6438301e-02
   8.6117908e-03
   4.0375162e-02
   5.1726479e-02
   2.5440617e-02
   2.0899434e-02
   1.5173417e-02
   4.2925380e-02
   1.9913713e-02
   2.4174677e-02
   5.5668883e-02
   4.7734909e-02
   6.0623255e-02
   6.6371053e-02
   4.6855289e-02
   1.0859691e-02
   3.9898414e-02
   3.4337640e-02
   7.6580279e-02
   1.2747137e-01
   1.2389518e-01
   1.0302769e-01
   4.8033781e-02
   3.6799248e-02
  -6.5527218e-03
  -8.8601224e-03
   4.6904162e-02
   6.7262925e-02
   4.4495154e-02
   6.9642633e-02
   6.4146459e-02
   2.7025620e-02
   2.3473056e-02
   5.6397125e-02
   1.0079733e-01
   1.4162280e-01
   9.6720248e-02
   4.8760526e-02
   3.7428360e-02
   1.9700313e-02
   1.7978452e-02
   7.2774276e-02
   2.2091354e-01
   3.2352257e-01
   2.6987681e-01
   1.5667430e-01
   4.8761774e-02
   5.3478360e-02
   2.1794559e-02
   1.5098327e-02
   9.0507604e-03
   2.9050073e-02
   3.0343782e-02
   3.1790506e-02
   3.8753800e-02
   3.3439558e-02
   2.7881447e-02
   2.8157894e-02
   1.9491673e-02
  -1.3946104e-02
   4.9952092e-03
   3.6697343e-02
   3.1891070e-02
   6.3749552e-02
   4.5721028e-02
   2.9564012e-02
   6.5443486e-02
   7.5833522e-02
   4.6113778e-02
   4.1241229e-02
   3.6231827e-02
   2.5314417e-02
   5.2906524e-02
   5.0871275e-02
   2.3617391e-02
   1.6948154e-02
   4.6457428e-02
   3.7010979e-02
   1.7138420e-02
   3.5379417e-03
  -6.6853128e-03
   1.8368971e-02
   6.9138832e-02
   4.8342422e-02
   7.9546660e-02
   5.5986788e-02
   3.4962807e-02
   3.1544473e-02
   5.0790451e-02
   4.2577200e-02
   6.1116815e-02
   3.9642554e-02
   4.1825060e-02
   2.5623608e-02
   4.0971648e-02
   6.6179529e-02
   3.4531396e-02
   4.0946994e-02
   5.2779242e-02
   8.2845539e-02
   4.3742873e-02
   3.2794833e-02
   1.3930897e-02
   3.1954631e-02
   3.4271315e-02
   1.1972198e-02
   2.0500975e-02
   7.4716806e-02
   1.0320678e-01
   6.8993174e-02
   7.5435720e-02
   5.7599261e-02
   5.8552675e-02
   4.7665518e-02
   4.5169037e-02
   3.2835718e-02
   1.5680812e-01
   2.9036877e-01
   2.2773227e-01
   1.8055454e-01
   1.1143649e-01
   1.6841110e-02
   1.1015427e-02
   6.1519272e-03
   6.7388833e-02
   7.6543167e-02
   8.0972575e-02
   8.0966279e-02
   8.7960809e-02
   4.4723786e-02
   3.8985681e-02
   9.7392112e-02
   2.7569202e-01
   3.1103534e-01
   2.0449205e-01
   1.1798940e-01
   6.4302094e-02
   6.1917033e-02
   3.4697272e-02
   1.2885688e-01
   4.8327854e-01
   6.1420649e-01
   3.6228922e-01
   2.0351928e-01
   7.7585235e-02
   6.8912287e-03
   7.3936270e-03
   2.7918536e-02
   6.4932376e-02
   4.0679812e-02
   3.7441730e-02
   6.6450611e-02
   6.2124290e-02
   6.6706516e-02
   4.9827777e-02
   7.7109598e-02
   4.4586908e-02
   2.7887832e-02
   5.0939310e-02
   5.0941616e-02
   7.1557976e-02
   6.6347927e-02
   1.5794406e-02
   3.9364759e-02
   2.3972016e-02
   4.2534515e-02
   4.1025341e-02
   3.3781186e-02
   1.0237727e-02
   8.5279020e-03
   1.2680408e-02
   4.3400738e-02
   8.2595468e-02
   8.4137581e-02
   7.0210025e-02
   5.2901890e-02
   4.3701265e-02
   9.3898214e-03
   1.7236505e-02
   2.3085341e-02
   2.9382262e-02
   3.8631227e-02
   4.3795671e-02
   5.5214055e-02
   5.2039828e-02
   2.4762254e-02
  -7.6270467e-03
   3.8436748e-02
   7.0507333e-02
   5.8516603e-02
   3.7413441e-02
   8.2459398e-02
   4.3686785e-02
   3.6816727e-02
   4.3148026e-02
   4.3307081e-02
   3.1570636e-02
   3.8971115e-02
   6.0868706e-04
   3.8975906e-02
   2.8633418e-02
   5.1000714e-02
   4.7169708e-02
   7.2556041e-02
   8.3013922e-02
   6.2061854e-02
   2.5164088e-02
   2.2661457e-02
   2.1710647e-02
   5.9206855e-02
   6.4074621e-02
   8.4703714e-02
   3.0888066e-02
   4.1342985e-02
   3.4600303e-02
   3.7107162e-02
   2.5229834e-02
   3.2746065e-02
   5.9763353e-02
   4.4399720e-02
   4.8761692e-02
   2.3729369e-02
   2.3262370e-02
   1.0859518e-01
   2.6798764e-01
   2.8803578e-01
   2.0618910e-01
   1.3138112e-01
   8.7990418e-02
   1.8885322e-02
   5.8000446e-03
   5.5438373e-02
   1.3140008e-01
   1.1928281e-01
   9.4696172e-02
   7.5180396e-02
   6.5972373e-02
   6.4396076e-02
   4.3857321e-02
   2.4655569e-02
   8.1629731e-02
   1.0845168e-01
   7.5407796e-02
   7.7525534e-02
   5.5503309e-02
   4.8586592e-02
   6.1995525e-02
   3.9428201e-02
   3.5995316e-02
   4.9455028e-02
   6.6882722e-02
   5.2955229e-02
   3.9529238e-02
   3.3171386e-02
   3.0886786e-02
   9.0928040e-03
   1.3317272e-02
   1.5437135e-02
   5.8853883e-02
   5.8082487e-02
   3.2143015e-02
   5.7973165e-02
   3.7613425e-02
   5.2132789e-02
   6.8199709e-02
   4.4779941e-02
   7.4455731e-02
   2.9077208e-02
   1.6706111e-02
   3.7654273e-02
   8.6265549e-02
   5.6893226e-02
   7.5545892e-02
   8.1576452e-02
   4.3510512e-02
   3.9017260e-02
   5.7381649e-02
   5.6529172e-02
   3.8862631e-02
   3.7612654e-02
   3.6345389e-02
   2.4362287e-02
   2.2079231e-02
   6.3612036e-02
   3.9079472e-02
   7.1147554e-02
   6.3262038e-02
   1.8411502e-02
   1.2344901e-02
   2.5397813e-02
   7.3414519e-02
   5.5981785e-02
   2.6157897e-02
   3.4801852e-02
   2.5214909e-02
   4.6657607e-02
   8.5379295e-03
   4.0210046e-02
   6.4873539e-02
   7.0344657e-02
   7.6273195e-02
   6.6634148e-02
   6.1860103e-02
   5.9255555e-02
   7.8788109e-02
   1.1970472e-01
   1.0392801e-01
   9.0782471e-02
   6.2832773e-02
   4.1685089e-02
   2.4984686e-02
   4.1154768e-02
   5.4367255e-02
   6.2428951e-02
   1.0233331e-01
   1.0115486e-01
   1.2679912e-01
   1.3410786e-01
   7.7802874e-02
   6.7677699e-02
   8.9955501e-02
   1.0983278e-01
   1.4705229e-01
   1.3778085e-01
   2.3635451e-01
   2.9944146e-01
   1.7831101e-01
   1.2606288e-01
   1.6161354e-01
   1.3817441e-01
   1.3687572e-01
   1.0343573e-01
   9.6666686e-02
   6.1449107e-02
   4.9251854e-02
   9.4622143e-02
   9.9158600e-02
   4.9169682e-02
   3.6685195e-02
   2.2891404e-02
   7.2392132e-03
   1.9238444e-02
   2.9723389e-02
   1.7034043e-02
   5.3832470e-03
   5.6625489e-02
   5.8163054e-02
   4.0115140e-04
  -1.0317484e-02
   2.4219524e-02
   3.9913278e-02
   3.4211427e-02
   8.1157088e-02
   7.6894887e-02
   6.1751768e-02
   4.4698000e-02
   1.8948505e-02
   2.5341773e-02
   3.5461649e-02
   6.2635839e-02
   7.8252099e-02
   5.8408555e-02
   7.7325657e-02
   3.0075915e-02
   5.8864966e-02
   6.1744105e-02
   6.4295083e-02
   6.3853167e-02
   9.7679466e-02
   9.5655344e-02
   1.0072031e-01
   9.7252816e-02
   7.9356246e-02
   2.9200947e-02
   6.4648427e-02
   4.4517577e-02
   1.0617794e-02
  -7.9007223e-03
   4.7332879e-02
   7.8740396e-02
   7.0982054e-02
   4.0800847e-02
   2.3912769e-02
   6.5510855e-03
   3.8825236e-02
   1.0926394e-01
   2.3446801e-01
   3.4080324e-01
   2.5949609e-01
   1.2429427e-01
   6.6579200e-02
   1.7262874e-02
   2.1717198e-02
   2.7840195e-02
   3.4076598e-02
   7.7218652e-02
   6.8985723e-02
   5.8122363e-02
   5.5572689e-02
   5.5138338e-02
   4.4021178e-02
   1.2312473e-01
   9.2897020e-02
   3.5856854e-02
   6.8505362e-02
   7.6649167e-02
   6.7618884e-02
   5.8496479e-02
   6.7400679e-02
   6.2116992e-02
   5.9875526e-02
   6.8570510e-02
   6.2598675e-02
   8.9401729e-02
   1.1831355e-01
   3.1592406e-02
   3.6798548e-02
   3.6472987e-02
   5.6532029e-02
   8.1010379e-02
   5.6966752e-02
   4.7078289e-02
   1.5912186e-02
   1.5107826e-02
   2.5212334e-02
   3.9580170e-02
   4.4517320e-02
   3.2359723e-02
   1.1518478e-02
   3.0229561e-02
   6.4096980e-02
   5.0630469e-02
   4.9698606e-02
   7.1746849e-02
   3.6239233e-02
   1.8474014e-02
   7.8782467e-03
   5.2948035e-03
   2.6383886e-02
   7.8940637e-02
   6.2920727e-02
   1.1370988e-01
   5.8062196e-02
   4.6260327e-02
   4.3682627e-02
   5.7972949e-02
   4.6228807e-02
   1.2427018e-02
   3.2190871e-03
   1.7976372e-02
   4.0653188e-02
   8.1113786e-02
   4.7936834e-02
   4.7994986e-02
   5.4928172e-02
   7.0699386e-02
   7.3226266e-02
   6.0704552e-02
   7.8626648e-02
   1.7103118e-01
   1.3601919e-01
   5.7675961e-02
   5.7597104e-02
   4.1839093e-02
   6.7897610e-02
   4.5936588e-02
   4.5160811e-02
   4.6257369e-02
   4.4385880e-02
   4.1308630e-02
   5.0485574e-02
   5.3002629e-02
   6.1807279e-03
   3.8878944e-02
   1.4730075e-01
   1.2175521e-01
   6.9525778e-02
   6.1668281e-02
   6.0695317e-02
   4.4143025e-02
   5.2186292e-02
   6.9129616e-02
   6.2112585e-02
   5.1798556e-02
   6.2583819e-02
   4.1399367e-02
   5.1641170e-02
   4.1936286e-02
   5.0273173e-02
   9.3041390e-02
   5.6321029e-02
   6.4680293e-02
   9.6826859e-02
   9.0249747e-02
   7.7811629e-02
   7.0122182e-02
   4.9889419e-02
   8.0886267e-02
   6.3099995e-02
   1.0342214e-01
   1.2709445e-01
   1.8492720e-01
   1.7109095e-01
   1.5108493e-01
   6.6677816e-02
   2.0113437e-02
  -1.0806973e-02
   3.4582347e-02
   2.6209569e-02
   1.7352005e-02
   4.6835367e-02
   8.5512847e-02
   7.5688757e-02
   3.1640377e-02
   6.6708468e-02
   4.1990697e-02
   3.9062534e-02
   4.8544057e-02
   8.8749461e-02
   1.2503351e-01
   1.3299453e-01
   7.6576538e-02
   3.4700077e-02
   4.3022051e-02
   1.7779406e-02
   3.6212903e-02
   5.4159738e-02
   3.5245657e-02
   8.9668065e-02
   8.1870951e-02
   6.7677498e-02
   6.3288778e-02
   5.7920892e-02
   8.5125819e-02
   5.5047210e-02
   3.8533099e-02
   1.0167823e-02
   3.6295861e-02
   7.6647826e-02
   8.1388436e-02
   9.2198364e-02
   4.7634676e-02
   4.3295119e-02
   9.6630648e-02
   6.9269374e-02
   7.1064293e-02
   6.4761542e-02
   2.6823025e-02
   2.8548112e-02
   2.5031455e-02
   3.9833900e-02
   6.8382606e-02
   1.3110475e-01
   1.1234441e-01
   7.2409555e-02
   7.2674766e-02
   6.4332046e-02
   6.1281845e-02
   1.1242767e-01
   4.3887642e-01
   7.5206023e-01
   6.0381937e-01
   3.7139317e-01
   1.9185558e-01
   8.3959036e-02
   7.4126802e-02
   3.7211921e-02
   2.8935948e-03
  -3.3050070e-03
   4.2787459e-02
   1.2000018e-01
   1.1958936e-01
   1.0530380e-01
   6.9526628e-02
   3.2686245e-02
   4.5138385e-02
   2.0351946e-02
   4.5161072e-02
   2.2347003e-02
   5.0557941e-02
   5.2176602e-02
   5.1290113e-02
   4.2375632e-02
   3.4874402e-02
   4.7007650e-02
   9.6063085e-02
   7.2523981e-02
   7.9858810e-02
   5.1751427e-02
   2.9918713e-02
   4.4064336e-02
   1.2810732e-01
   2.1920638e-01
   3.2470369e-01
   2.2207217e-01
   1.5203056e-01
   7.1121946e-02
   5.3442992e-02
   7.9993516e-02
   6.3835002e-02
   4.5080416e-02
   1.9515796e-02
   1.0459732e-01
   2.0169868e-01
   2.5528598e-01
   2.4515910e-01
   1.9464612e-01
   6.6171825e-02
   2.2951249e-02
   2.7656476e-03
   7.5453840e-02
   1.9941966e-01
   2.1822260e-01
   1.5769917e-01
   1.4061593e-01
   1.1965570e-01
   1.0640177e-01
   8.4719799e-02
   8.3644390e-02
   3.0614750e-02
   5.9190663e-03
   1.0270265e-01
   2.3418625e-01
   2.7047989e-01
   3.2790878e-01
   2.2642158e-01
   7.1160160e-02
   3.6724769e-02
   4.2739224e-02
   8.1363350e-02
   5.5037045e-01
   1.0412414e+00
   1.0878551e+00
   7.1737111e-01
   4.6956444e-01
   4.5564732e-01
   4.4646373e-01
   3.7507430e-01
   2.4200842e-01
   5.3733349e-02
   2.5408050e-02
   3.9460143e-01
   1.9961851e+00
   3.6143956e+00
   3.3595407e+00
   1.7827634e+00
   7.4698031e-01
   3.3045056e-01
   2.1017696e-01
   1.9811454e+00
   1.1474792e+01
   2.3806786e+01
   2.3701115e+01
   1.3949795e+01
   5.7168317e+00
   1.6599742e+00
   2.9478377e-01
   1.0087229e-01
   1.1935017e-01
   7.1396925e-02
   8.5548067e-01
   2.5015075e+00
   3.2089548e+00
   2.4063756e+00
   1.2188364e+00
   3.6766788e-01
  -3.0486070e-02
  -1.1228658e-01
   1.4042030e-01
   3.9402315e-01
   4.9067187e-01
   5.1338083e-01
   4.6302292e-01
   4.4983369e-01
   2.3649625e-01
   1.0053234e-01
   6.9625176e-02
   9.6416667e-02
   1.5119319e-01
   1.3104463e-01
   1.2124309e-01
   2.3741154e-01
   4.8366448e-01
   8.7262970e-01
   7.4174881e-01
   4.2182049e-01
   9.6174493e-02
   4.5294117e-02
   1.0551431e-01
   1.0714534e-01
   1.9822453e-01
   6.2546782e-02
   9.1981649e-02
   4.0484235e-02
   1.4161006e-01
   1.8621640e-01
   1.9764090e-01
   3.0117387e-01
   2.5917026e-01
   1.6927820e-01
   1.0839874e-01
   1.1053677e-01
   1.2369715e-01
   1.5164146e-01
   8.8309467e-02
   6.6047162e-02
   1.6997252e-02
   2.3048885e-02
   6.5720260e-02
   1.6283011e-01
   8.3258539e-02
  -2.8312365e-03
  -7.6726079e-02
  -1.1933441e-02
   1.5450837e-01
   3.5334334e-01
   6.8855327e-01
   7.4572921e-01
   3.7060472e-01
   1.1925744e-01
   8.2946517e-02
   7.7221811e-01
   2.0834837e+00
   2.4895437e+00
   1.7435373e+00
   7.0015103e-01
   2.5698975e-01
   4.0022752e-01
   8.1688875e-01
   1.0756689e+00
   7.0806056e-01
   3.0616125e-01
   3.5871091e-01
   4.2862472e-01
   6.1403090e-01
   2.5640826e+00
   5.9075198e+00
   6.5852079e+00
   4.0403495e+00
   1.7647033e+00
   6.3233262e-01
   2.2383370e-01
   1.4004783e-01
   1.0378337e-01
   9.9000491e-02
   2.8170666e-01
   7.3564583e-01
   1.0732213e+00
   8.0779976e-01
   4.3150353e-01
   1.2643665e-01
   6.5359592e-02
   1.5106304e-02
   3.8685203e-02
   1.7775601e-01
   1.6125157e-01
   2.5767773e-01
   2.2020832e-01
   1.1839601e-01
   2.7311448e-02
   2.0950321e-02
  -3.9779870e-03
   3.1646024e-02
   7.4717477e-02
   6.2644951e-02
   4.8616163e-02
   9.4423763e-02
   2.1823075e-01
   2.7951708e-01
   2.3335728e-01
   1.3744874e-01
   6.0047228e-02
   9.2369385e-02
   1.0494961e-01
   7.2496094e-02
   1.0914774e-01
   7.2715804e-02
   6.6743493e-02
   1.0515726e-01
   9.1975950e-02
   8.4660240e-02
   8.8923641e-02
   1.1473253e-01
   1.1414637e-01
   7.6860093e-02
   9.3105115e-02
   1.0805212e-01
   1.6121562e-01
   1.1276618e-01
   4.4976808e-02
   6.9252037e-02
   4.6156771e-02
   1.0301692e-01
   1.9189483e-01
   2.5762588e-01
   7.7873468e-02
   1.8380945e-04
   1.1934962e-01
   2.1349165e-01
   3.4705368e-01
   4.0279388e-01
   3.6680821e-01
   2.0928197e-01
   6.8053111e-02
   2.2646330e-01
   5.4878360e-01
   8.5814673e-01
   9.3125892e-01
   5.2657568e-01
   1.3634224e-01
   9.4330363e-02
   6.1190200e-01
   1.6323001e+00
   2.1158271e+00
   1.7434067e+00
   9.7013462e-01
   3.2503644e-01
   1.2650998e-01
   1.0131088e+00
   3.9367087e+00
   6.2540321e+00
   5.6212559e+00
   3.2723815e+00
   1.4175835e+00
   6.2981236e-01
   3.0970708e-01
   3.0339685e-01
   4.2098925e-01
   5.2924949e-01
   6.8419236e-01
   9.3287432e-01
   8.9210093e-01
   6.3081700e-01
   4.3726730e-01
   3.7644500e-01
   2.9180363e-01
   2.1005262e-01
   1.7786571e-01
   1.9529407e-01
   1.6524899e-01
   1.6219388e-01
   1.5459089e-01
   7.3692299e-02
   6.9223553e-02
   7.9840012e-02
   1.0273380e-01
   7.7125058e-02
   1.0446555e-01
   7.9782300e-02
   8.0093369e-02
   8.4773481e-02
   7.1857654e-02
   7.5716667e-02
   1.3538250e-01
   1.1995000e-01
   1.0095063e-01
   7.9111539e-02
   5.9826758e-02
   6.8135962e-02
   4.3099500e-02
   3.6041290e-02
   5.5351108e-02
   5.5390067e-02
   4.1991930e-02
   9.9822700e-02
   1.1779511e-01
   5.3478442e-02
   5.0505087e-02
   9.6669301e-02
   1.0343292e-01
   8.7829813e-02
   6.2288221e-02
   3.1340532e-02
   2.2757959e-02
   9.8134227e-02
   1.1137833e-01
   1.4391685e-01
   1.6673468e-01
   1.4303514e-01
   2.0666126e-02
   3.7455589e-02
   1.2321410e-01
   1.2965286e-01
   2.1575142e-01
   2.5022519e-01
   1.8136044e-01
   1.2020104e-01
   1.5934719e-01
   1.8460490e-01
   2.3447865e-01
   2.4644069e-01
   2.0738475e-01
   1.4001735e-01
   5.2355859e-02
   1.5405498e-01
   4.6226859e-01
   8.0705357e-01
   6.3867128e-01
   3.8880548e-01
   1.8496691e-01
  -4.6582515e-03
   1.4728671e-01
   8.6548674e-01
   1.5619335e+00
   1.5707914e+00
   1.0237454e+00
   4.8644710e-01
   2.0104952e-01
   9.1786832e-02
   1.1565629e-01
   2.2294289e-01
   3.1899470e-01
   4.0022072e-01
   4.5039582e-01
   3.6953288e-01
   2.6040998e-01
   2.3863579e-01
   1.8196972e-01
   1.6633649e-01
   1.3194883e-01
   1.1785456e-01
   6.8963237e-02
   1.3387240e-01
   1.0661820e-01
   1.0263570e-01
   7.2811469e-02
   6.2070224e-02
   5.9716277e-02
   2.9832598e-02
   4.0458374e-02
   1.1151870e-02
   2.7181689e-02
   2.7800456e-02
   8.1701487e-02
   3.2457639e-02
   3.5374776e-02
   2.0465760e-02
   1.3858282e-02
   5.7204729e-03
   2.4444857e-04
   2.0410357e-02
   4.2821117e-02
   5.9842817e-02
   4.7466200e-02
   1.0266449e-01
   1.0381125e-01
   9.5006868e-02
   8.8644527e-02
   8.9604899e-02
   8.3781965e-02
   1.2379950e-01
   1.7969403e-01
   1.4997673e-01
   1.3142654e-01
   7.6353259e-02
   8.6026423e-02
   4.6918854e-02
   7.0691273e-02
   1.6178390e-01
   1.1367626e-01
   1.2244833e-01
   7.6260515e-02
   1.2169389e-02
   3.0184723e-02
   6.4857654e-02
   1.4194527e-01
   1.6682114e-01
   1.1098959e-01
   2.9115658e-02
   1.0137780e-02
   4.0939163e-02
   1.5607199e-01
   1.1299324e-01
   1.5980566e-01
   5.7279143e-02
   9.0012280e-03
   3.8351867e-02
   1.0790870e-01
   2.5672451e-01
   3.4229898e-01
   1.9187431e-01
   3.8564470e-02
  -3.4947995e-02
   8.4569119e-02
   2.3399973e-01
   5.0793338e-01
   5.3135622e-01
   3.3862036e-01
   2.2754532e-01
   1.2239204e-01
   7.5131565e-02
   8.1789888e-02
   2.0840721e-01
   1.9446912e-01
   1.2528785e-01
   1.4694524e-01
   9.0718754e-02
   3.3979882e-02
   8.0816612e-02
   1.1178264e-01
   4.1462898e-02
   9.0239406e-02
   1.1340698e-01
   3.1094780e-02
   9.2822030e-02
   1.6962351e-01
   2.8973544e-01
   2.2404197e-01
   1.3015752e-01
   8.4581420e-02
   2.6994696e-02
   5.7391528e-02
   1.8912655e-01
   3.2338512e-01
   2.0653133e-01
   1.0052175e-01
   2.3573332e-02
  -7.5973808e-03
   3.7465315e-02
   4.7251424e-01
   1.1604348e+00
   1.3659137e+00
   9.6803224e-01
   3.9137322e-01
   1.0248011e-01
   1.8646264e-02
   2.2514075e-01
   4.9605912e-01
   4.7194403e-01
   3.9471814e-01
   3.0663455e-01
   1.6765772e-01
   2.2603513e-01
   3.1885955e-01
   4.0464067e-01
   3.8511664e-01
   2.9226333e-01
   1.8061048e-01
   1.1410260e-01
   1.4319453e-01
   7.1354873e-02
   4.9691290e-02
   4.6491664e-02
  -1.9482018e-03
   4.7611006e-02
   1.0526034e-01
   7.2381623e-02
   5.3721387e-02
   4.3689322e-02
   7.5547226e-02
   6.9179036e-02
   5.8037829e-02
   1.0074884e-01
   7.6534532e-02
   4.2187821e-02
   5.6496080e-02
   5.0862399e-03
   6.5100223e-02
   1.1760891e-01
   1.4331721e-01
   1.2531383e-01
   1.2673901e-01
   1.2941656e-01
   9.1006793e-02
   6.9084860e-02
   1.1470646e-01
   1.9387919e-01
   2.5515550e-01
   1.7021607e-01
   1.0150696e-01
   1.7030414e-02
   1.0299065e-02
   4.9921542e-02
   6.1907213e-02
  -9.4998500e-04
   6.7499056e-02
   5.8041852e-02
   5.6388244e-02
   6.8602420e-02
   3.3215046e-02
   2.6341802e-02
   2.0735253e-02
   8.6922556e-02
   1.1209314e-01
   1.4144793e-01
   9.4530463e-02
   3.0127265e-02
   6.3688748e-02
   5.8595136e-02
   4.0068060e-02
   4.6251766e-02
   6.8004347e-02
   8.8442139e-02
   8.6834133e-02
   3.8026180e-02
   8.5878506e-02
   6.7086294e-02
   4.3452457e-02
   3.1909734e-02
   8.9556046e-02
   1.8359752e-01
   4.2520499e-01
   5.2551877e-01
   3.7045538e-01
   1.6289541e-01
   8.6237295e-03
   3.2308634e-02
   8.2005925e-02
   1.8385449e-01
   2.3868454e-01
   1.9344333e-01
   7.6561660e-02
   6.0314771e-02
   5.9147779e-02
   1.1815145e-01
   1.5706800e-01
   1.6537163e-01
   8.8970609e-02
   7.8474894e-02
   9.6598491e-02
   6.2599532e-02
   4.7886141e-02
   9.1501780e-02
   3.8051657e-02
   3.3706747e-02
   5.5125598e-02
   1.3260972e-01
   1.1051372e-01
   1.0711057e-01
   7.7039056e-02
   9.7675115e-02
   1.0084081e-01
   2.0117192e-01
   3.3418393e-01
   3.5702834e-01
   2.8665140e-01
   1.5154113e-01
   4.0504783e-02
   1.6221227e-02
   1.7728059e-01
   3.6220863e-01
   4.0842533e-01
   4.3442437e-01
   3.4909791e-01
   1.9414371e-01
   1.6573052e-01
   4.3800184e-01
   6.9735420e-01
   6.6757089e-01
   5.2040857e-01
   2.3335753e-01
  -1.6542692e-02
   6.7105778e-02
   6.4705414e-01
   1.0557225e+00
   1.0020894e+00
   6.2493515e-01
   2.1533982e-01
   1.5076429e-03
   2.6501858e-01
   1.6606182e+00
   3.7640929e+00
   3.9886920e+00
   2.5216317e+00
   1.0514694e+00
   3.3445692e-01
   3.2958433e-01
   1.1560715e+00
   1.9708245e+00
   1.7888993e+00
   1.2551360e+00
   9.1430801e-01
   6.0764265e-01
   6.7433959e-01
   1.1315007e+00
   1.3971983e+00
   1.1599324e+00
   7.2949278e-01
   4.1156968e-01
   2.6573053e-01
   4.2591035e-01
   1.0420491e+00
   1.1483262e+00
   8.7988597e-01
   5.2454573e-01
   2.8711930e-01
   1.9355132e-01
   1.5820627e-01
   1.2293687e-01
   1.0652835e-01
   9.8036371e-02
   1.8743305e-01
   1.7755871e-01
   1.4668113e-01
   1.9467072e-01
   1.9151351e-01
   1.8324099e-01
   1.0372846e-01
   9.8266616e-02
   7.9947494e-02
   8.3783716e-02
   1.0589917e-01
   6.7638732e-02
   9.0170339e-02
   7.8262508e-02
   6.0207151e-02
   5.8321614e-04
   1.6832411e-02
   1.2228901e-01
   7.8876339e-02
  -1.3704536e-02
   2.1463512e-02
   2.2359968e-03
   6.3521415e-02
   1.4139898e-01
   2.0550664e-01
   2.4617012e-01
   8.1734158e-02
   2.7060356e-02
   1.0214978e-01
   6.3297212e-02
   2.5057319e-01
   4.1129383e-01
   3.2222921e-01
   1.5225470e-01
   1.5260231e-01
   1.3818751e-01
   1.8574303e-01
   2.2841011e-01
   2.7735335e-01
   9.7591363e-02
   6.4514436e-02
   1.8595049e-01
   3.8177812e-01
   3.9582187e-01
   3.7387514e-01
   1.4449692e-01
  -1.3280062e-02
   3.2749236e-02
   3.3459938e-01
   1.0988216e+00
   1.6023530e+00
   1.3318628e+00
   6.9244069e-01
   1.6541503e-01
  -2.2169731e-03
   2.0745601e-01
   4.7339064e-01
   6.0431993e-01
   5.5202997e-01
   3.9030874e-01
   2.0746802e-01
   1.9229949e-01
   2.7343008e-01
   4.0845793e-01
   4.2562699e-01
   3.1922942e-01
   1.7634779e-01
   1.1554682e-01
   7.0916727e-02
   2.5136667e-01
   3.8924965e-01
   3.9703014e-01
   3.2705811e-01
   1.6125908e-01
   1.0052530e-01
   8.0285810e-02
   4.4748545e-02
   8.1655808e-02
   7.5663343e-02
   5.8795974e-02
   5.2403949e-02
   7.4686825e-02
   1.2477087e-01
   1.5050945e-01
   5.5495478e-02
   3.0151166e-03
   4.8161644e-02
   1.3401458e-04
   2.7203767e-02
   5.2876785e-02
   4.6668816e-02
   4.3825783e-02
   5.2503932e-02
   7.6095410e-02
   7.5318173e-02
   5.6818753e-02
   3.6261941e-03
   3.6909305e-02
   3.2436263e-02
   5.7352029e-02
   1.0283677e-01
   1.1972855e-01
   1.0479486e-01
   1.4401357e-01
   1.2597042e-01
   5.3246651e-02
   3.1061681e-02
   7.3156528e-02
   4.5943234e-02
   2.9021095e-02
   1.1784368e-01
   3.1723702e-01
   4.2925972e-01
   2.3861748e-01
   1.8451154e-01
   1.5759227e-01
   1.0483566e-01
   3.1300277e-01
   1.2546239e+00
   2.1708579e+00
   1.8886268e+00
   1.0578686e+00
   4.2619050e-01
   2.2850008e-01
   2.5716799e-01
   6.3571459e-01
   7.9065841e-01
   8.0580032e-01
   9.1772079e-01
   1.0266806e+00
   6.6085535e-01
   2.8349051e-01
   5.7428919e-02
  -2.0135107e-02
   9.4394229e-02
   3.1929299e-01
   3.5572177e-01
   2.8477508e-01
   1.4228533e-01
   1.0283307e-01
   5.1207233e-02
   1.3954708e-01
   1.3690825e-01
   1.5785541e-01
   1.0200770e-01
   4.4524610e-02
   4.6360973e-02
   4.4299826e-02
   1.2792766e-01
   1.7172381e-01
   1.8022980e-01
   9.4438978e-02
   7.4139722e-02
   8.7842599e-02
   6.1010018e-02
   5.4353826e-02
   2.4649799e-02
   4.5163948e-02
   3.8356204e-02
   2.6560066e-02
   6.1855346e-02
   1.0050176e-01
   6.1372809e-02
   2.2695383e-02
   2.8586831e-02
   5.1015001e-02
   1.3525484e-02
   2.6725516e-02
   1.8990725e-02
   2.9319698e-02
   4.7151919e-02
   4.8016239e-02
   3.9913509e-02
   4.9062476e-02
   1.0133479e-01
   4.4769153e-02
   4.3863073e-02
   4.5375485e-02
   6.4322419e-02
   1.1029088e-01
   5.2036762e-02
  -2.5221929e-03
   3.3538814e-03
   7.1104035e-02
   9.1917917e-02
   1.1355549e-01
   8.3068013e-02
   4.8573937e-02
   6.8329431e-02
   8.8575751e-02
   8.0964819e-02
   8.2350507e-02
   1.4085852e-02
   3.3991065e-02
   3.5572771e-02
   9.2252150e-02
   3.0433354e-01
   5.1672584e-01
   4.3068555e-01
   1.8786992e-01
   6.3636422e-02
   5.2318331e-02
   1.2146813e-01
   1.6777977e-01
   2.0029508e-01
   2.5217700e-01
   3.0229214e-01
   2.4938548e-01
   1.7589457e-01
   1.2314931e-01
   4.2743884e-02
   8.9962790e-03
   2.3743883e-02
   1.0421259e-01
   1.2097254e-01
   8.3871722e-02
   6.3407712e-02
   4.9332909e-02
   9.1854520e-03
   4.3282676e-02
   5.4393005e-02
   6.3156545e-02
   6.2140245e-02
   5.6962561e-02
   5.3604461e-02
   8.9201823e-02
   7.1185134e-02
   2.8752895e-02
  -5.5693446e-05
   9.4387485e-03
   7.3253766e-02
   8.0157168e-02
   5.1003043e-02
   8.9176476e-02
   7.3136300e-02
   3.2951072e-02
   4.0484630e-02
   2.8261445e-03
   4.2915311e-02
   3.2052729e-02
   3.3383437e-02
   3.7858188e-02
   5.2866675e-03
   4.2719007e-02
   3.7068956e-02
   4.4145778e-02
   4.5446891e-02
   6.5202996e-02
   2.7366888e-02
   4.5859851e-02
   5.5828977e-02
   4.3016013e-02
   6.9018170e-02
   7.0368230e-02
   3.7832920e-02
   5.3868089e-02
   5.8611635e-02
   5.6956384e-02
   2.0528693e-02
   1.5766362e-02
   4.4728685e-02
   2.1009520e-02
   4.4654533e-02
   4.0490732e-02
   4.6731647e-02
   1.2566593e-02
   5.2371521e-02
   4.2464159e-02
   3.4482416e-02
   9.9940300e-03
   3.4200601e-02
   4.7279857e-02
   5.1634461e-02
   5.6998823e-02
   1.6757329e-01
   1.7624329e-01
   5.7250489e-02
   4.1517533e-02
   7.0270002e-02
   4.0761624e-02
   4.4038046e-02
   6.9585577e-02
   8.0449209e-02
   1.0364399e-01
   1.6032571e-01
   1.0315315e-01
   2.5161974e-02
   4.6106014e-02
   2.4039472e-02
   7.5723596e-02
   1.2388993e-01
   8.8870108e-02
   5.8600646e-02
   4.6480961e-02
   4.2715151e-02
   2.9323088e-02
   3.5916548e-02
   5.5856321e-02
   7.3035419e-02
   6.6907383e-03
   1.4059989e-02
   5.1944982e-02
   6.7306079e-02
   4.1693877e-02
   2.2009717e-02
   5.6842368e-02
   5.5018727e-02
   3.4288865e-02
   5.2754980e-02
   2.2089927e-02
   3.5908893e-02
   7.0838749e-02
   4.7175579e-02
   3.0763868e-02
  -4.3619424e-03
   2.5836179e-02
   4.6143822e-02
   5.1573627e-02
   5.8501307e-02
   4.8343625e-02
   4.0634207e-02
   5.4574072e-02
   6.2794879e-02
   5.2657221e-02
   3.9312575e-02
   4.3722782e-02
   5.3356290e-02
   7.7564672e-02
   7.5298920e-02
   2.1689910e-02
   3.5994381e-02
   7.7281274e-02
   7.6117039e-02
   4.2385574e-02
   2.8684273e-02
   3.4769412e-02
   2.1965602e-02
   5.7826407e-02
   5.9997186e-02
   2.1621225e-02
   2.3902887e-02
   2.8995894e-02
   1.0993573e-02
   1.2896587e-02
   4.6186972e-02
   3.6839291e-02
   6.5259896e-02
   2.3004167e-02
   3.8514543e-02
   2.4649279e-02
   3.6891955e-03
   4.5005191e-02
   5.1499892e-02
   4.5800801e-02
   4.5716006e-02
   6.8995818e-02
   5.7353511e-02
   2.7218727e-02
   1.1081359e-02
   3.3514272e-02
   3.6342639e-02
   7.9190418e-02
   5.4274291e-02
   4.5210082e-02
   4.2109400e-02
   3.6723185e-02
   5.3260863e-02
   4.9242787e-02
   5.7315145e-02
   6.7024760e-02
   5.6427784e-02
   3.1436220e-02
   4.4930756e-02
   4.5135178e-02
   3.9634656e-02
   6.1367385e-02
   3.1692062e-02
   3.7400149e-02
   2.1268057e-02
   3.3496227e-02
   1.9784044e-02
   5.3638589e-02
   4.0415075e-02
   9.6150292e-03
   6.9754771e-03
   4.3422099e-02
   5.9323568e-02
   2.9012887e-02
   7.9510891e-04
   3.9991010e-03
   3.5393838e-02
   3.5932608e-02
   2.5064008e-02
   2.2113165e-02
   3.7533935e-02
   4.5243807e-02
   1.9701350e-02
   3.3663321e-02
   4.9411781e-02
   4.4664405e-02
   2.9433366e-02
   4.2112406e-02
   5.4793697e-02
   2.9536169e-02
   4.7679920e-02
   2.1166625e-02
  -7.4687288e-03
   2.7292944e-02
   3.9443623e-02
   5.1757358e-02
   4.9007971e-02
   4.4760339e-02
   9.7458381e-03
   9.8156473e-03
   2.7854539e-02
   2.3067862e-02
   2.6540177e-02
   3.0881239e-02
   3.7294444e-02
   3.4697488e-02
   5.7160597e-02
   4.9443793e-02
   4.0359337e-02
   2.7273072e-02
   3.2456212e-02
   2.8502462e-02
   3.9960768e-02
   3.2537024e-02
   3.7469011e-02
   2.7633959e-02
   1.7127033e-02
   2.6176583e-02
   1.8286470e-02
   3.1380299e-02
   7.0124837e-03
   3.3133503e-02
   6.1093267e-02
   5.8105726e-02
   2.9491428e-02
   2.4153924e-02
   3.4431063e-02
   5.2795790e-02
   6.6828944e-02
   1.0770559e-01
   1.0594689e-01
   8.7277181e-02
   7.5821415e-02
   3.1064978e-02
   4.9863815e-02
   6.9893964e-02
   4.9446851e-02
   6.5014653e-02
   2.1666676e-02
   2.6702709e-02
   4.3565184e-02
   6.9944337e-02
   5.8801446e-02
   2.9763842e-02
   2.7336806e-02
   3.9592799e-02
   6.6959590e-02
   6.2336672e-02
   4.4721566e-02
   1.5418257e-02
  -7.2543425e-03
   2.5179267e-02
   9.4891898e-02
   1.3487758e-01
   1.1427730e-01
   6.7756869e-02
   2.4486048e-02
   5.6022261e-03
   2.3830293e-05
   4.4930689e-02
   5.1791172e-02
   5.0455041e-02
   7.4878693e-02
   8.6329356e-02
   8.3207220e-02
   6.6472717e-02
   4.9787764e-02
   6.8054944e-02
   5.3981137e-02
   1.9030739e-02
   3.7781242e-02
   3.4475811e-02
   6.1908983e-02
   1.1357111e-01
   7.9574339e-02
   3.9242901e-02
   2.7704302e-02
   4.9241219e-02
   4.3084808e-02
   1.2019462e-01
   2.0400660e-01
   2.3044103e-01
   1.8464845e-01
   1.1881959e-01
   1.3749319e-01
   2.2223502e-01
   1.6419140e-01
   1.4778824e-01
   9.6793719e-02
   1.1395593e-01
   2.8458542e-01
   5.7095802e-01
   5.3722739e-01
   3.0315202e-01
   1.0722231e-01
  -1.3281144e-02
   1.6568223e-01
   1.3399149e+00
   3.1490893e+00
   3.2794170e+00
   1.9956293e+00
   8.8641793e-01
   3.0999413e-01
   2.6408383e-01
   8.1001371e-01
   1.1369245e+00
   1.1020467e+00
   9.2779273e-01
   6.6669470e-01
   3.6001968e-01
   1.4773929e-01
   9.9079058e-02
   7.4731760e-02
   1.6615416e-01
   2.4528950e-01
   2.3584834e-01
   3.0340850e-01
   1.8266839e-01
   1.2223360e-01
   3.7281051e-02
   7.3278293e-02
   9.7402282e-02
   9.9442296e-02
   1.2601845e-01
   1.2570100e-01
   1.2670374e-01
   8.2995787e-02
   7.5164601e-02
   1.1232775e-01
   6.1611924e-02
   3.3081084e-02
   2.2585141e-03
   1.8398451e-02
   5.2727889e-02
   8.6633638e-02
   1.8209219e-02
   2.6525479e-02
   6.0227111e-02
   4.5877889e-02
   7.3175818e-02
   5.5470578e-02
   4.4591572e-02
   4.3250337e-02
   3.7802473e-02
   1.4276401e-02
   2.2474412e-02
   4.9174290e-02
   6.0553603e-02
   7.3370054e-02
   7.0957959e-02
   4.4243399e-02
   5.9784565e-02
   3.6086340e-02
   2.7941477e-02
   8.9495055e-02
   1.1461917e-01
   9.0198502e-02
   5.8725491e-02
   8.4685139e-02
   3.8129695e-02
   8.4695235e-02
   6.3910745e-02
   5.0430845e-02
   2.1065224e-02
   9.8761618e-02
   2.2119588e-01
   2.1581613e-01
   9.8440222e-02
   4.3042231e-02
   2.6424084e-02
   4.8995744e-02
   3.1843889e-01
   7.0749396e-01
   8.2735622e-01
   5.5232793e-01
   2.2169647e-01
   9.1814831e-02
   7.0706628e-02
   1.8593018e-01
   2.7134469e-01
   2.4191366e-01
   2.2173578e-01
   2.0095240e-01
   4.7221072e-02
   4.1783240e-02
   4.0284928e-02
   3.2812670e-02
   3.8105518e-02
   9.2810996e-02
   8.3743565e-02
   7.8452565e-02
   5.7554871e-02
   3.2298870e-02
   3.1425457e-02
   5.3873345e-02
   5.4998811e-02
   5.0389588e-02
   3.3274908e-02
   5.9725784e-02
   5.5872373e-02
   3.8201066e-03
   5.0953317e-02
   4.1290615e-02
   1.5234256e-02
   5.7143070e-02
   3.5534136e-02
   2.4201946e-02
   5.7702266e-02
   5.5499300e-02
   2.9709982e-02
   3.2458272e-02
   4.0718455e-02
   5.0611671e-02
   1.7502887e-02
   1.3386426e-02
   3.6026191e-02
   5.7085115e-02
   6.0872812e-02
   5.5421412e-02
   3.1713076e-02
   6.2495988e-02
   6.1282545e-02
   3.2742906e-02
   3.8565334e-02
   4.2643588e-02
   7.5635172e-02
   4.6592183e-02
   2.0361979e-02
   1.9717906e-02
   4.2582709e-02
   3.5179727e-02
   8.0307396e-03
   1.1814889e-02
   3.1836174e-02
   2.5754847e-02
   2.9994523e-02
   2.9761806e-02
   5.6274813e-02
   5.1847827e-02
   6.6151068e-02
   6.6539571e-02
   5.5396114e-02
   3.4785848e-02
   1.8200895e-02
   3.8305581e-02
   1.7469680e-01
   2.7839813e-01
   2.3670444e-01
   1.3802250e-01
   4.9355406e-02
   2.8331311e-02
   5.4552570e-02
   6.8271399e-02
   7.1198069e-02
   7.3593855e-02
   9.9604301e-02
   9.2906080e-02
   6.6179059e-02
   2.9050482e-02
   3.4299996e-02
   6.9104888e-02
   3.5958540e-02
   3.9269265e-02
   4.5190770e-02
   4.7515802e-02
   2.9830057e-02
   1.8329727e-02
   3.7113909e-02
   2.6363980e-02
   1.9875547e-02
   5.1919296e-02
   2.5236942e-02
   3.6316346e-02
   4.7108933e-02
   2.2284273e-02
   1.2576967e-02
   2.0722242e-02
   4.3078143e-02
   3.2741118e-02
   2.5082886e-02
   2.3753041e-02
   2.8385842e-02
   3.1377587e-02
   1.0896344e-02
   1.6197730e-02
   2.2643842e-02
   2.6934521e-02
   4.0455114e-02
   2.8961804e-02
   1.2570773e-02
   4.0695682e-02
   1.2155512e-02
   1.1598955e-02
   8.0644470e-03
   3.2596450e-02
   4.1343611e-02
   5.0500240e-02
   5.3366117e-02
   3.5504460e-02
   5.4411568e-02
   4.8572008e-02
   5.9745241e-02
   7.0619181e-02
   4.6399493e-02
   3.5599351e-02
   1.8572796e-02
   3.3972196e-02
   7.2606288e-02
   2.3571011e-02
   4.4218179e-02
   2.7632305e-02
   4.6237975e-02
   2.2540832e-02
   1.0241373e-02
   5.3428721e-02
   5.4864664e-02
   4.0655337e-02
   5.7389531e-02
   1.0160852e-01
   1.0094290e-01
   4.2727813e-02
   1.3269917e-02
   5.3817835e-02
   2.5861247e-02
   5.0309829e-02
   5.8718782e-02
   6.0542613e-02
   7.0427053e-02
   6.6615470e-02
   4.2916078e-02
   5.9129823e-02
   2.7661594e-02
   5.9738740e-02
   3.7245795e-02
   4.1271873e-02
   4.3395340e-02
   5.1227994e-02
   3.5614606e-02
   2.9521089e-02
   3.3689380e-02
   2.9074984e-02
   4.3345436e-02
   5.3312771e-02
   3.6472432e-02
   3.3102166e-02
   3.6214173e-02
   2.6429074e-02
   8.4002985e-04
   5.4882582e-02
   3.2622095e-02
   6.0609818e-02
   3.4901295e-02
   3.6167506e-02
   2.7576888e-02
   6.0357153e-02
   6.6296950e-02
   6.8851702e-02
   5.5731162e-02
   3.6801495e-02
   4.2659361e-02
   4.0204495e-02
   3.8444057e-02
   4.9923249e-02
   1.7165730e-02
   3.9804280e-02
   4.9935713e-02
   3.3220395e-02
   2.4248386e-02
   4.2673200e-02
   2.9271448e-02
   3.5742361e-02
   1.8067332e-02
   3.7196990e-02
   3.2985810e-02
   6.3008383e-02
   5.0670814e-02
   1.5711740e-02
   2.7995696e-02
   3.7115108e-02
   1.5079601e-02
   5.8850747e-02
   3.4157217e-02
   4.5573212e-02
   3.1693697e-02
