   5.7484295e-02
   1.6112281e-02
   2.0588934e-02
   1.6470063e-02
   2.5304912e-02
  -9.9201091e-03
   2.4269648e-02
   5.0574869e-02
   4.4289969e-02
   3.8335204e-02
   4.2983640e-02
   4.1794598e-02
   1.0318171e-02
   2.0948686e-02
   4.9243245e-02
   4.5632940e-02
   5.5302285e-02
   6.8361327e-02
   8.0298200e-02
   8.1016317e-02
   5.0607584e-02
   3.1363841e-02
   1.7600451e-02
   3.3083413e-02
   3.3375282e-02
   2.8511509e-02
   6.8878233e-02
   4.5339454e-02
   4.7145616e-02
   7.0291445e-02
   7.8307107e-02
   7.1051456e-02
   7.1904808e-02
   5.3118326e-02
   6.5214135e-02
   6.8696856e-02
   5.8275968e-02
   4.5401018e-02
   3.4633581e-02
   4.9628448e-02
   4.2106710e-02
   3.2762453e-02
   2.5417946e-02
   2.9624853e-02
   3.4285340e-02
   6.6589944e-02
   5.1290981e-02
   4.7538254e-02
   1.8758474e-02
   4.5909904e-02
   4.5894552e-02
   6.1357033e-02
   5.0380789e-02
   2.6397245e-02
   3.3401690e-02
   5.5149909e-02
   5.9716325e-02
   4.3399163e-02
   4.2769916e-02
   2.4618635e-02
   1.5785120e-02
   6.1173541e-03
   4.5478176e-02
   5.8116209e-02
   3.6480460e-02
   2.0063467e-02
   4.0410094e-02
   5.4744139e-02
   3.6825635e-02
   3.5155531e-02
   6.0011409e-02
   3.9766621e-02
   2.5670249e-02
   3.0701803e-02
   1.7773006e-02
   3.7665278e-02
   6.1602179e-02
   3.2532908e-02
   4.9699038e-02
   3.6697384e-02
   4.3535262e-02
   4.0150929e-02
   3.8932759e-02
   5.4860339e-02
   4.9788233e-02
   3.1432938e-02
   7.5875476e-02
   5.0428577e-02
   1.5725538e-02
   3.6939234e-02
   1.6323015e-02
   1.2981038e-02
   2.2538457e-02
   1.9836744e-02
   4.5582429e-02
   4.7658961e-02
   6.1331831e-02
   4.8335768e-02
   3.3635229e-02
   4.8791058e-02
   3.6535777e-02
   5.3857259e-02
   5.4687683e-02
   4.2102516e-02
   6.2915392e-02
   5.9537817e-02
   3.9183617e-02
   5.8053922e-02
   6.6952616e-02
   3.2636244e-02
   1.9218497e-02
   2.3070566e-02
   5.8810271e-02
   1.9435386e-01
   3.0864191e-01
   2.3396656e-01
   1.3132201e-01
   7.1051404e-02
   7.7344798e-02
   6.9312796e-02
   6.8770595e-02
   6.7683399e-02
   4.1086875e-02
   2.3678519e-02
   1.0948303e-02
   2.7418347e-02
   3.8822994e-02
   4.2462144e-02
   2.7409239e-02
   7.4893199e-02
   9.2103355e-02
   8.4538445e-02
   5.8390774e-02
   2.2498159e-02
   3.4324590e-02
   3.1913321e-02
   2.9775532e-02
   4.3995507e-02
   3.6707733e-02
   4.2704180e-02
   5.0558642e-02
   1.1218000e-02
  -1.0899847e-02
   2.6407124e-02
   2.3122663e-02
   3.9196279e-02
   2.9311508e-02
   4.6758000e-02
   5.6513105e-02
   3.9247148e-02
   6.8395026e-02
   4.3837350e-02
   5.2946112e-03
   3.6259338e-02
   4.1297924e-02
   1.0989798e-01
   1.2440534e-01
   6.0597062e-02
   4.5355562e-02
   3.7782915e-02
   4.3610141e-02
   5.0729036e-02
   5.3528372e-02
   6.5951139e-02
   3.8385212e-02
   4.2155504e-02
   5.9960961e-02
   4.5144692e-02
   2.2087870e-02
   4.8741858e-02
   6.3806117e-02
   8.1503831e-02
   1.2099841e-01
   1.0550306e-01
   4.7544353e-02
   5.0295725e-02
   4.5244753e-02
   6.5736443e-02
   7.6915786e-02
   6.1730497e-02
   6.5882929e-02
   4.5754462e-02
   5.6997519e-02
   3.0659962e-02
   3.2607839e-02
   2.2478582e-02
   1.6074385e-02
   3.3946909e-02
   6.0212780e-02
   7.0659071e-02
   4.2342488e-02
   2.6981782e-02
   3.8236149e-02
   5.0822072e-02
   1.7040284e-02
   5.6520756e-02
   3.4571152e-02
   2.8859550e-02
   1.0887336e-02
   5.9296153e-02
   5.5503309e-02
   3.8242429e-02
   3.6138598e-02
   5.4360759e-02
   4.0074993e-02
   3.0529333e-02
   6.4772922e-03
   3.2566149e-02
   6.2433220e-02
   5.5240862e-02
   4.2265672e-02
   5.8188181e-02
   4.7493175e-02
   3.9958633e-02
   7.4173850e-03
   2.1579195e-02
   1.6792374e-02
   3.0711679e-02
   6.8552539e-02
   4.8643894e-02
   4.7591262e-02
   4.0424082e-02
   2.6552700e-02
   8.1462264e-02
   2.7670008e-01
   3.3008432e-01
   1.8728130e-01
   8.3542705e-02
   4.4571359e-02
   8.8345319e-02
   1.1275231e-01
   1.2621003e-01
   8.7069131e-02
   8.0916293e-02
   4.4628259e-02
   8.5616589e-02
   8.6467683e-02
   6.9942504e-02
   1.0449284e-01
   1.0222827e-01
   8.8976488e-02
   2.5474164e-01
   2.1823646e-01
   6.3088633e-02
   3.5337180e-02
   7.1035303e-02
   1.1656592e-01
   1.4351392e-01
   1.0570392e-01
   7.0287004e-02
   7.4322738e-02
   6.6087104e-02
   2.0549456e-02
   4.1741095e-02
   3.2573726e-02
   2.0287903e-02
   1.5566154e-02
   2.5704101e-02
   1.7944893e-02
   2.0488732e-02
   5.0718509e-02
   5.0452482e-02
   8.0452234e-02
   5.4829232e-02
   3.9093394e-02
   4.1095633e-02
   3.6475655e-02
   3.4547690e-02
   3.5985298e-02
   9.3700904e-03
   4.0179081e-02
   2.1644549e-02
   2.7937109e-02
   1.0242268e-02
   4.4446070e-02
   4.6386845e-02
   2.1451980e-02
   3.7671778e-02
   4.1029200e-02
   2.2310073e-02
   2.3828316e-02
   1.3230972e-02
   2.0343373e-02
   1.0117843e-02
   3.6516383e-02
   5.2010357e-02
   3.8958166e-02
   4.3993875e-02
   3.6113495e-03
   5.1663071e-02
   9.1935374e-02
   5.8728434e-02
   5.8009345e-02
   4.3219093e-02
   4.3241601e-02
   1.2510839e-01
   8.4909238e-02
   8.0470003e-02
   4.6943478e-02
   3.2129385e-02
   2.1872433e-01
   3.4779599e-01
   2.0896152e-01
   7.3710561e-02
   4.2403709e-02
   8.5537426e-02
   1.0006893e-01
   1.0890080e-01
   1.1695476e-01
   9.3458541e-02
   6.9880895e-02
   1.3185620e-01
   1.6173825e-01
   1.0000169e-01
   7.2191641e-02
   3.2072533e-02
   4.0658101e-02
   2.5818666e-02
   4.2456273e-02
   4.6818294e-02
   2.5635991e-02
   2.7385427e-02
   3.8540129e-02
   4.8407976e-02
   6.1320845e-02
   8.7832741e-02
   6.5046310e-02
   7.1259022e-02
   4.4270575e-02
   3.8626119e-02
   1.7884262e-02
   2.3351625e-02
  -1.7291122e-05
   3.9431583e-02
   7.5910807e-02
   8.2640737e-02
   5.0226372e-02
   2.8816229e-02
   4.5799356e-02
   4.6399601e-02
   4.7234926e-02
   4.4060662e-02
   3.7950929e-02
   5.4155570e-02
   3.2741919e-02
   2.7710050e-02
   1.9728756e-02
   3.6739994e-02
   3.2591373e-02
   2.8419526e-02
   3.4734916e-02
   1.4282934e-02
   1.8739022e-02
   4.1864105e-02
   6.3870274e-02
   6.7165501e-02
   6.2122259e-02
   1.7031524e-02
   2.1142516e-02
   4.9872402e-02
   6.4227827e-02
   3.4281749e-02
   5.4935213e-02
   3.6306858e-02
   5.0103199e-02
   7.2534934e-02
   6.6200130e-02
   4.1809022e-02
   5.2144833e-02
   5.3362735e-02
   6.0732696e-02
   4.3305915e-02
   4.1536212e-02
   7.3799349e-02
   8.4382579e-02
   8.4676489e-02
   6.2181290e-02
   4.9914692e-02
   8.8702075e-02
   6.0654886e-02
   2.0188486e-02
   2.7180301e-02
   2.5329167e-02
   4.2693622e-02
   1.6672684e-02
   2.5840603e-02
   5.3240445e-02
   3.7565172e-02
   3.8743146e-02
   1.2329576e-02
   3.5133991e-02
   4.6614915e-02
   6.4966418e-02
   6.6966042e-02
   3.6100034e-02
   2.4187021e-02
   1.0989850e-02
   3.9141020e-03
   2.6484011e-02
   3.7847679e-02
   1.6786112e-02
   5.8350593e-02
   8.1232533e-02
   5.1349986e-02
   3.3204552e-02
   5.2872706e-02
   6.5476440e-02
   6.5368459e-02
   3.9025940e-02
   4.8928227e-02
   7.6668054e-02
   6.4018026e-02
   7.8437626e-02
   8.5834853e-02
   9.1322467e-02
   1.1505699e-01
   1.0770094e-01
   6.4912386e-02
   7.5260587e-02
   4.3431170e-02
   3.9778282e-03
   5.1060945e-02
   8.0637150e-02
   6.5110534e-02
   4.9204592e-02
   4.0241614e-02
   4.8850156e-02
   3.6563609e-02
   6.4847410e-02
   7.0801862e-02
   4.5989126e-02
   6.5255411e-02
   6.6573955e-02
   5.2946720e-02
   2.5096176e-02
   3.5846788e-02
   2.2507437e-02
   3.0369179e-02
   5.9810611e-03
   7.4071966e-02
   7.5698450e-02
   5.6293201e-02
   5.7959195e-02
   3.5760444e-02
   9.3661912e-02
   1.0693658e-01
   6.9854721e-02
   3.7655242e-02
   2.8239515e-02
   7.9752188e-03
   3.9665908e-02
   5.9439316e-02
   4.5065314e-02
   4.1871253e-02
   3.3663370e-02
   2.1747932e-02
   2.6266500e-02
   2.9154943e-02
   4.3670487e-02
   4.3797262e-02
   3.3018783e-02
   3.0021001e-02
   1.8291464e-02
   8.6584259e-03
   2.4556197e-02
   4.4041794e-02
   6.2388107e-02
   3.6718264e-02
   4.5176979e-02
   3.7608746e-02
   2.9818293e-02
   5.2834574e-02
   8.3017111e-02
   6.9009341e-02
   3.9866913e-02
   4.1878134e-02
   1.6758446e-02
   5.1239118e-02
   4.8435528e-02
   4.2673059e-02
   3.2750718e-02
   5.6633443e-02
   8.0788583e-02
   4.6697669e-02
   4.7959905e-02
   8.8063322e-02
   7.2629921e-02
   7.7153251e-02
   7.8188442e-02
   5.0879780e-02
   8.1574641e-02
   7.8751914e-02
   2.0044725e-02
   8.2319221e-03
   3.9850332e-02
   4.7787491e-02
   6.3614108e-02
   8.4615342e-02
   4.4687323e-02
  -2.6857754e-04
   2.8018506e-02
   4.2489756e-02
   9.4673842e-02
   1.0412929e-01
   5.8877490e-02
   5.1097438e-02
   7.2226614e-02
   6.7139663e-02
   3.8699932e-02
   1.6168648e-02
   3.0305240e-02
   6.6975698e-02
   4.2070784e-02
   3.7420731e-02
   3.6988460e-02
   3.9710928e-02
   7.7145763e-02
   5.0668377e-02
   7.7077307e-02
   4.4068519e-02
   2.1261832e-02
   4.6777122e-02
   1.2160039e-02
   3.7524350e-02
   4.5191102e-02
   6.2561564e-02
   8.7706856e-02
   6.8440489e-02
   3.1622499e-02
   1.4972337e-02
   3.2406438e-02
   6.9295205e-02
   6.9915816e-02
   6.7323208e-02
   7.5339191e-02
   8.3356619e-02
   4.4554580e-02
   7.1779795e-02
   1.3530149e-01
   9.6117221e-02
   7.3680244e-02
   8.5836224e-02
   5.5110671e-02
   3.6028292e-02
   3.6174510e-02
   4.1320033e-02
   2.7886318e-02
   3.9594091e-02
   6.7614093e-03
   3.8265262e-02
   5.2527435e-02
   4.6013329e-02
   7.6887459e-02
   6.9461145e-02
   1.7255990e-02
   5.4146841e-02
   5.0298654e-02
   7.4587896e-02
   1.1281788e-01
   9.1669038e-02
   7.8646027e-02
   1.0955000e-01
   6.3737728e-02
   4.6663024e-02
   4.8104547e-02
   5.0886244e-02
   1.8731428e-02
   5.2304581e-02
   8.5239254e-02
   1.2786411e-01
   7.4858382e-02
   4.8890952e-02
   3.1281989e-02
   2.4710905e-02
   2.3830980e-02
   6.8359129e-02
   6.9654092e-02
   7.7221379e-02
   3.4918223e-02
   2.4308257e-02
  -2.2065824e-02
  -2.0215087e-02
   2.3025090e-02
   6.5140299e-02
   3.1353757e-02
  -2.7916066e-02
   4.1340910e-02
   4.7430769e-02
   1.9560562e-01
   1.8846048e-01
   1.0665635e-01
   9.1805883e-02
   9.1837786e-02
   1.0806486e-01
   6.7008480e-02
   1.6133282e-01
   5.2143681e-01
   6.6866940e-01
   3.6150283e-01
   1.2636717e-01
   1.5051959e-01
   1.2271417e+00
   4.0143375e+00
   3.7833245e+00
   1.5585852e+00
   4.0735039e-01
   3.2323194e-01
   4.9055856e-01
   6.0134882e-01
   9.9090439e-01
   9.7915280e-01
   4.8193073e-01
   1.4114536e-01
   5.2090909e-02
   1.6265967e-01
   2.5790995e-01
   4.1681385e-01
   4.4547346e-01
   2.7483431e-01
   1.0776059e-01
   7.8259684e-02
   1.0154713e-01
   1.1878229e-01
   1.7552209e-01
   2.1293406e-01
   1.9540262e-01
   7.6152109e-02
   9.8270476e-03
   1.7859295e-02
   7.7972241e-02
   6.7925267e-02
   8.7474808e-02
   4.9562551e-02
   3.5129987e-02
   1.1127215e-01
   6.0704224e-02
   2.4300091e-02
   3.7645210e-02
   3.4155909e-02
   3.4228839e-02
   1.8083729e-02
   2.7972092e-03
   4.8093960e-02
   7.2286054e-02
   5.4040700e-02
  -1.5922029e-02
   3.7457362e-02
   8.9431152e-02
   1.5202080e-01
   2.0431416e-01
   1.0792293e-01
   8.8749453e-02
   3.2892767e-01
   4.6053264e-01
   2.5151551e-01
   8.0126561e-02
   1.1634894e-01
   1.4923744e-01
   1.3861854e-01
   1.0620118e-01
   8.8247746e-02
   2.3817995e-01
   8.5079569e-01
   9.5045030e-01
   4.2139730e-01
   1.2927093e-01
   7.9808518e-02
   1.4138009e-02
   5.5067431e-02
   1.5950014e-01
   2.4738000e-01
   1.0013534e-01
   1.6351556e-02
  -1.0729276e-02
  -1.3025240e-02
   4.0514063e-02
   1.0357582e-01
   9.5852457e-02
   3.2457862e-02
   1.0742830e-02
   3.8920943e-02
   3.7189085e-02
   4.4077694e-02
   2.4130208e-02
   6.3685983e-02
   7.7988945e-02
   2.0665402e-02
   2.2395793e-02
   5.1659126e-02
   5.7649657e-02
   4.8015431e-02
   4.9079750e-02
   4.5614861e-02
   1.7173208e-02
   1.8387731e-02
   2.1830380e-02
   5.7914667e-02
   1.7720072e-02
   3.3760536e-02
   2.3831207e-02
   3.9551638e-02
   5.7952147e-02
   1.1589734e-01
   1.2820990e-01
   8.7313183e-02
   5.5465262e-02
   9.3525723e-02
   1.3451618e-01
   1.3538752e-01
   5.1174030e-02
   8.4345609e-02
   1.2183215e-01
   2.0562910e-01
   1.1889653e-01
   7.5147890e-02
   1.6522194e-01
   5.1538295e-01
   6.3539189e-01
   3.1525376e-01
   8.6805053e-02
   2.4598952e-01
   9.3620026e-01
   1.3610071e+00
   8.2580781e-01
   3.3178142e-01
   1.1105070e-01
   2.6860633e-01
   4.0898657e-01
   4.4495612e-01
   3.5596791e-01
   2.0506506e-01
   1.1786220e-01
   3.3027656e-02
   2.9657185e-02
   4.7629002e-02
   1.0030311e-01
   1.6799985e-01
   1.5517671e-01
   6.0774177e-02
   6.9244809e-02
   6.7615613e-02
   4.5971107e-02
   4.8712209e-02
   6.6322044e-02
   1.9246070e-02
   1.0852200e-02
  -1.8797079e-02
   4.7092386e-02
   4.4460468e-02
   3.3888102e-02
   4.8818257e-02
   6.4868204e-02
   7.6647706e-02
   4.3693870e-02
   4.6049811e-02
   6.0201578e-02
   2.5184510e-02
   3.7029680e-02
   2.8922416e-02
   5.5917300e-02
   8.1447005e-02
   8.9871503e-02
   7.4327335e-02
   4.9890004e-02
   6.2996112e-02
   5.1267445e-02
   8.8833675e-02
   1.1233227e-01
   7.5502649e-02
   4.9114984e-02
   9.7964898e-02
   1.1544755e-01
   8.0903530e-02
   4.5203861e-02
   7.2366036e-02
   1.8233432e-01
   2.1559162e-01
   1.1526050e-01
   6.1162677e-02
   1.3267799e-01
   3.4890395e-01
   3.6406565e-01
   2.2571127e-01
   1.5322757e-01
   9.6509114e-02
   4.9552377e-02
   5.4539435e-02
   9.5898740e-02
   7.1001105e-02
   4.5099031e-02
   5.5208370e-02
   5.2111503e-02
   6.5416314e-02
   7.6348849e-02
   6.4821109e-02
   4.2861760e-02
   4.1415550e-02
   1.4813766e-02
   6.4894999e-03
   4.1854836e-02
   5.9355233e-02
   1.4347850e-01
   1.5884399e-01
   1.0560412e-01
   3.2167032e-02
   1.5818618e-02
   2.8185172e-02
   3.6586277e-02
   3.0282422e-03
   3.4221832e-02
   3.6989033e-02
   5.2267939e-02
   3.2400809e-02
   4.9164239e-02
   7.0945859e-02
   4.2336565e-02
   6.9324873e-02
   6.9638632e-02
   2.3963040e-02
   5.0164256e-02
   5.6724925e-02
   2.9091556e-02
   2.4854487e-02
   1.4721052e-02
   5.6881417e-02
   7.2043054e-02
   8.5263059e-02
   7.1522482e-02
   9.0279475e-02
   6.5007046e-02
   4.7608376e-02
   1.7600356e-02
   5.7435352e-02
   1.2286354e-01
   1.4046900e-01
   8.9483634e-02
   2.8545327e-02
   4.0260334e-02
   8.0494761e-02
   1.4832927e-01
   1.1041327e-01
   5.5771895e-02
   4.0962290e-02
   1.4702366e-01
   2.1616027e-01
   1.7058136e-01
   6.4267211e-02
   3.9041623e-02
   4.9933583e-02
   2.8779421e-02
   4.1844085e-02
   4.2474836e-02
   6.7952007e-02
   1.2849578e-01
   1.2158392e-01
   5.6687608e-02
   1.4598053e-02
   5.5226434e-02
   1.0367511e-01
   9.6971832e-02
   5.1680386e-02
   3.8933322e-02
   1.3832097e-01
   3.9686111e-01
   4.5430303e-01
   2.0197198e-01
   6.5234616e-02
   9.4109356e-02
   1.8485489e-01
   2.1152999e-01
   1.6820695e-01
   1.1498114e-01
   5.3774655e-02
   1.2551557e-01
   9.8156497e-02
   7.8217395e-02
   4.6384975e-02
   5.1247124e-02
   1.6178556e-02
   4.8670761e-02
   5.6216955e-02
   6.2186815e-02
   4.9390361e-02
   2.7627079e-02
  -9.8482019e-04
   2.2731949e-02
   5.6071028e-02
   2.6466474e-02
   5.3490575e-02
   2.7298035e-02
   8.5015185e-02
   9.2801943e-02
   1.0103676e-01
   7.7175915e-02
   3.1979382e-02
   5.1937453e-02
   4.0904678e-02
   7.0374884e-02
   4.4615123e-02
   6.0458511e-02
   3.0144256e-02
   1.0739014e-02
   1.6177371e-02
   1.0277855e-02
   2.9212663e-02
   4.6600476e-02
   1.4436714e-02
   5.5751629e-02
   5.4417819e-02
   3.2343134e-02
   6.1375387e-02
   7.2273709e-02
   5.0403632e-02
   3.0315675e-02
   5.5731140e-02
   7.3320031e-02
   1.3418992e-01
   8.1103735e-02
   6.4019062e-02
   9.8408960e-02
   1.8125448e-01
   1.7485146e-01
   1.0638288e-01
   3.9216306e-02
   4.3971799e-02
   7.1673065e-02
   6.6205449e-02
   6.5804951e-02
   4.3478820e-02
   5.6886535e-02
   9.7590022e-02
   6.6725351e-02
   8.1232093e-02
   6.3792668e-02
   9.3676209e-02
   4.8887171e-02
  -2.5648082e-04
   7.9595251e-03
   8.1320055e-02
   1.0864761e-01
   7.5420998e-02
   5.3839289e-02
   6.7975760e-02
   1.5601388e-01
   1.9415726e-01
   1.0020129e-01
   6.7169882e-02
   1.3554786e-01
   2.1321650e-01
   2.0950809e-01
   1.2756172e-01
   9.3182400e-02
   2.0866998e-01
   2.7659494e-01
   2.2280931e-01
   1.2188631e-01
   7.1807921e-02
   3.5384160e-01
   4.7411931e-01
   2.4396470e-01
   1.0347693e-01
   4.6354167e-02
   6.0017276e-01
   1.2997288e+00
   9.1357589e-01
   3.3082378e-01
   1.9589975e-01
   1.0011530e+00
   1.6288247e+00
   1.2709734e+00
   5.7698041e-01
   2.3151526e-01
   3.0624121e-01
   3.2339224e-01
   1.9211482e-01
   7.5031765e-02
   1.2524799e-01
   2.5262716e-01
   1.9688357e-01
   5.2596979e-02
   7.2334960e-02
   1.5032865e-01
   1.3987096e-01
   1.0525583e-01
   7.7570714e-02
   2.7405307e-02
  -1.2749193e-02
   7.7769482e-03
   1.0317620e-02
  -2.7896006e-02
   1.4852013e-02
   3.1272096e-03
  -1.6106542e-02
   3.6546152e-02
   4.8993994e-02
   4.0700369e-02
   2.7908908e-02
   3.5714712e-02
   1.0244841e-02
   2.7402196e-02
   6.1556369e-02
   9.1021374e-02
   9.1488801e-02
   5.2596450e-02
   5.6167252e-02
   8.8659585e-02
   1.2780389e-01
   6.5193973e-02
   9.1888912e-02
   8.4263921e-02
   8.2007878e-02
   2.6134748e-02
   3.8563456e-02
   1.0477149e-01
   1.6358997e-01
   7.3798425e-02
   7.9252198e-03
   7.2433255e-03
   1.4155240e-01
   3.8172555e-01
   3.8024342e-01
   1.6278115e-01
   7.1488634e-02
   1.1377341e-01
   1.3375674e-01
   1.2231414e-01
   8.3602220e-02
   4.8499893e-02
   1.5974632e-01
   1.5552814e-01
   1.0272603e-01
   4.8151709e-02
   9.7151645e-02
   1.1161986e-01
   8.0229029e-02
   3.6907520e-02
  -1.1738166e-03
  -2.0709776e-03
   4.8993719e-03
   3.3535976e-02
   6.4383380e-02
   8.1234694e-02
   1.7828937e-01
   1.1619156e-01
   1.7175656e-02
   1.1877614e-02
   2.7343899e-02
   5.5504531e-02
   3.4543656e-02
   5.9189413e-02
   1.3265723e-01
   2.1821789e-01
   1.6777834e-01
   1.2719058e-01
   7.0783995e-02
   4.2872611e-02
   5.7155792e-02
   4.7694754e-02
   3.8162176e-02
  -1.3050760e-05
   1.6903365e-02
   4.4275280e-02
   6.0748622e-02
   8.8014953e-02
   7.9716489e-02
   1.1691529e-01
   8.5249804e-02
   1.0693356e-01
   2.8545636e-01
   2.5497648e-01
   2.0255171e-01
   1.6531372e-01
   1.5988739e-01
   1.7819272e-01
   2.4502514e-01
   2.8002083e-01
   1.8145831e-01
   6.7911498e-02
   7.5150631e-02
   3.2066500e-01
   3.7345719e-01
   2.9770315e-01
   1.7552821e-01
   9.2945203e-02
   6.3244462e-02
   6.7940913e-02
   5.5644363e-02
   3.8547136e-02
   7.7992365e-02
   1.1807098e-01
   4.0333271e-02
   3.2507055e-02
   4.6220284e-02
   6.4533256e-02
   5.5210169e-02
   2.6358377e-02
   6.4201714e-03
   4.0135358e-02
   9.2902578e-02
   5.6200154e-02
   3.2238290e-02
   3.4902710e-02
   2.5904765e-02
   1.1744954e-02
   3.9006088e-02
   6.3056365e-02
   6.5377176e-02
   3.8037617e-02
   7.3667899e-02
   8.7496206e-02
   9.7930536e-02
   9.0036713e-02
   6.0699012e-02
   1.0208685e-01
   3.0856634e-02
   4.7449443e-02
   2.4997000e-02
   4.3186139e-02
   6.6892318e-02
   5.2013695e-02
   1.3120265e-02
   1.5447084e-02
   9.1471538e-02
   7.3890582e-02
   9.7118117e-02
   1.6336291e-01
   1.3069317e-01
   5.1644489e-02
   9.2752971e-02
   1.0929316e-01
   9.9204823e-02
   1.0792059e-01
   7.5010225e-02
   5.3049136e-02
   7.2760396e-02
   9.5773458e-02
   7.4277930e-02
   5.6052446e-02
   4.5186814e-02
   4.7173228e-02
   6.7421757e-02
   4.9417295e-02
   6.5436319e-02
   6.8975747e-02
   1.1610589e-01
   9.7659670e-02
   7.7798598e-02
   5.1915977e-02
   6.9222003e-02
   1.7571060e-02
   4.3657478e-02
   6.8708062e-02
   5.8617707e-02
   7.8395039e-02
   3.8007762e-02
   3.5087124e-02
   4.0941890e-02
   4.9033541e-02
   1.3702472e-02
   3.1361986e-02
   5.6520205e-02
   6.9178611e-02
   4.8568808e-02
   4.7568630e-02
   5.6538131e-02
   4.9895424e-02
   4.1063461e-02
   3.5151534e-02
   4.6141233e-02
   2.6518533e-02
   2.7365495e-02
   5.1428042e-02
   4.7142077e-02
   4.1808482e-02
   2.4812667e-02
   3.9144218e-02
   8.6450592e-02
   8.7162897e-02
   8.6031199e-02
   7.7659220e-02
   4.6452790e-02
   2.1889502e-02
   2.0872179e-02
   4.5218773e-02
   4.2417243e-02
   6.0558505e-02
   6.0716126e-02
   4.2738758e-02
   9.1274664e-02
   1.3724415e-01
   1.3924974e-01
   7.9029478e-02
   4.2489156e-02
   3.6207993e-02
   3.3265453e-02
   4.0804874e-02
   2.4500713e-02
   3.8317833e-02
   2.9216366e-02
   4.2830758e-02
   1.8194262e-02
   2.5165189e-02
   6.2675506e-02
   4.7494091e-02
   5.9631635e-02
   5.3613447e-02
   2.4204323e-02
   2.2090277e-02
   3.5721481e-02
   2.1431848e-02
   4.9663123e-02
   4.5394789e-02
   6.5709718e-02
   6.5370709e-02
   6.0011715e-02
   5.5629823e-02
   7.2157301e-02
   1.1365371e-01
   9.0334617e-02
   5.1149003e-02
   5.8741786e-02
   6.8312012e-02
   6.2786780e-02
   7.2877422e-02
   3.2485314e-02
   2.1488430e-02
   3.7551295e-02
   1.1574437e-02
   2.9114131e-02
   4.9683291e-02
   2.6047705e-02
   1.8998859e-02
   4.9501993e-02
   9.0019971e-02
   6.3040182e-02
   4.2776566e-02
   4.6374194e-02
   4.6270248e-02
   6.1287526e-02
   4.4105593e-02
   3.2153498e-02
   4.9683437e-02
   3.1138085e-02
   5.0640848e-02
   5.2128378e-02
   6.1949272e-02
   5.9580181e-02
   3.0486628e-02
   2.9976374e-02
   2.1171419e-02
   3.0714231e-02
   5.6191187e-02
   4.2469740e-02
   6.0057618e-02
   6.1423607e-02
   4.6010442e-02
   4.3227758e-02
   2.4585852e-02
   3.3615731e-02
   2.9031198e-02
   1.2296233e-02
   4.0169884e-02
   3.5164844e-02
   4.0958807e-02
   2.9197413e-02
   4.7207501e-02
   3.2651674e-02
   6.0319014e-02
   3.7489861e-02
   1.2117427e-02
   5.2629430e-02
   7.0410632e-02
   2.1993054e-02
   4.4364080e-02
   4.6258286e-02
   5.4621488e-02
   5.7882059e-02
   1.3915654e-02
   1.6762409e-02
   5.2087005e-02
   6.0538843e-02
   4.1048661e-02
   6.4498909e-02
   3.8075786e-02
   2.1990247e-02
   2.4380142e-02
   1.5535185e-02
   2.6079996e-02
   3.8304031e-02
   3.3927258e-02
   3.6945079e-02
   1.4489050e-02
   5.0611317e-02
   3.9754365e-02
   2.6574086e-02
   3.2344311e-02
   5.4595213e-02
   7.4276462e-02
   4.9546298e-02
   3.3881102e-02
   3.1014217e-02
   1.4986146e-02
   3.3110078e-02
   3.4510661e-02
   4.2001914e-02
   3.5164431e-02
   3.2624349e-02
   2.7610537e-02
   4.7543049e-02
   5.7199311e-02
   4.9102634e-02
   2.6983034e-02
   2.6886424e-02
   3.2726813e-02
   5.8410369e-02
   4.4678930e-02
   4.6258792e-02
   4.9973343e-02
   4.8874166e-02
   2.6100894e-02
   4.9756128e-02
   4.1280154e-02
   3.3819865e-02
   4.0024616e-02
   4.5697358e-02
   2.7323948e-02
   4.4638082e-02
   6.4475894e-02
   5.4482438e-02
   2.0036267e-02
   3.1064056e-02
   2.5237057e-02
   4.7724668e-02
   5.6251742e-02
   5.9405047e-02
   5.2745394e-02
   4.4189211e-02
   3.5644513e-02
   3.5079636e-02
   2.2568502e-02
   4.1302700e-02
   8.6115599e-02
   3.7625704e-02
   1.6419694e-02
   2.5227262e-02
   8.1243075e-02
   1.9770832e-01
   1.5266785e-01
   6.6817127e-02
   3.3988301e-02
   7.4152358e-02
   1.2842791e-01
   1.1225803e-01
   6.7943513e-02
   2.9895948e-02
   3.2203671e-02
   5.7140090e-02
   3.2799702e-02
   4.9146790e-02
   6.7672051e-02
   5.6052804e-02
   7.2059691e-02
   3.8725153e-02
   3.4427959e-02
   2.9196925e-02
   4.6376448e-02
   5.5782720e-02
   2.5628300e-02
   3.2109033e-02
   3.8155988e-02
   5.6884941e-02
   7.3307812e-02
   7.0073806e-02
   2.4170056e-02
   1.9116666e-02
   1.8800911e-02
   4.6532523e-02
   3.8365506e-02
   5.5412099e-02
   5.1024742e-02
   6.7883447e-02
   4.9310919e-02
   1.5260850e-02
   1.1049531e-02
   3.4988236e-02
   4.4288456e-02
   5.1914379e-02
   4.1056540e-02
   3.5810120e-02
   3.4854587e-02
  -5.9775407e-03
   1.1922497e-02
   1.5027652e-02
   1.9474499e-02
   2.5415422e-02
   5.7418879e-02
   4.6878859e-02
   4.6884846e-02
   7.5206317e-02
   6.8921186e-02
   6.7577757e-02
   4.2549282e-02
   4.3731108e-02
   8.5987993e-02
   5.4811664e-02
   3.0630069e-02
   6.1828275e-03
   6.4856550e-03
   1.6916340e-02
   1.9582551e-02
   6.0410697e-02
   3.9975587e-02
   2.5135348e-02
   1.9103030e-02
   4.2738258e-03
   2.5803104e-02
   1.2018746e-02
   1.8837420e-02
   2.1476958e-02
   2.5365889e-02
   3.3258531e-02
   3.1264715e-02
   2.3095284e-02
   5.9508048e-03
   2.8295673e-02
   4.2331044e-02
   1.5833449e-02
   4.5295708e-02
   2.7813954e-02
   3.1514551e-02
   5.7575230e-02
   3.7618406e-02
   8.1582434e-02
   4.5001779e-02
   3.6959000e-02
   4.0812671e-02
   6.4166509e-02
   5.4320857e-02
   6.3634574e-02
   8.0020629e-02
   3.5468213e-02
   2.2116791e-02
   4.9905639e-02
   6.1343286e-02
   3.6591869e-02
   4.3288965e-02
   2.1009013e-02
   2.0610034e-02
   2.2074521e-02
   4.5349952e-02
   5.4886173e-02
   6.5036960e-02
   6.9711238e-02
   1.0151275e-02
   1.9118978e-02
   3.0635694e-02
   4.2471856e-02
   8.4290124e-02
   5.3759515e-02
   4.1171782e-02
   4.3081339e-02
   6.5665357e-02
   4.5125429e-02
   4.4601830e-03
   1.2526392e-02
   2.9825820e-02
   6.2148634e-02
   4.6574086e-02
   5.7468563e-02
   2.2099553e-02
  -6.9527733e-03
   4.6657339e-02
   8.3262660e-02
   2.3200870e-02
   3.6146890e-02
   3.4133170e-02
   1.3911520e-02
   3.4202550e-02
   7.9346634e-02
   8.8743635e-02
   4.3127678e-02
   2.8843749e-02
   3.0954456e-02
   3.8183771e-02
   4.5813628e-02
   2.6954658e-02
   3.4141846e-02
   4.3813325e-02
   7.9772204e-02
   3.9163768e-02
   2.8442116e-02
   6.9850884e-02
   6.2007345e-02
   6.9631197e-02
   5.7317473e-02
   4.3508403e-02
   3.7409555e-02
   2.4842024e-02
   1.8514322e-02
   3.9891992e-02
   2.4191426e-02
   6.0262810e-02
   7.3542476e-02
   6.8205111e-02
   5.7132579e-02
   1.2194593e-03
   4.1089084e-02
   3.8967308e-02
   3.5743218e-02
   2.3818852e-02
   2.8996162e-02
   5.3578842e-02
   4.4192452e-02
   3.4827489e-02
   3.1404302e-02
   2.9175963e-02
   6.2714458e-02
   3.2913346e-02
   2.6856765e-02
   3.7566505e-02
   5.6722187e-02
   6.8896249e-02
   3.4205522e-02
   2.1382811e-02
   4.7436874e-02
   5.2257657e-02
   5.4330323e-02
   2.6349949e-02
   4.0954184e-02
   5.0187610e-02
   1.9534277e-02
   3.1691875e-02
   4.5039516e-02
   2.9756403e-02
   4.3737192e-02
   5.4166164e-02
   6.2323220e-02
   3.2903187e-02
   1.4165338e-02
   3.5920531e-02
   2.9223235e-02
   2.5319429e-02
   3.3890497e-02
   5.1082663e-02
   5.3652387e-02
   4.8410259e-02
   4.0916000e-02
   5.7913445e-02
   6.2319528e-02
   6.2138975e-02
   4.3205440e-02
   3.5740130e-02
   3.3745226e-02
   2.6108744e-02
   3.0304678e-02
   3.5499569e-02
   4.2877410e-02
   3.9582804e-02
   3.7695993e-02
   2.4257379e-02
   4.4141617e-02
   4.6846464e-02
   4.2326063e-02
   6.6532329e-02
   4.8445310e-02
   3.1467408e-02
   2.1381216e-02
   4.5510426e-02
   5.7974163e-02
   1.4437268e-02
   1.9307170e-02
   2.3837572e-02
   3.9711472e-02
   3.7396681e-02
   3.3412073e-02
   3.1634059e-02
   4.2853106e-02
   3.1279430e-02
   5.6428198e-02
   3.8182266e-02
   2.0280076e-02
   4.2480598e-03
   2.3789663e-02
   4.8124541e-02
   6.0728516e-02
   5.6834601e-02
   6.7967229e-02
   3.4895204e-02
   4.9040124e-02
   6.1741576e-02
   7.4581981e-02
   6.2800020e-02
   5.7549998e-02
   6.4833730e-02
   1.3925091e-02
   1.0093602e-02
   4.2494599e-02
   4.7992785e-02
   5.3811457e-02
   5.0339285e-02
   6.0191333e-02
   2.0400459e-02
   3.0114094e-02
   5.6511078e-02
   4.1322127e-02
   3.6069699e-02
   4.7051869e-02
   4.6354625e-02
   4.9082074e-02
   8.2476377e-02
   8.5787237e-02
   5.4861050e-02
   5.9537366e-02
   9.5769338e-02
   7.2957240e-02
   5.6582168e-02
   3.7062969e-02
   4.7062334e-02
   3.7488900e-02
   4.8540752e-02
   4.0971484e-02
   1.9523481e-02
   2.4213219e-02
   4.6631686e-02
   3.4116935e-02
   1.0903172e-02
   1.7813660e-02
   2.0083440e-02
   1.4888845e-02
   1.4000273e-03
   3.1097120e-02
   3.4202073e-02
   3.3029284e-02
   1.9756330e-02
   1.8486559e-02
   2.9783579e-02
   4.2891201e-02
   2.7553657e-02
   5.1642735e-02
   5.1001679e-02
   2.8140353e-02
   2.8171051e-02
   3.9755482e-02
   2.3915909e-02
   3.0311851e-02
   3.6869902e-02
  -3.0365549e-03
   1.9705264e-02
   3.7612949e-02
   3.0471079e-02
   6.6327147e-02
   4.1518651e-02
   2.5103182e-02
   3.1501256e-02
   4.5032036e-02
   2.9635552e-02
   3.4937274e-02
   3.5422616e-02
   3.6166500e-02
   4.0220201e-02
   4.6464447e-02
   1.4006358e-02
   1.6671510e-02
   2.5817880e-02
   4.7752544e-02
   6.1421156e-02
   3.8255095e-02
   5.8211070e-02
   3.1034634e-02
   3.2960463e-02
   3.8797203e-02
   6.0685255e-02
   6.3602746e-02
   3.8291294e-02
   5.7957884e-02
   2.6895257e-02
   3.2878406e-02
   2.6761182e-02
   1.5014642e-02
   3.3277366e-02
   3.7986003e-02
   4.6595156e-02
   2.0425374e-02
   2.5035899e-02
   3.5797663e-02
   4.7606677e-02
   4.5054685e-02
   3.6195479e-02
   4.2644635e-02
   4.7191981e-02
   5.5233505e-02
   6.2434971e-02
   3.8987570e-02
   2.2683054e-02
   6.3482993e-03
  -6.4874995e-03
   3.6571465e-02
   5.6369673e-02
   7.3420115e-02
   6.0906712e-02
   5.2892748e-02
   1.1678371e-02
   4.0638376e-02
   2.8245665e-02
   2.9082181e-02
   2.9767521e-02
   1.0857102e-01
   3.0873847e-01
   3.7179393e-01
   2.8732562e-01
   1.3571312e-01
   5.5825580e-02
   1.6341653e-02
   3.1178106e-02
   4.9129982e-02
   2.8426582e-02
   2.2780892e-02
   3.4649488e-02
   7.3309027e-02
   1.2027192e-01
   8.8183135e-02
   4.7660504e-02
   5.2317031e-02
   5.4163348e-02
   5.4603752e-02
   2.3503914e-02
   9.6793287e-03
   2.2697659e-02
   5.9818614e-02
   6.4136885e-02
   3.3763774e-02
   4.7307581e-02
   6.4027444e-02
   2.0819629e-02
   4.6812858e-02
   4.6701066e-02
   3.8237218e-02
   7.6591797e-02
   6.5196201e-02
   5.2713417e-02
   8.0124527e-02
   6.1463926e-02
   3.3598445e-02
   2.2707706e-02
   2.9837092e-02
   4.1612662e-02
   5.7837471e-02
   3.1981517e-02
   6.9909573e-02
   1.2087777e-01
   9.6844032e-02
   8.3262287e-02
   4.3186482e-02
   2.8251234e-02
   3.0157382e-02
   3.7311871e-02
   2.4715979e-02
   3.7532363e-02
   4.6495948e-02
   2.5846457e-02
   2.2679888e-02
   3.6344979e-02
   6.3011356e-02
   3.3309832e-02
   1.5230765e-02
   4.4424728e-02
   1.6394898e-02
  -1.7983136e-03
   3.0878494e-02
   5.0420795e-02
   5.1720664e-02
   3.4435987e-02
   3.0821485e-02
   2.9790472e-02
   2.2136314e-02
   2.6983114e-02
   7.1575858e-02
   5.6338534e-02
   3.3543292e-02
   1.4766903e-02
   4.0370386e-02
   3.0143615e-02
   2.3036646e-02
   2.9882343e-02
   4.6232712e-02
   2.4796581e-02
   3.7026275e-02
   2.5348527e-02
   2.0049753e-02
   5.2288167e-02
   1.4991621e-02
   3.9003003e-02
   4.7636077e-02
   3.1608351e-02
   1.2466411e-02
   2.3305638e-02
   4.1215662e-03
   5.1492143e-02
   4.6491764e-02
   5.3244308e-02
   5.6347389e-02
   5.2640740e-02
   3.9115112e-02
   2.0724524e-02
   7.5377576e-02
   7.9650439e-02
   8.4503278e-02
   8.6674087e-02
   7.2477080e-02
   7.7407986e-02
   4.5500685e-02
   3.6351733e-02
   3.0670511e-02
   2.7601959e-02
   2.4144221e-02
   3.4637816e-02
   4.5393117e-02
   5.0455730e-02
   4.4413969e-02
   5.0710935e-02
   4.2789739e-02
   2.6512802e-02
   4.4481587e-02
   4.8383173e-02
   2.8361620e-02
   3.4509350e-02
   5.5821817e-02
   4.4343755e-02
   1.2986029e-02
   1.2522525e-02
   3.6531501e-02
   5.1376514e-02
   2.7818287e-02
   3.6757465e-02
   4.2991746e-02
   2.3801820e-02
   2.3676541e-02
   2.6871862e-02
   1.8218735e-02
   5.8384065e-02
   9.1779910e-02
   7.0756197e-02
   4.1994046e-02
   3.1818431e-02
   2.4300858e-02
   3.7423022e-02
   4.7052421e-02
   5.0677989e-02
   2.4085274e-02
   3.6044091e-02
   3.3088263e-02
   4.5449842e-02
   2.7219083e-02
   1.1328284e-02
   3.6814410e-02
   4.0075526e-02
   4.5362320e-02
   3.4057595e-02
   4.1156117e-02
   4.6679322e-02
   5.0650377e-02
   2.4371026e-02
   3.4112938e-02
   4.5743570e-02
   1.8845215e-02
   3.9215464e-02
   4.1963466e-02
   2.8811395e-02
   2.2906104e-02
   2.8239070e-02
   1.9936047e-03
   1.3212868e-02
   4.0483154e-02
   5.9300918e-02
   5.4949973e-02
   5.8755804e-02
   5.2617528e-02
   4.0318627e-02
   6.5457448e-03
   3.4764335e-02
   4.3481715e-02
   4.5166425e-02
   2.3176828e-02
   2.7213460e-02
   4.8981227e-02
   3.1225417e-02
   3.3844408e-02
   3.6267601e-02
   4.4008054e-02
   5.2633256e-02
   5.5370308e-02
   5.9669271e-02
   4.4929724e-02
   3.5262566e-02
   2.3868803e-02
   1.8205868e-02
   3.1858344e-02
   1.8081119e-02
   3.0338282e-02
   4.1712400e-02
   3.0374074e-02
   5.5652618e-02
   5.4507237e-02
   8.8569701e-02
   6.1029039e-02
   3.8660508e-02
   1.2731460e-02
   1.6368154e-02
   2.2789620e-02
   2.2907075e-02
   2.0591402e-02
   1.6529314e-02
   1.3682859e-02
   1.6857248e-02
   1.6555451e-02
   4.0022954e-02
   3.2136276e-02
   2.5485901e-02
   3.9783541e-02
   1.5565083e-02
   5.4554544e-02
   3.0384116e-02
   2.9794544e-02
   5.0210260e-02
   2.9425571e-02
   2.6267758e-02
   5.9439100e-02
   5.0383426e-02
   6.7454502e-02
   6.9279619e-02
   4.8478220e-02
   5.8509964e-02
   7.5549997e-02
   5.4011449e-02
   3.0337522e-02
   2.4037624e-02
   2.6917387e-02
   4.0199526e-02
   2.9853797e-02
   3.8120385e-02
   5.0052904e-02
   4.8060380e-02
   3.8339529e-02
   6.3977644e-02
   5.3294629e-02
   7.2154753e-02
   4.8200417e-02
   3.0716911e-02
   4.7524750e-02
   3.9018359e-02
   4.0747087e-02
   2.5315477e-02
   9.5899422e-03
   1.0395056e-02
   2.6056640e-02
   7.3826738e-02
   6.6445641e-02
   4.2502329e-02
   3.7345510e-02
   6.1989211e-02
   3.6428392e-02
   3.6700469e-02
   3.0658515e-02
   4.5934930e-02
   6.2008761e-02
   7.2898790e-02
   3.2317251e-02
   4.0437456e-02
   4.7112867e-02
   2.0878619e-02
   2.5846340e-02
   3.3699661e-02
   1.6814398e-02
   7.8725135e-03
   2.5693879e-02
   4.5212708e-02
   6.3793227e-02
   3.2890521e-02
   4.1663423e-02
   7.1139060e-02
   9.1428943e-02
   5.3599298e-02
   3.7493866e-02
   3.3888534e-02
   2.2032253e-02
   4.0035229e-02
   3.6844220e-02
   3.9366592e-02
   3.0137895e-02
   3.6680918e-02
   1.5362809e-02
   4.4769399e-02
   3.0885763e-02
   2.9376162e-02
   2.1544099e-02
   2.8503718e-02
   4.6576768e-02
   2.8278597e-02
   2.7527604e-02
   1.8741291e-02
   2.9979322e-02
   3.8634431e-02
   3.0056497e-02
   6.4854562e-02
   4.7228251e-02
   6.7151926e-02
   6.8144627e-02
   8.1086688e-02
   8.7775841e-02
   4.6118956e-02
   4.7199089e-02
   1.4482884e-03
   1.6441515e-02
   4.2701885e-02
   4.7103219e-02
   3.7746571e-02
   2.8977763e-02
   4.7385134e-02
   4.8397113e-02
   3.3693027e-02
   1.6587248e-02
   7.9308607e-02
   9.3051895e-02
   6.0273379e-02
   5.0604869e-02
   3.1638220e-02
   2.0134619e-02
  -1.0803178e-02
   2.1310125e-02
   2.0246512e-01
   4.2496607e-01
   4.5016029e-01
   2.6622695e-01
   8.9639470e-02
   2.9808538e-02
   5.2237533e-02
   4.6544719e-02
   4.8235100e-02
   1.2518391e-01
   1.4468041e-01
   1.1630876e-01
   1.2178949e-01
   1.3393436e-01
   6.3970648e-02
   4.1598246e-02
   9.3712784e-02
   1.4082636e-01
   9.5870748e-02
   2.7731439e-02
   5.8734857e-02
   2.5872182e-02
   5.1295612e-02
   9.9898949e-02
   2.1553840e-01
   3.2835463e-01
   2.2033978e-01
   9.2362083e-02
   6.3529849e-02
   4.1457329e-02
   8.2946811e-03
   2.2773275e-02
   3.0347159e-02
   4.8709616e-02
   2.2662573e-02
   3.6490180e-02
   5.5935554e-02
   7.4805632e-02
   6.3035503e-02
   8.8167496e-02
   7.3484540e-02
   5.2244786e-02
   7.0158821e-03
   8.9558996e-03
   5.9141099e-02
   4.3935075e-02
   5.1463403e-02
   5.7203989e-02
   7.5873263e-02
   9.1895208e-02
   9.4273359e-02
   5.8707904e-02
   3.3145409e-02
   3.3690635e-02
   3.9977532e-02
   5.7855051e-02
   7.9685219e-02
   5.8471281e-02
   3.6324386e-02
   5.1368058e-02
   3.4832623e-02
   1.8647965e-02
  -3.4160370e-03
   3.9027788e-02
   3.6978330e-02
   5.5260509e-02
   6.6706568e-02
   5.7040613e-02
   3.5859820e-02
   3.8602818e-02
   7.8778103e-02
   8.2440346e-02
   5.4670129e-02
   4.3339495e-02
   5.4271009e-02
   4.9320269e-02
   8.1909955e-02
   9.7386733e-02
   1.0449118e-01
   1.0264977e-01
   1.3591880e-01
   7.7292100e-02
   6.2930442e-02
   1.3037626e-02
   2.9355930e-02
   3.8792372e-02
   4.8609857e-02
   6.3841619e-02
   2.1753849e-02
   1.1311657e-01
   2.2409348e-01
   2.5269699e-01
   2.2349332e-01
   1.2660733e-01
   1.3776177e-01
   1.1632169e-01
   3.9448638e-02
   1.5883659e-01
   7.8294939e-01
   1.2986239e+00
   1.1104214e+00
   6.2840337e-01
   2.8244254e-01
   9.6484721e-02
   3.4420975e-02
   1.0518162e-01
   2.5077546e-01
   3.3702582e-01
   3.2147801e-01
   2.5702161e-01
   2.3986290e-01
   1.8399511e-01
   1.4219463e-01
   1.0384649e-01
   1.6708069e-01
   2.6426721e-01
   2.0560424e-01
   1.4094178e-01
   1.3314086e-01
   5.9393521e-02
   4.2588040e-02
   2.2175243e-01
   5.8980322e-01
   6.2876058e-01
   4.3758309e-01
   1.7078608e-01
   5.6443136e-02
   4.2924337e-02
   2.8573580e-02
   3.7328001e-02
   6.2348682e-02
   3.6925111e-02
   2.4938907e-02
   8.1183977e-02
   1.1204116e-01
   1.1281736e-01
   9.4602294e-02
   5.7737581e-02
   3.3508636e-02
   2.2846106e-02
   2.8857954e-02
   5.1946178e-02
   2.0515237e-02
   2.3377158e-02
   2.6294822e-02
   2.1492343e-02
   5.6991350e-02
   4.0958114e-02
   4.8988372e-02
   6.9497094e-02
   5.2218009e-02
   4.3061122e-02
   3.0739212e-02
   5.9435517e-02
   1.1882547e-01
   1.7660643e-01
   1.3139564e-01
   7.1769856e-02
   2.0981563e-02
   3.5448622e-02
   5.7629147e-03
   1.1898573e-02
   3.3150677e-02
   7.9791985e-02
   6.5316834e-02
   1.0922891e-02
   3.1963252e-02
   4.9774487e-02
   5.6950592e-02
   6.0137838e-02
   1.0810959e-01
   9.9708147e-02
   6.8008937e-02
   4.1748036e-02
   3.8626980e-02
   5.7207696e-02
   8.5181303e-02
   6.6869028e-02
   3.5555631e-02
   7.8869000e-02
   4.1145083e-02
   1.3258081e-02
   5.2112706e-02
   6.0048342e-02
   9.0732604e-02
   1.4525138e-01
   1.1288659e-01
   6.7169443e-02
   2.1639222e-02
  -1.4243209e-03
   1.2971330e-01
   3.0277365e-01
   2.4897131e-01
   1.3761516e-01
   8.9251354e-02
   9.5918952e-03
   3.0495817e-02
   1.0597762e-01
   2.3886010e-01
   2.0964170e-01
   9.1754466e-02
   3.1710420e-02
   5.8019720e-02
   2.8296642e-02
   3.5096798e-02
   3.2489493e-01
   1.0236204e+00
   1.3900340e+00
   1.0086449e+00
   4.4120780e-01
   1.5084825e-01
   1.8249717e-02
   5.4492559e-03
   1.1317504e-01
   1.9989118e-01
   1.4353406e-01
   1.5249008e-01
   1.8407197e-01
   1.6176397e-01
   8.8691980e-02
   7.8809261e-02
   2.0897011e-01
   3.7111300e-01
   3.4789440e-01
   1.7779627e-01
   8.8226058e-02
   8.1792809e-02
   6.5378033e-02
   5.9859313e-02
   6.2688418e-02
   4.4872336e-02
   2.8111462e-02
   4.1359548e-02
   4.7282662e-02
   9.4832264e-02
   9.0299018e-02
   7.7451259e-02
   8.7264076e-02
   8.5637294e-02
   5.0250310e-02
   4.5706522e-02
   4.6667535e-02
   4.4730358e-02
   2.0122999e-02
   3.2231525e-02
   5.3373892e-02
   1.0873770e-01
   8.7955967e-02
   7.0082456e-02
   1.9498702e-02
   5.5356015e-02
   3.9604764e-02
   4.2644260e-03
   4.1859064e-02
   1.7536291e-01
   2.2123934e-01
   1.8882050e-01
   9.5686533e-02
   5.8320832e-02
   5.1128898e-02
  -6.4891245e-04
   1.5631614e-02
   2.8028909e-02
   1.5637977e-02
   8.1828013e-03
   3.6971848e-02
   4.2199291e-02
   6.5335669e-02
   9.2153728e-02
   1.1282061e-01
   9.2730507e-02
   3.8966272e-02
   3.0893147e-02
   4.0500753e-02
   5.8532733e-02
   9.2610225e-02
   6.1735637e-02
   8.9252494e-02
   3.7904914e-02
   2.1765154e-02
   2.0256685e-02
   1.1644457e-01
   1.3743274e-01
   1.0851554e-01
   6.7009889e-02
   2.5947759e-02
   1.2463756e-01
   2.1446085e-01
   2.0417342e-01
   1.5416208e-01
   8.6034924e-02
   8.7540530e-02
   7.7532284e-02
   4.7853071e-02
   6.3813843e-02
   7.7059895e-02
   1.8947439e-01
   3.3554393e-01
   3.5885131e-01
   2.3935975e-01
   1.4802776e-01
   1.0110325e-01
   1.8090257e-01
   1.9712980e-01
   1.2916857e-01
   1.7796218e-01
   2.7237225e-01
   2.7293816e-01
   1.9419278e-01
   1.3740933e-01
   1.6070019e-01
   1.9187312e-01
   2.0877774e-01
   2.0214544e-01
   1.1962279e-01
   4.0668935e-02
   3.6824849e-02
   7.3077530e-02
   9.7694889e-02
   4.7078110e-02
   3.4399357e-02
   1.9743500e-02
  -2.4365585e-02
   1.4141718e-02
   5.0192688e-02
   2.7384212e-02
   2.5116138e-02
   4.9728185e-02
   3.5481732e-02
   3.5210606e-02
   1.2177984e-02
   1.0419211e-02
   4.4831794e-02
   7.4189648e-02
   7.0633918e-02
   5.5506982e-02
   5.0669752e-02
   4.3176033e-02
   4.7215369e-02
   3.1034756e-02
   7.1761042e-02
   1.1000118e-01
   8.6018756e-02
   9.4483994e-02
   9.6207634e-02
   6.5629214e-02
   4.9452614e-02
   8.9258879e-02
   4.1064702e-02
   4.7415189e-02
   5.7699103e-02
   1.2226643e-01
   1.1914214e-01
   3.6908433e-02
   3.5575740e-02
   5.1035404e-02
   5.3169183e-02
   2.1603502e-02
   4.5897380e-02
   6.9091819e-02
   5.8299717e-02
   3.4841225e-02
   2.9876728e-02
   2.2557007e-02
   1.8659890e-02
   2.6491052e-03
   1.5156074e-02
   1.2373178e-01
   3.8548729e-01
   4.3259063e-01
   2.6149505e-01
   1.7606388e-01
   1.0242773e-01
   3.9058797e-02
   4.2923979e-02
   5.4670319e-02
   4.8721649e-02
   7.6973461e-02
   1.1019643e-01
   1.2687628e-01
   1.1572678e-01
   8.8153921e-02
   8.9665286e-02
   7.5256862e-02
   4.2531759e-02
   4.6798613e-02
   1.1466289e-01
   1.8055455e-01
   1.5742177e-01
   4.9831349e-02
   3.4712795e-02
   3.3456389e-02
   9.4964830e-03
   3.7518881e-02
   2.5080582e-02
   9.1075890e-02
   5.1362921e-02
   7.1689799e-02
   8.3883591e-02
   5.6236546e-02
   5.5387571e-02
   9.6454628e-02
   1.4057806e-01
   1.0336465e-01
   5.4310542e-02
  -5.8464976e-03
   5.9992500e-04
   4.9348969e-02
   3.4895662e-02
   5.5975284e-02
   5.8316514e-02
   6.7885131e-02
   6.5019891e-02
   8.2366683e-02
   9.6645862e-02
   7.7424653e-02
   9.9433355e-02
   1.0174491e-01
   5.8831114e-02
   5.8562681e-02
   4.5153614e-02
   6.6860050e-02
   1.6478372e-01
   2.2150478e-01
   1.5426208e-01
   5.1357239e-02
   7.6021343e-02
   5.9812795e-02
   1.3990509e-02
   7.5682893e-02
   1.2891446e-02
   2.8804990e-02
   1.2262738e-01
   1.3512780e-01
   1.0346600e-01
   6.5380894e-02
   1.0311551e-01
   1.0032178e-01
   8.1428386e-02
   7.9962961e-02
   1.7998132e-01
   1.9110785e-01
   1.4178786e-01
   8.5270233e-02
   1.6293706e-01
   1.8606667e-01
   1.3001117e-01
   1.0067315e-01
   5.4011416e-02
   6.9332160e-02
   5.9467327e-02
   4.4365507e-02
   2.4186660e-02
   6.4946391e-02
   4.7006171e-02
   2.3093408e-02
   7.3218010e-02
   1.1463194e-01
   8.2659543e-02
   1.0643113e-01
   4.5071442e-02
   1.7860640e-02
   4.6650123e-02
   6.8572365e-02
   6.8830244e-02
   2.9461389e-02
   7.1249008e-02
   6.5357752e-02
   2.7636904e-02
   2.3402391e-02
   1.9833403e-02
  -1.2310941e-03
  -2.3676069e-03
   8.1222028e-02
   1.1102399e-01
   1.0052402e-01
   5.5859711e-02
   2.3749536e-02
   1.0152929e-03
   3.1032156e-02
   3.6771532e-02
   1.0139965e-01
   1.6248940e-01
   2.2115900e-01
   1.8634254e-01
   1.5840055e-01
   9.8260254e-02
   6.9863155e-02
   7.3315449e-02
   4.6765920e-02
   5.4905966e-02
   7.7891015e-02
   1.0718339e-01
   7.8592502e-02
   4.1271504e-02
   4.8548147e-02
   5.3214204e-02
   3.4529544e-02
   2.9822807e-03
   1.5239962e-02
   4.5354389e-02
   4.1561574e-02
   6.3907541e-02
   6.3978732e-02
   3.0767767e-02
   1.9457707e-02
   3.6839303e-02
   5.3749483e-02
   4.2091824e-02
   2.0026548e-02
   3.6152396e-02
   8.5189596e-02
   7.0170820e-02
   4.0613845e-02
   2.9675331e-02
   7.4842647e-02
   4.2214230e-02
   2.8527375e-02
   8.0692530e-02
   3.5144962e-02
   5.0550174e-02
   8.5079625e-02
   4.7969315e-02
   6.3917324e-02
   6.0228858e-02
   4.8388287e-02
   3.2415815e-02
   7.5521037e-02
   8.4617443e-02
   6.2587932e-02
   3.6290601e-02
   4.8753276e-02
   8.7233260e-02
   1.4871967e-01
   2.0874381e-01
   1.6404112e-01
   8.9787655e-02
   3.6401279e-02
   7.4363369e-03
   3.8161810e-02
   1.3749482e-01
   4.8567408e-01
   8.3794266e-01
   7.3889709e-01
   4.1665900e-01
   2.1427493e-01
   1.0185602e-01
   4.9029827e-02
   4.1963600e-02
   1.1940092e-02
   1.1558587e-02
   9.0342522e-02
   1.7619081e-01
   1.8332508e-01
   1.3966979e-01
   6.0011506e-02
   3.4381237e-02
   1.5436403e-02
   3.5823954e-03
  -2.3851683e-02
   5.6264561e-02
   8.4862746e-02
   1.1732591e-01
   4.6575010e-02
   7.2403155e-02
   8.6255930e-02
   1.1470233e-01
   1.2626806e-01
   7.0934415e-02
   5.2624483e-02
   8.0686338e-02
   6.3330553e-02
   7.5834341e-02
   1.8069455e-01
   3.8989574e-01
   4.5447370e-01
   3.2793424e-01
   1.6377981e-01
   8.9324109e-02
   5.9510242e-02
   4.0776845e-02
   6.8807535e-02
   3.1007539e-02
   7.8469086e-03
   1.5647578e-01
   3.4380919e-01
   4.5603970e-01
   3.8624156e-01
   2.1198733e-01
   7.7673592e-02
   7.8239948e-02
   6.7823023e-02
   9.5441759e-02
   2.6895922e-01
   3.3617580e-01
   3.5730311e-01
   2.6191169e-01
   2.0632763e-01
   1.2497853e-01
   1.0344848e-01
   4.4123951e-02
   2.3710646e-02
   2.1802170e-02
   9.4799832e-02
   3.5541815e-01
   5.2909696e-01
   4.7746810e-01
   2.8473872e-01
   1.5618953e-01
   6.8512328e-02
   1.0013438e-02
   9.1516182e-02
   5.5981696e-01
   1.2422153e+00
   1.5040941e+00
   1.1008795e+00
   7.3827893e-01
   7.6214713e-01
   6.8351167e-01
   4.7800195e-01
   2.7380875e-01
   9.6462347e-02
   6.4315490e-02
   6.2414736e-01
   2.6443510e+00
   4.8874626e+00
   4.6899619e+00
   2.7922926e+00
   1.1217149e+00
   3.7790152e-01
   2.2176339e-01
   1.9845269e+00
   1.2108420e+01
   2.4823191e+01
   2.4530121e+01
   1.4484311e+01
   5.9416223e+00
   1.9424617e+00
   4.7013956e-01
   1.3908544e-01
   5.4409191e-02
   2.7512282e-01
   2.0377288e+00
   4.6769352e+00
   4.8549647e+00
   3.1926627e+00
   1.4136724e+00
   2.7907962e-01
  -1.1853500e-01
  -7.7241920e-02
   3.4112975e-01
   6.1274099e-01
   9.6790123e-01
   1.3350105e+00
   1.2068014e+00
   6.7371118e-01
   2.7240935e-01
   1.5470421e-01
   1.1483327e-01
   1.2665081e-01
   2.5882655e-01
   2.9080659e-01
   3.9591020e-01
   5.2141637e-01
   7.8171551e-01
   8.2246208e-01
   5.9074920e-01
   2.2461170e-01
  -1.0697290e-02
   3.0621963e-02
   1.2244938e-01
   2.6865017e-01
   3.2145503e-01
   2.5527138e-01
   1.0139238e-01
   6.9713563e-02
   6.4893678e-02
   9.1698363e-02
   1.0824628e-01
   1.9942448e-01
   2.1079051e-01
   1.8701006e-01
   1.9472158e-01
   1.2635191e-01
   1.1638527e-01
   1.2279380e-01
   4.7805090e-02
  -3.4968071e-02
  -4.7994845e-02
   1.4635016e-02
   1.1865751e-01
   1.4854479e-01
   5.3941321e-02
  -4.1801892e-02
  -6.8478391e-02
   1.4099200e-02
   2.6684991e-01
   4.5710072e-01
   7.3546201e-01
   6.4419186e-01
   3.9850602e-01
   8.2918100e-02
   3.9166730e-02
   7.7564412e-01
   2.2178812e+00
   2.5191331e+00
   1.6786385e+00
   6.6049117e-01
   2.2359484e-01
   4.7718585e-01
   1.0872961e+00
   1.0957265e+00
   5.9837085e-01
   3.0085406e-01
   4.4239163e-01
   4.2989257e-01
   5.9863001e-01
   2.4298456e+00
   5.3772812e+00
   5.8920527e+00
   3.7749639e+00
   1.7073847e+00
   6.6992623e-01
   2.4981038e-01
   8.4487475e-02
   5.9019759e-02
   8.6167850e-02
   6.1019742e-01
   1.2069054e+00
   1.2851826e+00
   8.0959606e-01
   3.4556666e-01
   7.6622501e-02
  -1.9939188e-02
   5.1134303e-02
   1.5659052e-01
   2.6456779e-01
   3.2020870e-01
   3.8564286e-01
   2.3682953e-01
   8.2215041e-02
   1.5843695e-02
  -2.7881473e-02
  -2.8309630e-02
  -4.3738997e-03
   8.1370287e-02
   9.5049657e-02
   1.3504954e-01
   1.4064515e-01
   1.4396888e-01
   2.1169122e-01
   1.5624891e-01
   6.1344638e-02
   1.1227834e-02
   1.0507713e-01
   1.2036080e-01
   9.8968044e-02
   1.6710153e-01
   1.6766046e-01
   1.4227219e-01
   1.2883981e-01
   7.5239971e-02
   1.0674516e-01
   9.3768939e-02
   1.7625833e-01
   2.4682717e-01
   2.3403455e-01
   2.6631472e-01
   2.4439131e-01
   1.3640665e-01
   1.0349437e-03
   1.7133299e-02
   1.1648380e-01
   2.0806135e-01
   3.6845735e-01
   3.9294115e-01
   3.6750510e-01
   2.0587784e-01
   3.4505844e-02
   1.7357661e-01
   4.0889362e-01
   5.6282204e-01
   6.2507987e-01
   5.1621479e-01
   2.5167152e-01
   1.2975928e-01
   2.8524536e-01
   7.1433544e-01
   9.3202913e-01
   7.6403695e-01
   4.2296314e-01
   5.1156148e-02
   5.6906547e-02
   7.0356709e-01
   1.9236491e+00
   2.5450337e+00
   2.1111228e+00
   9.1805971e-01
   2.6408732e-01
   6.6424362e-02
   8.4802109e-01
   3.7037971e+00
   6.2975168e+00
   5.6602449e+00
   3.4944732e+00
   1.7388452e+00
   6.8206108e-01
   2.1508843e-01
   1.8957564e-01
   5.1934081e-01
   6.5054083e-01
   1.0673337e+00
   1.4207410e+00
   1.2371994e+00
   8.5381788e-01
   5.7073671e-01
   3.4365124e-01
   2.5501016e-01
   2.1817294e-01
   2.6813972e-01
   3.5004172e-01
   4.1056535e-01
   4.4821802e-01
   3.3666369e-01
   1.4436172e-01
   7.1721584e-02
   9.7043142e-02
   1.0654965e-01
   8.6584203e-02
   6.9495864e-02
   1.8970525e-01
   1.9480719e-01
   1.6808788e-01
   1.7208143e-01
   1.2960133e-01
   7.1308218e-02
   4.4101749e-02
   7.4694663e-02
   7.9991415e-02
   1.3804103e-01
   1.5806849e-01
   1.0892989e-01
   1.1005235e-01
   6.5703109e-02
   3.6573652e-02
   5.9553511e-02
   5.6608681e-02
   2.2677833e-02
   9.5274314e-02
   1.1045779e-01
   1.2966783e-01
   1.3746110e-01
   9.6058942e-02
   4.8881751e-02
   4.8892185e-02
  -7.3713129e-03
   7.5782076e-02
   1.7800668e-01
   1.9028600e-01
   2.1024144e-01
   1.5324488e-01
   9.7313011e-03
   4.0471662e-02
   9.6119925e-02
   2.1933089e-01
   2.8162682e-01
   2.9324734e-01
   1.6269806e-01
   9.8728515e-02
   1.2639593e-01
   2.1809876e-01
   2.7275115e-01
   3.5212433e-01
   2.4530320e-01
   1.0570496e-01
  -8.8816527e-03
   1.3671893e-01
   5.2694058e-01
   8.1941903e-01
   7.6540446e-01
   4.7046575e-01
   1.2043581e-01
   1.9448142e-02
   1.6391532e-01
   7.9185802e-01
   1.4784271e+00
   1.5874934e+00
   1.0966971e+00
   5.7330966e-01
   2.0176584e-01
   7.6844484e-02
   6.3862078e-02
   1.2752949e-01
   2.4132082e-01
   3.2564786e-01
   3.9477447e-01
   3.5881373e-01
   2.2528389e-01
   1.9338296e-01
   1.5427738e-01
   1.5504493e-01
   1.2276037e-01
   9.2704430e-02
   1.2311298e-01
   1.4760014e-01
   1.3330035e-01
   1.0901089e-01
   8.0030195e-02
   1.5313857e-02
   4.3204278e-02
   1.8620528e-02
   3.3347182e-02
   2.7031127e-02
   5.1113557e-02
   9.5120773e-02
   4.4478547e-02
   1.4043127e-02
   2.4467926e-02
   1.5370089e-02
   1.9279912e-02
   3.9368834e-02
   7.3159561e-02
   6.0247708e-02
   4.0710635e-02
   1.2937833e-01
   1.2375356e-01
   1.1702251e-01
   1.0094277e-01
   6.0657401e-02
   3.6322810e-02
   8.1785917e-02
   1.2676151e-01
   1.1550537e-01
   1.3298619e-01
   1.0985350e-01
   7.4954487e-02
   7.2562501e-02
   3.0838961e-02
   3.3665475e-02
   9.0013973e-02
   1.0872569e-01
   1.0212851e-01
   1.1475741e-01
   1.0013616e-01
   4.9634654e-02
   8.4897965e-02
   1.1218455e-01
   1.1746578e-01
   1.7995010e-01
   8.9977033e-02
   2.7504064e-02
   3.9553627e-02
   1.0272047e-01
   1.5875930e-01
   1.9590986e-01
   1.3526034e-01
   5.1757511e-02
   3.3800151e-02
   6.0144912e-02
   1.7503116e-01
   3.6729100e-01
   4.0465042e-01
   2.8208870e-01
   8.5563116e-02
   1.4079561e-02
   3.9371241e-02
   2.7217019e-01
   5.9619302e-01
   6.7345363e-01
   4.3064210e-01
   1.9447629e-01
   7.9586476e-02
   7.7441543e-02
   1.2932646e-01
   2.3161045e-01
   2.2506633e-01
   2.4071176e-01
   1.7238830e-01
   8.8445708e-02
   6.7198135e-02
   1.1859656e-01
   1.9727696e-01
   1.8326569e-01
   1.8780449e-01
   1.5693645e-01
   8.6914934e-02
   1.0293740e-01
   2.2342150e-01
   3.3465338e-01
   3.1160614e-01
   1.5864989e-01
   1.5120926e-01
   5.9295531e-02
   6.0386825e-02
   3.0090907e-01
   4.6117643e-01
   3.8379571e-01
   2.0430784e-01
   8.9733109e-02
  -4.3409136e-03
   4.5088012e-02
   4.8754334e-01
   1.1962104e+00
   1.4393064e+00
   9.6389949e-01
   4.8985398e-01
   1.7177454e-01
   9.0621665e-02
   1.9369073e-01
   3.7258956e-01
   5.0038278e-01
   3.8058805e-01
   3.3019888e-01
   2.9155746e-01
   1.5549521e-01
   1.5415198e-01
   1.7865595e-01
   2.1066663e-01
   1.6762480e-01
   5.9797063e-02
   9.4719172e-02
   5.1506951e-02
   2.5889883e-02
   1.6939469e-02
  -1.9122565e-03
   1.6359901e-02
   4.7536278e-03
   4.2242382e-02
   5.3474896e-02
   5.3746670e-02
   2.1786638e-02
   2.3233561e-02
   7.6611325e-02
   4.3784603e-02
   9.5552742e-02
   9.0630144e-02
   6.1416652e-02
   5.4202784e-02
   5.7600699e-02
   8.3176211e-02
   7.5937949e-02
   1.6393724e-01
   2.0968176e-01
   1.6581625e-01
   3.4110006e-02
   3.0161930e-02
   5.0142586e-02
   1.1727156e-01
   1.2696072e-01
   1.5740304e-01
   1.3394746e-01
   7.8031965e-02
   5.5093791e-02
   5.6080941e-02
   5.6712072e-02
   6.8347298e-02
   6.8544529e-02
   7.2437391e-02
   1.1484037e-01
   4.7380619e-02
   1.5261797e-02
   4.4949375e-02
   5.7182316e-02
   6.1436471e-02
   1.4793767e-01
   1.5401955e-01
   1.2472361e-01
   7.5354941e-02
   5.1338088e-02
   8.9869544e-02
   1.4063314e-01
   9.6802652e-02
   4.2917497e-02
   2.4847286e-02
   4.8921589e-02
   1.3311686e-01
   1.6252838e-01
   1.7924123e-01
   7.3561348e-02
   7.9023331e-02
   4.0694725e-02
   7.0545137e-02
   2.8635192e-01
   4.5330077e-01
   5.1044160e-01
   3.3455268e-01
   1.8157983e-01
   1.0571616e-01
   3.7160754e-02
   1.3792481e-01
   2.1952693e-01
   1.6816874e-01
   1.4754006e-01
   1.2798385e-01
   1.3828641e-01
   1.5113099e-01
   2.1060258e-01
   1.8463521e-01
   1.4192599e-01
   1.3302210e-01
   1.3286942e-01
   1.9722636e-01
   2.0191006e-01
   1.1946716e-01
   5.6660812e-02
   7.4540968e-03
  -2.4027651e-02
   7.3392428e-02
   1.2506309e-01
   2.1252577e-01
   1.4629243e-01
   9.6598715e-02
   9.8067842e-02
   7.5117901e-02
   1.3001645e-01
   3.7540689e-01
   5.8122760e-01
   5.1694214e-01
   3.1274143e-01
   7.9309538e-02
   5.2332383e-02
   2.9537681e-01
   5.0028276e-01
   5.8451587e-01
   6.4451426e-01
   4.6959996e-01
   3.6129484e-01
   2.3996302e-01
   5.1277691e-01
   9.9202597e-01
   9.5735401e-01
   6.6222781e-01
   2.5441152e-01
   5.1308282e-02
   1.5524019e-01
   8.1714708e-01
   1.3790004e+00
   1.2067856e+00
   6.7838550e-01
   2.7532211e-01
  -2.0792527e-02
   2.2960407e-01
   1.4003220e+00
   2.9874818e+00
   3.1078761e+00
   2.0977437e+00
   9.3259084e-01
   2.2237261e-01
   2.9437873e-01
   9.5638967e-01
   1.5820720e+00
   1.4636414e+00
   1.0965422e+00
   6.8121421e-01
   4.1050133e-01
   4.8681301e-01
   7.9411954e-01
   9.6150619e-01
   8.3743554e-01
   4.9411869e-01
   2.6552147e-01
   2.2214387e-01
   3.9159113e-01
   7.6258147e-01
   7.7984887e-01
   5.7988143e-01
   3.0970949e-01
   2.0415758e-01
   1.3408469e-01
   1.2974510e-01
   1.6184209e-01
   8.6310595e-02
   1.0471857e-01
   1.1541788e-01
   1.7388694e-01
   2.1762776e-01
   8.6295649e-02
   1.2957625e-01
   1.0829502e-01
   1.2341333e-01
   5.0859530e-02
   1.0817606e-02
   2.6693180e-02
   6.6578947e-02
   4.7360837e-02
   7.9529740e-02
   1.0576358e-01
   8.9716204e-02
   1.1680920e-01
   1.1466777e-01
   1.2106303e-01
   1.4000908e-01
   3.1026792e-02
   4.1712832e-04
   1.3724209e-02
   9.8614641e-02
   2.5690195e-01
   3.3271256e-01
   2.3068531e-01
   1.3159461e-01
   6.2684573e-02
   1.1113390e-01
   1.1200141e-01
   2.6395437e-01
   3.5790074e-01
   3.5180017e-01
   2.5640503e-01
   1.2028828e-01
   1.9636600e-01
   3.0543420e-01
   2.3744102e-01
   1.2564324e-01
   5.3498603e-02
   6.1478660e-02
   1.7040582e-01
   3.4367663e-01
   3.9635801e-01
   2.6189756e-01
   1.3153112e-01
   2.4347574e-02
  -3.0162930e-02
   1.8550573e-01
   8.2756311e-01
   1.2231144e+00
   9.9882603e-01
   4.9030638e-01
   1.4972763e-01
   1.8999577e-02
   1.4269371e-01
   4.6436176e-01
   5.3428710e-01
   4.1307110e-01
   3.0701473e-01
   2.0660052e-01
   9.1072597e-02
   1.3516364e-01
   2.2694007e-01
   2.9704776e-01
   1.6397478e-01
   1.3434640e-01
   6.7291498e-02
   4.2557184e-02
   1.8183090e-01
   2.5353774e-01
   2.0193371e-01
   1.2586673e-01
   8.6828269e-02
   8.6370885e-02
   1.1356735e-01
   8.7463439e-02
   6.2406279e-02
   6.9507554e-02
   3.0248331e-02
   3.0013463e-02
   1.3751307e-01
   2.6213986e-01
   3.3926830e-01
   2.8148094e-01
   1.3154022e-01
   2.8498035e-02
  -2.2681776e-02
   2.6273439e-02
   3.8282704e-02
   7.0634790e-02
   1.0283196e-01
   8.4079482e-02
   7.2037585e-02
   1.0075018e-01
   1.0743897e-01
   7.8440629e-02
   5.9735879e-02
   5.8601435e-02
   3.1919535e-02
   1.6640553e-02
   1.1507569e-01
   1.1691461e-01
   1.6635264e-01
   1.2661858e-01
   3.4908775e-02
   3.9310109e-02
   2.1517787e-02
   2.4486635e-02
   5.3588361e-02
   8.7719634e-02
   2.1134286e-01
   1.6738629e-01
   9.7287238e-02
   9.9083826e-02
   1.0031100e-01
   7.8576989e-02
   1.9769916e-01
   5.1447994e-01
   8.5332447e-01
   8.4058696e-01
   5.3176916e-01
   3.2955605e-01
   1.7142540e-01
   1.3119610e-01
   2.2463019e-01
   3.2113919e-01
   4.1908628e-01
   7.1240306e-01
   7.7868414e-01
   5.7309991e-01
   2.9784226e-01
   4.4496737e-02
   3.1773563e-02
   1.6820593e-01
   2.6079854e-01
   2.6345724e-01
   2.2218652e-01
   1.9277225e-01
   8.7871902e-02
   3.7155051e-02
   8.2514539e-02
   1.1978497e-01
   1.1602651e-01
   7.5887397e-02
   6.3999131e-02
   1.1414892e-01
   7.1048506e-02
   1.7137425e-01
   1.5544325e-01
   6.1220333e-02
   2.6666414e-02
   4.9541552e-02
   5.7262961e-02
   3.7522838e-02
   7.4761413e-02
   6.0626306e-02
   1.1853876e-02
   3.2227326e-02
   4.3450166e-02
   9.0417348e-02
   1.3095708e-01
   1.4155436e-01
   1.3414058e-01
   4.5459554e-02
   3.2903790e-02
   4.7674701e-03
   9.4076497e-03
   2.0765943e-02
   5.8337580e-02
   6.4626038e-02
   4.7293451e-02
   3.3459689e-02
   7.9924993e-02
   6.6592231e-02
   4.8613675e-02
   6.0773231e-02
   5.2128434e-02
   4.5458611e-02
   6.0691874e-02
   9.6684799e-02
   5.2312702e-02
   7.5543508e-02
   1.0562889e-01
   1.1765338e-01
   7.9063699e-02
   7.4275620e-02
   2.7131787e-02
   9.0535849e-02
   1.1068413e-01
   1.2829070e-01
   1.1455276e-01
   8.8254467e-02
   4.0127829e-02
   4.3421544e-02
   1.0655545e-01
   1.7013200e-01
   1.8600440e-01
   1.8781519e-01
   1.3132246e-01
   6.2740937e-02
   8.4689870e-02
   1.0481018e-01
   4.6564039e-02
   5.5632614e-02
   1.2837549e-01
   2.7522984e-01
   3.3103117e-01
   1.9816315e-01
   1.2543482e-01
   6.4581968e-02
   9.0899527e-02
   1.0920541e-01
   1.4905375e-01
   1.5846379e-01
   1.5880789e-01
   9.3176909e-02
   4.8231550e-02
   2.3286158e-02
   7.1381398e-02
   7.3422864e-02
   4.8506841e-02
   1.1459016e-02
   1.7478356e-02
   4.6234421e-02
   7.9207718e-02
   7.2604269e-02
   4.6224438e-02
   4.7333077e-02
   3.1733658e-02
   4.6297245e-02
   2.2488495e-02
   5.4736882e-02
   4.7827821e-02
   3.0332839e-02
   7.4236956e-03
   5.7452578e-02
   7.3441930e-02
   4.0613402e-02
   2.8613210e-02
   5.3511895e-02
   5.6058459e-02
   6.0455259e-02
   5.9286635e-02
   5.0012790e-02
   6.1495520e-02
   4.7194719e-02
   5.5215601e-02
   6.5709122e-02
   5.5242494e-02
   1.7580958e-02
   4.9257617e-02
   5.1129263e-02
   6.6526286e-02
   4.1464556e-02
   3.5846446e-02
   3.5321288e-02
   1.5877077e-02
   3.7240572e-02
   2.9909987e-02
   5.8831923e-02
   3.8083762e-02
   7.1000233e-02
   8.1116952e-02
   1.0618044e-01
   9.1350324e-02
   9.8837465e-02
   7.4249186e-02
   4.7987428e-02
   5.2946895e-02
   3.9203893e-02
   3.8228348e-02
   8.6192206e-02
   8.8910162e-02
   8.8489458e-02
   3.7858762e-02
   7.4687436e-02
   6.3434787e-02
   5.5896450e-02
   4.7231633e-02
   7.9246916e-02
   6.1124776e-02
   9.7264759e-02
   1.3716115e-01
   8.2460396e-02
   3.5062570e-02
   2.3146367e-02
   2.3670146e-02
   6.0077325e-02
   7.1301997e-02
   6.8091288e-02
   8.2592443e-02
   6.8121649e-02
   3.6118109e-02
   5.1809296e-02
   3.5931163e-02
   2.2127118e-02
   7.5595841e-02
   9.2418283e-02
   6.4269297e-02
   6.7458384e-02
   4.8918705e-02
   8.7188743e-02
   6.0749963e-02
   7.1890317e-02
   7.7963375e-02
   5.9878241e-02
   7.7067956e-02
   5.0656166e-02
   5.1054750e-02
   4.0027849e-02
   6.3221164e-02
   3.5301685e-02
   2.4740191e-02
   5.3936474e-02
   4.8152599e-02
   2.9650597e-02
   4.1099813e-02
   4.0149968e-02
   3.2245312e-02
   5.6719262e-02
   4.7370099e-02
   4.0886812e-02
   4.1929029e-02
   2.5279280e-02
   2.1742612e-02
   2.4981486e-02
   4.9500614e-02
   6.7960486e-02
   4.4527378e-02
   3.0028537e-02
   6.5266788e-02
   6.7063570e-02
   2.0545449e-02
   5.8558378e-02
   7.3084146e-02
   6.5389626e-02
   5.9846248e-02
   4.0949892e-02
   1.9596709e-02
   1.6697008e-02
   2.3095386e-02
   1.5292908e-02
   2.0230161e-02
   3.2268777e-02
   3.3726666e-02
   1.9410504e-02
   4.8217367e-02
   4.4039883e-02
   5.0778873e-02
   4.9453139e-02
   6.8522893e-02
   4.2502578e-02
   3.5197213e-02
   7.5821154e-02
   7.7202715e-02
   2.9745543e-02
   1.7483544e-02
   6.4720593e-02
   7.3603116e-02
   9.1518044e-02
   5.5899635e-02
   5.9854340e-02
   1.6699465e-02
   1.8918268e-02
   2.5628695e-02
   3.6857322e-02
   4.4713806e-02
   7.0754081e-02
   7.7708699e-02
   2.7019063e-02
   2.6247159e-03
   2.2323314e-02
   4.6520844e-02
   6.4339936e-02
   6.7385159e-02
   4.8901130e-02
   4.7954593e-02
   2.0333320e-02
   6.3552530e-03
   5.0890442e-02
   5.9370499e-02
   3.6785789e-02
   3.5385318e-02
   4.0868159e-02
   4.8722692e-02
   6.2135439e-02
   3.9871242e-02
   4.8518531e-02
   2.7292885e-02
   4.9600407e-02
   5.2906349e-02
   3.5077937e-02
   4.0966418e-02
   5.9221607e-02
   3.9197352e-02
   9.2397584e-03
   5.7822265e-02
   3.3696435e-02
   2.8121429e-02
   5.9036911e-02
   5.0372463e-02
   3.7073813e-02
   4.1999113e-02
   3.5739135e-02
   6.4178921e-02
   4.0942229e-02
   2.5052804e-02
   4.5887399e-02
   5.6558825e-02
   4.6397466e-02
   4.3504696e-02
   5.6302797e-02
   3.5415057e-02
   7.6008797e-02
   6.5478146e-02
   2.2086339e-02
   2.6760299e-02
   3.2540586e-02
   1.8024469e-02
   4.8539713e-02
   3.0690646e-02
   4.1179553e-02
   1.6644970e-02
   2.9560331e-02
   3.7901878e-02
   6.1307717e-02
   5.1859912e-02
   5.7093903e-02
   7.6224327e-02
   6.4811431e-02
   4.9339239e-02
   2.3050003e-02
   1.4704587e-02
   4.9044937e-02
   6.0108010e-02
   3.2541249e-02
   7.7345394e-02
   5.1267251e-02
   6.3051559e-02
   6.0039103e-02
   5.4955557e-02
   4.8247736e-02
   1.0149757e-01
   7.2814502e-02
   3.7761647e-02
   1.7958418e-02
   3.3665642e-02
   3.6854897e-02
   3.1670198e-02
   3.7196863e-02
   5.2841619e-02
   6.5285876e-02
   5.6391582e-02
   7.5062856e-02
   5.3121604e-02
   5.1632109e-03
   1.2722889e-02
   3.7614761e-03
   2.0490069e-02
   4.1723818e-02
   7.0140168e-02
   6.5209210e-02
   1.7882748e-02
   3.3135466e-02
   7.3755234e-02
   8.3175093e-02
   7.4478440e-02
   5.8139443e-02
   3.6768164e-02
   4.9481008e-02
   4.7685247e-02
   5.5157293e-02
   8.6262576e-02
   5.3603321e-02
   6.3041255e-02
   6.5378264e-02
   5.1220510e-02
   4.1964695e-02
   2.9184911e-02
   4.0074226e-02
   4.9342237e-02
   4.3340389e-02
   2.5837576e-02
   3.8065206e-02
   5.4841995e-02
   6.5663725e-02
   5.1433910e-02
   3.5521168e-02
   3.0476140e-02
  -1.0605942e-02
   1.4484869e-02
   4.5583002e-02
   8.2792215e-02
   8.5059948e-02
   4.2714953e-02
   7.4229762e-02
   6.2032800e-02
   6.3627526e-02
   6.6439457e-02
   7.0133246e-02
   3.7831001e-02
   4.7890723e-02
   4.4894475e-02
   6.4843684e-02
   1.5192124e-01
   1.7326438e-01
   9.5687464e-02
   3.0639822e-02
   4.1426942e-03
   6.5662034e-02
   1.9370584e-01
   4.3972430e-01
   5.0302196e-01
   3.2382643e-01
   1.3359241e-01
   4.4580065e-02
   7.7972986e-02
   1.5598880e-01
   1.9955367e-01
   2.3022205e-01
   2.0522994e-01
   1.2388765e-01
   4.6346840e-02
   4.2314202e-02
   3.5377853e-02
   4.6490256e-02
   7.7094220e-02
   5.4926906e-02
   7.6074004e-02
   6.4690053e-02
   5.5364631e-02
   2.1060439e-02
   1.5441227e-02
   4.7116626e-02
   5.2916639e-02
   6.6896021e-02
   5.3818267e-02
   4.1523237e-02
   4.3801770e-02
   2.6756505e-02
   3.0272892e-02
   4.6958450e-02
   3.2172579e-02
   4.4729814e-02
   7.3534325e-02
   3.8302608e-02
   7.3901840e-02
   3.1166859e-02
   1.4233053e-02
   2.4754768e-03
   2.6488461e-02
   2.0757943e-02
   3.0785033e-02
   3.6387682e-02
   1.0220276e-02
   3.4979265e-02
   3.2135580e-02
   5.5501249e-02
   2.5632743e-02
   2.5132656e-02
   2.8032517e-02
   3.2781582e-02
   4.7214676e-02
   3.8395148e-02
   2.1374222e-02
   3.7690196e-02
   3.0771025e-02
   3.8586643e-02
   5.6333978e-02
   5.8833428e-02
   5.4908659e-02
   1.8487632e-02
   3.0111786e-02
   3.8265165e-02
   1.0846626e-02
   3.2184593e-02
   7.8436002e-02
   6.6428743e-02
   3.1753894e-02
   2.6898189e-02
   2.1710955e-02
   4.3030534e-02
   3.2115631e-02
   3.5586029e-02
   7.5521037e-02
   1.3350774e-01
   1.2237966e-01
   7.5743914e-02
   2.8226387e-02
   3.3070087e-02
   3.7796002e-02
   4.4966415e-02
   6.7937568e-02
   6.1038435e-02
   7.6520212e-02
   8.3695725e-02
   9.2486031e-02
   5.4268654e-02
   1.9478370e-02
   3.8276356e-02
   4.2907156e-02
   7.0442591e-04
   1.6936645e-02
   3.5105553e-02
   5.4747000e-02
   6.0927324e-02
   3.8230676e-02
  -2.0625996e-03
   3.9381254e-03
   8.8411123e-03
   5.9731910e-03
   2.6588758e-02
   2.1713095e-02
   1.7282996e-02
   5.1211428e-02
   4.8437595e-02
   4.3799561e-02
   3.6246452e-02
   2.1491513e-02
   3.8664039e-02
   4.3951880e-02
   2.6365919e-02
   2.6503343e-02
   5.8283117e-02
   2.3454804e-02
   1.9824399e-02
   3.6269616e-02
   3.0693762e-02
   2.6169723e-02
   2.3737639e-02
   2.4694268e-02
   3.1461664e-02
   4.9398415e-02
   7.4999809e-02
   3.0431645e-02
   4.3969035e-02
   5.4708637e-02
   5.5785287e-02
   6.1575804e-02
   7.1639180e-02
   2.6375758e-02
   5.1576279e-02
   5.6870263e-02
   2.4209090e-02
   4.4378743e-02
   2.1557268e-02
   4.1402686e-02
   3.0772090e-02
   5.1715147e-02
   4.0735360e-02
   2.9553859e-02
   6.0345042e-02
   6.5349594e-02
   4.7074486e-02
   3.1130759e-02
   3.9744087e-02
   4.9264245e-02
   1.7242141e-02
  -1.8688692e-03
   5.9939396e-02
   8.2262643e-02
   8.3401188e-02
   3.4777064e-02
   2.5211297e-02
   3.6536340e-02
   5.1970541e-02
   5.1197600e-02
   4.3902043e-02
   3.9646067e-02
   2.6565515e-02
   3.5148919e-02
   1.9660179e-02
   3.7151285e-02
   2.3963334e-02
   3.5752598e-02
   2.2497715e-02
   2.2357032e-02
   2.7842067e-02
   1.6536020e-02
   1.2207426e-02
   1.6047385e-02
   2.9518379e-02
   2.3857763e-02
   3.7709080e-02
   2.9938145e-02
   3.6934704e-02
   5.2124329e-02
   3.6185250e-02
   1.4724835e-02
   4.3498863e-02
   6.2601335e-02
   5.7173658e-02
   2.3780661e-02
   1.8358776e-02
   4.7959495e-02
   2.4031319e-02
   4.6748243e-02
   4.5661036e-02
   4.0587947e-02
   1.6989006e-02
   4.6556342e-02
   2.3991508e-02
   3.8773522e-02
   3.4073152e-02
   1.1455913e-02
   1.7984048e-02
   2.3586202e-02
   2.2069693e-02
   4.5205906e-02
   4.7492135e-02
   3.1216273e-02
   3.5645653e-02
   4.7612522e-02
   4.3380242e-02
   1.3473678e-02
   2.8709574e-02
   5.2769199e-02
   3.6123279e-02
   1.5193223e-02
   2.6878789e-02
   1.1969176e-02
   1.0736736e-02
   3.2658778e-02
   1.9888734e-02
   3.8077880e-02
   3.2560520e-02
   1.9140629e-02
   5.3899117e-02
   5.0341338e-02
   3.0596554e-02
   5.2386958e-02
   4.3475159e-02
   4.9784992e-02
   3.4488477e-02
   4.8550788e-02
   4.7163639e-02
   1.0223589e-02
   1.5919473e-02
   3.6327392e-02
   2.7537160e-02
   3.1320613e-02
   2.8859761e-02
   3.4721088e-02
   3.9356882e-03
   7.5690015e-03
   2.8639005e-02
   2.2500224e-02
   3.6319640e-02
   2.1309551e-02
   1.9376403e-02
   1.9352762e-02
   4.1274153e-02
   3.9887805e-02
   3.8359191e-02
   4.6597831e-02
   5.3802319e-02
   4.3569572e-02
   2.8562065e-02
   1.7754510e-02
   2.1499990e-02
   3.0704955e-02
   2.4558766e-02
   3.6531404e-02
   3.5129782e-02
   6.0513519e-02
   5.9141338e-02
   5.0790127e-02
   3.3005353e-02
   3.0128736e-02
   1.7027820e-02
   6.1545305e-02
   4.7517665e-02
   2.0355538e-02
   4.1305799e-02
   3.4832474e-02
   6.2286083e-02
   2.9643476e-02
   2.6791878e-02
   5.9936259e-02
   1.4932447e-02
   3.5986125e-02
   2.7565721e-02
   2.4274616e-02
   6.2100396e-02
   4.1938663e-02
   3.9827477e-02
   5.4483321e-02
   5.6749236e-02
   5.3487498e-02
   5.0909378e-02
   2.6469998e-02
   4.6758059e-02
   4.3199252e-02
   7.2678231e-02
   4.2734858e-02
   1.7492663e-02
   9.2414878e-03
