   2.3195228e-02
   5.3826120e-02
   3.6953539e-02
   2.1553677e-02
   3.8825449e-02
   3.8916998e-02
   5.1623628e-02
   3.4691028e-02
   1.7809473e-02
   1.8558709e-02
   2.8918236e-02
   1.7832160e-02
   1.1449915e-02
   4.6908278e-02
   4.1024961e-02
   3.3966381e-02
   2.3638612e-02
   5.5627797e-02
   5.3548206e-02
   4.6833590e-02
   3.8933545e-02
   1.3799926e-02
   2.2127988e-02
   2.8556606e-02
   3.7399501e-02
   4.0542029e-02
   3.9046045e-02
   4.3585707e-02
   3.4923140e-02
   3.7704781e-02
   3.6077298e-02
   2.3256510e-02
   2.0035261e-02
   2.7878148e-02
   1.7876307e-02
   4.0925879e-02
   4.8496362e-02
   3.2920636e-02
   5.1413618e-02
   6.8950184e-02
   6.0130090e-02
   6.3679650e-02
   3.8824916e-02
   2.3369787e-02
   4.2085782e-02
   2.9930320e-02
   3.1472906e-02
   2.9742321e-02
   3.3043060e-02
   1.9655487e-02
   1.2172855e-02
   2.8843662e-02
   2.0250589e-02
   2.4939705e-02
   4.0943198e-02
   5.0904889e-02
   5.9313245e-02
   5.2997768e-02
   4.5018915e-02
   4.5742549e-02
   2.9453702e-02
   1.9307740e-02
   3.5525363e-02
   3.0858038e-02
   2.7833613e-02
   4.5811724e-02
   1.8501753e-02
   1.2003313e-02
   1.8020302e-02
   1.8609550e-02
   2.1577684e-02
   2.9943626e-02
   3.4527391e-02
   3.0507093e-02
   2.8438276e-02
   3.6703084e-02
   3.6386732e-02
   3.7055600e-02
   5.9337247e-02
   3.5685293e-02
   3.0297764e-02
   1.9765457e-02
   2.3972547e-02
   2.8290562e-02
   3.7107460e-02
   2.4331307e-02
   2.4955856e-02
   5.2477345e-02
   4.7048546e-02
   2.9826289e-02
   2.7010184e-02
   2.7507661e-02
   2.0047452e-02
   1.4967281e-02
   2.5643241e-02
   2.9251223e-02
   4.0898729e-02
   5.1537301e-02
   3.6005799e-02
   3.0917322e-02
   1.9457107e-02
   1.3547513e-02
   1.9910982e-02
   2.9509326e-02
   4.2963944e-02
   2.9668050e-02
   5.6470215e-02
   4.7051374e-02
   4.7641519e-02
   3.9103128e-02
   3.1672537e-02
   2.9707300e-02
   5.1743831e-02
   5.5014126e-02
   4.7128901e-02
   1.4187199e-02
   2.2712110e-02
   1.9292701e-02
   2.8332852e-02
   3.6075305e-02
   5.2617081e-02
   3.2044854e-02
   2.2281002e-02
   3.6645886e-02
   2.0701207e-02
   2.4317484e-02
   1.8043330e-02
   5.2051791e-06
   2.7678555e-02
   3.8609598e-02
   3.6847405e-02
   3.4377679e-02
   1.4982034e-02
   3.4062948e-02
   3.4703095e-02
   2.0024804e-02
   2.4268758e-02
   3.2064848e-02
   3.0459547e-02
   4.0404461e-02
   4.2654678e-02
   2.5427496e-02
   2.1397114e-02
   3.8100716e-02
   5.0304271e-02
   3.9339103e-02
   2.1219062e-02
   2.5372019e-02
   3.2562226e-02
   2.7635064e-02
   2.6552979e-02
   6.3423486e-03
   4.1174307e-02
   3.0514570e-02
   2.3526184e-02
   3.5602190e-02
   3.7671819e-02
   2.7913129e-02
   4.3148536e-02
   3.4744844e-02
   5.2366652e-02
   4.6033077e-02
   4.4136975e-02
   1.5172753e-02
   3.0746935e-02
   3.9574377e-02
   1.2042579e-02
   3.5011899e-02
   4.1264746e-02
   3.0690996e-02
   4.4579990e-02
   3.6593102e-02
   3.4599692e-02
   3.1602442e-02
   2.1776160e-02
   3.8821790e-02
   1.7784249e-02
   4.0525801e-02
   5.5715196e-02
   5.0116252e-02
   4.0433627e-02
   2.1944452e-02
   2.1541862e-02
   3.2243505e-02
   2.7106946e-02
   1.3111675e-02
   3.2005902e-02
   2.2441516e-02
   4.3010000e-02
   4.0583674e-02
   3.8616493e-02
   3.7904330e-02
   1.9068561e-02
   2.0705050e-02
   2.5944786e-02
   3.1088965e-02
   1.7336881e-02
   3.5068445e-02
   2.9553555e-02
   9.5420806e-03
   1.7841011e-02
   4.8712306e-02
   3.9625943e-02
   8.7773688e-03
   2.5451021e-02
   3.4570776e-02
   4.0506929e-02
   2.1214847e-02
   3.2894973e-02
   4.8618566e-02
   4.0029787e-02
   3.9083604e-03
   2.6433030e-02
   3.3617582e-02
  -7.8491756e-04
   1.9462872e-02
   2.2788107e-02
   2.5937866e-02
   3.3049129e-02
   3.4843855e-02
   1.8511027e-02
  -6.5610567e-03
   1.3047940e-02
   2.4786107e-02
   2.7947703e-02
   2.5349515e-02
   4.6919037e-02
   2.6040833e-02
   6.8138191e-03
   9.9131661e-03
   4.5392573e-02
   4.4863690e-02
   2.9766843e-02
   4.0473767e-02
   4.5225859e-02
   2.4693791e-02
   4.9129918e-02
   7.3128767e-02
   1.6864825e-02
   2.6662188e-02
   5.3928498e-02
   7.4067287e-02
   5.4771710e-02
   1.5221513e-02
   7.0298151e-03
   2.3741312e-02
   4.9195044e-02
   3.7862167e-02
   3.7140213e-02
   2.0529890e-02
   4.4152785e-02
   4.7727711e-02
   2.3323109e-02
   2.5224641e-02
   3.1549174e-02
   3.0407652e-02
   2.8913954e-02
   3.1215573e-02
   3.2633688e-02
   4.1574109e-02
   4.2577613e-02
   2.9150091e-02
   2.7434936e-02
   3.7862316e-02
   3.9570387e-02
   2.9254170e-02
   2.9180571e-02
   1.8585833e-02
   2.2129236e-02
   2.5840435e-02
   1.7722759e-02
   1.1407168e-02
   2.1245420e-02
   1.8587111e-02
   4.3610536e-02
   4.9834296e-02
   5.3929903e-02
   1.5909245e-02
   4.5968648e-02
   5.7634424e-02
   3.5478026e-02
   6.1986019e-04
   2.4300689e-02
   3.7945785e-02
   5.4232858e-02
   3.6591388e-02
   5.2157838e-02
   1.9221436e-02
   1.6467292e-02
   4.3466985e-02
   1.8583156e-02
   3.8111083e-02
   2.8382218e-02
   4.3815337e-02
   3.9976738e-02
   5.4733582e-02
   4.8093889e-02
   5.9217967e-02
   6.1049595e-02
   5.4959204e-02
   1.0444700e-01
   1.6457008e-01
   1.0265491e-01
   5.1219478e-02
   8.0923840e-02
   9.8253585e-02
   7.4766710e-02
   2.6343031e-02
   4.7300018e-02
   3.9533559e-02
   6.2376246e-02
   1.4434522e-01
   1.8449470e-01
   1.2494701e-01
   7.9698846e-02
   5.5409942e-02
   4.8550416e-02
   3.4785535e-02
   6.4498477e-02
   4.9614780e-02
   5.8172364e-02
   3.2140296e-02
   4.0896788e-02
   4.7069430e-02
   2.6819263e-02
   3.9651975e-02
   2.9356269e-02
   2.3095053e-02
   4.5946538e-02
   2.3350155e-02
   3.0082434e-02
   2.5757736e-02
   1.8147333e-02
   7.3169577e-03
   7.5860806e-02
   9.7577900e-02
   6.2051386e-02
   4.8912738e-02
   5.4157250e-02
   3.6302067e-02
   3.1552967e-02
   3.3556011e-02
   4.2697791e-02
   4.4361755e-02
   3.7910812e-02
   3.3254344e-02
   2.2453362e-02
   1.6710768e-02
   9.5942421e-03
   3.1899828e-02
   2.9750990e-02
   5.1132906e-02
   3.9001286e-02
   5.4293387e-02
   2.7506596e-03
   1.5351074e-02
   4.6885215e-02
   8.4151015e-02
   9.4362289e-02
   4.9533673e-02
   4.2138200e-02
   2.2232233e-02
   3.5279822e-02
   6.4132527e-02
   6.2907286e-02
   5.7318587e-02
   3.2864772e-02
   3.1134792e-02
   2.3158567e-02
   2.0535409e-02
   2.7225303e-02
   4.5545632e-03
   1.3120211e-02
   5.3085554e-02
   4.2756364e-02
   3.0157775e-02
   3.0849608e-02
   5.4579884e-02
   4.9456246e-02
   3.7945285e-02
   3.2574899e-02
   2.3587352e-02
   1.2341213e-02
   2.2920460e-02
   3.1871475e-02
   1.8772259e-02
   3.3642936e-02
   4.6548277e-02
   2.8610958e-02
   3.0217016e-02
   4.5467559e-02
   5.1186286e-02
   6.4027876e-02
   1.4568036e-02
   1.4412371e-02
   1.2132152e-02
   2.2671398e-02
   1.6656740e-02
   1.8012490e-02
   4.1438978e-02
   4.2614341e-02
   4.6744768e-02
   3.3529978e-02
   1.6673444e-02
   3.4549769e-02
   3.2587804e-02
   2.1104503e-02
   4.4867884e-02
   5.4877009e-02
   5.1673144e-02
   4.0121395e-02
   2.2635212e-02
   3.5382066e-02
   4.3012824e-02
   9.7989894e-02
   1.7687909e-01
   1.4509875e-01
   6.9900103e-02
   3.9596722e-02
   4.0564843e-02
   5.1617529e-02
   4.6494752e-02
   4.9296658e-02
   3.0593853e-02
   2.1429023e-02
   2.4605151e-02
   4.4082226e-03
   4.4785175e-02
   5.6585152e-02
   3.8733844e-02
   2.2276727e-02
   1.7634135e-02
   3.6707334e-02
   3.9577305e-02
   2.5721407e-02
   2.2510970e-02
   1.1641574e-02
   4.4012751e-02
   3.6050253e-02
   3.1987820e-02
   2.0052273e-02
   1.6652225e-02
   5.1157251e-02
   4.7538783e-02
   3.4718644e-02
   1.8964075e-02
   1.4314821e-03
   3.0680094e-02
   4.5563970e-02
   4.9934793e-02
   3.6874201e-02
   2.2790840e-02
   3.2923892e-02
   4.0332504e-02
   5.2903198e-02
   4.8866168e-02
   4.5226187e-02
   3.1759314e-02
   3.0305492e-02
   4.3342791e-02
   3.3241712e-02
   4.3640684e-02
   3.9660901e-02
   5.3544160e-02
   7.0556052e-02
   3.3001777e-02
   4.2064406e-02
   2.4592042e-02
   2.4346672e-02
   3.5861310e-02
   3.9115842e-02
   1.5499047e-02
   3.5410613e-02
   5.4827183e-02
   3.6806341e-02
   2.2677436e-02
   3.0528214e-02
   5.4290649e-02
   2.8856032e-02
   4.3413967e-02
   2.4812527e-02
   5.1935270e-02
   3.3997871e-02
   4.5674186e-02
   6.4400837e-02
   3.8370501e-02
   5.0795529e-02
   9.6804528e-03
   7.3782112e-03
   2.9145664e-02
   2.2066236e-02
   1.2604731e-02
   1.9464251e-02
   3.2133538e-02
   2.8663216e-02
   3.5276491e-02
   8.7533228e-02
   9.7013228e-02
   5.4595053e-02
   2.2960847e-02
   3.0621497e-02
   4.4373985e-02
   4.4884849e-02
   3.0628482e-02
   5.1986266e-02
   5.3743511e-02
   2.3680868e-02
   2.6902713e-02
   2.9709492e-02
   1.8431574e-02
   3.6471177e-02
   4.7646403e-02
   4.0171839e-02
   5.6363031e-02
   4.5240507e-02
   3.7028428e-02
   4.9794368e-02
   4.6899609e-02
   5.6502797e-02
   2.0441666e-02
   2.3153218e-02
   2.4167754e-02
   2.8855992e-02
   3.1457175e-02
   2.9708974e-02
   4.5507502e-02
   5.7697255e-02
   3.6130905e-02
   3.0171374e-02
   9.2861485e-03
   1.3063492e-02
   3.0631991e-02
   4.7563024e-02
   5.3266123e-02
   1.8710544e-02
   2.0515770e-02
   5.3801630e-02
   1.3320170e-01
   1.7280078e-01
   1.1161496e-01
   5.6912214e-02
   5.3972062e-02
   4.1446112e-02
   2.5140626e-02
   2.0816896e-02
   5.3543743e-02
   6.2650047e-02
   3.4913372e-02
   2.3848576e-02
   3.0503845e-02
   3.5251498e-02
   3.7135184e-02
   3.8732633e-02
   4.6128999e-03
   2.1428112e-02
   3.9759018e-02
   2.0366240e-02
   2.7524987e-02
   3.5627358e-02
   6.1344832e-02
   1.1621382e-01
   1.4129941e-01
   1.1450821e-01
   8.1136331e-02
   7.0659868e-02
   4.7229074e-02
   2.8900541e-02
   3.1765088e-02
   1.0359181e-01
   1.3260800e-01
   8.9251108e-02
   6.8469085e-02
   3.0889943e-02
  -5.2672409e-04
   5.3320523e-02
   8.2253426e-02
   4.0061217e-02
   1.8959025e-02
   5.3789034e-03
   8.5067861e-03
  -2.1897098e-02
   3.0336570e-02
   6.4070910e-02
   5.9267584e-02
   4.4125736e-02
   1.4794381e-02
  -1.6658932e-02
   8.3295681e-02
   2.9447937e-01
   3.0123970e-01
   2.1261464e-01
   1.6827703e-01
   1.0065524e-01
   7.0849597e-02
   2.6650170e-02
   2.0486748e-01
   9.0569884e-01
   1.1751323e+00
   6.1051261e-01
   1.7658560e-01
   1.1849008e-01
   1.7789491e+00
   5.7206740e+00
   5.4043508e+00
   2.1907177e+00
   5.4216540e-01
   2.1319461e-01
   1.7991132e-01
   4.0983576e-01
   1.0553030e+00
   1.0632052e+00
   5.4819000e-01
   1.8516332e-01
   5.9911281e-02
   1.1764582e-01
   2.3229939e-01
   3.9879677e-01
   3.9130473e-01
   1.7918147e-01
   4.8828468e-02
   4.6049431e-02
   9.1182463e-02
   1.3267848e-01
   1.6916069e-01
   1.9382346e-01
   2.0093961e-01
   1.3220179e-01
   2.7517343e-02
   1.7330120e-03
   2.2644935e-02
   7.4932635e-02
   5.5829681e-02
   9.3916953e-03
   1.2624757e-02
   1.9920683e-02
   6.0761791e-02
   3.3910431e-02
   2.9674474e-02
   5.1307809e-02
   2.6221177e-02
   1.0343677e-02
   6.8035070e-03
   5.2871279e-02
   7.3129550e-02
   5.6234967e-02
   7.1917740e-03
   7.9741972e-03
   1.0761318e-01
   1.7162710e-01
   1.6255294e-01
   4.8636273e-02
   7.5932950e-02
   4.7067389e-01
   6.0465324e-01
   2.7991611e-01
   9.3180224e-02
   1.3627976e-01
   1.9088477e-01
   1.2678923e-01
   1.2400551e-01
   8.3307430e-02
   1.9424915e-01
   6.0852551e-01
   7.1659911e-01
   3.2696646e-01
   1.0245879e-01
   4.9671095e-02
   1.3721476e-02
   2.1515682e-02
   1.3076623e-01
   1.5990722e-01
   8.2837261e-02
   1.3059746e-02
   5.5018114e-03
   3.5779689e-02
   7.4023120e-02
   6.3454233e-02
   3.1203646e-02
   2.7922822e-02
   1.7035434e-02
   3.5865512e-02
   4.6073504e-02
   5.0518934e-02
   6.1408740e-02
   2.5168387e-02
   2.5859639e-02
   3.3012424e-02
   1.9180572e-02
   7.4649058e-02
   5.9529971e-02
   2.4868080e-02
   3.8348947e-02
   2.8590465e-02
   1.6583726e-02
   5.5046521e-02
   6.0402922e-02
   4.9430180e-02
   4.7540281e-02
   5.6570292e-02
   3.3053838e-02
   3.0670509e-02
   5.4532997e-02
   6.7326732e-02
   4.6199474e-02
   1.9072395e-02
   3.4854248e-02
   9.7489886e-02
   1.3324954e-01
   1.2953438e-01
   8.1071675e-02
   8.8236615e-02
   1.6192912e-01
   1.8847167e-01
   1.0846838e-01
   8.5904285e-02
   1.8584539e-01
   3.9282146e-01
   4.1783196e-01
   1.7053756e-01
   5.0324284e-02
   3.1182989e-01
   1.2784265e+00
   1.4704028e+00
   6.9945848e-01
   2.1942119e-01
   4.8142385e-02
   1.0848907e-01
   2.0172113e-01
   2.7959055e-01
   2.4983545e-01
   1.3842258e-01
   6.1541788e-02
   3.2106064e-02
   3.1840067e-02
   7.0640594e-02
   1.1348595e-01
   7.8465104e-02
   1.1363229e-02
  -5.7633342e-03
   3.9445821e-02
   6.2859602e-02
   2.8856155e-02
   3.8710073e-02
   2.7542457e-02
   9.7232321e-03
   1.5510524e-02
   1.7797964e-02
   8.8704061e-03
   1.9103901e-02
   1.8215161e-02
   1.4614298e-02
   9.9658370e-03
   4.5861926e-02
   4.7488153e-02
   4.5856245e-02
   5.4481849e-02
   4.2225149e-02
   1.4921464e-02
   9.5547708e-03
   1.7720794e-02
   4.4088569e-02
   5.1294301e-02
   6.3628711e-02
   3.3421785e-02
   3.6014806e-02
   5.9434488e-02
   1.0224130e-01
   1.1398556e-01
   7.2721861e-02
   4.7935221e-02
   5.3188097e-02
   4.1562460e-02
   4.0219184e-02
   5.9394062e-02
   1.0709991e-01
   1.4228603e-01
   8.3377644e-02
   5.0596368e-02
   3.9138079e-02
   1.0533730e-01
   2.3958918e-01
   2.3631755e-01
   1.3046207e-01
   5.6581952e-02
   2.9783864e-02
   4.4792704e-02
   5.3758506e-02
   7.8337401e-02
   5.0705079e-02
   1.7133426e-02
   5.3751882e-02
   8.1576027e-02
   7.2979264e-02
   7.0223689e-02
   5.9319019e-02
   2.4144500e-02
   1.9455636e-02
   1.7837720e-02
   1.5184982e-02
   2.4094397e-02
   5.9126768e-02
   1.0046033e-01
   5.2844141e-02
   3.1262130e-02
   4.1889269e-02
   2.9647315e-02
   1.8826909e-02
   1.6151531e-02
   3.6977127e-02
   2.5271384e-02
   1.9458616e-02
   2.0887101e-02
   7.1764709e-03
   3.4313336e-02
   6.9692552e-02
   3.5505142e-02
   1.2228964e-02
   3.8442545e-02
   6.2176537e-02
   3.9543472e-02
   3.9658591e-02
   7.9069175e-03
   3.6249939e-02
   4.2024355e-02
   3.4493476e-02
   4.6168782e-02
   3.1606253e-02
   1.9391803e-02
   3.1028558e-02
   4.5200855e-02
   2.1004137e-02
   2.5204843e-02
   5.3426951e-02
   6.4023763e-02
   6.6404402e-02
   4.2809844e-02
   2.9438630e-02
   3.8147222e-02
   7.7702701e-02
   1.0376134e-01
   6.0716450e-02
   4.2253274e-02
   5.1485740e-02
   6.3233502e-02
   6.4749211e-02
   4.7370750e-02
   3.4157019e-02
   7.3719467e-03
   1.4938970e-02
   2.4810802e-02
   2.8213581e-02
   2.2351095e-02
   4.7611129e-02
   7.3256433e-02
   7.6890506e-02
   3.2600343e-02
   3.1138938e-02
   2.8689699e-02
   6.7002967e-02
   7.9748549e-02
   1.6889755e-02
   2.0454206e-02
   9.6007526e-02
   1.4825976e-01
   1.2453349e-01
   4.9337603e-02
   1.8141259e-02
   5.0355107e-02
   1.0598046e-01
   7.1754530e-02
   5.8070660e-02
   4.3945875e-02
   1.9178517e-02
   1.6263191e-02
   4.0780656e-02
   3.7846811e-02
   2.5619319e-02
   4.3520477e-02
   3.9005239e-02
   4.4730701e-02
   4.0578444e-02
   2.4155758e-03
   2.2313004e-02
   2.5554745e-02
   2.8823225e-02
   2.9421682e-02
   1.2945618e-02
   1.2106431e-02
   7.9104872e-03
   2.6752222e-02
   2.5637854e-02
   1.9614587e-02
   4.0092818e-02
   3.9128877e-02
   6.9620134e-03
   4.2617347e-02
   3.0096138e-02
   1.4874470e-02
   1.6038038e-02
   1.4600233e-02
   2.0938067e-02
   3.6769297e-02
   2.8815454e-02
   2.1704223e-02
   9.5410775e-03
   1.9868312e-02
   4.2435531e-02
   2.6575992e-02
   3.3074126e-02
   2.9725352e-02
   1.8444866e-02
   3.5031542e-02
   5.1862303e-02
   6.7799583e-02
   4.1451339e-02
   3.8304999e-02
   3.3336621e-02
   2.6131790e-02
   2.3207124e-02
   2.9274426e-02
   5.2904695e-02
   6.2738076e-02
   6.3838333e-02
   5.6621119e-02
   5.8426313e-02
   4.0555459e-02
   3.3328086e-02
   4.0430151e-02
   4.6827011e-02
   5.0981298e-02
   6.8067439e-02
   5.6067657e-02
   6.1510570e-02
   5.4061040e-02
   5.0721321e-02
   4.4155803e-02
   4.0246695e-02
   5.4097153e-02
   9.3788296e-02
   8.5571378e-02
   4.1419771e-02
   2.0524763e-02
   5.9374683e-02
   1.3057405e-01
   1.3424315e-01
   9.9211402e-02
   2.8506422e-02
   5.0576895e-02
   1.0501122e-01
   1.0051396e-01
   7.1528874e-02
   2.5162473e-02
   1.1317260e-01
   1.8847392e-01
   1.4591113e-01
   4.0387712e-02
   4.0825944e-02
   2.1917328e-01
   2.8536573e-01
   1.9799978e-01
   6.5021098e-02
   4.1478500e-02
   2.4496070e-01
   4.5080465e-01
   2.8317469e-01
   9.3397580e-02
   8.4879860e-02
   4.7693759e-01
   7.8886223e-01
   5.5472517e-01
   1.9808733e-01
   1.1764517e-01
   1.9728535e-01
   1.7324030e-01
   1.1547933e-01
   4.3267276e-02
   4.6890918e-02
   1.5228151e-01
   1.1846751e-01
   5.2801315e-02
   1.0239560e-01
   1.0576595e-01
   7.9456747e-02
   1.0607932e-02
   4.7589995e-02
   3.4342084e-02
   2.0536656e-02
   2.5162639e-02
   7.1806437e-03
   1.8513307e-02
   5.8596488e-03
  -3.0294575e-03
   6.9530704e-03
   2.4119548e-02
   4.3742247e-02
   5.0184105e-02
   2.3653101e-02
   1.9604668e-02
   2.7776921e-02
   2.3349760e-02
  -2.3688689e-04
   3.6447618e-02
   3.7312023e-02
   2.2852298e-02
   2.7945684e-02
   7.7309877e-02
   9.6620403e-02
   7.3481373e-02
   3.8339801e-02
   2.9267875e-02
   4.1468609e-02
   2.6854139e-02
   2.7476398e-02
   3.0212209e-02
   7.2034024e-02
   7.1932100e-02
   4.3980096e-02
   4.3651797e-02
   6.4326651e-02
   1.3989474e-01
   1.1961620e-01
   3.4638394e-02
   1.9681748e-02
   7.9834305e-02
   9.5869422e-02
   6.3575253e-02
   2.9794872e-02
   2.8074028e-02
   5.3687554e-02
   9.2575587e-02
   9.7403325e-02
   6.7539357e-02
   3.3078033e-02
   5.7284787e-02
   4.7035135e-02
   1.9836601e-02
   2.2315929e-02
   1.6292596e-02
   1.8381413e-02
   1.7768305e-02
   7.5384323e-03
   3.4962285e-02
   7.7164225e-02
   7.1782917e-02
   6.2959278e-03
   2.0436510e-02
   3.1956214e-02
   1.4903540e-02
   3.5618205e-02
   5.0123192e-02
   6.9585614e-02
   8.6463802e-02
   1.1406851e-01
   6.7428276e-02
   3.1938724e-02
   1.7532663e-02
   8.8625401e-03
   1.8347966e-02
   3.7468333e-02
   3.4495115e-02
   1.5554205e-02
   3.3751946e-02
   1.9401662e-02
   2.5927480e-02
   2.3801662e-02
   2.2460243e-02
   3.6998644e-02
   2.4120346e-02
   6.3453488e-02
   8.4445484e-02
   9.3971424e-02
   7.6148212e-02
   5.1400524e-02
   6.6421829e-02
   7.1159415e-02
   5.3305093e-02
   4.6957958e-02
   4.9312003e-02
   5.5404063e-02
   1.2215586e-01
   1.3360527e-01
   5.8410354e-02
   4.4946164e-02
   1.5132894e-02
   3.4305967e-02
   2.8430380e-02
   2.0782011e-02
   1.4716842e-02
   2.9775418e-02
   5.3370614e-02
   3.7615445e-02
   2.9422445e-02
   4.8227735e-02
   4.8081603e-02
   1.4676296e-02
   1.3040518e-02
   1.5296553e-02
   5.6676891e-02
   5.5752721e-02
   3.1065462e-02
   3.3661954e-02
   3.5957545e-02
   4.5656484e-02
   1.4406655e-02
   3.2522604e-02
   6.5593980e-02
   4.4451833e-02
   3.0454207e-02
   4.4574775e-02
   4.9383920e-02
   6.6972494e-02
   5.2096039e-02
   1.4792545e-02
   3.2728780e-02
   6.0351700e-02
   1.3511099e-02
   2.3529800e-02
   3.4977701e-02
   3.4234188e-02
   7.3421439e-03
   6.1956313e-03
   3.7778378e-02
   1.2659991e-02
   3.3316027e-02
   3.0538296e-02
   3.8192339e-02
   4.2867180e-02
   3.8615160e-02
   2.6589638e-02
   2.2055751e-02
  -8.7558234e-04
   3.9874488e-03
   7.3111663e-03
   9.5543917e-03
   4.6473391e-02
   3.4570847e-02
   4.2201459e-02
   2.4946626e-02
   2.1316802e-02
   3.8999811e-02
   2.7235903e-02
   3.2463893e-02
   3.6593940e-02
   4.4967372e-02
   6.2186461e-02
   4.0620048e-02
   5.5483963e-02
   3.3961769e-02
   5.9593148e-03
   1.5695730e-02
   2.5644295e-02
   2.6150303e-02
   1.1668159e-02
   1.9802425e-02
   3.6026798e-02
   1.7912721e-02
   4.5704965e-02
   3.6603253e-02
   2.9185716e-02
   4.5429259e-03
   3.8047638e-02
   2.0845052e-02
   2.3378726e-02
   2.7801124e-02
   3.6251582e-02
   4.1217849e-02
   3.5071258e-02
   1.6286667e-02
   5.6274034e-02
   2.2544613e-02
   3.0661628e-02
   1.7293664e-02
   1.1313929e-02
   3.0219914e-02
   4.5399290e-02
   5.4904006e-02
   2.6174601e-02
   2.7371759e-02
   3.8762916e-02
   6.1857589e-02
   7.6434135e-02
   4.1533813e-02
   2.2110328e-02
   3.5366394e-02
   2.9068686e-02
   2.6822586e-02
   5.6556910e-02
   3.0981787e-02
   3.1231100e-02
   6.8437837e-02
   5.8310654e-02
   1.5784534e-02
   1.6497336e-02
   3.3683781e-02
   2.7487500e-02
   3.3866029e-02
   1.1580541e-02
   5.6197918e-03
   1.1767354e-02
   1.9358553e-02
   3.2458708e-02
   2.6815206e-02
   1.1613581e-02
   2.8229231e-02
   2.7084211e-02
   1.6202021e-02
   1.9910634e-02
   3.2463226e-02
   4.5302950e-02
   1.4897469e-02
   2.6761094e-02
   3.3088505e-02
   4.3453429e-02
   2.3595782e-02
   5.4210562e-02
   8.5763343e-02
   4.6014477e-02
   3.1250484e-02
   3.8582932e-02
   4.9784698e-02
   3.6830518e-02
   1.6329868e-02
   2.7536150e-02
   4.1309051e-02
   3.9453425e-02
   1.4023514e-02
   3.4714438e-02
   1.4219401e-02
   2.8211622e-02
   3.3805031e-02
   4.0667046e-02
   3.6319353e-02
   3.8180891e-02
   3.8282875e-02
   2.8072307e-02
   4.1967142e-02
   3.7270926e-02
   2.4457702e-02
   2.7582524e-02
   2.9845402e-02
   2.6728138e-02
   3.1396430e-02
   5.5311713e-02
   5.0762754e-02
   4.1441642e-02
   3.7952803e-02
   4.0921915e-02
   2.7663769e-02
   5.1168757e-03
   2.1680808e-02
   3.4084395e-02
   3.5647549e-02
   2.2636246e-02
   2.1092782e-02
   2.8598005e-02
   2.0184403e-02
   1.4737436e-02
   1.4235481e-02
   1.3104274e-02
   1.5067018e-02
   2.7802426e-02
   3.0125432e-02
   2.8582441e-02
   3.1066062e-02
   2.4438800e-02
   4.0814653e-02
   4.4648215e-02
   1.3113353e-02
   2.8932009e-02
   3.6146555e-02
   2.4853671e-02
   1.7296929e-02
   2.3431946e-02
   2.5608972e-02
   2.9941276e-02
   2.9769640e-02
   2.2724016e-02
   1.0672595e-02
   1.9102419e-02
   1.6045805e-02
   3.9058473e-02
   3.5199594e-02
   3.4609366e-02
   4.9200319e-02
   3.1169688e-02
   1.8187886e-02
   2.2956593e-02
   3.5758622e-02
   1.9872859e-02
   2.8647998e-02
   2.9412117e-02
   1.8539693e-02
   2.8823962e-02
   3.6267247e-02
   1.7508054e-02
   3.0823303e-02
   3.2063264e-02
   4.6029937e-02
   3.5365805e-02
   2.3104658e-02
   4.3905228e-02
   4.7442719e-02
   5.0729390e-02
   3.7427634e-02
   1.2359814e-02
   2.1743739e-02
   1.3766065e-02
   3.6587868e-02
   3.7981436e-02
   4.0675320e-02
   2.4103671e-02
   9.3760872e-03
  -2.0845581e-03
   1.7223161e-02
   4.7535490e-02
   4.0519141e-02
   1.7819118e-02
   1.5809579e-02
   3.2606065e-02
   2.9888025e-02
   2.2581618e-02
   1.4344786e-02
   2.9078430e-02
   3.0884672e-02
   2.9055275e-02
   2.7841361e-02
   1.3407575e-02
   2.8642893e-02
   2.0292530e-02
   2.2818357e-02
   3.4552347e-02
   1.7040877e-02
   1.7130625e-02
   2.1972898e-02
   2.1870473e-02
   3.6326259e-02
   3.5437632e-02
   4.3903466e-02
   2.9274268e-02
   3.8666833e-02
   4.5160614e-02
   8.1821367e-02
   5.8043912e-02
   3.6134835e-02
   2.2581659e-02
   1.0924578e-01
   2.2376819e-01
   1.8852913e-01
   8.8667199e-02
   5.6083210e-02
   1.0354866e-01
   1.3621092e-01
   1.0851072e-01
   7.7701524e-02
   4.9513303e-02
   5.0256718e-02
   5.2893784e-02
   5.5300731e-02
   7.1374655e-02
   6.8571068e-02
   4.7876991e-02
   2.0125968e-02
   2.7377376e-02
   2.7247129e-02
   2.2246838e-02
   3.7815645e-02
   3.3028726e-02
   2.7212111e-02
   1.9743742e-02
   3.8910292e-02
   1.3582121e-02
   9.8708803e-03
   3.7836127e-02
   3.2580011e-02
   2.9532211e-02
   5.9402145e-02
   3.1079859e-02
   2.1104122e-02
   1.3110921e-02
   4.9165361e-02
   3.9091628e-02
   2.9328397e-02
   3.8543299e-02
   1.8410366e-02
   2.4828162e-02
   2.3938192e-02
   2.0126118e-03
   3.7313510e-02
   3.5647988e-02
   4.4338789e-02
   2.9093474e-02
   5.8562811e-02
   5.8983099e-02
   5.3306438e-02
   3.6031149e-02
   4.8284587e-02
   4.6314567e-02
   2.3920059e-02
   3.7073810e-02
   4.0071897e-02
   5.5607546e-02
   2.9653434e-02
   4.0654249e-02
   6.2219415e-02
   3.4813568e-02
   3.1385537e-02
   3.5666939e-02
   3.5550829e-02
   2.1585638e-02
   2.5383478e-02
   3.1225083e-02
   1.6728327e-02
   1.9151019e-02
   8.9511648e-03
   1.2699850e-02
   3.1090088e-02
   2.9072164e-02
   2.6851533e-02
   3.9470088e-02
   4.7374960e-02
   2.5120139e-02
   2.4306478e-02
   3.3636868e-02
   2.0905580e-02
   3.3324286e-02
   3.2104854e-02
   1.2923608e-02
   4.1421247e-03
   2.3764046e-02
   4.8715841e-02
   3.0170528e-02
   1.1541512e-02
   1.0909515e-02
   2.6981002e-02
   4.1951947e-02
   2.4912355e-02
   9.2539089e-03
   1.7904468e-02
   2.9298160e-02
   2.9863393e-02
   2.3334559e-02
   3.2070264e-02
   3.6533199e-02
   2.3396125e-02
   3.4324598e-02
   2.3670351e-02
   1.9209627e-02
   2.1460887e-02
   1.0837633e-02
   3.5355981e-02
   4.8439138e-02
   4.1565757e-02
   3.1007741e-02
   3.6037385e-02
   3.5941184e-02
   8.6768381e-03
   2.8262895e-02
   3.8737252e-02
   2.8162653e-02
   1.7549664e-02
   3.2515369e-02
   2.8976757e-02
   2.2178747e-02
   1.6134683e-02
   2.9507631e-02
   3.2890402e-02
   2.9932795e-02
   2.4710441e-02
   3.1155329e-02
   2.5878536e-02
   3.1511571e-02
   3.0719958e-02
   3.0815974e-02
   8.0353022e-03
   3.5021456e-03
   2.7193766e-02
   2.6038364e-02
   3.5504337e-02
   5.4396585e-02
   4.8224531e-02
   4.5822065e-02
   4.1724030e-02
   2.0899408e-02
   1.7752448e-02
   1.1480663e-02
   2.0288823e-02
   3.7660811e-02
   4.3983076e-02
   4.6466589e-02
   2.7794793e-02
   2.3189837e-02
   2.6859989e-02
   2.3440180e-02
   3.0138675e-02
   3.2546688e-02
   3.9024740e-02
   4.7613889e-02
   3.9270472e-02
   2.2017349e-02
   2.5902187e-02
   1.7501308e-02
   2.1370463e-02
   2.0266421e-02
   3.4690015e-02
   2.5873449e-02
   2.6330439e-02
   2.3690080e-02
   4.4781011e-02
   4.4569053e-02
   1.5499386e-02
   3.5927971e-03
   3.7120789e-02
   3.8821761e-02
   2.3187647e-02
   3.2476071e-02
   3.0748868e-02
   3.2382600e-02
   5.2772317e-02
   1.9732779e-02
   6.8827383e-03
   1.7331744e-02
   1.9573381e-02
   7.9234457e-03
  -1.1087122e-03
   2.2159474e-02
   3.7568867e-02
   1.9038629e-02
   2.8087882e-02
   5.1132374e-02
   1.6179880e-02
   1.7835820e-02
   1.7192632e-02
   2.6551351e-02
   3.1804457e-02
   2.4574867e-02
   4.0304478e-02
   3.4000888e-02
   3.0648557e-02
   2.8772194e-02
   1.7416866e-02
   1.6916543e-02
   2.5076335e-02
   2.0259630e-02
   2.9833103e-02
   2.3155749e-02
   3.7043426e-02
   3.7382964e-02
   1.1833952e-02
   1.7237108e-02
   2.8802225e-02
   3.2406535e-02
   2.8155778e-02
   3.3954661e-02
   1.4733173e-02
   1.7753212e-02
   1.1907454e-02
   1.9105271e-02
   1.9380864e-02
   3.2194890e-02
   3.0955181e-02
   4.1724361e-02
   5.2685887e-02
   2.6799887e-02
   1.9404996e-02
   2.8066900e-02
   2.6204962e-02
   3.2330632e-02
   3.9026283e-02
   1.5125409e-02
   2.5030177e-02
   7.9160864e-03
   3.6296567e-03
   2.1172198e-02
   4.1209459e-02
   4.6357140e-02
   4.2327344e-02
   2.4710286e-02
   1.0215287e-02
   1.1991100e-02
   2.3414765e-02
   2.9607005e-02
   1.9443063e-02
   1.9434394e-02
   2.5000706e-02
   2.9865110e-02
   3.2119084e-02
   4.3338925e-02
   4.3442070e-02
   2.7866775e-02
   3.4816600e-02
   3.9947364e-02
   4.0910039e-02
   4.6423834e-02
   4.9236014e-02
   3.1462304e-02
   2.8756112e-02
   2.3373719e-02
   3.7041023e-02
   3.6640294e-02
   2.4172185e-02
   3.8020410e-02
   4.3463282e-02
   1.6136775e-02
   7.2337938e-03
   3.3061594e-02
   3.3019144e-02
   3.0948250e-02
   3.3966143e-02
   2.9084025e-02
   3.5427567e-02
   4.3048650e-02
   4.6025813e-02
   3.0902239e-02
   1.3905946e-02
   2.3956738e-02
   3.5937577e-02
   4.4184342e-02
   2.3973152e-02
   1.7383009e-02
   4.1657433e-02
   2.8591197e-02
   2.1266509e-02
   4.6054944e-02
   3.0263761e-02
   1.8382128e-02
   3.0877845e-02
   1.6290562e-02
   1.5638929e-02
   6.7065150e-02
   5.9594031e-02
   5.7927519e-02
   3.2037377e-02
   1.0131165e-02
   1.2124863e-02
   2.4466634e-02
   1.9447817e-02
   9.0335021e-03
   7.7855848e-03
   9.6250111e-03
   1.2799582e-02
   4.8820630e-02
   3.4149904e-02
   1.4389913e-02
   2.2866657e-02
   2.7072748e-02
   3.6369532e-02
   2.6222311e-02
   2.2017427e-02
   1.6772907e-02
   1.7867088e-02
   1.6008072e-02
   3.0386835e-02
   2.1419095e-02
   1.3621532e-02
   3.8732395e-02
   2.5240658e-02
   9.4256932e-03
   1.7091414e-02
   2.7502738e-02
   3.2572594e-02
   3.2269470e-02
   6.1710067e-03
  -1.3064916e-03
   2.4558339e-02
   3.2681044e-02
   3.9275605e-02
   4.1581672e-02
   3.2715861e-02
   1.0947774e-02
   1.0976549e-02
   2.1928091e-02
   1.2797883e-02
   1.0744801e-02
   1.7232522e-02
   2.1625809e-02
   3.6938131e-02
   4.1029274e-02
   4.1736074e-02
   1.8090470e-02
   3.8423784e-02
   3.3246249e-02
   2.9219508e-02
   2.4250437e-02
   1.1576887e-02
   2.6050495e-02
   3.1862270e-02
  -6.4861262e-03
   1.4212370e-02
   6.2204782e-02
   5.6967907e-02
   3.6180500e-02
   1.4724449e-02
   2.1410706e-02
   1.4951090e-02
   1.7432226e-02
   1.5169783e-02
   2.5716426e-02
   8.7438934e-02
   1.2263931e-01
   8.0174014e-02
   4.1176494e-02
   3.1308267e-02
   1.8707935e-02
   1.3437576e-02
   2.7077459e-02
   3.3765834e-02
   6.9763668e-02
   1.6983588e-01
   1.9760191e-01
   8.7615669e-02
   4.9464975e-02
   2.5804302e-02
   3.2002542e-02
   1.7143894e-02
   2.1683699e-02
   1.8186405e-02
   2.6814019e-02
   3.1083457e-02
   1.5070654e-02
   6.7142911e-02
   4.8439983e-02
   3.3670090e-02
   1.2195825e-02
   5.8048619e-03
   5.8608432e-03
   1.9528041e-02
   3.4969021e-02
   6.7936525e-02
   5.6011841e-02
   1.8753372e-02
   2.5143353e-02
   4.1564852e-02
   4.8297327e-02
   1.7753281e-02
   1.3334071e-02
   5.6611970e-03
   2.8757364e-02
   3.4758039e-02
   8.0739290e-02
   9.6440762e-02
   1.1740746e-01
   9.3176410e-02
   7.2669096e-02
   1.9983949e-02
   1.9685948e-02
   2.4940794e-02
   8.9030862e-03
   5.5173002e-02
   1.9977280e-01
   3.2307458e-01
   2.8958413e-01
   1.6188584e-01
   1.0889061e-01
   4.2002052e-02
   1.9353462e-02
   2.2080919e-02
   2.4205064e-03
   1.2380109e-02
   3.8018603e-02
   4.0270265e-02
   6.0860340e-02
   5.8552414e-02
   3.5250861e-02
   2.2962283e-02
   3.8400054e-02
   1.5398512e-02
   4.3979515e-03
   9.9363159e-03
   2.4792848e-02
   3.6801882e-02
   4.5688111e-02
   3.8560297e-02
   3.1208932e-02
   3.9551172e-02
   2.9353803e-02
   3.0309808e-02
   3.1423148e-02
   2.7912784e-02
   3.3974327e-02
   2.2349672e-02
   1.4018902e-02
   1.4337326e-02
   2.5123889e-02
   4.2163085e-02
   3.8494419e-02
   2.5413351e-02
   2.2871565e-02
   3.8006846e-02
   3.9309226e-02
   2.9217673e-02
   3.1946041e-02
   2.7200148e-02
   1.3767628e-02
   3.4786802e-02
   3.7250627e-02
   3.6098581e-02
   4.3618336e-02
   5.9758734e-02
   5.2904293e-02
   2.1073278e-02
  -4.0151007e-03
   5.0889226e-03
   2.2357658e-02
   1.5312372e-02
   4.7639437e-02
   4.7510896e-02
   6.4591907e-02
   4.3776717e-02
   3.6047120e-02
   3.7706338e-02
   3.9818067e-02
   2.4448035e-02
   3.4827139e-02
   2.6319288e-02
   5.0594201e-03
   1.0213546e-02
   4.4087429e-02
   2.9110195e-02
   1.9985666e-02
   1.7581355e-02
   1.7119255e-02
   1.8744726e-02
   3.1601023e-02
   1.9157300e-02
   3.5874203e-02
   2.6444476e-02
   2.8620675e-02
   1.8490635e-02
   1.6186779e-02
   3.0511817e-02
   3.7833210e-02
   5.5777121e-02
   2.5366142e-02
   1.1088367e-02
   1.8339861e-02
   1.8249912e-02
   2.1627707e-02
   1.9766988e-02
   2.1483054e-02
   2.1409174e-02
  -1.3257877e-03
   1.3230951e-02
   3.3266144e-03
   3.7420485e-02
   3.0490562e-02
   2.9643107e-02
   4.1664839e-02
   5.6168251e-02
   6.3021049e-02
   4.5658335e-02
   3.0628454e-02
   1.8473266e-02
   2.3642119e-02
   2.1839811e-02
   1.5539507e-02
   1.8258236e-02
   3.1051006e-02
   1.5198479e-02
   1.9713145e-02
   2.6243318e-02
   1.4911859e-02
   2.9492058e-02
   1.7549256e-02
   9.0588452e-03
   1.1477672e-02
   1.6734477e-02
   1.6157521e-02
   2.8259987e-02
   3.5112273e-02
   3.6017582e-02
   3.2772079e-02
   3.3270117e-02
   2.6051339e-02
   3.4811299e-02
   6.1954271e-02
   4.1915845e-02
   3.4113996e-02
   1.4792302e-02
   1.8117232e-02
   1.6078770e-02
   1.5350310e-02
   2.9509082e-02
   4.3990813e-02
   5.3669967e-02
   4.7570862e-02
   4.2976536e-02
   4.0303599e-02
   2.0904521e-02
   2.4807364e-02
   6.3199528e-02
   6.7327723e-02
   4.9825907e-02
   2.6445007e-02
   4.5085032e-02
   2.9985644e-02
   2.6563851e-02
   2.3260416e-02
   2.7501082e-02
   2.8797505e-02
   1.6010353e-02
   1.8035801e-02
   2.2399554e-02
   1.8933233e-02
   3.8946141e-02
   3.4882039e-02
   2.1257913e-02
   2.4481282e-02
   9.4018801e-04
   1.7778303e-02
   4.7626533e-02
   3.9868962e-02
   2.8515369e-02
   2.3215128e-02
   2.4705401e-02
   3.1306144e-02
   1.2370930e-03
   1.9307667e-02
   8.8068014e-03
   2.0411706e-02
   4.3425724e-02
   3.1710528e-02
   3.3481695e-02
   2.4772255e-02
   2.5752038e-02
   2.2137206e-02
   4.0495400e-03
   4.2782623e-02
   3.9470885e-02
   3.7904419e-02
   6.0024310e-02
   4.3715492e-02
   1.3467980e-02
   4.2081721e-02
   4.2790316e-02
   1.8240582e-02
   2.7279120e-02
   4.2251099e-02
   8.7093776e-03
   3.0193508e-02
   5.4880500e-02
   4.1933838e-02
   5.7104267e-02
   5.5599611e-02
   7.8377999e-02
   4.5858689e-02
   3.0553803e-02
   4.4174310e-02
   4.2460080e-02
   2.3886951e-02
   5.3006802e-03
   3.0246568e-03
   1.4068271e-02
   2.4632571e-02
   9.4666351e-03
   4.2851355e-02
   3.7692811e-02
   2.5065735e-02
   2.2614907e-02
   3.0829109e-02
   2.8443692e-02
   2.0573713e-02
   9.8791765e-03
   2.4265604e-02
   5.4564241e-02
   4.2846967e-02
   4.9607944e-02
   5.0679501e-02
   5.1696945e-02
   4.1979913e-02
   4.0384065e-02
   2.6478961e-02
   1.0918726e-02
   2.5807664e-02
   2.0069502e-02
   2.3534385e-02
   3.0050386e-02
   4.5594681e-02
   4.1153505e-02
   2.5546556e-02
   2.6421662e-02
   2.7385753e-02
   1.3413551e-02
   2.8840484e-02
   3.4114189e-02
   2.4463285e-02
   2.5270963e-02
   3.3939607e-02
   1.9307176e-02
   1.1867609e-02
   2.9195219e-02
   2.9783348e-02
   2.5278639e-02
   4.0172704e-02
   5.1040221e-02
   1.9071244e-02
   2.9960711e-02
   4.8006732e-02
   2.5532784e-02
   1.4563999e-02
   1.6998261e-02
   1.9128479e-02
   4.3184906e-02
   6.8244010e-02
   4.6013340e-02
   4.4432107e-02
   2.0477507e-02
   3.8045432e-02
   1.9394202e-02
   1.8580398e-02
   3.6368623e-02
   4.8537046e-02
   1.9116562e-02
   1.2854588e-02
   3.0040534e-02
   4.1032415e-02
   2.2484060e-02
   3.2503273e-02
   4.2575911e-02
   3.2764293e-02
   2.5972618e-02
   1.0751836e-02
   2.9557757e-02
   4.5949470e-02
   4.8846357e-02
   4.6776369e-02
   4.6211507e-02
   4.5132060e-02
   1.0419907e-02
   2.8630095e-02
   2.7161438e-02
   4.2472783e-02
   4.9776044e-02
   3.8787413e-02
   4.1148610e-02
   1.1238609e-02
   8.6360537e-03
   2.7001122e-02
   4.6539370e-02
   3.4441900e-02
   1.9318737e-02
   3.5651721e-02
   3.4464628e-02
   3.3435795e-02
   2.1748953e-02
   3.9558362e-02
   5.4970760e-02
   6.8004824e-02
   4.9142338e-02
   2.6806852e-02
   2.4179276e-03
   2.4028433e-02
   2.3450553e-02
   3.5215169e-02
   8.5279576e-02
   1.2197187e-01
   1.0407736e-01
   4.5709409e-02
   1.1685678e-02
   4.0940192e-02
   5.7208464e-02
   4.0877175e-02
   4.5800116e-02
   9.2261292e-02
   7.5228646e-02
   4.4522867e-02
   3.1812187e-02
   3.5938539e-02
   2.7239006e-02
   3.1547833e-02
   4.0351592e-02
   1.7494336e-02
   1.8203629e-02
   2.3517273e-02
   1.7254820e-02
   3.1985328e-02
   2.1194817e-02
   2.1579193e-02
   3.2042097e-02
   2.3919668e-02
   2.1434266e-02
   1.5997030e-02
   2.8294766e-02
   6.0026225e-02
   4.7528982e-02
   2.1670373e-02
   2.3187187e-02
   3.6468532e-02
   3.2741833e-02
   1.3738881e-02
   3.6140382e-02
   3.3266526e-02
   9.5259855e-03
   1.5190197e-02
   1.4766218e-02
   1.5171622e-02
   2.8352490e-02
   2.3256818e-02
   3.5594892e-02
   3.7034243e-02
   1.1198482e-02
   5.3780481e-02
   3.0460885e-02
   1.3837973e-02
   1.7329367e-02
   4.4385318e-02
   5.6379221e-02
   3.7350304e-02
   2.9281279e-02
   6.7980923e-02
   5.1915880e-02
   4.4781681e-02
   5.3261720e-02
   3.9608847e-02
   2.4809182e-02
   6.1388100e-03
   2.8541157e-02
   9.2421388e-03
   1.2694531e-02
   4.7733590e-02
   6.0619514e-02
   6.2291615e-02
   6.2485464e-02
   4.8355520e-02
   4.0901035e-02
   4.8602384e-02
   4.5856655e-02
   3.0965369e-02
   3.7994675e-02
   7.5006768e-02
   7.1345963e-02
   4.4355925e-02
   7.1472190e-03
   1.2416408e-02
   3.2632839e-02
   3.4749493e-02
   5.6867477e-02
   5.8984172e-02
   5.8101583e-02
   3.8626544e-02
   2.1548023e-02
   1.7699182e-02
   5.1666498e-02
   3.1064937e-02
   4.0289190e-02
   8.1965767e-02
   1.0072378e-01
   7.0459247e-02
   3.4923419e-02
   1.2295757e-02
   2.4930170e-02
   9.3081407e-02
   1.4713980e-01
   1.4130381e-01
   1.1764591e-01
   4.8774410e-02
   1.2097283e-02
   1.9365188e-02
   2.6317213e-02
   3.3660911e-02
   5.6449134e-02
   3.1735979e-02
   3.1550243e-02
   3.0312186e-02
   4.4551332e-02
   7.4720629e-02
   8.1515387e-02
   8.8913433e-02
   8.7414920e-02
   6.5868624e-02
   5.1948603e-02
   4.2180672e-02
   2.4566267e-02
   4.7934074e-02
   5.8801457e-02
   2.9233079e-02
   2.3468103e-02
   3.8921263e-02
   4.1992351e-02
   2.4676170e-02
   1.3779394e-02
   2.6032463e-02
   1.6820168e-03
   4.2548325e-02
   8.6807750e-02
   9.3958244e-02
   6.3255519e-02
   4.8401326e-02
   3.9923064e-02
   2.1131841e-02
   1.5574350e-02
   3.6280666e-02
   6.9039933e-02
   7.8041449e-02
   7.3041484e-02
   3.7895292e-02
   2.9996909e-02
   1.5546739e-02
   1.7967585e-02
   1.6605889e-02
   4.6036728e-02
   6.8087555e-02
   6.7623943e-02
   4.4109039e-02
   3.7458636e-02
   4.9865905e-02
   1.7668122e-02
   1.4693249e-02
   2.6780050e-02
   3.6256839e-02
   1.8210784e-02
   2.2194870e-02
   4.5716789e-02
   4.2591706e-02
   8.0018856e-02
   1.0527876e-01
   6.6191211e-02
   3.4894608e-02
   1.9294977e-02
   2.1426074e-02
   1.6367970e-02
   2.3083428e-02
   6.7010477e-02
   5.0569441e-02
   2.7499096e-02
   1.9377478e-03
   4.4277854e-02
   8.8015579e-02
   1.0358532e-01
   9.3533203e-02
   5.1550906e-02
   3.0040231e-02
   5.7893181e-03
   3.8366399e-03
   1.6059417e-02
   1.5430962e-01
   5.0797486e-01
   6.8694657e-01
   5.1170003e-01
   2.3711027e-01
   5.4787617e-02
   1.8726008e-02
   1.7756356e-02
   4.3402053e-02
   5.3548414e-02
   3.8259167e-02
   3.9837439e-02
   7.7352278e-02
   8.2255289e-02
   6.0656197e-02
   6.9596134e-02
   2.3916186e-01
   4.0076411e-01
   3.4385303e-01
   1.9492969e-01
   9.4125994e-02
   4.0050738e-02
   3.5115644e-02
   4.1440535e-02
   3.8202442e-02
   1.1712284e-02
   3.9869389e-03
   6.8226665e-02
   7.3056139e-02
   1.0130326e-01
   7.3073648e-02
   4.8675202e-02
   4.0732849e-02
   3.3938035e-02
   2.5147280e-02
   4.5455463e-02
   5.5887200e-02
   5.3393424e-02
   1.4045311e-02
   2.5770281e-02
   6.6097572e-02
   6.1660200e-02
   4.0989723e-02
   3.3437572e-02
   4.2135242e-02
   2.7579686e-02
   2.7724557e-02
   1.2469254e-02
   2.4820009e-02
   9.9464476e-02
   1.0416833e-01
   8.6429030e-02
   6.1528929e-02
   5.2898139e-02
   7.1328789e-02
   3.8175747e-02
   1.3957314e-02
   2.9693240e-02
   2.4109416e-02
   6.5986909e-02
   6.9551721e-02
   9.6837364e-02
   1.0698850e-01
   9.7799420e-02
   7.6391272e-02
   6.5425456e-02
   4.6392377e-02
   2.1559792e-02
  -1.2086357e-02
   8.2402611e-03
   2.4669904e-02
   4.3578867e-02
   4.7078844e-02
   5.7794601e-02
   7.6857537e-02
   7.1650602e-02
   1.5770791e-02
   4.5096111e-02
   2.2987712e-02
   2.5188856e-02
   5.4696590e-02
   2.5402501e-01
   4.1911247e-01
   3.7590504e-01
   2.0739233e-01
   9.6681036e-02
   3.8907945e-02
   4.7300003e-02
   1.9056583e-02
   2.7358547e-02
   5.7440817e-02
   9.2172518e-02
   1.8038255e-01
   2.1914859e-01
   1.4439662e-01
   7.2516702e-02
   6.4896025e-02
   9.1940567e-02
   7.4063964e-02
   8.3878197e-02
   6.4037114e-02
   1.3151702e-01
   1.5080412e-01
   1.0495486e-01
   8.3537549e-02
   7.9656877e-02
   8.1630290e-02
   1.0298330e-01
   7.8157619e-02
   7.0763625e-02
   4.5687538e-02
   6.8282811e-03
   7.0916121e-03
   6.8247125e-02
   7.6648042e-02
   4.7397066e-02
   5.3621256e-03
   1.7267885e-02
   1.8438010e-02
   4.8266079e-02
   5.2544858e-02
   5.4537937e-02
   4.6989944e-02
   3.8534626e-02
   1.7772110e-02
   4.3306141e-03
   2.8332839e-02
   5.2994914e-02
   1.4474520e-01
   2.0818098e-01
   1.4302067e-01
   4.8691235e-02
   7.9695769e-03
   1.0245119e-03
   1.9187534e-02
   5.7626691e-02
   1.0132504e-01
   1.2519403e-01
   1.0313926e-01
   9.3109436e-02
   7.6690741e-02
   5.0322130e-02
   8.5503891e-02
   1.1952458e-01
   1.0438438e-01
   7.7301487e-02
   7.2271824e-02
   8.6224034e-02
   5.9688397e-02
   7.8565285e-02
   6.4011343e-02
   2.6159378e-02
  -1.3363941e-02
   4.0148612e-02
   1.2729485e-01
   2.0004904e-01
   1.6238207e-01
   1.0084120e-01
   3.1731095e-02
   1.6700750e-02
   3.2954156e-02
   6.0265876e-02
   3.3344010e-01
   8.3024269e-01
   9.2710614e-01
   6.6773188e-01
   3.2304695e-01
   1.2357420e-01
   6.6197760e-02
   4.3688577e-02
   3.1551097e-02
   4.5944449e-02
   6.3941069e-02
   1.6557024e-01
   2.0412226e-01
   1.0793398e-01
   4.5903634e-02
   3.6029879e-02
   3.2082275e-02
   1.2753183e-02
   3.1522553e-02
   9.4797537e-02
   7.4716628e-02
   2.0865055e-02
   3.9758872e-02
   5.0468624e-02
   4.8436288e-02
   8.8431993e-03
   2.4498774e-02
   5.8256660e-02
   2.9154485e-02
   4.4886772e-02
   4.8385769e-02
   5.1095769e-02
   2.6373109e-02
   1.9869762e-02
   5.5608936e-02
   4.7578383e-02
   5.8509070e-02
   7.5853042e-02
   5.2160650e-02
   5.6978241e-02
   7.3332399e-02
   8.6402245e-02
   3.1345423e-02
   3.1415269e-02
   5.1789939e-02
   7.6619036e-02
   7.6060802e-02
   1.6235429e-01
   2.1493101e-01
   1.2155007e-01
   3.9790142e-02
   2.4906117e-03
   3.3977762e-02
   3.8949504e-02
   1.1280109e-01
   2.9169777e-01
   3.3958641e-01
   2.2360206e-01
   1.2938580e-01
   1.1322565e-01
   4.2149719e-02
   2.2873199e-02
   1.2734244e-02
   7.5774990e-02
   6.8494454e-02
   1.2307471e-01
   1.5323192e-01
   1.3190278e-01
   5.9494313e-02
   1.1662660e-01
   2.2391179e-01
   1.4755575e-01
   4.1709445e-02
   1.6984966e-01
   3.7043551e-01
   3.3061814e-01
   1.4524099e-01
   1.0053635e-01
   8.9208901e-02
   3.8148329e-02
   2.7552022e-02
   4.2937022e-02
   4.7667827e-02
   5.1420048e-02
   4.2581636e-02
   6.9012128e-02
   9.3706354e-02
   2.4808379e-02
   2.6200494e-02
   8.8179335e-02
   1.3837914e-01
   1.1491220e-01
   5.3522650e-02
   5.0934955e-02
   3.2235179e-02
   2.4812469e-02
   4.4311933e-02
   3.5430018e-02
   1.9471740e-02
   7.4208118e-02
   1.1496298e-01
   4.3610837e-02
   1.1689035e-02
   5.3432185e-02
   6.5805189e-02
   5.3770959e-02
   8.8531442e-02
   1.8985219e-01
   2.0655072e-01
   1.1107132e-01
   3.8582385e-02
   5.1714018e-02
   1.0363440e-02
   8.9395918e-02
   1.7082776e-01
   2.9787907e-01
   3.0854222e-01
   2.0877981e-01
   1.9276191e-01
   1.4044875e-01
   5.2419014e-02
   1.4641657e-02
   3.2611478e-02
   5.2083880e-02
   5.8970299e-02
   7.9144061e-02
   8.5270330e-02
   9.0834193e-02
   8.8671133e-02
   3.0154994e-02
   1.4958493e-02
   3.0002050e-02
   1.3764188e-02
   6.1376128e-02
   7.3758006e-02
   9.9801295e-02
   8.1026264e-02
   7.9440571e-02
   4.5821548e-02
   3.3081986e-02
   7.8200186e-03
   1.8690606e-03
   3.9434895e-02
   3.7427697e-02
   5.8274008e-02
   6.8213560e-02
   1.0156775e-01
   1.0609852e-01
   6.5448463e-02
   2.8410545e-02
   2.4953915e-02
   1.9853160e-02
   2.2281704e-02
   7.6224380e-03
   6.3862927e-02
   1.3078791e-01
   8.9740954e-02
   4.9312182e-02
   7.1731970e-02
   7.7629231e-02
   4.9689036e-02
   4.3355394e-02
   7.1939252e-02
   2.0145250e-02
   1.3914080e-02
   7.5290620e-02
   2.2647366e-01
   3.3551577e-01
   2.4485160e-01
   1.2815765e-01
   7.5836718e-02
   4.1071679e-02
   2.1122960e-02
   1.5800726e-01
   6.8312192e-01
   1.1745038e+00
   9.8527735e-01
   5.6332278e-01
   2.4164191e-01
   1.0233980e-01
   6.6328868e-03
   3.5363759e-03
   2.0092830e-02
  -6.0741371e-04
   6.8156496e-02
   1.6198866e-01
   1.6158938e-01
   1.3951111e-01
   1.3622352e-01
   6.1718803e-02
   6.0306598e-02
   2.7733520e-02
   4.4448327e-02
   2.4159150e-02
   6.8945870e-02
   6.8850525e-02
   8.1688985e-02
   7.5113505e-02
   1.4677176e-01
   2.0464355e-01
   2.0237386e-01
   1.2361816e-01
   8.3386250e-02
   2.5931243e-02
   3.5555840e-02
   1.1300065e-01
   2.7644932e-01
   5.7259321e-01
   6.9566679e-01
   4.9384800e-01
   2.8900379e-01
   2.0602891e-01
   1.7556286e-01
   1.0528644e-01
   7.5704284e-02
   3.9508697e-02
   8.5365459e-02
   3.7085718e-01
   7.5740451e-01
   8.3531302e-01
   6.2988603e-01
   3.8596773e-01
   1.9220528e-01
   8.6688995e-02
   6.6906609e-02
   2.3789965e-01
   5.6772858e-01
   7.5709754e-01
   6.1765444e-01
   5.5972308e-01
   4.8487312e-01
   3.3612344e-01
   1.8770418e-01
   9.0981089e-02
  -4.9269730e-03
   4.2628814e-03
   2.1503749e-01
   6.2447762e-01
   1.0984582e+00
   1.2034744e+00
   8.0201149e-01
   3.2098624e-01
   1.7361207e-01
   1.1840021e-01
   1.9725695e-01
   1.1882622e+00
   2.8096504e+00
   3.3256271e+00
   2.5245156e+00
   1.6855128e+00
   1.8119105e+00
   1.7179490e+00
   1.1469088e+00
   5.4424036e-01
   6.3487269e-02
   7.7402115e-02
   1.3498013e+00
   5.5448036e+00
   1.0287772e+01
   9.6715670e+00
   5.5710926e+00
   2.2117686e+00
   8.2417548e-01
   5.0230008e-01
   2.9820561e+00
   1.7677900e+01
   3.6424393e+01
   3.6014256e+01
   2.1721483e+01
   9.1855898e+00
   2.9397528e+00
   7.7190232e-01
   1.7152306e-01
  -3.6330380e-02
   4.4719061e-01
   3.1061788e+00
   6.5839605e+00
   6.5425196e+00
   4.2550631e+00
   1.9631109e+00
   4.5189971e-01
  -1.8072189e-01
  -9.6077211e-02
   2.9373354e-01
   6.1544108e-01
   1.4035423e+00
   2.2684357e+00
   1.9722145e+00
   9.9942958e-01
   3.0791521e-01
   1.5211953e-01
   1.1533357e-01
   1.0334434e-01
   2.6310784e-01
   3.1382519e-01
   6.3916856e-01
   8.9014941e-01
   1.0262723e+00
   1.1676947e+00
   8.8675249e-01
   3.5291874e-01
  -2.4580108e-02
  -1.9929191e-02
   2.0755956e-01
   2.8487825e-01
   2.8687462e-01
   3.3004269e-01
   2.2191036e-01
   1.2840776e-01
   4.7689054e-02
   2.0701146e-02
   1.4587836e-01
   3.0551901e-01
   2.7978414e-01
   1.6883510e-01
   1.8673913e-01
   1.6210154e-01
   2.7325624e-01
   3.0543542e-01
   1.3000882e-01
  -6.5668829e-02
  -9.3876921e-02
   9.8863654e-02
   2.8799313e-01
   2.8920546e-01
   1.8302016e-01
   1.7005155e-02
  -1.1630118e-01
  -3.7531476e-02
   4.2501068e-01
   8.2561743e-01
   1.0766013e+00
   1.0711917e+00
   5.4547566e-01
   8.8131666e-02
   9.5551409e-02
   9.9869835e-01
   2.7234726e+00
   3.2009552e+00
   2.0828907e+00
   8.7205964e-01
   1.8431672e-01
   5.1564056e-01
   1.1763470e+00
   1.1562063e+00
   6.2567383e-01
   3.4227726e-01
   4.3469903e-01
   4.6590179e-01
   5.3875715e-01
   2.1462660e+00
   4.8025961e+00
   5.2665248e+00
   3.4060574e+00
   1.5135082e+00
   5.1632869e-01
   2.5653705e-01
   2.0751260e-01
   1.2164701e-01
   1.3426735e-01
   5.5110490e-01
   1.1407166e+00
   1.0953166e+00
   7.0420289e-01
   2.8597829e-01
   4.2413700e-02
  -3.5665948e-02
   3.6289580e-02
   1.3253853e-01
   1.7284000e-01
   3.5934049e-01
   4.1234395e-01
   2.8795737e-01
   7.5079225e-02
  -1.5052231e-02
  -1.4158634e-02
  -4.2554229e-03
   5.7921611e-02
   7.2218008e-02
   1.2878183e-01
   1.8572536e-01
   1.9885331e-01
   1.7512250e-01
   1.3648137e-01
   1.3096458e-01
   4.9872395e-02
   4.1885387e-02
   9.0007126e-02
   1.1314817e-01
   1.2145941e-01
   1.6031857e-01
   1.8687987e-01
   1.0958292e-01
   6.2553622e-02
   1.4956042e-02
   5.4428827e-02
   7.3150456e-02
   1.6797420e-01
   1.1827409e-01
   1.5803893e-01
   2.1722358e-01
   2.0239401e-01
   6.7184493e-02
   1.0391677e-02
  -3.5225812e-02
   9.2710495e-02
   2.4427757e-01
   3.4022623e-01
   3.9384198e-01
   2.5531685e-01
   1.0633318e-01
   2.8471751e-02
   1.2090186e-01
   2.2851405e-01
   4.4512746e-01
   7.1840614e-01
   6.9616455e-01
   4.3500909e-01
   2.6466891e-01
   3.4999990e-01
   5.9765315e-01
   7.1146387e-01
   5.9039527e-01
   2.2792070e-01
  -7.7109952e-03
   2.2138599e-01
   1.2468529e+00
   2.3334470e+00
   2.2468719e+00
   1.3928552e+00
   5.5454957e-01
   1.0496287e-01
   7.4549884e-02
   1.4711324e+00
   5.4631753e+00
   8.2002850e+00
   6.7136154e+00
   3.7559237e+00
   1.5398082e+00
   5.1122493e-01
   1.5861812e-01
   1.6984659e-01
   2.2240500e-01
   6.2451917e-01
   1.3116077e+00
   1.5821418e+00
   1.2852890e+00
   7.7938861e-01
   4.0046871e-01
   1.7962350e-01
   1.2881200e-01
   1.5104240e-01
   2.7441454e-01
   3.4637991e-01
   5.1210952e-01
   4.7513634e-01
   2.8230697e-01
   1.1113667e-01
   4.0168174e-02
   7.7962637e-02
   8.2436673e-02
   9.5962249e-02
   1.1709064e-01
   1.6732059e-01
   1.5104733e-01
   1.6345426e-01
   1.6661900e-01
   8.3703615e-02
   2.9539308e-02
  -3.4689899e-03
   1.3457532e-02
   3.7167050e-02
   5.7863072e-02
   8.9629427e-02
   9.6070103e-02
   8.1679881e-02
   5.0723154e-02
   2.5764473e-02
   6.3079320e-02
   7.1731403e-02
   1.1678727e-01
   1.0739743e-01
   1.1621467e-01
   1.0466695e-01
   1.1622798e-01
   1.0627349e-01
   4.3832202e-02
   4.2831479e-03
   4.2981002e-03
   4.7470458e-02
   9.5271945e-02
   1.1819430e-01
   1.5100804e-01
   1.2439688e-01
   4.4474252e-02
  -1.3326001e-03
   4.6185222e-02
   9.2066549e-02
   1.4696743e-01
   1.6448627e-01
   1.7122702e-01
   1.1649479e-01
   1.0012166e-01
   1.5078232e-01
   1.4559019e-01
   1.3118483e-01
   1.5951590e-01
   6.6328272e-02
   6.4114951e-02
   1.8685499e-01
   4.0888733e-01
   4.3478090e-01
   3.4480107e-01
   1.8572626e-01
   9.1077626e-02
   5.7527315e-02
   1.8336669e-01
   7.2481710e-01
   1.2616433e+00
   1.1231182e+00
   6.5457708e-01
   3.1649753e-01
   1.5055634e-01
   2.5449656e-02
   9.1472380e-03
   2.5465351e-02
   1.4535043e-01
   2.5559226e-01
   2.9217711e-01
   2.3019385e-01
   1.1424056e-01
   7.6319873e-02
   8.2892835e-02
   6.9998644e-02
   8.9044102e-02
   1.0822287e-01
   1.0682791e-01
   1.5461926e-01
   1.8048711e-01
   9.4197460e-02
   4.2909537e-02
   5.8169082e-02
   3.3004139e-02
   1.1584168e-02
   7.0535496e-02
   9.0273336e-02
   3.6664091e-02
   5.5241108e-02
   9.4029114e-02
   6.3958712e-02
   5.1120259e-02
   1.8365050e-02
   4.4696342e-02
   2.5063949e-02
   3.6050107e-02
   4.0872365e-02
   6.2271453e-02
   3.7420362e-02
   4.2036321e-02
   6.6790655e-02
   7.4574932e-02
   5.5933286e-02
   4.9735237e-02
   7.4427918e-02
   7.5633705e-02
   9.5508382e-02
   9.2474170e-02
   6.3539259e-02
   2.7920157e-02
   1.1494927e-02
   5.0436579e-02
   7.4048124e-02
   5.6818642e-02
   8.6541675e-02
   8.9027770e-02
   5.3106293e-02
   6.3757463e-03
   2.4008753e-02
   4.3459550e-02
   5.4682747e-02
   5.9270769e-02
   5.7546273e-02
   6.8173930e-02
   1.5111850e-02
   6.0607128e-02
   1.1043054e-01
   6.7364864e-02
   4.3893978e-02
   2.1822421e-02
   2.9497020e-02
   4.5683943e-02
   8.8110916e-02
   1.3537103e-01
   1.4728889e-01
   1.6504495e-01
   9.4757296e-02
   4.8704825e-02
  -3.0140286e-02
   2.1407811e-02
   1.8223347e-01
   3.3309814e-01
   3.2839009e-01
   2.2787614e-01
   1.1134195e-01
   8.9748584e-02
   9.4676297e-03
   3.3055346e-02
   5.3592645e-02
   1.0209093e-01
   1.2933697e-01
   9.6418090e-02
   5.9015132e-02
   3.6582209e-02
   4.6114728e-02
   5.5521734e-02
   7.1730658e-02
   5.8546584e-02
   2.3712263e-02
   4.0877569e-02
   6.2443394e-02
   1.3924132e-01
   1.3100719e-01
   1.0177503e-01
   7.5510688e-02
   7.0848808e-02
   3.2109946e-02
   2.8121315e-02
   1.1296393e-01
   1.9068660e-01
   1.3669531e-01
   5.1154941e-02
   1.4592409e-02
   1.8483095e-02
   1.0328977e-02
   1.2695253e-01
   3.2550368e-01
   3.2057077e-01
   2.1149811e-01
   1.0860001e-01
   7.0797354e-02
   2.4125015e-02
   6.9265321e-02
   1.2403625e-01
   1.1765242e-01
   1.1214685e-01
   7.9395592e-02
   2.5853196e-03
   2.4295649e-02
   4.7691558e-02
   8.1047632e-02
   6.7951120e-02
   4.7602117e-02
   5.9713993e-02
   6.1389010e-02
   5.0620042e-02
   1.7654289e-02
   1.6052430e-02
   1.9473232e-02
  -6.2961242e-04
   1.0169559e-02
   2.7428454e-02
   5.0104376e-02
   3.2723688e-02
   4.9589317e-02
   5.2268703e-02
   6.9345683e-02
   5.0827209e-02
   5.2557997e-02
   4.2771786e-02
   3.6713831e-02
   4.0664058e-02
   1.8872347e-02
   4.0200565e-02
   3.5445370e-02
   7.2669685e-02
   9.8512910e-02
   6.7464761e-02
   3.8280811e-02
   3.5985399e-02
   5.3261690e-02
   6.6393524e-02
   1.0825825e-01
   1.0815430e-01
   1.2036025e-01
   8.8725835e-02
   6.9763608e-02
   5.3859763e-02
   4.0389936e-02
   4.7915105e-02
   4.6825729e-02
   6.5429121e-02
   1.0136539e-01
   4.9260486e-02
   3.3523753e-02
   4.3219205e-02
   5.3920124e-02
   5.9327658e-02
   9.1547824e-02
   5.8423407e-02
   1.1823927e-02
   4.7125649e-02
   7.0552550e-02
   8.8605240e-02
   6.3685782e-02
   6.7561895e-02
   5.3296994e-02
   9.0356961e-02
   5.2248552e-02
   6.0687609e-02
   1.1123366e-01
   8.7902740e-02
   5.6848325e-02
   3.0070847e-02
   5.9559822e-02
   6.1095726e-02
   1.0124542e-01
   1.3326962e-01
   1.3471369e-01
   1.1337046e-01
   4.1142881e-02
   8.5686542e-02
   1.2703185e-01
   1.2767284e-01
   1.0800020e-01
   6.7642041e-02
   9.2685789e-02
   1.0349020e-01
   1.0132688e-01
   1.2958884e-01
   1.5051165e-01
   1.2590408e-01
   6.4581454e-02
  -9.7968774e-03
   3.4469932e-02
   1.3575929e-01
   1.7169644e-01
   1.4213517e-01
   5.4791864e-02
   3.7822377e-02
  -1.2090984e-02
   7.6835088e-02
   1.7000277e-01
   2.0248635e-01
   2.0038800e-01
   1.2859298e-01
   2.0325026e-02
   1.8639157e-02
   1.6492152e-01
   3.4382963e-01
   3.8215795e-01
   3.1598598e-01
   1.7714627e-01
   3.5845648e-02
   3.4380887e-02
   2.1113075e-01
   3.8407251e-01
   4.1156998e-01
   3.2210860e-01
   2.3862447e-01
   1.1075568e-01
   9.7248755e-02
   3.4551185e-01
   5.2788216e-01
   5.2097642e-01
   3.9889464e-01
   2.1241306e-01
   3.7764199e-02
   1.1847752e-01
   4.1852647e-01
   6.4881265e-01
   6.5176761e-01
   3.2820031e-01
   5.7044081e-02
  -4.1815810e-02
   5.8293201e-02
   5.8364373e-01
   1.1381003e+00
   1.1860635e+00
   7.3487407e-01
   2.7759874e-01
   9.3352191e-02
   2.0098549e-01
   5.6021374e-01
   8.5553402e-01
   7.2022730e-01
   5.0078207e-01
   2.6346719e-01
   2.0621115e-01
   1.8749492e-01
   4.0440398e-01
   5.4822218e-01
   4.7008944e-01
   2.9763311e-01
   1.7364746e-01
   1.3412061e-01
   2.3542480e-01
   3.6514792e-01
   4.0563658e-01
   2.6163465e-01
   1.8261695e-01
   1.2230577e-01
   1.1867038e-01
   9.2889518e-02
   6.5860413e-02
   9.5508203e-02
   8.1138961e-02
   9.1245294e-02
   7.5277872e-02
   1.0229831e-01
   7.7688910e-02
   1.0174834e-01
   4.7235910e-02
   3.7348308e-02
   2.5022794e-02
   6.6411316e-02
   8.8247143e-02
   4.7923315e-02
   4.4927921e-02
   6.7152239e-02
   4.7920220e-02
   9.9993892e-02
   8.4314123e-02
   8.1036329e-02
   8.6599372e-02
   3.4904264e-02
  -3.7132069e-02
  -1.1946217e-03
   5.5372477e-02
   5.3640995e-02
   6.3811831e-02
   8.7983355e-02
   2.3743106e-02
   2.7800390e-02
   3.2687586e-02
   9.1495097e-02
   8.3740376e-02
   8.9134566e-02
   9.2282631e-02
   9.5684752e-02
   6.7497082e-02
   4.9910236e-02
   9.0996228e-02
   1.0701187e-01
   1.1028101e-01
   8.8892341e-02
   5.0203361e-02
   4.1584194e-02
   6.9708414e-02
   1.0514718e-01
   1.8833746e-01
   1.3530116e-01
   6.1680391e-02
   2.3106253e-02
  -1.3630947e-03
   8.5088372e-02
   2.6232409e-01
   3.6314124e-01
   2.7374437e-01
   9.3469456e-02
   5.3241000e-02
   2.4254244e-02
   7.1268432e-02
   1.6622628e-01
   2.0109308e-01
   1.2522560e-01
   5.1647902e-02
   3.3654399e-02
   2.5249271e-02
   7.5455293e-02
   1.1210057e-01
   1.2221545e-01
   7.3904112e-02
   6.6265002e-02
   6.5956317e-02
   6.2435295e-02
   5.9996501e-02
   9.7766601e-02
   7.3483542e-02
   1.9523790e-02
  -7.8701274e-03
   3.7536682e-03
   8.1812799e-02
   7.0226118e-02
   5.7862595e-02
   4.1425575e-02
   4.5430109e-02
   5.2194156e-02
   6.8003424e-02
   1.8444954e-01
   2.1976802e-01
   1.3390212e-01
   6.9593012e-02
   4.2839266e-02
   3.6897946e-02
   4.7514893e-02
   4.3496408e-02
   3.3677168e-02
   5.8807403e-02
   3.4236107e-02
   2.8206913e-02
   3.3676233e-02
   1.2894821e-01
   1.3307647e-01
   9.6544638e-02
   5.3920150e-02
   6.1700461e-03
   2.4105180e-02
   6.0351469e-02
   3.2235969e-02
   1.6684348e-02
  -2.3316164e-03
   6.1725094e-03
   2.4835732e-02
   3.8464881e-02
   5.3380102e-02
   3.4095045e-02
   4.8062686e-02
   5.8678143e-02
   5.4020490e-02
   2.2492412e-02
   4.7675800e-02
   6.2698729e-02
   6.5136306e-02
   3.6870342e-02
   9.2430018e-02
   1.1376619e-01
   1.0283460e-01
   1.1242053e-01
   1.0234565e-01
   3.5268053e-02
   4.4500247e-02
   9.0262674e-02
   7.2474904e-02
   8.1456535e-02
   1.6072910e-01
   1.6909008e-01
   9.6283086e-02
   6.9221176e-02
   1.8029070e-02
   2.5969852e-02
   5.9667520e-02
   9.2605755e-02
   9.6632540e-02
   6.5565437e-02
   3.8994979e-02
   3.3427894e-02
   2.1576794e-02
   5.4291487e-02
   6.3698694e-02
   3.7657194e-02
   2.8478237e-02
   3.5092939e-02
   4.4164840e-02
   3.8629055e-02
   5.1301230e-02
   6.0568374e-02
   5.7279985e-02
   5.2293643e-02
   4.7044173e-02
   2.0722756e-02
   5.9774052e-02
   4.8607573e-02
   2.9415686e-02
   2.2107257e-02
   1.6597645e-02
   4.6945803e-02
   2.4057580e-02
   1.5441347e-02
   2.4391629e-02
   4.1330706e-02
   3.7547901e-02
   3.7841998e-02
   1.7542098e-02
   2.0879526e-02
   3.8112689e-02
   4.6933476e-02
   3.8521785e-02
   3.6803000e-02
   9.9766850e-03
   2.3391886e-02
   5.4894693e-02
   3.9866179e-02
   5.1030740e-02
   7.4398420e-03
   3.5830129e-02
   4.7910333e-02
   4.0792093e-02
   2.7198078e-02
   2.1257911e-02
   3.8618844e-02
   3.0482801e-02
   2.2562871e-02
   1.1810366e-02
   1.5680406e-03
   9.8574776e-03
   2.0924123e-02
   2.2925215e-02
   1.6534854e-02
   1.8025281e-02
   5.9168369e-02
   5.4784551e-02
   3.1745687e-02
   3.7794504e-02
   4.8133153e-02
   4.7554556e-02
   5.6490168e-02
   7.4975029e-02
   3.8516510e-02
   9.3032895e-03
   2.7827293e-02
   2.3234673e-02
   2.5438210e-02
   6.3025340e-02
   6.4825602e-02
   4.0340196e-02
   8.5891178e-03
   2.4527409e-03
   2.3667686e-02
   4.3410849e-02
   7.7932917e-02
   7.9285510e-02
   4.3721810e-02
   3.4119140e-02
   2.5567371e-02
   2.2930000e-02
   3.6865827e-02
   2.8994763e-02
   2.4147585e-02
   4.0287569e-02
   3.1127911e-02
   5.2641131e-02
   3.6718693e-02
   3.4122735e-02
   1.6362868e-02
   2.2919435e-02
   2.2143170e-02
   3.0560577e-02
   1.8065015e-02
   1.8566649e-02
   2.2711702e-02
   2.0138662e-02
   4.8974141e-02
   3.8102783e-02
   3.5721496e-02
   5.3492777e-02
   3.8036004e-02
   3.9937444e-02
   4.6536941e-02
   4.2336151e-02
   1.6315505e-02
   2.8883375e-02
   4.1765667e-02
   2.3310551e-02
   3.1942274e-02
   4.3665376e-02
   4.8117223e-03
   1.2353471e-02
   4.0973619e-02
   2.5450638e-02
   2.3386301e-02
   3.1031577e-02
   1.3992490e-02
   1.3082269e-02
   3.5818689e-02
   3.6079329e-02
   3.9788049e-02
   5.5809528e-02
   5.8875412e-02
   2.0948760e-02
   1.0541230e-02
   5.3440988e-02
   4.0873785e-02
   2.2878507e-02
   2.5236437e-02
   3.0498611e-02
   2.7465265e-02
   2.6767762e-02
   3.5526667e-02
   2.4072457e-02
   3.8909003e-02
   1.9901317e-02
   3.5664055e-02
   5.4065105e-02
   2.9565157e-02
   2.9492510e-02
   2.5315553e-02
   2.1619897e-02
   2.1326059e-02
   1.5998034e-02
   4.8500393e-02
   5.0254866e-02
   1.8026739e-02
   1.4858908e-02
   1.8064225e-02
   1.7245242e-02
   9.6522607e-03
   2.1458091e-02
   2.5179049e-02
   2.8675174e-02
   6.5098502e-02
   5.0972756e-02
   1.4811319e-02
   3.7529003e-02
   2.6986888e-02
   2.3629231e-02
   2.0794138e-02
   2.2596026e-02
   3.1384185e-02
   2.4009727e-02
   2.2939214e-02
   3.5107926e-02
   4.8008725e-02
   4.7717392e-02
   3.7411142e-02
   3.1027749e-02
   4.5670424e-02
   4.6401255e-02
   4.4225041e-02
   4.2424478e-02
   2.4700975e-02
   2.4703063e-02
   1.5365539e-02
   1.5554664e-02
   3.6542282e-02
   3.2496683e-02
   2.5169523e-02
   3.9209671e-02
   2.9656822e-02
   2.5935031e-02
   1.1515622e-02
   2.8583854e-02
   3.4097638e-02
   3.5322271e-02
   2.4401441e-02
   1.9835103e-02
   2.0642985e-02
   2.4340734e-02
   3.7544183e-02
   4.1455597e-02
   3.2804348e-02
   1.8419622e-02
   3.0875474e-02
   2.0320499e-02
   4.1750199e-03
   3.1259466e-02
   1.2552716e-02
   1.1515608e-02
   2.0686153e-02
   2.8990174e-02
   4.2493604e-02
   5.7253398e-02
   2.1921704e-02
   1.8920051e-02
   4.3605775e-02
   2.2826035e-02
   1.8585142e-02
   1.5792705e-02
   3.5930004e-02
   4.5240678e-02
   4.3586452e-02
   3.8325552e-02
   3.6570195e-02
   2.7187966e-02
   3.1680536e-02
   3.6713969e-02
   3.2658949e-02
   2.9064976e-02
   2.9843666e-02
   2.0277549e-02
   1.9207772e-02
   1.9164659e-02
   1.4375233e-02
   2.8603666e-02
   5.8263210e-03
   3.6097229e-03
   1.5940275e-02
   2.6521159e-02
   1.4338453e-02
   2.3880035e-02
   2.7177671e-02
   2.2174146e-02
   1.9901143e-02
   3.9973430e-02
   1.6872125e-02
   1.2090821e-02
   2.8530030e-02
   3.9566185e-02
   2.2449691e-02
   4.2061865e-02
   5.8045514e-02
   4.4599004e-02
   2.1336284e-02
   1.7079644e-02
   9.0727517e-03
   1.9300589e-02
   2.4780413e-02
   1.2065830e-02
   1.0948528e-02
   9.5166583e-03
   3.0548962e-02
   2.7786942e-02
   1.5835339e-02
   1.4612176e-02
   2.0427896e-02
   1.6816277e-02
   4.2252548e-02
   3.2139011e-02
   2.1787625e-02
   2.3758959e-02
   2.0279706e-02
   2.3064887e-02
   1.9747026e-02
   4.3084365e-03
   1.6426636e-02
   2.6948884e-02
   1.6388828e-02
   1.4080918e-02
   1.7100276e-02
   3.0546319e-02
   3.7341177e-02
   3.2470874e-02
   1.3750993e-02
   2.0157658e-02
   1.7005164e-02
   1.7920619e-02
   2.5696138e-02
   1.0153255e-02
   1.5064217e-02
   2.0192925e-02
   7.6707629e-03
   1.3631565e-02
   1.7143363e-02
   1.9961627e-02
   3.1508256e-02
   1.6199924e-02
   2.2626707e-02
   3.9471939e-02
   1.5166666e-02
   4.7765099e-03
   1.7903967e-02
   3.7563287e-02
   2.7129378e-02
   3.5621427e-02
   4.4235911e-02
   2.8326396e-02
   1.4113521e-02
   1.6646136e-02
   3.0196900e-02
   1.6327308e-02
   6.1497379e-02
   6.5909564e-02
   4.2782638e-02
   3.1272497e-02
   4.1323818e-02
   3.8913589e-02
   3.3708017e-02
   6.4454950e-02
   4.3592401e-02
   3.6675882e-02
   3.8195875e-02
   2.4940260e-02
   1.2077783e-02
   1.9103175e-02
   9.8945424e-03
   9.5052710e-03
   3.9609566e-02
   4.8582874e-02
   4.1066792e-02
   2.4449283e-02
   9.6607031e-03
   3.3543084e-03
   2.7648516e-02
   4.8191495e-02
   6.1352495e-02
   4.6244118e-02
   3.4435026e-02
   3.1497385e-02
   2.3776457e-02
   2.7347412e-02
   1.7057108e-02
   2.9568596e-02
   3.6310855e-02
   2.4710711e-02
   1.4176733e-02
   2.0226836e-02
   1.1806293e-02
   1.0942123e-02
   2.2218766e-02
   5.4949103e-03
   5.3428016e-03
  -5.2221294e-04
  -1.9030421e-03
   1.8754939e-02
   2.5941851e-02
   2.9331377e-02
   3.8827293e-02
   1.8337723e-02
   7.9242531e-03
   3.0690616e-02
   6.6118225e-02
   7.4767880e-02
   7.9401046e-02
   6.6987693e-02
   3.7780978e-02
   5.3183142e-02
   6.5092899e-02
   3.5183825e-02
   4.0957347e-02
   2.6039584e-02
   3.0985016e-02
   9.9056415e-02
   2.1943934e-01
   1.9700949e-01
   1.1349023e-01
   3.2885384e-02
   4.8055914e-03
   4.9381033e-02
   2.7854699e-01
   5.9394175e-01
   6.2086648e-01
   3.4926200e-01
   1.3794200e-01
   4.5671836e-02
   8.3191574e-02
   2.5292325e-01
   3.3826968e-01
   2.9666996e-01
   2.1978527e-01
   1.6934782e-01
   1.0102707e-01
   7.3325090e-02
   4.3203216e-02
   6.0854115e-02
   5.0670687e-02
   7.5435236e-02
   1.1947852e-01
   1.1842449e-01
   5.8548912e-02
   4.3291248e-02
   3.0337442e-02
   2.5450841e-02
   3.9212640e-02
   3.7170459e-02
   3.7270810e-02
   5.1160391e-02
   5.0472498e-02
   4.3416783e-02
   3.3614308e-02
   3.2056659e-02
   3.3708613e-02
   2.6849283e-02
   1.7756233e-02
   3.9023068e-02
   6.2255420e-02
   5.0564367e-02
   3.6455836e-02
   3.0622169e-02
   3.0869639e-02
   4.3588158e-02
   2.9259998e-02
   7.6700486e-03
   7.7201531e-04
   2.6769213e-02
   4.2552959e-02
   2.5042403e-02
   1.5584752e-02
   1.9122364e-02
   3.7294875e-03
   2.4958020e-02
   3.7142906e-02
   2.0053826e-02
   1.3010128e-02
   4.1763983e-03
   1.8578017e-02
   4.4269986e-02
   4.6159688e-02
   2.7188979e-02
   1.5925938e-02
   3.4723911e-02
   3.8043968e-02
   1.2143345e-02
   2.4004498e-02
   2.1409316e-02
   2.8963989e-02
   4.7686432e-02
   4.3595988e-02
   5.1040933e-02
   4.6834443e-02
   1.8208280e-02
   1.4112481e-02
   2.6785431e-02
   5.6136362e-02
   8.6407714e-02
   1.2548034e-01
   7.8116551e-02
   1.8091524e-02
   2.2664433e-02
   3.3516951e-02
   3.6764029e-02
   5.4265797e-02
   7.1894929e-02
   4.9774077e-02
   3.5185676e-02
   2.5114192e-02
   4.6388274e-03
   1.7564487e-02
   3.1102329e-02
   1.6953042e-02
   3.7579242e-02
   3.8604371e-02
   2.6381401e-02
   1.8750463e-02
   1.6668363e-02
   1.1868671e-02
   4.1969378e-02
   5.1857878e-02
   3.8048074e-02
   2.8239781e-02
   2.4091445e-02
   2.6471185e-02
   2.8864283e-02
   3.1391535e-02
   2.5229769e-02
   1.5291526e-02
   1.7654521e-02
   2.9209692e-02
   1.3321620e-02
   1.3367893e-02
   3.7125811e-02
   4.9050953e-02
   1.9644493e-02
   2.3668496e-02
   3.3697646e-02
   1.6157150e-02
   1.6905701e-02
   2.7485218e-02
   1.9134955e-02
   2.4668865e-02
   1.2861855e-02
   1.7291263e-02
   2.6998593e-02
   2.3276214e-02
   2.3269247e-02
   2.6459407e-02
   2.8547736e-02
   1.7976794e-02
   1.7540505e-02
   2.1924796e-02
   2.5844406e-02
   8.3584534e-03
   1.5745657e-02
   1.5827525e-02
   1.4226791e-02
   1.8198084e-02
   3.0696649e-02
   1.4028371e-02
   1.6412063e-02
   2.9719405e-02
   1.8259557e-02
   1.6437758e-02
   8.5121011e-03
   2.3358403e-02
   2.7652297e-02
   2.0374887e-02
   4.1816849e-03
   2.5511717e-02
   2.6304459e-02
   2.9473616e-02
   1.9981124e-02
   3.0097956e-02
   2.2037145e-02
   2.8295118e-02
   4.2761341e-02
   4.6894204e-02
   3.9546285e-02
   3.7448514e-02
   3.4421552e-02
   3.1276103e-02
   3.6770135e-02
   2.6948025e-02
   2.6213590e-02
   3.5592508e-02
   6.1194051e-02
   3.9388590e-02
   3.1030037e-02
   8.0416566e-03
   4.2655314e-03
   1.5280538e-02
   1.4515158e-02
   1.8602723e-02
   1.6051371e-02
   1.4926746e-02
   2.6330819e-02
   2.2078482e-02
   1.2343777e-02
   1.2840552e-02
   1.4112126e-02
   1.6118893e-02
   2.2253411e-02
   2.4514688e-02
   1.8302144e-02
   2.5090517e-02
   1.7852871e-02
   2.0226793e-02
   2.3275722e-02
   2.3572292e-02
  -4.6882287e-04
   2.4230031e-02
   3.0102782e-02
   2.7355647e-02
   2.8933205e-02
   1.9841610e-02
   1.8961312e-02
   1.6967362e-02
   1.1007252e-02
   1.6227556e-02
   3.5108481e-02
   2.6140317e-02
   1.4957084e-02
   1.6749384e-02
   2.0331483e-02
   2.7349735e-02
   2.6423056e-02
   1.7187303e-02
   2.2303009e-02
   1.8805252e-02
   1.7774750e-02
   1.4521739e-02
   4.9149711e-03
   1.8462759e-02
   1.8004389e-02
   1.7135151e-02
   9.8656788e-03
   2.8071571e-02
   1.6991850e-02
   1.6371489e-02
   1.5132908e-02
   1.2789525e-02
   1.9650575e-02
   1.9654287e-02
   1.4651350e-02
   1.8890260e-02
   3.1360399e-02
   2.8586363e-02
   7.7056815e-03
   1.9044463e-02
   3.1581968e-02
   1.8656174e-02
   2.1106333e-02
   9.7272173e-03
   4.0141083e-03
   5.3079245e-03
   1.7398505e-02
   1.4347606e-02
   2.1112874e-02
   1.7094621e-02
   1.7963799e-02
   1.9281898e-02
   1.3087784e-02
   1.8787676e-02
   2.6843237e-02
   1.8067289e-02
   2.8116373e-02
   2.0629473e-02
   2.2458084e-02
   2.6221531e-02
   3.3775188e-02
   2.7953032e-02
   3.2183874e-02
   2.9242048e-02
   2.4319662e-02
   2.0659033e-02
   2.5130812e-02
   1.4064599e-02
   2.3231775e-02
   2.8409479e-02
   3.3279934e-03
   3.7828779e-03
   1.5367438e-02
   1.9759292e-02
   2.0616200e-02
   1.3091281e-02
   2.2896435e-02
   1.1858871e-02
   1.4110703e-02
   2.5406467e-02
   2.1934440e-02
   1.5491797e-02
   9.6589942e-03
   2.4816895e-02
   2.7445128e-02
   1.8475758e-02
   3.2038074e-03
   1.3283081e-03
   1.3631442e-02
   2.9727465e-02
   2.7903056e-02
   1.6933857e-02
   2.3269771e-02
   1.8707598e-02
   2.0980300e-02
   2.7400086e-02
   3.8227569e-02
   2.1905908e-02
