   4.4965386e-02
   1.6898258e-02
   3.4154844e-02
   4.3481890e-02
   3.3390347e-02
   2.6434682e-02
   2.2722745e-02
   3.0193469e-02
   2.3800299e-02
   1.6537998e-02
   1.7070988e-02
   2.7441215e-02
   4.7211718e-02
   2.3391359e-02
   1.7987859e-02
   6.8213460e-03
   2.2312382e-02
   2.7700519e-02
   2.8168190e-02
   3.3459265e-02
   2.7037945e-02
   8.8270977e-03
   1.8187942e-02
   2.4374219e-02
   3.8657367e-02
   5.2810937e-02
   5.0772946e-02
   3.2212321e-02
   3.2304790e-02
   2.7779827e-02
   3.9203256e-02
   5.3205501e-02
   3.7336349e-02
   5.0963350e-02
   2.0855714e-02
   3.3629604e-02
   3.2730334e-02
   5.6307375e-02
   5.6868620e-02
   4.5168933e-02
   5.5531494e-02
   3.4568824e-02
   2.3544276e-02
   3.7194252e-02
   1.5329884e-02
   1.0430396e-02
   2.0838575e-02
   1.3239414e-02
   2.5610276e-02
   4.3854866e-02
   4.7655225e-02
   6.2394336e-02
   6.1969999e-02
   3.3217970e-02
   4.1705780e-02
   3.8603958e-02
   2.6566476e-02
   5.5767979e-02
   4.1697569e-02
   4.4587336e-02
   4.1139718e-02
   3.5084300e-02
   3.2563556e-02
   3.0585576e-03
   3.8899074e-03
   2.5808256e-02
   4.0556926e-02
   3.0165402e-02
   2.8557209e-02
   2.8368894e-02
   1.1989122e-02
   2.0346109e-02
   3.4572188e-02
   3.2154486e-02
   5.2875984e-02
   4.7511667e-02
   4.5142885e-02
   4.5638289e-02
   4.4212122e-02
   1.9055981e-02
   3.1172955e-02
   3.7137508e-02
   2.4729885e-02
   3.5573855e-02
   3.7528027e-02
   1.5969953e-02
   2.8045343e-02
   4.1234832e-02
   2.7889032e-02
   2.6677219e-02
   3.9005518e-02
   3.4855016e-02
   4.4323295e-02
   2.3805151e-02
   2.0677408e-02
   3.5333879e-02
   2.0828336e-02
   2.3476584e-02
   2.4819456e-02
   2.5338421e-02
   2.7909562e-02
   2.1236012e-02
   2.1904962e-02
   5.5362765e-02
   7.9522729e-02
   5.2759562e-02
   4.0443089e-02
   2.3400042e-02
   3.6132336e-02
   6.4601861e-02
   4.4715956e-02
   3.3761997e-02
   1.6826116e-02
   5.0151791e-02
   5.4065697e-02
   3.5854273e-02
   3.5943285e-02
   2.9614478e-02
   2.6116502e-02
   4.5501649e-02
   4.4097345e-02
   3.5610322e-02
   4.4317771e-02
   5.3117905e-02
   2.1165878e-02
   1.1161639e-02
   1.0856077e-02
   2.8707437e-02
   2.7849695e-02
   1.1910234e-02
   2.2354834e-02
   3.3307601e-02
   1.2290870e-02
   2.3523526e-02
   4.5322862e-02
   2.9706890e-02
   1.1917829e-02
   3.6328051e-02
   2.5597703e-02
   6.4461627e-03
   8.2732346e-03
   2.7326882e-02
   2.5902428e-02
   6.2169414e-03
   1.9568171e-02
   1.2033254e-02
   1.9900808e-02
   1.5542282e-02
   2.6350779e-02
   2.7264446e-02
   2.3010764e-02
   2.5085142e-02
   2.3906188e-02
   4.2481311e-02
   3.6026612e-02
   3.4185007e-02
   4.2091712e-02
   3.4156121e-02
   2.5682455e-02
   6.8897810e-03
   1.5698370e-02
   2.3918869e-02
   1.4801437e-02
   1.8882230e-02
   3.1283051e-02
   4.4041466e-02
   4.0026858e-02
   4.9524553e-02
   3.2900129e-02
   3.0753093e-02
   1.1594164e-02
   2.4155542e-02
   2.7822297e-02
   4.4444140e-02
   2.9555308e-02
   2.3212800e-02
   2.8507106e-02
   3.0134406e-02
   2.4563482e-02
   2.7960258e-02
   3.0223487e-02
   2.3644518e-02
   8.7053245e-03
   2.4076486e-02
   7.1571404e-03
   2.9923729e-04
   2.6158357e-02
   2.3497833e-02
   3.9127015e-02
   2.4709551e-02
   1.6039317e-02
   4.4223461e-02
   5.6066748e-02
   4.5697492e-02
   2.5400473e-02
   2.7181651e-02
   1.6473742e-02
   2.6256004e-02
   3.2860748e-02
   2.5740335e-02
   4.2680942e-02
   2.0714359e-02
   3.5907160e-02
   4.8606105e-02
   3.9402027e-02
   4.7104128e-02
   2.0138623e-02
   3.5699658e-02
   3.9491471e-02
   2.6570130e-02
   4.1202728e-02
   3.6391832e-02
   3.0613091e-02
   2.4849502e-02
   1.9649504e-02
   2.3023320e-02
   1.7775862e-02
   2.2038674e-02
   3.7670150e-02
   4.2418893e-02
   4.2882632e-02
   2.4946278e-02
   1.9959053e-02
   2.5866631e-02
   4.0525287e-02
   4.7539290e-02
   5.3107232e-02
   4.1330196e-02
   2.0082416e-02
   2.2947604e-02
   3.6704876e-02
   3.0309366e-02
   1.9851537e-02
   1.3342123e-02
   1.2351443e-02
   1.0538538e-02
   6.1843116e-02
   7.8634739e-02
   4.5183297e-02
   2.9110612e-02
   2.7534071e-02
   4.7702044e-02
   3.3926513e-02
   1.3728633e-02
   1.9457405e-02
   1.3082416e-02
   2.4470365e-02
   3.1749245e-02
   5.0373506e-02
   3.9181657e-02
   4.0196337e-02
   4.4953953e-02
   3.4828532e-02
   4.9503636e-02
   2.2448117e-02
   1.7096354e-02
   4.7966972e-02
   1.8009733e-02
   2.2937676e-02
   2.7248902e-02
   2.7179996e-02
   1.8811023e-02
   3.2907590e-02
   3.8531836e-02
   4.1876558e-02
   6.4577803e-02
   3.1631257e-02
   2.1683101e-02
   3.3583749e-02
   2.5215302e-02
   2.4139296e-02
   2.6500937e-02
   2.4973584e-02
   2.0305688e-02
   2.5026577e-02
   1.6674260e-02
   2.8750988e-02
   2.5658246e-02
   8.5017998e-03
  -1.7291742e-03
   7.6495502e-03
   7.9932576e-03
   2.3295514e-02
   2.2280576e-02
   4.2328116e-02
   5.9883941e-02
   5.8576398e-02
   1.5980478e-02
   1.7066278e-02
   1.5236092e-02
   1.9449117e-02
   9.6001970e-03
   3.6167271e-02
   3.6831036e-02
   6.7099690e-02
   8.5474998e-02
   6.0904790e-02
   4.0159382e-02
   4.4731762e-02
   7.2927102e-02
   1.6904004e-01
   2.5978538e-01
   1.6592906e-01
   4.7698896e-02
   6.5203984e-03
   2.8791115e-02
   5.4115131e-02
   6.8895079e-02
   4.3551631e-02
   3.9244734e-02
   2.5065942e-02
   1.0347696e-01
   1.4761947e-01
   7.9698749e-02
   4.9070876e-02
   3.7845924e-02
   2.3889503e-02
   2.2469556e-02
   3.9885476e-02
   2.9490381e-02
   4.4650011e-02
   4.2004410e-02
   1.7572543e-02
   3.1101357e-02
   2.1751661e-02
   3.1512968e-02
   5.4921187e-02
   2.3582524e-02
   2.8900294e-02
   2.4574976e-02
   1.4992611e-02
   1.0557699e-02
   2.9763216e-02
   2.1197086e-02
   4.5625985e-02
   4.4427671e-02
   3.1593829e-02
   3.7227593e-02
   5.5082861e-02
   3.2690596e-02
   2.4006100e-02
   3.1996313e-02
   3.4653850e-02
   3.3724722e-02
   3.8358986e-02
   2.2661148e-02
   2.0877922e-02
   3.9408747e-03
   4.7957767e-03
   3.0870980e-02
   3.5524182e-02
   3.5170343e-02
   2.7437732e-02
   3.2853529e-02
   3.4865387e-02
   2.5148883e-02
   2.8144278e-02
   4.8182331e-02
   7.4254647e-02
   6.7120120e-02
   3.5252750e-02
   2.0236637e-02
   3.1434149e-02
   4.1907880e-02
   4.3534379e-02
   1.0667652e-01
   6.5709278e-02
   3.1520788e-02
   5.6998897e-02
   3.4458883e-02
   2.8187986e-02
   1.4721804e-02
   8.0291061e-03
   2.0215629e-02
   3.4994062e-02
   4.7712591e-02
   5.7735082e-02
   3.4046117e-02
   2.5718275e-02
   4.0154286e-02
   2.8107742e-02
   4.1186932e-02
   2.5079645e-02
   3.3260267e-02
   1.6593156e-02
   3.4465127e-02
   6.6759191e-02
   4.6805531e-02
   2.4361989e-02
   2.6019160e-02
   3.8821738e-02
   5.5068329e-02
   8.9199290e-02
   1.0235500e-01
   4.3579984e-02
   3.6976431e-02
   1.4558456e-02
   3.4452185e-02
   3.9822787e-02
   2.4625206e-02
   1.1828930e-02
   2.2709865e-02
   2.3874685e-02
   2.9943816e-02
   4.7609787e-03
   1.2049229e-02
   4.3561641e-02
   4.6843134e-02
   4.1654125e-02
   3.8743429e-02
   5.7374332e-02
   5.9091829e-02
   3.6048308e-02
   6.2508367e-02
   3.0941227e-02
   5.6228109e-02
   6.0377799e-02
   6.4136766e-02
   6.2488019e-02
   5.7210345e-02
   2.3450788e-02
   2.5709826e-02
   4.7750238e-02
   5.5304606e-02
   4.1389391e-02
   5.9512341e-03
   2.2503760e-02
   3.3484496e-02
   3.0655367e-02
   3.6224999e-02
   8.6725606e-03
   5.5016144e-03
   3.0775048e-02
   3.7946858e-02
   3.5963930e-02
   4.3321498e-02
   4.4766430e-02
   4.2956416e-02
   4.2328626e-02
   4.2541537e-02
   2.4959389e-02
   3.6254656e-02
   5.0216906e-02
   5.1909842e-02
   3.9112892e-02
   2.9619226e-02
   3.4243520e-02
   4.0156014e-02
   6.1198495e-02
   2.4084678e-02
   1.9805808e-02
   2.0688428e-02
   7.3736021e-03
   2.8877236e-02
   4.4913355e-02
   4.0486380e-02
   5.0854199e-02
   4.3430582e-02
   3.8430825e-02
   5.1294891e-03
   1.5160154e-02
   2.9767808e-02
   4.0667169e-02
   4.4508226e-02
   2.9511360e-02
   3.3424810e-02
   4.3758102e-02
   1.8792123e-02
   3.3123046e-02
   4.5945372e-02
   3.3629384e-02
   2.0712782e-02
   1.8932205e-02
   2.4752149e-02
   3.5389312e-02
   4.6213862e-02
   3.4338713e-02
   5.0421998e-02
   4.6209715e-02
   2.6771050e-02
   3.7446052e-02
   3.7112698e-02
   3.0714834e-02
   3.2589175e-02
   2.6726862e-02
   3.5888884e-02
   1.5522993e-02
   1.2569224e-02
   4.0394958e-02
   4.0097747e-02
   3.9944511e-02
   4.9583774e-02
   4.4336479e-02
   3.5239726e-02
   2.8988795e-02
   5.5482984e-02
   6.9965884e-02
   7.5377509e-02
   3.9517965e-02
   3.4241773e-02
   4.4267807e-02
   1.4432598e-03
   3.2503329e-02
   7.7015467e-02
   4.1904815e-02
   2.3937861e-02
   4.2559337e-02
   3.8739897e-02
   1.9554403e-02
   4.7260880e-02
   3.1009208e-02
   2.3089226e-02
   2.2509767e-02
   3.0133018e-02
   1.7299747e-02
   1.9460870e-02
   3.6737319e-02
   4.1815639e-02
   7.2762631e-02
   4.4110123e-02
   3.9919727e-02
   6.1361529e-02
   2.5091341e-02
   4.1290399e-02
   1.9523777e-02
   5.4212656e-02
   5.3147402e-02
   3.0423956e-02
   2.9914775e-03
   5.9632910e-03
   8.1757000e-03
   2.8000195e-02
   4.4214860e-02
   2.7050950e-02
   4.2865053e-02
   2.8001202e-02
   3.0532451e-02
   9.3942314e-02
   1.1259775e-01
   7.1534358e-02
   4.2086266e-02
   1.1989305e-02
   2.7663613e-02
   2.9077608e-02
   2.0238522e-02
   2.8383348e-02
   3.1865019e-02
   3.0443685e-02
   4.4341963e-02
   3.9445523e-02
   3.8595233e-02
   3.7988137e-02
   4.3724734e-02
   4.3281477e-02
   3.2528259e-02
   2.1839662e-02
   4.0350381e-02
   2.8552720e-02
   1.7960781e-02
   4.9224287e-02
   9.4803169e-02
   9.5502906e-02
   4.1061945e-02
   5.2558288e-02
   3.8685460e-02
   2.4306313e-03
   8.0450199e-04
   2.9196648e-02
   8.1467569e-02
   8.4897257e-02
   4.4721209e-02
   4.0104385e-02
   4.1439686e-02
   3.5159040e-02
   6.9353357e-02
   5.8493558e-02
  -1.8986646e-03
   2.8750017e-02
   3.0742636e-02
   2.7120782e-02
   2.7808195e-02
   2.3964908e-02
   3.8903318e-02
   5.2644312e-02
   6.4254776e-02
   9.1556404e-03
   1.9407455e-03
   1.9789187e-02
   9.9365510e-02
   1.2284444e-01
   6.7203596e-02
   3.9442778e-02
   5.0758809e-02
   5.5409368e-02
   3.6504216e-02
   1.0290950e-01
   3.8516110e-01
   5.0260568e-01
   2.9251146e-01
   8.6395346e-02
   7.5662099e-02
   7.7886486e-01
   2.5045877e+00
   2.3758919e+00
   9.8653650e-01
   2.6094836e-01
   1.5472828e-01
   2.6165685e-01
   3.0496982e-01
   4.8545992e-01
   4.4106722e-01
   2.0687959e-01
   7.3851310e-02
   5.1108688e-02
   8.7438241e-02
   1.3328673e-01
   1.8950640e-01
   1.2724079e-01
   8.7654129e-02
   5.3781074e-02
   5.3846899e-02
   7.8635529e-02
   9.2916302e-02
   1.0342168e-01
   1.6843708e-01
   2.0791200e-01
   1.1684060e-01
   3.2700717e-02
  -6.7226063e-03
   3.4935854e-02
   5.3302512e-02
   2.4435189e-02
   2.8272219e-02
   2.3145305e-02
   4.2115200e-02
   8.0037229e-02
   3.5867095e-02
   6.9952659e-02
   2.9485665e-02
   3.3513539e-02
   3.5700306e-02
   3.5992220e-02
   5.7129529e-03
   2.8336089e-02
   1.8146802e-02
   2.1436196e-02
   3.8346648e-02
   8.4358834e-02
   7.7177718e-02
   9.0317979e-02
   6.1390303e-02
   1.0717810e-01
   1.6561998e-01
   2.1229252e-01
   1.0724254e-01
   4.4067014e-02
   8.4111519e-02
   1.1901383e-01
   8.7716542e-02
   5.3333227e-02
   1.4586438e-02
   9.9565245e-02
   4.5798558e-01
   5.7225448e-01
   3.0534771e-01
   6.3847825e-02
   2.4625510e-02
  -1.4392196e-03
   3.0859167e-02
   7.2013900e-02
   1.0075217e-01
   7.0929632e-02
  -8.3262892e-03
  -3.3501314e-04
   1.2517086e-02
   4.4778716e-02
   1.7672095e-02
   2.0989578e-02
  -1.6656173e-03
  -1.5149781e-02
   3.9083748e-03
   4.0879726e-02
   4.0894303e-02
   8.2163520e-02
   9.6608408e-02
   1.3885115e-01
   5.8203172e-02
   5.3723749e-02
   5.8432631e-02
   6.1771061e-02
   1.0884067e-01
   9.8687477e-02
   7.7189222e-02
   4.4736736e-02
   5.6131575e-02
   6.9945514e-02
   1.5611960e-01
   1.8587305e-01
   1.1046476e-01
   4.7975842e-02
   8.7982431e-02
   1.5176336e-01
   1.9498433e-01
   1.6701384e-01
   1.9665410e-01
   2.1324275e-01
   2.8995833e-01
   2.7646175e-01
   1.7574549e-01
   1.1061846e-01
   2.6718655e-01
   4.5764691e-01
   4.3076932e-01
   1.7959927e-01
   6.7094117e-02
   2.8511673e-01
   1.2142171e+00
   1.5785547e+00
   8.8540816e-01
   2.4833569e-01
   2.3518080e-01
   8.8563907e-01
   1.2289445e+00
   8.0634177e-01
   4.0417844e-01
   1.6475171e-01
   2.5804672e-01
   3.8346103e-01
   3.0287924e-01
   2.1915480e-01
   1.2072485e-01
   7.1180090e-02
   7.0099480e-02
   3.1655122e-02
   4.7056715e-04
   3.6099050e-02
   4.1442446e-02
   5.7301790e-02
   3.0791359e-02
  -5.5797873e-03
   1.2080573e-02
   2.2888066e-02
   2.5758557e-02
   4.3764830e-02
   3.7225516e-05
  -9.4499560e-03
   8.5675884e-03
  -6.3272991e-04
   4.4073734e-02
   5.3403370e-02
   3.0904865e-02
   6.4080562e-03
   3.4772974e-02
   2.2742309e-02
   2.2528708e-02
   4.2720124e-02
   5.4995008e-02
   3.7920933e-02
   2.4020281e-02
   5.0062947e-02
   7.7891596e-02
   1.3409485e-01
   1.7145959e-01
   8.3650947e-02
   1.0753632e-01
   1.2305355e-01
   8.9817546e-02
   9.8463118e-02
   6.9218792e-02
   7.4269347e-02
   1.4409943e-01
   1.4472248e-01
   1.1492744e-01
   7.3525682e-02
   1.6626541e-01
   4.1314101e-01
   4.8616943e-01
   2.6480943e-01
   1.0346614e-01
   9.2544720e-02
   2.9280567e-01
   3.2719108e-01
   2.2755866e-01
   1.1819640e-01
   6.2873662e-02
   8.3770566e-02
   7.7448152e-02
   5.5277936e-02
   6.2878683e-02
   5.4098755e-02
   3.3131983e-02
   5.8144290e-02
   1.7769540e-02
   1.2998555e-02
   3.4626655e-02
   3.8329922e-02
   2.8721584e-02
   2.5409792e-02
  -1.9569367e-03
   2.9592088e-03
   2.9999796e-02
   8.8436365e-02
   5.3709455e-02
   1.2025710e-02
   3.1063488e-02
   2.3612775e-02
   1.7440714e-02
   4.7469318e-02
   4.8554398e-02
   4.5980785e-02
   2.0218818e-02
   3.0718872e-02
   1.4229408e-02
   1.9730723e-02
   3.1050123e-02
   4.0333718e-02
   3.2204747e-02
   2.3018504e-02
   2.3720175e-02
   5.4279726e-02
   7.1267761e-02
   5.9598792e-02
   4.3573998e-02
   3.4163386e-02
   5.9783418e-02
   6.8711676e-02
   5.3748328e-02
   6.8623044e-02
   8.7016605e-02
   9.5931686e-02
   3.0221798e-02
   2.7995598e-02
   5.3982936e-02
   1.7333147e-01
   2.6124951e-01
   1.5368740e-01
   5.2644365e-02
   1.9557392e-02
   1.5429445e-01
   1.5403751e-01
   9.0063542e-02
   4.1119236e-02
   2.2771882e-02
   1.4015728e-01
   1.6667500e-01
   1.0177050e-01
   5.4663520e-02
   8.0145769e-02
   1.3888669e-01
   9.8029763e-02
   1.0640156e-01
   1.0302544e-01
   1.5531754e-01
   2.4432074e-01
   2.2043560e-01
   1.0628171e-01
   5.5403929e-02
   1.7582847e-01
   3.9481488e-01
   2.5530264e-01
   1.2733862e-01
   2.1359662e-02
   2.9442617e-01
   1.0376964e+00
   1.0243472e+00
   4.6432894e-01
   1.0692006e-01
   1.0038185e-01
   3.3142808e-01
   3.6027569e-01
   2.8313819e-01
   1.8107855e-01
   1.1834735e-01
   1.5500975e-01
   7.8002773e-02
   8.7629229e-02
   9.4175793e-02
   7.3886044e-02
   4.8965193e-02
   2.7343046e-02
   2.9509518e-02
   3.8039338e-02
   3.6154218e-02
  -4.3516648e-06
   1.2110492e-02
   5.4345122e-03
   4.0105216e-02
   5.0178975e-02
   3.9183829e-02
   1.9642796e-02
   2.3058621e-02
   5.2502703e-02
   7.5773425e-02
   6.7095183e-02
   4.4704873e-02
   3.6245015e-02
   5.8057174e-02
   4.3838821e-02
   2.3055840e-02
   1.9066062e-02
   2.4000753e-02
   3.5473995e-02
   4.9541499e-02
   2.0024193e-02
   4.4970335e-03
   3.5813849e-02
   8.2569920e-02
   9.4731338e-02
   7.1208932e-02
   2.5243457e-02
   4.7968432e-02
   5.2046549e-02
   3.3149220e-02
   3.8358442e-02
   3.9096136e-02
   1.0160360e-01
   1.1531971e-01
   5.5176783e-02
  -8.2854712e-03
   5.3974297e-02
   2.6584190e-01
   3.6155829e-01
   2.1240175e-01
   7.3051862e-02
   6.0824599e-02
   9.3244962e-02
   8.7175824e-02
   7.7722736e-02
   8.9588858e-02
   8.5715286e-02
   6.7855924e-02
   2.3429478e-02
   1.8120898e-02
   6.2002782e-02
   6.4991452e-02
   3.4105819e-02
   2.4220818e-03
   9.4920807e-03
   4.4851102e-02
   6.9593675e-02
   1.0115964e-01
   8.7118216e-02
   8.5723035e-02
   1.1208843e-01
   1.2171248e-01
   7.9737507e-02
   4.2451598e-02
   8.6893588e-02
   1.5395322e-01
   1.5604234e-01
   1.5905997e-01
   1.2702107e-01
   1.5903646e-01
   2.4737817e-01
   1.9860558e-01
   9.9724919e-02
   1.1207702e-01
   3.4429571e-01
   4.5668218e-01
   2.4934506e-01
   6.4857863e-02
   3.5325378e-02
   4.9293357e-01
   1.0466057e+00
   8.2239538e-01
   2.6828581e-01
   1.1496117e-01
   4.2971674e-01
   6.3632852e-01
   4.3885139e-01
   1.7748125e-01
   1.0117164e-01
   1.5990250e-01
   1.9831479e-01
   8.9892209e-02
   3.6279131e-02
   1.3333344e-01
   2.9009652e-01
   2.2600944e-01
   7.8845389e-02
   4.8728704e-02
   4.7776010e-02
   5.6154255e-02
   1.3005361e-01
   1.3812637e-01
   6.6224061e-02
   3.1249978e-02
   2.1002882e-03
   2.7331898e-03
   1.3896365e-02
  -6.3625416e-03
  -2.8888805e-02
   1.3586299e-02
   2.3459649e-02
  -5.2130911e-03
   2.4224043e-02
   8.4254317e-02
   9.2738874e-02
   6.5069407e-02
   3.1649482e-02
   5.0884400e-02
   5.5256799e-02
   7.1879953e-02
   7.4895628e-02
   5.9010789e-02
   9.1617189e-02
   8.2659438e-02
   4.6654873e-02
   5.7065245e-02
   8.9077495e-02
   7.9478495e-02
   4.9376223e-02
   3.5173643e-02
   1.0748661e-01
   1.4345653e-01
   9.7786434e-02
   3.6458701e-02
  -3.4715955e-03
   1.0706417e-01
   3.3574906e-01
   2.6918972e-01
   1.2528469e-01
   6.6290401e-02
   1.2062518e-01
   2.1666801e-01
   1.8063712e-01
   9.1227606e-02
   6.0756989e-02
   7.4695840e-02
   6.2053114e-02
   5.1678248e-02
   3.1726856e-02
   5.7668637e-02
   1.1348216e-01
   1.0626779e-01
   3.4066286e-02
   1.4360806e-02
   2.1586014e-02
   3.3217747e-02
   3.3967156e-02
   1.0020991e-01
   9.2208505e-02
   5.5874314e-02
   3.7322007e-02
   3.3617727e-02
   1.7670937e-02
  -2.9165277e-02
  -1.3244473e-02
   1.1891539e-02
   1.5109037e-01
   6.7493868e-01
   1.0756443e+00
   8.4304810e-01
   4.1157821e-01
   1.6852584e-01
   5.5478383e-02
   5.8136228e-02
   5.6954771e-02
   3.3958506e-02
   6.4778022e-02
   7.3125534e-02
   6.5160923e-02
   9.2705265e-02
   1.5254602e-01
   1.8568464e-01
   1.8099669e-01
   9.9163473e-02
   1.2672701e-01
   2.0715281e-01
   3.5789874e-01
   4.2454216e-01
   2.9638129e-01
   1.2485770e-01
   1.0766587e-01
   1.6804267e-01
   2.3204470e-01
   1.5860397e-01
   8.6526036e-02
   1.0869820e-01
   1.5038051e-01
   1.6029161e-01
   1.3243291e-01
   6.5183446e-02
   5.8726143e-02
   6.8502389e-02
   4.1296128e-02
   1.3973111e-02
   1.1574144e-02
   3.3341162e-02
   5.2118991e-02
   2.2643549e-02
   4.0365025e-02
   2.3569653e-02
   1.2060664e-02
   1.7228644e-02
   3.0398358e-02
   3.0780215e-02
   2.0304741e-02
   3.6425881e-02
   4.5645539e-02
   8.0306828e-03
   8.3927512e-03
  -9.5559210e-03
  -5.8389502e-03
   7.1092178e-03
   1.7932564e-02
   1.9348938e-02
   1.7990449e-02
   6.5850049e-02
   1.1046162e-01
   1.2219076e-01
   6.7317136e-02
   5.2020460e-02
   4.1129660e-02
   5.5621836e-02
   5.1172979e-02
   6.6179402e-02
   4.9411949e-02
   3.5570350e-02
   4.8367515e-02
   6.2205035e-02
   1.3463828e-02
   2.0514198e-02
   5.1186949e-02
   1.1061328e-01
   2.1441846e-01
   2.7187872e-01
   1.7457706e-01
   1.4658180e-01
   1.4577420e-01
   9.9176466e-02
   5.5043887e-02
   5.4798204e-02
   5.1714201e-02
   9.4716236e-02
   1.1161274e-01
   6.0017806e-02
   1.9875826e-02
   3.9933871e-02
   6.8973310e-02
   3.7299220e-02
   3.9564408e-02
   4.9389742e-02
   7.0985891e-02
   9.7316958e-02
   1.1241366e-01
   7.9874627e-02
   5.1781598e-02
   2.0245830e-02
   3.8613528e-02
   7.2634332e-02
   5.4053046e-02
   1.4322364e-02
   7.0374808e-03
   2.6694730e-02
   3.0768270e-02
   1.3746628e-02
   1.1398955e-02
   2.1500092e-02
   4.9776778e-02
   1.5346447e-01
   2.0928380e-01
   1.4291728e-01
   9.4101198e-02
   2.0919016e-02
   3.5415061e-02
   2.5295814e-02
   1.1069354e-02
   2.1184755e-02
   3.7663240e-02
   2.6422735e-02
   1.5204097e-02
   4.4894304e-02
   7.4260801e-02
   7.3465124e-02
   2.2018190e-02
   2.7989419e-02
   6.5220907e-02
   7.8766972e-02
   1.0954736e-01
   9.5977686e-02
   7.6248311e-02
   4.9757399e-02
   2.8741337e-02
   6.5365531e-02
   7.3354572e-02
   4.4705700e-02
   2.7122034e-02
   7.4484027e-03
   2.6711615e-02
   4.4981327e-02
   7.0398287e-03
   4.0271264e-02
   4.9099527e-02
   4.3127533e-02
   3.9780717e-02
   3.6579341e-02
   3.9681520e-02
   4.1907743e-02
   2.1479482e-02
   3.2086659e-02
   4.8596941e-02
   4.1518174e-02
   4.4598445e-02
   4.3603186e-02
   5.6803219e-02
   5.6142610e-02
   4.4139836e-02
   2.9451778e-02
   4.7174979e-02
   6.7565471e-02
   6.3801236e-02
   7.8563474e-02
   5.4477453e-02
   5.1842850e-02
   7.5597785e-02
   7.1012728e-02
   5.1782787e-02
   5.9121985e-02
   5.8623832e-02
   3.3740338e-02
   2.4112895e-02
   2.6966369e-02
   3.4486040e-02
   3.1869419e-02
   1.5142974e-02
   1.3511392e-02
   3.0301668e-02
   2.3970639e-02
   1.2804683e-02
   1.1909259e-02
   3.3262976e-02
   1.1574140e-02
   4.7670487e-02
   6.3198283e-02
   4.4666719e-02
   4.0879562e-02
   3.3602159e-02
   2.4967965e-02
   2.5118396e-02
   4.0948674e-02
   4.3677758e-02
   4.7943603e-02
   4.0081371e-02
   6.1465692e-02
   3.6003862e-02
   2.0158965e-02
   2.9444985e-02
   9.3789632e-03
   2.5541352e-02
   3.2145869e-02
   2.7924342e-02
   5.1391393e-02
   5.4717675e-02
   2.0952677e-02
   6.0103759e-03
   1.2971658e-02
   2.8030960e-02
   1.8802969e-02
   3.1114046e-02
   2.4724947e-02
   1.5918553e-02
   2.5346223e-02
   1.5655201e-02
   1.2628788e-03
   3.4929108e-02
   5.8767993e-02
   5.0352458e-02
   8.2491510e-02
   7.5201146e-02
   6.2556945e-02
   3.8709298e-02
   4.0439226e-02
   3.6580630e-02
   2.2106478e-02
   3.6197703e-02
   4.6158276e-02
   1.9586977e-02
   2.2519758e-02
   2.8891046e-02
   3.8068209e-02
   4.2379022e-02
   5.7320580e-02
   4.5857560e-02
   2.3359139e-02
   2.7130872e-02
   6.0661964e-02
   6.0034312e-02
   3.4415510e-02
   3.5368893e-02
   2.9766956e-02
   2.6295345e-02
   4.2803459e-02
   4.3306399e-02
   2.7146110e-02
   3.3941332e-02
   2.5015984e-02
   2.3751495e-02
   2.2613039e-02
   1.2908845e-02
   1.6688140e-02
   3.5270859e-02
   4.4298578e-02
   3.2815754e-02
   2.0267136e-02
   3.3897359e-02
   3.2843001e-02
   2.0703899e-02
   5.9437668e-03
   2.3589771e-02
   3.7703715e-02
   3.2743670e-02
   5.8899082e-02
   6.2505558e-02
   4.2319108e-02
   3.4079101e-02
   3.0854153e-02
   2.4888037e-02
   3.5275031e-02
   2.7828062e-02
   8.3577149e-03
   5.9840144e-03
   4.4284700e-03
   2.8253365e-03
   3.0643006e-03
   1.0051901e-02
   2.9063523e-02
   5.1942240e-02
   3.7097309e-02
   2.6908692e-02
   3.5128329e-02
   2.5441367e-02
   2.3252776e-02
   3.7624080e-02
   3.9347868e-02
   3.0411577e-02
   1.6947299e-02
   1.9780565e-02
   1.2296869e-02
   2.2870108e-02
   2.3379926e-02
   5.4871421e-02
   7.0904955e-02
   2.9966656e-02
   2.0562086e-02
   6.4267345e-02
   1.1433484e-01
   1.1955509e-01
   5.6755807e-02
   4.0442877e-02
   6.0551360e-02
   7.1547009e-02
   4.4019282e-02
   4.6232980e-02
   5.7065163e-02
   4.2887956e-02
   2.0527182e-02
   1.7925518e-02
   2.1610163e-02
   2.5524637e-02
   2.5878703e-02
   1.1069307e-02
   8.4990365e-03
   2.6356725e-02
   3.5184521e-02
   1.0885111e-02
   3.0120429e-02
   1.8653957e-02
   3.2010619e-02
   1.7380562e-02
   1.9652007e-02
   3.9841875e-02
   3.7880667e-02
   1.6270263e-02
   2.2713633e-02
   3.2571193e-02
   3.1886399e-02
   2.5173346e-02
   1.2523339e-02
   3.1319551e-02
   4.3984216e-02
   2.2224706e-02
   1.5344211e-02
   1.2403676e-02
   3.3286497e-02
   3.6155809e-02
   2.2728842e-02
   2.7635865e-02
   4.6466578e-02
   3.8091090e-02
   2.3447167e-02
   1.4645839e-02
   2.2918742e-02
   2.9897179e-02
   3.2867856e-02
   2.3024309e-02
   2.3684017e-02
   1.8370973e-02
   3.8464379e-02
   6.1000913e-02
   2.0536993e-02
   8.2339263e-03
   3.7722506e-02
   2.2311728e-02
   4.5117974e-02
   3.2440346e-02
   2.8104961e-02
   3.9474599e-02
   2.2345874e-02
   7.1242759e-03
   1.9002678e-02
   9.9882195e-03
   5.8898171e-03
   4.2745151e-02
   4.2631332e-02
   3.6383480e-02
   3.3561587e-02
   2.3252234e-02
   2.2002731e-02
   1.8575191e-02
   2.3796463e-02
   3.0364338e-02
   1.6755661e-02
   2.9343810e-02
   1.8946802e-02
   4.3653771e-02
   2.3631988e-02
   1.7677469e-02
   2.4522664e-02
   2.9583067e-02
   3.8562257e-02
   3.4439597e-02
   2.3217387e-02
   2.0063980e-02
   3.9122283e-02
   1.8389061e-02
   1.3916644e-02
   1.3454566e-03
   3.0017704e-02
   3.6933240e-02
   2.6239159e-02
   3.8445242e-02
   3.1873520e-02
   2.6596259e-02
   2.1278555e-02
   3.2820065e-02
   3.4748413e-02
   1.6216787e-02
   5.4285335e-03
   1.5272158e-02
   2.7472554e-02
   3.9640646e-02
   2.8276220e-02
   3.3297453e-02
   2.3192884e-02
   8.2902964e-03
   2.2295807e-02
   2.3593949e-02
   2.3091737e-02
   3.3228405e-02
   4.3695819e-02
   1.8762082e-02
   3.7517417e-02
   5.7306040e-02
   1.4384859e-02
   1.2736478e-02
   3.9798778e-02
   4.8587300e-02
   6.4252339e-02
   4.8845306e-02
   4.5453906e-02
   3.7493762e-02
   1.9251399e-02
   8.6527728e-03
   6.0378318e-03
   1.3829033e-02
   1.1702918e-02
   1.1940416e-02
   2.9751243e-02
   8.1856780e-02
   1.0310183e-01
   7.4488156e-02
   3.3820815e-02
   2.9204484e-02
   1.9655082e-02
   1.0903083e-02
   1.7420297e-02
   2.8666726e-03
   2.6623022e-02
   2.8651785e-02
   1.7560333e-02
   2.5099169e-02
   4.0369548e-02
   3.8255688e-02
   1.4710643e-02
   3.0316040e-02
   2.5874021e-02
   2.8636273e-02
   2.9611180e-02
   2.2827996e-02
   3.6193490e-02
   3.0444277e-02
   3.2865353e-02
   3.7575439e-02
   2.4967125e-02
   1.8306155e-02
   3.1618409e-02
   3.1300012e-02
   2.8795978e-02
   3.0396596e-02
   1.9857757e-02
   5.8039599e-03
   1.5820067e-02
   1.7803797e-02
   4.6079203e-02
   3.0274890e-02
   2.2072908e-02
   1.6274426e-02
   2.5989337e-02
   2.8429776e-02
   3.7266754e-02
   3.4888349e-02
   2.5086848e-02
   4.4502839e-02
   4.1917942e-02
   1.6438518e-02
   2.8271195e-02
   3.8108543e-02
   1.7043360e-02
   2.8684312e-02
   1.7793518e-02
   2.0770239e-02
   3.1843219e-02
   2.6030730e-02
   3.9253261e-02
   3.4087762e-02
   2.0363737e-02
   2.0473395e-02
   3.3281811e-02
   3.4174086e-03
   2.4046673e-02
   3.1631652e-02
   3.3103921e-02
   1.9894408e-02
   3.0589908e-02
   3.0205620e-02
   1.4025717e-02
   2.1425063e-02
   2.1171475e-02
   3.0437166e-02
   3.2501496e-02
   3.2635756e-02
   2.5152897e-02
   2.8169593e-02
   2.9637959e-02
   1.5652360e-02
   2.6826404e-02
   2.1881936e-02
   4.2511102e-02
   3.8520005e-02
   3.6491290e-02
   7.5725587e-03
   1.5287806e-02
   3.6971625e-02
   3.7797596e-02
   3.1536728e-02
   2.5009859e-02
   1.4542827e-02
   2.4772663e-02
   1.1809106e-02
   1.4347760e-02
   1.4637101e-02
   2.1543514e-02
   2.5323950e-02
   1.5588867e-02
   9.7667370e-03
   1.1261807e-02
   2.1345703e-02
   1.7259881e-02
   3.8395356e-02
   3.2223597e-02
   3.2047663e-02
   5.1265795e-02
   2.4655567e-02
   2.0312531e-02
   9.5039653e-03
   2.1029538e-02
   2.1251433e-02
   3.1476781e-02
   3.2660462e-02
   5.6495883e-02
   5.8314785e-02
   5.1211059e-02
   3.8626231e-02
   2.4423700e-02
   2.2376370e-02
   3.9379720e-02
   2.2934947e-02
   3.1952240e-02
   3.0333562e-02
   4.8518002e-02
   4.1704826e-02
   2.8050436e-02
   1.4658988e-02
   3.0392990e-02
   2.5415378e-02
   4.0281076e-02
   4.6394780e-02
   5.6184862e-02
   9.0017781e-02
   1.1087311e-01
   9.3897447e-02
   4.8386790e-02
   3.7706081e-02
   2.7260138e-02
   1.6918274e-02
   1.9376285e-02
   1.9754902e-02
   2.6184350e-02
   1.3253769e-02
   1.4622832e-02
   1.2837014e-02
   2.9585944e-02
   9.4790207e-03
   2.4085410e-02
   1.2001427e-02
   3.9190713e-02
   5.3062316e-02
   6.5519556e-02
   4.5476273e-02
   3.6250774e-02
   3.3953235e-02
   2.2073777e-02
   3.5529345e-02
   2.3973309e-02
   1.7945189e-02
   1.6149173e-02
   1.1942487e-02
   2.3371909e-02
   2.2584945e-02
   1.4588371e-02
   3.9427481e-03
   1.1387833e-02
   1.8705938e-02
   4.9996483e-03
   4.1615121e-02
   2.4670418e-02
   2.3551965e-02
   3.4679942e-02
   1.6280752e-02
   1.9369910e-02
   2.2197619e-02
   3.1061755e-02
   2.4215735e-02
   1.3250674e-02
   1.9107532e-02
   2.2756988e-02
   1.5657244e-02
   1.2945761e-02
   2.1574425e-02
   1.1177124e-02
   2.1774206e-02
   2.0935118e-02
   1.2316162e-02
   2.1089932e-02
   8.4686633e-03
   2.6826063e-02
   1.5055380e-02
   3.2215919e-02
   3.4164038e-02
   1.0720589e-02
   2.7124852e-02
   3.1043883e-02
   4.7546390e-02
   3.5885561e-02
   3.2835513e-02
   2.2320660e-02
   3.7471272e-02
   6.0081463e-02
   3.7687920e-02
   4.2846072e-02
   3.4734365e-02
   3.9830815e-02
   3.6569748e-02
   2.6656704e-02
   2.4893265e-02
   5.0969221e-02
   3.6542442e-02
   3.4031220e-02
   2.6516553e-02
   3.7996154e-02
   1.6883034e-02
   7.0277760e-03
  -1.1916542e-02
   9.1483044e-03
   6.4649945e-03
   3.6257122e-02
   4.0890753e-02
   6.1754692e-02
   7.8606844e-02
   7.7177741e-02
   3.1287011e-02
   1.9820489e-02
   2.6266331e-02
   2.0013930e-02
   2.8050264e-02
   1.6309996e-01
   5.3192240e-01
   7.4495375e-01
   5.2307981e-01
   2.1150766e-01
   8.3373629e-02
   3.7551459e-02
   1.8704183e-02
   2.9579889e-02
   1.2712016e-02
   1.6296914e-02
   1.9214218e-02
   7.8286730e-02
   1.1208346e-01
   1.2334030e-01
   5.5013403e-02
   3.5543080e-02
   8.9808265e-03
  -2.4105492e-03
   7.9158871e-03
   7.4810553e-03
   1.2987636e-02
   2.5639111e-02
   2.7068995e-02
   4.6542723e-02
   5.0379392e-02
   2.1498905e-02
   2.5626136e-02
   1.6764365e-02
   2.5244649e-02
   2.9405842e-02
   2.9358203e-02
   4.3892507e-02
   2.8961677e-02
   5.7932720e-02
   5.5702709e-02
   4.0796287e-02
   3.9261285e-02
   2.8697480e-02
   3.7557568e-02
   2.4731731e-02
   3.6665566e-02
   7.8721315e-02
   1.2596059e-01
   1.1354633e-01
   3.3538759e-02
   1.7490370e-02
   2.2556515e-02
   6.0463040e-03
   1.5384978e-02
   3.2169994e-02
   4.1825704e-02
   2.2011461e-02
   2.6915709e-02
   2.9676054e-02
   4.3938216e-02
   3.5883438e-02
   3.4971263e-02
   1.9896435e-02
   2.1789785e-02
   3.0486498e-02
   2.0946549e-02
   1.2459412e-02
   2.4851717e-02
   4.9794637e-02
   3.9359000e-02
   1.8003026e-02
   3.2229550e-02
   3.5312422e-02
   2.4656314e-02
   3.0569687e-02
   2.2005197e-02
   2.5586331e-02
   4.4937272e-02
   3.0499717e-02
   1.9856855e-02
   1.5480061e-02
   2.3267796e-02
   1.4637738e-02
   2.4394317e-02
   2.4098745e-02
   3.2249998e-02
   1.6192613e-02
   1.3925792e-02
   2.4071593e-02
   2.8996978e-02
   3.2927610e-02
   3.7283506e-02
   4.4757370e-02
   2.3436023e-02
   2.2301808e-02
   3.4043763e-02
   3.0385939e-02
   2.8296551e-02
   1.2462447e-02
   2.2315735e-02
   1.1602455e-02
   9.0873735e-03
   2.5096882e-02
   9.6932262e-02
   1.5224612e-01
   1.1946569e-01
   8.4425516e-02
   3.6889184e-02
   1.2812510e-02
   1.8195733e-02
   1.6465826e-02
   3.2302793e-02
   4.7295004e-02
   4.6396609e-02
   4.6056129e-02
   2.2501649e-02
   4.3220673e-02
   3.4591001e-02
   1.8569497e-02
   2.6294483e-02
   2.8790280e-02
   1.1825324e-02
   2.1187458e-02
   2.9929353e-02
   1.6819373e-02
   2.5345678e-02
   1.4412077e-02
   2.0679590e-04
   5.1688910e-02
   4.3695867e-02
   2.8754817e-02
   1.3434555e-02
   2.9970028e-02
   3.1268001e-02
   1.3726329e-02
   1.3141365e-02
   2.7896013e-02
   4.1860569e-02
   3.4389637e-02
   1.1783983e-02
   2.5804425e-03
   2.8377526e-02
   2.2462608e-02
   2.1421958e-02
   3.7167609e-02
   4.9341105e-02
   4.2258892e-02
   3.4234844e-02
   2.4888704e-02
   4.5923099e-02
   2.1396166e-02
   1.8689413e-02
   1.5569501e-02
   2.2547068e-02
   2.0107510e-02
   1.2042236e-02
   2.9539892e-02
   4.7845006e-02
   2.7816094e-02
   3.8918678e-02
   8.5645607e-03
   2.4355382e-02
   1.1703764e-02
   3.5207473e-02
   3.0225934e-02
   2.0014729e-02
   1.2123337e-02
   8.9027286e-03
   9.9072093e-03
   3.4991879e-02
   3.5919596e-02
   2.7358808e-02
   9.9962950e-03
   1.9246276e-02
   3.1743627e-02
   2.4562391e-02
   1.7243322e-02
   1.4200348e-02
   3.3785228e-02
   3.1022837e-02
   3.9099075e-02
   4.5599084e-02
   4.2881995e-02
   3.4849014e-02
   2.8073072e-02
   3.0855047e-02
   1.8613826e-02
   3.9307650e-02
   8.4348239e-02
   5.7671178e-02
   3.3057790e-02
   2.7481137e-02
   4.5118909e-02
   1.6004691e-02
   9.7938851e-03
   3.0572005e-02
   3.3754516e-02
   3.6789879e-02
   2.4639048e-02
   2.3208991e-02
   5.9140317e-02
   5.5623472e-02
   4.0663645e-02
   4.1927516e-02
   1.9293273e-02
   1.4624572e-02
   3.0593839e-02
   4.1072242e-02
   3.8663793e-02
   2.9784814e-02
   1.5130383e-02
   1.2238083e-02
   3.8692553e-02
   2.5796415e-02
   1.7639004e-02
   6.7294482e-03
   9.3291495e-03
   4.1621968e-02
   3.8763151e-02
   3.1721711e-02
   6.7395344e-03
   2.2928609e-02
   2.3262814e-02
   1.8456580e-02
   2.1447979e-02
   5.8287952e-02
   5.7426348e-02
   7.0888951e-02
   7.2034478e-02
   3.1689573e-02
   2.0481603e-02
   3.5742212e-02
   2.3211194e-02
   3.8913831e-02
   2.4006881e-02
   1.3328684e-02
   2.4110196e-02
   1.7539786e-02
   3.0386958e-02
   2.3243180e-02
   3.0793693e-02
   4.1994750e-02
   3.0149857e-02
   3.5701301e-02
   2.7029136e-02
   2.2982929e-02
   1.3127419e-02
   1.7041449e-02
   7.8358399e-03
   3.0104022e-03
   6.0598492e-03
   7.5287204e-03
   1.8384974e-02
   1.7029760e-02
   2.8636182e-02
   2.6160233e-02
   1.8063022e-02
   1.9798545e-02
   3.5783879e-02
   3.3469282e-02
   3.6684494e-02
   3.1682458e-02
   1.0139994e-02
   4.0408638e-03
   8.1978031e-03
   1.8745959e-02
   2.6360115e-02
   2.1786634e-02
   3.6620595e-02
   4.3823931e-02
   3.1863585e-02
   3.6459189e-02
   3.3181030e-02
   3.4900207e-02
   4.2129662e-02
   5.5439990e-02
   3.7028216e-02
   3.7778031e-02
   2.9016981e-02
   3.0159442e-02
   3.0241026e-02
   2.0853173e-02
   2.4468951e-02
   4.5309324e-02
   4.8095349e-02
   1.1204909e-02
   4.4222968e-03
   2.8618572e-02
   3.9146379e-02
   3.0795278e-02
   1.6249010e-02
   1.5917040e-02
   2.9712716e-02
   2.3267465e-02
   4.2320997e-02
   2.9007249e-02
   2.8189532e-02
   2.3309911e-02
   1.7726772e-02
   2.4511624e-02
   1.3671633e-02
   3.0998455e-02
   1.4153642e-02
   3.0914420e-02
   4.5975439e-02
   2.9969560e-02
   1.3482120e-02
   2.1391936e-02
   9.4974479e-03
   2.3085281e-02
   3.3208977e-02
   1.2023757e-02
   1.5248521e-02
   2.4086298e-02
   3.4804735e-02
   1.3003185e-03
   1.3210009e-02
   2.2736421e-02
   2.0777727e-02
   2.1480937e-02
   3.6059257e-02
   4.6059489e-02
   4.6472188e-02
   2.4663817e-02
   3.6205854e-02
   3.7407856e-02
   3.0207975e-02
   4.1533809e-02
   8.2941584e-02
   7.7823780e-02
   4.3152217e-02
   3.8725760e-02
   2.2781305e-02
   5.5954348e-02
   6.2478200e-02
   3.7983127e-02
   3.5295233e-02
   2.2377200e-02
   1.6890526e-02
   2.2935854e-02
   3.5740085e-02
   1.1085485e-02
   1.7001128e-02
   4.1230373e-02
   4.2544212e-02
   5.7465352e-02
   1.5035989e-02
   1.9366743e-02
   2.2542421e-02
   3.1345230e-02
   3.6019854e-02
   5.7591837e-02
   6.9956183e-02
   4.5126770e-02
   2.7353738e-02
   3.0653115e-02
   5.4432750e-02
   2.6373461e-02
   3.7987769e-02
   5.8745585e-02
   3.6031030e-02
   4.2251013e-02
   1.7063057e-02
   2.8779140e-02
   4.1661382e-02
   4.4150867e-02
   5.0897010e-02
   5.1289391e-02
   2.0751225e-02
   1.7776756e-02
   3.5658706e-02
   5.7735145e-02
   3.3772986e-02
   2.7810244e-02
   4.0629152e-02
   5.3310450e-02
   5.4383036e-02
   4.7348712e-02
   2.8594375e-02
   2.2368159e-02
   1.2630175e-02
   2.0491499e-02
   2.5341995e-02
   1.6875068e-02
   3.5379171e-02
   3.2470904e-02
   2.9027833e-02
   3.6083464e-02
   3.2281362e-02
   1.4040225e-02
   2.1655211e-02
   2.1088615e-02
   2.4480248e-02
   2.6290722e-02
   4.7268551e-02
   2.4861617e-02
   1.4200415e-02
   1.0985055e-02
   6.7973575e-03
   3.3997457e-02
   3.2216631e-02
   2.8495947e-02
   3.2225288e-02
   5.6650642e-02
   6.2564932e-02
   3.5625156e-02
   6.1045866e-02
   8.4530406e-02
   7.0405751e-02
   2.6103722e-02
   1.5032016e-02
   2.0035988e-02
   3.3000555e-02
   3.1081144e-02
   1.9886276e-02
   2.3831973e-02
   2.8007809e-02
   3.9930478e-02
   5.1165514e-02
   2.3176068e-02
   4.5134664e-02
   5.7610378e-02
   4.2263772e-02
   3.9868172e-02
   6.9118865e-02
   1.1806377e-01
   1.7272748e-01
   1.8676613e-01
   1.0507366e-01
   6.0155597e-02
   2.1437397e-02
   1.0806000e-02
   1.6600951e-03
   3.5936851e-02
   1.1180014e-01
   6.0179535e-02
   2.9106937e-02
   2.7767623e-02
   2.8236780e-02
   4.5349028e-02
   3.4630053e-02
   4.4269986e-02
   6.8224706e-02
   6.3318200e-02
   4.8665524e-02
   2.5012009e-02
   1.2318877e-02
   2.1234047e-02
   3.7538089e-02
   9.7935833e-02
   1.1719363e-01
   8.7764859e-02
   6.4074762e-02
   2.8844010e-02
   3.3199973e-02
   5.0048448e-02
   5.7183672e-02
   3.9565075e-02
   4.4168949e-02
   1.0307770e-02
   4.0758662e-02
   5.8013886e-02
   5.2542638e-02
   3.1901635e-02
   4.8843890e-02
   5.6371521e-02
   3.1489488e-02
   2.4194388e-02
   1.3026464e-02
   1.7732607e-02
   2.3448132e-02
   1.9923624e-02
   4.8988238e-02
   4.2512141e-02
   5.4372184e-02
   3.4366742e-02
   3.3848055e-02
   4.0427912e-02
   3.6446802e-02
   2.2192415e-02
   5.4131489e-02
   9.5597990e-02
   1.1108114e-01
   6.8717301e-02
   3.5884582e-02
   3.2387134e-02
   3.0250173e-02
   3.6860470e-02
   5.3077206e-02
   5.9773531e-02
   3.8177125e-02
   3.3007156e-02
   2.5153344e-02
   1.1110856e-02
  -3.8258813e-03
   1.7313782e-02
   3.3246208e-02
   3.5963662e-02
   3.8378749e-02
   6.7356773e-02
   5.1912606e-02
   4.4072632e-02
   1.7981766e-02
   1.9878712e-02
   5.5434491e-02
   7.4951671e-02
   3.7303403e-02
   8.7747676e-03
   9.5634200e-03
   2.1425389e-02
   5.3069491e-02
   1.0882137e-01
   1.8733618e-01
   1.9707121e-01
   1.2008054e-01
   5.0348658e-02
   3.4446638e-02
   3.0546715e-02
   1.9108444e-02
   3.9410003e-02
   3.2106668e-02
   2.0108158e-02
   2.8950583e-02
   2.8377857e-02
   6.9468275e-02
   1.8119688e-01
   2.0208928e-01
   1.4593349e-01
   8.6421706e-02
   2.8138028e-02
  -7.0127361e-03
   2.5489876e-02
   2.6835263e-01
   1.0583823e+00
   1.7311093e+00
   1.4655768e+00
   7.0896983e-01
   2.0126724e-01
   1.1390249e-02
  -5.0871321e-03
   4.9914464e-02
   8.5435227e-02
   6.1193712e-02
   7.8950264e-02
   1.5612130e-01
   2.1467058e-01
   1.1707839e-01
   6.1595719e-02
   2.1317838e-01
   4.2150399e-01
   4.0124813e-01
   2.6378602e-01
   1.1807498e-01
   3.7757687e-02
   3.4090038e-02
   6.5969676e-02
   8.1274077e-02
   2.3409633e-02
   5.3503332e-03
   6.5086417e-02
   1.0627923e-01
   1.0039188e-01
   6.1100744e-02
   7.1055934e-02
   6.5402329e-02
   3.7900958e-02
   1.4770321e-02
   3.1241955e-02
   4.4052344e-02
   4.4621959e-02
   2.3294605e-02
   1.0979869e-02
   1.5337654e-02
   5.5572499e-02
   8.0857553e-02
   1.0886315e-01
   9.5159978e-02
   8.8293165e-02
   3.0214714e-02
   4.0313397e-03
   5.1791225e-02
   1.5153153e-01
   1.9899841e-01
   1.6772518e-01
   7.0320323e-02
   2.6442923e-02
   2.1671230e-02
   5.3361360e-02
   7.4437104e-02
   3.4192219e-02
   3.0650912e-02
   2.2314131e-02
   3.1201819e-02
   1.8831372e-02
   3.0864855e-02
   3.8517222e-02
   5.5090986e-02
   6.6401355e-02
   3.6135104e-02
  -4.8214686e-04
   2.7017836e-02
   3.5411216e-02
   4.4152804e-02
   6.0478516e-02
   7.7612564e-02
   8.6621635e-02
   3.9350379e-02
   2.3035830e-02
   1.3398102e-03
   4.4875521e-02
   3.1566523e-02
   1.3937086e-02
   3.6736317e-02
   1.3971543e-01
   1.7362903e-01
   1.6573164e-01
   1.3575907e-01
   9.9411659e-02
   4.2691667e-02
  -9.9577317e-03
   1.9589812e-02
   3.6118757e-02
   3.6544811e-02
   1.6464162e-01
   3.7885115e-01
   3.6051893e-01
   2.3908573e-01
   1.1808208e-01
   3.7612844e-02
   2.2361571e-02
   4.1019473e-02
   7.9874039e-02
   7.4212469e-02
   4.9781326e-02
   8.8462315e-02
   7.1625456e-02
   5.4408837e-02
   8.3515868e-02
   9.7263888e-02
   1.1238718e-01
   1.1662600e-01
   7.8536853e-02
   6.6830680e-02
   4.3352608e-02
   1.3233540e-02
   2.9254870e-02
   4.4890571e-02
   3.3607364e-02
   3.2183964e-02
   2.6490917e-02
   1.2650025e-02
  -3.9689667e-03
   2.3125796e-02
   5.8709297e-02
   2.5411358e-02
   2.0548295e-02
   1.9501492e-02
  -2.8231172e-03
   2.8826267e-02
   4.8078969e-02
   5.8256969e-02
   7.4476682e-02
   7.5686231e-02
   8.8899501e-02
   4.1640356e-02
   6.3010687e-03
  -7.3774238e-03
   1.4848753e-02
   5.5929489e-02
   3.0506460e-02
   3.4670759e-02
   7.7814333e-02
   6.1601873e-02
   4.7469161e-02
   6.1310001e-02
   7.8143805e-02
   6.0745332e-02
  -2.2354007e-03
   4.7323253e-02
   7.7885233e-02
   4.7507849e-02
   2.9340770e-02
   4.3105077e-02
   3.3842478e-02
   2.8445138e-02
   2.3761250e-02
   1.0207636e-02
   3.3929482e-02
   6.6093534e-02
   1.9068269e-02
   1.1222369e-02
   4.5058597e-02
   1.1704815e-01
   1.3818605e-01
   1.9215810e-01
   4.2476350e-01
   3.8887087e-01
   2.3367207e-01
   1.2613939e-01
   9.4662048e-02
   8.1792705e-02
   6.2466700e-02
   3.2019585e-02
   3.7490889e-02
   4.6931352e-02
   9.1717519e-02
   9.8975234e-02
   8.8709354e-02
   4.4332564e-02
   4.5785587e-02
   1.1598898e-02
   1.7768320e-02
   3.7519794e-02
   1.0711782e-01
   1.5442303e-01
   1.1606995e-01
   5.9653424e-02
   1.9089812e-02
   2.8187411e-03
   6.4789583e-03
   2.4127832e-03
   2.6586428e-02
   1.7325483e-02
   1.5580401e-02
   2.8221298e-02
   1.4764874e-02
   2.1088557e-02
   3.6440574e-02
   9.3488164e-02
   1.0267628e-01
   6.4377099e-02
   2.0321726e-03
   1.6337747e-02
   4.1115601e-02
   6.6171721e-02
   1.1305645e-01
   4.9190916e-02
   3.3425663e-02
   7.0363514e-02
   5.9487481e-02
   4.1010506e-02
   6.6083744e-02
   8.3435342e-02
   7.0633873e-02
   6.4411268e-02
   2.4995686e-02
   9.3735475e-03
   2.9666867e-02
   2.5402868e-02
   1.5627743e-01
   1.6965939e-01
   9.0370536e-02
   8.8900723e-02
   1.0017672e-01
   4.9835734e-02
   1.6160185e-02
   2.3978334e-02
   4.9514696e-02
   8.6990826e-02
   1.1857002e-01
   1.5102771e-01
   1.2448680e-01
   6.9176681e-02
   1.0402348e-01
   1.7802858e-01
   1.1801916e-01
   3.9619483e-02
   1.3564986e-01
   3.1611669e-01
   2.5688878e-01
   1.2363238e-01
   7.2109111e-02
   7.1315676e-02
   3.1426270e-02
   1.6436316e-02
   4.4527955e-02
   4.7343904e-03
  -8.6768810e-03
   2.1189691e-02
   3.4545690e-02
   5.0012816e-02
   8.1074640e-02
   6.3252166e-02
   6.1143428e-02
   1.1131448e-01
   4.5602646e-02
   3.6977001e-02
   5.1230591e-02
   3.0871067e-02
   1.6576173e-02
   6.9295280e-02
   6.1509207e-02
   3.0133355e-02
   1.9529477e-02
   1.6724871e-02
   5.6075349e-02
   4.3962769e-02
   3.5569314e-02
   5.5576727e-02
   4.4973552e-02
   4.2496998e-02
   1.3516045e-01
   1.8629880e-01
   1.1575019e-01
   5.3230580e-02
   3.3672392e-02
   9.0843365e-03
   5.7541750e-02
   1.3571593e-01
   2.0551449e-01
   2.0697837e-01
   2.0665479e-01
   1.7200714e-01
   1.2053350e-01
   5.8241799e-02
   2.1059342e-02
   2.9843865e-02
   3.8062841e-02
   1.6108610e-02
   1.9940441e-02
   6.1710224e-02
   4.9352612e-02
   3.9194439e-02
   1.8029675e-02
   1.2969742e-02
  -1.7854563e-05
   2.7792169e-02
   3.5248116e-02
   2.6534846e-02
   4.7997139e-02
   6.9637425e-02
   5.5847298e-02
   5.0698142e-02
   1.2601553e-02
   4.0416621e-02
   1.5009259e-02
   3.5072859e-02
   9.3499802e-02
   5.7488713e-02
   2.8186822e-02
   5.5936728e-02
   4.5881111e-02
   4.2274844e-02
   2.6136115e-02
   4.3645175e-03
   2.7788255e-02
   3.3784520e-02
   2.9216844e-03
   5.7169739e-02
   6.7334697e-02
   5.4619506e-02
   5.9932351e-02
   5.1792171e-02
   6.3562579e-02
   5.1551327e-02
   2.9297255e-02
   4.7386285e-02
   5.5742990e-02
   3.2081958e-02
   6.9374241e-02
   1.1949727e-01
   1.1218531e-01
   1.1950613e-01
   7.6529793e-02
   5.5016685e-02
   2.0424314e-02
   1.1964748e-03
   8.6797073e-02
   3.8266882e-01
   6.5246302e-01
   6.2050092e-01
   3.5335091e-01
   1.5904637e-01
   7.0090689e-02
   5.6134403e-02
   1.7895764e-02
   1.6290594e-02
   2.2640254e-02
   7.0800416e-02
   1.2279306e-01
   1.5183929e-01
   4.7533073e-02
   3.0909264e-02
   2.6139524e-02
   2.5286505e-02
   5.3077020e-02
   2.3575867e-02
   2.9745385e-02
   1.6088650e-02
   1.1683780e-02
   3.3190086e-02
   2.4860332e-02
   8.2629874e-02
   1.0985789e-01
   1.0845602e-01
   6.0795534e-02
   6.0611874e-02
   6.1035901e-02
   7.3243581e-02
   6.9464423e-02
   2.1474019e-01
   4.4337121e-01
   4.7748220e-01
   3.0193126e-01
   1.8168595e-01
   1.0210308e-01
   4.9772810e-02
   3.9937645e-02
   1.4295286e-02
   2.1573693e-02
   5.0537404e-02
   1.5619095e-01
   3.1004792e-01
   3.5860547e-01
   2.9250845e-01
   1.4080420e-01
   2.6761817e-02
   2.6450777e-02
   6.3483417e-02
   1.1937574e-01
   2.1646005e-01
   3.4317499e-01
   3.3117151e-01
   2.0812301e-01
   1.4975131e-01
   1.2250257e-01
   8.5840903e-02
   6.2954053e-02
   5.5933263e-02
   2.2339903e-02
   9.5136769e-02
   2.3689923e-01
   4.6194521e-01
   4.4784045e-01
   2.2336321e-01
   1.1210310e-01
   9.1054752e-02
   2.8157581e-02
   1.0437085e-01
   5.4257816e-01
   1.1029739e+00
   1.2544808e+00
   9.8475665e-01
   6.7922121e-01
   7.1308529e-01
   6.4818215e-01
   4.6557194e-01
   2.3184870e-01
   4.1953057e-02
   1.4286618e-02
   4.3005389e-01
   2.2672269e+00
   4.3991365e+00
   4.1152902e+00
   2.2148154e+00
   9.5889890e-01
   4.4867489e-01
   2.4504249e-01
   1.7324156e+00
   9.8254185e+00
   1.9544161e+01
   1.9447248e+01
   1.1453929e+01
   4.4434905e+00
   1.3587444e+00
   3.5393801e-01
   8.9337915e-02
   1.2392877e-02
   1.5540320e-01
   1.1501466e+00
   2.5086036e+00
   2.6341033e+00
   1.6799157e+00
   7.4002731e-01
   1.7592029e-01
  -1.4429355e-01
  -9.9022664e-02
   1.2440061e-01
   2.6608169e-01
   4.8734698e-01
   6.9748753e-01
   5.9459931e-01
   2.3925447e-01
   1.0362254e-01
   1.2811656e-01
   1.0514332e-01
   7.0127591e-02
   1.5527272e-01
   1.3029991e-01
   1.4244010e-01
   2.2115153e-01
   5.7186222e-01
   9.9124146e-01
   9.5956343e-01
   4.4990677e-01
   1.3885324e-01
  -1.0456726e-02
   3.8721640e-02
   7.0398018e-02
   1.0100596e-01
   1.3367459e-01
   6.4901493e-02
   7.3664390e-02
   8.0116197e-02
   3.9574239e-02
   3.5354368e-02
   9.9560834e-02
   1.3123991e-01
   1.2094525e-01
   6.5366663e-02
   1.2124565e-01
   1.6932845e-01
   1.4350614e-01
   6.9052815e-02
  -2.6093880e-02
   1.2457838e-02
   1.6427107e-02
   1.2390292e-01
   1.9136292e-01
   1.1272131e-01
  -9.9939192e-03
  -1.0032732e-02
   8.5959407e-03
   1.3394678e-01
   2.8442305e-01
   4.8699570e-01
   4.9851894e-01
   2.8285295e-01
   6.4659201e-02
   1.0798442e-01
   5.9725875e-01
   1.2619790e+00
   1.3357677e+00
   8.4947079e-01
   2.8126672e-01
   5.8446594e-02
   3.6330625e-01
   9.2417675e-01
   9.7270894e-01
   5.7093704e-01
   2.7354714e-01
   1.7992637e-01
   1.7870811e-01
   3.8403332e-01
   2.0252457e+00
   4.4908586e+00
   4.7765813e+00
   3.0088367e+00
   1.2682892e+00
   3.9064685e-01
   1.4681700e-01
   1.0150445e-01
   2.3689670e-02
  -1.3229419e-02
   3.0678457e-01
   6.6693962e-01
   6.5290767e-01
   4.6039778e-01
   2.9228091e-01
   1.2609293e-01
   1.5377362e-02
  -4.1289218e-03
   1.1912771e-01
   2.2616430e-01
   2.8146073e-01
   3.3185598e-01
   2.1864295e-01
   8.0214836e-02
   2.7820686e-02
   5.6585334e-02
   1.3980348e-01
   1.6347457e-01
   1.8692727e-01
   1.6627729e-01
   2.0469850e-01
   2.1386297e-01
   3.1738368e-01
   5.1686347e-01
   6.0594243e-01
   4.5575619e-01
   3.0909139e-01
   1.2463371e-01
   5.2022390e-02
   8.7368548e-02
   3.9094475e-01
   5.3909075e-01
   5.2767277e-01
   4.9995920e-01
   3.5213906e-01
   1.9569050e-01
   1.2474386e-01
   2.7891180e-01
   5.6078660e-01
   8.9147621e-01
   9.8181659e-01
   7.4568892e-01
   3.5603487e-01
   6.9551192e-02
   1.6309874e-01
   5.2646738e-01
   7.8620410e-01
   7.6741087e-01
   8.5436314e-01
   8.5623974e-01
   5.3968000e-01
   5.2710605e-01
   1.1148840e+00
   1.6749161e+00
   1.5291034e+00
   1.1639769e+00
   5.9534931e-01
   1.7201936e-01
   2.9228228e-01
   1.3053606e+00
   2.4376845e+00
   2.6361136e+00
   1.4905887e+00
   5.9801447e-01
  -3.1186605e-02
   1.8435840e-02
   1.4698429e+00
   5.0160632e+00
   7.4155836e+00
   6.0758262e+00
   3.0861452e+00
   1.0142348e+00
   1.7809005e-01
   9.4917452e-01
   4.0515213e+00
   6.6001658e+00
   5.7862830e+00
   3.5454025e+00
   1.8020345e+00
   8.1937551e-01
   3.2207724e-01
   5.3332174e-01
   8.9528340e-01
   9.7449648e-01
   1.0001490e+00
   9.5015222e-01
   7.7703750e-01
   5.7438958e-01
   4.9024364e-01
   5.2725673e-01
   3.8826486e-01
   2.3079665e-01
   2.2317539e-01
   2.8513068e-01
   3.2961801e-01
   2.6582369e-01
   1.7084663e-01
   1.2825777e-01
   6.0834523e-02
   6.2923774e-02
   2.6120936e-02
   5.7828873e-02
   1.0468704e-01
   8.3947800e-02
   1.2252174e-01
   1.3862133e-01
   8.4487282e-02
   1.0841978e-01
   6.7687593e-02
   6.1056200e-02
  -7.3366603e-03
   5.2802447e-02
   5.2469082e-02
   7.3714398e-02
   1.1120529e-01
   7.4894048e-02
   8.9610025e-02
   1.1592623e-01
   9.3735650e-02
   4.0131222e-02
   1.5843220e-02
   6.7418151e-02
   2.2161402e-01
   2.3395272e-01
   2.6793262e-01
   1.6421463e-01
   3.7534334e-02
  -5.3175900e-02
  -1.2256172e-02
   1.2271507e-01
   2.2116411e-01
   3.9387089e-01
   5.0902796e-01
   3.3874542e-01
   1.5386787e-01
   1.8456936e-01
   3.2987168e-01
   3.8335216e-01
   3.9635801e-01
   2.7389270e-01
   1.3754973e-01
   7.3690422e-02
   2.3511325e-01
   6.4036256e-01
   7.0182669e-01
   5.0414944e-01
   2.2151273e-01
   4.1738134e-02
  -8.4729023e-02
   2.2699440e-01
   1.3306903e+00
   2.3370955e+00
   2.1347334e+00
   1.2786912e+00
   4.1480222e-01
   1.4068048e-02
   1.0630228e-01
   8.1950271e-01
   1.6589336e+00
   1.6489118e+00
   1.0272547e+00
   6.1821830e-01
   2.9731598e-01
   1.2159527e-01
   1.1662245e-01
   2.0968132e-01
   3.3475694e-01
   2.9189211e-01
   3.0072156e-01
   2.2108847e-01
   2.0125316e-01
   2.2254190e-01
   2.8569269e-01
   1.6482627e-01
   8.0902413e-02
   8.2890682e-02
   9.2817716e-02
   1.2524457e-01
   9.7527616e-02
   9.4890371e-02
   3.8293142e-02
   3.4467150e-02
   4.7923222e-02
   4.7341738e-02
   2.1278154e-02
   2.2575222e-02
   4.5334749e-02
   5.8798879e-02
   8.4699849e-03
   5.5410355e-02
   4.6588581e-02
  -1.6455491e-03
   1.3770075e-02
   1.7907185e-02
   2.4113152e-02
   4.4399645e-02
   9.6943937e-02
   1.5256001e-01
   1.2901311e-01
   1.0004617e-01
   1.7055358e-01
   1.3760839e-01
   6.9372080e-02
   7.9459064e-02
   1.5470847e-01
   2.0132583e-01
   2.0637600e-01
   2.3807922e-01
   1.8274058e-01
   3.0834604e-02
   5.3206917e-02
   1.2500498e-01
   1.7671555e-01
   2.2117706e-01
   2.6177567e-01
   2.4130706e-01
   1.9715589e-01
   1.8735906e-01
   2.2881597e-01
   2.7009976e-01
   2.7152881e-01
   2.3173665e-01
   7.9774849e-02
  -4.9211722e-02
   4.3491237e-02
   3.2895404e-01
   5.8148819e-01
   4.3178785e-01
   2.3786850e-01
   8.3510399e-02
  -5.1569581e-02
   7.2670206e-02
   4.9151558e-01
   9.7440922e-01
   1.1028905e+00
   7.1934712e-01
   2.1582748e-01
  -1.7311085e-02
   1.7946551e-02
   3.2708821e-01
   7.9421288e-01
   8.6391139e-01
   6.2506586e-01
   2.9285994e-01
   1.0413147e-01
   9.3835309e-02
   3.1236193e-01
   5.1001728e-01
   6.5749556e-01
   5.3298384e-01
   2.8047630e-01
   7.2783276e-02
   1.2295606e-01
   4.0027562e-01
   4.6326220e-01
   3.9246428e-01
   3.8403895e-01
   4.4067705e-01
   3.2083893e-01
   3.6775452e-01
   7.2754836e-01
   9.9674833e-01
   9.6691132e-01
   5.6183815e-01
   1.2660770e-01
  -1.4354532e-02
   2.0073192e-01
   9.6045166e-01
   1.4846632e+00
   1.1945288e+00
   6.4468414e-01
   2.1769713e-01
  -1.3804234e-02
   1.8227518e-01
   1.5042964e+00
   3.7164960e+00
   4.3106532e+00
   2.8666775e+00
   1.2054652e+00
   3.1814069e-01
   9.1931663e-02
   4.9901235e-01
   9.9390054e-01
   1.0273429e+00
   7.6400948e-01
   6.1523092e-01
   4.2037225e-01
   2.4281387e-01
   2.1875712e-01
   3.9747661e-01
   3.5389799e-01
   2.0444161e-01
   1.2249605e-01
   9.5422089e-02
   8.4758423e-02
   1.2145027e-01
   6.7225188e-02
   3.3102916e-03
  -4.1735094e-02
   9.0796100e-03
   3.3047941e-02
   9.7548984e-02
   1.1385191e-01
   7.2517052e-02
   3.0226737e-02
   1.5671104e-02
   7.1655899e-02
   1.4260022e-01
   1.3994330e-01
   6.0178883e-02
   6.1775693e-03
  -8.1123160e-03
   1.1865941e-03
   8.0196902e-02
   2.4782896e-01
   3.2671699e-01
   3.4800208e-01
   1.9198997e-01
   4.2757131e-02
   4.9281020e-02
   1.0632718e-01
   1.6451523e-01
   1.9424161e-01
   1.7382666e-01
   1.0389558e-01
   9.9354483e-02
   5.6547474e-02
   4.7226887e-02
   1.5276930e-01
   2.0563233e-01
   1.5268263e-01
   1.7135131e-01
   4.8228472e-02
  -8.3805388e-03
   5.9380528e-02
   1.2708905e-01
   1.8616180e-01
   2.7722365e-01
   2.7583975e-01
   2.0612960e-01
   1.2200800e-01
   1.9848108e-01
   2.8395057e-01
   2.4560386e-01
   1.8657748e-01
   1.1302057e-01
   1.3601089e-02
   8.5698798e-02
   3.8549915e-01
   5.0279510e-01
   4.1019291e-01
   1.5055646e-01
   2.0045228e-02
  -4.9627602e-02
   7.2780371e-02
   6.0853219e-01
   1.3407218e+00
   1.4549390e+00
   9.4404656e-01
   3.8857794e-01
   8.6640276e-02
   5.1393986e-02
   2.0554292e-01
   3.5228491e-01
   3.9360812e-01
   3.2985151e-01
   2.8807402e-01
   2.4508424e-01
   1.2630759e-01
   1.9424739e-01
   2.0875990e-01
   1.0608225e-01
   4.5004569e-02
   9.9397875e-02
   2.5415456e-01
   3.2167462e-01
   2.6331571e-01
   3.6013328e-02
  -5.6916006e-02
  -2.0701652e-03
   9.8798499e-02
   2.6406685e-01
   3.6609682e-01
   2.8046903e-01
   1.3579328e-01
   5.1916189e-02
  -8.5250132e-02
   1.3296901e-01
   4.7909841e-01
   6.8808967e-01
   5.8284646e-01
   2.4213441e-01
   3.1362478e-02
  -2.8497955e-02
   2.8347355e-01
   5.8670372e-01
   6.3419646e-01
   5.2697009e-01
   5.0894397e-01
   3.7010843e-01
   3.6363769e-01
   7.4638647e-01
   1.1617167e+00
   1.0939093e+00
   6.7150539e-01
   2.7699637e-01
   2.9360335e-02
   2.2120284e-01
   9.5895803e-01
   1.5730369e+00
   1.2138274e+00
   6.1105400e-01
   2.1822630e-01
  -6.2975004e-02
   1.8592539e-01
   1.6247342e+00
   3.4317636e+00
   3.4657764e+00
   2.2594779e+00
   8.9787573e-01
   1.6096947e-01
   1.9499345e-01
   8.6985046e-01
   1.5079445e+00
   1.3067586e+00
   8.7257767e-01
   5.0357711e-01
   3.0745962e-01
   3.7411451e-01
   6.4524722e-01
   7.9414570e-01
   6.5705538e-01
   3.0968803e-01
   1.5390822e-01
   1.2126268e-01
   3.8301650e-01
   8.2074207e-01
   9.5825076e-01
   6.1487031e-01
   3.2580420e-01
   7.1124889e-02
   2.9229775e-02
   1.2096700e-01
   2.2151950e-01
   1.7092660e-01
   1.4188826e-01
   1.7188127e-01
   1.0810777e-01
   1.1864952e-01
   1.3964686e-01
   9.8702572e-02
   6.1576530e-02
   6.6083781e-02
  -1.1791455e-02
   2.9303262e-02
   6.8720154e-02
   5.3112928e-02
   1.5879110e-02
  -1.9408420e-02
   2.5711663e-02
   8.6983040e-02
   1.1942299e-01
   9.0212665e-02
   8.4275931e-02
   9.4346479e-02
   5.2615900e-02
   2.0504929e-03
   4.0858272e-02
   1.3648947e-01
   2.3558770e-01
   2.6802132e-01
   2.0053126e-01
   7.4676096e-02
   1.3425497e-02
   8.5926577e-02
   1.6849115e-01
   3.1035993e-01
   3.7773153e-01
   3.4428304e-01
   2.7225763e-01
   1.8212047e-01
   2.2463500e-01
   3.1028861e-01
   3.0758488e-01
   2.1990250e-01
   7.5565472e-02
   1.2412966e-02
   1.8973559e-01
   3.9822593e-01
   4.6894899e-01
   3.0180609e-01
   1.6196975e-01
   1.7833294e-02
   1.5357221e-02
   2.8112572e-01
   9.5091951e-01
   1.3722377e+00
   1.1645994e+00
   5.8369839e-01
   1.5838507e-01
  -6.0611921e-03
   1.2520279e-01
   4.1758585e-01
   4.9673453e-01
   3.8322675e-01
   2.4561527e-01
   1.4921166e-01
   1.0474768e-01
   1.6799821e-01
   3.0431828e-01
   2.5394675e-01
   1.6997136e-01
   6.2732920e-02
   5.2148998e-02
   1.4231166e-01
   2.8612334e-01
   3.2066521e-01
   2.8551236e-01
   1.4815991e-01
   8.0660194e-02
   2.0153914e-02
   5.1194161e-02
   2.8122727e-02
   5.5212848e-02
   6.1192423e-02
   7.3735856e-02
   7.6186456e-02
   5.5709291e-02
   5.8364723e-02
   9.7656816e-02
   9.5327258e-02
   5.4548725e-02
   4.3778010e-02
   1.9535378e-02
   4.7586657e-02
   5.6212395e-02
   3.2676738e-02
   7.1124122e-02
   4.1883126e-02
   1.9196166e-02
   7.4917562e-02
   8.8032901e-02
   8.7772436e-02
   7.9580903e-02
   4.1326072e-02
   1.3331322e-02
   4.8054580e-02
   7.6180257e-02
   6.7664050e-02
   9.6180514e-02
   7.0602067e-02
   4.8618849e-02
  -3.9153546e-03
   6.7518926e-03
   5.6809623e-02
   1.1174130e-01
   1.6066730e-01
   1.5133695e-01
   1.4890693e-01
   1.2524211e-01
   9.3287379e-02
   7.1815237e-02
   8.8599481e-02
   1.3559116e-01
   3.1527400e-01
   4.8254305e-01
   5.3878033e-01
   4.5388764e-01
   3.2446742e-01
   1.2367929e-01
   2.9317154e-02
   9.4752081e-02
   2.3123311e-01
   4.2374575e-01
   6.9474387e-01
   7.1282637e-01
   4.4607326e-01
   1.4216198e-01
   3.6911398e-02
   4.9684308e-02
   1.5282482e-01
   2.4152720e-01
   2.5916046e-01
   1.7880245e-01
   1.0693339e-01
   7.6085374e-02
   6.3730441e-02
   1.3498375e-01
   9.0227947e-02
   6.7787535e-02
   4.6066180e-02
   4.6343181e-02
   2.7442584e-02
   9.9952720e-02
   1.5457110e-01
   1.1469949e-01
   1.2430281e-01
   8.9341789e-02
   7.3307268e-02
   4.2444438e-02
   3.0743070e-02
   4.0863745e-02
   8.8555574e-02
   7.4373432e-02
   5.0174046e-02
   4.9274247e-02
   2.6047714e-02
   3.4741648e-02
   1.6198857e-02
   5.2191708e-02
   8.2896248e-02
   6.4216785e-02
   7.1001545e-02
   7.0823014e-02
   2.5892381e-02
   1.9603834e-02
   3.5089195e-02
   5.2577764e-02
   1.9021759e-02
   2.1951374e-02
   2.9097866e-02
   2.5991270e-02
   7.4209832e-02
   5.0025873e-02
   5.2583810e-02
   6.5210015e-02
   8.9315414e-02
   9.5092885e-02
   1.1837894e-01
   1.8862364e-01
   1.3971616e-01
   1.1888784e-01
   6.7274913e-02
   3.6727164e-02
   6.5362185e-02
   1.0546754e-01
   8.6996026e-02
   8.4280714e-02
   5.7870410e-02
   3.6655102e-02
   1.5959753e-02
   5.3422363e-04
   7.2348870e-02
   1.1288968e-01
   1.1639601e-01
   1.0052224e-01
   7.3047109e-02
   5.9170082e-02
   4.3637931e-02
   3.8313095e-02
   5.5177353e-02
   1.0369785e-01
   2.2282854e-01
   2.5486088e-01
   1.4912957e-01
   4.0159218e-02
   9.9163912e-03
  -7.2578236e-04
   4.4854533e-02
   4.7326051e-02
   9.2245363e-02
   7.8869984e-02
   4.7787063e-02
   3.7960719e-02
   5.8902562e-02
   6.7241751e-02
   5.8001384e-02
   4.6454929e-02
   1.9076809e-02
   1.0022175e-02
   2.8541049e-02
   4.2010166e-02
   5.4331549e-02
   3.0431595e-02
   3.2301337e-02
   7.2785795e-02
   4.7121499e-02
   4.0522564e-02
   5.3449687e-02
   3.4688983e-02
   2.0696592e-02
   3.1872481e-02
   1.6294837e-02
   5.0054777e-02
   3.2064136e-02
   6.1287556e-02
   3.7341639e-02
   4.6222545e-02
   3.5634197e-02
   1.3763586e-02
   5.1451299e-02
   5.5166155e-02
   6.4940840e-02
   3.3372380e-02
   2.7032888e-02
   3.2743130e-02
   2.4256114e-02
   1.0015649e-02
   1.0220846e-02
   3.1377580e-02
   3.9629184e-02
   6.9307469e-02
   6.9344118e-02
   6.3339442e-02
   5.6481265e-02
   5.0436046e-02
   7.5903833e-02
   5.5785839e-02
   4.5769203e-02
   3.3887349e-02
   2.9558320e-02
   4.3540351e-02
   6.7737289e-02
   2.4346840e-02
   3.6267973e-02
   4.1795880e-02
   3.0105121e-02
  -4.9551814e-03
   1.2111983e-02
   4.5160946e-02
   4.8773639e-02
   5.4590721e-02
   4.8410904e-02
   3.3888973e-02
   4.0859621e-02
   4.2291053e-02
   2.4563111e-02
   4.8080761e-02
   5.8288902e-02
   7.3657706e-02
   6.9100112e-02
   1.7461186e-02
   2.7420685e-02
   3.8859744e-02
   3.1500842e-02
   2.9397428e-02
   4.1885640e-02
   3.4017622e-02
   1.7754799e-02
   9.8603601e-03
   6.8779602e-03
   3.8689766e-02
   4.0269386e-02
   3.9803982e-02
   3.5265140e-02
   2.9561223e-02
   1.4140990e-02
   2.0589698e-02
   3.4778107e-02
   3.1478427e-02
   5.1190332e-02
   4.1432660e-02
   3.0089241e-02
   3.0376814e-02
   3.9945580e-02
   1.7023191e-02
   1.5800446e-02
   4.3824092e-02
   3.8723670e-02
   2.8566111e-02
   4.8220109e-02
   5.8025781e-02
   4.0454131e-02
   4.6502747e-02
   3.2136615e-02
   1.9746257e-02
   2.8010478e-02
   3.2581959e-02
   1.6472111e-02
   3.2336734e-02
   6.3402407e-02
   5.7501350e-02
   3.7730634e-02
   2.6009647e-02
   3.6875166e-03
   1.0211071e-02
   4.8539259e-02
   3.2877147e-02
   3.7739225e-02
   4.3506365e-02
   4.9439836e-02
   3.1405486e-02
   3.7116438e-02
   4.7839142e-02
   4.0463232e-02
   1.7560648e-02
   4.2937320e-02
   5.8937758e-02
   4.1283373e-02
   2.2544153e-02
   1.0864658e-02
   1.3415501e-02
   3.5538558e-02
   3.7430681e-02
   2.2254933e-02
   3.9614651e-02
   2.4894049e-02
   3.0752311e-02
   3.8252246e-02
   1.6271425e-02
   9.4072912e-03
   3.0257709e-02
   2.8430926e-02
   4.5580015e-02
   4.9543746e-02
   2.0879982e-02
   3.4898028e-02
   2.9287508e-02
   2.3363233e-02
   3.1678058e-02
   1.8924331e-02
   3.9104849e-02
   5.1861238e-02
   1.4457487e-02
   9.6667735e-03
   1.2580834e-02
   1.5484886e-02
   2.1741012e-02
   2.2203155e-02
   2.7288323e-02
   2.9628983e-02
   1.4522255e-02
   4.4838328e-02
   3.8701694e-02
   3.7540782e-02
   3.0143520e-02
   5.1583145e-02
   3.3918653e-02
   1.4448869e-02
   6.3133095e-03
   3.3123065e-02
   3.2239810e-02
   3.6753196e-02
   4.1485980e-02
   4.3317027e-02
   3.8172983e-02
   1.5651332e-02
   3.5772353e-02
   4.4961661e-02
   4.3182351e-02
   3.0996300e-02
   2.6175953e-02
   3.1355578e-02
   1.9743990e-02
   1.4833731e-02
   1.8592641e-02
   2.9201284e-02
   2.9653335e-02
   2.6853792e-02
   3.0694123e-02
   1.6947744e-02
   2.4785016e-02
   2.1279668e-02
   4.3559238e-02
   4.2722084e-02
   3.5216633e-02
   3.4635209e-02
   2.0807970e-02
   3.9747309e-02
   4.5992158e-02
   2.7412377e-02
   2.7076054e-02
   1.5362385e-02
   6.1102435e-03
   9.9223433e-03
   5.4785279e-03
   3.6306728e-02
   4.9507283e-02
   3.6831331e-02
   2.2718491e-02
   1.3812553e-02
   2.3694988e-02
   3.1683035e-02
   2.7247883e-02
   2.9638870e-02
   2.7796302e-02
   4.3164309e-02
   1.0197795e-03
  -4.9033463e-03
   1.8555198e-02
   3.4979269e-02
   6.7488343e-02
   9.1942638e-02
   3.9455328e-02
   2.7458344e-02
   1.0180843e-02
   5.1700165e-03
   1.9281469e-02
   3.1836305e-02
   2.7323078e-02
   4.4126026e-02
   3.0926604e-02
   3.3108439e-02
   2.7285064e-02
   3.3956569e-02
   3.2498870e-02
   3.0475395e-02
   4.8691191e-02
   3.0316530e-02
   1.5923936e-02
   6.9441311e-03
   1.1099068e-02
   2.6169397e-02
   2.4515200e-02
   1.0792485e-02
   2.5155483e-02
   3.0667469e-02
   4.3872699e-02
   3.9664026e-02
   1.5544234e-02
   2.4984526e-02
   1.4297880e-02
   3.2766480e-02
   3.9357826e-02
   3.6090452e-02
   2.4968833e-02
   1.6245330e-02
   3.9176270e-02
   3.7790142e-02
   3.9025348e-02
   1.6103361e-02
   3.1654317e-02
   1.5639020e-02
   2.6971089e-02
   4.7328610e-02
   2.4613589e-02
   1.6910063e-02
   2.4334675e-02
   3.3101141e-02
   3.0281393e-02
   1.1501044e-02
   3.7039865e-02
   3.3086073e-02
   8.6775376e-03
   4.2623099e-02
   3.1682633e-02
   2.5424585e-02
   2.2182278e-02
   6.9338670e-03
   2.0567324e-02
   6.0003433e-02
   7.0606217e-02
   4.6988320e-02
   3.5349678e-02
   3.7561312e-02
   7.2260918e-03
   8.6725699e-03
   9.8732458e-03
  -2.7205038e-03
   1.7588159e-02
   6.7257620e-02
   1.1585211e-01
   9.7978137e-02
   5.8904313e-02
   1.4946820e-02
   1.6362891e-02
   4.8365496e-02
   1.5141551e-01
   3.1429607e-01
   3.8774186e-01
   2.7566525e-01
   1.1373296e-01
   2.3668250e-02
   4.6551198e-02
   1.2452284e-01
   1.3941045e-01
   8.5104443e-02
   8.0643818e-02
   7.3188372e-02
   6.6135406e-02
   6.2824249e-02
   1.9748468e-02
   1.4314856e-02
   3.9100535e-02
   4.4354405e-02
   2.3253806e-02
   2.4252487e-02
   2.2818139e-02
   3.2231119e-02
   2.3551269e-02
   1.7759420e-02
   2.6474150e-02
   4.7801476e-02
   2.1761596e-02
   1.5532444e-02
   3.9805088e-02
   4.6161998e-02
   2.9696941e-02
   2.7041748e-02
   1.3135816e-02
   2.2410681e-02
   2.5613597e-02
   2.2356119e-03
   2.7953509e-02
   3.2711413e-02
   3.1025100e-02
   3.7527543e-02
   2.6484713e-02
   2.9197536e-02
   2.5501052e-02
   2.1571852e-02
   1.0396064e-02
   1.2936741e-02
   5.1876181e-03
   2.2704810e-02
   2.1854825e-02
   2.5123585e-02
   3.6979020e-02
   2.3613913e-02
   6.8498589e-03
   2.1317638e-02
   3.7227798e-02
   3.1155054e-02
   1.9279968e-02
   1.5765430e-02
   2.8347684e-02
   1.3891250e-02
   2.4890922e-02
   2.8043024e-02
   2.4634439e-02
   2.7632395e-02
   2.6945084e-02
   2.9927017e-02
   2.6157582e-02
   1.1196135e-02
   3.4726098e-02
   5.7911806e-02
   2.9043641e-02
   2.2394979e-02
   1.4593137e-02
   1.6002560e-02
   4.3408684e-02
   9.7583711e-02
   9.1992870e-02
   6.0808584e-02
   3.2877505e-02
   9.7846929e-03
   2.3593377e-02
   2.8869187e-02
   4.1114852e-02
   5.0139859e-02
   5.2869260e-02
   4.0435776e-02
   3.5935089e-02
   1.4760713e-02
   3.2263931e-02
   1.6536906e-02
   4.4944745e-02
   4.0893070e-02
   1.9980054e-02
   1.8479716e-02
   2.7315447e-02
   3.2815289e-02
   1.7185286e-02
   4.9289656e-03
   2.5512807e-02
   2.5752235e-02
   4.0090103e-02
   6.7540221e-02
   6.4242609e-02
   1.7900383e-02
   1.1222016e-02
   1.7389467e-02
   3.2387279e-02
   2.7255217e-02
   2.0689646e-02
   1.3656031e-02
   5.0344713e-02
   4.1345779e-02
   1.9820403e-02
   1.0056183e-02
   3.7848029e-02
   4.2085178e-02
   1.6068621e-02
   1.8660165e-02
   2.8647546e-02
   2.3400709e-02
   3.3879463e-02
   3.7647203e-02
   2.1946017e-02
   2.3670606e-02
   3.0456057e-02
   1.0299901e-02
   2.6977509e-02
   2.7272958e-02
   1.2314969e-02
   3.6736175e-02
   1.4616821e-02
   1.4814354e-02
   2.1353388e-02
   4.8872765e-02
   2.7195163e-02
   1.9652743e-02
   2.4365142e-02
   1.9323530e-02
   2.0508366e-02
   1.7574793e-02
   2.6390051e-02
   2.2169655e-02
   1.6551901e-02
   2.1574020e-02
   2.8864229e-02
   1.4376634e-02
   2.8165847e-02
   1.3985427e-02
   2.4380362e-02
   3.7129283e-02
   3.3098690e-02
   3.4120031e-02
   4.0682919e-02
   2.2916097e-02
   1.2601606e-02
   1.6898600e-02
   1.6514471e-02
   2.6124448e-02
   2.5065098e-02
   9.6929651e-03
   6.5186811e-03
   2.2108311e-02
   1.3974177e-02
   2.2045286e-02
   1.0933542e-02
   4.8470683e-03
   1.6252540e-02
   4.0614389e-02
   2.7926063e-02
   2.0986369e-02
   2.2022681e-02
   1.7417619e-02
   1.1376193e-02
   6.9173896e-03
   1.8510759e-02
   1.4623956e-02
  -3.0052240e-04
   8.8274218e-03
   3.5473585e-02
   2.8075546e-02
   1.1207637e-02
   1.0152256e-02
   1.7137682e-02
   1.9307034e-02
   2.8664341e-02
   1.9895138e-02
   2.1657061e-02
   3.2021735e-02
   3.1760398e-02
   1.9258860e-02
   3.1755153e-02
   1.3080200e-02
   7.2008613e-03
   3.7556753e-02
   3.0479956e-02
   2.4857571e-02
   1.2090042e-02
   3.3852339e-02
   3.5570011e-02
   1.9115470e-02
   2.9589225e-02
   2.1425864e-02
   2.9100565e-02
   2.2827949e-02
   3.5911497e-02
   2.6178500e-02
   1.4006351e-02
   2.5207676e-02
   1.4765216e-02
   3.7575301e-02
   2.1857684e-02
   1.4759379e-02
   2.2235826e-02
   1.7936332e-02
   3.8511079e-02
   3.6058091e-02
   2.5273507e-02
   1.9159349e-02
   2.3987949e-02
   1.8461142e-02
   1.4649943e-02
   3.0364735e-02
   3.6290973e-02
   1.4450718e-02
   1.3820227e-02
   2.6153404e-02
   3.4692068e-02
   3.8592715e-02
   5.2366525e-02
   5.2133661e-02
   4.1969083e-02
   2.8507737e-02
   2.3909565e-02
   3.4633406e-02
   3.2058913e-02
   2.9601907e-02
   2.9712720e-02
   3.1773504e-02
   3.1890970e-02
   2.1639394e-02
   1.4934836e-02
   2.2084728e-02
   1.3370190e-02
   2.8233413e-02
   1.5057938e-02
   1.6727844e-02
   2.5363626e-02
   2.9753104e-02
   6.8888683e-03
   2.1267738e-02
   2.5335439e-02
   2.5368422e-02
   2.4736099e-02
   2.1430543e-02
   9.6552484e-03
   3.5501044e-02
   3.2902777e-02
   4.3504912e-02
   4.5116778e-02
   2.6173500e-02
   1.4815830e-02
   2.4550728e-02
   3.8108740e-02
   2.2334835e-02
   2.5652451e-02
   1.7105365e-02
   1.4059187e-02
   1.2262414e-03
   2.7019145e-02
   4.3431878e-02
   4.0151421e-02
   2.7654115e-02
   1.2483132e-02
   2.2882085e-02
   3.5763260e-02
   2.1009741e-02
   8.6267274e-03
   8.1790518e-03
   1.5643191e-02
   2.1401752e-02
   1.9585688e-02
   2.7789988e-02
   2.5093472e-02
   1.2961735e-03
   2.6339733e-03
   1.8406795e-02
   5.6973742e-03
