   1.9031325e-02
   4.5696154e-02
   6.4143226e-02
   4.0615037e-02
   1.5933692e-02
   3.7104171e-02
   4.7137491e-02
   6.8093367e-02
   2.8189583e-02
   3.7093729e-02
   2.5727794e-02
   9.7106127e-03
   3.8492516e-02
   4.1001130e-02
   6.7556322e-02
   7.1363576e-02
   4.3704711e-02
   4.8447080e-02
   1.1030102e-01
   7.8110054e-02
   8.0148011e-02
   5.1838014e-02
   4.4152346e-02
   1.8673863e-02
   4.8466362e-02
   5.3376734e-02
   6.3549891e-02
   6.0307253e-02
   4.4340879e-02
   5.6023270e-02
   5.4983798e-02
   4.2916238e-02
   2.2127105e-02
   1.8453324e-02
   5.2236807e-02
   6.9820017e-02
   5.9766192e-02
   3.1997196e-02
   4.1795850e-02
   6.6219606e-02
   6.4034179e-02
   4.8969589e-02
   4.0532436e-02
   5.5546280e-02
   5.4047871e-02
   2.1894755e-02
   3.4331840e-02
   4.9001720e-02
   2.6212500e-02
   2.8950524e-02
   4.9651504e-02
   2.5376575e-02
   3.0371370e-02
   4.5436926e-02
   2.6515702e-02
   4.7491021e-02
   4.5889337e-02
   2.2279732e-02
   2.0641716e-02
   3.1277634e-02
   3.7666515e-02
   5.7440154e-02
   5.4559406e-02
   4.6846010e-02
   5.3245444e-02
   3.9020181e-02
   2.3578353e-02
   2.7452672e-02
   3.8567651e-02
   6.7279428e-02
   3.8762391e-02
   5.0183851e-02
   4.1204385e-02
   6.5631121e-02
   4.2397529e-02
   2.5916431e-02
   4.4791743e-02
   6.5868169e-02
   2.7720621e-02
   3.5761233e-02
   1.6944688e-02
   5.0062139e-02
   2.8098406e-02
   1.1182888e-02
   3.9518610e-02
   4.5744836e-02
   5.3560533e-02
   4.2310491e-02
   2.2348847e-02
   4.7913071e-02
   2.5810763e-02
   1.6605593e-02
   1.8671697e-02
  -5.3429807e-04
   4.5400463e-02
   4.8167143e-02
   4.2791441e-02
   4.9570613e-02
   6.4686663e-02
   5.5389870e-02
   4.1969869e-02
   4.9336702e-02
   4.6917338e-02
   3.2838441e-02
   5.9441406e-02
   4.8815973e-02
   4.8402101e-02
   7.3190503e-02
   6.3418090e-02
   5.2956063e-02
   2.7475819e-02
   2.4521254e-02
   4.2550631e-02
   3.2722663e-02
   3.9969649e-02
   3.5402875e-02
   5.8932129e-02
   5.3075258e-02
   6.6349201e-02
   5.2111663e-02
   4.9835414e-02
   5.5782679e-02
   4.2219028e-02
   2.5442328e-02
  -8.1828004e-04
   2.2201952e-02
   3.4312684e-02
   1.7377701e-02
   4.9309503e-02
   4.9751170e-02
   2.4672277e-02
   4.7581676e-02
   9.6376948e-03
   2.6445385e-02
   3.3983093e-02
   6.9908030e-02
   7.4046284e-02
   4.4219483e-02
   7.3583908e-02
   4.5628142e-02
   2.6481571e-02
  -6.9769206e-03
   2.9367393e-02
   4.0286627e-02
   3.9540328e-02
   2.4204746e-02
   4.3506145e-02
   4.1565087e-02
   5.7203248e-02
   3.8614888e-02
   4.2875595e-02
   4.0239133e-02
   5.2969821e-02
   2.1690687e-02
   2.2639243e-02
   3.2667387e-02
   3.1094007e-02
   1.5701976e-02
   2.1466337e-02
   5.8560647e-02
   7.2503246e-02
   7.4000485e-02
   4.6940859e-02
   3.9402131e-02
   3.7261583e-02
   2.8168643e-02
   4.5908686e-02
   6.4674683e-02
   7.2058141e-02
   2.9512286e-02
   2.1506153e-02
   3.3676200e-02
   6.6308148e-02
   4.6736833e-02
   4.9479689e-02
   4.3704677e-02
   5.6904510e-02
   4.5642659e-02
   5.7896759e-02
   5.6501925e-02
   4.7185130e-02
   5.2632581e-02
   5.2523747e-02
   3.6280684e-02
   3.5163600e-02
   4.1200921e-02
   2.0957004e-02
   3.3863232e-02
   7.5631209e-02
   6.8529472e-02
   5.4308336e-02
   5.3534508e-02
   5.5143416e-02
   7.1828924e-02
   5.2084375e-02
   4.3334473e-02
   6.0918801e-02
   3.5313584e-02
   5.2320305e-02
   6.9719061e-02
   8.8215962e-02
   7.1879931e-02
   5.2214976e-02
   3.5198372e-02
   5.2129503e-02
   5.1537897e-02
   4.7032170e-02
   2.5910888e-02
   6.1722592e-02
   5.7705630e-02
   2.3442030e-02
   3.4512665e-02
   2.3612570e-02
   3.7773341e-02
   5.2538715e-02
   2.7453700e-02
   4.7078613e-02
   7.1308412e-02
   5.1039163e-02
   6.4602219e-02
   6.2022168e-02
   4.0283568e-02
   3.0823775e-02
   3.1424347e-02
   2.7628383e-02
   5.4621063e-02
   8.5316531e-02
   5.0602920e-02
   6.5028764e-02
   6.8295531e-02
   5.0192315e-02
   4.4793684e-02
   4.6438567e-02
   3.7432082e-02
  -2.9620079e-03
   4.7537677e-02
   7.4722044e-02
   5.0206278e-02
   2.5586110e-02
   3.2228481e-02
   7.2222017e-02
   1.4870004e-01
   7.9996958e-02
   2.7487764e-02
   2.2679679e-02
   6.0635712e-02
   6.4998977e-02
   7.3128201e-02
   6.0973067e-02
   1.6187470e-02
   4.9913481e-02
   9.3533225e-02
   6.2400285e-02
   6.6933386e-02
   4.0896386e-02
   1.5975373e-02
   2.2852996e-03
   1.1053216e-02
   1.7613238e-02
   1.9952048e-02
   4.3986831e-02
   5.2517451e-02
   5.3398471e-02
   4.2272396e-02
   5.9411239e-02
   5.6663595e-02
   5.7198577e-02
   7.4913807e-02
   9.4919018e-02
   8.2994863e-02
   5.6823540e-02
   4.1353911e-02
   1.8230133e-02
   8.4516248e-03
   1.1439204e-02
   5.4860029e-02
   5.1618155e-02
   1.8195733e-02
   6.1654150e-02
   5.6380801e-02
   4.1488301e-02
   5.2016202e-02
   9.7693391e-02
   9.4709329e-02
   6.8669885e-02
   4.9515076e-02
   8.0381840e-02
   4.9592458e-02
   3.9765043e-03
   3.2053944e-02
   4.4395912e-02
   4.5094021e-02
   2.9150138e-02
   2.1582330e-02
   5.8263294e-02
   5.9860293e-02
   7.7205405e-02
   4.8189156e-02
   5.6132134e-02
   3.2910600e-02
   3.0511029e-02
   2.1324402e-02
   3.3554565e-02
   2.6191315e-02
   7.8523979e-02
   7.5039163e-02
   6.4047627e-02
   4.3551739e-02
   3.5401251e-02
   3.7247218e-02
   3.7329763e-02
   6.6847287e-02
   9.5253967e-02
   3.6935121e-02
   3.0624632e-02
   5.4689087e-02
   6.7603223e-02
   3.4418773e-02
   3.6266912e-02
   4.3184604e-02
   2.7195772e-02
   6.5833457e-02
   3.9456673e-02
   2.5468098e-02
   3.7795953e-02
   4.1825145e-02
   3.0398844e-02
   4.8707806e-02
   2.5995962e-02
   2.6454143e-02
   4.1814562e-02
   1.0294533e-02
   1.6066009e-02
   4.8886415e-02
   5.3322788e-02
   4.5646127e-02
   1.4730048e-02
   3.8893405e-02
   5.0789297e-02
   5.0036713e-02
   7.4452884e-02
   5.8347613e-02
   3.0282794e-02
   2.1949869e-02
   4.0318944e-02
   2.7717538e-02
   2.7153330e-02
   4.1226052e-02
   2.2311429e-02
   2.1420071e-02
   3.3184800e-02
   3.7020296e-02
   4.0782593e-02
   3.2047212e-02
   4.3372337e-02
   5.1115479e-02
   3.4500111e-02
   5.7792362e-02
   9.4809800e-02
   5.0169613e-02
   3.6491942e-02
   2.2127884e-02
   1.7908245e-02
   2.6521152e-02
   2.6626183e-02
   3.8188033e-02
   3.6470696e-02
   3.2084700e-02
   3.7148677e-02
   1.5808625e-02
   3.7480779e-02
   3.0428948e-02
   4.7473978e-02
   4.2645596e-02
   1.5622186e-02
   1.8206755e-02
  -8.2788067e-03
   4.4493642e-02
   4.6463192e-02
   3.5456907e-02
   4.4036552e-02
   2.8811589e-02
   3.1305876e-02
   3.0361349e-02
   1.5337256e-02
  -5.6566144e-03
   1.5329240e-02
   3.4565531e-02
   1.4924170e-02
   5.2173901e-02
   4.5495063e-02
   3.4801401e-02
   2.0407127e-02
   6.5351926e-02
   5.0916750e-02
   2.0225566e-02
   3.1042174e-02
   4.8393272e-02
   5.5895764e-02
   6.5048829e-02
   6.5046400e-02
   5.0588045e-02
   5.0696548e-02
   3.7062839e-02
   2.5649766e-02
   4.5183171e-02
   5.1266316e-02
   3.1589195e-02
   4.7195386e-02
   9.5365956e-02
   6.8266407e-02
   5.0177820e-02
   8.8173345e-02
   3.9585166e-02
   7.8282118e-02
   1.8724777e-01
   1.6230187e-01
   5.2608263e-02
   5.9670079e-02
   6.8458758e-02
   3.3019878e-02
   5.4425322e-02
   6.8565533e-02
   6.0499340e-02
   5.8601316e-02
   4.1556392e-02
   1.3668918e-02
   1.7016999e-02
   5.3420443e-02
   3.8602393e-02
   2.0839807e-02
   4.7093973e-02
   7.0258796e-02
   4.1762941e-02
   3.5504296e-02
   4.3786425e-02
   3.0571625e-02
   6.5216072e-02
   2.9211296e-02
   1.6885769e-02
   2.3688361e-02
   1.8969901e-02
   3.5944875e-02
   3.5292555e-02
   2.8533934e-02
   4.1028447e-02
   5.7333771e-02
   2.3895446e-02
   4.9972288e-02
   3.1788986e-02
   1.7281309e-02
   1.8698469e-02
   3.5101227e-02
   6.9507241e-02
   5.2374892e-02
   4.3408871e-02
   3.1431045e-02
   2.2268102e-02
  -5.2634743e-03
   1.4816478e-02
   3.6072355e-02
   6.4291991e-02
   4.2999148e-02
   1.3483335e-02
   5.1713347e-02
   4.0178996e-02
   4.9865671e-02
   3.6279563e-02
   3.5161350e-02
   3.2602772e-02
   2.0859027e-02
   4.1364316e-02
   6.1667312e-02
   7.9145096e-02
   3.9500460e-02
   1.4592097e-02
   3.3332009e-02
   1.2580291e-02
   1.5068782e-02
   2.1818157e-02
   1.1770637e-02
   3.0543294e-02
   5.9357323e-02
   8.0951169e-02
   7.3452979e-02
   6.5674976e-02
   5.7977349e-02
   7.0525095e-02
   4.8507314e-02
   2.7289473e-02
   4.6006832e-02
   4.8030395e-02
   8.4267057e-02
   7.1509823e-02
   4.2491686e-02
   9.9899389e-02
   1.0281090e-01
   5.5197489e-02
   5.5192646e-02
   5.7710148e-02
   2.7604314e-02
   4.9695659e-02
   2.9560303e-02
   3.7892867e-02
   4.8197318e-02
   3.3469040e-02
   3.9341707e-02
   1.5543269e-02
   4.3305337e-02
   4.9693074e-02
   5.2935611e-02
   4.0259156e-02
   2.7043810e-02
   1.3858609e-02
   3.6467981e-02
   2.2731068e-02
   3.0134778e-02
   6.1420958e-02
   3.6106478e-02
   6.2709292e-03
   3.8063731e-02
   3.6922988e-02
   6.6936396e-02
   9.5118210e-02
   4.7800869e-02
   3.5732199e-02
   4.4605620e-02
   5.4586083e-02
   7.5620953e-03
   5.7843737e-03
   4.4246029e-02
   6.0664054e-02
   5.8323115e-02
   3.8438555e-02
   2.5137024e-02
   3.3173334e-02
   2.5462804e-02
   1.0572514e-01
   1.8484023e-01
   1.2355010e-01
   6.1736349e-02
   4.1395199e-02
   2.7269153e-02
   3.3934612e-02
   4.5917545e-02
   5.8082137e-02
   4.4924136e-02
   3.2728821e-02
   1.3237124e-02
   7.7499084e-02
   7.2513446e-02
   4.9918357e-02
   3.3370230e-02
   3.1092618e-02
   5.3774819e-02
   3.9601207e-02
   6.7668758e-02
   8.1993967e-02
   7.6339282e-02
   5.8288749e-02
   1.2739928e-01
   1.9929822e-01
   1.2247039e-01
   8.7231323e-02
   4.9169268e-02
   4.7180336e-02
   3.3904068e-02
   6.1671935e-02
   8.6140499e-02
   7.8310438e-02
   7.2518364e-02
   1.8528020e-02
   1.0590036e-02
   8.6924678e-04
   5.8792707e-02
   9.0042382e-02
   4.8431396e-02
   3.4664907e-02
   2.4434445e-02
  -8.2430495e-03
  -4.5361049e-02
  -5.3332401e-03
   6.3878864e-02
   1.0584833e-01
   8.0117710e-02
   1.9922948e-02
  -4.7685136e-03
   7.0537463e-02
   2.6753396e-01
   2.6535869e-01
   1.8907183e-01
   1.7914915e-01
   1.3853006e-01
   3.4792624e-02
   2.1451894e-02
   1.7263004e-01
   7.9114562e-01
   1.0067983e+00
   5.6352913e-01
   1.7493336e-01
   1.4713800e-01
   1.4481000e+00
   4.6133723e+00
   4.3960390e+00
   1.7664870e+00
   4.8597819e-01
   1.9983086e-01
   1.4574011e-01
   3.6509144e-01
   1.0521156e+00
   1.0784657e+00
   5.8882993e-01
   1.9125473e-01
   6.3392252e-02
   1.5586756e-01
   2.6068088e-01
   4.2935163e-01
   3.9181760e-01
   2.0861161e-01
   1.4138256e-01
   1.0063600e-01
   1.2400291e-01
   1.7111748e-01
   1.7971091e-01
   3.2273254e-01
   4.0042242e-01
   1.9974898e-01
   4.8667748e-02
   3.1595901e-02
   5.3346448e-02
   5.3857710e-02
   4.1042715e-02
   8.3563223e-02
   3.5874348e-02
   4.0028989e-02
   4.4572897e-02
   1.3185145e-02
   2.3166198e-02
   6.7989267e-02
   5.1460762e-02
   1.7653294e-02
   3.1158810e-02
   6.7699276e-02
   8.8848747e-02
   7.4438751e-02
   3.6350522e-02
   4.1334279e-02
   8.5196860e-02
   1.6196944e-01
   1.7138822e-01
   5.8273647e-02
   7.5999811e-02
   2.0227183e-01
   3.0487189e-01
   2.0562935e-01
   1.0543813e-01
   1.0329603e-01
   1.8276136e-01
   1.3898697e-01
   1.0500330e-01
   1.0943431e-01
   2.1567790e-01
   6.9061351e-01
   8.4786451e-01
   4.2413962e-01
   1.1314444e-01
   5.4378565e-02
   6.2912881e-02
   7.6708958e-02
   1.9701201e-01
   2.1036446e-01
   1.0295451e-01
   1.2847194e-02
   1.7423285e-02
   6.6361114e-02
   4.2724557e-02
   9.9191219e-02
   6.2920086e-02
   7.3367804e-02
   3.7250143e-02
   3.1620111e-02
   1.5524901e-02
   2.9453166e-02
   9.2044652e-02
   8.4409282e-02
   1.2872648e-01
   9.3071990e-02
   6.6273160e-02
   6.7203335e-02
   4.6947885e-02
   2.3129640e-02
   2.9569454e-03
   1.7350189e-02
   6.7602001e-02
   6.1834216e-02
   3.3466570e-02
   4.2535879e-02
   6.6657215e-02
   7.2878271e-02
   3.2856416e-02
   2.7370553e-02
   5.0850254e-02
   5.3127561e-02
   4.8923142e-02
   5.3711012e-02
   3.2118319e-03
   2.4058124e-02
   7.4196726e-02
   1.3535281e-01
   6.5030418e-02
   4.5426343e-02
   5.2418254e-02
   9.5124789e-02
   5.3191293e-02
   4.9361113e-02
   1.5826410e-01
   2.6474798e-01
   1.6965780e-01
   5.9803527e-02
   4.5577973e-02
   2.4358708e-01
   1.0350289e+00
   1.3702509e+00
   6.6749954e-01
   1.8020847e-01
   5.0524812e-02
   1.3095520e-02
   6.3582323e-02
   2.2175157e-01
   2.9161182e-01
   1.9530229e-01
   6.7580134e-02
   2.1091167e-02
   2.3697212e-02
   7.2654463e-02
   1.3407792e-01
   1.2058003e-01
   6.8655334e-02
   1.4378228e-02
   1.8707164e-02
   6.1875291e-02
   6.2922567e-02
   1.0310704e-01
   7.4204981e-02
   5.6361802e-02
   3.1978052e-02
   1.6170343e-02
   5.4873683e-02
   6.9261588e-02
   5.8517847e-02
   4.5941871e-02
   4.1958608e-02
   4.6511326e-02
   3.9244909e-02
   1.4213989e-02
   3.8592763e-02
   4.1436825e-02
   3.8956872e-03
   3.7776124e-02
   2.3221144e-02
   4.2142518e-02
   4.1449904e-02
   2.2605229e-02
  -4.9458263e-03
   2.0956252e-02
   3.5808589e-02
   6.3901134e-02
   8.9180633e-02
   6.2267430e-02
   2.7130770e-02
   2.4711607e-02
   5.0838474e-02
   6.3062891e-02
   6.8737961e-02
   7.9459123e-02
   8.3521210e-02
   7.6861836e-02
   4.7941945e-02
   2.8761759e-02
   9.3886808e-02
   2.5445279e-01
   3.1803089e-01
   1.4871201e-01
   2.8776906e-02
   1.9072485e-03
   1.1873900e-02
   4.1583635e-02
   1.0735641e-01
   8.8586003e-02
   5.3320933e-02
   5.5215269e-02
   4.6296574e-02
   5.4807950e-02
   5.4587584e-02
   2.9233713e-02
   2.1759752e-02
   9.4620016e-04
   1.9269086e-02
   3.5063975e-02
   3.9184455e-02
   4.0257879e-02
   1.0159316e-01
   9.3315162e-02
   6.0273699e-02
   6.8545006e-02
   2.9349720e-02
  -8.0164503e-03
   1.0237576e-02
   2.9624630e-02
   2.6916992e-02
   3.1018568e-02
   4.8936348e-02
   3.5288215e-02
   4.0618677e-02
   3.6465362e-02
   2.7433993e-02
   6.6945910e-02
   5.3551618e-02
   4.8861470e-02
   4.2101096e-02
   1.9174699e-02
   4.1267343e-02
   7.6526850e-02
   5.4872952e-02
   4.4828728e-02
   3.2887038e-02
   2.8444357e-02
   2.9450472e-02
   2.9735543e-02
   4.7490191e-02
   3.2163735e-02
   4.3402664e-02
   4.9731046e-02
   6.9046825e-02
   6.9004461e-02
   4.1708685e-02
   4.0156525e-02
   5.6372743e-02
   1.4191905e-01
   1.4668335e-01
   8.8062644e-02
   5.6547917e-02
   4.5829345e-02
   5.9787214e-02
   6.7944594e-02
   4.0059011e-02
   2.3869209e-02
   6.1746379e-03
   3.4744397e-02
   1.5076617e-02
   2.0089163e-02
   5.2943587e-02
   8.4949337e-02
   9.1862775e-02
   4.7725253e-02
   6.5430738e-02
   2.3312226e-02
   2.8447108e-02
   6.2907584e-02
   5.8470380e-02
   2.8825626e-02
   2.2236621e-02
   3.5034828e-02
   5.3900812e-02
   5.1528219e-02
   4.1797463e-02
   2.3773054e-02
   3.6703743e-02
   5.7692401e-02
   7.6661497e-02
   4.1979440e-02
   3.4831852e-02
   5.0135725e-03
  -1.8594899e-03
   1.0967098e-02
   2.7787657e-02
   2.9380530e-02
   6.7957804e-02
   5.7566408e-02
   5.7138931e-02
   5.2086767e-02
   2.3720216e-02
   2.1783970e-02
   1.0583046e-02
   3.3345647e-02
   3.8542185e-02
   3.3192188e-02
   4.8440207e-02
   4.5397479e-02
   3.3702824e-02
   2.6419036e-02
   5.1758934e-02
   3.6179248e-02
   4.5879301e-02
   4.6407808e-02
   7.1955323e-02
   5.2357968e-02
   5.1077183e-02
   5.4603513e-02
   2.8861241e-02
   2.6215112e-02
   8.3761225e-03
   1.4888925e-02
   1.7502008e-02
   3.9862342e-02
   8.2398035e-02
   3.5700418e-02
   3.4221832e-02
   4.1138563e-02
   5.4989789e-02
   6.9966108e-02
   6.0213622e-02
   7.0459604e-02
   5.6846980e-02
   3.6112793e-02
   5.2257746e-02
   6.0474515e-02
   4.8907906e-02
   5.4853007e-02
   4.8764136e-02
   8.3567016e-02
   3.6970645e-02
   3.9718833e-02
   9.3348704e-02
   4.4234321e-02
   3.0407505e-02
   2.8464435e-02
   4.0203582e-02
   5.7744008e-02
   5.7433631e-02
   5.0629791e-02
   7.4465379e-02
   4.1503284e-02
   2.2814421e-02
   6.2058002e-02
   6.4453423e-02
   4.8503034e-02
   4.0842306e-02
   7.9977535e-02
   7.7760525e-02
   3.1253200e-02
   6.3220650e-02
   7.3529631e-02
   4.9068559e-02
   2.3036871e-02
   4.6979990e-02
   4.0487405e-02
   4.4093363e-02
   7.8701042e-02
   9.2593610e-02
   6.6025205e-02
   3.9408293e-02
   4.4461500e-02
   1.0933241e-01
   7.8205034e-02
   6.8462819e-02
   5.7549104e-02
   6.4816706e-02
   1.0413032e-01
   6.5039620e-02
   5.7084244e-02
   2.4749648e-02
   1.5019484e-01
   1.6301808e-01
   9.4040126e-02
   5.9678216e-02
   1.3271047e-01
   2.6457334e-01
   3.4854198e-01
   2.9129410e-01
   1.4612699e-01
   7.4634679e-02
   1.3150255e-01
   9.6825756e-02
   2.9903324e-02
   1.6425975e-02
   3.9165374e-02
   9.9099383e-02
   1.4526328e-01
   7.6932609e-02
   7.7358827e-02
   1.2994370e-01
   1.2317722e-01
   3.4230411e-02
   2.0236639e-02
   6.9153585e-02
   5.5248287e-02
   2.2570882e-02
   8.6953137e-03
   4.5264535e-02
   3.5301693e-02
   5.8730494e-02
   5.5463199e-02
   6.8988785e-02
   8.0176517e-02
   7.8073435e-02
   3.1199059e-02
   3.1306222e-02
   2.7535059e-02
   1.5610268e-02
   3.3279065e-02
   6.1671790e-02
   4.0032882e-02
   6.3212641e-02
   8.3030917e-02
   7.0810549e-02
   7.6530345e-02
   3.7680339e-02
   2.9066965e-02
   4.0949643e-02
   4.9556181e-02
   5.5192914e-02
   6.3214049e-02
   2.1351496e-02
   5.6892570e-02
   8.6715363e-02
   6.7273617e-02
   5.4890841e-02
   5.8042195e-02
   7.4098006e-02
   8.1767313e-02
   7.3912531e-02
   7.9398394e-02
   5.7575159e-02
   6.8681739e-02
   6.0510132e-02
   4.6442952e-02
   5.6025296e-02
   6.6778503e-02
   7.6953158e-02
   3.8741957e-02
   6.3955285e-02
   5.6384359e-02
   7.5481467e-02
   4.0318556e-02
   3.0588154e-02
   4.9915213e-02
   2.2794696e-02
   2.6906218e-02
   6.2705502e-02
   6.4663820e-02
   5.4118622e-02
   3.1896006e-02
   2.1246551e-02
   2.9355595e-02
   3.2416075e-02
   2.2074645e-02
   4.9114462e-02
   4.8392475e-02
   5.9334096e-02
   2.7912233e-02
   6.7181043e-02
   8.8226214e-02
   3.5945762e-02
   3.0417709e-02
   6.5063752e-02
   6.4970352e-02
   2.9578315e-02
   5.0226122e-02
   5.1035564e-02
   1.4108536e-02
   2.5711300e-02
   3.6689531e-02
   4.2576835e-02
   4.4539366e-02
   2.8124740e-02
   2.2502331e-02
   2.3323888e-02
   4.0526319e-02
   5.4649819e-02
   7.6536000e-02
   3.3111244e-02
   2.2625655e-02
   3.8929939e-02
   4.4015586e-02
   6.4511657e-02
   3.9477874e-02
   2.2211118e-02
   2.4323534e-02
   6.9844678e-02
   1.1136393e-01
   7.2511345e-02
   4.9697630e-02
   3.5984334e-02
   4.1929863e-02
   2.2710208e-02
   3.4096289e-02
   3.6267281e-02
   4.4545073e-02
   5.1171083e-02
   5.0027139e-02
   3.3158123e-02
   8.3194472e-02
   5.7075977e-02
   3.9994128e-02
   5.8151070e-02
   3.4251701e-02
   4.4038747e-02
   5.5014644e-02
   1.8645152e-02
  -7.1170628e-03
   1.6221501e-02
   1.9652907e-02
  -2.6950345e-03
   1.4391993e-02
   2.5633560e-02
   2.2821698e-02
   3.7619822e-02
   4.1855387e-02
   5.0587263e-02
   4.0963061e-02
   5.3436473e-02
   2.7716566e-02
   3.1827316e-02
   3.7669141e-02
   3.3540245e-02
   1.6502205e-02
   3.9588332e-02
   6.4488374e-02
   5.3410918e-02
   4.0973682e-02
   4.7324847e-02
   3.3977743e-02
   3.1423677e-02
   2.9503947e-02
   4.6708807e-02
   4.0645398e-02
   4.0632863e-02
   4.8305001e-02
   3.0589880e-02
   2.7965453e-02
   5.4336749e-02
   6.2108044e-02
   3.5700403e-02
   1.1143657e-02
   3.2650519e-02
   7.6941036e-02
   5.5516914e-02
   4.1887775e-02
   4.9506068e-02
   8.5336469e-02
   7.5146422e-02
   8.0322221e-02
   6.9629118e-02
   1.1265036e-01
   7.8221768e-02
   3.9712004e-02
   2.8820056e-02
   4.4142555e-02
   2.3327732e-02
   4.5070928e-02
   3.0205136e-02
   4.0388048e-02
   4.8683885e-02
   1.6613662e-02
  -9.7002881e-04
   1.5814826e-02
   6.1973613e-02
   8.4698692e-02
   4.8491113e-02
   3.2833531e-02
   2.9096276e-02
   1.4240042e-02
   4.6682321e-02
   7.3541701e-02
   8.1794478e-02
   4.0506065e-02
   6.2521465e-02
   6.9000661e-02
   3.4138855e-02
   4.9078044e-02
   4.2169526e-02
   4.8846345e-02
   4.2015810e-02
   3.9843284e-02
   1.9893650e-02
   4.9989581e-02
   6.3858792e-02
   6.9241099e-02
   6.6086270e-02
   7.5341366e-02
   4.4396579e-02
   3.1349238e-02
   6.7236468e-02
   7.2067983e-02
   5.0975870e-02
   4.7096137e-02
   7.2626218e-02
   7.4867651e-02
   8.5451663e-02
   7.4064657e-02
   6.3174494e-02
   3.9282791e-02
   4.5119490e-02
   4.3255765e-02
   4.4670388e-02
   3.8447350e-02
   4.1306823e-02
   4.5867473e-02
   3.6946576e-02
   5.8379743e-02
   4.9460847e-02
   2.0513544e-02
   2.1171832e-02
   3.3773214e-02
   5.4972965e-02
   4.0375609e-02
  -3.0260913e-03
   3.8578693e-02
   2.2542790e-02
   1.6779181e-02
   3.5646986e-02
   3.0554282e-02
   4.2702992e-02
   3.2748494e-02
   4.6992905e-02
   5.8720697e-02
   3.1187722e-02
   5.1785041e-02
   1.5376776e-02
   3.9890192e-02
   3.3567481e-02
   4.2255618e-02
   3.2919779e-02
   3.1746540e-02
   3.1906825e-02
   6.8167835e-02
   5.0624020e-02
   4.7407772e-02
   4.7813810e-02
   4.1623216e-02
   3.2569166e-02
   2.8961921e-02
   3.7247531e-02
   3.2080106e-02
   4.0839933e-02
   7.7584311e-02
   5.4141983e-02
   1.6553627e-02
   3.8627170e-03
   4.2056587e-02
   3.8704372e-03
   3.6812145e-02
   4.3094389e-02
   4.1526515e-02
   5.0360281e-02
   2.0949995e-02
   1.6810605e-02
   2.7183872e-02
   4.7761742e-02
   5.3375654e-02
   3.4896094e-02
   4.7970571e-02
   5.5658937e-02
   3.4447275e-02
   3.9589830e-02
   5.3331614e-02
   5.9410419e-02
   3.9875992e-02
   1.4256211e-02
   4.7241334e-02
   5.9770975e-02
   5.9135646e-02
   4.8881132e-02
   2.5630049e-02
   7.5877523e-03
   3.9628398e-02
   4.4677656e-02
   2.0733744e-02
   1.1386075e-02
   6.2949240e-02
   5.8764752e-02
   5.7920977e-02
   3.6344502e-02
   2.6670221e-02
   2.9813215e-02
   3.2450754e-02
   2.2353115e-02
   9.7863851e-03
   3.1405412e-02
   2.8366333e-02
   2.9569592e-02
   5.1968522e-02
   7.7540927e-02
   6.2006921e-02
   3.3851184e-02
   5.9246454e-02
   4.4509664e-02
   4.0039286e-02
   7.4688688e-02
   6.5863669e-02
   3.5544742e-02
   4.5551699e-02
   2.6993433e-02
   4.3194536e-02
   3.3245653e-02
   6.8340371e-03
   3.4603961e-02
   2.7081620e-02
   1.6286787e-02
   3.2732528e-02
   4.6549134e-02
   3.3872828e-02
   3.3363342e-02
   3.2740626e-02
   3.1692974e-02
   3.9254963e-02
   2.9022746e-02
   5.5454180e-02
   4.2138293e-02
   3.6291640e-02
   4.6609558e-02
   4.6505999e-02
   4.6615228e-02
   3.0557105e-02
   6.2217984e-02
   3.0268716e-02
   1.3312280e-02
   3.6523499e-02
   4.9637806e-02
   2.4670107e-02
   3.0258361e-02
   2.6463721e-02
   4.6390641e-02
   4.0868841e-02
   5.8841985e-02
   6.1159234e-02
   5.8533594e-02
   1.5688956e-02
   2.4042152e-02
   2.2943806e-02
   2.8499227e-02
   2.2868432e-02
   7.4355856e-02
   5.0550636e-02
   7.6960765e-02
   5.6789368e-02
   2.1720374e-02
   3.8439494e-02
   4.8788507e-02
   4.1393209e-02
   2.0526392e-02
   1.2502134e-02
  -3.3645455e-03
   4.7302082e-02
   4.1913629e-02
   5.7090499e-02
   5.2117717e-02
   3.2765564e-02
   5.5514831e-02
   7.4291639e-02
   1.0056147e-01
   7.0722379e-02
   3.3370871e-02
   1.7626811e-02
   3.2693312e-02
   5.1100310e-02
   5.3914290e-02
   6.0867954e-02
   7.5980425e-02
   7.9599939e-02
   6.2209882e-02
   3.3294704e-02
   3.2555319e-02
   2.2840153e-02
   2.8986514e-02
   7.0069686e-02
   5.8259752e-02
   5.1971585e-02
   3.3760194e-02
   4.2468298e-02
   3.3839948e-02
   4.2081930e-02
   5.1126115e-02
   3.7553124e-02
   1.6523790e-02
   4.5792252e-02
   4.5431491e-02
   5.5362992e-02
   2.9906541e-02
   1.7947383e-02
   2.7472962e-02
   2.0530500e-02
   3.1371202e-02
   2.5148923e-02
   1.4171864e-02
   3.1313233e-02
   3.2701690e-02
   3.1107644e-02
   4.8106778e-02
   3.7780754e-02
   2.9505001e-02
   3.5219643e-02
   2.0774212e-02
   3.4862250e-02
   6.2205497e-02
   4.8143752e-02
   3.5388261e-02
   2.9843902e-02
   2.5446560e-02
   5.3175975e-02
   7.5588241e-02
   4.8858315e-02
   2.9503491e-02
   3.2729078e-02
   3.5517026e-02
   3.3827502e-02
   2.3440504e-02
   3.1366944e-02
   5.1792502e-02
   5.6537826e-02
   2.6775293e-02
   4.5834374e-02
   2.8651379e-02
   5.9829302e-02
   3.2582715e-02
   5.1023331e-02
   3.2621872e-02
   3.3590771e-02
   2.3415172e-02
   4.1028287e-02
   6.0978323e-02
   2.6820097e-02
   4.2542394e-02
   6.2138755e-02
   4.6481293e-02
   4.9672406e-02
   3.4188975e-02
   3.9234608e-02
   4.4961456e-02
   1.1612764e-02
   2.0189771e-02
   2.2800799e-02
   1.7693909e-02
   1.8117761e-02
   5.8185440e-02
   4.4808537e-02
   5.9424803e-02
   4.0368252e-02
   5.2089717e-02
   7.3357619e-02
   6.0442775e-02
   6.3490033e-02
   4.4930082e-02
   6.6912644e-02
   6.3555390e-02
   2.8019719e-02
   2.0157149e-02
   5.0603885e-02
   1.8760568e-02
   1.3173341e-02
   4.7142398e-02
   5.3576965e-02
   4.2733535e-02
   4.7750961e-02
   9.7995875e-03
   2.8739074e-02
   1.6950695e-02
   3.1610880e-02
   6.1734375e-02
   4.7796249e-02
   3.3327751e-02
   3.1114683e-02
   2.5267934e-02
   4.5754489e-02
   3.9700519e-02
   3.2891881e-02
   3.5727322e-02
   3.8794030e-02
   2.2493277e-02
   4.2286903e-02
   6.1207615e-02
   3.7818544e-02
   3.5317637e-02
   4.9919732e-02
   3.5900667e-02
   2.8764129e-02
   6.0812958e-02
   5.3981371e-02
   5.5458866e-02
   4.4727296e-02
   2.8321896e-02
   7.2327601e-03
   4.3593805e-02
   4.1591059e-02
   3.3651564e-02
   3.7175149e-02
   3.6598861e-02
   2.4315869e-02
   3.8529895e-02
   2.8331574e-02
   1.7796541e-02
   3.9696150e-02
   3.1596776e-02
   4.6157464e-02
   4.8618399e-02
   3.5566110e-02
   2.9325860e-02
   2.6549187e-02
   4.8151646e-02
   5.2844364e-02
   2.6088465e-02
   2.9344495e-02
   3.6893763e-02
   2.7265046e-02
   5.3622141e-02
   3.9439984e-02
   3.1403437e-02
   4.6514381e-02
   5.3023238e-02
   3.8536005e-02
   3.6595706e-02
   4.8856307e-02
   3.3161353e-02
   3.8443029e-02
   2.1802310e-02
   4.9157485e-02
   2.6776817e-02
   2.0450573e-02
   2.2826055e-02
   8.6066807e-03
   2.7440151e-02
   3.7275765e-02
   3.0570678e-02
   9.7314073e-03
   3.4151170e-02
   4.8071906e-02
   3.6338121e-02
   2.4389686e-02
   3.6719438e-02
   2.4173239e-02
   1.5615944e-02
   3.1379376e-02
   3.5586309e-02
   3.4478568e-02
   2.7926585e-03
   1.4405264e-02
   2.9654309e-02
   3.8450476e-02
   4.3331936e-02
   5.0376032e-02
   3.5914008e-02
   2.6637150e-02
   3.3666443e-02
   5.7277944e-02
   6.0644861e-02
   3.3016659e-02
   2.1065131e-02
   4.5193076e-02
   2.7366892e-02
   1.7338989e-02
   4.9019862e-02
   6.3658699e-02
   3.3951826e-02
   2.5859395e-02
   2.5958555e-02
   2.2481818e-02
   4.7855001e-02
   2.7433304e-02
   4.0058125e-02
   5.2744646e-02
   1.8935844e-02
   1.1370176e-02
   2.5725210e-02
   4.6935733e-02
   3.7665937e-02
   3.2382436e-02
   4.3683413e-02
   1.1914587e-02
   2.2301357e-02
   2.9761935e-02
   2.7414665e-02
   4.0498022e-02
   5.6320716e-02
   5.8859847e-02
   4.6747163e-02
   3.1118097e-02
   4.8830304e-02
   5.0175518e-02
   8.6742789e-03
   9.2262272e-03
   2.8087080e-02
   3.2004993e-02
   4.3035802e-02
   3.5922121e-02
   4.5957427e-02
   2.1925092e-02
   1.4199967e-02
   1.0054546e-02
   3.7240155e-02
   3.3199042e-02
   5.5939011e-02
   3.2152560e-02
   1.3597310e-02
   2.0373488e-02
   1.8939702e-02
   4.4948012e-02
   5.1147148e-02
   4.8322722e-02
   4.3930605e-02
   3.5531785e-02
   4.6442933e-02
   2.1112490e-02
   4.1914988e-02
   4.5043662e-02
   4.3926999e-02
   6.3498773e-02
   4.4885945e-02
   3.2502823e-02
   3.0409571e-02
   4.0276833e-02
   4.1597586e-02
   3.9765913e-02
   1.7295696e-02
   2.9105145e-02
   1.8186389e-02
   2.8823478e-02
   1.8622337e-02
   1.9734427e-02
   4.1871965e-02
   3.8831737e-02
   3.7852451e-02
   4.8003972e-02
   6.2475789e-02
   3.8935278e-02
   3.5871770e-02
   2.6569823e-02
   3.2894921e-02
   5.8310028e-02
   8.1126094e-02
   9.5418923e-02
   7.5408906e-02
   4.6728808e-02
   3.9191294e-02
   3.7405327e-02
   3.2343153e-02
   3.4280188e-02
   3.3434223e-02
   6.3777715e-02
   4.7830366e-02
   5.8173779e-02
   4.8229143e-02
   7.2470993e-02
   8.4304735e-02
   6.9414906e-02
   6.4458400e-02
   2.7633768e-02
   3.6209255e-02
   2.7471656e-02
   8.0361720e-03
   1.1306676e-02
   2.8883841e-02
   2.3445684e-02
   3.8023833e-02
   2.5824077e-02
   1.7468479e-02
   1.3542077e-02
   2.1869142e-02
   4.6220005e-02
   3.3158056e-02
   2.9229125e-02
   3.9099354e-02
   2.8547874e-02
   4.4887599e-02
   5.4609451e-02
   5.1187407e-02
   4.1011967e-02
   4.6776894e-02
   1.1043167e-02
   1.8257665e-02
   2.8946066e-02
   1.5195065e-02
   2.0656979e-03
   1.5063334e-02
   2.8864363e-02
   4.8526961e-02
   6.5170273e-02
   6.3915834e-02
   2.3572005e-02
   4.2209372e-02
   3.3988975e-02
   5.6413598e-02
   7.3043577e-02
   5.7048999e-02
   2.8205195e-02
   3.2360100e-03
   1.3150059e-02
   3.1306934e-02
   8.2541242e-02
   7.3594444e-02
   6.2262066e-02
   4.2030256e-02
  -8.8484297e-03
   2.4700832e-02
   2.7935432e-02
   3.0598206e-02
   5.3248134e-02
   9.1776721e-02
   1.5388343e-01
   1.1320554e-01
   6.1874971e-02
   2.6842689e-02
   5.9327845e-02
   6.6082373e-02
   2.5079301e-02
   2.5400572e-02
   7.1076970e-03
   1.7385667e-02
   4.6616256e-02
   7.0686854e-02
   7.6710507e-02
   9.2958882e-02
   7.8976981e-02
   3.4393027e-02
   2.9287010e-02
   1.6604532e-02
   2.4924556e-02
   3.4131527e-02
   2.9773492e-02
   1.9057926e-02
   4.1512053e-02
   3.2968875e-02
   2.1822689e-02
   2.0543773e-02
   2.3032852e-02
   3.3862505e-02
   4.6123367e-02
   4.7953300e-02
   4.8058540e-02
   5.4972194e-02
   1.8258665e-02
   1.1191692e-02
   2.4438508e-02
   3.0284883e-02
   2.1075934e-02
   2.6344433e-02
   4.0320247e-02
   4.7458734e-02
   3.3395302e-02
   1.1155708e-01
   1.2787512e-01
   9.7766541e-02
   5.3547066e-02
   3.5569303e-02
   3.6052838e-02
   2.7625747e-02
   1.5519507e-02
   3.0158447e-02
   1.4841080e-01
   3.1520474e-01
   3.1085578e-01
   1.7836477e-01
   7.6375827e-02
   2.0743264e-02
   3.3380151e-02
   1.8617734e-02
   2.6266159e-02
   5.5257719e-02
   3.2899793e-02
   2.5792986e-02
   6.6489123e-02
   8.1374384e-02
   5.1830780e-02
   5.0117716e-02
   3.3205725e-02
   2.7764037e-02
   2.5984226e-02
   4.4855727e-03
   2.4308698e-02
   4.4629738e-02
   3.4808021e-02
   2.9403102e-02
   2.2450954e-02
   9.5112761e-03
   1.9388018e-02
   4.4398829e-02
   2.9250488e-02
   4.6330314e-02
   5.2808985e-02
   4.8091527e-02
   3.1218832e-02
   2.7768467e-02
   1.8605802e-02
   3.0367184e-02
   1.4354217e-02
   2.7746305e-02
   5.2909523e-02
   3.3536732e-02
   3.3095643e-02
   4.7994781e-02
   1.9034484e-02
   1.7582545e-02
   2.2414563e-02
   5.3619687e-02
   3.3105068e-02
   4.8212104e-02
   5.3184953e-02
   3.6695994e-02
   2.7976783e-02
   2.2687642e-02
   2.2466809e-02
   2.0991083e-02
   3.8328346e-02
   3.3778802e-02
   3.0196857e-02
   4.7557637e-02
   2.3520241e-02
   2.9651554e-02
   3.4466345e-02
   3.0871948e-02
   2.5089601e-02
   4.0747501e-02
   2.1050837e-02
   2.5759749e-02
   2.3500802e-02
   3.4816965e-02
   3.5081748e-02
   4.9748793e-02
   2.3791704e-02
   4.7602978e-02
   4.7787011e-02
   3.4813307e-02
   6.9035455e-03
   1.9944526e-02
   4.6466589e-02
   3.8186982e-02
   2.9397948e-02
   4.0909056e-02
   3.6546458e-02
   4.0049359e-02
   7.7079274e-02
   5.1874701e-02
   4.2499837e-02
   3.8120285e-02
   1.5934382e-02
   1.6699448e-02
   2.0489510e-02
   4.2557895e-02
   3.7187483e-02
   2.9861676e-02
   2.0692954e-02
   3.3193585e-02
   2.8102389e-02
   3.2323491e-02
   2.7934562e-02
   2.1836152e-02
   2.5977284e-02
   6.8947561e-02
   6.2134378e-02
   4.6203032e-02
   4.0526953e-02
   4.2545550e-02
   1.4613914e-02
   4.1604318e-02
   3.4584254e-02
   4.5119304e-02
   3.9728772e-02
   3.2924660e-02
   3.3302438e-02
   1.1193619e-02
   2.0038584e-02
   2.7507020e-02
   1.5838413e-02
   2.0714194e-02
   4.3914160e-03
   5.5037886e-02
   1.8171532e-02
   3.4773655e-03
   2.5107071e-02
   3.4825593e-02
   2.1951875e-02
   3.6173847e-02
   3.5168804e-02
   3.8394846e-02
   4.5071110e-02
   7.4720576e-02
   5.0264414e-02
   3.0903030e-02
   1.8326277e-02
   2.8780948e-02
   3.3659831e-02
   4.9964339e-02
   6.2781096e-02
   6.5381616e-02
   6.2932529e-02
   4.3065518e-02
   2.9686160e-02
   3.6120601e-02
   4.5032468e-02
   3.2011736e-02
   4.6751752e-02
   2.8151792e-02
   7.2219721e-03
   2.5170239e-02
   3.5396572e-02
   2.9855898e-02
   5.3608436e-02
   6.5312088e-02
   4.5775469e-02
   2.1577563e-02
   3.0015348e-02
   2.3220982e-02
   1.0853182e-02
   1.4404415e-02
   4.0540457e-02
   5.0453234e-02
   4.0815070e-02
   4.6367150e-02
   5.0411273e-02
   4.1598652e-02
   4.5234531e-02
   6.0935814e-02
   4.9279816e-02
   3.3519667e-02
   1.0267094e-02
   2.0528095e-02
   3.4351882e-02
   3.6450688e-02
   2.7694341e-02
   3.0878348e-02
   6.0045052e-02
   6.2362429e-02
   5.7075951e-02
   2.5738690e-02
   2.2559479e-02
   4.0782947e-02
   3.3541460e-02
   2.0868892e-02
   3.3036429e-02
   3.1348918e-02
   2.6396446e-02
   4.3366827e-02
   6.5387279e-02
   4.5606293e-02
   3.4836117e-02
   2.2072339e-02
   3.0313550e-02
   2.7804859e-02
   1.6777379e-02
   2.6067887e-02
   3.0450035e-02
   3.5855576e-02
   6.1558586e-02
   5.3877451e-02
   4.0054798e-02
   3.8343627e-02
   4.8695754e-02
   3.4460779e-02
   2.3737079e-02
   3.4261815e-02
   1.8602503e-02
  -5.9861578e-03
  -2.7776175e-04
   2.8390504e-02
   1.7637782e-02
   1.5931299e-02
   3.1684104e-02
   3.2416984e-02
   5.8161031e-02
   4.0738910e-02
   2.2717148e-02
   4.4017743e-02
   3.8497709e-02
   7.6357843e-03
   2.2499498e-02
   1.2978238e-02
   2.0213461e-02
   5.2042447e-02
   6.3290842e-02
   5.9082791e-02
   3.2401383e-02
   4.5803502e-02
   4.5290798e-02
   1.3663557e-02
   2.7094875e-02
   3.6947280e-02
   1.7421953e-02
   3.4507748e-02
   7.1315296e-02
   6.0211677e-02
   6.0928185e-02
   3.3567246e-02
   2.8887901e-02
   3.2598004e-02
   3.8176764e-02
   4.3609619e-02
   2.7188271e-02
   5.8772016e-02
   6.0803130e-02
   2.7077829e-02
   3.7314255e-02
   4.0571794e-02
   6.6569172e-02
   4.5009732e-02
   3.0656209e-02
   3.5381753e-02
   4.0625732e-02
   3.7570313e-02
   2.7005384e-02
   3.9048616e-02
   2.4186585e-02
   4.0927481e-02
   4.8640762e-02
   5.1654834e-02
   2.9195206e-02
   5.0980747e-02
   4.6462685e-02
   2.1630578e-02
   2.0721547e-02
   4.1324331e-04
  -4.3595370e-04
   2.7116884e-02
   2.6411403e-02
   1.7955326e-02
   2.4078121e-02
   4.1517470e-02
   2.5584791e-02
   3.0558776e-02
   1.6873697e-02
   9.7522121e-03
   3.0544896e-02
   3.6200345e-02
   4.7278285e-02
   4.6208985e-02
   1.7522618e-02
   2.5755661e-02
   1.7147316e-02
   1.2281464e-02
   2.4227114e-02
   3.4547973e-02
   4.4583403e-02
   6.3204639e-02
   4.2271014e-02
   5.0332818e-02
   5.7490389e-03
   6.8471693e-03
   3.5810038e-02
   4.1785397e-02
   6.8370216e-02
   6.1223354e-02
   2.7796276e-02
   3.3293758e-02
   2.8014923e-02
   1.9856922e-03
   2.8147576e-02
   5.4414194e-02
   9.7262084e-02
   6.0722731e-02
   3.7625253e-02
   4.2704549e-02
   1.9790417e-02
   1.9262595e-02
   4.7520097e-02
   1.3660067e-01
   2.1285528e-01
   1.6619791e-01
   9.1394991e-02
   5.1811937e-02
   2.8581249e-02
   5.7226531e-03
   1.1567476e-02
   4.5240223e-02
   5.5392731e-02
   3.8922891e-02
   2.1061676e-02
   4.1505218e-02
   4.0906131e-02
   4.7342982e-02
   7.8394048e-02
   5.6702964e-02
   3.7260454e-02
   2.9352415e-02
   1.1760048e-02
   1.8912954e-02
   4.2324912e-02
   3.9244540e-02
   2.3882965e-02
   1.8951286e-02
   1.8542880e-02
   1.9792167e-02
   3.5673004e-02
   5.5912443e-02
   8.6671293e-02
   6.4570144e-02
   5.2614968e-02
   4.4734642e-02
   3.2493316e-02
   4.9584590e-02
   5.1796649e-02
   2.0347390e-02
   9.4820168e-03
   5.4288297e-03
   2.7626479e-02
   6.5374747e-02
   2.9956045e-02
   3.1311899e-02
   3.9540835e-02
   3.2968696e-02
   1.7543660e-02
   3.4012087e-02
   4.1917235e-02
   3.6642436e-02
   3.1688754e-02
   4.6484090e-02
   5.2210357e-02
   7.9867348e-02
   5.5898402e-02
   6.5806277e-02
   4.2992998e-02
   1.7943572e-02
   4.1977942e-02
   3.5492342e-02
   2.2590624e-02
   1.5298625e-02
   3.8753584e-02
   3.9033346e-02
   6.1429121e-02
   3.6736298e-02
   3.0786350e-02
   7.4982166e-02
   8.0095269e-02
   9.2969611e-02
   7.2532199e-02
   3.6438532e-02
   4.7882218e-02
   4.5346200e-02
   8.6265681e-03
   3.8005903e-02
   6.9800265e-02
   6.8388641e-02
   8.4243163e-02
   6.8933196e-02
   3.9030723e-02
   3.3242136e-02
   3.5830755e-02
   7.4944079e-02
   1.0600217e-01
   8.8399090e-02
   6.3927226e-02
   4.0217008e-02
   2.0979725e-02
   8.8849710e-03
   5.4478802e-02
   1.2979931e-01
   1.5620303e-01
   9.4154142e-02
   5.4252949e-02
   5.3041417e-02
   3.8099200e-02
   2.8969470e-02
   1.3061789e-01
   3.6076993e-01
   4.0291485e-01
   2.3575865e-01
   8.3781101e-02
   6.5378763e-02
   4.8576623e-02
   1.1872262e-02
   3.6988478e-02
   5.4588884e-02
   5.9917159e-02
   8.6552374e-02
   8.0998465e-02
   8.5047662e-02
   1.0007484e-01
   8.5454725e-02
   5.7553820e-02
   5.7622500e-02
   2.7865322e-02
   4.6462595e-02
   6.9352373e-02
   3.8759183e-02
   1.7527688e-02
   1.3853611e-02
   4.6624076e-02
   3.0568065e-02
   5.6396406e-02
   5.7087205e-02
   4.7071680e-02
   3.3536486e-02
   2.0816579e-02
   2.5446899e-02
   3.4151554e-02
   3.9186813e-02
   7.2786741e-02
   5.8292869e-02
   3.3207517e-02
   4.3461721e-02
   1.4160973e-02
   1.4368199e-02
   5.0659847e-02
   8.3478987e-02
   1.3138632e-01
   1.1515999e-01
   7.4354090e-02
   2.2287536e-02
   3.3447657e-02
   5.6252651e-02
   3.1262185e-02
   7.3063523e-02
   7.7929460e-02
   6.3524075e-02
   5.5185847e-02
   5.1733892e-02
   4.7481626e-02
   4.1309893e-02
   2.4440801e-02
   2.6782842e-02
   2.7861722e-02
   4.7318931e-03
   3.6072847e-02
   6.0984105e-02
   5.1468883e-02
   4.4453535e-02
   4.4477507e-02
   5.6002185e-02
   3.9607085e-02
   4.5204137e-02
   7.3241875e-02
   4.2903163e-02
   6.1534267e-02
   3.4076992e-02
   5.4895978e-02
   3.3377435e-02
   2.6800999e-02
   5.4888740e-02
   3.5736945e-02
   1.9147029e-02
   3.3732336e-02
   3.3100318e-02
   4.6506349e-02
   2.7068274e-02
   8.9735948e-03
   1.0902036e-02
   4.0582020e-02
   4.4689257e-02
   6.3614793e-02
   4.0579148e-02
   4.7416378e-02
   4.5956299e-02
   2.9646887e-02
   6.1320085e-02
   7.9351373e-02
   1.0316391e-01
   7.0905328e-02
   4.2766362e-02
   3.3564683e-02
   5.3374264e-02
   1.7874427e-02
   3.0743943e-03
   3.7806783e-02
   9.9036448e-02
   1.1437026e-01
   8.4604353e-02
   5.5863734e-02
   4.7979504e-02
   3.9215561e-02
   4.4133238e-02
   2.1276301e-02
   3.7011355e-02
   4.2090274e-02
   5.7929013e-02
   1.0891464e-01
   8.3049797e-02
   5.2606795e-02
   8.2357965e-02
   8.4671229e-02
   7.6685749e-02
   2.1114288e-02
   1.3191232e-02
   3.5150003e-02
   6.0369153e-02
   5.5039845e-02
   4.0642228e-02
   7.5595185e-02
   7.4392892e-02
   6.6858932e-02
   3.9471913e-02
   3.0523350e-02
   4.6039987e-02
   2.0048646e-02
   1.1997169e-02
   7.8184316e-03
   3.8548149e-02
   1.9415401e-02
   5.1419314e-02
   3.3585686e-02
   5.2663442e-02
   4.3198999e-02
   3.8253412e-02
   4.1331183e-02
   4.3796781e-02
   6.1183810e-02
   5.8375876e-02
   7.5330310e-02
   9.9566683e-02
   9.7526476e-02
   4.5509461e-02
   2.9823450e-02
   5.3524412e-02
   5.4794334e-02
   4.2903744e-02
   4.4946179e-02
   8.2946680e-03
   1.2941819e-02
   3.1249210e-02
   3.9704502e-02
   6.2885016e-02
   7.6173313e-02
   4.8124779e-02
   2.2967422e-02
   2.3135960e-02
   2.2029275e-02
   1.1928214e-02
   6.6557355e-02
   2.6330027e-01
   3.9490193e-01
   3.4799862e-01
   1.7763123e-01
   7.7506535e-02
   7.1865857e-02
   2.8092587e-02
   5.6405623e-02
   3.1713542e-02
   7.9971161e-03
   4.7878392e-02
   1.0028780e-01
   1.2992840e-01
   1.2723763e-01
   8.5279465e-02
   6.0388248e-02
   3.9162535e-02
   5.2277904e-02
   5.1169455e-02
   7.3081702e-02
   1.2602381e-01
   1.2378521e-01
   4.9084809e-02
   3.5270814e-02
   4.5002092e-02
   9.1039948e-02
   7.7977642e-02
   5.9985280e-02
   6.5305941e-02
   7.6317608e-02
   4.0911593e-02
   4.5602333e-02
   6.3388757e-02
   5.3156063e-02
   1.9470656e-02
  -8.3720480e-04
   2.7389476e-02
   5.9747320e-02
   6.0431175e-02
   7.4926212e-02
   5.1676884e-02
   6.4204752e-02
   3.8670100e-02
  -4.4636740e-03
   1.8715132e-03
   3.1895671e-02
   1.0629462e-01
   2.1628539e-01
   2.0802437e-01
   1.6300166e-01
   7.4524008e-02
   2.7178304e-02
   1.2489472e-02
   3.2488883e-02
   8.5516147e-02
   1.1229395e-01
   1.1570513e-01
   1.4294389e-01
   1.5309951e-01
   9.5166191e-02
   7.1177199e-02
   8.9629859e-02
   1.4846438e-01
   1.2992547e-01
   1.1915033e-01
   9.1185383e-02
   1.0925824e-01
   1.1174753e-01
   1.1015289e-01
   6.6696800e-02
   2.9575878e-03
   4.7568907e-03
   4.0835924e-02
   1.4460486e-01
   2.2812553e-01
   2.2100590e-01
   1.9714926e-01
   7.6619647e-02
  -4.2328113e-03
   2.4253940e-02
   5.2551806e-02
   3.5653105e-01
   9.3361390e-01
   1.0271947e+00
   7.1223247e-01
   3.7306949e-01
   1.1728372e-01
   4.9553826e-02
   3.6284044e-02
   1.5139299e-02
   6.5699123e-02
   1.2066978e-01
   1.7921811e-01
   2.2880025e-01
   1.4657371e-01
   1.4995024e-01
   1.2812580e-01
   7.5448968e-02
   3.6774822e-02
   4.6507146e-02
   6.4666808e-02
   6.9657333e-02
   4.6000402e-02
   7.4754439e-02
   5.4052327e-02
   4.8570193e-02
   2.9570729e-02
   1.9440051e-02
   8.7354079e-02
   9.4008565e-02
   4.5631595e-02
   4.4112429e-02
   5.9565868e-02
   2.4503784e-02
   5.0787907e-02
   6.5614432e-02
   7.4028768e-02
   9.8307163e-02
   7.5370207e-02
   4.8691694e-02
   5.6358740e-02
   5.4248035e-02
   7.2875522e-02
   3.4776215e-02
   2.2942046e-02
   2.3210157e-02
   2.2701928e-02
   8.6185090e-02
   1.6440293e-01
   2.2633520e-01
   1.9544965e-01
   1.0151979e-01
   4.8428129e-02
   2.4595872e-02
   5.0677702e-02
   1.3855788e-01
   3.0062172e-01
   3.9112717e-01
   2.2998792e-01
   1.3523905e-01
   1.0081568e-01
   3.4608118e-02
   5.8598205e-02
   3.3603366e-02
   1.4403092e-02
   8.7437205e-02
   1.0196750e-01
   1.1960243e-01
   7.8863837e-02
   1.1771803e-01
   1.2609422e-01
   1.0536989e-01
   6.2815316e-02
   1.1136301e-02
   3.1020777e-02
   9.8574758e-02
   1.1632380e-01
   1.0485395e-01
   6.7661762e-02
   6.5285839e-02
   2.1672776e-02
   1.8440694e-02
   2.2371750e-02
   8.1772618e-03
   7.4627856e-03
  -1.3934285e-03
   2.3852523e-02
   2.7364597e-02
   5.8831152e-02
   7.4136533e-02
   1.2474592e-01
   2.1934621e-01
   1.7764719e-01
   6.9967896e-02
   2.5486087e-02
   4.8609771e-02
   6.3729838e-02
   6.6995211e-02
   6.3510552e-02
   1.0122003e-01
   1.2251584e-01
   1.4077507e-01
   9.0932854e-02
   1.7830670e-02
  -5.2449517e-03
   6.7167189e-03
   6.0949430e-02
   1.3959172e-01
   2.6896861e-01
   2.7190092e-01
   1.5470590e-01
   7.7392079e-02
   2.1457374e-02
   2.1664644e-02
   6.6427536e-02
   1.8429941e-01
   4.0475628e-01
   5.1315320e-01
   3.3482990e-01
   2.1689986e-01
   1.1612025e-01
   2.4911564e-02
   1.3393612e-02
   9.8744696e-03
   3.3005364e-02
   6.4744689e-02
   9.1246627e-02
   1.4893533e-01
   1.3491252e-01
   9.8588414e-02
   7.0590444e-02
   4.6019875e-02
   5.8354840e-02
   3.9141987e-02
   4.5920581e-02
   8.8137649e-02
   1.3390251e-01
   1.1238606e-01
   7.5392731e-02
   3.8223781e-02
   3.8193684e-02
   9.1517651e-03
   2.2677530e-02
   4.5529851e-03
   5.5970322e-02
   6.2154207e-02
   6.3969508e-02
   9.4832659e-02
   7.8189805e-02
   6.9108158e-02
   8.5580386e-03
  -7.6797060e-03
   3.3685844e-02
  -6.3353642e-03
   1.7795034e-02
   6.5917082e-02
   1.6969667e-01
   1.3920511e-01
   1.5571430e-01
   1.2330652e-01
   8.8194512e-02
   1.0051038e-01
   1.2517373e-01
   8.5034549e-02
   4.0805236e-02
   3.8676362e-02
   4.7942042e-02
   2.2607890e-01
   3.5730258e-01
   2.6694131e-01
   1.4576058e-01
   8.6037427e-02
   7.5177841e-02
   6.4313702e-02
   1.7834364e-01
   7.2667080e-01
   1.0990342e+00
   9.8144764e-01
   6.0423785e-01
   3.0979028e-01
   9.9015787e-02
   6.6562347e-02
   1.7958410e-02
  -2.1842290e-03
  -3.4457039e-02
   5.1249292e-02
   1.7561297e-01
   2.3629010e-01
   2.4197568e-01
   1.8799417e-01
   9.7909205e-02
   2.4682734e-02
   4.1340768e-02
   6.7280948e-02
   5.6878634e-02
   6.2032599e-02
   6.1896097e-02
   2.8931547e-02
   6.9970295e-02
   1.3861336e-01
   2.0805226e-01
   1.7383209e-01
   1.3361411e-01
   1.6010810e-01
   8.9609601e-02
   5.4658495e-02
   1.0404224e-01
   3.0823210e-01
   7.3860836e-01
   8.8095719e-01
   6.4354891e-01
   4.0498814e-01
   2.4960653e-01
   1.3358171e-01
   8.3678395e-02
   5.3703155e-02
   2.3181060e-02
   8.1765957e-02
   3.8656339e-01
   8.3047605e-01
   8.3256918e-01
   5.4376572e-01
   3.3301273e-01
   1.9443974e-01
   8.0054790e-02
   7.5076990e-02
   2.3859419e-01
   5.4097807e-01
   8.1348258e-01
   7.8530794e-01
   6.3754392e-01
   5.3364217e-01
   4.6871591e-01
   3.2949734e-01
   2.1862902e-01
   1.5309544e-01
   9.0558961e-02
   3.1080312e-01
   7.7981859e-01
   1.2430896e+00
   1.2637714e+00
   8.7638813e-01
   4.0461135e-01
   2.4003978e-01
   1.7711824e-01
   2.0710944e-01
   1.1824917e+00
   2.7963459e+00
   3.5086510e+00
   2.6058283e+00
   1.7829047e+00
   1.9591238e+00
   1.9608394e+00
   1.4746851e+00
   7.3882216e-01
   2.1286418e-01
   3.0099961e-01
   1.5593235e+00
   5.4840207e+00
   9.6232672e+00
   8.8980875e+00
   5.3532906e+00
   2.2430737e+00
   8.8368744e-01
   3.8760787e-01
   2.7556984e+00
   1.6542757e+01
   3.3388062e+01
   3.3227135e+01
   2.0266243e+01
   8.8878870e+00
   3.1672027e+00
   9.5135248e-01
   1.4636418e-01
  -1.9891182e-02
   5.2475053e-01
   3.6047990e+00
   7.4917417e+00
   7.7447758e+00
   5.2923226e+00
   2.8154879e+00
   1.0415555e+00
   4.1469567e-02
   4.5060311e-02
   5.6635714e-01
   1.0199745e+00
   1.7952274e+00
   2.5516784e+00
   2.3225889e+00
   1.3128945e+00
   6.3027549e-01
   4.5702359e-01
   4.0676823e-01
   3.5418332e-01
   5.8731341e-01
   7.9100579e-01
   1.0370712e+00
   1.1704464e+00
   1.5708251e+00
   2.2796853e+00
   2.0575387e+00
   1.0544802e+00
   2.3882128e-01
   1.9430820e-02
   2.1882516e-01
   3.6570752e-01
   4.7875524e-01
   4.2927343e-01
   3.5038292e-01
   3.6919922e-01
   2.3960130e-01
   1.3147403e-01
   1.9318460e-01
   3.6944923e-01
   3.8871193e-01
   2.9040885e-01
   2.1401173e-01
   2.3993826e-01
   2.1679050e-01
   1.4970219e-01
   4.2089384e-02
   1.4135864e-03
  -8.5619465e-02
   1.8577209e-02
   2.8414533e-01
   4.1949761e-01
   3.2433969e-01
   6.7493647e-02
  -1.3415669e-01
  -1.0537424e-01
   1.5702361e-01
   4.9108422e-01
   8.9208460e-01
   1.0350764e+00
   6.8381512e-01
   2.2423841e-01
   6.2090140e-02
   4.5829269e-01
   1.5129052e+00
   1.7631507e+00
   1.2409102e+00
   4.9556953e-01
   2.0433393e-01
   6.2728655e-01
   1.3509991e+00
   1.4802465e+00
   9.0272862e-01
   3.6323953e-01
   1.7737249e-01
   1.7928039e-01
   4.8588899e-01
   2.3752630e+00
   5.7217216e+00
   6.1884546e+00
   3.9755294e+00
   1.8047215e+00
   6.1437410e-01
   1.7827258e-01
   7.9635829e-02
   2.6368562e-02
   1.6869429e-01
   7.1034253e-01
   1.7064959e+00
   1.6833396e+00
   1.1679546e+00
   5.6335104e-01
   1.2485981e-01
  -2.8186873e-02
   2.3516031e-02
   1.9987178e-01
   2.8980279e-01
   5.4690820e-01
   7.1618122e-01
   5.3599602e-01
   2.0202683e-01
   1.5202188e-01
   1.1671867e-01
   9.3451850e-03
   3.6350470e-02
   2.0813364e-01
   2.8861588e-01
   3.2197648e-01
   4.5484340e-01
   4.6858919e-01
   4.7620857e-01
   3.0891541e-01
   9.8091647e-02
  -1.5984474e-02
   1.9379223e-02
   1.3884698e-01
   2.5937918e-01
   2.4241048e-01
   1.2817183e-01
   5.3563680e-02
   4.1876491e-02
   2.3023892e-02
   6.1481472e-02
   1.2997505e-01
   2.0856653e-01
   2.1950334e-01
   1.7627999e-01
   8.0064774e-02
   1.2885328e-01
   7.4460477e-02
   1.6716823e-02
   3.7860665e-02
  -1.4249163e-03
   1.6193268e-01
   3.5520962e-01
   3.1005374e-01
   2.6027113e-01
   1.4381348e-01
   4.9998302e-02
  -3.2137301e-02
  -2.6956994e-02
   2.4232571e-01
   6.0132623e-01
   8.1613064e-01
   6.2239206e-01
   3.4471703e-01
   2.7774072e-01
   2.7764606e-01
   3.0946100e-01
   2.4121453e-01
   1.4912106e-01
   4.5441929e-02
   2.7259496e-01
   1.1023092e+00
   1.8471850e+00
   1.6348784e+00
   8.8427371e-01
   1.9363910e-01
  -2.7350593e-02
   1.0322817e-01
   1.4866202e+00
   5.1945696e+00
   8.2782221e+00
   7.1052227e+00
   4.0099869e+00
   1.6360120e+00
   5.4980838e-01
   1.8919148e-01
   9.7100429e-02
   1.1755657e-01
   5.8040309e-01
   1.4879495e+00
   1.9580616e+00
   1.7149198e+00
   9.6791142e-01
   5.9523982e-01
   2.8962293e-01
   1.1776379e-01
   1.0743078e-01
   1.9442880e-01
   4.7404844e-01
   6.8143028e-01
   6.7412221e-01
   4.6300682e-01
   1.7423831e-01
   7.0879392e-02
   7.2099559e-02
   1.0726331e-01
   2.4738555e-01
   3.1606361e-01
   3.4854367e-01
   3.3459890e-01
   3.2625607e-01
   2.4316955e-01
   1.7543150e-01
   1.3466774e-01
   4.3047410e-02
   4.4682130e-02
   1.2768860e-01
   1.5236184e-01
   1.8333724e-01
   1.7079650e-01
   1.4121842e-01
   4.1725893e-02
   6.3349582e-02
  -9.8605994e-03
   4.4582959e-02
   1.3601309e-01
   1.4669515e-01
   1.7223637e-01
   1.5780605e-01
   1.0665216e-01
   1.1720891e-01
   7.9630375e-02
  -2.2199577e-02
   2.2196082e-02
   7.9278864e-02
   1.6806930e-01
   2.4264643e-01
   2.1564147e-01
   1.2755021e-01
   8.0477208e-02
   3.4424786e-02
   2.5712755e-02
   1.3018788e-01
   2.3384194e-01
   3.0976516e-01
   2.5144991e-01
   1.6897534e-01
   1.4491212e-01
   8.1847943e-02
   8.7407827e-02
   1.5240723e-01
   1.5120879e-01
   1.1102743e-01
   1.3867065e-01
   2.9444796e-01
   4.2471871e-01
   4.6191353e-01
   3.0043742e-01
   1.2575135e-01
   3.9345291e-02
   1.1373008e-01
   3.0767557e-01
   9.9927711e-01
   1.6821771e+00
   1.6678998e+00
   1.0239702e+00
   4.8925775e-01
   1.3292232e-01
   5.4379579e-02
   1.6737698e-02
  -2.2508406e-04
   7.9323299e-02
   3.3747768e-01
   4.4181067e-01
   3.6738509e-01
   2.7618840e-01
   1.7638846e-01
   6.8959795e-02
  -8.3731702e-03
   1.3499042e-02
   6.6648252e-02
   1.0257869e-01
   1.8663441e-01
   1.8631069e-01
   1.3342339e-01
   8.5610017e-02
   2.8034955e-02
   1.4155865e-02
   3.1708341e-02
   6.8078980e-02
   5.3946499e-02
   1.0697898e-01
   1.3751142e-01
   7.9858370e-02
   4.1294355e-02
   3.6531564e-02
   9.0659320e-02
   4.3411065e-02
   1.9251788e-02
   6.9520511e-02
   1.2379526e-01
   1.3835335e-01
   6.0944088e-02
   6.5922566e-02
   5.8497321e-02
   5.7284977e-02
   7.6201171e-02
   7.9242006e-02
   7.2277799e-02
   7.4817389e-02
   5.7258297e-02
   5.4627523e-02
   5.7658054e-02
   7.8592703e-02
   2.0036496e-02
   4.5293588e-02
   5.5058412e-02
   6.3415699e-02
   4.8293699e-02
   2.5903145e-02
   5.0812870e-02
   5.8101617e-02
   4.0670604e-02
   3.4960967e-02
   1.8142723e-02
   3.7802577e-02
   9.2693374e-02
   1.2076352e-01
   1.1594667e-01
   6.8420380e-02
   1.8572835e-02
   5.0778352e-02
   5.5398066e-02
   3.0808881e-02
   4.2418059e-02
   4.9659796e-02
   6.7575842e-02
   1.4763471e-01
   1.6586626e-01
   1.2250310e-01
   8.8840470e-02
   7.2841078e-02
   1.8730378e-02
   7.2073236e-02
   2.7052540e-01
   5.8788955e-01
   5.9482759e-01
   3.8688967e-01
   1.8647978e-01
   7.2611272e-02
   1.5549354e-02
   2.6139531e-02
   4.4711586e-02
   5.4441497e-02
   8.2214102e-02
   1.8702351e-01
   1.8282978e-01
   1.0218450e-01
   3.0885167e-02
   3.0177725e-02
  -4.4747344e-03
   1.3047339e-02
   6.1234580e-03
   4.1861586e-02
   7.2233982e-02
   7.8932524e-02
   8.2097016e-02
   1.8351560e-02
   1.7213251e-02
   3.0070273e-02
   1.0944348e-01
   7.3253416e-02
   6.0783297e-02
   5.7653632e-02
   8.1568785e-02
   5.9068184e-02
   4.4983450e-02
   2.7857544e-02
   4.2618625e-02
   3.2477982e-02
   4.6624713e-02
   2.7057141e-02
   5.2043051e-02
   9.4678044e-02
   5.9841290e-02
  -2.0678448e-03
   1.8219335e-02
   2.1008514e-02
   1.5290294e-02
   4.4930715e-02
   6.0078841e-02
   4.9454063e-02
   6.3758604e-02
   5.2711766e-02
   6.0562275e-02
   4.6664018e-02
   3.4398109e-02
   1.6901074e-02
   2.2571348e-02
   5.4298639e-02
   9.2824183e-02
   4.7613185e-02
   2.9944839e-02
   3.8997430e-02
   9.0678586e-03
   3.6238693e-02
   3.3683788e-02
   3.8116202e-02
   2.0612629e-02
   3.1489842e-02
   4.7320683e-02
   2.6378393e-02
   4.7047354e-02
   3.8150411e-02
   4.6775214e-02
   4.5063432e-02
   4.4001497e-02
   7.2910734e-02
   8.9527935e-02
   1.0748391e-01
   4.6117708e-02
   6.8846628e-02
   7.4521706e-02
   4.0165711e-02
   4.4790298e-02
   6.5851681e-02
   1.5658462e-01
   1.7688845e-01
   1.2067906e-01
   1.1038586e-01
   5.3566936e-02
   4.9139082e-02
   6.6604733e-02
   2.6547752e-02
   3.4601018e-02
   4.2189203e-02
   5.9387174e-02
   7.0804544e-02
   4.5995731e-02
   2.3061095e-02
   3.5962652e-02
   1.0458853e-02
   5.2777775e-02
   6.4366639e-02
   7.6894499e-02
   5.7782818e-02
   6.7904599e-02
   4.6838786e-02
   4.9988504e-02
   5.8178548e-02
   3.1769473e-02
   6.9025457e-02
   6.3178256e-02
   9.3254261e-02
   9.3468487e-02
   9.4144478e-02
   7.0551142e-02
   3.5758682e-02
   3.3065099e-02
   8.3220579e-02
   1.1917995e-01
   8.7800838e-02
   6.0911696e-02
   4.2653866e-02
   8.7207481e-02
   1.0889033e-01
   1.0549245e-01
   9.5356278e-02
   1.1277068e-01
   7.1843378e-02
   2.6210386e-02
   1.0430574e-01
   1.1764180e-01
   9.3929395e-02
   1.2553611e-01
   1.2538604e-01
   3.1650268e-02
  -5.9963176e-03
   5.7510801e-02
   1.2311845e-01
   1.0246310e-01
   9.2212111e-02
   7.7055857e-02
   4.9990375e-02
   7.6012569e-03
   4.6976179e-02
   1.2597905e-01
   1.3333037e-01
   9.5193706e-02
   1.0143058e-01
   1.9400807e-02
   3.0820457e-02
   2.2763606e-02
   1.3850635e-01
   1.5617403e-01
   6.0541894e-02
   2.8587943e-02
   3.4945175e-02
   4.5991398e-02
   1.3387339e-01
   1.5507261e-01
   1.6260678e-01
   9.6048042e-02
   9.3485296e-02
   4.6229869e-02
   5.2212153e-02
   1.5378113e-01
   2.9907376e-01
   2.5995901e-01
   1.9557793e-01
   7.4987158e-02
   1.5411775e-02
   2.2830784e-02
   1.9351253e-01
   3.0993384e-01
   3.4709233e-01
   2.1594651e-01
   6.2999077e-02
  -2.8406866e-03
   5.8395620e-02
   2.6145270e-01
   3.1807992e-01
   2.6572865e-01
   1.9314493e-01
   9.9788204e-02
   7.9466835e-02
   1.4958403e-01
   2.8340545e-01
   3.4638187e-01
   2.6508912e-01
   1.3556387e-01
   3.5037957e-02
   4.1103270e-02
   1.0865588e-01
   2.3350902e-01
   2.7597994e-01
   2.5851390e-01
   1.5333155e-01
   1.1371882e-01
   1.1294048e-01
   1.5471567e-01
   2.9737350e-01
   3.3668771e-01
   1.9540827e-01
   1.4038318e-01
   8.8893458e-02
   9.0233378e-02
   1.0335778e-01
   9.3672365e-02
   1.9469529e-02
   3.0735403e-02
   6.9053337e-02
   1.3061659e-01
   1.4769973e-01
   1.6541420e-01
   9.6980371e-02
   8.4581546e-02
   5.1983207e-02
   6.9462843e-02
   9.8506652e-02
   6.1677620e-02
   6.6808343e-02
   8.5488498e-02
   7.2934292e-02
   8.4884971e-02
   6.9543272e-02
   1.2330820e-01
   1.1956681e-01
   7.5241573e-02
   4.2192262e-02
   1.3701520e-02
   4.2608313e-02
   4.7653306e-02
   2.2477059e-02
   4.7577947e-02
   5.8010690e-02
   7.4969605e-02
   1.0593493e-01
   4.6394356e-02
   1.9361367e-02
   3.4169484e-02
   6.0379989e-02
   5.0781824e-02
   6.7816518e-02
   4.2593300e-02
   1.5806947e-02
   8.1279010e-02
   1.1463009e-01
   8.5913554e-02
   4.6866361e-02
   2.7458947e-02
   4.5251064e-02
   5.4963753e-02
   6.1977901e-02
   7.3274158e-02
   8.8797368e-02
   8.6137056e-02
   1.6736194e-02
   1.4127334e-02
   7.8078002e-02
   9.8596565e-02
   1.5483724e-01
   1.3129395e-01
   6.1857440e-02
   2.0250395e-02
   4.0641718e-02
   7.7176593e-02
   1.3628434e-01
   1.6747883e-01
   8.9371063e-02
   5.6741938e-02
   2.1535341e-02
   7.1268424e-02
   7.0835389e-02
   1.2083033e-01
   1.1190572e-01
   9.5548853e-02
   6.7785434e-02
   6.5011233e-02
   5.2493129e-02
   7.9716243e-02
   1.5114978e-01
   1.1955327e-01
   1.0302857e-01
   7.9526953e-02
   8.2411028e-02
   2.9678684e-02
   1.4938542e-02
   3.3343967e-02
   4.5602642e-02
   7.6964865e-03
   9.1687262e-02
   1.4941134e-01
   1.7352751e-01
   8.6769029e-02
   6.0595203e-02
   3.2266777e-02
   5.0269883e-02
   5.8944929e-02
   5.4347716e-02
   7.8740716e-02
   4.0145665e-02
   4.6236351e-02
   3.9248049e-02
   2.7890826e-02
   5.0134741e-02
   1.0602367e-01
   1.3312356e-01
   1.4652151e-01
   1.0005974e-01
   7.5144999e-02
   5.3236291e-02
   2.4423629e-02
   3.0822521e-02
  -8.1719197e-03
   4.0272217e-02
   4.4949941e-02
   3.7611078e-02
   2.7686808e-02
   4.9813226e-02
   3.8282719e-02
   4.4970284e-03
   8.5803084e-03
   3.3199921e-02
   3.1222872e-02
   5.7281632e-02
   4.6993438e-02
   5.0010301e-02
   5.8783818e-02
   4.6366405e-02
   4.7095861e-02
   5.4294024e-02
   3.8083941e-02
   5.0485253e-02
   7.5212844e-02
   7.3703833e-02
   6.3577414e-02
   3.8344715e-02
   7.1201436e-02
   6.2672950e-02
   3.9332021e-02
   3.5063349e-02
   3.3328023e-02
  -3.0799517e-03
  -1.2726151e-02
   1.1337172e-02
   6.8557344e-02
   7.5960964e-02
   3.3292010e-02
   2.4003915e-02
   2.3939673e-02
   4.5404665e-02
   7.0833541e-02
   5.6426924e-02
   5.3301420e-02
   9.0449318e-02
   4.6552479e-02
   5.7185531e-02
   9.5412090e-02
   3.2913111e-02
   7.1508221e-02
   7.0473894e-02
   6.0653221e-02
   6.8265520e-02
   8.3100103e-02
   9.5193945e-02
   5.1626079e-02
   1.5998546e-02
   1.9974705e-02
   3.7722751e-02
   3.0172663e-02
   6.9472075e-02
   7.3490918e-02
   2.8887440e-02
   2.6088214e-02
   8.3997265e-02
   7.2201543e-02
   5.6637883e-02
   7.3511899e-02
   7.0963807e-02
   4.0400159e-02
   6.7072026e-02
   3.7971746e-02
   3.8495943e-02
   3.6545854e-02
   2.7057998e-02
   6.3332029e-02
   5.4935697e-02
   2.9765300e-02
   4.0837254e-02
   3.6747463e-02
   4.2868741e-02
   5.0553814e-02
   4.0376149e-02
   2.8742878e-03
   3.5597906e-02
   2.8781511e-02
   2.6813701e-02
   2.4202758e-02
   5.6121945e-02
   5.3627804e-02
   4.2054962e-02
   3.8184520e-02
   2.5660452e-02
   5.5452213e-02
   3.7466746e-02
   4.2886291e-02
   5.4806862e-02
   1.3758451e-02
   1.5001106e-02
   7.6407460e-03
   3.8172670e-02
   4.2570747e-02
   4.1442629e-02
   4.1418891e-02
   4.6251677e-02
   4.6485893e-02
   5.8577605e-02
   4.3188497e-02
   4.1578047e-02
   4.3797124e-02
   4.8764605e-02
   5.4977488e-02
   4.5890063e-02
   1.0204351e-02
   2.3633726e-02
   3.1106710e-02
   8.4329896e-02
   6.8056501e-02
   5.9414282e-02
   8.2903638e-02
   8.3540022e-02
   6.2667668e-02
   5.2452084e-02
   2.4996281e-02
   3.5119031e-02
   3.2821946e-02
   3.0725205e-02
   4.2034633e-02
   3.2980464e-02
   4.1998997e-02
   5.1934145e-02
   4.1719865e-02
   4.0548868e-02
   3.6956999e-02
   5.2390035e-02
   2.8733013e-02
   1.8532395e-02
   3.1927988e-02
   3.1600349e-02
   3.3846654e-02
   2.8132483e-02
   2.7405089e-02
   5.4816484e-02
   4.8938811e-02
   2.0147951e-02
   4.6284046e-02
   5.7260759e-02
   3.1824484e-02
   1.2747291e-02
   3.2247122e-02
   3.5620026e-02
   3.9713237e-02
   3.9900854e-02
   4.2287007e-02
   8.0612833e-03
   3.9518598e-02
   5.4317977e-02
   6.1837859e-02
   4.1140597e-02
   5.6724720e-02
   3.4753568e-02
   5.3205490e-02
   3.4135658e-02
   5.1879305e-02
   4.5642894e-02
   2.2841657e-02
   7.9824030e-03
   1.7207632e-02
   1.4855131e-02
   1.7184524e-02
   1.8629154e-02
   5.2576423e-02
   4.3139372e-02
   8.2023129e-02
   7.5873144e-02
   5.3972892e-02
   7.0638746e-02
   6.8247542e-02
   4.7922529e-02
   3.5550576e-02
   2.3905212e-02
   4.7370769e-02
   1.7821677e-02
   3.9509755e-02
   4.7264751e-02
   5.3649493e-02
   3.8800370e-02
   3.4901522e-02
   2.6358938e-02
   5.0525267e-02
   5.7828225e-02
   3.6457513e-02
   3.7304658e-02
   3.0144807e-02
   3.6634710e-02
   5.0576821e-02
   2.7192580e-02
   5.0567914e-02
   1.3182603e-02
   2.4829123e-03
   2.1318480e-02
   1.6833836e-02
   3.4869887e-02
   2.2923147e-02
   4.4366568e-02
   4.4556055e-02
   4.3124568e-02
   2.6732549e-02
   1.5098827e-02
   1.0411731e-02
   1.5731206e-02
   4.6815868e-02
   3.9475035e-02
   2.3614574e-02
   4.5071863e-02
   5.6149855e-02
   8.4344953e-02
   5.3061262e-02
   3.9871387e-02
   5.4702431e-02
   4.3039650e-02
   4.3354452e-02
   4.0495958e-02
   3.2137953e-02
   4.7211193e-02
   2.9021472e-02
   3.8261361e-02
   1.4729608e-02
   1.9475725e-02
   3.3771884e-02
   4.8698649e-02
   4.3506924e-02
   4.2938937e-02
   6.2433623e-02
   2.2559498e-02
   2.1277087e-02
   3.5642397e-02
   3.3910129e-02
   3.2491185e-02
   4.7532305e-02
   6.3411906e-02
   3.6170308e-02
   9.9449847e-03
   4.6378248e-03
   1.1925729e-02
   9.1319997e-03
   3.5134532e-02
   5.9443079e-02
   6.3517213e-02
   4.5687281e-02
   2.6088476e-02
   1.7392268e-02
   3.8801808e-02
   4.2768408e-02
   3.8906004e-02
   3.6254540e-02
   7.1883206e-03
   2.8349599e-02
   3.1277440e-02
   4.5324530e-02
   1.1245636e-02
   2.5305720e-02
   1.4146366e-02
   1.0854453e-02
   1.2518995e-02
   1.6689304e-02
   1.9609066e-02
   1.0434661e-02
   1.2060227e-02
   1.9160332e-02
   1.4832891e-02
   2.0158172e-02
   2.7837854e-02
   2.3238190e-02
   1.8380271e-02
   1.9020742e-02
   3.4140777e-02
   3.9720807e-02
   1.2080313e-02
   2.7444739e-02
   2.1621475e-02
   2.8645275e-02
   2.8812926e-02
   3.2910783e-02
   2.5332535e-02
   1.6889380e-02
   9.7304303e-03
   3.1633344e-02
   4.1734997e-02
   4.2027976e-02
   1.3628762e-02
   2.8269496e-02
   1.9040950e-02
   3.3133131e-02
   2.7266873e-02
   3.4801517e-02
   3.9641395e-02
   4.1068587e-02
   5.0518334e-02
   4.4337105e-02
   3.5552040e-02
   2.5321916e-02
   2.5536312e-02
   3.2166248e-05
   2.0638607e-02
   2.6913473e-02
   5.1973648e-02
   4.2017143e-02
   2.8627966e-02
   4.4180319e-02
   3.7466258e-02
   2.2017095e-02
   2.7661296e-02
   2.4845397e-02
   3.8272377e-02
   1.5989304e-02
   2.8543890e-02
   6.2639236e-02
   6.0588133e-02
   1.3273779e-02
   1.2959026e-02
   3.2191321e-02
   4.7115069e-02
   1.3944888e-02
   1.9381240e-02
   3.8204104e-02
   4.3305457e-02
   4.8909057e-02
   7.8002796e-02
   3.9261434e-02
   1.2815278e-04
  -3.4825364e-03
  -9.6850758e-03
   1.7988857e-02
   2.8913377e-02
   4.0915761e-02
   3.6671106e-02
   4.1714534e-02
   4.4068485e-02
   2.1993471e-02
   2.4349086e-02
   3.5506599e-02
   4.0731691e-02
   3.4809276e-02
   3.4654893e-02
   1.9459000e-02
   5.7582300e-02
   2.2167169e-02
   3.4962606e-02
   3.7964575e-02
   4.9708627e-02
   3.5012521e-02
   4.0252909e-02
   2.4008200e-02
   3.3772901e-02
   2.9745713e-02
   2.9589292e-02
   3.1198017e-02
   1.7776562e-02
   2.4410097e-02
   2.0380480e-02
   3.8862519e-02
   1.2641144e-02
   4.8767277e-03
   1.3766931e-02
   2.8060229e-02
   2.0159746e-02
   3.0251339e-02
   2.0052457e-02
   1.9737650e-02
   1.9600529e-02
   2.3584697e-02
   1.6925707e-02
   1.4665063e-02
   1.9217227e-02
   2.5157101e-02
   2.3884628e-02
   2.3905041e-02
   2.0168887e-02
   1.6874596e-02
   1.6381899e-02
   1.2882963e-02
   1.7145272e-02
   3.1455260e-02
   3.6686484e-02
   2.9682677e-02
   4.5498192e-02
   3.8026568e-02
   2.4938351e-02
   4.2826816e-02
   2.7544646e-02
   2.6870122e-02
   2.7676094e-02
   3.6455009e-02
   1.4407951e-02
   3.4763698e-02
   6.0831141e-03
   1.8944841e-02
   2.6609676e-02
   2.8164215e-02
   2.0878397e-02
   1.6282104e-02
   4.8692167e-02
   3.3536583e-02
   3.6834937e-02
   4.9239215e-02
   1.2378565e-02
   1.8011404e-02
   4.3599792e-02
   4.6930891e-02
   4.7243979e-02
   4.1960686e-02
   5.5580113e-02
   5.2548967e-02
   3.8412932e-02
   3.7468150e-02
   5.9849918e-03
   2.9461438e-02
   4.1235607e-02
   6.4685903e-02
   6.1858714e-02
   4.8295829e-02
   3.4872953e-02
   3.9974570e-02
   2.2496691e-02
   1.6113786e-02
   6.6569936e-03
  -4.8862440e-03
   1.2566276e-02
   3.0837189e-02
   3.6304034e-02
   3.1246834e-02
   2.2179432e-02
   2.4963995e-02
   6.7125753e-02
   6.6090658e-02
   2.9126048e-02
   3.3981618e-02
   3.1073712e-02
   1.2711554e-02
   1.7315039e-02
   3.1574912e-02
   4.0224347e-02
   3.1783897e-02
   3.5676699e-02
   2.1165587e-02
   6.2579606e-03
   2.8369294e-02
   3.0493364e-02
   3.2033600e-02
   2.6706913e-02
   2.2698982e-02
   4.1937780e-02
   2.5938146e-02
   1.0760218e-02
   1.0456984e-02
   8.5359905e-03
   2.2526471e-02
   2.9288979e-02
   2.4955550e-02
   1.5067019e-02
   1.6412362e-02
   1.4842603e-02
   4.1470692e-02
   2.4973486e-02
   2.0715328e-02
   3.3187617e-02
   4.4312038e-02
   3.9515302e-02
   3.0020926e-02
   2.5436308e-02
   2.4250049e-02
   2.7399281e-02
   1.3156904e-02
   1.8589217e-02
   4.1373082e-02
   3.3554532e-02
   2.8656041e-02
   2.5275860e-02
   2.7500339e-02
   2.3270365e-02
   4.2865705e-03
   1.8368881e-02
   2.9225610e-02
   1.1472446e-02
   3.6460701e-02
   5.4711655e-02
   4.5720227e-02
   2.0522736e-02
   2.2491442e-02
   2.4515141e-02
   2.3494394e-02
   9.4820587e-03
   3.9438091e-02
   3.6661066e-02
   3.5994604e-02
   5.9888106e-02
   4.8547670e-02
   4.5407761e-02
   1.1166344e-02
   1.1648109e-02
   3.8062613e-02
   3.3155832e-02
   2.7203942e-02
   3.7475716e-02
   2.3319226e-02
   2.9948853e-02
   3.2066114e-02
   5.2785721e-02
   5.1286608e-02
   3.7417818e-02
   4.4124808e-02
   2.7669359e-02
   2.1793323e-02
   3.4948956e-02
   2.9991357e-02
   2.0490853e-02
   4.7701884e-02
   2.0562993e-02
   2.0828412e-03
   1.1473094e-02
   1.3940753e-02
   2.8722532e-02
   3.6739167e-02
   2.0792725e-02
   2.1131825e-02
   2.3258273e-02
   1.1590592e-02
   1.6060555e-02
   3.4408163e-02
   1.5150891e-02
   1.1456659e-02
   2.0209869e-02
   2.6645714e-02
   3.0792151e-02
   1.4932192e-02
   2.9223191e-02
   3.8299438e-02
   2.2645693e-02
   1.6201448e-02
   1.0635772e-02
   1.4414958e-02
   2.7803276e-02
   3.6947414e-02
   2.2682762e-02
   3.5522979e-02
   3.5762422e-02
   1.8689437e-02
   1.9390631e-02
   2.5309823e-02
   2.8843457e-02
   1.5959043e-02
  -8.1727179e-03
  -1.3028509e-03
   1.1769659e-02
   2.2520371e-02
   9.0324115e-03
   3.1719320e-02
   4.8075657e-02
   3.9407909e-02
   2.7612904e-02
   2.9542154e-02
   2.5711479e-02
   2.0850973e-02
   5.1562181e-03
   1.8401036e-02
   3.0972183e-02
   2.1093972e-02
   2.9151242e-02
   1.6546121e-02
   2.4971059e-02
   8.7198094e-03
   3.3210054e-02
   3.8341761e-02
   3.4840558e-02
   2.5387639e-02
   2.4651304e-02
   1.3923064e-02
   1.5697595e-02
   1.2904156e-02
   4.9519926e-02
   4.1104384e-02
   2.8838402e-02
   3.7378274e-02
   3.9462846e-02
   4.8053656e-02
   2.3721516e-02
   2.1950692e-02
   2.6341330e-02
   3.1994730e-02
   2.7114639e-02
   1.7508004e-02
   3.8230754e-02
   5.4527383e-02
   2.3718527e-02
   1.1338191e-02
   2.5325788e-02
   3.4099650e-02
   2.1822505e-02
   1.8025553e-02
   2.8336730e-02
   2.9897885e-02
   1.7236261e-02
   1.6344646e-02
   3.4688015e-02
   3.7894703e-02
   2.5817413e-02
   2.3384208e-02
   2.6134063e-02
   2.8059222e-02
   2.8670073e-02
   2.2189315e-02
   2.7405903e-02
   2.5436524e-02
   2.6248662e-02
   3.6831211e-02
   2.1015959e-02
   2.0855997e-02
   2.2772400e-02
   2.2454236e-02
   4.0852871e-02
   2.5249023e-02
   1.2228083e-02
   1.2985915e-02
   1.7847888e-02
   2.1443561e-02
   2.3355022e-02
   1.8262500e-02
   1.5972115e-02
   2.2160541e-02
   2.1611227e-02
   2.2889338e-02
   2.9878007e-02
   3.1568650e-02
   2.0518025e-02
   3.4451138e-02
   2.3898033e-02
   2.4833189e-02
   2.2444051e-02
   2.8133232e-03
   1.4514957e-02
   1.0299994e-02
   2.4914311e-02
   2.9408958e-02
   4.2012658e-02
   3.9602246e-02
   2.8751239e-02
   3.4507766e-02
   3.5780463e-02
   3.8623050e-02
   1.0540773e-02
   2.9563831e-02
   3.0076362e-02
   3.4220628e-02
   9.3620382e-03
   2.1418452e-02
   2.4665093e-02
   1.5922183e-02
   7.1953572e-03
   3.7317343e-02
   3.4003664e-02
   2.6157944e-02
   3.5097618e-02
   3.9648455e-02
   3.1708132e-02
   3.0715605e-02
   2.2498235e-02
   1.1248443e-02
   2.2806983e-02
   1.8043829e-02
   1.0335616e-02
   1.0089932e-02
   7.6348879e-03
   9.8544694e-03
   1.5503649e-02
   8.5662818e-03
   2.1302922e-02
   3.7023883e-02
   1.5189603e-02
   1.2871868e-02
   3.9072722e-02
   3.5424363e-02
   2.3048969e-02
   4.4691544e-02
   3.0518265e-02
   2.9992927e-02
   3.7635099e-02
   3.3917826e-02
   3.0462909e-02
   3.8426347e-02
   1.4575745e-02
   1.7615467e-02
   7.6786727e-03
   4.0254824e-02
   5.2432742e-02
   3.6022816e-02
   1.1064227e-02
   1.8710067e-02
