   4.2345967e-02
   3.1884022e-02
   4.9616616e-02
   3.1418830e-02
   4.2042524e-02
   3.3382710e-02
   5.4695051e-02
   7.9029165e-02
   6.3147441e-02
   4.0816847e-02
   1.4276418e-02
   2.2508778e-02
   3.0778581e-02
   2.9765313e-02
   3.6855988e-02
   4.0724151e-02
   2.7053976e-02
   1.7652951e-02
   3.3040777e-02
   6.0067635e-02
   3.6025960e-02
   1.4610208e-02
   1.6948404e-02
   8.3831660e-03
   2.5694903e-02
   5.6899734e-02
   7.2986715e-02
   4.4577207e-02
   4.1093029e-02
   3.7862886e-02
   5.0182920e-02
   3.5340935e-02
   2.9457163e-02
   4.0191799e-02
   3.3873029e-02
   2.7799062e-02
   3.4005750e-02
   6.2529378e-02
   3.8409937e-02
   4.3126583e-02
   5.5654861e-02
   4.3613743e-02
   4.2296048e-02
   2.8183801e-02
   1.7846147e-02
   3.0740725e-02
   2.3851022e-02
   1.5995255e-02
   2.1396872e-02
   2.0887541e-02
   2.9771322e-02
   5.3414453e-02
   4.8788510e-02
   1.8702773e-02
   7.4554058e-03
   2.6318911e-02
   1.6697628e-02
   1.5369044e-02
   1.9200791e-02
   3.7135210e-02
   3.2218881e-02
   5.0471604e-02
   2.9521530e-02
   3.6662050e-02
   3.1743187e-02
   2.9645396e-02
   2.8895218e-02
   3.6159959e-02
   6.2606975e-02
   5.5226687e-02
   3.5809532e-02
   2.8200502e-02
   3.2926697e-02
   1.6575586e-02
   3.2461472e-02
   3.3192411e-02
   4.0456049e-02
   3.5826016e-02
   5.5377219e-02
   3.9110556e-02
   8.2950701e-06
   8.6913044e-03
   2.7516877e-02
   9.5124021e-03
   2.5303790e-02
   3.3689957e-02
   2.8799307e-02
   5.2375890e-02
   4.5433678e-02
   4.9956255e-02
   5.1622216e-02
   2.3535717e-02
   2.5783116e-03
   3.0655209e-02
   4.4483583e-02
   2.0324033e-02
   4.2988069e-02
   5.5797517e-02
   3.5767075e-02
   3.3728093e-02
   3.5311446e-02
   3.6345758e-02
   2.7176704e-02
   2.5244659e-02
   5.0970346e-02
   4.1072596e-02
   5.0562475e-02
   7.3347926e-02
   3.2741729e-02
   3.1682014e-02
   2.6029563e-02
   3.0890986e-02
   3.0028790e-02
   6.8993650e-02
   1.0101420e-01
   5.6264274e-02
   3.5258546e-02
   3.0931203e-02
   3.3189066e-02
   3.3074662e-02
   3.8166568e-02
   3.0292965e-02
   2.6756331e-02
   2.8857065e-02
   1.1404639e-02
   8.0750184e-03
   1.2564137e-02
   5.8302064e-03
   1.2867964e-02
   1.3706001e-02
   1.8983262e-02
   2.6224852e-02
   1.9129362e-02
   2.0047279e-02
   2.1981822e-02
   3.1693455e-02
   2.2187144e-02
   1.1510840e-02
   3.5683021e-02
   4.5332775e-02
   6.0616244e-02
   4.6634790e-03
   1.1448280e-02
   1.0177260e-02
   6.5859030e-03
   5.1187560e-02
   4.5658376e-02
   1.7041791e-02
   1.2262336e-02
   1.1038134e-03
   2.4175031e-02
   2.0589245e-02
   3.6346972e-02
   6.3554816e-02
   4.7702242e-02
   6.0400855e-02
   2.8159345e-02
   1.8610487e-02
   2.5635103e-02
   3.5373200e-02
   5.7226863e-02
   5.4369368e-02
   3.7784025e-02
   2.1560423e-02
   4.4596348e-02
   3.6267854e-02
   5.2828405e-02
   4.8347492e-02
   4.9841903e-02
   6.6265374e-02
   4.2635240e-02
   1.2329597e-02
   2.3646293e-02
   4.1373294e-02
   5.2290604e-02
   5.8347166e-02
   2.5818391e-02
   2.0201728e-02
   4.7961336e-02
   6.0022648e-02
   5.6623939e-02
   5.1412020e-02
   2.2682557e-02
   1.1987792e-02
   9.6038990e-03
   3.1222975e-02
   2.9786304e-02
   4.8328865e-02
   6.8494126e-02
   7.2737962e-02
   4.2219382e-02
   4.9221981e-02
   4.3239545e-02
   2.2123357e-02
   2.0958843e-02
   3.0640354e-02
   3.1686876e-02
   5.2249409e-02
   3.5718899e-02
   3.8919553e-02
   4.4414539e-02
   4.1236833e-02
   3.2479960e-02
   3.2993052e-02
   3.8611699e-02
   5.7058014e-02
   3.9920021e-02
   1.7333481e-02
   3.9914601e-02
   5.2059587e-02
   1.9105598e-02
   2.7015470e-02
   2.1097438e-02
   1.8694922e-02
   3.2308016e-02
   4.4354122e-02
   2.8278805e-02
   4.1872334e-02
   4.7714669e-02
   5.2580837e-02
   4.1711774e-02
   3.9788049e-02
   4.4363488e-02
   4.2195484e-02
   2.0881675e-02
   2.5294613e-02
   4.0896732e-02
   3.2826889e-02
   2.5544032e-02
   9.1609135e-03
   4.8699472e-02
   2.3033312e-02
   3.4732223e-02
   2.8871719e-02
   2.9484121e-02
   4.8709095e-02
   4.5655772e-02
   4.1870855e-02
   4.6816461e-02
   3.3683307e-02
   5.4709621e-02
   1.0588828e-01
   8.1850283e-02
   3.0419344e-02
   2.5726195e-02
   3.7264422e-02
   4.4286139e-02
   6.3856684e-02
   6.0691062e-02
   4.6248745e-02
   4.7255144e-02
   5.4697994e-02
   3.6540646e-02
   1.0045196e-02
   3.9187469e-02
   3.5943910e-02
   3.6413372e-02
   1.0394984e-02
   2.7147416e-02
   2.1113230e-02
   2.5943758e-02
   1.9516645e-02
   2.8915156e-02
   3.3521615e-02
   4.0284146e-02
   3.3676341e-02
   3.6165539e-02
   3.0403957e-02
   2.4246274e-02
   3.2452254e-03
   1.1582529e-02
   3.5611022e-02
   6.0008787e-02
   2.7141262e-02
   5.1339112e-02
   6.2934518e-02
   2.6755810e-02
   1.6712466e-02
   3.6669879e-03
   2.5224588e-03
   3.5006065e-02
   2.9344236e-02
   3.0399680e-02
   3.8805202e-02
   1.0523052e-02
   3.3879235e-02
   3.8034238e-02
   3.7993092e-02
   2.1133414e-02
   2.3663310e-02
   3.0540647e-02
   2.7533894e-02
   4.2046230e-02
   3.1189485e-02
   4.5306951e-02
   3.5841007e-02
   1.5789378e-02
   3.9471764e-02
   3.8328066e-02
   3.0417703e-02
   4.9200293e-02
   3.9424885e-02
   1.0013216e-02
   1.4352282e-02
   1.2511586e-02
   4.9150538e-02
   5.7654534e-02
   3.2120179e-02
   4.5134466e-02
   5.0142605e-02
   3.0724727e-02
   3.4723956e-02
   4.0604498e-02
   1.5987059e-02
   3.7318498e-02
   3.3853162e-02
   5.3863492e-02
   2.0749640e-02
   3.3529799e-02
   4.8146319e-02
   3.3668816e-02
   1.7943569e-02
   2.8974175e-02
   1.8674945e-02
   2.8399874e-02
   2.4577670e-02
   2.9153025e-02
   2.8515119e-02
   4.0645830e-02
   3.6311284e-02
   2.3792583e-02
   3.2458656e-02
   2.8148698e-02
   1.8298913e-02
   1.8285846e-02
   4.7207847e-02
   4.5081805e-02
   5.4292802e-02
   3.5478711e-02
   4.0658776e-02
   4.5984771e-02
   2.5943950e-02
   1.3913277e-02
   2.5356377e-02
   4.0879816e-02
   4.0040702e-02
   3.2470375e-02
   1.5544308e-02
   1.7021846e-02
   2.0377595e-02
   2.7908666e-02
   2.9849062e-02
   3.3710279e-02
   1.9112945e-02
   3.7526179e-02
   4.0721882e-02
   2.1964723e-02
   7.6719075e-02
   8.4919810e-02
   5.0426863e-02
   4.2291045e-02
   3.1100329e-02
   1.3483082e-02
   4.1241895e-02
   4.9728349e-02
   1.2130518e-02
   3.6078177e-02
   4.2942133e-02
   4.3273050e-02
   2.7405964e-02
   2.8038155e-02
   2.2122541e-02
   2.2561641e-02
   2.7898323e-02
   5.9120011e-02
   2.2789877e-02
   1.1228490e-02
   5.0081693e-02
   4.0685356e-02
   2.0688225e-02
   1.6375041e-02
   2.6578913e-02
   4.1990403e-02
   2.0424705e-02
   2.8574005e-02
   4.1476920e-02
   3.7719719e-02
   2.4564853e-02
   1.3466606e-02
   1.5056849e-02
   2.7145870e-02
   3.6515146e-02
   4.2987339e-02
   4.3856386e-02
   4.1845251e-02
   3.6753010e-02
   4.5480724e-02
   3.9080579e-02
   3.3237044e-02
   2.2936622e-02
   1.4975034e-02
   1.4729865e-02
   2.6757982e-02
   2.5577543e-02
   2.7233407e-02
   3.0371567e-02
   3.2870196e-02
   3.8499322e-02
   3.4648951e-02
   3.2220583e-02
   3.2845486e-02
   3.3225872e-02
   3.4662850e-02
   5.6770951e-02
   7.1926646e-02
   1.3627574e-01
   7.7108651e-02
   4.1032147e-02
   4.0544592e-02
   2.7151311e-02
   3.2191969e-02
   5.9855122e-02
   5.4172847e-02
   4.4566765e-02
   2.7800826e-02
   2.3169100e-02
  -2.2203198e-03
   1.5259310e-02
   4.0768042e-02
   5.9878752e-02
   6.3092805e-02
   4.4022165e-02
   3.7570678e-02
   1.2900824e-02
   2.1788228e-02
   2.5009835e-02
   3.9226931e-02
   2.1042407e-02
   6.2225845e-02
   4.8040986e-02
   2.7661027e-02
   2.6662933e-02
   1.2825614e-02
   2.5139663e-02
   5.4773013e-04
   1.9914526e-02
   2.4954176e-02
   3.1548880e-02
   4.4649400e-02
   6.4504832e-02
   3.6218274e-02
   3.9980397e-02
   1.4003210e-02
   5.0254315e-02
   4.8204172e-02
   3.0972345e-02
   2.3006510e-02
   2.0961549e-02
   3.5619363e-02
   3.4516968e-02
   7.2764498e-03
   1.0401134e-02
   2.8181996e-02
   3.8526177e-02
   5.3843599e-02
   2.5269467e-02
   5.7681259e-02
   6.2449206e-02
   5.4241553e-02
   4.3222878e-02
   3.2272890e-02
   4.9461722e-02
   4.8052642e-02
   4.1877966e-02
   2.5522368e-02
   3.3823982e-02
   2.6977945e-02
   4.9569260e-02
   4.7304321e-02
   2.7013941e-02
   3.0809112e-02
   6.1788079e-03
   8.7488219e-03
   4.2862389e-02
   3.7694965e-02
   2.3415854e-02
   2.4310282e-02
   3.5606183e-02
   3.1827159e-02
   3.6106821e-02
   3.0144816e-02
   1.6412107e-02
   1.8052978e-02
   2.5128046e-02
   2.3948779e-02
   6.8872683e-02
   7.9606742e-02
   6.1640278e-02
   4.6402588e-02
   1.3214968e-02
   2.3905711e-02
   2.3183173e-02
   3.2303102e-02
   1.9589262e-02
   3.3295162e-02
   4.1233018e-02
   4.0453687e-02
   3.6031697e-02
   1.4528088e-02
   1.1798739e-02
   1.8261151e-02
   2.4766084e-02
   3.0955395e-03
   1.1437539e-02
   6.1842380e-03
   4.2183798e-02
   4.3780483e-02
   3.5672616e-02
   4.3986719e-02
   1.6439669e-02
   3.4949448e-02
   2.9941203e-02
   1.5649561e-02
   4.8541287e-03
   3.0616552e-02
   1.8407274e-02
   1.9982355e-02
   3.8180832e-02
   1.3767956e-02
   2.5513483e-02
   2.0670777e-02
   3.4784753e-02
   2.6684765e-02
   3.9462175e-02
   2.0071743e-02
   2.7902868e-02
   6.0086638e-02
   1.0922887e-01
   1.7263420e-01
   1.2137356e-01
   6.1924111e-02
   1.8137859e-02
   1.9327713e-02
   3.4995738e-02
   2.0096874e-02
   3.8930462e-03
   4.3083560e-02
   6.0286399e-02
   2.3551261e-02
   3.1551663e-02
   5.8192935e-02
   3.4540806e-02
   3.2439720e-02
   1.5214168e-02
   6.6624512e-03
   2.6873143e-02
   3.2333896e-02
   1.5345150e-02
   1.3803639e-02
   4.2853393e-02
   1.1372714e-01
   1.5484183e-01
   1.0930190e-01
   5.6962106e-02
   2.7237989e-02
   5.9058596e-03
   2.7185714e-02
   6.0547523e-02
   1.0363463e-01
   1.0237543e-01
   6.0330022e-02
   3.3395033e-02
   2.2477053e-02
   2.0386880e-02
   5.4825880e-02
   6.1370917e-02
   4.7822129e-02
   1.4451765e-02
   1.5468533e-02
   2.6879381e-02
   1.3137340e-02
   4.6939902e-02
   8.2275711e-02
   7.4802279e-02
   2.6526062e-02
   2.0091942e-02
  -1.5932291e-03
   7.0143186e-02
   2.2269084e-01
   1.9601047e-01
   1.0111368e-01
   9.9539287e-02
   9.3632072e-02
   6.0518824e-02
   4.6980344e-02
   1.7848271e-01
   6.3431990e-01
   8.2569438e-01
   4.6226478e-01
   1.8029778e-01
   1.7124888e-01
   1.5551332e+00
   4.8565717e+00
   4.6460252e+00
   1.8292311e+00
   4.3564209e-01
   2.0311460e-01
   2.6217487e-01
   3.9312407e-01
   7.9230636e-01
   7.8767943e-01
   4.3127200e-01
   1.2600616e-01
   2.8261948e-02
   6.8761811e-02
   1.2910342e-01
   2.1426791e-01
   2.2342128e-01
   1.3047719e-01
   5.8925673e-02
   4.4408128e-02
   8.6616106e-02
   8.5236512e-02
   8.8750616e-02
   1.8686709e-01
   2.6610327e-01
   1.4866160e-01
   2.2987995e-02
   3.7557259e-02
   4.0899295e-02
   6.3006923e-02
   7.4130312e-02
   4.3545533e-02
   6.0206112e-03
   4.5255832e-02
   4.3458398e-02
   2.8322771e-02
   1.3963901e-02
   2.3316372e-02
   1.6458593e-02
   1.7622286e-02
   1.6543543e-02
   3.5482947e-02
   5.6753043e-02
   2.5138989e-02
   9.9684447e-03
   1.1336437e-02
   6.8595633e-02
   1.6847980e-01
   1.5145320e-01
   3.6299624e-02
   3.4624342e-02
   2.0840846e-01
   3.2508770e-01
   2.0612092e-01
   9.0895817e-02
   1.2519298e-01
   1.9666111e-01
   1.0546183e-01
   6.7771822e-02
   7.6625951e-02
   2.0850843e-01
   9.6447074e-01
   1.1676986e+00
   5.3907710e-01
   1.3830741e-01
   5.1451568e-02
   3.5265867e-02
   7.5637780e-02
   1.9503127e-01
   1.9723223e-01
   1.0951692e-01
   4.9586460e-02
   5.1688813e-03
   2.1818103e-02
   3.8497057e-02
   9.4724692e-02
   4.6229083e-02
   2.7130743e-02
   2.9260067e-02
   4.6778463e-02
   5.0044108e-02
   2.8990459e-02
   7.5763972e-03
   5.8187358e-02
   8.5220031e-02
   5.4224316e-02
   2.7878180e-02
   5.8417492e-02
   6.1389048e-02
   5.0043844e-02
   4.6251770e-02
   3.4297183e-02
   4.7563352e-02
   4.0569775e-02
   4.0363390e-02
   6.1578106e-02
   2.9960457e-02
   2.4584778e-02
  -7.0155426e-03
   2.4092076e-02
   5.2244727e-02
   6.1671361e-02
   7.7034228e-02
   7.4119002e-02
   1.9146867e-02
   3.8107965e-02
   9.3881078e-02
   1.0451697e-01
   4.6703100e-02
   4.9349394e-02
   7.8172326e-02
   1.0289545e-01
   7.5278424e-02
   4.3750204e-02
   1.4709605e-01
   3.6163533e-01
   3.2265449e-01
   1.7063683e-01
   5.1183656e-02
   2.4339512e-01
   1.2024039e+00
   1.5877373e+00
   8.2970715e-01
   2.3469672e-01
   6.5239206e-02
   1.4888896e-01
   2.5785235e-01
   3.1941268e-01
   2.8742248e-01
   1.4508460e-01
   5.8594026e-02
   3.9508987e-02
   1.7444631e-03
   2.3440603e-02
   3.7542131e-02
   1.1466818e-01
   5.4802381e-02
   1.7672988e-02
   2.4336139e-02
   6.1916612e-02
   4.5273945e-02
   4.4221029e-02
   5.8821268e-02
   3.1161865e-02
   1.6452340e-02
   2.7497733e-02
   1.8093888e-02
   3.1057775e-02
   1.7493121e-02
  -1.4904140e-02
   2.5172262e-02
   4.8308853e-02
   4.3106001e-02
   4.5105476e-02
   4.1906223e-02
   2.7390884e-02
   2.5586309e-02
   2.8192772e-02
   1.0429566e-02
   4.3656792e-02
   4.9548876e-02
   6.7888379e-02
   2.7646868e-02
   3.8488187e-02
   2.9965075e-02
   8.0932334e-02
   1.2707524e-01
   7.2325900e-02
   2.8892869e-02
   2.2809971e-02
   5.3044122e-02
   3.0921727e-02
   5.3125575e-02
   5.5794563e-02
   9.8230369e-02
   9.6071146e-02
   7.4985601e-02
   4.9083110e-02
   1.1370599e-01
   3.5234565e-01
   4.5569351e-01
   2.0707318e-01
   8.1427738e-02
   5.3306736e-02
   4.7962386e-02
   6.6306204e-02
   1.2698939e-01
   1.0805149e-01
   4.5154590e-02
   4.9516197e-02
   4.9303222e-02
   3.0002326e-02
   1.4563873e-02
   2.3068249e-02
   3.4108736e-02
   1.9144451e-02
   1.3831147e-03
   1.8461034e-02
   4.0517613e-02
   4.9049404e-02
   8.2963534e-02
   5.5687815e-02
   3.1837180e-02
   3.6938049e-02
   2.7569957e-02
   3.4583617e-02
   4.6600133e-02
   4.2376809e-02
   1.1321466e-02
   6.0369018e-03
   2.5717247e-02
   4.8615612e-02
   4.0724326e-02
   3.8791228e-02
   4.4773001e-02
   2.9752478e-02
   1.5239337e-02
   1.9703990e-02
   4.0935658e-02
   3.7953474e-02
   3.7932113e-02
   1.9167412e-02
   4.6027366e-02
   1.9149888e-02
   3.2681976e-02
   5.0686017e-02
   5.9993371e-02
   5.5807855e-02
   3.9216947e-02
   3.7466630e-02
   9.2176618e-03
   2.1536093e-02
   7.6083466e-02
   8.8038951e-02
   4.6891823e-02
   3.3694319e-02
   3.1629559e-02
   1.2184130e-01
   1.6547948e-01
   1.1034857e-01
   4.8851613e-02
   5.2665818e-02
   7.1591146e-02
   9.1177478e-02
   9.8371677e-02
   4.9227200e-02
   3.1136140e-02
   1.8772017e-02
   1.7951136e-02
   2.9071493e-02
   2.7666135e-02
   2.9857343e-02
   5.8099885e-02
   2.3537908e-02
  -1.1369738e-02
   6.3130981e-03
   3.8846523e-02
   6.4701080e-02
   5.2133027e-02
   4.3084409e-02
   3.9760962e-02
   1.0421797e-01
   1.6487104e-01
   1.6709614e-01
   1.0914619e-01
   3.4618556e-02
   4.8234459e-02
   9.1554537e-02
   6.9141433e-02
   9.3682170e-02
   6.0290441e-02
   6.3852288e-02
   6.7480333e-02
   6.1928835e-02
   4.3135908e-02
   3.7530664e-02
   2.4963345e-02
   4.1898519e-02
   2.3037452e-02
   3.5928909e-02
   3.4703802e-02
   5.0535973e-02
   2.5876813e-02
   5.2429521e-03
  -5.6334964e-05
   1.5674977e-02
   1.7934790e-02
   2.6706988e-02
   5.4468396e-03
   1.4267542e-02
   3.3333085e-02
   1.4008244e-02
   5.1353262e-03
   2.9414512e-02
   4.1217204e-02
   5.6245368e-02
   7.0761479e-02
   2.8289046e-02
   1.9365916e-02
   5.3084902e-02
   6.3671075e-02
   3.7206542e-02
   1.3053627e-02
   2.8278602e-02
   2.9759178e-02
   4.3666750e-02
   4.4722386e-02
   2.9261723e-02
   3.0274203e-02
   3.1634368e-02
   1.6154740e-02
   2.0479854e-02
   2.2832118e-02
   3.0091802e-02
   3.2853737e-02
   3.9629258e-02
   2.6968695e-02
   3.6200862e-02
   4.5804847e-02
   8.1215151e-02
   1.0792307e-01
   4.9702249e-02
   3.9516915e-02
   4.9403470e-02
   5.2751925e-02
   4.9806647e-02
   5.5856567e-02
   9.4083928e-02
   5.6196455e-02
   5.0233256e-02
   3.3487108e-02
   3.9394908e-02
   4.4298545e-02
   8.3139487e-02
   1.1143792e-01
   9.3587652e-02
   1.0309660e-01
   1.3943359e-01
   1.2878653e-01
   1.0774377e-01
   7.0027046e-02
   7.6110795e-02
   1.5225334e-01
   1.5699452e-01
   8.3986215e-02
   7.1249768e-02
   1.4284775e-01
   2.4143355e-01
   2.3813650e-01
   2.0041376e-01
   1.1536308e-01
   2.1769774e-01
   4.2116776e-01
   3.3994460e-01
   1.6188811e-01
   8.6491257e-02
   3.8587946e-01
   5.8445060e-01
   3.4883589e-01
   1.4579496e-01
   1.0804775e-01
   6.9968218e-01
   1.2982432e+00
   8.6690742e-01
   2.8944448e-01
   1.1282928e-01
   5.2047098e-01
   7.5576377e-01
   5.4700303e-01
   2.2290887e-01
   1.6774365e-01
   3.8964081e-01
   4.1925046e-01
   2.0920001e-01
   9.2785776e-02
   9.6426420e-02
   2.3420706e-01
   2.1904065e-01
   1.4517318e-01
   5.6791477e-02
   5.9913419e-02
   4.3773361e-02
   2.5067911e-02
   2.3331018e-02
   3.0952409e-02
   5.4974083e-02
   1.3392679e-02
  -2.0065919e-02
   1.0269475e-02
   3.8583089e-02
  -8.6795650e-03
   2.7030002e-02
   7.0190877e-02
   4.1350003e-02
  -2.3900694e-03
   3.8781445e-02
   2.6195813e-02
   3.7768539e-02
   5.1185373e-02
   4.6654318e-02
   6.8522252e-02
   4.5148436e-02
   2.9417537e-02
   3.6878567e-02
   1.0663740e-01
   1.3326252e-01
   8.6374372e-02
   9.1773003e-02
   1.0647031e-01
   9.0777352e-02
   8.6498260e-02
   7.6658778e-02
   1.0360861e-01
   1.7281532e-01
   1.2784708e-01
   7.1803734e-02
   4.0932905e-02
   1.8577699e-01
   4.4227570e-01
   3.7179637e-01
   1.5190127e-01
   6.3513711e-02
   1.5348631e-01
   2.3675658e-01
   1.5720643e-01
   9.7179808e-02
   5.7284016e-02
   1.3762715e-01
   1.7971146e-01
   9.4412908e-02
   6.4001693e-03
   5.1969182e-02
   9.7627006e-02
   1.0475986e-01
   6.3420042e-02
   4.6774957e-02
   1.8575532e-02
   1.6712844e-02
   3.6830526e-02
   3.1811316e-02
   3.8149174e-02
   5.3037956e-02
   5.6400694e-02
   3.0856812e-02
   2.9956570e-02
   3.5174193e-03
   1.2317473e-02
   2.3550408e-02
   5.7768714e-02
   4.0131815e-02
   4.6988707e-02
   2.5761936e-02
   2.6123771e-03
   1.4643368e-02
   4.9242792e-03
   3.9885677e-02
   6.6818275e-02
   3.6614370e-02
   2.4370939e-02
   5.3848967e-02
   6.4192973e-02
   5.0552040e-02
   4.7042031e-02
   7.4468836e-02
   7.3995993e-02
   8.1138484e-02
   9.5419317e-02
   1.0646418e-01
   1.4468749e-01
   1.2558450e-01
   1.0773400e-01
   7.7227138e-02
   7.5198606e-02
   2.0174077e-01
   2.9827127e-01
   1.8715164e-01
   5.0491441e-02
   7.2321005e-02
   1.3900164e-01
   1.5647100e-01
   9.1687903e-02
   4.3583810e-02
   5.5280898e-02
   9.3771160e-02
   1.1353631e-01
   6.5904588e-02
   5.4530296e-02
   6.6885836e-02
   9.2822410e-02
   5.2476674e-02
   2.5301034e-02
   2.8093399e-02
   3.1752121e-02
   2.7399061e-02
   1.2308466e-02
   2.2826357e-02
   1.3424707e-02
   1.0850671e-02
   2.7871186e-02
   1.4213857e-02
   1.7235126e-02
   3.2057904e-02
   3.4593657e-02
   5.4342002e-02
   4.3958597e-02
   3.7068326e-02
   3.4082949e-02
   5.7403889e-02
   2.6959604e-02
   3.8752414e-03
   1.9821981e-02
   2.1221643e-02
   5.5003734e-03
   2.5901081e-02
   2.6710033e-02
   1.1993311e-02
   1.2721561e-02
   1.7579395e-02
   9.4293095e-03
   7.2364444e-03
   1.4111820e-02
   6.1697658e-02
   5.6497719e-02
   6.8296596e-02
   9.6525483e-02
   6.7551777e-02
   4.2314593e-02
   4.0115986e-02
   7.8147762e-02
   1.2980656e-01
   8.6765975e-02
   4.1430086e-02
   2.7615458e-02
   4.6063896e-02
   5.3113297e-02
   4.2786311e-02
   2.4690695e-02
   3.7433852e-02
   5.0360341e-02
   3.8100865e-02
   3.2004315e-02
   3.4160770e-02
   4.4067368e-02
   4.1792277e-02
   3.3367142e-02
   3.1163808e-02
   1.8127425e-02
   3.4511441e-03
   7.9494044e-03
   2.0181093e-02
   2.0617995e-02
   1.3637428e-02
   2.0613464e-02
   2.1419486e-02
   3.1152289e-02
   1.3444935e-02
   2.1129781e-02
   4.4275049e-02
   2.4505889e-02
   2.1793850e-02
   9.5881494e-03
   2.9191624e-02
   2.3318587e-02
   1.6002959e-02
   5.2238170e-02
   4.2087536e-02
   2.2943269e-02
  -5.5573019e-03
   4.9115359e-03
   2.7273275e-02
   4.5724664e-02
   1.8399021e-02
   3.3206310e-02
   2.4747217e-02
   5.3392012e-02
   8.4771268e-02
   6.1813194e-02
   4.7864433e-02
   4.0304750e-02
   4.2945016e-02
   4.0778384e-02
   3.8408659e-02
   2.0786781e-02
   4.7444597e-02
   7.8885764e-02
   4.6904497e-02
   5.0228186e-02
   3.5117399e-02
   3.0738387e-02
   4.0113349e-02
   2.3626607e-02
   1.2792663e-02
   2.7412983e-02
   3.7854899e-02
   3.2452505e-02
   2.6968513e-02
   1.7250817e-02
   3.9170537e-02
   2.9201962e-02
   1.8022638e-02
   2.0324528e-02
   3.0123524e-02
   2.6083037e-02
   4.5525018e-02
   5.7210106e-02
   3.9998390e-02
   4.3721944e-02
   5.3384047e-02
   5.5883888e-02
   4.6521693e-02
   5.1905639e-02
   4.7318723e-02
   3.5801046e-02
   6.4951472e-02
   9.3224630e-02
   7.7605814e-02
   7.2162449e-02
   5.9695572e-02
   3.9067060e-02
   1.7400391e-02
   3.9302953e-02
   2.6259920e-02
   3.7200980e-02
   3.2778662e-02
   1.9266579e-02
   2.0530019e-02
   8.9433910e-03
   7.9652807e-03
   9.2651481e-03
   1.9141287e-02
   3.1623695e-02
   4.0470745e-02
   3.4766570e-02
   2.4797725e-02
   1.6185299e-03
   1.8498132e-02
   3.5227604e-02
   3.9987259e-02
   4.4798288e-02
   4.0414456e-02
   5.4027226e-02
   5.3469799e-02
   6.7100294e-02
   4.4994801e-02
   4.4484288e-02
   3.8965765e-02
   5.8307629e-02
   3.5998479e-02
   2.1563115e-02
   4.0772818e-02
   8.0024630e-02
   6.0955685e-02
   4.3765400e-02
   2.1248063e-02
   2.8999377e-02
   3.8278677e-02
   4.9053244e-02
   2.4302693e-02
   2.0137101e-02
   1.1643217e-02
   2.3031032e-02
   2.5059929e-02
   8.1206691e-03
   2.9052846e-02
   5.4007165e-02
   3.0290321e-02
   2.8315624e-02
   2.8248539e-02
   1.9589601e-02
   2.5213238e-02
   2.0959895e-02
   3.8166244e-02
   4.0935438e-02
   4.9923614e-02
   4.3481916e-02
   2.4917094e-02
   2.3653388e-02
   3.2192569e-02
   4.0644430e-02
   2.7586313e-02
   2.7419163e-02
   2.9152671e-02
   2.9639052e-02
   3.2649435e-02
   3.5493191e-02
   4.7650576e-02
   3.2880928e-02
   9.9408953e-03
   1.8104283e-02
   4.0644404e-02
   4.5029763e-02
   4.7655135e-02
   3.9807644e-02
   4.2007327e-02
   2.7926687e-02
   2.4803637e-02
   7.2498494e-03
   2.7074065e-02
   2.7820583e-02
   1.2858186e-02
   1.2365000e-02
   3.4519188e-02
   1.2849118e-02
   1.1505185e-02
   1.3726803e-02
   1.0295185e-02
   1.3547821e-02
   2.6524073e-02
   2.9872300e-02
   2.9843422e-02
   2.6358524e-02
   1.6267056e-02
   2.7556920e-02
   3.8545556e-02
   4.1197862e-02
   3.1275712e-02
   2.5849903e-02
   1.1980180e-02
   1.1186030e-02
   1.7804550e-02
   3.5658181e-02
   3.9622016e-02
   3.5031039e-02
   1.5699169e-02
   1.8663172e-02
   1.5662845e-02
   7.4112364e-03
   2.4070881e-02
   4.8076663e-02
   3.9089125e-02
   2.5495738e-02
   1.3255744e-02
   3.1646524e-02
   3.1334434e-02
   3.2296531e-02
   5.2922979e-02
   3.1107910e-02
   3.4226760e-02
   4.5456186e-02
   4.6487134e-02
   8.7498417e-03
   7.7798041e-03
   1.1816264e-02
   1.6063301e-02
   9.1820620e-03
   7.5649917e-02
   8.4035069e-02
   4.8872758e-02
   1.5668819e-02
   3.5418615e-02
   2.9175254e-02
   2.3647401e-02
   1.5359090e-02
   2.2205867e-02
   2.9641429e-02
   2.9423589e-02
   2.3392230e-02
   3.5110347e-02
   2.8882550e-02
   3.6723234e-02
   9.4967894e-03
   1.7574472e-02
   2.4185009e-02
   2.4317171e-02
   4.3956090e-02
   3.2759972e-02
   7.1826447e-03
   1.2881265e-02
   3.5279293e-02
   1.9997532e-02
   3.9519161e-02
   3.4909319e-02
   2.3070192e-02
   2.0350711e-02
   2.6461093e-02
   2.8500661e-02
   2.7926153e-02
   1.0740289e-02
   6.5416116e-03
   2.6117794e-02
   3.0780148e-02
   2.4690643e-02
   2.7983511e-02
   9.0592960e-03
   2.9520204e-03
   2.8352208e-02
   2.2245163e-02
   2.2117386e-02
   2.5029041e-02
   1.6286172e-02
   2.3437912e-02
   3.7637908e-02
   1.8222166e-02
   2.3521662e-02
   2.4375364e-02
   4.3409527e-03
   3.2065041e-02
   4.8960526e-02
   1.7634334e-02
   2.0992409e-02
   4.9739964e-02
   3.3866428e-02
   3.4012645e-02
   2.7716005e-02
   4.7347706e-02
   5.2884646e-02
   2.8301332e-02
   1.6071429e-02
   1.3883472e-02
   2.5822727e-02
   2.8551748e-02
   2.9698133e-02
   3.2658972e-02
   2.2616241e-02
   1.8400589e-02
   1.9359965e-02
   3.8815323e-02
   3.5659023e-02
   2.4406746e-02
   1.5427050e-02
   1.3993110e-02
   1.3079882e-02
   2.3251301e-02
   3.1651381e-02
   1.2989586e-02
   2.1800654e-02
   2.5277132e-02
   3.9261162e-02
   2.0172065e-02
   2.8391298e-02
   2.7914999e-02
   2.1817803e-02
   3.9406821e-02
   2.5606744e-02
   2.6545769e-02
   4.0400073e-02
   3.0077575e-02
   1.5676837e-02
   2.7766990e-02
   4.0831331e-02
   5.3364925e-02
   4.4027071e-02
   2.8350305e-02
   4.9714282e-02
   2.4042925e-02
   1.8692220e-02
   4.2539507e-02
   3.9572652e-02
   2.5961768e-02
   3.0607237e-02
   3.5163693e-02
   2.9736562e-02
   5.4135371e-02
   5.1021703e-02
   3.9469358e-02
   2.5786048e-02
   3.8718317e-02
   3.8593981e-02
   4.6211621e-03
   1.2892833e-02
   6.7472053e-03
   1.6002888e-02
   2.4588659e-02
   3.0917505e-02
   2.2688091e-02
   3.3759091e-02
   3.4899477e-02
   2.4618907e-02
   1.9945405e-02
   1.9808253e-02
   2.9071568e-02
   3.7734494e-02
   2.6010809e-02
   4.6189878e-02
   2.5837881e-02
   2.6788026e-02
   2.2608528e-02
   9.7134681e-03
   1.9101590e-02
   2.2006689e-02
   1.2373065e-02
   2.4751991e-02
   3.8279153e-02
   2.7553663e-02
   1.7783457e-02
   2.0261949e-02
   3.3282317e-02
   3.3916231e-02
   4.1234199e-02
   3.1427532e-02
   1.3316906e-02
   2.5905974e-02
   1.4903727e-02
   2.0786729e-02
   3.2218896e-02
   1.4643273e-02
   2.0820528e-02
   2.2817908e-02
   4.1383494e-02
   3.4876600e-02
   4.4070754e-02
   2.3462217e-02
   2.0521106e-02
   3.5025511e-02
   4.0708665e-02
   4.0627312e-02
   3.1509791e-02
   5.1942994e-03
   1.1862276e-02
   1.7822545e-02
   1.1584902e-02
   2.4793927e-02
   3.2360256e-02
   4.9452681e-02
   1.8971227e-02
   1.3125537e-02
   1.6191876e-02
   2.4704700e-02
   4.2602863e-02
   2.1417769e-02
   2.6625859e-02
   4.6952307e-02
   3.7302732e-02
   2.6061788e-02
   2.1852581e-02
   2.5872542e-02
   2.4551274e-02
   3.4180783e-02
   8.2202833e-03
   1.8482136e-02
   4.5404319e-02
   2.1851992e-02
   2.2794843e-02
   1.7782120e-02
   2.1518541e-02
   2.7585259e-02
   4.4787303e-02
   2.3910997e-02
   7.8338329e-03
   2.0758461e-02
   5.5425592e-02
   4.1465208e-02
   1.2784429e-02
   3.0958723e-02
   3.7392978e-02
   4.2786818e-02
   3.0799439e-02
   4.2980473e-02
   5.0371479e-02
   3.6344107e-02
   1.9647872e-02
   2.4235681e-02
   3.0619590e-02
   2.6899433e-02
   4.3338422e-02
   3.4377385e-02
   2.5391173e-02
   4.2306781e-02
   4.8247769e-02
   3.3317696e-02
   2.6538940e-02
   3.8867693e-02
   3.3086430e-02
   1.3476017e-02
   1.4716433e-02
   3.2860070e-02
   1.6493944e-02
   4.1115928e-02
   2.2697117e-02
   1.6381536e-02
   1.0725579e-02
   1.1932358e-02
   1.1364018e-02
   2.2729238e-02
   2.9273529e-02
   9.9953413e-03
   2.2050560e-02
   2.5672223e-02
   1.7690696e-02
   3.0665681e-02
   1.9696726e-02
   1.3668584e-02
   3.2778371e-02
   3.0662365e-02
   1.8699793e-02
   1.3208207e-02
   2.6036117e-02
   2.8271185e-02
   2.9284181e-02
   1.1813677e-02
   4.1630710e-03
   1.1246599e-02
   1.3942987e-02
   1.5683461e-02
   3.0719860e-02
   4.0259577e-02
   4.9534511e-02
   2.6086768e-02
   2.2788815e-02
   1.6307872e-02
   1.3672085e-02
   2.0508833e-02
   7.6764571e-03
   1.3997253e-02
   2.4866574e-02
   1.6207816e-02
   1.6135128e-02
   1.9840596e-02
   2.6483553e-02
   2.5130531e-02
   3.1364568e-02
   2.6388893e-02
   2.8239658e-02
   5.1234543e-02
   4.0335070e-02
   2.7187219e-02
   3.5674106e-02
   1.6418543e-02
   2.1788189e-02
   2.7471941e-02
   2.1351732e-02
   2.2841254e-02
   1.7049169e-02
   2.9732330e-02
   2.8807404e-02
   7.1187117e-03
   2.3310144e-02
   2.8109381e-02
   3.1712513e-02
   3.4882449e-02
   2.3569515e-02
   2.2602208e-02
   3.6932956e-02
   4.9075428e-02
   2.7652021e-02
   2.3163803e-02
   3.3013035e-02
   3.1432070e-02
   3.5003234e-02
   3.4556612e-02
   5.2257363e-02
   3.5355568e-02
   2.8511459e-02
   2.4521407e-02
   3.1157497e-02
   2.1362480e-02
   1.4452981e-02
   2.6237695e-02
   3.0523680e-02
   3.8180307e-02
   3.2840442e-02
   1.2249993e-02
  -8.9790337e-03
   2.6093578e-02
   6.1021525e-02
   3.9306927e-02
   4.6151698e-02
   3.7688579e-02
   3.3237588e-02
   1.7745737e-02
   1.5622795e-02
   1.1801436e-02
   1.0970984e-02
   1.9141749e-02
   4.8831586e-02
   4.5014802e-02
   3.2128129e-02
   1.0103221e-02
   1.0068823e-02
   2.5584178e-02
   1.8228922e-02
   2.4410008e-02
   3.8972732e-02
   3.5285439e-02
   3.1671133e-02
   2.6046036e-02
   3.0683458e-02
   3.1420372e-02
   4.1374136e-02
   1.0731799e-02
  -7.8525417e-04
   3.9315201e-02
   2.5594927e-02
   2.0175774e-02
   9.0860194e-03
   1.3238585e-02
   3.7664957e-02
   4.7419690e-02
   3.4569088e-02
   3.6691133e-02
   3.5351783e-02
   1.7810578e-02
   2.2688955e-02
   2.2419516e-02
   2.5158308e-02
   2.9656041e-02
   4.8758067e-02
   7.3211119e-02
   4.6903826e-02
   4.9674693e-02
   2.6443351e-02
   2.1749462e-03
   2.6029013e-02
   3.8245779e-02
   1.3595297e-02
   1.0530505e-02
   1.2976348e-02
   2.8090909e-02
   1.4025115e-02
   1.9471820e-02
   3.3950798e-02
   1.4885339e-02
   1.6158098e-02
   1.2216812e-02
   1.1566591e-02
   3.0187991e-02
   1.6852979e-02
   2.1808797e-02
   1.6613351e-02
   2.1699583e-02
   3.1157183e-02
   1.9081624e-02
   2.4594292e-02
   2.0323899e-02
   2.0487739e-02
   4.1018412e-02
   4.6412725e-02
   2.8946452e-02
   2.7816525e-02
   2.1976149e-02
   2.5396897e-02
   3.4736969e-02
   2.8593060e-02
   1.6733631e-02
   2.5266550e-02
   4.7018256e-02
   2.5301667e-02
   1.3104109e-02
   3.8199592e-02
   2.6890429e-02
   2.4061786e-02
   5.4848123e-02
   4.3948390e-02
   2.6093842e-02
   2.4652686e-02
   3.9983299e-02
   4.4483688e-02
   1.1326554e-01
   1.7733023e-01
   1.5605532e-01
   7.4809916e-02
   4.0508695e-02
   1.1688878e-02
   8.2001081e-03
   6.2713572e-03
   1.1346901e-02
   1.3182612e-02
   2.6587244e-02
   4.5104537e-02
   4.8314888e-02
   3.3918917e-02
   2.0056438e-02
   3.4143612e-02
   2.1428283e-02
   2.4767222e-02
   2.4277309e-02
   4.4108881e-03
   1.9286847e-02
   2.4992188e-02
   1.6101915e-02
   1.7762231e-02
   1.8390682e-02
   3.0476833e-02
   1.9339414e-02
   1.4780951e-02
   1.7230541e-02
   1.1257553e-02
   1.6908992e-02
   3.1397611e-02
   2.0291716e-02
   3.3280153e-02
   2.4157226e-02
   3.1941842e-02
   4.9637981e-02
   3.1522505e-02
   3.6238104e-02
   5.7629880e-02
   3.0013951e-02
   1.7702136e-02
   2.2884591e-02
  -3.0131900e-04
   2.0151507e-02
   1.8333254e-02
   5.2269772e-02
   3.0018821e-02
   3.7128031e-02
   3.3447865e-02
   3.2268219e-02
   2.3028631e-02
   1.4606921e-02
   1.2570413e-02
   2.6264522e-02
   3.5069026e-02
   2.0086713e-02
   8.3740717e-03
   1.3855432e-02
   9.4760433e-03
   1.2274463e-02
   1.8371960e-02
   3.4096327e-02
   2.8203666e-02
   9.4352588e-03
   2.1828158e-02
   3.9455794e-02
   3.3428729e-02
   3.4020923e-02
   4.9172144e-02
   4.1257456e-02
   2.0997372e-02
   2.6013777e-02
   1.5096524e-02
   2.3352841e-02
   1.0678468e-02
   2.2331415e-02
   3.5144307e-02
   1.5232981e-02
   2.4573434e-02
   4.1664429e-02
   2.1931633e-02
   2.9562736e-02
   4.7231585e-02
   2.1926727e-02
   1.2820942e-02
   1.3800646e-02
   2.2579065e-02
   2.9617280e-02
   2.8458932e-02
   1.8125951e-02
   2.9411642e-02
   1.5844051e-02
  -7.6730135e-03
   7.2809323e-03
   2.2802506e-02
   6.0317316e-03
   3.5026152e-02
   6.3776210e-02
   7.4870117e-02
   6.8937175e-02
   4.7659885e-02
   2.8700355e-02
   1.2978023e-02
   7.9963543e-03
  -2.8572972e-03
   9.4783250e-03
   2.7504433e-02
   4.9121682e-02
   3.9478377e-02
   3.7424382e-02
   4.4779208e-02
   5.1768787e-02
   2.5409833e-02
   2.4472082e-02
   2.1353289e-02
   2.7893350e-02
   3.8190171e-02
   2.2803608e-02
   2.7470019e-02
   2.0883987e-02
   2.4570391e-02
   2.8241375e-02
   1.5191203e-02
   2.5506265e-02
   2.3226423e-02
   3.5977904e-02
   2.4947861e-02
   8.7471176e-03
   4.5793112e-03
   3.0655110e-02
   5.8533262e-02
   3.9780747e-02
   2.6880419e-02
   5.5151980e-02
   7.2460786e-02
   3.2952972e-02
  -1.3478122e-04
   1.9264301e-02
   3.9351773e-02
   2.5291694e-02
   1.9397691e-02
   3.0528295e-03
   1.6785946e-02
   3.7914976e-02
   5.1516347e-02
   4.1024651e-02
   4.5490753e-02
   3.1528246e-02
   1.8729428e-02
   1.8967539e-02
   6.2765991e-03
   6.6404138e-03
   3.2755848e-02
   3.4940969e-02
   2.7181765e-02
   2.7520781e-02
   2.5949895e-02
   2.2926925e-02
   8.6799711e-03
   3.5487223e-02
   2.6702713e-02
   1.8934863e-02
   2.6736131e-02
   1.7578090e-02
   3.8452141e-02
   3.4642011e-02
   2.0734306e-02
   2.2599863e-02
   6.9332095e-03
   2.7725484e-02
   4.6043586e-02
   4.3933697e-02
   2.7160555e-02
   2.9520422e-02
   2.3029460e-02
   2.4524606e-03
   1.9660560e-02
   4.8441656e-02
   6.1167490e-02
   4.0065419e-02
   8.5305907e-03
   2.4755398e-02
   2.1990201e-02
   2.7623387e-02
   5.3101357e-02
   3.4756660e-02
   2.2799950e-02
   2.7852461e-02
   3.7724417e-02
   1.5698414e-02
   3.1085797e-02
   1.3984980e-02
   3.0352358e-02
   4.8836064e-02
   3.3934832e-02
   5.2799694e-02
   4.5727223e-02
   3.8797099e-02
   2.3269929e-02
   2.7210055e-02
   1.9297706e-02
   2.5075413e-02
   3.1219130e-02
   4.0256068e-02
   3.4993421e-02
   3.4169849e-02
   1.4016172e-02
   2.2139799e-02
   3.0702144e-02
   1.1884047e-02
  -4.2168358e-03
   1.1517756e-02
   6.8417327e-03
   7.0707402e-03
   8.3681205e-03
   9.9813016e-03
   2.3546549e-02
   3.8260698e-02
   1.5975013e-02
   3.5030629e-02
   4.0435620e-02
   1.8690906e-02
   1.2504815e-02
   1.1660166e-02
   1.9576708e-02
   1.3646153e-02
   2.3792384e-02
   3.0166646e-02
   3.2973021e-02
   3.4700911e-02
   4.0598832e-02
   2.2811262e-02
   1.5561322e-02
   1.3422211e-02
   2.2414194e-02
   3.6297344e-02
   2.2056546e-02
   2.4135960e-02
   1.7848592e-02
   2.4960564e-02
   2.5320489e-02
   2.6483459e-03
   1.4062153e-02
   3.2280687e-02
   8.6732972e-03
   1.9772733e-02
   1.9344956e-02
   6.6535627e-03
   1.6710613e-02
   1.2863180e-02
   2.1197319e-02
   2.1959659e-02
   1.7480228e-02
   1.9636991e-02
   3.3979308e-02
   1.6873101e-02
   2.4788691e-02
   3.2919474e-02
   1.8420579e-02
   2.8670035e-02
   3.0584322e-02
  -1.7555656e-03
   2.0951422e-02
   2.1861700e-02
   2.0456837e-02
   4.2945042e-02
   2.7591581e-02
   4.3267548e-02
   5.4362401e-02
   5.3752819e-03
   1.2181131e-02
   2.9177181e-02
   9.0146111e-03
   7.4512102e-03
   1.3384668e-02
   2.2514712e-02
   1.5969109e-02
   1.8826773e-02
   1.5597642e-02
   1.0601267e-02
   2.9602008e-02
   4.7269516e-02
   3.8021501e-02
   7.1989238e-02
   2.8156776e-02
   1.0225873e-02
   2.8144555e-02
   2.8791169e-02
   3.7550956e-02
   2.6714776e-02
   2.5419647e-02
   2.0718286e-02
   4.1909613e-02
   1.4970919e-02
   2.6649255e-02
   4.5015018e-02
   6.2592767e-02
   4.2422406e-02
   3.0052435e-02
   2.4208900e-02
   6.0784738e-03
   4.3820191e-02
   3.8237140e-02
   4.0576220e-02
   7.6016076e-02
   1.1765826e-01
   9.9889636e-02
   5.6582477e-02
   3.5597131e-02
   2.8448511e-02
   1.1085101e-02
   2.5212331e-02
   5.9212316e-02
   4.0904891e-02
   2.8780725e-02
   2.7050577e-02
   4.3953624e-02
   6.2005647e-02
   4.1464705e-02
   2.8562445e-02
   3.5113964e-02
   1.9608488e-02
   2.8559037e-02
   3.1326462e-02
   4.8444994e-02
   3.7005499e-02
   3.9198719e-02
   4.8762858e-02
   3.6711290e-02
   1.0372750e-02
   2.7806165e-03
   3.2580234e-02
   3.3171974e-02
   3.3026237e-02
   2.9595256e-02
   4.5164991e-02
   3.3514984e-02
   4.4791400e-02
   3.0500349e-02
   4.2160917e-02
   2.1520803e-02
   2.8221309e-02
   2.5588963e-02
   3.5775185e-02
   2.9032156e-02
   1.9927580e-02
   2.0955652e-02
   1.9151336e-02
   1.1859268e-02
   1.6659521e-02
   4.6076078e-02
   3.9430030e-02
   2.0664634e-02
   1.7575059e-02
   1.9419638e-02
   1.7974567e-02
   1.3130873e-02
   2.4543000e-02
   4.2994849e-02
   5.1700123e-02
   4.4599630e-02
   3.5092361e-02
   3.0164601e-02
   6.0300145e-02
   2.9138839e-02
   4.5847404e-03
   1.8538404e-02
   1.8312696e-02
   5.8944402e-03
   1.5620936e-02
   1.9382151e-02
   3.0382736e-02
   4.7555108e-02
   6.0520511e-02
   3.6785785e-02
   3.5280839e-02
   4.0303569e-02
   3.9120879e-02
   7.3869079e-02
   1.2622553e-01
   1.2060450e-01
   9.1379471e-02
   7.9683699e-02
   4.5067318e-02
   2.6968278e-02
   1.5173724e-02
   2.6111670e-02
   4.6800707e-02
   6.9833316e-02
   4.0340845e-02
   3.3709537e-02
   3.1765029e-02
   4.5178130e-02
   7.0770554e-02
   8.4609501e-02
   8.6428620e-02
   4.8069127e-02
   6.3001640e-02
   4.5394309e-02
   3.4736048e-02
   1.9803677e-02
   7.7861667e-02
   1.7542140e-01
   2.2111735e-01
   1.5005499e-01
   5.3885065e-02
   2.0089118e-02
  -2.1344017e-04
   2.0465070e-02
   3.3143166e-02
   3.7992116e-02
   4.7920890e-02
   4.5044061e-02
   5.0869148e-02
   3.8988408e-02
   3.5566486e-02
   5.7950046e-02
   6.1075669e-02
   4.3861687e-02
   4.8899226e-02
   2.8517965e-02
   9.1709457e-03
   1.6433010e-02
   1.6745457e-02
   2.7622532e-02
   3.8569465e-02
   3.7798598e-02
   2.8417667e-02
   2.8254338e-02
   3.4842905e-02
   4.6404276e-02
   1.7290359e-02
   1.3087989e-02
   3.0272920e-02
   3.8789745e-02
   6.0705215e-02
   4.5022450e-02
   4.2131294e-02
   5.0658025e-02
   2.3096735e-02
   2.5685875e-02
   1.3788052e-02
   3.7996300e-02
   7.6068036e-02
   5.9795670e-02
   1.3041431e-02
   1.0069326e-02
   2.0378018e-03
   8.2019670e-03
   3.1803392e-02
   4.1477300e-02
   5.1044926e-02
   4.0462285e-02
   3.3999361e-02
   3.9468702e-02
   3.7898067e-02
   2.8345628e-02
   4.2035431e-02
   3.6316570e-02
   2.6484426e-02
   5.0746791e-02
   2.9350180e-02
  -2.1257000e-03
   2.0800889e-02
   2.8560864e-02
   3.0036114e-02
   2.9636580e-02
   3.6169358e-02
   5.1405132e-02
   3.1651657e-02
   5.0347641e-02
   5.3820573e-02
   5.3780787e-02
   5.8256246e-02
   4.1223850e-02
   2.6231989e-02
   3.6976438e-02
   1.1908304e-02
   3.9238326e-02
   4.6014626e-02
   3.6949471e-02
   3.8872644e-02
   3.4052577e-02
   2.8676454e-02
   2.9024867e-02
   5.7045922e-02
   9.2794396e-02
   7.8138620e-02
   4.0528066e-02
   3.1598881e-02
   2.7751034e-02
   3.9932344e-02
   3.0478256e-02
   3.2039069e-02
   5.4523434e-02
   3.6292013e-02
   1.7813216e-03
   1.5397227e-02
   3.0132325e-02
   3.1997997e-02
   3.3487607e-02
   4.8190020e-02
   3.6429774e-02
   4.1680224e-02
   3.5153192e-02
   4.7528874e-02
   6.9403790e-02
   5.2977718e-02
   2.1789657e-02
   5.4333419e-02
   5.4270547e-02
   6.1634582e-02
   6.2828474e-02
   6.8642043e-02
   5.9103493e-02
   2.8622765e-02
   2.5056969e-02
   2.6945863e-02
   1.9073088e-02
   9.5225582e-03
   6.5292805e-03
   2.4181565e-02
   2.6823385e-02
   9.5333001e-03
   1.5989285e-02
   4.1158594e-02
   6.2489595e-02
   4.1074015e-02
   1.7941039e-02
   2.7100204e-02
   3.4271672e-02
  -1.9360741e-03
   1.0542681e-03
   2.5993194e-02
   3.8612820e-02
   4.9995624e-02
   4.5152746e-02
   4.3493025e-02
   4.0881816e-02
   2.1633448e-02
   2.8158963e-02
   3.3265322e-02
   2.1843771e-02
   3.0613882e-02
   2.7292643e-02
   4.3334570e-02
   5.5313487e-02
   5.3730741e-02
   4.7740921e-02
   3.2286447e-02
   5.3973213e-02
   6.0474038e-02
   3.6873538e-03
   1.3040152e-02
   3.8011067e-02
   3.5174634e-02
   3.0524772e-02
   2.8808966e-02
   5.1373217e-02
   5.9188399e-02
   3.5180826e-02
   3.6258660e-02
   4.3971226e-02
   2.5507292e-02
   1.1603241e-02
   5.8991164e-02
   1.9017811e-01
   3.1392232e-01
   2.4689694e-01
   1.1144353e-01
   5.2854355e-02
   1.8344030e-02
   1.4427144e-02
   3.7621573e-02
   1.4430077e-02
   3.8752995e-02
   6.1381657e-02
   8.4824242e-02
   9.8269746e-02
   9.2938602e-02
   5.5575281e-02
   3.2829948e-02
   7.2164595e-02
   9.0219796e-02
   8.9509584e-02
   7.6145492e-02
   2.0471396e-01
   2.1277371e-01
   1.0561565e-01
   5.4836962e-02
   8.3899848e-02
   9.6440770e-02
   6.0004111e-02
   3.6496226e-02
   2.3169743e-02
   2.7294820e-02
   2.3658762e-02
   2.4877271e-02
   3.7485976e-02
   5.2766483e-02
   7.0337757e-02
   4.2467866e-02
   7.2440458e-03
   1.1382023e-02
   2.2971567e-02
   1.5728213e-02
   1.7556479e-02
   2.4810597e-02
   2.7766082e-02
   1.3391873e-02
  -3.5785313e-03
   6.1300127e-03
   3.3054262e-02
   9.4090417e-02
   1.1418927e-01
   6.2902883e-02
   3.9293677e-02
   3.6622338e-02
   1.1718575e-02
   3.7792921e-02
   5.9017416e-02
   7.6345958e-02
   9.7480461e-02
   4.8885852e-02
   4.2435262e-02
   3.3793204e-02
   4.2095888e-02
   4.7900844e-02
   7.3436245e-02
   7.6616727e-02
   5.4993358e-02
   8.6066708e-02
   8.8876069e-02
   5.6105617e-02
   2.8963212e-02
   1.7374761e-02
   2.1948267e-02
   1.2910743e-02
   3.0712115e-02
   3.2446351e-02
   7.9269789e-02
   8.5035712e-02
   6.3622460e-02
   2.4614176e-02
   3.8086314e-02
   2.7849382e-02
   1.2162372e-02
   1.8733506e-01
   5.5735475e-01
   7.2195691e-01
   4.8760891e-01
   2.2535041e-01
   8.0981240e-02
   3.1178549e-02
   8.6222179e-03
   1.8366799e-02
   6.6198453e-02
   6.8509974e-02
   9.2052899e-02
   1.6481298e-01
   1.1242169e-01
   1.1426724e-01
   4.6281166e-02
  -4.8758681e-03
   1.3074272e-02
   2.4556922e-02
   4.4854350e-02
   4.4030290e-02
   4.6128940e-02
   5.3436063e-02
   5.1403373e-02
   5.7510357e-02
   4.2761240e-02
   4.6915792e-02
   5.8024365e-02
   6.3674107e-02
   8.0967151e-02
   5.1369287e-02
   4.5593187e-02
   4.0611006e-02
   4.0365532e-02
   4.8047736e-02
   4.4481050e-02
   4.5173042e-02
   7.3477373e-02
   3.7311345e-02
   5.8806881e-02
   8.1455991e-02
   8.3205201e-02
   4.9432581e-03
   3.3679660e-03
   7.5626984e-02
   1.1778198e-01
   1.0631336e-01
   1.4657533e-01
   1.5233512e-01
   9.4630696e-02
   4.6538331e-02
   1.1264474e-02
  -1.9913666e-04
   1.6297630e-04
   6.6806965e-02
   1.9698898e-01
   1.9402781e-01
   1.4580047e-01
   1.0049340e-01
   1.1166036e-01
   3.5161700e-02
   2.8674720e-02
   6.9040082e-02
   9.5695704e-02
   1.2586853e-01
   1.4143971e-01
   1.7147250e-01
   1.5600912e-01
   1.3232327e-01
   2.4650133e-01
   3.3040047e-01
   1.9046412e-01
   1.7752656e-01
   3.6113364e-01
   5.8337098e-01
   4.7075233e-01
   3.5344294e-01
   4.7456136e-01
   4.2172420e-01
   2.1302131e-01
   8.9297272e-02
   9.1830492e-02
   9.3131490e-02
   1.9566346e-02
   1.6949208e-02
   1.6853508e-02
   1.2283564e-02
   1.0334997e-02
   5.0880700e-02
   1.6094516e-01
   1.6393457e-01
   7.5723022e-02
   2.1512505e-02
   1.6800698e-02
   3.3946104e-02
   3.5189483e-02
   5.4740138e-02
   2.4252336e-02
   5.1438745e-02
   6.6856042e-02
   6.2118649e-02
   4.5727715e-02
   2.6026143e-02
   1.8806661e-02
   2.8643079e-02
   1.9238917e-02
   1.3507146e-01
   2.4781299e-01
   2.2894289e-01
   1.4263020e-01
   1.1606087e-01
   1.2790775e-01
   4.8549905e-02
   5.9384242e-02
   2.0057787e-01
   3.3245662e-01
   3.6410075e-01
   3.1577367e-01
   2.9095909e-01
   1.8568136e-01
   1.2431651e-01
   1.8865341e-01
   1.6153838e-01
   6.8133831e-02
   5.4316994e-02
   6.7376167e-02
   6.8414010e-02
   7.1800232e-02
   7.0211157e-02
   5.3067755e-02
   3.9872635e-02
   1.9990593e-02
   3.0669861e-02
   3.1439409e-02
   3.4914054e-02
   1.0791269e-01
   7.9717979e-02
   2.4903415e-02
   7.6314118e-03
   3.3857606e-02
   3.0269288e-02
   3.2479692e-02
   1.6038032e-02
   7.0005670e-02
   7.1331196e-02
   5.7967734e-02
   4.2285249e-02
   4.5449916e-02
   2.9919196e-02
   4.5603355e-03
   1.8410174e-02
  -5.0862078e-03
   2.3112988e-02
   3.5913788e-02
   6.1162163e-02
   7.8452356e-02
   7.9458453e-02
   6.5574788e-02
   8.2044944e-02
   7.3205628e-02
   6.1865915e-02
   1.2682199e-01
   1.2351643e-01
   5.3288426e-02
   5.3099133e-02
   9.0376966e-02
   1.7161085e-01
   2.3312086e-01
   2.4116065e-01
   1.3848832e-01
   1.3246833e-02
  -6.2073686e-04
  -9.2941243e-03
   1.1740389e-01
   6.1914670e-01
   1.0163606e+00
   8.5694957e-01
   4.7056639e-01
   2.1836892e-01
   8.5074246e-02
   4.3923981e-02
   6.5482423e-02
   2.1858426e-02
   2.2933118e-03
   6.8786718e-02
   1.1544563e-01
   1.5481846e-01
   1.0919621e-01
   8.4378704e-02
   4.0998369e-02
   2.5381181e-02
   2.0575514e-02
   1.2613991e-02
   2.2691049e-02
   4.1302960e-02
   7.5862594e-02
   2.5430648e-02
   1.3907179e-02
   7.5515434e-02
   1.4797869e-01
   1.6136707e-01
   1.4229937e-01
   7.7337295e-02
   8.0869362e-02
   7.3972479e-02
   1.1513748e-01
   3.0223963e-01
   6.7937380e-01
   7.7312464e-01
   4.7708142e-01
   2.1624555e-01
   1.1764252e-01
   6.2443189e-02
   8.4079824e-02
   3.1117419e-02
   1.1749470e-02
   8.2914069e-02
   2.2940001e-01
   4.8213470e-01
   6.3747859e-01
   4.6270117e-01
   2.7553162e-01
   8.3474413e-02
   2.9382626e-02
   6.1229736e-02
   1.4787860e-01
   3.6681721e-01
   5.1198471e-01
   4.3719581e-01
   3.1043130e-01
   2.3781109e-01
   1.8515521e-01
   1.1213880e-01
   4.8968952e-02
   4.0397350e-02
   3.7288059e-02
   9.5868438e-02
   3.4638786e-01
   7.0457578e-01
   7.8026801e-01
   5.1969606e-01
   2.4178584e-01
   1.1536197e-01
   8.4487103e-02
   8.5703082e-02
   7.6681679e-01
   1.9574198e+00
   2.3035243e+00
   1.5794532e+00
   1.0159354e+00
   1.1041338e+00
   1.0139307e+00
   7.4227607e-01
   4.5899832e-01
   1.0719074e-01
  -3.8299970e-03
   7.3968273e-01
   3.4469066e+00
   6.5677872e+00
   6.3641024e+00
   3.7148259e+00
   1.5685816e+00
   6.6851979e-01
   3.4523931e-01
   2.5198750e+00
   1.5361362e+01
   3.2224625e+01
   3.1866936e+01
   1.8713833e+01
   7.5834532e+00
   2.2385957e+00
   5.8010936e-01
   1.2064713e-01
   1.0232442e-02
   1.9907285e-01
   1.7088273e+00
   3.9425364e+00
   4.0219746e+00
   2.6403604e+00
   1.2290916e+00
   2.6361048e-01
  -2.1451452e-01
  -1.7868158e-01
   6.8624996e-02
   4.0613708e-01
   8.2481772e-01
   1.1342911e+00
   1.0323243e+00
   4.1569006e-01
   1.4048728e-01
   1.4222962e-01
   2.2316608e-01
   2.6407179e-01
   2.8019044e-01
   2.6368228e-01
   3.6120686e-01
   5.7057309e-01
   8.7140369e-01
   1.4775956e+00
   1.4631953e+00
   6.9563496e-01
   1.1010797e-01
  -2.0615617e-03
   1.5722778e-01
   2.4908589e-01
   3.3735090e-01
   2.8403652e-01
   1.6858362e-01
   1.1387941e-01
   1.0701102e-01
   1.2555912e-01
   2.6585928e-01
   4.2937264e-01
   3.8757408e-01
   1.8493213e-01
   1.0263215e-01
   1.2654735e-01
   2.2428176e-01
   1.9769309e-01
   7.4181736e-02
  -3.2410517e-02
  -3.2618351e-02
   5.9113082e-02
   2.3078938e-01
   3.2156006e-01
   2.1962805e-01
  -2.8361406e-03
  -6.9639429e-02
  -6.2093128e-02
   1.2761481e-01
   5.1998156e-01
   9.8969042e-01
   1.0891205e+00
   6.6346222e-01
   2.2216406e-01
   9.2617020e-02
   6.7177457e-01
   1.7027436e+00
   2.0798051e+00
   1.3967558e+00
   5.8691019e-01
   2.8131029e-01
   6.8571967e-01
   1.4473070e+00
   1.6358247e+00
   9.4285607e-01
   3.8460526e-01
   3.6697179e-01
   3.1419063e-01
   4.4854644e-01
   2.9416866e+00
   7.4792004e+00
   8.2341652e+00
   5.0364308e+00
   2.2090271e+00
   7.0403731e-01
   2.6988167e-01
   9.3697570e-02
   5.1020972e-02
   1.0281342e-01
   5.6978816e-01
   1.1806180e+00
   1.2211134e+00
   8.0517256e-01
   3.9645287e-01
   1.2219105e-01
  -2.7910437e-02
  -3.3030517e-02
   5.6829631e-02
   2.2365236e-01
   4.0210909e-01
   4.1104558e-01
   3.1210154e-01
   1.2484802e-01
   1.1104852e-02
   1.1868404e-02
  -3.2079285e-03
   7.4592948e-02
   1.1061451e-01
   1.2841181e-01
   1.6330755e-01
   2.0678462e-01
   2.9816097e-01
   4.0411124e-01
   3.0119562e-01
   1.2240733e-01
   1.6423890e-02
   2.2574985e-02
   1.1339732e-01
   1.9140710e-01
   1.7717700e-01
   1.7602560e-01
   9.4420671e-02
   5.0643347e-02
   2.1787683e-02
   7.7708095e-02
   1.4275491e-01
   1.5042838e-01
   1.6554019e-01
   9.3693562e-02
   7.9720251e-02
   6.5113172e-02
   9.6009970e-02
   1.4494454e-02
  -3.2171179e-02
   1.1498437e-02
   8.2346641e-02
   1.8671334e-01
   2.9287213e-01
   2.4590299e-01
   7.1766339e-02
  -2.7052386e-02
  -1.3621049e-02
   1.2296180e-01
   2.7140543e-01
   5.2980304e-01
   6.0358936e-01
   3.4767225e-01
   1.4686811e-01
   1.6666761e-01
   2.7368790e-01
   5.3085291e-01
   5.2508247e-01
   2.6057911e-01
   3.5896853e-02
   1.2950335e-01
   7.6530790e-01
   1.6147608e+00
   1.8395855e+00
   1.1433545e+00
   4.1486430e-01
  -1.7899042e-02
   2.9403957e-02
   1.3093082e+00
   5.3131547e+00
   8.7804785e+00
   7.8654227e+00
   4.2952776e+00
   1.6412843e+00
   5.0228423e-01
   7.4434914e-02
   6.1703540e-02
   1.4404982e-01
   3.3893937e-01
   8.3849716e-01
   1.0980046e+00
   1.0628765e+00
   6.7402589e-01
   3.3731014e-01
   1.2849851e-01
   4.7843564e-02
   7.8692183e-02
   1.5118700e-01
   2.4004434e-01
   3.7015367e-01
   3.8112798e-01
   2.4541624e-01
   8.6444654e-02
   4.8911963e-02
   5.6814164e-02
   6.3671969e-02
   1.0380626e-01
   1.0152870e-01
   1.4036176e-01
   1.7719831e-01
   1.7273065e-01
   1.4182098e-01
   1.1867460e-01
   1.0900816e-01
   2.2453170e-02
   2.3556516e-02
   6.7376964e-02
   7.5839631e-02
   1.0688072e-01
   7.8848995e-02
   6.6920549e-02
   2.5311582e-02
  -2.3172103e-02
   2.6845101e-02
   1.1586373e-01
   9.1628708e-02
   1.3416244e-01
   1.2068209e-01
   9.8096311e-02
   5.5992562e-02
   4.3965813e-02
   3.2617632e-02
   2.7456723e-02
   2.1409022e-02
   3.2679369e-03
   8.3547868e-02
   1.4794065e-01
   1.6145328e-01
   1.1206182e-01
   8.1292735e-03
   1.2553296e-02
   5.8808837e-02
   8.0010876e-02
   2.7790812e-01
   4.0088829e-01
   2.6701137e-01
   1.0689373e-01
   4.5921907e-02
   1.0442343e-01
   1.7701566e-01
   2.5480747e-01
   2.2679739e-01
   8.4833436e-02
   6.6639632e-02
   1.9335647e-01
   4.5523900e-01
   6.5401053e-01
   4.8351365e-01
   1.5880628e-01
   5.9274729e-02
   2.4300586e-02
   2.6762226e-01
   1.1865007e+00
   2.2369728e+00
   2.2565463e+00
   1.4233695e+00
   6.8458152e-01
   2.8956485e-01
   1.6097300e-01
   6.4305499e-02
   1.3915670e-01
   2.5166729e-01
   3.5181701e-01
   4.3712637e-01
   4.3198305e-01
   2.9626334e-01
   1.4697844e-01
   1.0740065e-01
   1.3699982e-01
   1.2656300e-01
   1.0578047e-01
   1.4899585e-01
   1.6457765e-01
   1.6597438e-01
   1.2624241e-01
   2.9785912e-02
   1.6085373e-02
  -5.7815607e-03
   4.9302258e-02
   2.6924247e-02
   3.8005661e-02
   3.6864080e-02
   6.2195368e-02
   4.5632388e-02
   5.7390414e-02
   8.8075146e-02
   3.9950300e-02
   4.9520578e-02
   3.4354728e-02
   4.4221986e-02
   6.3915327e-02
   3.3597153e-02
   8.5204907e-02
   2.5620196e-02
   2.3777621e-02
   2.1384714e-02
   4.0576272e-02
   3.8892101e-02
   8.8377789e-02
   1.1457701e-01
   9.8506756e-02
   7.0913233e-02
   8.7832637e-02
   9.5187776e-02
   9.2099063e-02
   4.7110453e-02
   5.7476442e-02
   7.3327072e-02
   6.1897852e-02
   8.2611099e-02
   5.9840832e-02
  -4.7425888e-03
   2.2788364e-02
   5.5515263e-02
   8.7370075e-02
   8.6690389e-02
   9.8453991e-02
   9.4475657e-02
   6.7516297e-02
  -1.8066915e-02
   3.9589424e-02
   1.1069471e-01
   9.2145935e-02
   4.1518584e-02
   5.1097345e-02
   2.3720032e-02
   2.9684437e-02
   1.3904542e-01
   2.4632633e-01
   2.3868467e-01
   1.4539267e-01
   6.4196259e-02
  -2.9194267e-02
  -5.5222833e-03
   3.3826244e-01
   7.4732924e-01
   7.7762657e-01
   4.8980892e-01
   2.2525984e-01
   8.4528968e-02
   3.7332736e-02
   3.6977287e-02
   7.8386314e-02
   1.2751243e-01
   1.5693638e-01
   1.5135042e-01
   1.4962664e-01
   8.9262821e-02
   7.9307854e-02
   1.2285168e-01
   9.0423487e-02
   6.0064133e-02
   9.0268508e-02
   5.4808512e-02
   3.7800729e-02
   1.1366370e-01
   1.6026032e-01
   1.5213363e-01
   8.6370990e-02
   1.4504576e-02
   6.8500631e-02
   1.2407636e-01
   2.3204762e-01
   2.5543523e-01
   1.6929387e-01
   8.7670565e-02
   3.0889407e-02
  -2.1800512e-04
   1.7858276e-02
   1.9449781e-01
   4.9143857e-01
   6.1624664e-01
   4.3550128e-01
   2.4397698e-01
   8.2561612e-02
   1.8690338e-02
   7.5701512e-02
   2.1035770e-01
   2.4590430e-01
   1.9069502e-01
   1.4336118e-01
   8.8973284e-02
   1.0157671e-01
   8.6745217e-02
   1.2863979e-01
   9.2565455e-02
   5.7698525e-02
   3.5104893e-02
   2.5520541e-02
   4.7416300e-02
   3.7956953e-02
   9.6334601e-03
   3.1296294e-02
  -3.7031912e-04
   1.0660703e-02
   7.2667748e-02
   5.2461565e-02
   1.1543627e-01
   8.1907623e-02
   5.4043502e-02
   2.8199779e-02
   3.1216063e-02
   4.4559900e-02
   4.5789033e-02
   7.4541345e-02
   4.6338063e-02
  -2.8238920e-03
   2.5877329e-02
   6.7704014e-02
   8.1016257e-02
   8.4478401e-02
   8.5067801e-02
   4.0483892e-02
   4.2949662e-02
   5.2825481e-02
   9.9727131e-02
   2.4364166e-01
   2.4050683e-01
   1.8508901e-01
   9.0594105e-02
   5.4095607e-02
   2.5099892e-02
   1.1341676e-02
   4.7492735e-02
   4.9901295e-02
   6.6410467e-02
   7.2338343e-02
   6.5715298e-02
   6.7631528e-02
   6.5844692e-02
   4.5664445e-02
   9.7859748e-02
   8.8077046e-02
   7.2828464e-02
   7.5474620e-02
   7.1207032e-02
   6.2880650e-02
   9.0754688e-02
   1.0586558e-01
   9.1985144e-02
   2.0662837e-02
   3.7158571e-02
   9.5475651e-02
   9.5757693e-02
   1.5325780e-01
   1.3293208e-01
   9.6442327e-02
   1.2454104e-01
   8.2525335e-02
   1.0228869e-01
   2.0940408e-01
   2.8659171e-01
   2.6974452e-01
   2.1196541e-01
   1.6630687e-01
   1.6444963e-01
   1.7955251e-01
   1.8944800e-01
   2.1129188e-01
   9.6670806e-02
   9.3224891e-02
   1.3978060e-01
   1.4764893e-01
   2.1429355e-01
   2.3830272e-01
   2.3604785e-01
   1.8287916e-01
   9.8296076e-02
   1.6916546e-01
   2.4616815e-01
   3.0057982e-01
   2.6196983e-01
   1.1825316e-01
   3.2248840e-02
   5.3464688e-02
   1.6445459e-01
   3.2879257e-01
   4.1927910e-01
   4.1007191e-01
   1.7722312e-01
   2.5240362e-02
   6.0274731e-02
   2.8224114e-01
   5.7009536e-01
   7.0819616e-01
   6.6750371e-01
   3.0811819e-01
   1.6995575e-02
   5.2819222e-02
   3.1015503e-01
   6.6090912e-01
   6.9545680e-01
   6.7535096e-01
   6.2078989e-01
   4.0543136e-01
   3.8747066e-01
   7.1437669e-01
   1.2121912e+00
   1.2374979e+00
   7.9624176e-01
   2.8964746e-01
   4.7894187e-02
   2.6432139e-01
   1.0252264e+00
   1.5967647e+00
   1.3792174e+00
   7.9510176e-01
   2.6961914e-01
  -3.3435464e-02
   2.2065911e-01
   1.6988188e+00
   3.5554719e+00
   3.7045910e+00
   2.2994466e+00
   9.3741405e-01
   2.1974310e-01
   2.0335302e-01
   1.0016056e+00
   1.9747680e+00
   1.7913687e+00
   1.0647179e+00
   5.9729737e-01
   2.7520737e-01
   3.3827043e-01
   8.5725451e-01
   1.2656761e+00
   9.5316982e-01
   5.2065927e-01
   2.6175973e-01
   2.0871980e-01
   3.1395838e-01
   6.6787779e-01
   7.7940917e-01
   5.1774478e-01
   2.3164472e-01
   9.9223137e-02
   1.3417041e-01
   1.5534100e-01
   1.1607797e-01
   3.4058657e-02
   1.8340087e-02
   4.7970396e-02
   7.5966604e-02
   8.6006284e-02
   1.2215522e-01
   1.0694224e-01
   3.6926441e-02
   6.5674096e-02
   7.3223285e-02
   9.7649343e-02
   1.2723900e-01
   3.7631586e-02
   3.8435075e-02
   1.0553277e-02
   2.9056339e-02
   5.1885281e-02
   9.2400514e-02
   1.1032854e-01
   1.2317265e-01
   6.3714661e-02
   1.6948387e-02
   2.3750465e-03
   2.5048180e-02
   9.4018295e-02
   2.7930748e-01
   2.7359492e-01
   1.6238947e-01
   8.7384365e-02
   4.3675560e-03
   1.2022965e-01
   2.0380738e-01
   2.9708701e-01
   3.3945593e-01
   2.9024979e-01
   1.5446439e-01
   1.3519812e-01
   2.8617561e-01
   3.7539381e-01
   3.7480909e-01
   2.9138300e-01
   1.5080781e-01
   6.1055981e-02
   2.0935585e-01
   4.5458886e-01
   5.4822445e-01
   3.8006669e-01
   1.9478069e-01
   1.5731152e-03
  -1.1138045e-02
   2.8395137e-01
   9.8705125e-01
   1.4618800e+00
   1.1568938e+00
   5.8110476e-01
   2.1738429e-01
   8.5257925e-02
   2.7925947e-01
   5.9878743e-01
   7.3605722e-01
   5.4793692e-01
   2.9025155e-01
   1.2935185e-01
   1.0689472e-01
   2.5827238e-01
   4.3292505e-01
   3.7826708e-01
   2.7206638e-01
   1.8735684e-01
   1.0070098e-01
   1.1085656e-01
   2.7368754e-01
   3.7923571e-01
   2.7686918e-01
   1.9704741e-01
   1.2381728e-01
   1.0752632e-01
   8.4525310e-02
   4.4049203e-02
   5.2231666e-02
   3.1139106e-02
   7.6488055e-02
   4.0210638e-02
   3.0677382e-02
   5.9695318e-02
   5.3198833e-02
   4.0511530e-02
   3.1885196e-02
   2.1077450e-02
  -2.4520455e-02
   4.4113986e-02
   7.3308796e-02
   1.8032413e-02
   2.8005050e-02
   5.0690722e-02
   2.9221060e-02
   5.9598356e-02
   4.6867322e-02
   5.5320248e-02
   5.2250672e-02
   4.6349902e-02
   5.1681191e-02
   6.4181767e-02
   4.9314201e-02
   9.8508418e-02
   8.3346859e-02
   3.5457686e-02
  -1.4508183e-02
   8.8778464e-03
   3.9032131e-02
   2.4530832e-02
   7.7425987e-02
   1.6095577e-01
   1.1787523e-01
   1.0803275e-01
   1.0179870e-01
   1.2815006e-01
   1.3060364e-01
   1.1654302e-01
   1.3680635e-01
   1.3136707e-01
   2.3083641e-01
   3.0946279e-01
   3.2459438e-01
   2.8828436e-01
   1.0319486e-01
   4.2908832e-02
   3.8339771e-02
   1.2364313e-01
   3.3357215e-01
   6.8135309e-01
   7.0967579e-01
   5.2386433e-01
   1.8656516e-01
   8.1004919e-03
   2.2931065e-02
   1.4734121e-01
   2.6475376e-01
   2.9979125e-01
   1.7093894e-01
   9.2265315e-02
   4.7816608e-02
   4.7261272e-02
   9.9775694e-02
   1.9057849e-01
   1.3754460e-01
   1.0877082e-01
   4.2922758e-02
   2.5524452e-02
   8.4414572e-02
   1.5107702e-01
   1.5794291e-01
   9.9430062e-02
   2.4123298e-02
   6.9026731e-02
   7.2183497e-02
   8.1478730e-02
   7.9792231e-02
   5.5651851e-02
   4.8139051e-02
   2.6198590e-02
   3.1725526e-02
   2.8214244e-02
   1.4458255e-02
   5.9555255e-02
   3.7202474e-02
   3.8524628e-02
   3.7106588e-02
   1.7988788e-02
   3.6626775e-02
   4.4477168e-02
   2.5867660e-02
   2.2907792e-02
   2.5510285e-02
   4.5534666e-03
   4.6929371e-02
   4.4568282e-02
   4.8986632e-02
   5.1013265e-02
   2.6051110e-02
   4.6850882e-02
   5.3580113e-02
   6.5467387e-02
   6.6028349e-02
   4.6703327e-02
   3.1709019e-02
   3.8361605e-02
   1.4334497e-02
   3.6321029e-02
   6.0859423e-02
   5.9262246e-02
   8.2964167e-02
   5.6209572e-02
   2.7317056e-02
   3.5163037e-02
   2.9005786e-02
   4.4573620e-02
   3.8615327e-02
   4.6053100e-02
   7.9140738e-02
   7.9963759e-02
   1.2676767e-01
   9.6095443e-02
   4.5829218e-02
   5.2866084e-03
   3.6990006e-02
   6.3098393e-02
   1.5717052e-01
   2.6829979e-01
   2.7820083e-01
   2.1256827e-01
   9.3130834e-02
   3.9901540e-02
   3.8807284e-02
   4.5175336e-02
   1.5253259e-01
   1.2189111e-01
   9.4646387e-02
   3.9180730e-02
   2.9243959e-02
   4.8997454e-02
   9.6246459e-02
   1.0142742e-01
   1.0291999e-01
   4.2845834e-02
   1.8627426e-02
   2.4273103e-02
   7.7010520e-02
   1.0752276e-01
   9.0780683e-02
   4.8238494e-02
   4.5536347e-02
   4.2932052e-02
   5.9902750e-02
   3.2301787e-02
   2.9780956e-02
   2.3353549e-02
   4.0143721e-02
   4.2288929e-02
   6.4881444e-02
   5.6404334e-02
   5.1367432e-02
   3.2953031e-02
   2.6754702e-02
   3.0524224e-02
   4.3614492e-02
   2.1428596e-02
   3.5503663e-02
   3.8438544e-02
   3.5959926e-02
   4.5848370e-02
   1.0906365e-02
   3.6237165e-02
   6.6917107e-02
   5.5228166e-02
   4.4616416e-02
   1.6092446e-03
   2.8237151e-02
   5.0281513e-02
   3.7166808e-02
   2.9065402e-02
   4.2899385e-02
   2.7540460e-02
   1.4077069e-02
   5.2832458e-02
   4.1372847e-02
   5.0078224e-02
   5.5534102e-02
   6.0349334e-02
   6.3559711e-02
   4.9038436e-02
   3.1533953e-02
   4.8068270e-02
   3.7349824e-02
   3.3806339e-02
   5.5097166e-02
   9.0735748e-02
   5.7320315e-02
   6.0581483e-02
   4.6557914e-02
   2.0657968e-02
   1.5816703e-02
   1.0160675e-02
   3.1731803e-02
   7.1541935e-02
   9.8637573e-02
   1.1849590e-01
   1.0187420e-01
   4.3391556e-02
   8.7920669e-03
   4.8900425e-02
   3.6974490e-02
   4.8981763e-02
   5.6912243e-02
   5.9693865e-02
   7.0049450e-02
   3.4007151e-02
   5.1551782e-02
   3.6250405e-02
   1.6187886e-02
   6.5346830e-02
   3.5611015e-02
   9.8604718e-03
   4.5701999e-02
   6.0984127e-02
   7.1980089e-02
   3.5216235e-02
   1.8490249e-02
   1.9953784e-02
   1.5413355e-02
   2.6566748e-02
   3.4596011e-02
   3.8264815e-02
   2.8578406e-02
   2.2716785e-02
   3.7745345e-02
   3.3168532e-02
   2.6330872e-02
   4.1597452e-02
   2.8131941e-02
   1.8903358e-02
   2.4640419e-02
   1.2151098e-02
   4.3472193e-02
   2.9204234e-02
   5.3387035e-02
   4.9856670e-02
   2.4862038e-02
   3.3542261e-02
   1.9773945e-02
   2.0812945e-02
   3.7800081e-02
   3.7670318e-02
   2.9110698e-02
   3.6399283e-02
   5.7212017e-02
   4.7529500e-02
   2.9954322e-02
   4.0626358e-02
   4.7011157e-03
   1.5951455e-02
   3.7537225e-02
   3.2332174e-02
   4.9432654e-02
   2.8508577e-02
   4.3202329e-02
   3.7845809e-02
   2.4010284e-02
   4.4793274e-02
   4.3752216e-02
   3.6407612e-02
   4.1548830e-02
   2.6261708e-02
   3.2268874e-02
   6.3601665e-02
   4.3859664e-02
   3.8838103e-02
   2.3333555e-02
   4.1335402e-03
   1.1259450e-02
   4.1956346e-02
   5.8638360e-02
   6.1615951e-02
   4.7936343e-02
   2.3519797e-02
   9.2211124e-03
   1.9284882e-02
   3.2718252e-02
   3.1481035e-02
   3.5314310e-02
   1.4300928e-02
   7.5423368e-03
   1.2281395e-02
   2.7254637e-02
   3.1067543e-02
   3.1893048e-02
   5.5695370e-02
   4.2177260e-02
   3.7065223e-02
   3.5746273e-02
   2.1769635e-02
   1.6997240e-02
   3.4271371e-02
   3.7616748e-02
   3.8766380e-02
   4.5081634e-02
   2.0528279e-02
   1.9171171e-02
   2.3370234e-02
   1.8060420e-02
   1.9419091e-02
   2.7450405e-02
   1.4503120e-02
   2.2608045e-02
   1.8033242e-02
   4.3868236e-02
   3.7711933e-02
   1.8760707e-02
   9.3624033e-03
   1.8147597e-02
   2.7378613e-02
   4.6289992e-02
   4.4899259e-02
   4.3238424e-02
   3.1174978e-02
   1.5651334e-02
   1.7376220e-02
   2.8613938e-02
   1.5048793e-02
   3.5582907e-02
   5.3051766e-02
   2.9852286e-02
   2.3899172e-02
   3.6036007e-02
   4.6590451e-02
   3.0308407e-02
   2.9213196e-02
   4.3663170e-02
   1.8355412e-02
   6.3932212e-03
   2.3368489e-02
   2.9914662e-02
   1.6796209e-02
   2.3238782e-02
   8.6139692e-03
   8.9904834e-03
   1.4498903e-02
   2.9715575e-02
   5.5830959e-02
   4.0000893e-02
   2.4662079e-02
   2.4417227e-02
   4.8022442e-02
   2.4664195e-02
   2.5912790e-02
   3.3559244e-02
   2.6355511e-02
   2.4290556e-02
   3.9399710e-02
   6.0073242e-02
   5.4468896e-02
   2.4072442e-02
   2.1005914e-02
   2.6083974e-02
   4.0546898e-02
   1.6719060e-02
   1.4622027e-02
   3.1785145e-02
   3.7814561e-02
   1.1298726e-02
   3.9493255e-02
   3.6494434e-02
   3.4618825e-02
   2.2291403e-02
   2.1343747e-02
   2.9909723e-02
   4.0981892e-02
   1.9727593e-02
   1.8485941e-02
   1.9354183e-02
  -8.9259278e-03
   1.4593481e-02
   4.0302597e-02
   2.6054438e-02
   3.5381693e-02
   2.4112066e-02
   2.8346581e-02
   5.8996610e-02
   4.9133919e-02
   4.7986265e-02
   3.0968966e-02
  -7.8211579e-04
   3.1527244e-02
   1.3645244e-02
  -8.4206485e-04
   1.7018890e-02
   2.0448830e-02
   1.3951788e-02
   2.2334568e-02
   2.4457665e-02
   5.7466845e-03
   2.2389688e-02
   4.4889435e-02
   1.8864447e-02
   2.8635697e-02
   1.6109699e-02
   1.1423496e-02
   3.8679790e-02
   3.1659458e-02
   1.4514358e-02
   3.2239832e-02
   3.5969082e-02
   3.5151932e-02
   2.4168106e-02
   1.6813597e-02
   2.8209440e-02
   3.5173658e-02
   3.1800456e-02
   4.4542443e-02
   4.3477166e-02
   4.5536324e-02
   3.3250649e-02
   2.6254572e-02
   2.5985388e-02
   1.0202534e-02
   1.7785965e-02
   2.1817058e-02
   4.4852514e-02
   6.4733207e-02
   5.5032499e-02
   2.4423748e-03
   2.1325955e-02
   3.2928165e-02
   1.0238940e-01
   1.5875618e-01
   2.0072183e-01
   1.4193355e-01
   6.2934138e-02
   3.2739423e-02
   3.0682504e-02
   4.8090186e-02
   1.0212628e-01
   8.2472496e-02
   5.7423308e-02
   3.0077139e-02
   5.0511587e-02
   3.0307326e-02
   2.1619577e-02
   2.2106797e-02
   2.6040496e-02
   4.5020167e-02
   4.2098556e-02
   3.0029232e-02
   2.0013858e-02
   1.1775170e-02
   8.8488739e-03
   2.4453210e-02
   4.9118292e-02
   4.7724705e-02
   4.2759493e-02
   3.3373076e-02
   2.1668570e-02
   3.4582872e-02
   1.6174695e-02
   1.0462789e-02
   8.1571741e-03
   2.0449473e-02
   9.3477322e-03
   1.5262487e-02
   1.4181673e-02
   3.4715731e-02
   1.6943941e-02
   2.2333376e-02
   2.0271933e-02
   2.7472984e-02
   2.5463285e-02
   1.7790822e-02
   2.2788649e-02
   2.0777261e-02
   4.6511479e-02
   2.3216944e-02
   1.3560849e-02
   1.3483957e-02
   2.0448022e-02
   3.1797957e-02
   2.4375618e-02
   2.1262940e-02
   1.8617757e-02
   1.4989203e-02
   2.8658260e-02
   3.5374131e-02
   1.8208299e-02
   3.6454458e-02
   3.0685766e-02
   2.9410552e-02
   2.2689668e-02
   2.1783490e-02
   1.0475554e-02
   2.9384542e-02
   4.9047768e-02
   1.5608743e-02
   2.3835722e-02
   2.3813389e-02
   1.3081285e-02
   1.3754611e-02
   2.7492683e-02
   8.9038378e-03
   1.3251467e-02
   3.9529644e-02
   5.3869478e-02
   6.6818200e-02
   1.8870905e-02
   8.8928752e-03
   1.3631350e-02
   2.5925998e-02
   1.8800007e-02
   2.7807191e-02
   2.4463214e-02
   2.7692964e-02
   3.0828476e-02
   1.7595284e-02
   9.9173477e-03
   1.9155489e-02
   3.4587812e-02
   2.8747458e-02
   4.0162202e-02
   3.0881865e-02
   4.0446870e-02
   2.3059627e-02
   9.6293157e-03
   1.6717991e-02
   3.1118080e-02
   1.7583290e-02
   1.6409840e-02
   1.1307302e-02
   2.0268815e-02
   2.7560716e-02
   2.5330499e-02
   2.7918061e-02
   2.7432267e-02
   3.9105825e-02
   2.6894344e-02
   2.2619277e-02
   2.5735006e-02
   2.4425603e-02
   2.6557110e-02
   1.2816883e-02
   1.8861750e-02
   2.1808494e-02
   1.5452744e-02
   2.8452443e-02
   3.8531881e-02
   2.4669688e-02
   3.1350080e-02
   1.6189286e-02
   2.4730027e-02
   1.0334472e-02
   8.7111089e-03
   2.5650190e-02
   1.6626347e-02
   1.4662531e-02
   4.3156450e-03
   1.5695779e-02
   2.6150879e-02
   3.0188706e-02
   2.1494333e-02
   3.4477420e-02
   4.2180955e-02
   1.6995793e-02
   2.1439511e-02
   1.2854614e-02
   8.5103679e-03
   1.5832026e-02
   1.0073630e-02
   1.4125242e-02
   2.2788592e-02
   2.6389774e-02
   2.6627446e-02
   2.3401257e-02
   1.0367893e-02
   9.4764801e-03
   3.4985203e-02
   5.6013905e-02
   3.9602220e-02
   1.4967737e-02
   9.0386635e-03
   2.3199424e-02
   4.1100785e-02
   4.6693243e-02
   3.3288248e-02
   2.1057056e-02
   1.4128053e-02
   1.8743565e-02
   2.6170632e-02
   1.0585468e-02
   3.5417344e-02
   4.0869713e-02
   2.7434973e-02
   4.3240961e-02
   2.7675282e-02
   1.2237780e-02
   3.4248330e-02
   2.0091474e-02
   2.0387445e-02
   2.8151240e-02
   2.5963202e-02
   2.5494574e-02
   2.6143422e-02
   3.5288122e-02
   1.6480165e-02
   9.3851630e-03
   1.0962358e-02
   3.2092612e-02
   1.5794773e-02
   2.3671857e-03
   1.5142957e-02
   7.5734654e-03
   2.1242026e-02
   1.7953007e-02
   1.1489838e-02
   2.4676349e-02
   3.2473538e-02
   3.3529758e-02
   1.8365620e-02
   2.3108013e-02
   2.2747176e-02
   9.9044591e-03
   2.7082849e-02
   2.6838794e-02
   2.1967910e-02
   3.6891084e-02
   2.5383186e-02
   1.5307416e-02
   1.0697767e-02
   1.8630449e-02
   3.1929325e-02
   4.3264981e-02
   3.8291797e-02
   3.5911202e-02
   2.3323460e-02
   2.1888904e-02
   2.1836426e-02
   1.0693489e-02
   1.6100762e-02
   2.8237095e-02
   3.2799892e-02
   2.6754264e-02
   2.2805179e-02
   3.0004490e-02
   3.5467099e-02
   2.3421999e-02
   6.8745348e-03
   2.4423564e-02
   2.6711555e-02
   2.2420894e-02
   3.0272130e-02
   4.2115830e-02
   3.5291910e-02
   3.0388486e-02
   2.6225535e-02
   3.0048836e-02
   2.4818473e-02
   2.9521737e-02
   8.5966419e-03
   2.5645209e-02
   2.3539713e-02
   2.9269315e-02
   2.7965399e-02
   7.8094704e-03
   2.1273054e-02
   3.3446945e-02
   3.0024573e-02
   2.5344927e-02
   1.0571348e-02
   2.5316041e-02
   2.9183475e-02
   2.6533509e-02
   2.7626455e-02
   2.9405735e-02
   3.7928626e-02
   1.4325361e-02
   1.3036885e-02
   9.8124305e-03
   2.1544339e-03
   1.4342907e-02
   3.1054541e-02
   2.8646193e-02
   1.8420020e-02
   5.7417009e-02
   7.0137709e-02
   3.0681895e-02
   3.2402162e-02
   3.0752711e-02
   2.4528591e-02
   5.2802940e-03
   2.4294978e-02
   2.8288789e-02
   3.4060955e-02
   3.0989915e-02
   4.0674515e-02
   2.5101621e-02
   1.3456051e-02
   3.1774815e-02
   3.3864308e-02
   3.9660975e-02
   2.1173857e-02
   8.4723188e-03
   7.1323360e-03
   2.5842201e-02
   4.6176501e-02
   2.8272599e-02
   1.9066233e-02
   3.8844820e-02
   3.5201330e-02
   1.3011691e-02
   3.2180443e-02
   2.6464539e-02
   1.7849565e-02
   3.6014002e-02
   1.8275797e-02
